7200
6242
5.44543
5.46113,-0.0296985,-0.0296985,0
5.46122,-0.0366088,-0.0369296,0
5.46131,-0.0336436,-0.034236,0
5.4614,-0.030005,-0.030801,0
5.46148,-0.0382062,-0.0395637,0
5.46157,-0.0733004,-0.0765706,0
5.46166,-0.0598868,-0.0631076,0
5.46175,-0.131555,-0.139847,0
5.46183,-0.207327,-0.222332,0
5.46192,-0.109287,-0.118226,0
5.46201,-0.13174,-0.143769,0
5.46209,-0.279032,-0.307191,0
5.46218,-0.281704,-0.312864,0
5.46227,-0.284997,-0.319313,0
5.46236,-0.289565,-0.327294,0
5.46244,-0.296046,-0.337576,0
5.46253,-0.303099,-0.348676,0
5.46262,-0.308755,-0.358328,0
5.46271,-0.305241,-0.357391,0
5.46279,-0.308847,-0.364825,0
5.46288,-0.299539,-0.356977,0
5.46297,-0.311407,-0.374426,0
5.46305,-0.304045,-0.368837,0
5.46314,-0.311291,-0.381001,0
5.46323,-0.307108,-0.379247,0
5.46332,-0.29168,-0.363426,0
5.4634,-0.288224,-0.362348,0
5.46349,-0.295927,-0.375381,0
5.46358,-0.308446,-0.394793,0
5.46367,-0.309782,-0.400089,0
5.46375,-0.308033,-0.401437,0
5.46384,-0.311121,-0.409145,0
5.46393,-0.316555,-0.420082,0
5.46401,-0.31412,-0.420658,0
5.4641,-0.300386,-0.405948,0
5.46419,-0.296837,-0.404835,0
5.46428,-0.308587,-0.424734,0
5.46436,-0.316079,-0.439062,0
5.46445,-0.316483,-0.443693,0
5.46454,-0.312813,-0.44262,0
5.46463,-0.306863,-0.438246,0
5.46471,-0.307798,-0.443689,0
5.4648,-0.314355,-0.45739,0
5.46489,-0.311794,-0.457931,0
5.46497,-0.315944,-0.468406,0
5.46506,-0.316119,-0.473106,0
5.46515,-0.312396,-0.471979,0
5.46524,-0.315269,-0.480865,0
5.46532,-0.304998,-0.469656,0
5.46541,-0.310519,-0.482756,0
5.4655,-0.318619,-0.500131,0
5.46559,-0.314299,-0.498134,0
5.46567,-0.311063,-0.497804,0
5.46576,-0.310466,-0.501708,0
5.46585,-0.314022,-0.512437,0
5.46593,-0.306076,-0.504398,0
5.46602,-0.310053,-0.516015,0
5.46611,-0.312911,-0.525957,0
5.4662,-0.315181,-0.535072,0
5.46628,-0.313851,-0.53817,0
5.46637,-0.3075,-0.532606,0
5.46646,-0.312616,-0.546965,0
5.46655,-0.314659,-0.556157,0
5.46663,-0.314183,-0.561015,0
5.46672,-0.316581,-0.571127,0
5.46681,-0.3112,-0.567242,0
5.46689,-0.314448,-0.57914,0
5.46698,-0.311444,-0.579626,0
5.46707,-0.317832,-0.597755,0
5.46716,-0.31848,-0.605332,0
5.46724,-0.31676,-0.608489,0
5.46733,-0.322343,-0.625868,0
5.46742,-0.329143,-0.64598,0
5.46751,-0.315069,-0.625085,0
5.46759,-0.318139,-0.638088,0
5.46768,-0.306064,-0.620636,0
5.46777,-0.303791,-0.622864,0
5.46785,-0.902777,-1.87165,0
5.46794,-0.894602,-1.87557,0
5.46803,-0.882997,-1.87222,0
5.46812,-0.875242,-1.87696,0
5.4682,-0.864951,-1.87622,0
5.46829,-0.853024,-1.87179,0
5.46838,-0.846492,-1.87914,0
5.46847,-0.833403,-1.87185,0
5.46855,-0.826034,-1.8773,0
5.46864,-0.814644,-1.87355,0
5.46873,-0.805277,-1.87433,0
5.46881,-0.795529,-1.87415,0
5.4689,-0.782703,-1.86653,0
5.46899,-0.773403,-1.86716,0
5.46908,-0.767142,-1.87515,0
5.46916,-0.758953,-1.87847,0
5.46925,-0.749638,-1.87898,0
5.46934,-0.737767,-1.87293,0
5.46943,-0.726688,-1.86868,0
5.46951,-0.721395,-1.8793,0
5.4696,-0.710354,-1.87495,0
5.46969,-0.699714,-1.87147,0
5.46977,-0.69085,-1.87263,0
5.46986,-0.68233,-1.87469,0
5.46995,-0.670427,-1.86729,0
5.47004,-0.663608,-1.87397,0
5.47012,-0.656744,-1.88063,0
5.47021,-0.644951,-1.87307,0
5.4703,-0.636772,-1.87587,0
5.47039,-0.628898,-1.87958,0
5.47047,-0.619751,-1.87945,0
5.47056,-0.607836,-1.87073,0
5.47065,-0.5954,-1.86003,0
5.47073,-0.590586,-1.8731,0
5.47082,-0.580628,-1.86993,0
5.47091,-0.572171,-1.87149,0
5.471,-0.566018,-1.88067,0
5.47108,-0.56235,-1.89846,0
5.47117,-0.559378,-1.91914,0
5.47126,-0.550999,-1.92156,0
5.47135,-0.541795,-1.92106,0
5.47143,-0.533675,-1.92437,0
5.47152,-0.525273,-1.92668,0
5.47161,-0.513497,-1.9164,0
5.47169,-0.506658,-1.92442,0
5.47178,-0.497505,-1.92371,0
5.47187,-0.488122,-1.92198,0
5.47196,-0.478038,-1.9173,0
5.47204,-0.469905,-1.92034,0
5.47213,-0.461522,-1.92238,0
5.47222,-0.452212,-1.92048,0
5.47231,-0.442704,-1.91756,0
5.47239,-0.43345,-1.91557,0
5.47248,-0.424871,-1.91647,0
5.47257,-0.417566,-1.92319,0
5.47265,-0.407299,-1.91619,0
5.47274,-0.402192,-1.93361,0
5.47283,-0.389565,-1.91477,0
5.47292,-0.382572,-1.92332,0
5.473,-0.37265,-1.91712,0
5.47309,-0.366333,-1.92953,0
5.47318,-0.355359,-1.91735,0
5.47326,-0.346634,-1.91691,0
5.47335,-0.339309,-1.92431,0
5.47344,-0.33057,-1.92381,0
5.47353,-0.321843,-1.92326,0
5.47361,-0.313448,-1.92464,0
5.4737,-0.304421,-1.92204,0
5.47379,-0.294967,-1.91643,0
5.47388,-0.28069,-1.87814,0
5.47396,-0.272779,-1.88133,0
5.47405,-0.264707,-1.88349,0
5.47414,-0.255408,-1.8767,0
5.47422,-0.247608,-1.88077,0
5.47431,-0.239273,-1.88084,0
5.4744,-0.230211,-1.87492,0
5.47449,-0.221323,-1.86995,0
5.47457,-0.213275,-1.87189,0
5.47466,-0.204996,-1.87181,0
5.47475,-0.196514,-1.8697,0
5.47484,-0.187752,-1.86457,0
5.47492,-0.179711,-1.86637,0
5.47501,-0.172115,-1.87311,0
5.4751,-0.164637,-1.88181,0
5.47518,-0.157087,-1.89048,0
5.47527,-0.150406,-1.91109,0
5.47536,-0.145401,-1.9566,0
5.47545,-0.138467,-1.98016,0
5.47553,-0.131722,-2.00969,0
5.47562,-0.124722,-2.03919,0
5.47571,-0.122003,-2.14854,0
5.4758,-0.114354,-2.18201,0
5.47588,-0.10488,-2.18348,0
5.47597,-0.0932147,-2.13497,0
5.47606,-0.0823279,-2.09538,0
5.47614,-0.0731145,-2.09372,0
5.47623,-0.0641309,-2.09902,0
5.47632,-0.0557569,-2.12927,0
5.47641,-0.0470984,-2.15849,0
5.47649,-0.0354459,-2.03069,0
5.47658,-0.025996,-1.98583,0
5.47667,-0.0175927,-2.01592,0
5.47676,-0.00912807,-2.09198,0
5.47684,-2.55505e-08,-2.121,0
5.47693,0.00931128,-2.13398,0
5.47702,0.018666,-2.13892,0
5.4771,0.0283913,-2.16881,0
5.47719,0.0377146,-2.16067,0
5.47728,0.0471201,-2.15949,0
5.47737,0.0565684,-2.16026,0
5.47745,0.0660242,-2.16099,0
5.47754,0.0762205,-2.18267,0
5.47763,0.0863323,-2.1973,0
5.47772,0.0951339,-2.17892,0
5.4778,0.103393,-2.15252,0
5.47789,0.112156,-2.14006,0
5.47798,0.118658,-2.08963,0
5.47806,0.121548,-1.98729,0
5.47815,0.135057,-2.06058,0
5.47824,0.154441,-2.20861,0
5.47833,0.165114,-2.22187,0
5.47841,0.17465,-2.21914,0
5.4785,0.184331,-2.21835,0
5.47859,0.194096,-2.21853,0
5.47868,0.203408,-2.21367,0
5.47876,0.213544,-2.21774,0
5.47885,0.223219,-2.21679,0
5.47894,0.234248,-2.22872,0
5.47902,0.242555,-2.21476,0
5.47911,0.253122,-2.22163,0
5.4792,0.262579,-2.21851,0
5.47929,0.2725,-2.21933,0
5.47937,0.281928,-2.21614,0
5.47946,0.29277,-2.22381,0
5.47955,0.300987,-2.21161,0
5.47964,0.312165,-2.22117,0
5.47972,0.320849,-2.21286,0
5.47981,0.330354,-2.21045,0
5.4799,0.341973,-2.22184,0
5.47998,0.35057,-2.21341,0
5.48007,0.362796,-2.22765,0
5.48016,0.369707,-2.20928,0
5.48025,0.382052,-2.22341,0
5.48033,0.389493,-2.20892,0
5.48042,0.40233,-2.22492,0
5.48051,0.410394,-2.21429,0
5.4806,0.420425,-2.21444,0
5.48068,0.431419,-2.21946,0
5.48077,0.441489,-2.21952,0
5.48086,0.45097,-2.21659,0
5.48094,0.461452,-2.21852,0
5.48103,0.47092,-2.2155,0
5.48112,0.482704,-2.2232,0
5.48121,0.491751,-2.21814,0
5.48129,0.502969,-2.22281,0
5.48138,0.508839,-2.20403,0
5.48147,0.522119,-2.21736,0
5.48156,0.531555,-2.21409,0
5.48164,0.543825,-2.22243,0
5.48173,0.552308,-2.21519,0
5.48182,0.562706,-2.21566,0
5.4819,0.575373,-2.2248,0
5.48199,0.584566,-2.22034,0
5.48208,0.59606,-2.22453,0
5.48217,0.607339,-2.22769,0
5.48225,0.616519,-2.2231,0
5.48234,0.627842,-2.22616,0
5.48243,0.636171,-2.21859,0
5.48252,0.648364,-2.22444,0
5.4826,0.658632,-2.2235,0
5.48269,0.668039,-2.21965,0
5.48278,0.679764,-2.22341,0
5.48286,0.693018,-2.23188,0
5.48295,0.697938,-2.21358,0
5.48304,0.709419,-2.21622,0
5.48313,0.7231,-2.22547,0
5.48321,0.734056,-2.22609,0
5.4833,0.744397,-2.22477,0
5.48339,0.755061,-2.22434,0
5.48348,0.763783,-2.21819,0
5.48356,0.775432,-2.2205,0
5.48365,0.785447,-2.21804,0
5.48374,0.795456,-2.21553,0
5.48382,0.808536,-2.22143,0
5.48391,0.819951,-2.22258,0
5.484,0.829291,-2.21804,0
5.48409,0.840378,-2.21814,0
5.48417,0.852557,-2.22099,0
5.48426,0.862965,-2.21911,0
5.48435,0.873006,-2.21625,0
5.48444,0.884521,-2.21707,0
5.48452,0.894561,-2.21412,0
5.48461,0.907242,-2.21759,0
5.4847,0.92265,-2.22747,0
5.48478,0.9312,-2.22066,0
5.48487,0.941271,-2.2175,0
5.48496,0.952912,-2.21796,0
5.48505,0.964973,-2.21929,0
5.48513,0.97948,-2.22604,0
5.48522,0.98959,-2.22266,0
5.48531,1.00298,-2.22652,0
5.48539,1.01102,-2.21849,0
5.48548,1.02237,-2.21769,0
5.48557,1.0333,-2.21592,0
5.48566,1.04851,-2.22315,0
5.48574,1.05992,-2.22216,0
5.48583,1.06917,-2.21662,0
5.48592,1.08278,-2.22002,0
5.48601,1.09157,-2.21348,0
5.48609,1.10791,-2.22212,0
5.48618,1.11939,-2.22084,0
5.48627,1.13134,-2.22039,0
5.48635,1.14377,-2.22076,0
5.48644,1.15437,-2.21753,0
5.48653,1.1673,-2.21866,0
5.48662,1.18072,-2.22061,0
5.4867,1.19419,-2.22249,0
5.48679,1.20721,-2.22341,0
5.48688,1.21979,-2.22338,0
5.48697,1.23239,-2.22328,0
5.48705,1.24354,-2.2205,0
5.48714,1.25617,-2.22028,0
5.48723,1.27031,-2.22259,0
5.48731,1.285,-2.22569,0
5.4874,1.29722,-2.22438,0
5.48749,1.30742,-2.21956,0
5.48758,1.32118,-2.22071,0
5.48766,1.33292,-2.21835,0
5.48775,1.34622,-2.2185,0
5.48784,1.35954,-2.21857,0
5.48793,1.37552,-2.22282,0
5.48801,1.39051,-2.22528,0
5.4881,1.40874,-2.23272,0
5.48819,1.41686,-2.22402,0
5.48827,1.43142,-2.22539,0
5.48836,1.44329,-2.22248,0
5.48845,1.45791,-2.22368,0
5.48854,1.47202,-2.22397,0
5.48862,1.48726,-2.22584,0
5.48871,1.50199,-2.22679,0
5.4888,1.51676,-2.22766,0
5.48889,1.53326,-2.23091,0
5.48897,1.54469,-2.22666,0
5.48906,1.5607,-2.22891,0
5.48915,1.56926,-2.22045,0
5.48923,1.58183,-2.21765,0
5.48932,1.60727,-2.23264,0
5.48941,1.61171,-2.21832,0
5.4895,1.63024,-2.22337,0
5.48958,1.64885,-2.22829,0
5.48967,1.66454,-2.22909,0
5.48976,1.67906,-2.22819,0
5.48985,1.69664,-2.23119,0
5.48993,1.71366,-2.23329,0
5.49002,1.72706,-2.23054,0
5.49011,1.74478,-2.23322,0
5.49019,1.76256,-2.2358,0
5.49028,1.77043,-2.22574,0
5.49037,1.78826,-2.22813,0
5.49046,1.80678,-2.23119,0
5.49054,1.81776,-2.22483,0
5.49063,1.8389,-2.23077,0
5.49072,1.84414,-2.21734,0
5.49081,1.87437,-2.23379,0
5.49089,1.89508,-2.23856,0
5.49098,1.90613,-2.23179,0
5.49107,1.92042,-2.22876,0
5.49115,1.94259,-2.23469,0
5.49124,1.95166,-2.22545,0
5.49133,1.96798,-2.2244,0
5.49142,1.98633,-2.22549,0
5.4915,1.98732,-2.20714,0
5.49159,1.98214,-2.18216,0
5.49168,1.99299,-2.17497,0
5.49177,1.98685,-2.14936,0
5.49185,1.98189,-2.12531,0
5.49194,1.98566,-2.11082,0
5.49203,1.97902,-2.08545,0
5.49211,1.98603,-2.07463,0
5.4922,1.98186,-2.05228,0
5.49229,1.97265,-2.02499,0
5.49238,1.98638,-2.02135,0
5.49246,1.97547,-1.99278,0
5.49255,1.97778,-1.97778,0
5.49264,1.98,-1.96279,0
5.49273,1.97927,-1.94502,0
5.49281,1.97986,-1.92869,0
5.4929,1.97387,-1.90614,0
5.49299,1.98072,-1.89613,0
5.49307,1.97084,-1.87026,0
5.49316,1.97753,-1.86027,0
5.49325,1.97539,-1.84208,0
5.49334,1.97166,-1.82258,0
5.49342,1.97517,-1.80991,0
5.49351,1.9786,-1.79724,0
5.4936,1.97231,-1.77587,0
5.49369,1.97556,-1.76325,0
5.49377,1.97874,-1.75064,0
5.49386,1.98411,-1.74001,0
5.49395,1.97658,-1.71822,0
5.49403,1.97194,-1.69913,0
5.49412,1.96945,-1.68207,0
5.49421,1.97601,-1.67281,0
5.4943,1.97716,-1.65903,0
5.49438,1.97208,-1.64016,0
5.49447,1.97459,-1.62772,0
5.49456,1.97857,-1.61656,0
5.49465,1.98949,-1.61106,0
5.49473,1.97779,-1.58734,0
5.49482,1.98313,-1.57745,0
5.49491,1.97036,-1.55331,0
5.49499,1.97791,-1.54531,0
5.49508,1.97277,-1.52748,0
5.49517,1.97069,-1.51216,0
5.49526,1.96851,-1.49689,0
5.49534,1.97023,-1.48468,0
5.49543,1.97028,-1.47128,0
5.49552,1.97186,-1.4591,0
5.49561,1.96772,-1.4428,0
5.49569,1.974,-1.4342,0
5.49578,1.96807,-1.41681,0
5.49587,1.97586,-1.40937,0
5.49595,1.97301,-1.39438,0
5.49604,1.97334,-1.38175,0
5.49613,1.96456,-1.36286,0
5.49622,1.98038,-1.36107,0
5.4963,1.97555,-1.3451,0
5.49639,1.97062,-1.3292,0
5.49648,1.97391,-1.31892,0
5.49657,1.97131,-1.30478,0
5.49665,1.97113,-1.29233,0
5.49674,1.96584,-1.27663,0
5.49683,1.97644,-1.27129,0
5.49691,1.97185,-1.25621,0
5.497,1.97477,-1.24599,0
5.49709,1.97171,-1.23206,0
5.49718,1.97537,-1.22239,0
5.49726,1.96789,-1.20593,0
5.49735,1.96801,-1.19422,0
5.49744,1.97148,-1.18459,0
5.49753,1.97062,-1.1724,0
5.49761,1.97744,-1.1648,0
5.4977,1.973,-1.15062,0
5.49779,1.97281,-1.139,0
5.49787,1.96907,-1.12542,0
5.49796,1.98093,-1.12076,0
5.49805,1.98057,-1.10917,0
5.49814,1.97839,-1.09664,0
5.49822,1.97001,-1.08078,0
5.49831,1.97734,-1.07361,0
5.4984,1.97496,-1.06118,0
5.49848,1.9831,-1.05443,0
5.49857,1.98149,-1.04251,0
5.49866,1.9807,-1.03108,0
5.49875,1.98073,-1.02014,0
5.49883,1.96734,-1.00241,0
5.49892,1.96634,-0.991117,0
5.49901,1.97601,-0.985205,0
5.4991,1.97402,-0.973477,0
5.49918,1.98004,-0.965732,0
5.49927,1.98514,-0.957517,0
5.49936,1.98027,-0.944541,0
5.49944,1.97895,-0.933332,0
5.49953,1.98119,-0.923844,0
5.49962,1.97249,-0.909329,0
5.49971,1.98372,-0.904031,0
5.49979,1.97305,-0.888796,0
5.49988,1.976,-0.879771,0
5.49997,1.97616,-0.86953,0
5.50006,1.98268,-0.862096,0
5.50014,1.98367,-0.852252,0
5.50023,1.96896,-0.835774,0
5.50032,1.96982,-0.826015,0
5.5004,1.96879,-0.815498,0
5.50049,1.98066,-0.810308,0
5.50058,1.98325,-0.801284,0
5.50067,1.97836,-0.789287,0
5.50075,1.97528,-0.778082,0
5.50084,1.97679,-0.768731,0
5.50093,1.97266,-0.757231,0
5.50102,1.97968,-0.750034,0
5.5011,1.98106,-0.740689,0
5.50119,1.9824,-0.731345,0
5.50128,1.97335,-0.718242,0
5.50136,1.97176,-0.707936,0
5.50145,1.97106,-0.69799,0
5.50154,1.98353,-0.69268,0
5.50163,1.98843,-0.68467,0
5.50171,1.98571,-0.674059,0
5.5018,1.97631,-0.661263,0
5.50189,1.96778,-0.648875,0
5.50198,1.97059,-0.640283,0
5.50206,1.98384,-0.635032,0
5.50215,1.98373,-0.625468,0
5.50224,1.9788,-0.614434,0
5.50232,1.98338,-0.606379,0
5.50241,1.98217,-0.596566,0
5.5025,1.97996,-0.586492,0
5.50259,1.98346,-0.578127,0
5.50267,1.98693,-0.569742,0
5.50276,1.98843,-0.560796,0
5.50285,1.98026,-0.549175,0
5.50294,1.98264,-0.540529,0
5.50302,1.98208,-0.531097,0
5.50311,1.98728,-0.523207,0
5.5032,1.98761,-0.51403,0
5.50328,1.98208,-0.503384,0
5.50337,1.98328,-0.494488,0
5.50346,1.98057,-0.484642,0
5.50355,1.97683,-0.474594,0
5.50363,1.98861,-0.468256,0
5.50372,1.98187,-0.45755,0
5.50381,1.99458,-0.451326,0
5.5039,1.99848,-0.443052,0
5.50398,1.98964,-0.431994,0
5.50407,1.98662,-0.422269,0
5.50416,1.98355,-0.412578,0
5.50424,1.98533,-0.403919,0
5.50433,1.98707,-0.395253,0
5.50442,1.98681,-0.386197,0
5.50451,1.98553,-0.376965,0
5.50459,1.98126,-0.367205,0
5.50468,1.97694,-0.357489,0
5.50477,1.96666,-0.346775,0
5.50486,1.83215,-0.314821,0
5.50494,1.72304,-0.288338,0
5.50503,1.69467,-0.275995,0
5.50512,1.69685,-0.268754,0
5.5052,1.69702,-0.261196,0
5.50529,1.69814,-0.253789,0
5.50538,1.70121,-0.246664,0
5.50547,1.69237,-0.237847,0
5.50555,1.69934,-0.231269,0
5.50564,1.68843,-0.222286,0
5.50573,1.69236,-0.215295,0
5.50582,1.6913,-0.207665,0
5.5059,1.6912,-0.200166,0
5.50599,1.69901,-0.193578,0
5.50608,1.70182,-0.18638,0
5.50616,1.70163,-0.178848,0
5.50625,1.69941,-0.171121,0
5.50634,1.67923,-0.161692,0
5.50643,1.67893,-0.154272,0
5.50651,1.6746,-0.146509,0
5.5066,1.66327,-0.138207,0
5.50669,1.65887,-0.130556,0
5.50678,1.66641,-0.123835,0
5.50686,1.65995,-0.116075,0
5.50695,1.66044,-0.108831,0
5.50704,1.6609,-0.101585,0
5.50712,1.65933,-0.0942234,0
5.50721,1.65573,-0.0867731,0
5.5073,1.6511,-0.0793079,0
5.50739,1.65342,-0.0721901,0
5.50747,1.66372,-0.0653676,0
5.50756,1.66099,-0.058003,0
5.50765,1.66322,-0.0508161,0
5.50774,1.65243,-0.0432705,0
5.50782,1.6646,-0.0363218,0
5.50791,1.66475,-0.0290583,0
5.508,1.67386,-0.021912,0
5.50808,1.66294,-0.0145123,0
5.50817,1.66898,-0.0072824,0
5.50826,1.684,-4.0777e-08,0
5.50835,1.69798,0.00740886,0
5.50843,1.68694,0.0147216,0
5.50852,1.68586,0.022069,0
5.50861,1.68774,0.0294596,0
5.5087,1.6916,0.0369107,0
5.50878,1.68942,0.044239,0
5.50887,1.68821,0.0515795,0
5.50896,1.68197,0.0587358,0
5.50904,1.69669,0.0666631,0
5.50913,1.69538,0.0740221,0
5.50922,1.70204,0.0817547,0
5.50931,1.68768,0.0884477,0
5.50939,1.68928,0.0959242,0
5.50948,1.69783,0.103844,0
5.50957,1.69237,0.110924,0
5.50966,1.68688,0.117958,0
5.50974,1.68834,0.125466,0
5.50983,1.69775,0.133616,0
5.50992,1.69416,0.140774,0
5.51,1.69353,0.148165,0
5.51009,1.69785,0.15601,0
5.51018,1.70213,0.163896,0
5.51027,1.69841,0.171021,0
5.51035,1.70063,0.178744,0
5.51044,1.6899,0.185074,0
5.51053,1.7,0.193691,0
5.51061,1.69815,0.200989,0
5.5107,1.69527,0.208153,0
5.51079,1.70129,0.216431,0
5.51088,1.71619,0.225941,0
5.51096,1.76077,0.23963,0
5.51105,1.85873,0.261228,0
5.51114,1.96347,0.284689,0
5.51123,1.981,0.296062,0
5.51131,1.97672,0.304247,0
5.5114,1.97933,0.313495,0
5.51149,1.99077,0.324218,0
5.51157,1.98934,0.332901,0
5.51166,1.98688,0.341409,0
5.51175,1.98931,0.350769,0
5.51184,1.99071,0.35998,0
5.51192,1.99404,0.369574,0
5.51201,1.9875,0.377338,0
5.5121,1.98485,0.385816,0
5.51219,1.98119,0.394082,0
5.51227,1.99709,0.406312,0
5.51236,1.98844,0.413596,0
5.51245,1.98271,0.421437,0
5.51253,1.99257,0.43263,0
5.51262,1.98969,0.441104,0
5.51271,1.9936,0.451105,0
5.5128,1.98479,0.458225,0
5.51288,1.97596,0.465277,0
5.51297,1.98169,0.475762,0
5.51306,1.98639,0.486068,0
5.51315,1.9862,0.495214,0
5.51323,1.98789,0.50486,0
5.51332,1.98373,0.513029,0
5.51341,1.98535,0.522698,0
5.51349,1.98981,0.533167,0
5.51358,1.98939,0.54237,0
5.51367,1.99086,0.552114,0
5.51376,1.99613,0.562967,0
5.51384,1.98404,0.568915,0
5.51393,1.98442,0.578407,0
5.51402,1.98476,0.587912,0
5.51411,1.99079,0.59916,0
5.51419,1.99485,0.609887,0
5.51428,1.98835,0.6174,0
5.51437,1.98087,0.624566,0
5.51445,1.97432,0.631984,0
5.51454,1.99151,0.647082,0
5.51463,1.99152,0.656704,0
5.51472,1.98958,0.665705,0
5.5148,1.98855,0.675023,0
5.51489,1.98748,0.684344,0
5.51498,1.99392,0.696307,0
5.51507,1.98803,0.703999,0
5.51515,1.99059,0.714694,0
5.51524,1.99121,0.724741,0
5.51533,1.98803,0.733422,0
5.51541,1.99043,0.744191,0
5.5155,1.99277,0.754994,0
5.51559,1.98853,0.763324,0
5.51568,1.98238,0.770906,0
5.51576,1.98365,0.781381,0
5.51585,1.98487,0.791881,0
5.51594,1.98788,0.803156,0
5.51603,1.99084,0.814473,0
5.51611,1.98634,0.822769,0
5.5162,1.99472,0.836456,0
5.51629,1.99657,0.847496,0
5.51637,1.99745,0.858173,0
5.51646,1.99827,0.868874,0
5.51655,1.99538,0.877988,0
5.51664,2.00066,0.890753,0
5.51672,1.99038,0.896599,0
5.51681,1.991,0.907349,0
5.5169,2.00064,0.922307,0
5.51699,2.00294,0.933986,0
5.51707,1.99794,0.94229,0
5.51716,1.99201,0.950138,0
5.51725,1.98964,0.95969,0
5.51733,1.99712,0.974061,0
5.51742,1.99734,0.984977,0
5.51751,1.99302,0.993682,0
5.5176,1.99313,1.00462,0
5.51768,1.99318,1.01558,0
5.51777,1.99318,1.02655,0
5.51786,1.98247,1.03201,0
5.51795,1.99299,1.04856,0
5.51803,1.99193,1.05913,0
5.51812,1.99698,1.07302,0
5.51821,1.99931,1.08554,0
5.51829,1.99368,1.09377,0
5.51838,1.99413,1.10537,0
5.51847,1.9954,1.11748,0
5.51856,1.99921,1.1311,0
5.51864,1.99859,1.14229,0
5.51873,2.00485,1.1575,0
5.51882,1.99805,1.16523,0
5.51891,1.99467,1.17495,0
5.51899,1.99554,1.18722,0
5.51908,1.9972,1.20004,0
5.51917,1.98938,1.20719,0
5.51925,1.99518,1.22265,0
5.51934,1.99238,1.23292,0
5.51943,1.99885,1.24902,0
5.51952,1.99592,1.25933,0
5.5196,1.99799,1.27286,0
5.51969,1.99915,1.2859,0
5.51978,2.00442,1.30169,0
5.51987,2.0004,1.31152,0
5.51995,2.00133,1.32465,0
5.52004,2.00218,1.33781,0
5.52013,2.00213,1.35045,0
5.52021,2.002,1.36311,0
5.5203,1.99768,1.37297,0
5.52039,1.99989,1.38737,0
5.52048,2.00283,1.40239,0
5.52056,1.99914,1.41285,0
5.52065,2.0011,1.42737,0
5.52074,2.00215,1.44134,0
5.52083,1.99665,1.45065,0
5.52091,1.99514,1.4629,0
5.521,1.99678,1.47754,0
5.52109,2.00313,1.49581,0
5.52117,2.00218,1.50875,0
5.52126,2.00752,1.52655,0
5.52135,2.0056,1.53895,0
5.52144,2.00835,1.55503,0
5.52152,2.0181,1.57671,0
5.52161,2.00727,1.5824,0
5.5217,2.00661,1.59613,0
5.52179,2.00352,1.608,0
5.52187,2.00348,1.62239,0
5.52196,2.00181,1.63554,0
5.52205,2.00622,1.6538,0
5.52213,2.00437,1.66702,0
5.52222,2.00167,1.6796,0
5.52231,2.00425,1.69672,0
5.5224,2.00747,1.71454,0
5.52248,2.00376,1.72655,0
5.52257,1.99696,1.73593,0
5.52266,2.0014,1.75518,0
5.52275,2.00795,1.77648,0
5.52283,2.00391,1.78856,0
5.52292,2.01169,1.81134,0
5.52301,2.00895,1.8248,0
5.52309,2.00539,1.83761,0
5.52318,2.00837,1.85652,0
5.52327,2.01049,1.87481,0
5.52336,2.00958,1.89042,0
5.52344,2.00711,1.90468,0
5.52353,2.006,1.92033,0
5.52362,2.00912,1.94018,0
5.5237,2.00636,1.95451,0
5.52379,2.00281,1.96815,0
5.52388,2.00698,1.98955,0
5.52397,2.01384,2.01384,0
5.52405,2.00433,2.0219,0
5.52414,2.0074,2.04275,0
5.52423,2.00405,2.05722,0
5.52432,2.01034,2.08177,0
5.5244,2.01438,2.10425,0
5.52449,2.01275,2.12099,0
5.52458,2.00142,2.12757,0
5.52466,1.99212,2.13628,0
5.52475,1.9787,2.14055,0
5.52484,1.95989,2.13884,0
5.52493,1.93776,2.13331,0
5.52501,1.9204,2.13283,0
5.5251,1.90376,2.13298,0
5.52519,1.8878,2.13377,0
5.52528,1.86925,2.13147,0
5.52536,1.85271,2.1313,0
5.52545,1.83687,2.13179,0
5.52554,1.82105,2.13218,0
5.52562,1.79752,2.12331,0
5.52571,1.78824,2.13114,0
5.5258,1.7738,2.13277,0
5.52589,1.7543,2.12814,0
5.52597,1.74184,2.1319,0
5.52606,1.73063,2.13715,0
5.52615,1.71253,2.13376,0
5.52624,1.69573,2.13182,0
5.52632,1.68765,2.14077,0
5.52641,1.66475,2.13078,0
5.5265,1.64993,2.13091,0
5.52658,1.63939,2.1365,0
5.52667,1.62643,2.13886,0
5.52676,1.61106,2.13795,0
5.52685,1.59035,2.12973,0
5.52693,1.58044,2.13585,0
5.52702,1.56993,2.14111,0
5.52711,1.55234,2.13661,0
5.5272,1.5395,2.1385,0
5.52728,1.51738,2.12728,0
5.52737,1.51327,2.14123,0
5.52746,1.49531,2.13553,0
5.52754,1.48484,2.14039,0
5.52763,1.46926,2.13778,0
5.52772,1.45598,2.13839,0
5.52781,1.44328,2.13975,0
5.52789,1.42282,2.12939,0
5.52798,1.41241,2.13391,0
5.52807,1.40089,2.13671,0
5.52816,1.38829,2.13777,0
5.52824,1.37299,2.13456,0
5.52833,1.36152,2.13715,0
5.52842,1.34738,2.13546,0
5.5285,1.3354,2.13708,0
5.52859,1.32238,2.13693,0
5.52868,1.30886,2.13586,0
5.52877,1.29019,2.12617,0
5.52885,1.27781,2.12663,0
5.52894,1.27261,2.13906,0
5.52903,1.25768,2.13512,0
5.52912,1.24734,2.13886,0
5.5292,1.231,2.13215,0
5.52929,1.2192,2.13316,0
5.52938,1.21038,2.13933,0
5.52946,1.20152,2.14547,0
5.52955,1.18487,2.13757,0
5.52964,1.17506,2.14184,0
5.52973,1.16284,2.14168,0
5.52981,1.1478,2.13616,0
5.5299,1.138,2.14026,0
5.52999,1.12446,2.13725,0
5.53008,1.11189,2.13592,0
5.53016,1.1021,2.13986,0
5.53025,1.08867,2.13663,0
5.53034,1.07484,2.13243,0
5.53042,1.06597,2.138,0
5.53051,1.05663,2.14263,0
5.5306,1.04508,2.14272,0
5.53069,1.03268,2.14096,0
5.53077,1.02246,2.14364,0
5.53086,1.00884,2.13904,0
5.53095,0.994843,2.13345,0
5.53104,0.987618,2.14231,0
5.53112,0.976603,2.14296,0
5.53121,0.964368,2.14082,0
5.5313,0.951357,2.13678,0
5.53138,0.940816,2.13817,0
5.53147,0.926693,2.13125,0
5.53156,0.920148,2.1417,0
5.53165,0.910013,2.14386,0
5.53173,0.896396,2.13766,0
5.53182,0.884764,2.13601,0
5.53191,0.876572,2.14263,0
5.532,0.864217,2.13901,0
5.53208,0.855617,2.14462,0
5.53217,0.841487,2.13624,0
5.53226,0.83107,2.13709,0
5.53234,0.816721,2.12763,0
5.53243,0.810618,2.13959,0
5.53252,0.798123,2.13468,0
5.53261,0.790878,2.14377,0
5.53269,0.78049,2.14438,0
5.53278,0.766395,2.13459,0
5.53287,0.75674,2.13697,0
5.53296,0.746749,2.13836,0
5.53304,0.734807,2.13404,0
5.53313,0.724525,2.13438,0
5.53322,0.71457,2.13562,0
5.5333,0.706498,2.14252,0
5.53339,0.693434,2.13417,0
5.53348,0.68503,2.14003,0
5.53357,0.674784,2.14014,0
5.53365,0.66455,2.1402,0
5.53374,0.653158,2.13638,0
5.53383,0.641525,2.13155,0
5.53392,0.631934,2.13337,0
5.534,0.623179,2.13803,0
5.53409,0.612191,2.13496,0
5.53418,0.601784,2.13376,0
5.53426,0.593002,2.1383,0
5.53435,0.581299,2.13218,0
5.53444,0.573284,2.13953,0
5.53453,0.562925,2.13814,0
5.53461,0.551337,2.13186,0
5.5347,0.542768,2.13715,0
5.53479,0.53247,2.13562,0
5.53488,0.524097,2.14181,0
5.53496,0.512413,2.13435,0
5.53505,0.50172,2.13073,0
5.53514,0.494442,2.14167,0
5.53522,0.484872,2.14283,0
5.53531,0.472271,2.13028,0
5.5354,0.463608,2.13525,0
5.53549,0.452832,2.13041,0
5.53557,0.444346,2.13628,0
5.53566,0.434423,2.13526,0
5.53575,0.425687,2.14007,0
5.53583,0.414056,2.13013,0
5.53592,0.404384,2.12995,0
5.53601,0.396727,2.14055,0
5.5361,0.38596,2.13438,0
5.53618,0.377164,2.139,0
5.53627,0.367489,2.13866,0
5.53636,0.358483,2.14221,0
5.53645,0.347847,2.13586,0
5.53653,0.337429,2.13044,0
5.53662,0.329043,2.13783,0
5.53671,0.318529,2.13133,0
5.53679,0.309801,2.13666,0
5.53688,0.300196,2.13601,0
5.53697,0.291008,2.13829,0
5.53706,0.280892,2.13359,0
5.53714,0.271075,2.13083,0
5.53723,0.263725,2.14787,0
5.53732,0.25247,2.13311,0
5.53741,0.243047,2.1332,0
5.53749,0.234064,2.13722,0
5.53758,0.2239,2.13027,0
5.53767,0.215605,2.14117,0
5.53775,0.205685,2.13612,0
5.53784,0.195997,2.13301,0
5.53793,0.187211,2.13983,0
5.53802,0.177872,2.14062,0
5.5381,0.168216,2.13739,0
5.53819,0.159111,2.1411,0
5.53828,0.14907,2.13179,0
5.53837,0.140486,2.1434,0
5.53845,0.130888,2.14,0
5.53854,0.121266,2.13556,0
5.53863,0.111633,2.13008,0
5.53871,0.102865,2.14153,0
5.5388,0.0933892,2.13896,0
5.53889,0.0838983,2.13535,0
5.53898,0.0745803,2.1357,0
5.53906,0.065383,2.14,0
5.53915,0.0559402,2.13627,0
5.53924,0.0465312,2.13249,0
5.53933,0.037418,2.14367,0
5.53941,0.0280118,2.13982,0
5.5395,0.01864,2.13592,0
5.53959,0.00932883,2.13798,0
5.53967,7.76399e-08,2.134,0
5.53976,-0.00934613,2.14198,0
5.53985,-0.018666,2.13892,0
5.53994,-0.0280247,2.14082,0
5.54002,-0.0372434,2.13368,0
5.54011,-0.0465747,2.13449,0
5.5402,-0.0559924,2.13827,0
5.54029,-0.0654745,2.143,0
5.54037,-0.0746499,2.1377,0
5.54046,-0.08433,2.14634,0
5.54055,-0.0934763,2.14096,0
5.54063,-0.102961,2.14353,0
5.54072,-0.111476,2.12708,0
5.54081,-0.121379,2.13756,0
5.5409,-0.130461,2.13301,0
5.54098,-0.140747,2.14739,0
5.54107,-0.149488,2.13778,0
5.54116,-0.15874,2.13611,0
5.54125,-0.168844,2.14537,0
5.54133,-0.177375,2.13464,0
5.54142,-0.187036,2.13783,0
5.54151,-0.196271,2.136,0
5.54159,-0.205877,2.13811,0
5.54168,-0.215504,2.14018,0
5.54177,-0.224109,2.13226,0
5.54186,-0.233737,2.13424,0
5.54194,-0.244745,2.1481,0
5.54203,-0.253411,2.14106,0
5.54212,-0.263725,2.14787,0
5.54221,-0.272337,2.14075,0
5.54229,-0.28272,2.14747,0
5.54238,-0.290873,2.1373,0
5.54247,-0.301449,2.14492,0
5.54255,-0.3098,2.13666,0
5.54264,-0.320155,2.14221,0
5.54273,-0.330108,2.14474,0
5.54282,-0.339306,2.1423,0
5.5429,-0.348651,2.14079,0
5.54299,-0.356503,2.13038,0
5.54308,-0.367488,2.13866,0
5.54317,-0.376296,2.13408,0
5.54325,-0.386493,2.13734,0
5.54334,-0.393629,2.12383,0
5.54343,-0.405503,2.13585,0
5.54351,-0.416154,2.14093,0
5.5436,-0.425687,2.14007,0
5.54369,-0.435619,2.14114,0
5.54378,-0.445772,2.14313,0
5.54386,-0.453871,2.1353,0
5.54395,-0.463396,2.13427,0
5.54404,-0.474652,2.14102,0
5.54413,-0.483107,2.13502,0
5.54421,-0.492193,2.13192,0
5.5443,-0.502407,2.13365,0
5.54439,-0.512646,2.13532,0
5.54447,-0.523147,2.13792,0
5.54456,-0.531744,2.13271,0
5.54465,-0.544245,2.14297,0
5.54474,-0.55384,2.14154,0
5.54482,-0.561652,2.1333,0
5.54491,-0.571731,2.13373,0
5.545,-0.584981,2.14569,0
5.54509,-0.592467,2.13637,0
5.54517,-0.602598,2.13665,0
5.54526,-0.615498,2.1465,0
5.54535,-0.623739,2.13995,0
5.54543,-0.637046,2.15063,0
5.54552,-0.645271,2.144,0
5.54561,-0.654913,2.14212,0
5.5457,-0.664253,2.13924,0
5.54578,-0.66456,2.10771,0
5.54587,-0.660031,2.06194,0
5.54596,-0.665623,2.04858,0
5.54605,-0.232368,0.704677,0
5.54613,-0.226873,0.678051,0
5.54622,-0.240115,0.707357,0
5.54631,-0.233432,0.677937,0
5.54639,-0.235399,0.67408,0
5.54648,-0.228324,0.644767,0
5.54657,-0.227418,0.633411,0
5.54666,-0.231548,0.636172,0
5.54674,-0.231898,0.628588,0
5.54683,-0.231837,0.620077,0
5.54692,-0.232061,0.612514,0
5.54701,-0.229355,0.597491,0
5.54709,-0.226161,0.581573,0
5.54718,-0.227231,0.576859,0
5.54727,-0.226781,0.568431,0
5.54735,-0.22851,0.565582,0
5.54744,-0.228704,0.559026,0
5.54753,-0.228462,0.551556,0
5.54762,-0.228159,0.544099,0
5.5477,-0.226624,0.533893,0
5.54779,-0.233688,0.543924,0
5.54788,-0.232072,0.533729,0
5.54797,-0.232788,0.52905,0
5.54805,-0.23062,0.51798,0
5.54814,-0.220967,0.490528,0
5.54823,-0.221861,0.486829,0
5.54831,-0.226495,0.491305,0
5.5484,-0.227369,0.487594,0
5.54849,-0.224375,0.475743,0
5.54858,-0.221283,0.463929,0
5.54866,-0.211575,0.43864,0
5.54875,-0.214363,0.43951,0
5.54884,-0.212299,0.430499,0
5.54892,-0.213283,0.427779,0
5.54901,-0.212446,0.421486,0
5.5491,-0.211106,0.414318,0
5.54919,-0.213369,0.414282,0
5.54927,-0.21379,0.410686,0
5.54936,-0.212786,0.404439,0
5.54945,-0.215957,0.406156,0
5.54954,-0.2182,0.406091,0
5.54962,-0.217584,0.400741,0
5.54971,-0.222698,0.405924,0
5.5498,-0.231739,0.418068,0
5.54988,-0.230629,0.411818,0
5.54997,-0.228977,0.404715,0
5.55006,-0.236695,0.414131,0
5.55015,-0.238,0.412228,0
5.55023,-0.238285,0.408594,0
5.55032,-0.236513,0.401519,0
5.55041,-0.232638,0.39103,0
5.5505,-0.236402,0.39344,0
5.55058,-0.242786,0.400099,0
5.55067,-0.249232,0.406709,0
5.55076,-0.245216,0.396264,0
5.55084,-0.244293,0.39095,0
5.55093,-0.239593,0.379732,0
5.55102,-0.239636,0.376153,0
5.55111,-0.236947,0.368375,0
5.55119,-0.237463,0.36566,0
5.55128,-0.218769,0.333678,0
5.55137,-0.231814,0.350232,0
5.55146,-0.231673,0.346723,0
5.55154,-0.229828,0.340734,0
5.55163,-0.227373,0.333942,0
5.55172,-0.22373,0.32553,0
5.5518,-0.222869,0.321264,0
5.55189,-0.224268,0.320288,0
5.55198,-0.230858,0.326657,0
5.55207,-0.217764,0.305293,0
5.55215,-0.232531,0.323006,0
5.55224,-0.231587,0.318753,0
5.55233,-0.221741,0.302417,0
5.55242,-0.228412,0.308681,0
5.5525,-0.23574,0.315694,0
5.55259,-0.232902,0.309072,0
5.55268,-0.220327,0.289745,0
5.55276,-0.228894,0.298301,0
5.55285,-0.235704,0.304415,0
5.55294,-0.224716,0.287624,0
5.55303,-0.235256,0.29842,0
5.55311,-0.23282,0.292695,0
5.5532,-0.23034,0.286997,0
5.55329,-0.229702,0.283658,0
5.55338,-0.227774,0.278781,0
5.55346,-0.228988,0.277785,0
5.55355,-0.232116,0.27909,0
5.55364,-0.232046,0.276542,0
5.55372,-0.233251,0.275527,0
5.55381,-0.2351,0.275267,0
5.5539,-0.23173,0.268936,0
5.55399,-0.232901,0.267922,0
5.55407,-0.233408,0.266151,0
5.55416,-0.231917,0.262135,0
5.55425,-0.233059,0.26112,0
5.55434,-0.231519,0.257128,0
5.55442,-0.230622,0.253895,0
5.55451,-0.220918,0.24109,0
5.5546,-0.214501,0.232046,0
5.55468,-0.208009,0.223063,0
5.55477,-0.185685,0.197389,0
5.55486,-0.290486,0.306108,0
5.55495,-0.151441,0.158198,0
5.55503,-0.161855,0.167606,0
5.55512,-0.128393,0.1318,0
5.55521,-0.126164,0.128385,0
5.5553,-0.0816657,0.0823815,0
5.55538,-0.0579828,0.0579828,0
