7200
53
0.0349066
0.0506145,-0.0579828,-0.0579828,0
0.0507018,-0.047873,-0.0482926,0
0.0507891,-0.0532691,-0.054207,0
0.0508763,-0.0634989,-0.0651835,0
0.0509636,-0.0389009,-0.040283,0
0.0510509,-0.0428738,-0.0447866,0
0.0511381,-0.0461198,-0.0486001,0
0.0512254,-0.0459073,-0.0488009,0
0.0513127,-0.0450119,-0.0482693,0
0.0513999,-0.0352976,-0.0381848,0
0.0514872,-0.0601275,-0.0656177,0
0.0515745,-0.0692538,-0.0762425,0
0.0516617,-0.0582144,-0.0646536,0
0.051749,-0.0572658,-0.0641609,0
0.0518363,-0.0655994,-0.0741466,0
0.0519235,-0.0507696,-0.0578917,0
0.0520108,-0.0603574,-0.0694333,0
0.0520981,-0.0528735,-0.0613628,0
0.0521853,-0.0590998,-0.0691969,0
0.0522726,-0.0639663,-0.07556,0
0.0523599,-0.0674927,-0.0804347,0
0.0524471,-0.0569101,-0.0684269,0
0.0525344,-0.06488,-0.0787057,0
0.0526217,-0.0512491,-0.0627258,0
0.0527089,-0.0654493,-0.0808232,0
0.0527962,-0.065722,-0.0818879,0
0.0528835,-0.0547813,-0.0688695,0
0.0529707,-0.0544803,-0.0691079,0
0.053058,-0.0591035,-0.075649,0
0.0531453,-0.0593851,-0.0766969,0
0.0532325,-0.0645287,-0.0840955,0
0.0533198,-0.06174,-0.0811922,0
0.0534071,-0.0613851,-0.0814608,0
0.0534943,-0.0586358,-0.0785229,0
0.0535816,-0.063646,-0.0860127,0
0.0536689,-0.0863312,-0.117741,0
0.0537561,-0.112855,-0.155331,0
0.0538434,-0.141973,-0.197212,0
0.0539307,-0.154467,-0.216555,0
0.0540179,-0.177184,-0.250709,0
0.0541052,-0.186412,-0.266224,0
0.0541925,-0.201779,-0.290863,0
0.0542797,-0.224297,-0.326354,0
0.054367,-0.250448,-0.367832,0
0.0544543,-0.0922668,-0.136791,0
0.0545415,-0.0983359,-0.14717,0
0.0546288,-0.104316,-0.157604,0
0.0547161,-0.113497,-0.173111,0
0.0548033,-0.112196,-0.172766,0
0.0548906,-0.265078,-0.412109,0
0.0549779,-0.263277,-0.413262,0
0.0550651,-0.257736,-0.408487,0
0.0551524,-0.26284,-0.420632,0
0.0552397,-0.263107,-0.425176,0
0.0553269,-0.269087,-0.43911,0
0.0554142,-0.294663,-0.48559,0
0.0555015,-0.307478,-0.511729,0
0.0555887,-0.309844,-0.5208,0
0.055676,-0.306046,-0.519562,0
0.0557633,-0.307302,-0.52694,0
0.0558505,-0.302,-0.523079,0
0.0559378,-0.3017,-0.527865,0
0.0560251,-0.307272,-0.543102,0
0.0561123,-0.303434,-0.54182,0
0.0561996,-0.307369,-0.554509,0
0.0562869,-0.310238,-0.565489,0
0.0563741,-0.311108,-0.572989,0
0.0564614,-0.308131,-0.57346,0
0.0565487,-0.314546,-0.591575,0
0.0566359,-0.311496,-0.592057,0
0.0567232,-0.314451,-0.604054,0
0.0568105,-0.304944,-0.592085,0
0.0568977,-0.31053,-0.609448,0
0.056985,-0.297065,-0.589366,0
0.0570723,-0.288244,-0.578128,0
0.0571595,-0.293237,-0.594627,0
0.0572468,-0.295024,-0.604888,0
0.0573341,-0.280652,-0.581851,0
0.0574213,-0.289303,-0.606537,0
0.0575086,-0.285374,-0.605081,0
0.0575959,-0.288226,-0.618102,0
0.0576831,-0.288457,-0.625711,0
0.0577704,-0.286968,-0.629693,0
0.0578577,-0.281342,-0.624557,0
0.0579449,-0.280648,-0.630346,0
0.0580322,-0.27266,-0.619666,0
0.0581195,-0.270751,-0.622684,0
0.0582067,-0.265268,-0.617428,0
0.058294,-0.264525,-0.623182,0
0.0583813,-0.26103,-0.622486,0
0.0584685,-0.256015,-0.618075,0
0.0585558,-0.255588,-0.62474,0
0.0586431,-0.24799,-0.613796,0
0.0587303,-0.246791,-0.618587,0
0.0588176,-0.24299,-0.616867,0
0.0589049,-0.238484,-0.613261,0
0.0589921,-0.239031,-0.622698,0
0.0590794,-0.231706,-0.611578,0
0.0591667,-0.231137,-0.618204,0
0.0592539,-0.227399,-0.616392,0
0.0593412,-0.222997,-0.61268,0
0.0594285,-0.219984,-0.612706,0
0.0595157,-0.217308,-0.61366,0
0.059603,-0.210672,-0.603273,0
0.0596903,-0.21227,-0.616478,0
0.0597775,-0.20765,-0.611717,0
0.0598648,-0.205931,-0.615462,0
0.0599521,-0.201364,-0.610657,0
0.0600393,-0.199625,-0.614383,0
0.0601266,-0.193589,-0.604771,0
0.0602139,-0.193655,-0.614194,0
0.0603011,-0.187118,-0.602618,0
0.0603884,-0.18741,-0.612991,0
0.0604757,-0.185598,-0.616676,0
0.0605629,-0.177226,-0.598303,0
0.0606502,-0.175453,-0.601951,0
0.0607375,-0.171998,-0.599827,0
0.0608247,-0.167207,-0.592872,0
0.060912,-0.166222,-0.599378,0
0.0609993,-0.161764,-0.593344,0
0.0610865,-0.162797,-0.607567,0
0.0611738,-0.157599,-0.598601,0
0.0612611,-0.155736,-0.602188,0
0.0613483,-0.152123,-0.598985,0
0.0614356,-0.149024,-0.597702,0
0.0615229,-0.145226,-0.59349,0
0.0616101,-0.144503,-0.601897,0
0.0616974,-0.141875,-0.602522,0
0.0617847,-0.139695,-0.605084,0
0.0618719,-0.134625,-0.594959,0
0.0619592,-0.132028,-0.595541,0
0.0620465,-0.131338,-0.604906,0
0.0621337,-0.127034,-0.597648,0
0.062221,-0.122389,-0.588406,0
0.0623083,-0.121415,-0.596774,0
0.0623955,-0.117835,-0.592394,0
0.0624828,-0.112196,-0.577197,0
0.0625701,-0.110422,-0.581611,0
0.0626573,-0.108795,-0.587003,0
0.0627446,-0.105698,-0.58452,0
0.0628319,-0.1028,-0.583006,0
0.0629191,-0.100932,-0.587391,0
0.0630064,-0.0982033,-0.58684,0
0.0630937,-0.0951596,-0.584302,0
0.0631809,-0.0919835,-0.580761,0
0.0632682,-0.0906655,-0.589063,0
0.0633555,-0.0877988,-0.587475,0
0.0634427,-0.0832257,-0.573998,0
0.06353,-0.0816946,-0.581287,0
0.0636173,-0.0802363,-0.589565,0
0.0637045,-0.0777936,-0.590901,0
0.0637918,-0.0743312,-0.584291,0
0.063879,-0.0714154,-0.581632,0
0.0639663,-0.0682892,-0.576973,0
0.0640536,-0.064639,-0.56733,0
0.0641408,-0.0625985,-0.571582,0
0.0642281,-0.0597903,-0.568867,0
0.0643154,-0.057007,-0.566137,0
0.0644026,-0.0551113,-0.572353,0
0.0644899,-0.0530709,-0.577567,0
0.0645772,-0.0504632,-0.576797,0
0.0646644,-0.0478632,-0.576015,0
0.0647517,-0.0438586,-0.557277,0
0.064839,-0.0404632,-0.544499,0
0.0649262,-0.130863,-1.87143,0
0.0650135,-0.123154,-1.87897,0
0.0651008,-0.114283,-1.86851,0
0.065188,-0.106639,-1.87797,0
0.0652753,-0.0992813,-1.8944,0
0.0653626,-0.0910145,-1.89482,0
0.0654498,-0.0826588,-1.8932,0
0.0655371,-0.0744366,-1.89454,0
0.0656244,-0.0658903,-1.88685,0
0.0657116,-0.05784,-1.89312,0
0.0657989,-0.049553,-1.89235,0
0.0658862,-0.0416228,-1.90755,0
0.0659734,-0.033212,-1.90271,0
0.0660607,-0.024831,-1.89684,0
0.066148,-0.0165281,-1.89393,0
0.0662352,-0.00827722,-1.89698,0
0.0663225,-2.27075e-08,-1.885,0
0.0664098,0.0082859,-1.89898,0
0.066497,0.0165106,-1.89193,0
0.0665843,0.0248179,-1.89584,0
0.0666716,0.0331072,-1.89671,0
0.0667588,0.0413828,-1.89655,0
0.0668461,0.0495006,-1.89035,0
0.0669334,0.0578094,-1.89212,0
0.0670206,0.0660298,-1.89085,0
0.0671079,0.0745936,-1.89854,0
0.0671952,0.0827023,-1.8942,0
0.0672824,0.0909185,-1.89282,0
0.0673697,0.0994906,-1.89839,0
0.067457,0.10783,-1.89894,0
0.0675442,0.116297,-1.90145,0
0.0676315,0.124266,-1.89593,0
0.0677188,0.133026,-1.90235,0
0.067806,0.141695,-1.90674,0
0.0678933,0.150092,-1.9071,0
0.0679806,0.158081,-1.90244,0
0.0680678,0.16638,-1.90174,0
0.0681551,0.17486,-1.90298,0
0.0682424,0.183161,-1.9022,0
0.0683296,0.191159,-1.8984,0
0.0684169,0.199649,-1.89954,0
0.0685042,0.208589,-1.90461,0
0.0685914,0.216671,-1.9017,0
0.0686787,0.224379,-1.89577,0
0.068766,0.232405,-1.89279,0
0.0688532,0.240409,-1.88977,0
0.0689405,0.25061,-1.90357,0
0.0690278,0.259588,-1.90742,0
0.069115,0.266656,-1.89735,0
0.0692023,0.275649,-1.90112,0
0.0692896,0.284385,-1.90287,0
0.0693768,0.292685,-1.90161,0
0.0694641,0.301449,-1.90328,0
0.0695514,0.309269,-1.89898,0
0.0696386,0.318707,-1.90452,0
0.0697259,0.326845,-1.90212,0
0.0698132,0.336356,-1.90757,0
0.0699004,0.344499,-1.9051,0
0.0699877,0.353172,-1.90555,0
0.070075,0.359805,-1.89515,0
0.0701622,0.368643,-1.8965,0
0.0702495,0.3775,-1.89782,0
0.0703368,0.387771,-1.90595,0
0.070424,0.39588,-1.90326,0
0.0705113,0.402933,-1.89565,0
0.0705986,0.4112,-1.89387,0
0.0706858,0.422923,-1.90768,0
0.0707731,0.431022,-1.90484,0
0.0708604,0.440454,-1.90782,0
0.0709476,0.44717,-1.89906,0
0.0710349,0.455218,-1.89612,0
0.0711222,0.464914,-1.89995,0
0.0712094,0.472957,-1.89693,0
0.0712967,0.483691,-1.90454,0
0.071384,0.491246,-1.89951,0
0.0714712,0.501311,-1.90411,0
0.0715585,0.509356,-1.90094,0
0.0716458,0.517645,-1.8987,0
0.071733,0.528865,-1.90702,0
0.0718203,0.536638,-1.90277,0
0.0719076,0.544935,-1.90041,0
0.0719948,0.553502,-1.89898,0
0.0720821,0.56377,-1.90326,0
0.0721694,0.568323,-1.88833,0
0.0722566,0.583574,-1.90878,0
0.0723439,0.59249,-1.90813,0
0.0724312,0.600509,-1.90457,0
0.0725184,0.608204,-1.90003,0
0.0726057,0.620197,-1.90877,0
0.072693,0.628833,-1.907,0
0.0727802,0.636513,-1.90234,0
0.0728675,0.646736,-1.90522,0
0.0729548,0.657322,-1.909,0
0.073042,0.663667,-1.90045,0
0.0731293,0.676293,-1.90979,0
0.0732166,0.68293,-1.90212,0
0.0733038,0.693275,-1.90476,0
0.0733911,0.701579,-1.90171,0
0.0734784,0.711621,-1.90332,0
0.0735656,0.722399,-1.90674,0
0.0736529,0.72677,-1.8933,0
0.0737402,0.739736,-1.90223,0
0.0738274,0.748029,-1.89898,0
0.0739147,0.754084,-1.89013,0
0.074002,0.762324,-1.88682,0
0.0740892,0.781152,-1.90939,0
0.0741765,0.811289,-1.95862,0
0.0742638,0.830268,-1.97997,0
0.074351,0.838509,-1.9754,0
0.0744383,0.853041,-1.98551,0
0.0745256,0.859304,-1.97626,0
0.0746128,0.872752,-1.98348,0
0.0747001,0.882618,-1.98239,0
0.0747874,0.89701,-1.99129,0
0.0748746,0.905275,-1.98645,0
0.0749619,0.911841,-1.97794,0
0.0750492,0.926379,-1.98663,0
0.0751364,0.938878,-1.99071,0
0.0752237,0.945402,-1.98208,0
0.075311,0.950132,-1.96983,0
0.0753982,0.969239,-1.98723,0
0.0754855,0.979227,-1.98568,0
0.0755728,0.98922,-1.98407,0
0.07566,0.994718,-1.97348,0
0.0757473,1.01058,-1.98338,0
0.0758346,1.02472,-1.98962,0
0.0759218,1.03201,-1.98247,0
0.0760091,1.03785,-1.97264,0
0.0760964,1.05115,-1.97692,0
0.0761836,1.06592,-1.98377,0
0.0762709,1.07504,-1.97997,0
0.0763582,1.08463,-1.97702,0
0.0764454,1.101,-1.98626,0
0.0765327,1.10477,-1.97271,0
0.07662,1.10549,-1.95395,0
0.0767072,1.10359,-1.93087,0
0.0767945,1.102,-1.90872,0
0.0768818,1.0942,-1.87625,0
0.076969,1.08664,-1.84475,0
0.0770563,1.10081,-1.8503,0
0.0771436,1.14184,-1.90034,0
0.0772308,1.32495,-2.18344,0
0.0773181,1.44419,-2.3567,0
0.0774054,1.46287,-2.36398,0
0.0774926,1.48324,-2.37369,0
0.0775799,1.49519,-2.36973,0
0.0776672,1.50927,-2.36909,0
0.0777544,1.52501,-2.37089,0
0.0778417,1.53479,-2.36337,0
0.0779289,1.55057,-2.36502,0
0.0780162,1.56695,-2.3674,0
0.0781035,1.58504,-2.37218,0
0.0781907,1.59817,-2.36939,0
0.078278,1.61469,-2.37149,0
0.0783653,1.62729,-2.36771,0
0.0784525,1.64216,-2.36716,0
0.0785398,1.65936,-2.36981,0
0.0786271,1.68065,-2.37806,0
0.0787143,1.69217,-2.37233,0
0.0788016,1.71477,-2.38197,0
0.0788889,1.72339,-2.37204,0
0.0789761,1.74377,-2.37821,0
0.0790634,1.75413,-2.37057,0
0.0791507,1.77284,-2.37412,0
0.0792379,1.78378,-2.36716,0
0.0793252,1.80317,-2.37129,0
0.0794125,1.81776,-2.36895,0
0.0794997,1.84216,-2.37918,0
0.079587,1.8556,-2.37506,0
0.0796743,1.87214,-2.3748,0
0.0797615,1.88186,-2.36582,0
0.0798488,1.90969,-2.37943,0
0.0799361,1.92572,-2.37807,0
0.0800233,1.94177,-2.37661,0
0.0801106,1.95912,-2.3766,0
0.0801979,1.98226,-2.38341,0
0.0802851,1.99714,-2.3801,0
0.0803724,2.00105,-2.36373,0
0.0804597,2.00485,-2.34737,0
0.0805469,2.00919,-2.33179,0
0.0806342,2.00951,-2.31168,0
0.0807215,2.00705,-2.2886,0
0.0808087,2.01039,-2.27233,0
0.080896,2.00564,-2.24712,0
0.0809833,2.00739,-2.22943,0
0.0810705,2.02046,-2.22436,0
0.0811578,2.0038,-2.18676,0
0.0812451,2.00586,-2.16992,0
0.0813323,2.00439,-2.14945,0
0.0814196,2.0021,-2.1283,0
0.0815069,2.00036,-2.10794,0
0.0815941,1.99986,-2.08908,0
0.0816814,1.99436,-2.06522,0
0.0817687,2.00615,-2.05937,0
0.0818559,2.0018,-2.03704,0
0.0819432,2.00433,-2.0219,0
0.0820305,1.99687,-1.99687,0
0.0821177,1.99846,-1.9811,0
0.082205,1.9971,-1.96255,0
0.0822923,1.99705,-1.94544,0
0.0823795,1.99761,-1.92907,0
0.0824668,1.99228,-1.90719,0
0.0825541,1.99188,-1.89022,0
0.0826413,1.99064,-1.87261,0
0.0827286,1.99221,-1.85776,0
0.0828159,1.99809,-1.84702,0
0.0829031,1.99139,-1.82477,0
0.0829904,1.99563,-1.8127,0
0.0830777,1.99386,-1.79528,0
0.0831649,1.99123,-1.77724,0
0.0832522,1.99597,-1.76588,0
0.0833395,1.99839,-1.75254,0
0.0834267,1.99847,-1.73724,0
0.083514,1.99391,-1.71806,0
0.0836013,2.00215,-1.71,0
0.0836885,2.00349,-1.69608,0
0.0837758,2.02006,-1.69503,0
0.0838631,2.03666,-1.69387,0
0.0839503,2.04481,-1.68561,0
0.0840376,2.05911,-1.68236,0
0.0841249,2.07187,-1.67777,0
0.0842121,2.08307,-1.67184,0
0.0842994,2.0833,-1.65713,0
0.0843867,2.07952,-1.63936,0
0.0844739,2.0638,-1.61242,0
0.0845612,2.0803,-1.61074,0
0.0846485,2.06748,-1.58643,0
0.0847357,2.05767,-1.56468,0
0.084823,2.05409,-1.54787,0
0.0849103,2.06884,-1.54487,0
0.0849975,2.0852,-1.54297,0
0.0850848,2.07256,-1.51967,0
0.0851721,2.07027,-1.50414,0
0.0852593,2.07601,-1.49451,0
0.0853466,2.09228,-1.49241,0
0.0854339,2.06284,-1.45787,0
0.0855211,2.05443,-1.43853,0
0.0856084,2.04344,-1.41758,0
0.0856957,2.02488,-1.39166,0
0.0857829,2.00365,-1.36424,0
0.0858702,2.02451,-1.36555,0
0.0859575,2.02795,-1.35504,0
0.0860447,2.04469,-1.35335,0
0.086132,2.03803,-1.33619,0
0.0862193,2.05223,-1.33273,0
0.0863065,2.04709,-1.31673,0
0.0863938,2.04775,-1.30456,0
0.0864811,2.03567,-1.28441,0
0.0865683,2.05736,-1.28558,0
0.0866556,2.0604,-1.27502,0
0.0867429,2.08641,-1.27855,0
0.0868301,2.07915,-1.26166,0
0.0869174,2.08635,-1.2536,0
0.0870047,2.08578,-1.24091,0
0.0870919,2.07566,-1.22266,0
0.0871792,2.07752,-1.21158,0
0.0872665,2.06287,-1.191,0
0.0873537,2.05589,-1.17504,0
0.087441,2.04621,-1.15769,0
0.0875283,2.05124,-1.14875,0
0.0876155,2.05798,-1.14076,0
0.0877028,2.0831,-1.14283,0
0.0877901,2.08368,-1.13134,0
0.0878773,2.08154,-1.11845,0
0.0879646,2.07228,-1.10185,0
0.0880519,2.04875,-1.0779,0
0.0881391,1.99311,-1.03755,0
0.0882264,1.98873,-1.02426,0
0.0883137,1.99051,-1.01421,0
0.0884009,1.97884,-0.997418,0
0.0884882,1.98765,-0.991005,0
0.0885755,1.99106,-0.981881,0
0.0886627,1.98364,-0.967485,0
0.08875,1.99054,-0.960124,0
0.0888373,1.97937,-0.944111,0
0.0889245,1.99161,-0.939304,0
0.0890118,2.00385,-0.934409,0
0.0890991,1.99337,-0.918958,0
0.0891863,1.98372,-0.904031,0
0.0892736,1.98582,-0.894546,0
0.0893609,1.98331,-0.883025,0
0.0894481,1.9844,-0.873155,0
0.0895354,1.98268,-0.862096,0
0.0896227,1.98643,-0.853436,0
0.0897099,1.98093,-0.840853,0
0.0897972,1.9855,-0.832589,0
0.0898845,1.98357,-0.821621,0
0.0899717,1.98343,-0.811444,0
0.090059,1.97583,-0.798287,0
0.0901463,1.98208,-0.79077,0
0.0902335,1.98551,-0.782114,0
0.0903208,1.98331,-0.771268,0
0.0904081,1.99039,-0.764041,0
0.0904953,1.98155,-0.750743,0
0.0905826,1.98574,-0.74244,0
0.0906699,1.97771,-0.729615,0
0.0907571,1.98087,-0.720978,0
0.0908444,1.97176,-0.707936,0
0.0909317,1.98049,-0.701328,0
0.0910189,1.9807,-0.691691,0
0.0911062,1.98748,-0.684344,0
0.0911935,1.98477,-0.673737,0
0.0912807,1.97631,-0.661263,0
0.091368,1.97632,-0.651694,0
0.0914553,1.96108,-0.637193,0
0.0915425,1.94003,-0.621009,0
0.0916298,1.82923,-0.576754,0
0.0917171,1.77825,-0.55216,0
0.0918043,1.73665,-0.530947,0
0.0918916,1.72746,-0.519906,0
0.0919789,1.71053,-0.506683,0
0.0920661,1.70505,-0.496976,0
0.0921534,1.70912,-0.490083,0
0.0922406,1.70547,-0.480992,0
0.0923279,1.69599,-0.47034,0
0.0924152,1.69513,-0.462146,0
0.0925024,1.70003,-0.455522,0
0.0925897,1.70684,-0.449372,0
0.092677,1.70394,-0.440669,0
0.0927642,1.70778,-0.433722,0
0.0928515,1.70578,-0.425299,0
0.0929388,1.71053,-0.418565,0
0.093026,1.70651,-0.409697,0
0.0931133,1.70341,-0.401101,0
0.0932006,1.70125,-0.392765,0
0.0932878,1.70392,-0.385558,0
0.0933751,1.70364,-0.377687,0
0.0934624,1.70331,-0.369826,0
0.0935496,1.70882,-0.363222,0
0.0936369,1.70843,-0.355355,0
0.0937242,1.70605,-0.3471,0
0.0938114,1.70755,-0.339652,0
0.0938987,1.70509,-0.331435,0
0.093986,1.70553,-0.323806,0
0.0940732,1.69906,-0.314903,0
0.0941605,1.69845,-0.307131,0
0.0942478,1.69781,-0.299369,0
0.094335,1.70501,-0.292975,0
0.0944223,1.69937,-0.284377,0
0.0945096,1.7075,-0.278085,0
0.0945968,1.69981,-0.269224,0
0.0946841,1.71184,-0.263478,0
0.0947714,1.6932,-0.25305,0
0.0948586,1.70517,-0.247238,0
0.0949459,1.70128,-0.239099,0
0.0950332,1.70429,-0.231944,0
0.0951204,1.69537,-0.2232,0
0.0952077,1.69038,-0.215043,0
0.095295,1.69626,-0.208275,0
0.0953822,1.69318,-0.200401,0
0.0954695,1.69106,-0.192672,0
0.0955568,1.70381,-0.186598,0
0.095644,1.70958,-0.179684,0
0.0957313,1.70239,-0.171422,0
0.0958186,1.70014,-0.163705,0
0.0959058,1.69187,-0.155461,0
0.0959931,1.69453,-0.148252,0
0.0960804,1.68818,-0.140277,0
0.0961676,1.69476,-0.133381,0
0.0962549,1.69233,-0.125762,0
0.0963422,1.69686,-0.118656,0
0.0964294,1.69436,-0.111055,0
0.0965167,1.7108,-0.104637,0
0.096604,1.7382,-0.0987022,0
0.0966912,1.84547,-0.0967169,0
0.0967785,1.94476,-0.0934135,0
0.0968658,1.95913,-0.0855377,0
0.096953,1.97048,-0.0774204,0
0.0970403,1.95581,-0.0682984,0
0.0971276,1.95709,-0.0597945,0
0.0972148,1.96133,-0.0513592,0
0.0973021,1.96153,-0.0428009,0
0.0973894,1.9457,-0.0339624,0
0.0974766,1.93883,-0.0253808,0
0.0975639,1.92393,-0.0167899,0
0.0976512,1.90598,-0.00831651,0
0.0977384,1.917,-4.6419e-08,0
0.0978257,1.89698,0.00827715,0
0.097913,1.90593,0.0166327,0
0.0980002,1.91784,0.0251058,0
0.0980875,1.92271,0.0335609,0
0.0981748,1.92854,0.0420809,0
0.098262,1.91834,0.0502335,0
0.0983493,1.81215,0.0553663,0
0.0984366,1.72295,0.0601667,0
0.0985238,1.69469,0.0665846,0
0.0986111,1.6784,0.0732805,0
0.0986984,1.67507,0.0804593,0
0.0987856,1.66971,0.0875057,0
0.0988729,1.69128,0.0960375,0
0.0989602,1.68585,0.103111,0
0.0990474,1.69436,0.111054,0
0.0991347,1.68987,0.118167,0
0.099222,1.69732,0.126133,0
0.0993092,1.69177,0.133145,0
0.0993965,1.69316,0.140691,0
0.0994838,1.69154,0.14799,0
0.099571,1.69386,0.155644,0
0.0996583,1.69616,0.163321,0
0.0997456,1.68647,0.169819,0
0.0998328,1.68273,0.176862,0
0.0999201,1.69089,0.185183,0
0.100007,1.68808,0.192332,0
0.100095,1.6912,0.200166,0
0.100182,1.68038,0.206325,0
0.100269,1.69137,0.215169,0
0.100356,1.71024,0.225158,0
0.100444,1.77464,0.241518,0
0.100531,1.89834,0.266795,0
0.100618,1.97633,0.286555,0
0.100705,1.98693,0.296949,0
0.100793,1.99056,0.306376,0
0.10088,1.99414,0.315841,0
0.100967,1.99669,0.325182,0
0.101055,1.99328,0.333561,0
0.101142,1.98885,0.341747,0
0.101229,1.99128,0.351117,0
0.101316,1.98579,0.35909,0
0.101404,1.98028,0.367022,0
0.101491,1.98062,0.376032,0
0.101578,1.98681,0.386197,0
0.101665,1.98217,0.394277,0
0.101753,1.97259,0.401328,0
0.10184,1.97963,0.411764,0
0.101927,1.97977,0.420813,0
0.102014,1.98476,0.430933,0
0.102102,1.98481,0.440022,0
0.102189,1.98775,0.449781,0
0.102276,1.98479,0.458225,0
0.102364,1.98667,0.467798,0
0.102451,1.97877,0.475061,0
0.102538,1.98154,0.484879,0
0.102625,1.98717,0.495456,0
0.102713,1.98208,0.503383,0
0.1028,1.97502,0.510775,0
0.102887,1.98244,0.521934,0
0.102974,1.98691,0.532391,0
0.103062,1.97685,0.538951,0
0.103149,1.97641,0.548106,0
0.103236,1.97592,0.557267,0
0.103323,1.98116,0.568089,0
0.103411,1.9825,0.577847,0
0.103498,1.98476,0.587912,0
0.103585,1.97834,0.595413,0
0.103673,1.98146,0.605794,0
0.10376,1.9874,0.617103,0
0.103847,1.98659,0.62637,0
0.103934,1.98479,0.635337,0
0.104022,1.97534,0.641828,0
0.104109,1.97822,0.65232,0
0.104196,1.9801,0.662532,0
0.104283,1.98192,0.672773,0
0.104371,1.99126,0.685646,0
0.104458,1.97598,0.690042,0
0.104545,1.96729,0.696655,0
0.104632,1.96612,0.705908,0
0.10472,1.98181,0.72132,0
0.104807,1.9824,0.731345,0
0.104894,1.97732,0.739288,0
0.104982,1.98062,0.750388,0
0.105069,1.98386,0.761532,0
0.105156,1.98145,0.770543,0
0.105243,1.98179,0.780648,0
0.105331,1.98301,0.79114,0
0.105418,1.97861,0.79941,0
0.105505,1.98158,0.810687,0
0.105592,1.98726,0.823152,0
0.10568,1.98458,0.832202,0
0.105767,1.97909,0.840072,0
0.105854,1.98183,0.851462,0
0.105941,1.9781,0.860102,0
0.106029,1.9725,0.867919,0
0.106116,1.97326,0.878551,0
0.106203,1.98764,0.895367,0
0.106291,1.98281,0.903616,0
0.106378,1.97884,0.912259,0
0.106465,1.98391,0.925111,0
0.106552,1.98618,0.936745,0
0.10664,1.9902,0.949277,0
0.106727,1.98154,0.95578,0
0.106814,1.98633,0.9688,0
0.106901,1.98747,0.980112,0
0.106989,1.99033,0.992344,0
0.107076,1.97884,0.997418,0
0.107163,1.98427,1.01104,0
0.10725,1.98162,1.0206,0
0.107338,1.98336,1.03247,0
0.107425,1.99034,1.04717,0
0.107512,1.98663,1.05631,0
0.1076,1.98465,1.06639,0
0.107687,1.97119,1.07027,0
0.107774,1.98228,1.08752,0
0.107861,1.98714,1.10149,0
0.107949,1.98842,1.11357,0
0.108036,1.9818,1.12125,0
0.108123,1.9847,1.13435,0
0.10821,1.98406,1.1455,0
0.108298,1.98077,1.15515,0
0.108385,1.98175,1.16734,0
0.108472,1.98351,1.18006,0
0.108559,1.98349,1.1918,0
0.108647,1.97399,1.19785,0
0.108734,1.98324,1.21533,0
0.108821,1.98132,1.22608,0
0.108909,1.98104,1.23789,0
0.108996,1.97731,1.24759,0
0.109083,1.97944,1.26104,0
0.10917,1.97812,1.27237,0
0.109258,1.97507,1.28262,0
0.109345,1.97447,1.29452,0
0.109432,1.98215,1.31195,0
0.109519,1.97973,1.32281,0
0.109607,1.98969,1.34206,0
0.109694,1.97886,1.34736,0
0.109781,1.98202,1.36221,0
0.109868,1.98017,1.37369,0
0.109956,1.98726,1.3915,0
0.110043,1.97954,1.399,0
0.11013,1.98319,1.41459,0
0.110218,1.9843,1.42849,0
0.110305,1.98047,1.4389,0
0.110392,1.98385,1.45462,0
0.110479,1.98231,1.46683,0
0.110567,1.98791,1.48444,0
0.110654,1.98701,1.49732,0
0.110741,1.98762,1.51142,0
0.110828,1.97862,1.51825,0
0.110916,1.98226,1.53483,0
0.111003,1.98027,1.54716,0
0.11109,1.98607,1.56569,0
0.111177,1.98939,1.58243,0
0.111265,1.98247,1.5911,0
0.111352,1.98328,1.60603,0
0.111439,1.98864,1.62479,0
0.111527,1.98693,1.6379,0
0.111614,1.98361,1.64975,0
0.111701,1.97793,1.65968,0
0.111788,1.98135,1.67734,0
0.111876,1.98466,1.69506,0
0.111963,1.99012,1.7148,0
0.11205,1.98262,1.72347,0
0.112137,1.99538,1.7499,0
0.112225,1.98323,1.75462,0
0.112312,1.9875,1.77391,0
0.112399,1.98271,1.78524,0
0.112486,1.98156,1.79993,0
0.112574,1.97885,1.81328,0
0.112661,1.98487,1.8348,0
0.112748,1.98709,1.85299,0
0.112836,1.9819,1.86438,0
0.112923,1.98245,1.88127,0
0.11301,1.98433,1.89959,0
0.113097,1.99041,1.92212,0
0.113185,1.98344,1.93218,0
0.113272,1.98498,1.95063,0
0.113359,1.98568,1.96843,0
0.113446,1.98626,1.98626,0
0.113534,1.98251,1.99988,0
0.113621,1.99269,2.02777,0
0.113708,1.98521,2.03788,0
0.113795,1.98672,2.05731,0
0.113883,1.98672,2.07535,0
0.11397,1.98521,2.09198,0
0.114057,1.98155,2.10645,0
0.114145,1.98939,2.13336,0
0.114232,1.995,2.15817,0
0.114319,1.98894,2.17054,0
0.114406,1.98214,2.18216,0
0.114494,1.98397,2.20342,0
0.114581,1.99165,2.23146,0
0.114668,1.99051,2.24986,0
0.114755,1.98859,2.26755,0
0.114843,1.99311,2.29281,0
0.11493,1.99744,2.31815,0
0.115017,1.99446,2.33521,0
0.115104,1.99782,2.35991,0
0.115192,1.99393,2.37627,0
0.115279,1.99121,2.39417,0
0.115366,1.97948,2.4013,0
0.115454,1.95822,2.39675,0
0.115541,1.93957,2.39516,0
0.115628,1.92534,2.39892,0
0.115715,1.9105,2.40182,0
0.115803,1.89319,2.4015,0
0.11589,1.87838,2.40422,0
0.115977,1.85686,2.39816,0
0.116064,1.84576,2.40545,0
0.116152,1.82254,2.39676,0
0.116239,1.81327,2.40629,0
0.116326,1.79138,2.39895,0
0.116413,1.77198,2.39469,0
0.116501,1.75382,2.39191,0
0.116588,1.7422,2.39793,0
0.116675,1.73405,2.40875,0
0.116763,1.70843,2.39513,0
0.11685,1.69508,2.39848,0
0.116937,1.68115,2.40093,0
0.117024,1.66553,2.40085,0
0.117112,1.64824,2.39821,0
0.117199,1.63213,2.39711,0
0.117286,1.61775,2.39841,0
0.117373,1.6006,2.39546,0
0.117461,1.58737,2.39826,0
0.117548,1.56922,2.39345,0
0.117635,1.56148,2.40447,0
0.117722,1.54502,2.40201,0
0.11781,1.53292,2.4062,0
0.117897,1.51173,2.39595,0
0.117984,1.50338,2.40591,0
0.118072,1.48445,2.39884,0
0.118159,1.47083,2.40018,0
0.118246,1.45723,2.40145,0
0.118333,1.44623,2.40693,0
0.118421,1.43009,2.40376,0
0.118508,1.41451,2.40136,0
0.118595,1.39848,2.39801,0
0.118682,1.387,2.40235,0
0.11877,1.36906,2.39536,0
0.118857,1.36106,2.40566,0
0.118944,1.34762,2.40634,0
0.119031,1.3308,2.40083,0
0.119119,1.31839,2.40311,0
0.119206,1.30408,2.40181,0
0.119293,1.28838,2.39778,0
0.119381,1.27649,2.40073,0
0.119468,1.26368,2.40186,0
0.119555,1.24903,2.39936,0
0.119642,1.23214,2.39235,0
0.11973,1.22487,2.40394,0
0.119817,1.21076,2.40211,0
0.119904,1.19536,2.39753,0
0.119991,1.1871,2.40721,0
0.120079,1.17045,2.39978,0
0.120166,1.15823,2.40126,0
0.120253,1.14473,2.39997,0
0.12034,1.1351,2.40676,0
0.120428,1.12036,2.40262,0
0.120515,1.10568,2.39841,0
0.120602,1.09562,2.40412,0
0.12069,1.08101,2.39976,0
0.120777,1.07256,2.40902,0
0.120864,1.05802,2.40452,0
0.120951,1.04672,2.40728,0
0.121039,1.03304,2.40448,0
0.121126,1.02176,2.40712,0
0.121213,1.00932,2.40694,0
0.1213,0.99689,2.40671,0
0.121388,0.985622,2.40918,0
0.121475,0.975101,2.41346,0
0.121562,0.960114,2.40655,0
0.121649,0.945573,2.40048,0
0.121737,0.934003,2.40178,0
0.121824,0.921722,2.40117,0
0.121911,0.911591,2.4061,0
0.121999,0.901084,2.41006,0
0.122086,0.88779,2.40646,0
0.122173,0.87523,2.40467,0
0.12226,0.863715,2.40565,0
0.122348,0.852543,2.40751,0
0.122435,0.837414,2.39799,0
0.122522,0.830199,2.41107,0
0.122609,0.816456,2.4052,0
0.122697,0.805637,2.40779,0
0.122784,0.793557,2.40654,0
0.122871,0.784903,2.41568,0
0.122958,0.770392,2.4067,0
0.123046,0.759884,2.41004,0
0.123133,0.748768,2.41143,0
0.12322,0.73473,2.40319,0
0.123308,0.724526,2.40733,0
0.123395,0.71089,2.39993,0
0.123482,0.699852,2.40108,0
0.123569,0.689093,2.40315,0
0.123657,0.680773,2.41384,0
0.123744,0.666225,2.40233,0
0.123831,0.656263,2.40714,0
0.123918,0.644977,2.40709,0
0.124006,0.634468,2.40988,0
0.124093,0.623697,2.41166,0
0.12418,0.613414,2.41532,0
0.124267,0.600208,2.4073,0
0.124355,0.590412,2.41281,0
0.124442,0.580579,2.41828,0
0.124529,0.5675,2.41009,0
0.124617,0.556304,2.40962,0
0.124704,0.546226,2.41397,0
0.124791,0.533524,2.40657,0
0.124878,0.524079,2.41376,0
0.124966,0.511879,2.4082,0
0.125053,0.500755,2.40747,0
0.12514,0.491243,2.41453,0
0.125227,0.482263,2.4245,0
0.125315,0.468627,2.41088,0
0.125402,0.458476,2.41486,0
0.125489,0.446659,2.40996,0
0.125576,0.437741,2.42074,0
0.125664,0.424744,2.40884,0
0.125751,0.415584,2.41855,0
0.125838,0.404862,2.41936,0
0.125926,0.394141,2.42011,0
0.126013,0.381387,2.40798,0
0.1261,0.371333,2.41259,0
0.126187,0.361394,2.41814,0
0.126275,0.350409,2.41673,0
0.126362,0.339304,2.41427,0
0.126449,0.328767,2.41573,0
0.126536,0.316787,2.40624,0
0.126624,0.306916,2.41256,0
0.126711,0.296508,2.41486,0
0.126798,0.285851,2.41514,0
0.126885,0.275197,2.41537,0
0.126973,0.264002,2.41059,0
0.12706,0.253586,2.41271,0
0.127147,0.243056,2.41379,0
0.127234,0.233576,2.42578,0
0.127322,0.221617,2.41184,0
0.127409,0.211353,2.41577,0
0.127496,0.200976,2.41866,0
0.127584,0.190577,2.42151,0
0.127671,0.179046,2.40936,0
0.127758,0.168532,2.41011,0
0.127845,0.158079,2.41183,0
0.127933,0.147615,2.41349,0
0.12802,0.13697,2.41211,0
0.128107,0.125868,2.4017,0
0.128194,0.115723,2.40922,0
0.128282,0.105646,2.41969,0
0.128369,0.0951659,2.42213,0
0.128456,0.0844918,2.41953,0
0.128543,0.0739644,2.42087,0
0.128631,0.0632959,2.41717,0
0.128718,0.0528794,2.42342,0
0.128805,0.0422,2.41763,0
0.128893,0.0317816,2.42779,0
0.12898,0.0211619,2.42491,0
0.129067,0.0105506,2.41798,0
0.129154,8.79725e-08,2.418,0
0.129242,-0.0105984,2.42898,0
0.129329,-0.0211879,2.42791,0
0.129416,-0.0316506,2.41779,0
0.129503,-0.0423045,2.42363,0
0.129591,-0.0529228,2.42542,0
0.129678,-0.0634528,2.42317,0
0.129765,-0.0740863,2.42487,0
0.129852,-0.084352,2.41553,0
0.12994,-0.0951657,2.42213,0
0.130027,-0.105821,2.42369,0
0.130114,-0.116539,2.4262,0
0.130202,-0.127333,2.42967,0
0.130289,-0.137763,2.42609,0
0.130376,-0.14847,2.42746,0
0.130463,-0.15906,2.42679,0
0.130551,-0.169927,2.43007,0
0.130638,-0.180158,2.42432,0
0.130725,-0.19144,2.43248,0
0.130812,-0.201555,2.42564,0
0.1309,-0.211614,2.41876,0
0.130987,-0.222989,2.42678,0
0.131074,-0.232618,2.41583,0
0.131161,-0.244759,2.43071,0
0.131249,-0.25369,2.4137,0
0.131336,-0.264873,2.41854,0
0.131423,-0.275876,2.42133,0
0.131511,-0.287261,2.42706,0
0.131598,-0.298214,2.42876,0
0.131685,-0.307547,2.41752,0
0.131772,-0.319267,2.42507,0
0.13186,-0.330789,2.43059,0
0.131947,-0.341948,2.43309,0
0.132034,-0.351557,2.42465,0
0.132121,-0.363463,2.43199,0
0.132209,-0.374223,2.43137,0
0.132296,-0.384359,2.42675,0
0.132383,-0.394623,2.42308,0
0.13247,-0.406182,2.42725,0
0.132558,-0.418293,2.43432,0
0.132645,-0.428216,2.42854,0
0.132732,-0.438097,2.42271,0
0.13282,-0.449939,2.42766,0
0.132907,-0.46146,2.43058,0
0.132994,-0.471298,2.42462,0
0.133081,-0.481873,2.42254,0
0.133169,-0.496825,2.44197,0
0.133256,-0.504421,2.4251,0
0.133343,-0.516245,2.42874,0
0.13343,-0.525776,2.42158,0
0.133518,-0.535688,2.41633,0
0.133605,-0.540047,2.38666,0
0.133692,-0.55158,2.38916,0
0.133779,-0.562458,2.38867,0
0.133867,-0.571007,2.37842,0
0.133954,-0.582093,2.37882,0
0.134041,-0.583999,2.34229,0
0.134129,-0.57526,2.26509,0
0.134216,-0.557346,2.1551,0
0.134303,-0.558342,2.12073,0
0.13439,-0.562414,2.09896,0
0.134478,-0.556048,2.03956,0
0.134565,-0.544364,1.96292,0
0.134652,-0.551567,1.95571,0
0.134739,-0.563403,1.96482,0
0.134827,-0.576728,1.97866,0
0.134914,-0.557522,1.88216,0
0.135001,-0.532587,1.76959,0
0.135088,-0.527731,1.72613,0
0.135176,-0.524582,1.68943,0
0.135263,-0.528941,1.67759,0
0.13535,-0.533512,1.66669,0
0.135438,-0.538308,1.65674,0
0.135525,-0.54146,1.64203,0
0.135612,-0.54386,1.62543,0
0.135699,-0.549983,1.6202,0
0.135787,-0.557373,1.61873,0
0.135874,-0.558826,1.60023,0
0.135961,-0.564134,1.59306,0
0.136048,-0.564659,1.57271,0
0.136136,-0.571858,1.57117,0
0.136223,-0.578708,1.56866,0
0.13631,-0.580994,1.55394,0
0.136397,-0.584226,1.54204,0
0.136485,-0.589515,1.53574,0
0.136572,-0.595123,1.53036,0
0.136659,-0.598496,1.51937,0
0.136747,-0.607344,1.52232,0
0.136834,-0.60911,1.5076,0
0.136921,-0.613032,1.49845,0
0.137008,-0.609997,1.47266,0
0.137096,-0.616804,1.47091,0
0.137183,-0.626342,1.47557,0
0.13727,-0.632774,1.47282,0
0.137357,-0.639992,1.47188,0
0.137445,-0.646408,1.46907,0
0.137532,-0.654846,1.47081,0
0.137619,-0.659204,1.46338,0
0.137706,-0.667241,1.46413,0
0.137794,-0.680741,1.47664,0
0.137881,-0.691403,1.48272,0
0.137968,-0.691894,1.46703,0
0.138056,-0.690109,1.44684,0
0.138143,-0.692506,1.43571,0
0.13823,-0.690435,1.4156,0
0.138317,-0.694393,1.40809,0
0.138405,-0.694284,1.39252,0
0.138492,-0.692251,1.3734,0
0.138579,-0.69052,1.35522,0
0.138666,-0.696426,1.3522,0
0.138754,-0.688929,1.32342,0
0.138841,-0.695162,1.32129,0
0.138928,-0.691062,1.2997,0
0.139015,-0.691047,1.2861,0
0.139103,-0.687586,1.26638,0
0.13919,-0.686852,1.25197,0
0.139277,-0.684551,1.23496,0
0.139365,-0.689933,1.23196,0
0.139452,-0.686931,1.21415,0
0.139539,-0.686267,1.20072,0
0.139626,-0.6925,1.19945,0
0.139714,-0.689163,1.18173,0
0.139801,-0.684669,1.16234,0
0.139888,-0.683599,1.14903,0
0.139975,-0.687061,1.14346,0
0.140063,-0.691006,1.13874,0
0.14015,-0.685518,1.11866,0
0.140237,-0.688288,1.11226,0
0.140324,-0.683596,1.09398,0
0.140412,-0.687829,1.09014,0
0.140499,-0.69043,1.08376,0
0.140586,-0.691906,1.07569,0
0.140674,-0.692781,1.06679,0
0.140761,-0.690849,1.05372,0
0.140848,-0.689369,1.04152,0
0.140935,-0.696685,1.04266,0
0.141023,-0.696754,1.03298,0
0.14111,-0.703506,1.03324,0
0.141197,-0.707441,1.02933,0
0.141284,-0.718766,1.0361,0
0.141372,-0.0625198,0.0892876,0
0.141459,-0.0525202,0.0743144,0
0.141546,-0.0511019,0.0716422,0
0.141633,-0.058425,0.0811574,0
0.141721,-0.0705342,0.097082,0
0.141808,-0.0656354,0.0895154,0
0.141895,-0.0600771,0.0811896,0
0.141983,-0.0789788,0.105766,0
0.14207,-0.0607833,0.0806622,0
0.142157,-0.0605294,0.0796002,0
0.142244,-0.0608761,0.0793353,0
0.142332,-0.0581606,0.0751155,0
0.142419,-0.0627975,0.0803771,0
0.142506,-0.059433,0.0753904,0
0.142593,-0.0578939,0.0727826,0
0.142681,-0.0669738,0.0834476,0
0.142768,-0.0604148,0.074606,0
0.142855,-0.0632705,0.0774393,0
0.142942,-0.0553388,0.0671313,0
0.14303,-0.0562706,0.0676581,0
0.143117,-0.0655643,0.0781365,0
0.143204,-0.0581512,0.0686909,0
0.143292,-0.0662437,0.0775614,0
0.143379,-0.0646232,0.0749989,0
0.143466,-0.0537968,0.0618862,0
0.143553,-0.0718687,0.0819505,0
0.143641,-0.0689125,0.0778914,0
0.143728,-0.0585976,0.065653,0
0.143815,-0.0595526,0.0661399,0
0.143902,-0.0564788,0.0621783,0
0.14399,-0.067559,0.0737277,0
0.144077,-0.0604133,0.0653547,0
0.144164,-0.0566059,0.0607024,0
0.144251,-0.0493332,0.0524427,0
0.144339,-0.0516266,0.0544031,0
0.144426,-0.055321,0.0577891,0
0.144513,-0.0423742,0.0438797,0
0.144601,-0.016747,0.0171912,0
0.144688,-0.0357464,0.0363758,0
0.144775,-0.0619533,0.0624963,0
0.144862,-0.0438406,0.0438406,0
