7200
826
0.715585
0.731293,-0.0671751,-0.0671751,0
0.73138,-0.0528011,-0.0532639,0
0.731467,-0.0448582,-0.045648,0
0.731555,-0.0509387,-0.05229,0
0.731642,-0.0326489,-0.033809,0
0.731729,-0.0663853,-0.0693469,0
0.731817,-0.0344177,-0.0362687,0
0.731904,-0.0630368,-0.0670101,0
0.731991,-0.0586519,-0.0628964,0
0.732078,-0.0644861,-0.0697606,0
0.732166,-0.0452645,-0.0493976,0
0.732253,-0.0611854,-0.0673598,0
0.73234,-0.0481774,-0.0535064,0
0.732427,-0.0359576,-0.0402871,0
0.732515,-0.0543348,-0.0614144,0
0.732602,-0.0507696,-0.0578917,0
0.732689,-0.0472362,-0.0543391,0
0.732776,-0.0633177,-0.0734838,0
0.732864,-0.0616976,-0.0722386,0
0.732951,-0.0684891,-0.0809026,0
0.733038,-0.0674927,-0.0804347,0
0.733126,-0.0652228,-0.0784219,0
0.733213,-0.0591553,-0.0717611,0
0.7333,-0.0620051,-0.0758905,0
0.733387,-0.062932,-0.0777146,0
0.733475,-0.0682257,-0.0850074,0
0.733562,-0.0572713,-0.072,0
0.733649,-0.0625285,-0.079317,0
0.733736,-0.0615661,-0.0788011,0
0.733824,-0.0575484,-0.0743248,0
0.733911,-0.0529622,-0.0690217,0
0.733998,-0.103505,-0.136116,0
0.734085,-0.134205,-0.178096,0
0.734173,-0.169924,-0.227556,0
0.73426,-0.18618,-0.251607,0
0.734347,-0.206958,-0.282256,0
0.734435,-0.228061,-0.313899,0
0.734522,-0.238374,-0.331122,0
0.734609,-0.0923318,-0.129444,0
0.734696,-0.0958061,-0.135562,0
0.734784,-0.333822,-0.476746,0
0.734871,-0.103169,-0.148718,0
0.734958,-0.107051,-0.15576,0
0.735045,-0.117626,-0.172757,0
0.735133,-0.116871,-0.173269,0
0.73522,-0.12167,-0.182092,0
0.735307,-0.119218,-0.180119,0
0.735394,-0.127752,-0.194855,0
0.735482,-0.290837,-0.44785,0
0.735569,-0.293208,-0.455843,0
0.735656,-0.29444,-0.462178,0
0.735744,-0.294555,-0.466842,0
0.735831,-0.296755,-0.474907,0
0.735918,-0.289944,-0.468544,0
0.736005,-0.291032,-0.474921,0
0.736093,-0.301926,-0.497559,0
0.73618,-0.303872,-0.505729,0
0.736267,-0.290414,-0.488143,0
0.736354,-0.276608,-0.469588,0
0.736442,-0.276068,-0.473382,0
0.736529,-0.2765,-0.478912,0
0.736616,-0.277385,-0.485323,0
0.736703,-0.281666,-0.497843,0
0.736791,-0.299525,-0.53484,0
0.736878,-0.298643,-0.538766,0
0.736965,-0.295808,-0.539187,0
0.737053,-0.296793,-0.546624,0
0.73714,-0.294405,-0.547914,0
0.737227,-0.297645,-0.559789,0
0.737314,-0.291475,-0.554002,0
0.737402,-0.289978,-0.557043,0
0.737489,-0.289376,-0.561859,0
0.737576,-0.293278,-0.57559,0
0.737663,-0.295715,-0.586687,0
0.737751,-0.296722,-0.595131,0
0.737838,-0.287488,-0.582967,0
0.737925,-0.270037,-0.553657,0
0.738012,-0.257626,-0.534114,0
0.7381,-0.254863,-0.53433,0
0.738187,-0.254235,-0.539055,0
0.738274,-0.262023,-0.561911,0
0.738362,-0.277153,-0.601191,0
0.738449,-0.28448,-0.624233,0
0.738536,-0.288735,-0.640969,0
0.738623,-0.290003,-0.651358,0
0.738711,-0.291186,-0.66177,0
0.738798,-0.291486,-0.670371,0
0.738885,-0.2929,-0.681743,0
0.738972,-0.29383,-0.69222,0
0.73906,-0.284619,-0.67874,0
0.739147,-0.283568,-0.684595,0
0.739234,-0.288909,-0.706187,0
0.739321,-0.291069,-0.720422,0
0.739409,-0.290517,-0.728187,0
0.739496,-0.289169,-0.734099,0
0.739583,-0.268567,-0.690618,0
0.739671,-0.267343,-0.696451,0
0.739758,-0.269615,-0.711638,0
0.739845,-0.264056,-0.706251,0
0.739932,-0.263049,-0.713025,0
0.74002,-0.260619,-0.716046,0
0.740107,-0.261548,-0.72847,0
0.740194,-0.246683,-0.696612,0
0.740281,-0.24463,-0.700514,0
0.740369,-0.248409,-0.721431,0
0.740456,-0.258759,-0.762279,0
0.740543,-0.261142,-0.78047,0
0.74063,-0.262744,-0.796798,0
0.740718,-0.258338,-0.795083,0
0.740805,-0.261269,-0.816203,0
0.740892,-0.263719,-0.83641,0
0.74098,-0.262439,-0.845193,0
0.741067,-0.265474,-0.868325,0
0.741154,-0.267158,-0.887669,0
0.741241,-0.267258,-0.902249,0
0.741329,-0.264438,-0.907247,0
0.741416,-0.265714,-0.926656,0
0.741503,-0.26764,-0.948981,0
0.74159,-0.267506,-0.964594,0
0.741678,-0.266188,-0.976365,0
0.741765,-0.266584,-0.994904,0
0.741852,-0.262749,-0.997991,0
0.741939,-0.265152,-1.02527,0
0.742027,-0.26363,-1.03805,0
0.742114,-0.268049,-1.07509,0
0.742201,-0.265971,-1.08693,0
0.742289,-0.22294,-0.928613,0
0.742376,-0.205364,-0.872148,0
0.742463,-0.197057,-0.853548,0
0.74255,-0.195317,-0.863178,0
0.742638,-0.186787,-0.842543,0
0.742725,-0.181412,-0.835533,0
0.742812,-0.16425,-0.772737,0
0.742899,-0.149677,-0.719598,0
0.742987,-0.143944,-0.707506,0
0.743074,-0.141636,-0.71205,0
0.743161,-0.139672,-0.718551,0
0.743248,-0.131313,-0.691645,0
0.743336,-0.132303,-0.713843,0
0.743423,-0.128831,-0.712445,0
0.74351,-0.125027,-0.709062,0
0.743598,-0.119561,-0.695803,0
0.743685,-0.117514,-0.702235,0
0.743772,-0.113966,-0.69978,0
0.743859,-0.106845,-0.674591,0
0.743947,-0.108616,-0.70569,0
0.744034,-0.104501,-0.699234,0
0.744121,-0.100445,-0.692756,0
0.744208,-0.0976995,-0.695168,0
0.744296,-0.0943957,-0.693606,0
0.744383,-0.0891494,-0.677157,0
0.74447,-0.0864463,-0.679523,0
0.744557,-0.0854304,-0.695775,0
0.744645,-0.0829814,-0.701106,0
0.744732,-0.077997,-0.684571,0
0.744819,-0.07686,-0.701804,0
0.744907,-0.0729609,-0.694176,0
0.744994,-0.0702318,-0.697473,0
0.745081,-0.0648876,-0.673883,0
0.745168,-0.0627701,-0.683122,0
0.745256,-0.0588301,-0.672431,0
0.745343,-0.0557299,-0.670689,0
0.74543,-0.0516261,-0.655972,0
0.745517,-0.0504679,-0.679127,0
0.745605,-0.0479925,-0.686324,0
0.745692,-0.0440163,-0.671559,0
0.745779,-0.0409636,-0.669748,0
0.745866,-0.037644,-0.662932,0
0.745954,-0.0347511,-0.66309,0
0.746041,-0.0327211,-0.681215,0
0.746128,-0.028876,-0.66137,0
0.746216,-0.0254011,-0.646501,0
0.746303,-0.0230686,-0.660597,0
0.74639,-0.0200943,-0.657693,0
0.746477,-0.0171983,-0.656775,0
0.746565,-0.0140706,-0.644846,0
0.746652,-0.0114662,-0.6569,0
0.746739,-0.00862605,-0.658944,0
0.746826,-0.00593405,-0.679974,0
0.746914,-0.0029627,-0.678994,0
0.747001,-8.15543e-09,-0.677,0
0.747088,0.00300631,-0.688993,0
0.747175,0.00613475,-0.702973,0
0.747263,0.00930669,-0.710939,0
0.74735,0.0125657,-0.71989,0
0.747437,0.0160776,-0.736825,0
0.747525,0.0195803,-0.747744,0
0.747612,0.0231176,-0.756647,0
0.747699,0.0264538,-0.757538,0
0.747786,0.0294841,-0.750421,0
0.747874,0.0331943,-0.760276,0
0.747961,0.0369911,-0.770112,0
0.748048,0.0411361,-0.784923,0
0.748135,0.0452408,-0.796717,0
0.748223,0.0493272,-0.806493,0
0.74831,0.0533035,-0.813255,0
0.748397,0.056991,-0.81501,0
0.748484,0.0632886,-0.851652,0
0.748572,0.208544,-2.64981,0
0.748659,0.2182,-2.62595,0
0.748746,0.230265,-2.63195,0
0.748834,0.243028,-2.64486,0
0.748921,0.254662,-2.64477,0
0.749008,0.2662,-2.64363,0
0.749095,0.276687,-2.6325,0
0.749183,0.287953,-2.62928,0
0.74927,0.299875,-2.63197,0
0.749357,0.310416,-2.62269,0
0.749444,0.320638,-2.61139,0
0.749532,0.331272,-2.60401,0
0.749619,0.341456,-2.59362,0
0.749706,0.353309,-2.59607,0
0.749793,0.355726,-2.53113,0
0.749881,0.373368,-2.57507,0
0.749968,0.385783,-2.58133,0
0.750055,0.390501,-2.53712,0
0.750143,0.407825,-2.5749,0
0.75023,0.417609,-2.56422,0
0.750317,0.428299,-2.55941,0
0.750404,0.440986,-2.56639,0
0.750492,0.455826,-2.58512,0
0.750579,0.470127,-2.59984,0
0.750666,0.48256,-2.60366,0
0.750753,0.482165,-2.53963,0
0.750841,0.491333,-2.52769,0
0.750928,0.503918,-2.53337,0
0.751015,0.514369,-2.52821,0
0.751102,0.52621,-2.52985,0
0.75119,0.537867,-2.53047,0
0.751277,0.548055,-2.52419,0
0.751364,0.562094,-2.53544,0
0.751452,0.570061,-2.51931,0
0.751539,0.582623,-2.52362,0
0.751626,0.595004,-2.52689,0
0.751713,0.603923,-2.51552,0
0.751801,0.61727,-2.52258,0
0.751888,0.624642,-2.5053,0
0.751975,0.638275,-2.51322,0
0.752062,0.656246,-2.53751,0
0.75215,0.66222,-2.51529,0
0.752237,0.674741,-2.51817,0
0.752324,0.685196,-2.51327,0
0.752411,0.700164,-2.52471,0
0.752499,0.713074,-2.52837,0
0.752586,0.721894,-2.51754,0
0.752673,0.733152,-2.51533,0
0.752761,0.743268,-2.50923,0
0.752848,0.755362,-2.50979,0
0.752935,0.766891,-2.50839,0
0.753022,0.781684,-2.51743,0
0.75311,0.790555,-2.50732,0
0.753197,0.80972,-2.52956,0
0.753284,0.813951,-2.50508,0
0.753371,0.828005,-2.511,0
0.753459,0.839588,-2.50926,0
0.753546,0.847636,-2.49705,0
0.753633,0.859825,-2.49711,0
0.75372,0.874669,-2.50467,0
0.753808,0.881918,-2.49046,0
0.753895,0.89852,-2.50259,0
0.753982,0.915246,-2.51462,0
0.75407,0.927594,-2.51435,0
0.754157,0.937505,-2.50747,0
0.754244,0.950917,-2.5099,0
0.754331,0.962935,-2.50853,0
0.754419,0.970971,-2.49685,0
0.754506,0.984789,-2.50003,0
0.754593,0.994947,-2.49385,0
0.75468,1.00769,-2.49412,0
0.754768,1.02235,-2.49896,0
0.754855,1.03554,-2.50002,0
0.754942,1.04373,-2.48902,0
0.755029,1.06083,-2.49917,0
0.755117,1.07173,-2.49452,0
0.755204,1.0846,-2.4944,0
0.755291,1.09789,-2.49514,0
0.755378,1.10836,-2.48941,0
0.755466,1.1188,-2.48364,0
0.755553,1.13004,-2.47964,0
0.75564,1.14713,-2.48831,0
0.755728,1.16051,-2.48872,0
0.755815,1.16965,-2.48002,0
0.755902,1.19165,-2.49836,0
0.755989,1.19255,-2.47242,0
0.756077,1.2178,-2.49685,0
0.756164,1.2216,-2.47716,0
0.756251,1.24177,-2.4906,0
0.756338,1.25667,-2.4932,0
0.756426,1.26845,-2.48947,0
0.756513,1.28617,-2.49725,0
0.7566,1.30398,-2.50492,0
0.756687,1.31955,-2.50805,0
0.756775,1.3286,-2.49874,0
0.756862,1.34565,-2.50437,0
0.756949,1.35799,-2.50111,0
0.757037,1.36649,-2.49078,0
0.757124,1.36959,-2.4708,0
0.757211,1.39648,-2.49359,0
0.757298,1.40833,-2.48922,0
0.757386,1.39933,-2.44832,0
0.757473,1.4025,-2.4292,0
0.75756,1.40654,-2.41183,0
0.757647,1.41603,-2.40395,0
0.757735,1.43111,-2.40548,0
0.757822,1.44211,-2.40007,0
0.757909,1.45412,-2.39632,0
0.757996,1.46822,-2.39592,0
0.758084,1.48919,-2.4065,0
0.758171,1.56379,-2.50259,0
0.758258,1.63499,-2.59131,0
0.758346,1.6667,-2.6162,0
0.758433,1.67269,-2.60049,0
0.75852,1.85232,-2.85232,0
0.758607,1.85762,-2.83334,0
0.758695,1.79048,-2.70513,0
0.758782,1.80116,-2.69562,0
0.758869,1.82409,-2.70432,0
0.758956,1.84262,-2.70625,0
0.759044,1.85498,-2.69901,0
0.759131,1.87301,-2.69993,0
0.759218,1.89796,-2.71057,0
0.759305,1.96807,-2.78475,0
0.759393,1.97904,-2.77451,0
0.75948,1.94205,-2.69767,0
0.759567,1.95674,-2.69322,0
0.759655,1.97852,-2.69836,0
0.759742,2.00039,-2.70337,0
0.759829,2.01276,-2.69542,0
0.759916,2.03173,-2.69619,0
0.760004,2.04771,-2.69287,0
0.760091,2.06309,-2.68867,0
0.760178,2.0846,-2.6923,0
0.760265,2.10372,-2.69263,0
0.760353,2.12597,-2.69678,0
0.76044,2.13772,-2.68748,0
0.760527,2.1657,-2.6984,0
0.760614,2.18374,-2.6967,0
0.760702,2.20435,-2.69798,0
0.760789,2.22437,-2.69837,0
0.760876,2.23548,-2.68787,0
0.760964,2.2549,-2.68728,0
0.761051,2.2595,-2.66902,0
0.761138,2.27112,-2.65914,0
0.761225,2.26312,-2.62648,0
0.761313,2.26603,-2.60677,0
0.7614,2.26749,-2.58558,0
0.761487,2.27477,-2.57117,0
0.761574,2.25534,-2.5269,0
0.761662,2.04553,-2.27179,0
0.761749,2.01441,-2.21769,0
0.761836,2.01731,-2.20151,0
0.761923,2.00246,-2.16625,0
0.762011,2.00849,-2.15384,0
0.762098,2.01033,-2.13704,0
0.762185,2.01481,-2.12317,0
0.762273,2.01645,-2.10641,0
0.76236,2.02632,-2.09831,0
0.762447,2.01452,-2.06796,0
0.762534,2.01371,-2.04917,0
0.762622,2.01348,-2.03113,0
0.762709,2.00748,-2.00748,0
0.762796,2.00627,-1.98884,0
0.762883,2.00709,-1.97236,0
0.762971,2.00779,-1.95591,0
0.763058,2.0012,-1.93254,0
0.763145,2.01106,-1.92517,0
0.763232,2.01074,-1.90812,0
0.76332,2.00885,-1.88973,0
0.763407,2.00757,-1.87209,0
0.763494,2.01204,-1.85991,0
0.763582,2.00023,-1.83288,0
0.763669,2.01117,-1.82682,0
0.763756,2.01392,-1.81334,0
0.763843,2.00913,-1.79322,0
0.763931,2.0072,-1.77582,0
0.764018,2.00215,-1.75584,0
0.764105,2.00526,-1.74315,0
0.764192,2.00073,-1.72394,0
0.76428,2.00367,-1.7113,0
0.764367,1.99967,-1.69284,0
0.764454,1.99938,-1.67768,0
0.764541,2.00053,-1.66382,0
0.764629,2.00468,-1.65253,0
0.764716,2.00103,-1.63491,0
0.764803,2.00115,-1.6205,0
0.764891,2.0004,-1.60549,0
0.764978,1.99487,-1.58679,0
0.765065,1.99392,-1.57188,0
0.765152,1.99367,-1.55762,0
0.76524,1.99649,-1.54585,0
0.765327,1.99528,-1.53104,0
0.765414,1.98921,-1.51263,0
0.765501,1.99659,-1.50454,0
0.765589,1.99192,-1.48743,0
0.765676,2,-1.47992,0
0.765763,1.9895,-1.45876,0
0.76585,1.99423,-1.44889,0
0.765938,1.9916,-1.43375,0
0.766025,1.9954,-1.4233,0
0.766112,1.98934,-1.40593,0
0.7662,1.99873,-1.39953,0
0.766287,1.98921,-1.37996,0
0.766374,1.99686,-1.3724,0
0.766461,1.9863,-1.35242,0
0.766549,1.98886,-1.3415,0
0.766636,1.99303,-1.3317,0
0.766723,1.99049,-1.31747,0
0.76681,1.99622,-1.30878,0
0.766898,1.99436,-1.29515,0
0.766985,1.99074,-1.28049,0
0.767072,1.99631,-1.27179,0
0.767159,1.99507,-1.2588,0
0.767247,1.99122,-1.24425,0
0.767334,1.99408,-1.23397,0
0.767421,1.99433,-1.22212,0
0.767509,1.99451,-1.2103,0
0.767596,1.98606,-1.19334,0
0.767683,1.99124,-1.18467,0
0.76777,1.99295,-1.17394,0
0.767858,1.99892,-1.16573,0
0.767945,1.99792,-1.1535,0
0.768032,2.00207,-1.14428,0
0.768119,1.99747,-1.13011,0
0.768207,1.99453,-1.11699,0
0.768294,1.99151,-1.10391,0
0.768381,1.98842,-1.09088,0
0.768468,1.99228,-1.08172,0
0.768556,1.99346,-1.07112,0
0.768643,1.98663,-1.05631,0
0.76873,1.99565,-1.04996,0
0.768818,1.99311,-1.03755,0
0.768905,1.99495,-1.02747,0
0.768992,1.9914,-1.01467,0
0.769079,1.9967,-1.00642,0
0.769167,1.99123,-0.99279,0
0.769254,1.99106,-0.981881,0
0.769341,1.98364,-0.967485,0
0.769428,1.99865,-0.964034,0
0.769516,1.99471,-0.95143,0
0.769603,1.98799,-0.937598,0
0.76969,1.98844,-0.927225,0
0.769777,1.98429,-0.914772,0
0.769865,1.98918,-0.90652,0
0.769952,1.98308,-0.893314,0
0.770039,1.97965,-0.881398,0
0.770127,1.99813,-0.879196,0
0.770214,1.99461,-0.867279,0
0.770301,1.99653,-0.857778,0
0.770388,1.99197,-0.845542,0
0.770476,1.98827,-0.833749,0
0.770563,1.99004,-0.8243,0
0.77065,1.99454,-0.815988,0
0.770737,1.99901,-0.807652,0
0.770825,1.99044,-0.794105,0
0.770912,1.98923,-0.78358,0
0.770999,1.98984,-0.773805,0
0.771086,1.99319,-0.765116,0
0.771174,1.99277,-0.754994,0
0.771261,1.99324,-0.745241,0
0.771348,1.9824,-0.731345,0
0.771436,1.98651,-0.723031,0
0.771523,1.99623,-0.716721,0
0.77161,2.00688,-0.710675,0
0.771697,2.00241,-0.699274,0
0.771785,1.9941,-0.686623,0
0.771872,1.99897,-0.678559,0
0.771959,1.99148,-0.66634,0
0.772046,1.99627,-0.65827,0
0.772134,1.99627,-0.648627,0
0.772221,1.99146,-0.637471,0
0.772308,1.98755,-0.626671,0
0.772395,1.99122,-0.618289,0
0.772483,1.98624,-0.607256,0
0.77257,1.98696,-0.598007,0
0.772657,1.98859,-0.589048,0
0.772745,1.98154,-0.577567,0
0.772832,1.98501,-0.569191,0
0.772919,1.99517,-0.562696,0
0.773006,1.99664,-0.553718,0
0.773094,1.99132,-0.542896,0
0.773181,1.98788,-0.53265,0
0.773268,1.99598,-0.525498,0
0.773355,1.99245,-0.515282,0
0.773443,1.99468,-0.506584,0
0.77353,1.99105,-0.496424,0
0.773617,1.99611,-0.488445,0
0.773704,1.99919,-0.479964,0
0.773792,1.99153,-0.468944,0
0.773879,1.99551,-0.4607,0
0.773966,1.99165,-0.450664,0
0.774054,1.98579,-0.440238,0
0.774141,1.99551,-0.433267,0
0.774228,1.99346,-0.423724,0
0.774315,1.99236,-0.414411,0
0.774403,1.98729,-0.404318,0
0.77449,1.98511,-0.394863,0
0.774577,1.98289,-0.385434,0
0.774664,1.99241,-0.378271,0
0.774752,1.98814,-0.36848,0
0.774839,1.99071,-0.35998,0
0.774926,1.98439,-0.349901,0
0.775013,1.99082,-0.342086,0
0.775101,1.9923,-0.333396,0
0.775188,1.98189,-0.322771,0
0.775275,1.98427,-0.314277,0
0.775363,1.97771,-0.304399,0
0.77545,1.98001,-0.295915,0
0.775537,1.99316,-0.288994,0
0.775624,1.98549,-0.279042,0
0.775712,1.9857,-0.270241,0
0.775799,1.98785,-0.261705,0
0.775886,1.98401,-0.252398,0
0.775973,1.98211,-0.243373,0
0.776061,1.98514,-0.234957,0
0.776148,1.98516,-0.22618,0
0.776235,1.98811,-0.217734,0
0.776322,1.98805,-0.208952,0
0.77641,1.97999,-0.199374,0
0.776497,1.97984,-0.190637,0
0.776584,1.97767,-0.181722,0
0.776672,1.98542,-0.173701,0
0.776759,1.98416,-0.164871,0
0.776846,1.98087,-0.155898,0
0.776933,1.98353,-0.147402,0
0.777021,1.97817,-0.138327,0
0.777108,1.97875,-0.129694,0
0.777195,1.98529,-0.121426,0
0.777282,1.9878,-0.112875,0
0.77737,1.98927,-0.104253,0
0.777457,1.98471,-0.0953326,0
0.777544,1.98811,-0.0868026,0
0.777631,1.97847,-0.0777345,0
0.777719,1.9678,-0.0687172,0
0.777806,1.97808,-0.0604358,0
0.777893,1.98732,-0.0520398,0
0.777981,1.98653,-0.0433462,0
0.778068,1.9807,-0.0345733,0
0.778155,1.97083,-0.0257996,0
0.778242,1.98092,-0.0172873,0
0.77833,1.97498,-0.00861758,0
0.778417,1.959,-4.7436e-08,0
0.778504,1.93298,0.00843423,0
0.778591,1.87893,0.0163971,0
0.778679,1.72585,0.0225926,0
0.778766,1.68074,0.0293375,0
0.778853,1.6706,0.0364526,0
0.77894,1.66843,0.0436893,0
0.779028,1.67022,0.0510298,0
0.779115,1.67398,0.0584566,0
0.779202,1.67171,0.0656816,0
0.77929,1.6754,0.0731497,0
0.779377,1.67807,0.0806032,0
0.779464,1.66771,0.087401,0
0.779551,1.66831,0.0947336,0
0.779639,1.66788,0.102012,0
0.779726,1.67341,0.109681,0
0.779813,1.67092,0.116842,0
0.7799,1.6674,0.123909,0
0.779988,1.67582,0.13189,0
0.780075,1.742,0.144749,0
0.780162,1.93461,0.169256,0
0.780249,1.95477,0.179618,0
0.780337,1.96392,0.189104,0
0.780424,1.96407,0.197771,0
0.780511,1.98507,0.208639,0
0.780599,1.98414,0.217298,0
0.780686,1.98118,0.225727,0
0.780773,1.98514,0.234957,0
0.78086,1.99105,0.24447,0
0.780948,1.98203,0.252145,0
0.781035,1.98388,0.261183,0
0.781122,1.98272,0.269837,0
0.781209,1.98945,0.279599,0
0.781297,1.98722,0.288133,0
0.781384,1.98594,0.296801,0
0.781471,1.97079,0.303334,0
0.781558,1.96352,0.310992,0
0.781646,1.97893,0.322289,0
0.781733,1.98243,0.331746,0
0.78182,1.96914,0.33836,0
0.781908,1.97355,0.347991,0
0.781995,1.97399,0.356955,0
0.782082,1.98126,0.367205,0
0.782169,1.97571,0.3751,0
0.782257,1.97602,0.384098,0
0.782344,1.97432,0.392717,0
0.782431,1.98533,0.403919,0
0.782518,1.9718,0.410134,0
0.782606,1.97195,0.41915,0
0.782693,1.96814,0.427326,0
0.78278,1.97895,0.438723,0
0.782867,1.97312,0.446471,0
0.782955,1.97115,0.455076,0
0.783042,1.97207,0.46436,0
0.783129,1.97099,0.473194,0
0.783217,1.96891,0.481789,0
0.783304,1.96873,0.490859,0
0.783391,1.97239,0.500922,0
0.783478,1.97018,0.509523,0
0.783566,1.96794,0.518115,0
0.783653,1.96566,0.526697,0
0.78374,1.9701,0.53711,0
0.783827,1.97062,0.546502,0
0.783915,1.96245,0.553467,0
0.784002,1.97155,0.565332,0
0.784089,1.97386,0.575328,0
0.784176,1.98188,0.58706,0
0.784264,1.96877,0.592532,0
0.784351,1.97668,0.604332,0
0.784438,1.97594,0.613544,0
0.784525,1.9761,0.623062,0
0.784613,1.97051,0.630764,0
0.7847,1.97439,0.641519,0
0.784787,1.97347,0.650754,0
0.784875,1.97631,0.661263,0
0.784962,1.9734,0.66988,0
0.785049,1.98464,0.683367,0
0.785136,1.97598,0.690042,0
0.785224,1.97578,0.699659,0
0.785311,1.97929,0.710639,0
0.785398,1.97429,0.718584,0
0.785485,1.9824,0.731345,0
0.785573,1.97544,0.738587,0
0.78566,1.99371,0.755348,0
0.785747,1.98853,0.763324,0
0.785834,1.97958,0.769818,0
0.785922,1.97993,0.779915,0
0.786009,1.97929,0.789658,0
0.786096,1.97583,0.798287,0
0.786184,1.97973,0.809929,0
0.786271,1.97433,0.817795,0
0.786358,1.98181,0.831042,0
0.786445,1.97909,0.840072,0
0.786533,1.97724,0.849489,0
0.78662,1.98177,0.861697,0
0.786707,1.97341,0.868322,0
0.786794,1.97783,0.880585,0
0.786882,1.97488,0.889617,0
0.786969,1.97826,0.901543,0
0.787056,1.97158,0.90891,0
0.787143,1.97484,0.920885,0
0.787231,1.97533,0.931626,0
0.787318,1.97125,0.940236,0
0.787405,1.96622,0.948394,0
0.787493,1.96386,0.957841,0
0.78758,1.9794,0.976131,0
0.787667,1.97333,0.983866,0
0.787754,1.97259,0.994267,0
0.787842,1.96912,1.00332,0
0.787929,1.97273,1.01602,0
0.788016,1.97183,1.02647,0
0.788103,1.97175,1.03739,0
0.788191,1.9725,1.0488,0
0.788278,1.97584,1.06166,0
0.788365,1.96591,1.0674,0
0.788452,1.96913,1.0803,0
0.78854,1.97314,1.09373,0
0.788627,1.9701,1.10331,0
0.788714,1.96439,1.1114,0
0.788802,1.96821,1.12492,0
0.788889,1.96761,1.136,0
0.788976,1.96436,1.14558,0
0.789063,1.95848,1.15363,0
0.789151,1.96976,1.17188,0
0.789238,1.96891,1.18304,0
0.789325,1.97228,1.19681,0
0.789412,1.96619,1.20488,0
0.7895,1.96431,1.21555,0
0.789587,1.96917,1.23047,0
0.789674,1.96463,1.23959,0
0.789761,1.96763,1.25352,0
0.789849,1.96971,1.26696,0
0.789936,1.9692,1.27881,0
0.790023,1.96025,1.2852,0
0.790111,1.97214,1.30533,0
0.790198,1.96643,1.31392,0
0.790285,1.96896,1.32808,0
0.790372,1.9615,1.33554,0
0.79046,1.97049,1.35428,0
0.790547,1.96538,1.36343,0
0.790634,1.96187,1.37372,0
0.790721,1.96076,1.38573,0
0.790809,1.96935,1.40472,0
0.790896,1.96563,1.41505,0
0.790983,1.97319,1.43361,0
0.79107,1.97256,1.44634,0
0.791158,1.96784,1.45613,0
0.791245,1.96467,1.46709,0
0.791332,1.97343,1.48708,0
0.79142,1.96533,1.49447,0
0.791507,1.96672,1.50912,0
0.791594,1.96961,1.52503,0
0.791681,1.96293,1.53361,0
0.791769,1.9735,1.55578,0
0.791856,1.95965,1.55878,0
0.791943,1.96921,1.58046,0
0.79203,1.96463,1.59092,0
0.792118,1.96309,1.60391,0
0.792205,1.9553,1.61182,0
0.792292,1.969,1.6376,0
0.792379,1.97103,1.65389,0
0.792467,1.96609,1.66442,0
0.792554,1.96641,1.67947,0
0.792641,1.96437,1.69261,0
0.792729,1.963,1.70641,0
0.792816,1.96305,1.72155,0
0.792903,1.96451,1.73805,0
0.79299,1.96362,1.7526,0
0.793078,1.96339,1.76784,0
0.793165,1.96602,1.78581,0
0.793252,1.96263,1.79842,0
0.793339,1.96358,1.81511,0
0.793427,1.95783,1.82571,0
0.793514,1.96077,1.84451,0
0.793601,1.96359,1.86338,0
0.793688,1.96194,1.87815,0
0.793776,1.95157,1.88461,0
0.793863,1.95336,1.90287,0
0.79395,1.96144,1.9275,0
0.794038,1.9594,1.94238,0
0.794125,1.96293,1.96293,0
0.794212,1.96209,1.97929,0
0.794299,1.96465,1.99924,0
0.794387,1.96288,2.01496,0
0.794474,1.96936,2.03933,0
0.794561,1.96251,2.05007,0
0.794648,1.9625,2.06804,0
0.794736,1.96785,2.09188,0
0.794823,1.96143,2.10337,0
0.79491,1.96784,2.1288,0
0.794997,1.97137,2.15138,0
0.795085,1.97676,2.17624,0
0.795172,1.97059,2.18856,0
0.795259,1.97501,2.21281,0
0.795347,1.97196,2.22889,0
0.795434,1.96485,2.24048,0
0.795521,1.96424,2.2596,0
0.795608,1.96807,2.28406,0
0.795696,1.97627,2.31392,0
0.795783,1.98037,2.33931,0
0.79587,1.98557,2.36631,0
0.795957,2.03406,2.44569,0
0.796045,2.03736,2.47151,0
0.796132,2.05376,2.51368,0
0.796219,2.05473,2.53738,0
0.796306,2.04114,2.5432,0
0.796394,2.02131,2.54113,0
0.796481,2.01515,2.55621,0
0.796568,2.00336,2.56419,0
0.796656,2.00868,2.59425,0
0.796743,2.02291,2.63631,0
0.79683,2.04166,2.68491,0
0.796917,2.04316,2.71137,0
0.797005,2.05405,2.7507,0
0.797092,2.02061,2.7307,0
0.797179,2.01814,2.7524,0
0.797266,2.00082,2.75389,0
0.797354,1.99638,2.77315,0
0.797441,1.98484,2.78265,0
0.797528,1.9698,2.7872,0
0.797615,1.96393,2.80478,0
0.797703,1.95908,2.824,0
0.79779,1.96373,2.85725,0
0.797877,1.96869,2.89141,0
0.797965,1.96948,2.91987,0
0.798052,1.96894,2.94673,0
0.798139,1.97097,2.97781,0
0.798226,1.96453,2.99641,0
0.798314,1.96778,3.03012,0
0.798401,1.96969,3.06222,0
0.798488,1.96867,3.09019,0
0.798575,1.97544,3.13088,0
0.798663,1.97342,3.15813,0
0.79875,1.97383,3.18967,0
0.798837,1.96146,3.20081,0
0.798924,1.94177,3.19994,0
0.799012,1.92161,3.19809,0
0.799099,1.91121,3.21246,0
0.799186,1.88957,3.20785,0
0.799274,1.86497,3.19792,0
0.799361,1.853,3.20949,0
0.799448,1.83104,3.20365,0
0.799535,1.81458,3.20726,0
0.799623,1.79275,3.20119,0
0.79971,1.7744,3.20111,0
0.799797,1.7532,3.19567,0
0.799884,1.73829,3.20153,0
0.799972,1.7191,3.1994,0
0.800059,1.69291,3.18391,0
0.800146,1.67854,3.19038,0
0.800233,1.6586,3.18614,0
0.800321,1.64926,3.20224,0
0.800408,1.638,3.21475,0
0.800495,1.63746,3.24866,0
0.800583,1.62461,3.25846,0
0.80067,1.62541,3.29601,0
0.800757,1.62636,3.33453,0
0.800844,1.62265,3.36411,0
0.800932,1.64541,3.44968,0
0.801019,1.78562,3.78605,0
0.801106,1.61652,3.46663,0
0.801193,1.76381,3.82601,0
0.801281,1.76079,3.8637,0
0.801368,1.76897,3.92696,0
0.801455,1.77093,3.97758,0
0.801542,1.77652,4.03744,0
0.80163,1.77643,4.0855,0
0.801717,1.78069,4.14467,0
0.801804,1.78134,4.19658,0
0.801892,1.77616,4.23567,0
0.801979,1.7745,4.28403,0
0.802066,1.77889,4.34819,0
0.802153,1.77601,4.39578,0
0.802241,1.77942,4.46014,0
0.802328,1.77277,4.50043,0
0.802415,1.76834,4.54727,0
0.802502,1.7707,4.61282,0
0.80259,1.7672,4.66445,0
0.802677,1.7689,4.73113,0
0.802764,1.76658,4.78853,0
0.802851,1.76517,4.84975,0
0.802939,1.75953,4.9007,0
0.803026,1.14095,3.22195,0
0.803113,1.12622,3.22501,0
0.803201,1.10335,3.20436,0
0.803288,1.08872,3.20725,0
0.803375,1.0709,3.20059,0
0.803462,1.06163,3.21948,0
0.80355,1.0556,3.24881,0
0.803637,1.04294,3.25815,0
0.803724,1.03774,3.29128,0
0.803811,1.75434,5.6499,0
0.803899,1.75423,5.73783,0
0.803986,1.75569,5.83352,0
0.804073,1.75607,5.92838,0
0.80416,1.74417,5.98399,0
0.804248,1.72025,5.99923,0
0.804335,1.69596,6.01342,0
0.804422,1.66623,6.00824,0
0.80451,1.63763,6.00677,0
0.804597,1.60856,6.00323,0
0.804684,1.57955,5.99955,0
0.804771,1.5506,5.99574,0
0.804859,1.52369,5.99954,0
0.804946,1.49653,6.00225,0
0.805033,1.467,5.99512,0
0.80512,1.43709,5.98591,0
0.805208,1.41394,6.00478,0
0.805295,1.38277,5.98945,0
0.805382,1.35663,5.99543,0
0.805469,1.3311,6.00422,0
0.805557,1.30001,5.98749,0
0.805644,1.27284,5.98822,0
0.805731,1.24751,5.99763,0
0.805819,1.21714,5.98244,0
0.805906,1.18908,5.97789,0
0.805993,1.16661,6.00167,0
0.80608,1.13742,5.99098,0
0.806168,1.10945,5.98606,0
0.806255,1.0835,5.99182,0
0.806342,1.05648,5.99157,0
0.806429,1.02778,5.98134,0
0.806517,1.00184,5.98675,0
0.806604,0.974743,5.98515,0
0.806691,0.947837,5.9844,0
0.806778,0.921259,5.98552,0
0.806866,0.894838,5.9875,0
0.806953,0.867557,5.98343,0
0.80704,0.83476,5.93963,0
0.807128,0.808836,5.94321,0
0.807215,0.785376,5.96552,0
0.807302,0.756942,5.95005,0
0.807389,0.730363,5.94833,0
0.807477,0.705695,5.96238,0
0.807564,0.677861,5.94951,0
0.807651,0.656032,5.99018,0
0.807738,0.628948,5.98404,0
0.807826,0.60163,5.97479,0
0.807913,0.575554,5.97735,0
0.808,0.549376,5.97881,0
0.808087,0.522237,5.9692,0
0.808175,0.496767,5.9784,0
0.808262,0.470598,5.97951,0
0.808349,0.444577,5.9825,0
0.808437,0.417772,5.97441,0
0.808524,0.39183,5.97817,0
0.808611,0.365559,5.97683,0
0.808698,0.33908,5.97138,0
0.808786,0.312708,5.96681,0
0.808873,0.286526,5.96512,0
0.80896,0.260321,5.96232,0
0.809047,0.234264,5.9624,0
0.809135,0.208385,5.96736,0
0.809222,0.182529,5.97421,0
0.809309,0.156355,5.97095,0
0.809396,0.130191,5.96658,0
0.809484,0.104226,5.97109,0
0.809571,0.0781713,5.97149,0
0.809658,0.0520365,5.96277,0
0.809746,0.026023,5.96394,0
0.809833,2.16912e-07,5.962,0
0.80992,-0.0260095,5.96094,0
0.810007,-0.0520972,5.96977,0
0.810095,-0.078053,5.96249,0
0.810182,-0.103859,5.95009,0
0.810269,-0.130235,5.96858,0
0.810356,-0.155884,5.95296,0
0.810444,-0.182223,5.96422,0
0.810531,-0.207582,5.94438,0
0.810618,-0.233831,5.95141,0
0.810705,-0.260015,5.95533,0
0.810793,-0.286333,5.96113,0
0.81088,-0.312288,5.95882,0
0.810967,-0.337945,5.95141,0
0.811055,-0.364582,5.96086,0
0.811142,-0.390391,5.95622,0
0.811229,-0.416306,5.95346,0
0.811316,-0.44265,5.95658,0
0.811404,-0.468714,5.95558,0
0.811491,-0.495027,5.95747,0
0.811578,-0.520755,5.95226,0
0.811665,-0.546813,5.95093,0
0.811753,-0.573445,5.95546,0
0.81184,-0.599726,5.95588,0
0.811927,-0.624766,5.94426,0
0.812014,-0.650479,5.93949,0
0.812102,-0.677521,5.94653,0
0.812189,-0.704401,5.95146,0
0.812276,-0.730241,5.94734,0
0.812363,-0.756436,5.94608,0
0.812451,-0.782765,5.94569,0
0.812538,-0.808701,5.94222,0
0.812625,-0.834899,5.94062,0
0.812713,-0.86196,5.94484,0
0.8128,-0.887743,5.94003,0
0.812887,-0.913196,5.93313,0
0.812974,-0.942517,5.95082,0
0.813062,-0.96767,5.94172,0
0.813149,-0.991936,5.92758,0
0.813236,-1.01948,5.93305,0
0.813323,-1.04449,5.92362,0
0.813411,-1.06784,5.90523,0
0.813498,-1.09779,5.92313,0
0.813585,-1.1225,5.91239,0
0.813672,-1.15039,5.91823,0
0.81376,-1.16625,5.86313,0
0.813847,-1.1675,5.73844,0
0.813934,-1.15994,5.57664,0
0.814022,-1.15433,5.43068,0
0.814109,-1.17313,5.40311,0
0.814196,-1.16033,5.23392,0
0.814283,-1.14432,5.05715,0
0.814371,-1.14545,4.96149,0
0.814458,-1.13913,4.83769,0
0.814545,-1.14388,4.76461,0
0.814632,-1.14493,4.67895,0
0.81472,-1.13921,4.56912,0
0.814807,-1.1387,4.48366,0
0.814894,-1.13948,4.40604,0
0.814981,-1.13705,4.31883,0
0.815069,-1.13777,4.24621,0
0.815156,-1.13971,4.18042,0
0.815243,-1.13683,4.09928,0
0.815331,-1.13544,4.02595,0
0.815418,-1.13122,3.94502,0
0.815505,-1.13331,3.8882,0
0.815592,-1.1301,3.81514,0
0.81568,-1.13319,3.76517,0
0.815767,-0.732391,2.39554,0
0.815854,-0.739278,2.38086,0
0.815941,-0.736729,2.33661,0
0.816029,-0.748137,2.33718,0
0.816116,-0.755856,2.32628,0
0.816203,-0.767564,2.32771,0
0.81629,-0.777079,2.32244,0
0.816378,-0.787205,2.31903,0
0.816465,-0.806432,2.34205,0
0.816552,-0.818622,2.34417,0
0.81664,-0.83218,2.35001,0
0.816727,-0.857295,2.38776,0
0.816814,-0.861207,2.36615,0
0.816901,-0.914787,2.47964,0
0.816989,-0.956766,2.55899,0
0.817076,-1.09866,2.89985,0
0.817163,-1.11166,2.89597,0
0.81725,-1.10942,2.85288,0
0.817338,-1.1116,2.82196,0
0.817425,-1.11241,2.78829,0
0.817512,-1.11258,2.75374,0
0.817599,-1.11209,2.71831,0
0.817687,-1.10672,2.67186,0
0.817774,-1.11025,2.64764,0
0.817861,-1.10889,2.61239,0
0.817949,-1.10844,2.57997,0
0.818036,-1.10892,2.55034,0
0.818123,-1.11118,2.52534,0
0.81821,-1.11161,2.49672,0
0.818298,-1.11223,2.46905,0
0.818385,-1.10765,2.43051,0
0.818472,-1.10568,2.39841,0
0.818559,-1.10599,2.37181,0
0.818647,-1.10396,2.34073,0
0.818734,-1.10469,2.31603,0
0.818821,-1.10393,2.28867,0
0.818908,-1.10776,2.27125,0
0.818996,-1.09953,2.22963,0
0.819083,-1.10389,2.21407,0
0.81917,-1.10229,2.18691,0
0.819258,-1.10183,2.16247,0
0.819345,-1.1021,2.13986,0
0.819432,-1.09804,2.10931,0
0.819519,-1.10211,2.09477,0
0.819607,-1.09622,2.06168,0
0.819694,-1.10378,2.05424,0
0.819781,-1.09603,2.01864,0
0.819868,-1.09954,2.0042,0
0.819956,-1.10197,1.98801,0
0.820043,-1.0994,1.96312,0
0.82013,-1.10057,1.94524,0
0.820217,-1.09515,1.91611,0
0.820305,-1.0995,1.90439,0
0.820392,-1.10024,1.88662,0
0.820479,-1.09527,1.8594,0
0.820567,-1.09314,1.83741,0
0.820654,-1.09755,1.82662,0
0.820741,-1.09617,1.80643,0
0.820828,-1.09568,1.78799,0
0.820916,-1.09452,1.76873,0
0.821003,-1.09905,1.75885,0
0.82109,-1.09124,1.72951,0
0.821177,-1.09502,1.71883,0
0.821265,-1.09223,1.69806,0
0.821352,-1.0969,1.68908,0
0.821439,-1.09384,1.66839,0
0.821526,-1.09725,1.65777,0
0.821614,-1.09392,1.63716,0
0.821701,-1.09266,1.61994,0
0.821788,-1.0924,1.60441,0
0.821876,-1.09203,1.58892,0
0.821963,-1.09439,1.57756,0
0.82205,-1.0898,1.55639,0
0.822137,-1.09369,1.54754,0
0.822225,-1.09288,1.53217,0
0.822312,-1.09605,1.52251,0
0.822399,-1.09563,1.50801,0
0.822486,-1.08919,1.48547,0
0.822574,-1.09209,1.47588,0
0.822661,-1.09374,1.46469,0
0.822748,-1.09591,1.45432,0
0.822835,-1.08953,1.4328,0
0.822923,-1.09334,1.42486,0
0.82301,-1.09281,1.41138,0
0.823097,-1.09649,1.40345,0
0.823185,-1.0927,1.38608,0
0.823272,-1.09625,1.37817,0
0.823359,-0.048822,0.060831,0
0.823446,-0.0516043,0.063726,0
0.823534,-0.0544127,0.0665978,0
0.823621,-0.0642439,0.0779341,0
0.823708,-0.0665017,0.0799596,0
0.823795,-0.0854907,0.101884,0
0.823883,-0.0723659,0.085482,0
0.82397,-0.0668931,0.0783218,0
0.824057,-0.0626649,0.0727262,0
0.824144,-0.0820074,0.0943387,0
0.824232,-0.068572,0.0781913,0
0.824319,-0.0622863,0.0704018,0
0.824406,-0.0612611,0.0686373,0
0.824494,-0.0501848,0.0557359,0
0.824581,-0.0551341,0.0606979,0
0.824668,-0.0439134,0.047923,0
0.824755,-0.0726317,0.0785725,0
0.824843,-0.0395559,0.0424185,0
0.82493,-0.0438517,0.0466157,0
0.825017,-0.0199623,0.0210359,0
0.825104,-0.0470229,0.0491208,0
0.825192,-0.0423742,0.0438797,0
0.825279,-0.073268,0.0752117,0
0.825366,-0.0238309,0.0242505,0
0.825453,-0.0415369,0.0419009,0
