7200
6777
5.89921
5.91492,-0.0650538,-0.0650538,0
5.91501,-0.0387208,-0.0390602,0
5.9151,-0.0490636,-0.0499275,0
5.91518,-0.0614056,-0.0630346,0
5.91527,-0.110451,-0.114375,0
5.91536,-0.139686,-0.145918,0
5.91544,-0.198246,-0.208908,0
5.91553,-0.182944,-0.194475,0
5.91562,-0.200508,-0.215018,0
5.91571,-0.174452,-0.188721,0
5.91579,-0.287126,-0.313343,0
5.91588,-0.291135,-0.320514,0
5.91597,-0.301109,-0.334415,0
5.91606,-0.127849,-0.143243,0
5.91614,-0.292215,-0.330289,0
5.91623,-0.298684,-0.340583,0
5.91632,-0.294571,-0.338865,0
5.9164,-0.299617,-0.347722,0
5.91649,-0.304591,-0.35663,0
5.91658,-0.303032,-0.357956,0
5.91667,-0.30661,-0.365403,0
5.91675,-0.306291,-0.368275,0
5.91684,-0.311042,-0.377324,0
5.91693,-0.306229,-0.374806,0
5.91702,-0.315289,-0.38935,0
5.9171,-0.307328,-0.382923,0
5.91719,-0.305655,-0.384261,0
5.91728,-0.310166,-0.393444,0
5.91736,-0.309062,-0.395581,0
5.91745,-0.306109,-0.395345,0
5.91754,-0.306816,-0.39985,0
5.91763,-0.308095,-0.405165,0
5.91771,-0.309333,-0.410499,0
5.9178,-0.305744,-0.409441,0
5.91789,-0.309903,-0.418809,0
5.91798,-0.309255,-0.421771,0
5.91806,-0.315641,-0.434442,0
5.91815,-0.309652,-0.430134,0
5.91824,-0.307192,-0.430667,0
5.91832,-0.301847,-0.427104,0
5.91841,-0.313746,-0.448076,0
5.9185,-0.308938,-0.445333,0
5.91859,-0.306426,-0.445852,0
5.91867,-0.307292,-0.451318,0
5.91876,-0.305879,-0.453484,0
5.91885,-0.311119,-0.465623,0
5.91894,-0.310741,-0.469478,0
5.91902,-0.301013,-0.459121,0
5.91911,-0.310989,-0.478881,0
5.9192,-0.31647,-0.492008,0
5.91928,-0.31432,-0.493384,0
5.91937,-0.315366,-0.499825,0
5.91946,-0.315832,-0.505437,0
5.91955,-0.31415,-0.50766,0
5.91963,-0.312977,-0.510731,0
5.91972,-0.30867,-0.508673,0
5.91981,-0.307993,-0.512586,0
5.91989,-0.310866,-0.522519,0
5.91998,-0.308583,-0.523871,0
5.92007,-0.315363,-0.540761,0
5.92016,-0.3095,-0.53607,0
5.92024,-0.315594,-0.552174,0
5.92033,-0.308257,-0.544843,0
5.92042,-0.298548,-0.533095,0
5.92051,-0.296219,-0.534393,0
5.92059,-0.292922,-0.533927,0
5.92068,-0.297747,-0.548382,0
5.92077,-0.300558,-0.559366,0
5.92085,-0.292481,-0.550076,0
5.92094,-0.29194,-0.554887,0
5.92103,-0.287669,-0.552608,0
5.92112,-0.282966,-0.549413,0
5.9212,-0.277388,-0.544405,0
5.92129,-0.27276,-0.541145,0
5.92138,-0.273519,-0.548595,0
5.92147,-0.271123,-0.549783,0
5.92155,-0.270037,-0.553657,0
5.92164,-0.265012,-0.549426,0
5.92173,-0.264334,-0.554187,0
5.92181,-0.260633,-0.552622,0
5.9219,-0.255684,-0.548316,0
5.92199,-0.25287,-0.548518,0
5.92208,-0.248816,-0.545977,0
5.92216,-0.246021,-0.546145,0
5.92225,-0.242822,-0.545387,0
5.92234,-0.243662,-0.553763,0
5.92243,-0.238452,-0.548402,0
5.92251,-0.237241,-0.552194,0
5.9226,-0.230141,-0.542177,0
5.92269,-0.232413,-0.554243,0
5.92277,-0.226549,-0.546937,0
5.92286,-0.223781,-0.546994,0
5.92295,-0.223266,-0.552602,0
5.92304,-0.215664,-0.540567,0
5.92312,-0.218068,-0.553598,0
5.92321,-0.212751,-0.547089,0
5.9233,-0.209287,-0.545211,0
5.92339,-0.210095,-0.554535,0
5.92347,-0.206973,-0.553573,0
5.92356,-0.202825,-0.54978,0
5.92365,-0.200424,-0.55066,0
5.92373,-0.193288,-0.538353,0
5.92382,-0.195611,-0.552388,0
5.92391,-0.192869,-0.552292,0
5.924,-0.188504,-0.547455,0
5.92408,-0.186756,-0.550166,0
5.92417,-0.185623,-0.554769,0
5.92426,-0.180382,-0.547027,0
5.92435,-0.181702,-0.559221,0
5.92443,-0.175907,-0.549532,0
5.92452,-0.172304,-0.54648,0
5.92461,-0.169918,-0.547226,0
5.92469,-0.168406,-0.550831,0
5.92478,-0.166001,-0.551561,0
5.92487,-0.163877,-0.553239,0
5.92496,-0.161741,-0.554909,0
5.92504,-0.15987,-0.557532,0
5.92513,-0.154178,-0.546675,0
5.92522,-0.152593,-0.550233,0
5.92531,-0.146508,-0.537387,0
5.92539,-0.147268,-0.549612,0
5.92548,-0.145123,-0.551216,0
5.92557,-0.142717,-0.551844,0
5.92565,-0.139323,-0.548585,0
5.92574,-0.13717,-0.550158,0
5.92583,-0.135006,-0.551722,0
5.92592,-0.133764,-0.557168,0
5.926,-0.130873,-0.5558,0
5.92609,-0.129347,-0.560263,0
5.92618,-0.133963,-0.592033,0
5.92627,-0.13376,-0.603351,0
5.92635,-0.134733,-0.620542,0
5.92644,-0.141588,-0.666119,0
5.92653,-0.141735,-0.681416,0
5.92661,-0.127795,-0.628132,0
5.9267,-0.125443,-0.630645,0
5.92688,-0.383307,-2.01894,0
5.92696,-0.381966,-2.0609,0
5.92705,-0.376707,-2.08321,0
5.92714,-0.368829,-2.09173,0
5.92723,-0.360884,-2.10022,0
5.92731,-0.350396,-2.09388,0
5.9274,-0.340131,-2.08848,0
5.92749,-0.33211,-2.09686,0
5.92757,-0.321741,-2.09038,0
5.92766,-0.312469,-2.09078,0
5.92775,-0.302482,-2.08619,0
5.92784,-0.294629,-2.0964,0
5.92792,-0.284535,-2.09073,0
5.92801,-0.275932,-2.09591,0
5.9281,-0.266027,-2.09115,0
5.92819,-0.256779,-2.09129,0
5.92827,-0.247416,-2.09041,0
5.92836,-0.238406,-2.09246,0
5.92845,-0.228294,-2.08454,0
5.92853,-0.217628,-2.07059,0
5.92862,-0.209193,-2.07749,0
5.92871,-0.200989,-2.08735,0
5.9288,-0.191787,-2.08721,0
5.92888,-0.18233,-2.08404,0
5.92897,-0.173649,-2.0898,0
5.92906,-0.164136,-2.08555,0
5.92915,-0.155183,-2.08824,0
5.92923,-0.145791,-2.08491,0
5.92932,-0.136627,-2.08453,0
5.92941,-0.127164,-2.07911,0
5.92949,-0.118601,-2.08864,0
5.92958,-0.109435,-2.08813,0
5.92967,-0.10037,-2.08959,0
5.92976,-0.090772,-2.07902,0
5.92984,-0.081896,-2.08439,0
5.92993,-0.0726608,-2.08073,0
5.93002,-0.063795,-2.08803,0
5.93011,-0.0546051,-2.08529,0
5.93019,-0.0455277,-2.0865,0
5.93028,-0.0364407,-2.08768,0
5.93037,-0.027174,-2.07582,0
5.93045,-0.0182036,-2.08592,0
5.93054,-0.0090888,-2.08298,0
5.93063,-2.51168e-08,-2.085,0
5.93072,0.00911493,-2.08898,0
5.9308,0.0181948,-2.08492,0
5.93089,0.0271871,-2.07682,0
5.93098,0.0365279,-2.09268,0
5.93107,0.0452877,-2.07551,0
5.93115,0.0546313,-2.08628,0
5.93124,0.0634895,-2.07803,0
5.93133,0.0730795,-2.09272,0
5.93141,0.0815819,-2.0764,0
5.9315,0.0911209,-2.08701,0
5.93159,0.100034,-2.0826,0
5.93168,0.109539,-2.09013,0
5.93176,0.117978,-2.07765,0
5.93185,0.127347,-2.08211,0
5.93194,0.136562,-2.08353,0
5.93203,0.14614,-2.0899,0
5.93211,0.154739,-2.08226,0
5.9322,0.164293,-2.08754,0
5.93229,0.173483,-2.0878,0
5.93237,0.182766,-2.08902,0
5.93246,0.191787,-2.08721,0
5.93255,0.201372,-2.09133,0
5.93264,0.209794,-2.08346,0
5.93272,0.219928,-2.09247,0
5.93281,0.22862,-2.08752,0
5.9329,0.237727,-2.0865,0
5.93298,0.247651,-2.0924,0
5.93307,0.256535,-2.08931,0
5.93316,0.266658,-2.09611,0
5.93325,0.27528,-2.09096,0
5.93333,0.28494,-2.0937,0
5.93342,0.292542,-2.08154,0
5.93351,0.301621,-2.08025,0
5.9336,0.311287,-2.08287,0
5.93368,0.320676,-2.08347,0
5.93377,0.331954,-2.09587,0
5.93386,0.341096,-2.09441,0
5.93394,0.349736,-2.08994,0
5.93403,0.359021,-2.08938,0
5.93412,0.369002,-2.09272,0
5.93421,0.378664,-2.09404,0
5.93429,0.386704,-2.08647,0
5.93438,0.398788,-2.10048,0
5.93447,0.406423,-2.09087,0
5.93456,0.414762,-2.08515,0
5.93464,0.425252,-2.09018,0
5.93473,0.43335,-2.08341,0
5.93482,0.444099,-2.08932,0
5.9349,0.455333,-2.09714,0
5.93499,0.462531,-2.08634,0
5.93508,0.470968,-2.08138,0
5.93517,0.480046,-2.07931,0
5.93525,0.492322,-2.09082,0
5.93534,0.502608,-2.09351,0
5.93543,0.512926,-2.09616,0
5.93552,0.518439,-2.07934,0
5.9356,0.53046,-2.08869,0
5.93569,0.54032,-2.08926,0
5.93578,0.550195,-2.08979,0
5.93586,0.55879,-2.08543,0
5.93595,0.570252,-2.09166,0
5.93604,0.577502,-2.08241,0
5.93613,0.590383,-2.09334,0
5.93621,0.59896,-2.08882,0
5.9363,0.608908,-2.08907,0
5.93639,0.618301,-2.08735,0
5.93648,0.626827,-2.08272,0
5.93656,0.637955,-2.08666,0
5.93665,0.646461,-2.08194,0
5.93674,0.660651,-2.09532,0
5.93682,0.666738,-2.08289,0
5.93691,0.679837,-2.09232,0
5.937,0.68896,-2.08934,0
5.93709,0.697118,-2.08347,0
5.93717,0.709095,-2.08893,0
5.93726,0.719506,-2.0896,0
5.93735,0.730594,-2.0921,0
5.93744,0.739048,-2.08701,0
5.93752,0.752541,-2.096,0
5.93761,0.757917,-2.08236,0
5.9377,0.772879,-2.09498,0
5.93778,0.781313,-2.08972,0
5.93787,0.792549,-2.0919,0
5.93796,0.803819,-2.09402,0
5.93805,0.811861,-2.0877,0
5.93813,0.823162,-2.08972,0
5.93822,0.830049,-2.08053,0
5.93831,0.843989,-2.08895,0
5.9384,0.85726,-2.09542,0
5.93848,0.869074,-2.09813,0
5.93857,0.8759,-2.08879,0
5.93866,0.889304,-2.09507,0
5.93874,0.894884,-2.0829,0
5.93883,0.908749,-2.08998,0
5.93892,0.920276,-2.09149,0
5.93901,0.931427,-2.09202,0
5.93909,0.940957,-2.08885,0
5.93918,0.953794,-2.09291,0
5.93927,0.964592,-2.09236,0
5.93936,0.975403,-2.09176,0
5.93944,0.9858,-2.0902,0
5.93953,0.996633,-2.08948,0
5.93962,1.01139,-2.09683,0
5.9397,1.01702,-2.0852,0
5.93979,1.02921,-2.08702,0
5.93988,1.03875,-2.08341,0
5.93997,1.05188,-2.08689,0
5.94005,1.06506,-2.0903,0
5.94014,1.07829,-2.09364,0
5.94023,1.08649,-2.08714,0
5.94032,1.09885,-2.08857,0
5.9404,1.10983,-2.08729,0
5.94049,1.12366,-2.09123,0
5.94058,1.13373,-2.08807,0
5.94066,1.1486,-2.09362,0
5.94075,1.16112,-2.09471,0
5.94084,1.17123,-2.09137,0
5.94093,1.18182,-2.08885,0
5.94101,1.19092,-2.08368,0
5.9411,1.207,-2.09059,0
5.94119,1.21611,-2.0853,0
5.94128,1.2318,-2.09117,0
5.94136,1.23989,-2.08406,0
5.94145,1.25669,-2.09149,0
5.94154,1.27048,-2.09368,0
5.94162,1.2843,-2.09579,0
5.94171,1.29817,-2.09782,0
5.9418,1.30519,-2.08874,0
5.94189,1.3207,-2.09318,0
5.94197,1.33519,-2.09583,0
5.94206,1.34324,-2.0883,0
5.94215,1.36105,-2.09584,0
5.94224,1.36909,-2.08821,0
5.94232,1.38536,-2.09305,0
5.94241,1.39559,-2.08865,0
5.9425,1.40973,-2.09,0
5.94258,1.42502,-2.09293,0
5.94267,1.44434,-2.10152,0
5.94276,1.4552,-2.09766,0
5.94285,1.46663,-2.09457,0
5.94293,1.47691,-2.08979,0
5.94302,1.49125,-2.09065,0
5.94311,1.50853,-2.09548,0
5.9432,1.52001,-2.09212,0
5.94328,1.53445,-2.09272,0
5.94337,1.5507,-2.09565,0
5.94346,1.56582,-2.09688,0
5.94354,1.58097,-2.09802,0
5.94363,1.59798,-2.10145,0
5.94372,1.60896,-2.09683,0
5.94381,1.62421,-2.0977,0
5.94389,1.63212,-2.08902,0
5.94398,1.65112,-2.09444,0
5.94407,1.66709,-2.09582,0
5.94416,1.68248,-2.09633,0
5.94424,1.69602,-2.09441,0
5.94433,1.71653,-2.10093,0
5.94442,1.7314,-2.10036,0
5.9445,1.74503,-2.09817,0
5.94459,1.75417,-2.09054,0
5.94468,1.77749,-2.09965,0
5.94477,1.78858,-2.09416,0
5.94485,1.80749,-2.0977,0
5.94494,1.82056,-2.09432,0
5.94503,1.83628,-2.09387,0
5.94511,1.85931,-2.10157,0
5.9452,1.87246,-2.09791,0
5.94529,1.89699,-2.10682,0
5.94538,1.90885,-2.10148,0
5.94546,1.92341,-2.09903,0
5.94555,1.93865,-2.09723,0
5.94564,1.96143,-2.10337,0
5.94573,1.97333,-2.09771,0
5.94581,1.98797,-2.09488,0
5.9459,1.99087,-2.07969,0
5.94599,1.98533,-2.05587,0
5.94607,1.98521,-2.03788,0
5.94616,1.98357,-2.0185,0
5.94625,1.98743,-2.00485,0
5.94634,1.9898,-1.9898,0
5.94642,1.99278,-1.97547,0
5.94651,1.98783,-1.95343,0
5.9466,1.99347,-1.94195,0
5.94669,1.98322,-1.91517,0
5.94677,1.98361,-1.89889,0
5.94686,1.98462,-1.88334,0
5.94695,1.98117,-1.8637,0
5.94703,1.98124,-1.84753,0
5.94712,1.97826,-1.82869,0
5.94721,1.98106,-1.81531,0
5.9473,1.98452,-1.80262,0
5.94738,1.98345,-1.78591,0
5.94747,1.97854,-1.76592,0
5.94756,1.98548,-1.75661,0
5.94765,1.97959,-1.73606,0
5.94773,1.97508,-1.71691,0
5.94782,1.98103,-1.70697,0
5.94791,1.9839,-1.69441,0
5.94799,1.98364,-1.67928,0
5.94808,1.98406,-1.66482,0
5.94817,1.98207,-1.64847,0
5.94826,1.97922,-1.63154,0
5.94834,1.98245,-1.61973,0
5.94843,1.98328,-1.60603,0
5.94852,1.98247,-1.5911,0
5.94861,1.98626,-1.57994,0
5.94869,1.98999,-1.56878,0
5.94878,1.98421,-1.55024,0
5.94887,1.98305,-1.53544,0
5.94895,1.98259,-1.52129,0
5.94904,1.9916,-1.51445,0
5.94913,1.97982,-1.4919,0
5.94922,1.97429,-1.47427,0
5.9493,1.97427,-1.46088,0
5.94939,1.97821,-1.45048,0
5.94948,1.98128,-1.43949,0
5.94957,1.98268,-1.42732,0
5.94965,1.984,-1.41517,0
5.94974,1.98444,-1.40246,0
5.94983,1.98399,-1.3892,0
5.94991,1.98674,-1.37825,0
5.95,1.97873,-1.35994,0
5.95009,1.97968,-1.34792,0
5.95018,1.97477,-1.332,0
5.95026,1.98389,-1.32559,0
5.95035,1.97881,-1.30975,0
5.95044,1.97782,-1.29671,0
5.95053,1.9801,-1.28589,0
5.95061,1.98065,-1.27399,0
5.9507,1.98281,-1.26319,0
5.95079,1.97647,-1.24706,0
5.95087,1.9751,-1.23418,0
5.95096,1.97877,-1.2245,0
5.95105,1.97557,-1.21063,0
5.95114,1.97827,-1.20044,0
5.95122,1.98348,-1.1918,0
5.95131,1.98523,-1.18109,0
5.9514,1.98778,-1.17089,0
5.95149,1.98509,-1.15767,0
5.95157,1.9832,-1.145,0
5.95166,1.98297,-1.13336,0
5.95175,1.9818,-1.12125,0
5.95183,1.98493,-1.11161,0
5.95192,1.97839,-1.09664,0
5.95201,1.97614,-1.08415,0
5.9521,1.98437,-1.07742,0
5.95218,1.98377,-1.06592,0
5.95227,1.98222,-1.05396,0
5.95236,1.98414,-1.04391,0
5.95245,1.97094,-1.02601,0
5.95253,1.97273,-1.01602,0
5.95262,1.98249,-1.01013,0
5.95271,1.98063,-0.998318,0
5.95279,1.9778,-0.986097,0
5.95288,1.98926,-0.980996,0
5.95297,1.98544,-0.968362,0
5.95306,1.98694,-0.958386,0
5.95314,1.98208,-0.945402,0
5.95323,1.98437,-0.935892,0
5.95332,1.983,-0.924689,0
5.95341,1.99156,-0.918121,0
5.95349,1.98645,-0.905275,0
5.95358,1.98673,-0.894956,0
5.95367,1.98787,-0.885059,0
5.95375,1.98165,-0.871947,0
5.95384,1.98635,-0.86369,0
5.95393,1.98459,-0.852647,0
5.95402,1.97909,-0.840072,0
5.9541,1.97443,-0.827948,0
5.95419,1.98449,-0.822004,0
5.95428,1.97788,-0.809172,0
5.95437,1.98603,-0.802407,0
5.95445,1.98487,-0.791881,0
5.95454,1.97528,-0.778082,0
5.95463,1.97679,-0.768731,0
5.95471,1.98386,-0.761532,0
5.9548,1.98155,-0.750743,0
5.95489,1.99043,-0.744191,0
5.95498,1.97865,-0.729961,0
5.95506,1.98087,-0.720978,0
5.95515,1.97835,-0.710301,0
5.95524,1.98332,-0.70233,0
5.95533,1.98636,-0.693669,0
5.95541,1.98464,-0.683368,0
5.9555,1.98477,-0.673737,0
5.95559,1.97631,-0.661263,0
5.95567,1.97727,-0.652007,0
5.95576,1.98581,-0.645228,0
5.95585,1.97717,-0.632898,0
5.95594,1.97229,-0.62186,0
5.95602,1.97498,-0.613248,0
5.95611,1.97859,-0.604917,0
5.9562,1.97643,-0.594837,0
5.95629,1.97805,-0.585924,0
5.95637,1.98538,-0.578686,0
5.95646,1.9802,-0.567813,0
5.95655,1.98458,-0.55971,0
5.95663,1.98219,-0.549709,0
5.95672,1.9865,-0.541581,0
5.95681,1.97532,-0.529285,0
5.9569,1.97858,-0.520916,0
5.95698,1.97986,-0.512027,0
5.95707,1.97723,-0.502153,0
5.95716,1.97261,-0.491827,0
5.95725,1.97377,-0.482978,0
5.95733,1.97586,-0.474361,0
5.95742,1.98277,-0.466881,0
5.95751,1.98089,-0.457326,0
5.95759,1.99165,-0.450664,0
5.95768,1.97602,-0.438074,0
5.95777,1.98182,-0.430296,0
5.95786,1.98662,-0.422269,0
5.95794,1.98159,-0.412171,0
5.95803,1.97455,-0.401726,0
5.95812,1.98021,-0.393887,0
5.9582,1.97798,-0.38448,0
5.95829,1.98553,-0.376965,0
5.95838,1.98126,-0.367205,0
5.95847,1.98481,-0.358912,0
5.95855,1.97454,-0.348165,0
5.95864,1.98195,-0.340562,0
5.95873,1.98046,-0.331416,0
5.95882,1.97695,-0.321967,0
5.9589,1.98229,-0.313964,0
5.95899,1.98562,-0.305616,0
5.95908,1.98495,-0.296654,0
5.95916,1.9793,-0.286985,0
5.95925,1.97856,-0.278068,0
5.95934,1.9847,-0.270106,0
5.95943,1.98487,-0.261313,0
5.95951,1.98996,-0.253155,0
5.9596,1.97914,-0.243008,0
5.95969,1.98912,-0.235427,0
5.95978,1.98416,-0.226067,0
5.95986,1.98215,-0.217081,0
5.95995,1.98208,-0.208325,0
5.96004,1.98297,-0.199675,0
5.96012,1.98183,-0.190829,0
5.96021,1.98165,-0.182088,0
5.9603,1.96948,-0.172307,0
5.96039,1.96722,-0.163463,0
5.96047,1.9729,-0.155271,0
5.96056,1.97156,-0.146513,0
5.96065,1.95223,-0.136513,0
5.96074,1.95081,-0.127863,0
5.96082,1.91043,-0.116847,0
5.96091,1.75517,-0.099666,0
5.961,1.67969,-0.0880291,0
5.96108,1.66808,-0.0801235,0
5.96117,1.66441,-0.0726699,0
5.96126,1.66571,-0.0654462,0
5.96135,1.67198,-0.0583869,0
5.96143,1.66822,-0.0509688,0
5.96152,1.67043,-0.0437417,0
5.96161,1.6636,-0.0363,0
5.9617,1.66675,-0.0290932,0
5.96178,1.66386,-0.0217811,0
5.96187,1.67694,-0.0146344,0
5.96196,1.69998,-0.00741767,0
5.96204,1.8,-4.35859e-08,0
5.96213,1.90498,0.00831206,0
5.96222,1.94293,0.0169556,0
5.96231,1.95283,0.0255639,0
5.96239,1.9767,0.0345034,0
5.96248,1.98053,0.0432152,0
5.96257,1.97032,0.0515947,0
5.96266,1.98507,0.0606494,0
5.96274,1.9738,0.0689265,0
5.96283,1.98247,0.0778914,0
5.96292,1.97212,0.0861046,0
5.963,1.98271,0.0952365,0
5.96309,1.97329,0.103416,0
5.96318,1.98281,0.112592,0
5.96327,1.9803,0.12112,0
5.96335,1.98773,0.130283,0
5.96344,1.98715,0.138955,0
5.96353,1.98553,0.14755,0
5.96362,1.98387,0.156134,0
5.9637,1.98117,0.164623,0
5.96379,1.97944,0.173178,0
5.96388,1.9936,0.183186,0
5.96396,1.98482,0.191116,0
5.96405,1.98695,0.200076,0
5.96414,1.97711,0.207803,0
5.96423,1.97817,0.216645,0
5.96431,1.9792,0.225501,0
5.9644,1.98316,0.234722,0
5.96449,1.98112,0.243251,0
5.96458,1.985,0.252524,0
5.96466,1.9819,0.260922,0
5.96475,1.98966,0.270781,0
5.96484,1.98549,0.279042,0
5.96492,1.98227,0.287416,0
5.96501,1.98891,0.297245,0
5.9651,1.99748,0.307441,0
5.96519,1.99118,0.315372,0
5.96527,1.97202,0.321164,0
5.96536,1.9775,0.33092,0
5.96545,1.97998,0.340223,0
5.96554,1.99227,0.35129,0
5.96562,1.97694,0.357489,0
5.96571,1.99011,0.368845,0
5.9658,1.98357,0.376592,0
5.96588,1.98583,0.386007,0
5.96597,1.97922,0.393692,0
5.96606,1.98533,0.403919,0
5.96615,1.98453,0.412782,0
5.96623,1.98271,0.421437,0
5.96632,1.98769,0.431569,0
5.96641,1.98871,0.440887,0
5.9665,1.98482,0.449119,0
5.96658,1.977,0.456426,0
5.96667,1.98083,0.466423,0
5.96676,1.98072,0.475528,0
5.96684,1.97474,0.483215,0
5.96693,1.97358,0.492069,0
5.96702,1.99468,0.506583,0
5.96711,1.98567,0.513529,0
5.96719,1.98631,0.522952,0
5.96728,1.98015,0.530579,0
5.96737,1.98553,0.541318,0
5.96746,1.98315,0.549977,0
5.96754,1.98747,0.560524,0
5.96763,1.98789,0.570018,0
5.96772,1.98154,0.577567,0
5.9678,1.98188,0.58706,0
5.96789,1.9726,0.593684,0
5.96798,1.98529,0.606964,0
5.96807,1.98358,0.615917,0
5.96815,1.98945,0.627272,0
5.96824,1.97622,0.632593,0
5.96833,1.97439,0.641519,0
5.96842,1.97158,0.650128,0
5.9685,1.99148,0.66634,0
5.96859,1.9895,0.675344,0
5.96868,1.99126,0.685646,0
5.96876,1.9807,0.691691,0
5.96885,1.98803,0.703999,0
5.96894,1.9887,0.714018,0
5.96903,1.98745,0.723373,0
5.96911,1.98897,0.733768,0
5.9692,1.98855,0.74349,0
5.96929,1.98342,0.751451,0
5.96938,1.98386,0.761532,0
5.96946,1.9889,0.773443,0
5.96955,1.99109,0.784313,0
5.96964,1.98115,0.790399,0
5.96972,1.98046,0.80016,0
5.96981,1.98066,0.810308,0
5.9699,1.98172,0.820856,0
5.96999,1.9855,0.832589,0
5.97007,1.98093,0.840853,0
5.97016,1.98275,0.851857,0
5.97025,1.98544,0.863292,0
5.97034,1.99355,0.877182,0
5.97042,1.99244,0.887093,0
5.97051,2.00041,0.901117,0
5.9706,1.98645,0.905275,0
5.97068,1.99337,0.918958,0
5.97077,1.98572,0.925957,0
5.97086,1.99342,0.940157,0
5.97095,1.9893,0.948846,0
5.97103,1.99325,0.961427,0
5.97112,1.98813,0.969677,0
5.97121,1.98299,0.9779,0
5.97129,1.98586,0.990113,0
5.97138,1.97973,0.997868,0
5.97147,1.98338,1.01058,0
5.97156,1.98606,1.02289,0
5.97164,1.99134,1.03663,0
5.97173,1.98326,1.04344,0
5.97182,1.98751,1.05678,0
5.97191,1.98641,1.06734,0
5.97199,1.98349,1.07695,0
5.97208,1.98579,1.08944,0
5.97217,1.97926,1.09712,0
5.97225,1.98406,1.11112,0
5.97234,1.98789,1.1247,0
5.97243,1.98383,1.13385,0
5.97252,1.99272,1.1505,0
5.9726,1.992,1.1617,0
5.97269,1.9895,1.17191,0
5.97278,1.98609,1.1816,0
5.97287,1.9912,1.19643,0
5.97295,1.98938,1.20719,0
5.97304,1.97983,1.21324,0
5.97313,1.98982,1.23134,0
5.97321,1.98698,1.2416,0
5.9733,1.99676,1.25986,0
5.97339,1.98787,1.26642,0
5.97348,1.99579,1.28373,0
5.97356,1.99017,1.29243,0
5.97365,1.99705,1.30932,0
5.97374,1.98965,1.31692,0
5.97383,1.9922,1.33115,0
5.97391,1.98969,1.34206,0
5.974,1.99869,1.36086,0
5.97409,1.98862,1.36674,0
5.97417,1.99003,1.38053,0
5.97426,1.99136,1.39436,0
5.97435,1.98526,1.40304,0
5.97444,1.98644,1.41692,0
5.97452,1.98673,1.43024,0
5.97461,1.99099,1.44654,0
5.9747,1.99998,1.46645,0
5.97479,1.99115,1.47338,0
5.97487,2.00153,1.49461,0
5.97496,1.99659,1.50454,0
5.97505,1.99637,1.51808,0
5.97513,1.9937,1.52982,0
5.97522,1.99649,1.54585,0
5.97531,1.99603,1.55947,0
5.9754,1.99313,1.57126,0
5.97548,1.998,1.58928,0
5.97557,1.98871,1.5961,0
5.97566,1.99493,1.61547,0
5.97575,1.99251,1.62795,0
5.97583,1.99774,1.64681,0
5.97592,1.98976,1.65487,0
5.97601,2.00167,1.6796,0
5.97609,1.99738,1.69091,0
5.97618,1.99759,1.7061,0
5.97627,1.99543,1.71937,0
5.97636,1.99696,1.73593,0
5.97644,1.99914,1.7532,0
5.97653,1.99522,1.76522,0
5.97662,2.00018,1.78523,0
5.97671,2.00203,1.80264,0
5.97679,2.00747,1.82346,0
5.97688,2.00023,1.83288,0
5.97697,2.0069,1.85516,0
5.97705,2.0083,1.87277,0
5.97714,2.00448,1.88562,0
5.97723,2.00203,1.89986,0
5.97732,2.00167,1.91618,0
5.9774,2.00336,1.93462,0
5.97749,1.99777,1.94614,0
5.97758,1.99995,1.96535,0
5.97767,2.00201,1.98462,0
5.97775,2.00748,2.00748,0
5.97784,2.00574,2.02332,0
5.97793,2.00881,2.04418,0
5.97801,2.00057,2.05364,0
5.9781,1.99297,2.06379,0
5.97819,1.97012,2.05801,0
5.97828,1.94804,2.05281,0
5.97836,1.92879,2.05036,0
5.97845,1.91369,2.05218,0
5.97854,1.89589,2.05096,0
5.97863,1.88219,2.05405,0
5.97871,1.87254,2.06151,0
5.9788,1.84747,2.05182,0
5.97889,1.8365,2.05763,0
5.97897,1.81889,2.05588,0
5.97906,1.80265,2.05553,0
5.97915,1.78054,2.04828,0
5.97924,1.7729,2.05755,0
5.97932,1.76065,2.06146,0
5.97941,1.7426,2.05844,0
5.9795,1.72524,2.05606,0
5.97959,1.71306,2.05973,0
5.97967,1.69642,2.05792,0
5.97976,1.67604,2.05137,0
5.97985,1.66644,2.05788,0
5.97993,1.65056,2.05656,0
5.98002,1.63659,2.05748,0
5.98011,1.61831,2.05282,0
5.9802,1.60626,2.05592,0
5.98028,1.59299,2.05737,0
5.98037,1.57547,2.0532,0
5.98046,1.56045,2.05209,0
5.98055,1.54305,2.0477,0
5.98063,1.5359,2.05682,0
5.98072,1.51799,2.05144,0
5.98081,1.51434,2.0653,0
5.98089,1.49826,2.06218,0
5.98098,1.48049,2.05653,0
5.98107,1.4686,2.0589,0
5.98116,1.45441,2.05794,0
5.98124,1.44254,2.06017,0
5.98133,1.42499,2.05412,0
5.98142,1.41545,2.05949,0
5.98151,1.40364,2.06151,0
5.98159,1.3868,2.05601,0
5.98168,1.37281,2.05456,0
5.98177,1.36273,2.05886,0
5.98185,1.35099,2.06061,0
5.98194,1.336,2.05726,0
5.98203,1.32972,2.06727,0
5.98212,1.30886,2.0545,0
5.9822,1.30202,2.06358,0
5.98229,1.28558,2.05736,0
5.98238,1.27291,2.057,0
5.98247,1.25974,2.05572,0
5.98255,1.25024,2.06034,0
5.98264,1.23867,2.06149,0
5.98273,1.22659,2.06172,0
5.98281,1.21555,2.0636,0
5.9829,1.20251,2.06198,0
5.98299,1.188,2.05768,0
5.98308,1.1805,2.06544,0
5.98316,1.16803,2.06448,0
5.98325,1.15559,2.06345,0
5.98334,1.13979,2.05623,0
5.98342,1.13513,2.06908,0
5.98351,1.11464,2.05292,0
5.9836,1.10757,2.06128,0
5.98369,1.09293,2.0555,0
5.98377,1.07883,2.05052,0
5.98386,1.07264,2.06053,0
5.98395,1.05998,2.05807,0
5.98404,1.05099,2.06268,0
5.98412,1.04108,2.06546,0
5.98421,1.02849,2.06282,0
5.9843,1.01638,2.06101,0
5.98438,1.00387,2.05824,0
5.98447,0.99488,2.0626,0
5.98456,0.984579,2.06421,0
5.98465,0.972577,2.06216,0
5.98473,0.962725,2.06457,0
5.98482,0.952451,2.06603,0
5.98491,0.93928,2.06106,0
5.985,0.929868,2.06423,0
5.98508,0.917598,2.06096,0
5.98517,0.908597,2.06494,0
5.98526,0.894793,2.05788,0
5.98534,0.888568,2.0682,0
5.98543,0.872503,2.05549,0
5.98552,0.860432,2.0519,0
5.98561,0.853384,2.06025,0
5.98569,0.843251,2.06118,0
5.98578,0.832376,2.0602,0
5.98587,0.822638,2.06196,0
5.98596,0.8129,2.06367,0
5.98604,0.803163,2.06533,0
5.98613,0.789126,2.05574,0
5.98622,0.780858,2.06104,0
5.9863,0.769055,2.05693,0
5.98639,0.759381,2.05839,0
5.98648,0.748682,2.05699,0
5.98657,0.739362,2.05929,0
5.98665,0.731371,2.06533,0
5.98674,0.722023,2.06755,0
5.98683,0.711692,2.0669,0
5.98692,0.699131,2.05957,0
5.987,0.691724,2.06735,0
5.98709,0.681445,2.06655,0
5.98718,0.668095,2.05618,0
5.98726,0.657592,2.05432,0
5.98735,0.646518,2.05049,0
5.98744,0.64053,2.06284,0
5.98753,0.627137,2.05127,0
5.98761,0.621928,2.06644,0
5.9877,0.609781,2.05859,0
5.98779,0.603311,2.06987,0
5.98788,0.590691,2.05998,0
5.98796,0.581697,2.06254,0
5.98805,0.570821,2.05831,0
5.98814,0.563413,2.06657,0
5.98822,0.551026,2.05646,0
5.98831,0.541284,2.05594,0
5.9884,0.53356,2.06312,0
5.98849,0.522091,2.05574,0
5.98857,0.513358,2.05897,0
5.98866,0.50532,2.06507,0
5.98875,0.496772,2.0692,0
5.98884,0.485676,2.06259,0
5.98892,0.475996,2.06177,0
5.98901,0.467658,2.06675,0
5.9891,0.45777,2.06487,0
5.98918,0.447695,2.06196,0
5.98927,0.437654,2.059,0
5.98936,0.428462,2.05991,0
5.98945,0.418473,2.05686,0
5.98953,0.412031,2.07142,0
5.98962,0.401081,2.06338,0
5.98971,0.39226,2.06609,0
5.9898,0.381237,2.05697,0
5.98988,0.374037,2.06845,0
5.98997,0.364314,2.06613,0
5.99006,0.355295,2.0677,0
5.99014,0.344289,2.05739,0
5.99023,0.336113,2.06381,0
5.99032,0.328043,2.07118,0
5.99041,0.317329,2.06172,0
5.99049,0.309956,2.07397,0
5.99058,0.298752,2.06045,0
5.99067,0.290037,2.06372,0
5.99076,0.28076,2.06298,0
5.99084,0.271756,2.06419,0
5.99093,0.262242,2.06139,0
5.99102,0.254707,2.07442,0
5.9911,0.245183,2.07154,0
5.99119,0.235916,2.0706,0
5.99128,0.226117,2.06465,0
5.99137,0.218256,2.07656,0
5.99145,0.208491,2.07053,0
5.99154,0.199263,2.06943,0
5.99163,0.189774,2.0653,0
5.99172,0.180848,2.0671,0
5.9918,0.17191,2.06887,0
5.99189,0.16194,2.05764,0
5.99198,0.153405,2.06431,0
5.99206,0.144535,2.06695,0
5.99215,0.135777,2.07156,0
5.99224,0.126004,2.06015,0
5.99233,0.117014,2.06068,0
5.99241,0.108126,2.06317,0
5.9925,0.0990269,2.06162,0
5.99259,0.0903794,2.07003,0
5.99268,0.0811501,2.06541,0
5.99276,0.0723118,2.07074,0
5.99285,0.0632148,2.06903,0
5.99294,0.0542387,2.07129,0
5.99302,0.0450478,2.06451,0
5.99311,0.0360393,2.06469,0
5.9932,0.0270039,2.06282,0
5.99329,0.0180466,2.06792,0
5.99337,0.00904522,2.07298,0
5.99346,7.53842e-08,2.072,0
5.99355,-0.00905379,2.07498,0
5.99364,-0.0180639,2.06992,0
5.99372,-0.0270561,2.06682,0
5.99381,-0.036074,2.06669,0
5.9939,-0.0451349,2.06851,0
5.99398,-0.0538721,2.05729,0
5.99407,-0.063062,2.06404,0
5.99416,-0.0723466,2.07174,0
5.99425,-0.0811892,2.06641,0
5.99433,-0.0905538,2.07402,0
5.99442,-0.0991227,2.06362,0
5.99451,-0.108283,2.06616,0
5.9946,-0.117411,2.06767,0
5.99468,-0.125821,2.05716,0
5.99477,-0.135581,2.06856,0
5.99486,-0.144187,2.06196,0
5.99494,-0.153775,2.06929,0
5.99503,-0.16241,2.06362,0
5.99512,-0.172324,2.07385,0
5.99521,-0.180587,2.06412,0
5.99529,-0.189866,2.0663,0
5.99538,-0.198688,2.06346,0
5.99547,-0.207489,2.06058,0
5.99556,-0.217315,2.06761,0
5.99564,-0.225137,2.05571,0
5.99573,-0.236368,2.07458,0
5.99582,-0.244713,2.06757,0
5.9959,-0.254219,2.07045,0
5.99599,-0.264639,2.08023,0
5.99608,-0.272147,2.06716,0
5.99617,-0.281704,2.06992,0
5.99625,-0.291289,2.07263,0
5.99634,-0.299182,2.06342,0
5.99643,-0.309365,2.07001,0
5.99651,-0.31809,2.06666,0
5.9966,-0.328199,2.07217,0
5.99669,-0.336434,2.06578,0
5.99678,-0.3466,2.0712,0
5.99686,-0.354618,2.06375,0
5.99695,-0.365008,2.07007,0
5.99704,-0.372436,2.0596,0
5.99713,-0.383241,2.06779,0
5.99721,-0.391887,2.06413,0
5.9973,-0.402225,2.06927,0
5.99739,-0.411055,2.06651,0
5.99747,-0.420666,2.06764,0
5.99756,-0.429277,2.06383,0
5.99765,-0.439317,2.06683,0
5.99774,-0.448331,2.06489,0
5.99782,-0.457553,2.06389,0
5.99791,-0.470085,2.07748,0
5.998,-0.475546,2.05982,0
5.99809,-0.48728,2.0694,0
5.99817,-0.496538,2.06823,0
5.99826,-0.508648,2.07867,0
5.99835,-0.515535,2.0677,0
5.99843,-0.525045,2.06737,0
5.99852,-0.536063,2.0728,0
5.99861,-0.544593,2.06851,0
5.9987,-0.553614,2.06612,0
5.99878,-0.56578,2.07526,0
5.99887,-0.573493,2.06795,0
5.99896,-0.582511,2.06543,0
5.99905,-0.592345,2.06575,0
5.99913,-0.604431,2.07371,0
5.99922,-0.614325,2.07393,0
5.99931,-0.62308,2.07027,0
5.99939,-0.637663,2.0857,0
5.99948,-0.218551,0.70385,0
5.99957,-0.227935,0.722917,0
5.99966,-0.221331,0.691439,0
5.99974,-0.237016,0.72946,0
5.99983,-0.231741,0.702777,0
5.99992,-0.226555,0.677103,0
6.00001,-0.229829,0.677055,0
6.00009,-0.227247,0.659972,0
6.00018,-0.229135,0.656142,0
6.00027,-0.22098,0.624029,0
6.00035,-0.223025,0.621176,0
6.00044,-0.227443,0.624896,0
6.00053,-0.225322,0.610763,0
6.00062,-0.227635,0.608837,0
6.0007,-0.223203,0.589135,0
6.00079,-0.228639,0.595624,0
6.00088,-0.225074,0.578777,0
6.00097,-0.225765,0.573137,0
6.00105,-0.228263,0.572147,0
6.00114,-0.227761,0.563728,0
6.00123,-0.227568,0.55625,0
6.00131,-0.229227,0.553404,0
6.0014,-0.227773,0.543176,0
6.00149,-0.226624,0.533893,0
6.00158,-0.226583,0.527386,0
6.00166,-0.226489,0.52089,0
6.00175,-0.223524,0.507998,0
6.00184,-0.225332,0.506104,0
6.00193,-0.230003,0.510587,0
6.00201,-0.235131,0.515948,0
6.0021,-0.234868,0.509468,0
6.00219,-0.234976,0.503907,0
6.00227,-0.235466,0.499259,0
6.00236,-0.237642,0.498227,0
6.00245,-0.241986,0.501689,0
6.00254,-0.249872,0.512313,0
6.00262,-0.237067,0.480724,0
6.00271,-0.234254,0.469841,0
6.0028,-0.233151,0.462563,0
6.00289,-0.236983,0.465105,0
6.00297,-0.2326,0.451621,0
6.00306,-0.234568,0.450602,0
6.00315,-0.233273,0.443379,0
6.00323,-0.237083,0.445889,0
6.00332,-0.230033,0.428113,0
6.00341,-0.229513,0.422711,0
6.0035,-0.226546,0.412938,0
6.00358,-0.22883,0.412821,0
6.00367,-0.233072,0.416181,0
6.00376,-0.236856,0.418641,0
6.00385,-0.230741,0.403712,0
6.00393,-0.227,0.393176,0
6.00402,-0.237781,0.40773,0
6.00411,-0.229915,0.390318,0
6.00419,-0.235195,0.395327,0
6.00428,-0.233312,0.388297,0
6.00437,-0.226704,0.373596,0
6.00446,-0.233557,0.38113,0
6.00454,-0.231008,0.373305,0
6.00463,-0.227865,0.364661,0
6.00472,-0.231055,0.3662,0
6.00481,-0.22889,0.359285,0
6.00489,-0.228832,0.35576,0
6.00498,-0.225481,0.34721,0
6.00507,-0.226445,0.345386,0
6.00515,-0.232365,0.351066,0
6.00524,-0.234451,0.35088,0
6.00533,-0.231506,0.343222,0
6.00542,-0.231313,0.339728,0
6.0055,-0.229961,0.334595,0
6.00559,-0.230849,0.332767,0
6.00568,-0.232872,0.332576,0
6.00577,-0.226818,0.32094,0
6.00585,-0.220086,0.30855,0
6.00594,-0.230194,0.31976,0
6.00603,-0.234526,0.322798,0
6.00611,-0.228246,0.311288,0
6.0062,-0.215326,0.290996,0
6.00629,-0.226765,0.303675,0
6.00638,-0.22869,0.303481,0
6.00646,-0.223959,0.294521,0
6.00655,-0.236199,0.307821,0
6.00664,-0.241214,0.311532,0
6.00673,-0.243186,0.311264,0
6.00681,-0.239589,0.303918,0
6.0069,-0.242781,0.305217,0
6.00699,-0.242232,0.301815,0
6.00707,-0.238512,0.294538,0
6.00716,-0.237264,0.290397,0
6.00725,-0.241074,0.292446,0
6.00734,-0.237871,0.286009,0
6.00742,-0.239117,0.284969,0
6.00751,-0.240358,0.283922,0
6.0076,-0.240296,0.28135,0
6.00769,-0.239563,0.278026,0
6.00777,-0.237493,0.273205,0
6.00786,-0.238024,0.271414,0
6.00795,-0.233905,0.264381,0
6.00803,-0.224402,0.251421,0
6.00812,-0.237541,0.263816,0
6.00821,-0.232639,0.256115,0
6.0083,-0.237808,0.259522,0
6.00838,-0.221289,0.239389,0
6.00847,-0.220967,0.236959,0
6.00856,-0.199388,0.211956,0
6.00864,-0.291862,0.307559,0
6.00873,-0.197773,0.206596,0
6.00882,-0.175054,0.181274,0
6.00891,-0.123509,0.126785,0
6.00899,-0.0630818,0.0641925,0
6.00908,-0.046465,0.0468722,0
6.00917,-0.0572756,0.0572757,0
