7200
1550
1.3439
1.35961,-0.0742462,-0.0742462,0
1.3597,-0.0506891,-0.0511333,0
1.35979,-0.0939218,-0.0955756,0
1.35987,-0.0907128,-0.0931192,0
1.35996,-0.109061,-0.112936,0
1.36005,-0.113408,-0.118468,0
1.36014,-0.143866,-0.151603,0
1.36022,-0.143888,-0.152958,0
1.36031,-0.147994,-0.158704,0
1.3604,-0.162233,-0.175503,0
1.36048,-0.173627,-0.18948,0
1.36057,-0.175488,-0.193197,0
1.36066,-0.173974,-0.193218,0
1.36075,-0.173129,-0.193975,0
1.36083,-0.184208,-0.20821,0
1.36092,-0.23143,-0.263896,0
1.36101,-0.285386,-0.328299,0
1.3611,-0.275465,-0.319692,0
1.36118,-0.272119,-0.31861,0
1.36127,-0.290756,-0.343455,0
1.36136,-0.287969,-0.343188,0
1.36144,-0.283271,-0.340597,0
1.36153,-0.284963,-0.345688,0
1.36162,-0.284085,-0.347702,0
1.36171,-0.297669,-0.36759,0
1.36179,-0.292306,-0.364206,0
1.36188,-0.308145,-0.387391,0
1.36197,-0.308309,-0.391088,0
1.36205,-0.303521,-0.388489,0
1.36214,-0.29264,-0.37795,0
1.36223,-0.298293,-0.388743,0
1.36232,-0.299015,-0.393225,0
1.3624,-0.301509,-0.400116,0
1.36249,-0.300957,-0.403031,0
1.36258,-0.299791,-0.405144,0
1.36267,-0.295655,-0.403222,0
1.36275,-0.29977,-0.412599,0
1.36284,-0.290956,-0.404164,0
1.36293,-0.301385,-0.422526,0
1.36301,-0.300693,-0.42547,0
1.3631,-0.304569,-0.43497,0
1.36319,-0.299248,-0.431365,0
1.36328,-0.297363,-0.432666,0
1.36336,-0.301101,-0.442226,0
1.36345,-0.304201,-0.450996,0
1.36354,-0.300008,-0.448994,0
1.36363,-0.305221,-0.461139,0
1.36371,-0.297175,-0.453267,0
1.3638,-0.30173,-0.464624,0
1.36389,-0.292126,-0.454161,0
1.36397,-0.299276,-0.469769,0
1.36406,-0.302026,-0.478682,0
1.36415,-0.305233,-0.488476,0
1.36424,-0.296785,-0.479599,0
1.36432,-0.299914,-0.489415,0
1.36441,-0.294663,-0.48559,0
1.3645,-0.299752,-0.498871,0
1.36459,-0.295016,-0.495878,0
1.36467,-0.300463,-0.510084,0
1.36476,-0.302264,-0.518301,0
1.36485,-0.3035,-0.525677,0
1.36493,-0.290783,-0.508765,0
1.36502,-0.296931,-0.524824,0
1.36511,-0.292195,-0.521753,0
1.3652,-0.298643,-0.538766,0
1.36528,-0.299175,-0.545324,0
1.36537,-0.294884,-0.543109,0
1.36546,-0.292512,-0.54439,0
1.36555,-0.29342,-0.551842,0
1.36563,-0.302649,-0.575242,0
1.36572,-0.299213,-0.574783,0
1.36581,-0.296244,-0.575194,0
1.36589,-0.295094,-0.579154,0
1.36598,-0.294814,-0.584901,0
1.36607,-0.294044,-0.589762,0
1.36616,-0.283949,-0.575792,0
1.36624,-0.276174,-0.56624,0
1.36633,-0.280652,-0.581851,0
1.36642,-0.291026,-0.610148,0
1.36651,-0.294759,-0.624978,0
1.36659,-0.296678,-0.636228,0
1.36668,-0.294318,-0.638425,0
1.36677,-0.2907,-0.637883,0
1.36685,-0.294485,-0.653733,0
1.36694,-0.29285,-0.657753,0
1.36703,-0.296824,-0.674585,0
1.36712,-0.296271,-0.681376,0
1.3672,-0.289742,-0.674393,0
1.36729,-0.297346,-0.700504,0
1.36738,-0.2939,-0.700873,0
1.36747,-0.293135,-0.707692,0
1.36755,-0.291181,-0.711741,0
1.36764,-0.292193,-0.723203,0
1.36773,-0.29274,-0.73376,0
1.36781,-0.296866,-0.753638,0
1.3679,-0.29285,-0.753062,0
1.36799,-0.281677,-0.733794,0
1.36808,-0.286976,-0.75746,0
1.36816,-0.292073,-0.781185,0
1.36825,-0.290738,-0.788081,0
1.36834,-0.294479,-0.809075,0
1.36843,-0.297705,-0.829176,0
1.36851,-0.296754,-0.838008,0
1.3686,-0.292436,-0.837407,0
1.36869,-0.293337,-0.851912,0
1.36877,-0.293153,-0.8636,0
1.36886,-0.29668,-0.886683,0
1.36895,-0.295627,-0.896516,0
1.36904,-0.294184,-0.905406,0
1.36912,-0.292365,-0.913348,0
1.36921,-0.294992,-0.935596,0
1.3693,-0.301879,-0.97221,0
1.36939,-0.313422,-1.02516,0
1.36947,-0.31154,-1.03513,0
1.36956,-0.308725,-1.04224,0
1.36965,-0.305014,-1.04645,0
1.36973,-0.299893,-1.04585,0
1.36982,-0.29777,-1.05581,0
1.36991,-0.293695,-1.05903,0
1.37,-0.29591,-1.08539,0
1.37008,-0.297901,-1.11178,0
1.37017,-0.296866,-1.12758,0
1.37026,-0.302209,-1.16855,0
1.37035,-0.296122,-1.16598,0
1.37043,-0.293451,-1.17697,0
1.37052,-0.290928,-1.18892,0
1.37061,-0.286437,-1.1931,0
1.37069,-0.283521,-1.20407,0
1.37078,-0.280964,-1.21699,0
1.37087,-0.28801,-1.27282,0
1.37096,-0.286783,-1.29359,0
1.37104,-0.286228,-1.31828,0
1.37113,-0.286502,-1.34789,0
1.37122,-0.289782,-1.39318,0
1.37131,-0.289084,-1.42089,0
1.37139,-0.282686,-1.42116,0
1.37148,-0.274765,-1.41354,0
1.37157,-0.270087,-1.42259,0
1.37165,-0.263513,-1.42179,0
1.37174,-0.258018,-1.42686,0
1.37183,-0.2537,-1.4388,0
1.37192,-0.256734,-1.4941,0
1.372,-0.256484,-1.53269,0
1.37209,-0.254455,-1.56242,0
1.37218,-0.246384,-1.55561,0
1.37227,-0.237921,-1.5458,0
1.37235,-0.232209,-1.55374,0
1.37244,-0.225714,-1.55672,0
1.37253,-0.217945,-1.55076,0
1.37261,-0.210233,-1.54476,0
1.3727,-0.20349,-1.54566,0
1.37279,-0.197375,-1.5515,0
1.37288,-0.190847,-1.55433,0
1.37296,-0.184886,-1.5621,0
1.37305,-0.178182,-1.56388,0
1.37314,-0.170377,-1.5557,0
1.37323,-0.162855,-1.54947,0
1.37331,-0.157095,-1.56011,0
1.3734,-0.149232,-1.54983,0
1.37349,-0.142102,-1.54649,0
1.37357,-0.135963,-1.55406,0
1.37366,-0.129098,-1.55365,0
1.37375,-0.123259,-1.56616,0
1.37384,-0.115683,-1.55671,0
1.37392,-0.110215,-1.57615,0
1.37401,-0.104122,-1.58859,0
1.3741,-0.098044,-1.603,0
1.37419,-0.0911053,-1.60442,0
1.37427,-0.0857787,-1.63675,0
1.37436,-0.0801235,-1.66808,0
1.37445,-0.0758541,-1.73734,0
1.37453,-0.069058,-1.75764,0
1.37462,-0.0622956,-1.78391,0
1.37471,-0.055122,-1.80416,0
1.3748,-0.0473541,-1.80838,0
1.37488,-0.0397249,-1.82057,0
1.37497,-0.0318681,-1.82572,0
1.37506,-0.02381,-1.81884,0
1.37514,-0.0158998,-1.82193,0
1.37523,-0.0079587,-1.82398,0
1.37532,-2.19847e-08,-1.825,0
1.37541,0.00790629,-1.81198,0
1.37549,0.0158648,-1.81793,0
1.37558,0.0258912,-1.97783,0
1.37567,0.0373132,-2.13767,0
1.37576,0.0482763,-2.21247,0
1.37584,0.0583746,-2.22924,0
1.37593,0.0684368,-2.23995,0
1.37602,0.0778608,-2.22964,0
1.3761,0.0873531,-2.22328,0
1.37619,0.0984925,-2.25585,0
1.37628,0.108143,-2.2514,0
1.37637,0.117494,-2.24192,0
1.37645,0.126255,-2.22342,0
1.37654,0.135528,-2.21586,0
1.37663,0.144999,-2.21225,0
1.37672,0.156533,-2.23853,0
1.3768,0.164669,-2.21589,0
1.37689,0.173002,-2.1982,0
1.37698,0.185822,-2.23629,0
1.37706,0.194706,-2.2255,0
1.37715,0.206336,-2.24554,0
1.37724,0.214215,-2.22471,0
1.37733,0.227627,-2.26057,0
1.37741,0.233412,-2.22077,0
1.3775,0.239943,-2.1909,0
1.37759,0.255273,-2.2405,0
1.37768,0.266222,-2.2493,0
1.37776,0.272134,-2.21636,0
1.37785,0.284074,-2.233,0
1.37794,0.292248,-2.21985,0
1.37802,0.298964,-2.19675,0
1.37811,0.313974,-2.23404,0
1.3782,0.323576,-2.23166,0
1.37829,0.336858,-2.25397,0
1.37837,0.341973,-2.22184,0
1.37846,0.356201,-2.24897,0
1.37855,0.361189,-2.21778,0
1.37864,0.376639,-2.2507,0
1.37872,0.384085,-2.23524,0
1.37881,0.387756,-2.19908,0
1.3789,0.67921,-3.75608,0
1.37898,0.415133,-2.23985,0
1.37907,0.717185,-3.77752,0
1.37916,0.436762,-2.24694,0
1.37925,0.746611,-3.75347,0
1.37933,0.765174,-3.76095,0
1.37942,0.784021,-3.76933,0
1.37951,0.480068,-2.25854,0
1.3796,0.81752,-3.76527,0
1.37968,0.834591,-3.7646,0
1.37977,0.852333,-3.76677,0
1.37986,0.870561,-3.77081,0
1.37994,0.884943,-3.75822,0
1.38003,0.901332,-3.75432,0
1.38012,0.920557,-3.76201,0
1.38021,0.937931,-3.76184,0
1.38029,0.956059,-3.76449,0
1.38038,0.972225,-3.75932,0
1.38047,0.992184,-3.76858,0
1.38056,1.00577,-3.75359,0
1.38064,0.602868,-2.21129,0
1.38073,0.626674,-2.25971,0
1.38082,0.634628,-2.25022,0
1.3809,1.07416,-3.74604,0
1.38099,1.09385,-3.75283,0
1.38108,1.11703,-3.77104,0
1.38117,1.13607,-3.77475,0
1.38125,1.15077,-3.76402,0
1.38134,1.16778,-3.76087,0
1.38143,1.18779,-3.76718,0
1.38152,1.20238,-3.75625,0
1.3816,0.722791,-2.22452,0
1.38169,1.24044,-3.76176,0
1.38178,1.25938,-3.7639,0
1.38186,1.27676,-3.76121,0
1.38195,1.29251,-3.75371,0
1.38204,1.31349,-3.76125,0
1.38213,1.33156,-3.7602,0
1.38221,1.34761,-3.75341,0
1.3823,1.36876,-3.76065,0
1.38239,1.38481,-3.7537,0
1.38248,1.40678,-3.76261,0
1.38256,1.42035,-3.74896,0
1.38265,1.44207,-3.75673,0
1.38274,1.46099,-3.75692,0
1.38282,1.48103,-3.75982,0
1.38291,1.49594,-3.7496,0
1.383,1.51603,-3.75231,0
1.38309,1.53996,-3.76417,0
1.38317,1.55484,-3.75372,0
1.38326,1.57353,-3.75244,0
1.38335,1.59301,-3.7529,0
1.38344,1.61213,-3.75234,0
1.38352,1.63088,-3.75078,0
1.38361,1.65328,-3.75735,0
1.3837,1.67372,-3.75924,0
1.38378,1.69504,-3.76284,0
1.38387,1.70854,-3.74904,0
1.38396,1.73409,-3.76153,0
1.38405,1.74753,-3.74758,0
1.38413,1.76599,-3.74444,0
1.38422,1.78447,-3.74122,0
1.38431,1.80773,-3.74781,0
1.3844,1.82932,-3.75067,0
1.38448,1.85054,-3.75252,0
1.38457,1.86868,-3.74799,0
1.38466,1.88636,-3.74247,0
1.38474,1.88497,-3.69946,0
1.38483,1.88049,-3.65119,0
1.38492,1.87932,-3.61013,0
1.38501,1.87596,-3.56561,0
1.38509,1.87507,-3.52649,0
1.38518,1.87529,-3.49009,0
1.38527,1.86903,-3.44233,0
1.38536,1.87153,-3.41134,0
1.38544,1.87282,-3.37866,0
1.38553,1.87484,-3.34777,0
1.38562,1.8781,-3.31954,0
1.3857,1.86627,-3.2653,0
1.38579,1.873,-3.24413,0
1.38588,1.87505,-3.2152,0
1.38597,1.86825,-3.17166,0
1.38605,1.87082,-3.14457,0
1.38614,1.87577,-3.1218,0
1.38623,1.86551,-3.07426,0
1.38632,1.86845,-3.04904,0
1.3864,1.85964,-3.00514,0
1.38649,1.40747,-2.25242,0
1.38658,1.41141,-2.23695,0
1.38666,1.41095,-2.21475,0
1.38675,1.41952,-2.20689,0
1.38684,1.43676,-2.21241,0
1.38693,1.44804,-2.20863,0
1.38701,1.45711,-2.20146,0
1.3871,1.47115,-2.20173,0
1.38719,1.4813,-2.19612,0
1.38727,1.48974,-2.18798,0
1.38736,1.55479,-2.26223,0
1.38745,1.76186,-2.53971,0
1.38754,1.6628,-2.37472,0
1.38762,1.87457,-2.65245,0
1.38771,1.88032,-2.63611,0
1.3878,1.82812,-2.53941,0
1.38789,1.89091,-2.60261,0
1.38797,1.82715,-2.49191,0
1.38806,1.84633,-2.49517,0
1.38815,1.8566,-2.48629,0
1.38823,1.87164,-2.48376,0
1.38832,1.89154,-2.48751,0
1.38841,1.9036,-2.48082,0
1.3885,1.92542,-2.48672,0
1.38858,1.9381,-2.48066,0
1.38867,1.96562,-2.49338,0
1.38876,1.97648,-2.48478,0
1.38885,1.99169,-2.48159,0
1.38893,1.99998,-2.46977,0
1.38902,2.02149,-2.47418,0
1.38911,2.04181,-2.47691,0
1.38919,2.06795,-2.48643,0
1.38928,2.08392,-2.48352,0
1.38937,2.10378,-2.48509,0
1.38946,2.1198,-2.48197,0
1.38954,2.14301,-2.48709,0
1.38963,2.14859,-2.47167,0
1.38972,2.1798,-2.48558,0
1.38981,2.1946,-2.48054,0
1.38989,2.21206,-2.4784,0
1.38998,2.22954,-2.47616,0
1.39007,2.24503,-2.47159,0
1.39015,2.27336,-2.48094,0
1.39024,2.29095,-2.47834,0
1.39033,2.29629,-2.46247,0
1.39042,2.30221,-2.44733,0
1.3905,2.28603,-2.40897,0
1.39059,2.29859,-2.40114,0
1.39068,2.29724,-2.37886,0
1.39077,2.29224,-2.35305,0
1.39085,2.1581,-2.1961,0
1.39094,2.03883,-2.0567,0
1.39103,2.03081,-2.03081,0
1.39111,2.0219,-2.00433,0
1.3912,2.02492,-1.98988,0
1.39129,2.01997,-1.96777,0
1.39138,2.02206,-1.95268,0
1.39146,2.02334,-1.93693,0
1.39155,2.01654,-1.91363,0
1.39164,2.0256,-1.90549,0
1.39173,2.01415,-1.87822,0
1.39181,2.02232,-1.86942,0
1.3919,2.01645,-1.84774,0
1.39199,2.0208,-1.83556,0
1.39207,2.01392,-1.81334,0
1.39216,2.00689,-1.79122,0
1.39225,2.01394,-1.78179,0
1.39234,2.01568,-1.76771,0
1.39242,2.02036,-1.75627,0
1.39251,2.0174,-1.7383,0
1.3926,2.01964,-1.72493,0
1.39269,2.01799,-1.70835,0
1.39277,2.02006,-1.69503,0
1.39286,2.01898,-1.67917,0
1.39295,2.02243,-1.66716,0
1.39303,2.02736,-1.65642,0
1.39312,2.02447,-1.63938,0
1.39321,2.01522,-1.61739,0
1.3933,2.01913,-1.60609,0
1.39338,2.01826,-1.59107,0
1.39347,2.02125,-1.57917,0
1.39356,2.01151,-1.55748,0
1.39365,2.00322,-1.53712,0
1.39373,2.00274,-1.52292,0
1.39382,2.00937,-1.51417,0
1.39391,2.01275,-1.50299,0
1.39399,2.00562,-1.48408,0
1.39408,2.01047,-1.47414,0
1.39417,2.00394,-1.45594,0
1.39426,2.0127,-1.44894,0
1.39434,2.00842,-1.43259,0
1.39443,2.01547,-1.42439,0
1.39452,2.01184,-1.4087,0
1.39461,2.00646,-1.39193,0
1.39469,2.0018,-1.3758,0
1.39478,2.00779,-1.36705,0
1.39487,2.00295,-1.35101,0
1.39495,2.00467,-1.33948,0
1.39504,2.00133,-1.32465,0
1.39513,2.00291,-1.31316,0
1.39522,2.01029,-1.3055,0
1.3953,2.00672,-1.29077,0
1.39539,2.01065,-1.28092,0
1.39548,2.00776,-1.2668,0
1.39557,2.00309,-1.25167,0
1.39565,2.00768,-1.24239,0
1.39574,2.0037,-1.22787,0
1.39583,2.01161,-1.22067,0
1.39591,2.00234,-1.20313,0
1.396,2.01101,-1.19643,0
1.39609,2.00156,-1.17901,0
1.39618,2.00669,-1.17027,0
1.39626,2.00831,-1.1595,0
1.39635,2.00467,-1.14576,0
1.39644,2.0053,-1.13454,0
1.39653,2.00587,-1.12334,0
1.39661,2.00988,-1.11409,0
1.3967,2.01121,-1.10339,0
1.39679,2.00282,-1.08744,0
1.39687,1.99698,-1.07302,0
1.39696,2.00694,-1.06711,0
1.39705,2.01246,-1.05881,0
1.39714,2.01529,-1.04909,0
1.39722,2.01718,-1.03892,0
1.39731,2.01367,-1.02602,0
1.3974,2.00384,-1.01002,0
1.39749,2.00823,-1.00127,0
1.39757,2.00899,-0.990727,0
1.39766,2.00161,-0.976253,0
1.39775,2.00856,-0.968813,0
1.39783,2.00284,-0.955304,0
1.39792,2.00246,-0.944423,0
1.39801,2.00203,-0.933564,0
1.3981,2.007,-0.925238,0
1.39818,2.00646,-0.914399,0
1.39827,2.00314,-0.902349,0
1.39836,2.00523,-0.892787,0
1.39845,1.9908,-0.875974,0
1.39853,1.99185,-0.866083,0
1.39862,1.9901,-0.855015,0
1.39871,1.99934,-0.848668,0
1.39879,2.00025,-0.838776,0
1.39888,1.99558,-0.826596,0
1.39897,1.99547,-0.816366,0
1.39906,1.98974,-0.803906,0
1.39914,2.00437,-0.799663,0
1.39923,1.99388,-0.785412,0
1.39932,1.99729,-0.776705,0
1.39941,2.00813,-0.77085,0
1.39949,1.99277,-0.754994,0
1.39958,1.99511,-0.745942,0
1.39967,1.99741,-0.736883,0
1.39975,1.99779,-0.727135,0
1.39984,1.99718,-0.717059,0
1.39993,1.98709,-0.703665,0
1.40002,1.99108,-0.695318,0
1.4001,1.99694,-0.6876,0
1.40019,2.00086,-0.679202,0
1.40028,1.98769,-0.665071,0
1.40036,1.99342,-0.657331,0
1.40045,1.99912,-0.649554,0
1.40054,1.99432,-0.638386,0
1.40063,1.99231,-0.628174,0
1.40071,1.99313,-0.618882,0
1.4008,1.99007,-0.608426,0
1.40089,2.0042,-0.603195,0
1.40098,1.99051,-0.589616,0
1.40106,1.99498,-0.581485,0
1.40115,1.99942,-0.573326,0
1.40124,1.99613,-0.562967,0
1.40132,2.0005,-0.554787,0
1.40141,1.9836,-0.540792,0
1.4015,1.98594,-0.532132,0
1.40159,1.99308,-0.524735,0
1.40167,1.99245,-0.515282,0
1.40176,1.99468,-0.506584,0
1.40185,1.9959,-0.497633,0
1.40194,1.99805,-0.48892,0
1.40202,1.99628,-0.479263,0
1.40211,1.9964,-0.47009,0
1.4022,1.99746,-0.46115,0
1.40228,1.99262,-0.450885,0
1.40237,1.99164,-0.441537,0
1.40246,2.00332,-0.434964,0
1.40255,2.00129,-0.425387,0
1.40263,2.00215,-0.416447,0
1.40272,1.99121,-0.405116,0
1.40281,1.99197,-0.396228,0
1.4029,1.98976,-0.38677,0
1.40298,1.99732,-0.379203,0
1.40307,1.99207,-0.369209,0
1.40316,1.9976,-0.361225,0
1.40324,1.98734,-0.350422,0
1.40333,1.99082,-0.342086,0
1.40342,1.98539,-0.332241,0
1.40351,1.98781,-0.323736,0
1.40359,1.9892,-0.315059,0
1.40368,1.98364,-0.305312,0
1.40377,1.99188,-0.297688,0
1.40386,1.98821,-0.288277,0
1.40394,1.98648,-0.279181,0
1.40403,1.9847,-0.270106,0
1.40412,1.98785,-0.261705,0
1.4042,1.98699,-0.252777,0
1.40429,1.9841,-0.243617,0
1.40438,1.98316,-0.234722,0
1.40447,1.98317,-0.225954,0
1.40455,1.97618,-0.216427,0
1.40464,1.98805,-0.208952,0
1.40473,1.98496,-0.199875,0
1.40482,1.98781,-0.191404,0
1.4049,1.97966,-0.181905,0
1.40499,1.97944,-0.173179,0
1.40508,1.97918,-0.164457,0
1.40516,1.98187,-0.155977,0
1.40525,1.98453,-0.147476,0
1.40534,1.98715,-0.138955,0
1.40543,1.98574,-0.130152,0
1.40551,1.98529,-0.121426,0
1.4056,1.98081,-0.112479,0
1.40569,1.98228,-0.103887,0
1.40578,1.98072,-0.0951407,0
1.40586,1.98811,-0.0868026,0
1.40595,1.98547,-0.0780093,0
1.40604,1.97879,-0.0691011,0
1.40612,1.98108,-0.0605274,0
1.40621,1.98332,-0.0519351,0
1.4063,1.97853,-0.0431717,0
1.40639,1.9797,-0.0345558,0
1.40647,1.97583,-0.0258651,0
1.40656,1.98292,-0.0173048,0
1.40665,1.98198,-0.00864813,0
1.40674,1.971,-4.77266e-08,0
1.40682,1.95798,0.00854331,0
1.40691,1.94093,0.0169382,0
1.407,1.80485,0.0236267,0
1.40708,1.68474,0.0294073,0
1.40717,1.6726,0.0364963,0
1.40726,1.66843,0.0436893,0
1.40735,1.66522,0.0508771,0
1.40743,1.65099,0.0576539,0
1.40752,1.64573,0.0646609,0
1.40761,1.64343,0.0717539,0
1.4077,1.64211,0.078876,0
1.40778,1.64974,0.086459,0
1.40787,1.64235,0.0932596,0
1.40796,1.64892,0.100852,0
1.40804,1.64647,0.107915,0
1.40813,1.64897,0.115307,0
1.40822,1.64746,0.122427,0
1.40831,1.6499,0.12985,0
1.40839,1.65031,0.13713,0
1.40848,1.65767,0.145027,0
1.40857,1.64607,0.151252,0
1.40866,1.64937,0.158816,0
1.40874,1.65065,0.166212,0
1.40883,1.65687,0.174144,0
1.40892,1.65113,0.180828,0
1.409,1.65628,0.18871,0
1.40909,1.64849,0.195112,0
1.40918,1.66549,0.204497,0
1.40927,1.66161,0.211383,0
1.40935,1.66563,0.219284,0
1.40944,1.68249,0.228977,0
1.40953,1.69138,0.237708,0
1.40962,1.68933,0.244942,0
1.4097,1.67935,0.25098,0
1.40979,1.68713,0.259675,0
1.40988,1.68203,0.266408,0
1.40996,1.68776,0.27487,0
1.41005,1.68556,0.282066,0
1.41014,1.69121,0.290604,0
1.41023,1.6791,0.29607,0
1.41031,1.68861,0.305351,0
1.4104,1.69022,0.313263,0
1.41049,1.69964,0.322687,0
1.41058,1.69233,0.328955,0
1.41066,1.69382,0.336921,0
1.41075,1.69037,0.34391,0
1.41084,1.69179,0.351893,0
1.41092,1.69513,0.360311,0
1.41101,1.69452,0.367916,0
1.4111,1.68899,0.37444,0
1.41119,1.6971,0.384014,0
1.41127,1.68858,0.38984,0
1.41136,1.69855,0.399955,0
1.41145,1.68998,0.405728,0
1.41154,1.69499,0.414762,0
1.41162,1.6922,0.421912,0
1.41171,1.68258,0.427322,0
1.4118,1.69523,0.438415,0
1.41188,1.69523,0.446317,0
1.41197,1.69423,0.453969,0
1.41206,1.68645,0.459779,0
1.41215,1.69599,0.47034,0
1.41223,1.692,0.477192,0
1.41232,1.70528,0.488981,0
1.41241,1.69449,0.493898,0
1.41249,1.69711,0.502707,0
1.41258,1.69394,0.509819,0
1.41267,1.69553,0.518375,0
1.41276,1.69516,0.526361,0
1.41284,1.68999,0.532851,0
1.41293,1.70003,0.544183,0
1.41302,1.69383,0.550359,0
1.41311,1.69901,0.56025,0
1.41319,1.69465,0.567023,0
1.41328,1.70069,0.577305,0
1.41337,1.69437,0.583418,0
1.41345,1.70408,0.595092,0
1.41354,1.70241,0.602855,0
1.41363,1.69412,0.60825,0
1.41372,1.70366,0.620082,0
1.4138,1.70188,0.627856,0
1.41389,1.70755,0.638428,0
1.41398,1.69259,0.641267,0
1.41407,1.69818,0.651871,0
1.41415,1.69719,0.66,0
1.41424,1.70918,0.673263,0
1.41433,1.70808,0.681455,0
1.41441,1.70324,0.688152,0
1.4145,1.71503,0.701636,0
1.41459,1.72396,0.714087,0
1.41468,1.74019,0.729724,0
1.41476,1.74988,0.74278,0
1.41485,1.78154,0.765408,0
1.41494,1.82128,0.791916,0
1.41503,1.87913,0.826839,0
1.41511,1.91845,0.854147,0
1.4152,1.92382,0.866617,0
1.41529,1.94004,0.884126,0
1.41537,1.93344,0.891326,0
1.41546,1.93678,0.903135,0
1.41555,1.95001,0.919682,0
1.41564,1.94868,0.929473,0
1.41572,1.95992,0.945353,0
1.41581,1.95308,0.952581,0
1.4159,1.96684,0.969939,0
1.41599,1.9608,0.977619,0
1.41607,1.96455,0.990217,0
1.41616,1.95754,0.997417,0
1.41625,1.95939,1.00915,0
1.41633,1.96207,1.02139,0
1.41642,1.95936,1.03087,0
1.41651,1.96809,1.04645,0
1.4166,1.96615,1.05645,0
1.41668,1.96152,1.06502,0
1.41677,1.95948,1.07501,0
1.41686,1.96964,1.09179,0
1.41695,1.96486,1.10038,0
1.41703,1.96178,1.10992,0
1.41712,1.95779,1.11897,0
1.41721,1.95808,1.1305,0
1.41729,1.95918,1.14256,0
1.41738,1.96193,1.15566,0
1.41747,1.95859,1.16524,0
1.41756,1.96806,1.18253,0
1.41764,1.96801,1.19422,0
1.41773,1.96022,1.20122,0
1.41782,1.96006,1.21292,0
1.41791,1.95814,1.22358,0
1.41799,1.9604,1.23692,0
1.41808,1.95582,1.246,0
1.41817,1.95037,1.25452,0
1.41825,1.95746,1.27119,0
1.41834,1.96444,1.28794,0
1.41843,1.95296,1.29264,0
1.41852,1.96144,1.31059,0
1.4186,1.95736,1.32025,0
1.41869,1.95984,1.33441,0
1.41878,1.95895,1.34635,0
1.41887,1.95634,1.35716,0
1.41895,1.95532,1.36913,0
1.41904,1.96321,1.38746,0
1.41913,1.96039,1.39833,0
1.41921,1.97212,1.41973,0
1.4193,1.96672,1.42891,0
1.41939,1.95966,1.43688,0
1.41948,1.95257,1.44482,0
1.41956,1.96387,1.46649,0
1.41965,1.95346,1.47204,0
1.41974,1.96055,1.49084,0
1.41983,1.95562,1.5006,0
1.41991,1.95696,1.51524,0
1.42,1.95348,1.52622,0
1.42009,1.95073,1.53783,0
1.42017,1.95965,1.55878,0
1.42026,1.95127,1.56606,0
1.42035,1.95996,1.58715,0
1.42044,1.9445,1.58872,0
1.42052,1.95221,1.60928,0
1.42061,1.9567,1.62737,0
1.4207,1.95495,1.64039,0
1.42079,1.9554,1.65537,0
1.42087,1.94588,1.66194,0
1.42096,1.95755,1.68673,0
1.42105,1.9547,1.69919,0
1.42113,1.95178,1.71166,0
1.42122,1.95852,1.73275,0
1.42131,1.95542,1.74528,0
1.4214,1.95001,1.7558,0
1.42148,1.95344,1.77438,0
1.42157,1.9501,1.78694,0
1.42166,1.95256,1.80493,0
1.42175,1.94686,1.81548,0
1.42183,1.95568,1.83972,0
1.42192,1.9469,1.84754,0
1.42201,1.94244,1.85948,0
1.42209,1.94294,1.87627,0
1.42218,1.95407,1.90357,0
1.42227,1.95074,1.91699,0
1.42236,1.95088,1.93393,0
1.42244,1.95161,1.95161,0
1.42253,1.95153,1.96863,0
1.42262,1.95694,1.9914,0
1.42271,1.95521,2.00708,0
1.42279,1.96449,2.03429,0
1.42288,1.95837,2.04573,0
1.42297,1.95286,2.05789,0
1.42305,1.95688,2.08023,0
1.42314,1.95597,2.09752,0
1.42323,1.94476,2.10383,0
1.42332,1.94705,2.12483,0
1.4234,1.95121,2.14811,0
1.42349,1.94851,2.16404,0
1.42358,1.9477,2.18222,0
1.42367,1.94346,2.19669,0
1.42375,1.94507,2.21793,0
1.42384,1.94128,2.23319,0
1.42393,1.94784,2.26057,0
1.42401,1.95094,2.28426,0
1.4241,1.94677,2.29962,0
1.42419,1.95022,2.32418,0
1.42428,1.94773,2.34189,0
1.42436,1.9464,2.36117,0
1.42445,1.9462,2.38203,0
1.42454,1.95026,2.40838,0
1.42463,1.94975,2.42934,0
1.42471,1.94411,2.44409,0
1.4248,1.9421,2.46354,0
1.42489,1.95042,2.49642,0
1.42497,1.94869,2.51676,0
1.42506,1.94865,2.53952,0
1.42515,1.9442,2.55676,0
1.42524,1.94808,2.58518,0
1.42532,1.94695,2.60728,0
1.42541,1.95221,2.63826,0
1.4255,1.94955,2.65885,0
1.42558,1.95262,2.68755,0
1.42567,1.95139,2.71066,0
1.42576,1.95,2.7338,0
1.42585,1.94844,2.75698,0
1.42593,1.94901,2.78348,0
1.42602,1.95167,2.81332,0
1.42611,1.95467,2.84406,0
1.4262,1.95012,2.86413,0
1.42628,1.94879,2.8892,0
1.42637,1.95061,2.91929,0
1.42646,1.94558,2.93945,0
1.42654,1.94425,2.96547,0
1.42663,1.94926,3.0016,0
1.42672,1.94805,3.02858,0
1.42681,1.93965,3.04464,0
1.42689,1.91834,3.04039,0
1.42698,1.90506,3.04873,0
1.42707,1.8849,3.04596,0
1.42716,1.86689,3.04648,0
1.42724,1.85306,3.05375,0
1.42733,1.83199,3.04894,0
1.42742,1.81509,3.05089,0
1.4275,1.79415,3.04586,0
1.42759,1.77983,3.05193,0
1.42768,1.7655,3.05794,0
1.42777,1.74718,3.05693,0
1.42785,1.72545,3.04973,0
1.42794,1.70822,3.05025,0
1.42803,1.69102,3.05067,0
1.42812,1.6724,3.04838,0
1.4282,1.6567,3.05125,0
1.42829,1.64005,3.05229,0
1.42838,1.6178,3.04264,0
1.42846,1.60265,3.04613,0
1.42855,1.59072,3.05575,0
1.42864,1.56822,3.04488,0
1.42873,1.55356,3.04902,0
1.42881,1.53484,3.04506,0
1.4289,1.51797,3.04457,0
1.42899,1.50157,3.04488,0
1.42908,1.48608,3.04691,0
1.42916,1.4706,3.04886,0
1.42925,1.45211,3.04442,0
1.42934,1.43924,3.05163,0
1.42942,1.42338,3.05244,0
1.42951,1.40586,3.04954,0
1.4296,1.38756,3.04473,0
1.42969,1.37098,3.04346,0
1.42977,1.35891,3.05216,0
1.42986,1.34235,3.05073,0
1.42995,1.32345,3.04372,0
1.43004,1.30384,3.03477,0
1.43012,1.29176,3.04319,0
1.43021,1.27653,3.04419,0
1.4303,1.26018,3.04234,0
1.43038,1.24689,3.0478,0
1.43047,1.23321,3.05229,0
1.43056,1.21506,3.04557,0
1.43065,1.19993,3.04619,0
1.43073,1.183,3.04207,0
1.43082,1.1715,3.05187,0
1.43091,1.15428,3.04667,0
1.431,1.13747,3.04231,0
1.43108,1.12177,3.04068,0
1.43117,1.10678,3.04085,0
1.43126,1.09316,3.0447,0
1.43134,1.0782,3.04473,0
1.43143,1.06226,3.04185,0
1.43152,1.04638,3.0389,0
1.43161,1.03471,3.04817,0
1.43169,1.01633,3.03748,0
1.43178,1.00244,3.03999,0
1.43187,0.990709,3.04909,0
1.43196,0.973127,3.04005,0
1.43204,0.95444,3.0271,0
1.43213,0.945671,3.04556,0
1.43222,0.929157,3.03914,0
1.4323,0.913582,3.0355,0
1.43239,0.898057,3.03179,0
1.43248,0.885099,3.03664,0
1.43257,0.868533,3.02894,0
1.43265,0.851509,3.01922,0
1.43274,0.836189,3.0152,0
1.43283,0.824077,3.02268,0
1.43292,0.808292,3.01659,0
1.433,0.794358,3.01718,0
1.43309,0.780935,3.01965,0
1.43318,0.766768,3.01915,0
1.43326,0.751168,3.01277,0
1.43335,0.73849,3.01796,0
1.43344,0.724148,3.01629,0
1.43353,0.709834,3.01456,0
1.43361,0.694199,3.00691,0
1.4337,0.683059,3.01868,0
1.43379,0.670314,3.02359,0
1.43388,0.655629,3.01964,0
1.43396,0.6412,3.01661,0
1.43405,0.628439,3.02133,0
1.43414,0.613256,3.01425,0
1.43422,0.599708,3.01493,0
1.43431,0.582158,2.99494,0
1.4344,0.569645,3.0004,0
1.43449,0.557094,3.00581,0
1.43457,0.544685,3.01215,0
1.43466,0.530843,3.01056,0
1.43475,0.517024,3.0089,0
1.43484,0.502075,3.00028,0
1.43492,0.489943,3.00836,0
1.43501,0.476656,3.00949,0
1.4351,0.461999,3.00165,0
1.43518,0.449932,3.01056,0
1.43527,0.4355,3.00359,0
1.43536,0.422251,3.00447,0
1.43545,0.408868,3.00431,0
1.43553,0.395233,3.0021,0
1.43562,0.382635,3.00776,0
1.43571,0.36902,3.00543,0
1.4358,0.356138,3.009,0
1.43588,0.341647,2.9986,0
1.43597,0.328451,2.99907,0
1.43606,0.315467,3.00147,0
1.43614,0.302568,3.0048,0
1.43623,0.289358,3.0051,0
1.43632,0.276335,3.00733,0
1.43641,0.262775,3.00353,0
1.43649,0.249584,3.00365,0
1.43658,0.235299,2.98976,0
1.43667,0.222918,2.99973,0
1.43676,0.209828,3.00067,0
1.43684,0.196209,2.99358,0
1.43693,0.183268,2.9964,0
1.43702,0.170192,2.99717,0
1.4371,0.157531,3.00587,0
1.43719,0.143695,2.99155,0
1.43728,0.130946,2.99914,0
1.43737,0.117819,2.99869,0
1.43745,0.104699,2.99817,0
1.43754,0.0912492,2.98661,0
1.43763,0.0785571,2.99997,0
1.43771,0.0654448,2.99929,0
1.4378,0.0524271,3.00354,0
1.43789,0.0392165,2.99574,0
1.43798,0.0261535,2.99689,0
1.43806,0.0130769,2.99697,0
1.43815,1.09147e-07,3,0
1.43824,-0.0130418,2.98897,0
1.43833,-0.0264238,3.02788,0
1.43841,-0.0395436,3.02074,0
1.4385,-0.0528283,3.02654,0
1.43859,-0.0657936,3.01528,0
1.43867,-0.0789757,3.01597,0
1.43876,-0.0923484,3.02259,0
1.43885,-0.105571,3.02316,0
1.43894,-0.118839,3.02467,0
1.43902,-0.131992,3.02312,0
1.43911,-0.144606,3.01053,0
1.4392,-0.158683,3.02784,0
1.43929,-0.171779,3.02513,0
1.43937,-0.184977,3.02435,0
1.43946,-0.197844,3.01852,0
1.43955,-0.210664,3.01264,0
1.43963,-0.2244,3.01967,0
1.43972,-0.237888,3.02265,0
1.43981,-0.25066,3.0166,0
1.4399,-0.26443,3.02245,0
1.43998,-0.27789,3.02426,0
1.44007,-0.291179,3.02401,0
1.44016,-0.30377,3.01674,0
1.44025,-0.317453,3.02036,0
1.44033,-0.331064,3.02293,0
1.44042,-0.344024,3.01946,0
1.44051,-0.357549,3.02091,0
1.44059,-0.370726,3.01933,0
1.44068,-0.382888,3.00974,0
1.44077,-0.396147,3.00904,0
1.44086,-0.410351,3.0152,0
1.44094,-0.423643,3.01438,0
1.44103,-0.437509,3.01745,0
1.44112,-0.450671,3.01551,0
1.44121,-0.463976,3.0145,0
1.44129,-0.477438,3.01442,0
1.44138,-0.491068,3.01527,0
1.44147,-0.506036,3.02395,0
1.44155,-0.518717,3.01876,0
1.44164,-0.532579,3.02041,0
1.44173,-0.544151,3.0092,0
1.44182,-0.556729,3.00384,0
1.4419,-0.559945,2.94932,0
1.44199,-0.589981,3.03519,0
1.44208,-0.520111,2.61477,0
1.44217,-0.499616,2.45569,0
1.44225,-0.507068,2.43782,0
1.44234,-0.522898,2.46004,0
1.44243,-0.54763,2.52223,0
1.44251,-0.550622,2.4837,0
1.4426,-0.559468,2.47249,0
1.44269,-0.5725,2.47977,0
1.44278,-0.584002,2.48017,0
1.44286,-0.594118,2.47468,0
1.44295,-0.606099,2.47692,0
1.44304,-0.618836,2.48202,0
1.44313,-0.630891,2.48414,0
1.44321,-0.640973,2.47846,0
1.4433,-0.652545,2.47854,0
1.44339,-0.665682,2.48436,0
1.44347,-0.675201,2.47661,0
1.44356,-0.690277,2.48906,0
1.44365,-0.69923,2.47928,0
1.44374,-0.712247,2.4839,0
1.44382,-0.720839,2.47309,0
1.44391,-0.735316,2.48238,0
1.444,-0.748446,2.48681,0
1.44409,-0.761336,2.49022,0
1.44417,-0.770118,2.48019,0
1.44426,-0.782436,2.48157,0
1.44435,-0.794476,2.48194,0
1.44443,-0.807152,2.48416,0
1.44452,-0.821429,2.49106,0
1.44461,-0.8288,2.47702,0
1.4447,-0.842814,2.48285,0
1.44478,-0.854942,2.48293,0
1.44487,-0.857855,2.45652,0
1.44496,-0.864226,2.4405,0
1.44505,-0.876894,2.44235,0
1.44513,-0.903275,2.48173,0
1.44522,-0.917556,2.48715,0
1.44531,-0.926999,2.47937,0
1.44539,-0.937808,2.4753,0
1.44548,-0.949675,2.47399,0
1.44557,-0.967347,2.48753,0
1.44566,-0.978925,2.48515,0
1.44574,-0.989388,2.47992,0
1.44583,-1.00057,2.47651,0
1.44592,-1.01781,2.48785,0
1.44601,-1.03018,2.48708,0
1.44609,-1.04141,2.48349,0
1.44618,-1.05615,2.48812,0
1.44627,-1.07015,2.49084,0
1.44635,-1.0826,2.48982,0
1.44644,-1.09587,2.49056,0
1.44653,-1.10917,2.49124,0
1.44662,-1.12208,2.49093,0
1.4467,-1.12714,2.47327,0
1.44679,-1.12703,2.44472,0
1.44688,-1.12332,2.40897,0
1.44697,-1.12742,2.39047,0
1.44705,-1.12493,2.35846,0
1.44714,-1.12912,2.34091,0
1.44723,-1.12881,2.31439,0
1.44731,-1.12341,2.27806,0
1.4474,-1.12486,2.25613,0
1.44749,-1.12435,2.23066,0
1.44758,-1.12453,2.20702,0
1.44766,-1.12133,2.1772,0
1.44775,-1.12159,2.15455,0
1.44784,-1.12213,2.13282,0
1.44793,-1.11922,2.10495,0
1.44801,-1.12082,2.08595,0
1.4481,-1.11989,2.06258,0
1.44819,-1.11878,2.03927,0
1.44827,-1.11506,2.01163,0
1.44836,-1.1209,2.00151,0
1.44845,-1.1178,1.97571,0
1.44854,-1.11798,1.95605,0
1.44862,-1.1135,1.92864,0
1.44871,-1.1214,1.9229,0
1.4488,-1.11709,1.89645,0
1.44889,-1.1182,1.87952,0
1.44897,-1.11094,1.84891,0
1.44906,-1.11225,1.83293,0
1.44915,-1.11083,1.81271,0
1.44923,-1.10926,1.79254,0
1.44932,-1.11177,1.7792,0
1.44941,-1.11419,1.76588,0
1.4495,-1.1106,1.74329,0
1.44958,-1.10846,1.72329,0
1.44967,-1.10507,1.70166,0
1.44976,-1.11304,1.69766,0
1.44985,-1.10608,1.67111,0
1.44993,-1.10892,1.65961,0
1.45002,-1.10664,1.64067,0
1.45011,-1.1076,1.62673,0
1.45019,-1.10166,1.60293,0
1.45028,-1.10864,1.5981,0
1.45037,-1.10872,1.58342,0
1.45046,-1.10985,1.5704,0
1.45054,-1.10508,1.54926,0
1.45063,-1.10598,1.53631,0
1.45072,-1.10562,1.52176,0
1.4508,-1.10575,1.50805,0
1.45089,-1.11113,1.5016,0
1.45098,-1.10331,1.47751,0
1.45107,-1.10794,1.47029,0
1.45115,-1.10466,1.4527,0
1.45124,-1.10673,1.44232,0
1.45133,-1.10015,1.42087,0
1.45142,-1.1008,1.40896,0
1.4515,-1.10261,1.39865,0
1.45159,-1.10559,1.38991,0
1.45168,-1.09537,1.3648,0
1.45176,-1.10446,1.36389,0
1.45185,-1.1047,1.35209,0
1.45194,-1.1055,1.34108,0
1.45203,-1.10495,1.32856,0
1.45211,-1.10752,1.31989,0
1.4522,-1.10358,1.3036,0
1.45229,-1.10211,1.29041,0
1.45238,-1.10121,1.27801,0
1.45246,-1.10349,1.26942,0
1.45255,-1.10374,1.25858,0
1.45264,-1.11055,1.25525,0
1.45272,-1.1047,1.23771,0
1.45281,-1.10875,1.23139,0
1.4529,-1.11008,1.2221,0
1.45299,-1.11675,1.21872,0
1.45307,-1.11188,1.20282,0
1.45316,-0.016368,0.0175525,0
1.45325,-1.10177,1.17122,0
1.45334,-1.1055,1.16495,0
1.45342,-1.10435,1.15362,0
1.45351,-1.10729,1.14663,0
1.4536,-0.0216315,0.0222054,0
1.45368,-0.0448582,0.045648,0
1.45377,-0.0211204,0.0213056,0
1.45386,-1.11935,1.11935,0
