7200
3289
2.86234
2.87805,-0.0494975,-0.0494975,0
2.87814,-0.0168964,-0.0170444,0
2.87822,-0.0343446,-0.0349493,0
2.87831,-0.0390763,-0.0401129,0
2.8784,-0.0652979,-0.0676179,0
2.87848,-0.0248945,-0.0260051,0
2.87857,-0.0894861,-0.0942987,0
2.87866,-0.106889,-0.113626,0
2.87875,-0.138446,-0.148465,0
2.87883,-0.156803,-0.169629,0
2.87892,-0.193219,-0.210861,0
2.87901,-0.213813,-0.235389,0
2.8791,-0.228843,-0.254156,0
2.87918,-0.231061,-0.258882,0
2.87927,-0.228604,-0.25839,0
2.87936,-0.225496,-0.257129,0
2.87944,-0.214531,-0.24679,0
2.87953,-0.225855,-0.262117,0
2.87962,-0.233801,-0.273746,0
2.87971,-0.230666,-0.272474,0
2.87979,-0.225618,-0.268882,0
2.87988,-0.220606,-0.26525,0
2.87997,-0.234713,-0.284729,0
2.88006,-0.23157,-0.283428,0
2.88014,-0.232849,-0.287544,0
2.88023,-0.224707,-0.279979,0
2.88032,-0.22535,-0.283304,0
2.8804,-0.230922,-0.292923,0
2.88049,-0.233336,-0.298656,0
2.88058,-0.227133,-0.293346,0
2.88067,-0.225242,-0.293541,0
2.88075,-0.223353,-0.293725,0
2.88084,-0.22869,-0.303481,0
2.88093,-0.230953,-0.309284,0
2.88101,-0.233765,-0.315916,0
2.8811,-0.233567,-0.318546,0
2.88119,-0.232763,-0.320371,0
2.88128,-0.22552,-0.313268,0
2.88136,-0.229958,-0.32239,0
2.88145,-0.23259,-0.329107,0
2.88154,-0.235166,-0.335852,0
2.88163,-0.230279,-0.331945,0
2.88171,-0.233359,-0.33954,0
2.8818,-0.229624,-0.337249,0
2.88189,-0.230947,-0.342393,0
2.88197,-0.23834,-0.3567,0
2.88206,-0.235125,-0.355235,0
2.88215,-0.229735,-0.350404,0
2.88224,-0.223302,-0.343855,0
2.88232,-0.220177,-0.342303,0
2.88241,-0.22889,-0.359285,0
2.8825,-0.216647,-0.343365,0
2.88259,-0.211968,-0.339219,0
2.88267,-0.209433,-0.33844,0
2.88276,-0.211612,-0.345319,0
2.88285,-0.230854,-0.380436,0
2.88293,-0.221466,-0.368582,0
2.88302,-0.22548,-0.378998,0
2.88311,-0.218749,-0.371362,0
2.8832,-0.225187,-0.386134,0
2.88328,-0.2355,-0.407898,0
2.88337,-0.23471,-0.410658,0
2.88346,-0.22553,-0.398623,0
2.88355,-0.224766,-0.401348,0
2.88363,-0.222528,-0.40145,0
2.88372,-0.227508,-0.414692,0
2.88381,-0.222833,-0.410408,0
2.88389,-0.221987,-0.413138,0
2.88398,-0.219713,-0.413219,0
2.88407,-0.221633,-0.421254,0
2.88416,-0.225333,-0.432861,0
2.88424,-0.218864,-0.42495,0
2.88433,-0.219731,-0.431247,0
2.88442,-0.221448,-0.439346,0
2.88451,-0.224884,-0.451047,0
2.88459,-0.220702,-0.44754,0
2.88468,-0.227515,-0.466474,0
2.88477,-0.21896,-0.453952,0
2.88485,-0.223866,-0.469344,0
2.88494,-0.220536,-0.467603,0
2.88503,-0.220607,-0.473093,0
2.88512,-0.217284,-0.471326,0
2.8852,-0.219373,-0.481369,0
2.88529,-0.226306,-0.502381,0
2.88538,-0.225332,-0.506104,0
2.88547,-0.225538,-0.512574,0
2.88555,-0.228084,-0.524558,0
2.88564,-0.227372,-0.529224,0
2.88573,-0.226233,-0.532972,0
2.88581,-0.223132,-0.53211,0
2.8859,-0.221574,-0.534926,0
2.88599,-0.220752,-0.53959,0
2.88608,-0.216523,-0.535912,0
2.88616,-0.215664,-0.540567,0
2.88625,-0.217335,-0.551738,0
2.88634,-0.214563,-0.551749,0
2.88643,-0.22183,-0.577886,0
2.88651,-0.220723,-0.582589,0
2.8866,-0.220631,-0.590103,0
2.88669,-0.217708,-0.590122,0
2.88677,-0.222313,-0.6108,0
2.88686,-0.224715,-0.625882,0
2.88695,-0.224318,-0.633455,0
2.88704,-0.223201,-0.639148,0
2.88712,-0.227898,-0.661863,0
2.88721,-0.228543,-0.673267,0
2.8873,-0.232902,-0.69607,0
2.88739,-0.22172,-0.672387,0
2.88747,-0.225891,-0.695222,0
2.88756,-0.227429,-0.710487,0
2.88765,-0.224928,-0.71338,0
2.88773,-0.211731,-0.681884,0
2.88782,-0.532994,-1.74334,0
2.88791,-0.534028,-1.77438,0
2.888,-0.56377,-1.90326,0
2.88808,-0.609468,-2.09099,0
2.88817,-0.604473,-2.10805,0
2.88826,-0.596626,-2.11548,0
2.88835,-0.587657,-2.11902,0
2.88843,-0.577091,-2.11674,0
2.88852,-0.563449,-2.10282,0
2.88861,-0.555541,-2.11009,0
2.88869,-0.548583,-2.12121,0
2.88878,-0.537353,-2.11583,0
2.88887,-0.526664,-2.11233,0
2.88896,-0.515303,-2.10587,0
2.88904,-0.506576,-2.11004,0
2.88913,-0.498282,-2.11613,0
2.88922,-0.490168,-2.12315,0
2.88931,-0.480238,-2.12234,0
2.88939,-0.467726,-2.10978,0
2.88948,-0.460426,-2.12059,0
2.88957,-0.448466,-2.10986,0
2.88965,-0.438848,-2.10984,0
2.88974,-0.429239,-2.10978,0
2.88983,-0.419834,-2.11065,0
2.88992,-0.411575,-2.11737,0
2.89,-0.400281,-2.10834,0
2.89009,-0.391989,-2.11498,0
2.89018,-0.381333,-2.1088,0
2.89027,-0.372475,-2.11241,0
2.89035,-0.361731,-2.10515,0
2.89044,-0.353202,-2.11065,0
2.89053,-0.342703,-2.10428,0
2.89061,-0.333049,-2.10279,0
2.8907,-0.323719,-2.10323,0
2.89079,-0.315573,-2.11155,0
2.89088,-0.306357,-2.11291,0
2.89096,-0.298248,-2.12214,0
2.89105,-0.287098,-2.10955,0
2.89114,-0.278151,-2.11277,0
2.89123,-0.268299,-2.109,0
2.89131,-0.259094,-2.11015,0
2.8914,-0.249532,-2.10828,0
2.89149,-0.240557,-2.11134,0
2.89157,-0.231124,-2.11038,0
2.89166,-0.221078,-2.10341,0
2.89175,-0.213,-2.1153,0
2.89184,-0.203481,-2.11323,0
2.89192,-0.193983,-2.11111,0
2.89201,-0.184334,-2.10695,0
2.8921,-0.175388,-2.11073,0
2.89219,-0.165078,-2.09751,0
2.89227,-0.157036,-2.11317,0
2.89236,-0.147605,-2.11085,0
2.89245,-0.13787,-2.10349,0
2.89253,-0.128996,-2.10906,0
2.89262,-0.119338,-2.10161,0
2.89271,-0.110586,-2.1101,0
2.8928,-0.101378,-2.11057,0
2.89288,-0.0921242,-2.10999,0
2.89297,-0.0828775,-2.10937,0
2.89306,-0.0737078,-2.11071,0
2.89315,-0.0642531,-2.10302,0
2.89323,-0.0549978,-2.10028,0
2.89332,-0.0458985,-2.1035,0
2.89341,-0.0367722,-2.10668,0
2.89349,-0.0275405,-2.10382,0
2.89358,-0.0183694,-2.10492,0
2.89367,-0.00918479,-2.10498,0
2.89376,-2.53095e-08,-2.101,0
2.89384,0.00917165,-2.10198,0
2.89393,0.0183781,-2.10592,0
2.89402,0.027619,-2.10982,0
2.8941,0.0368246,-2.10968,0
2.89419,0.0459639,-2.1065,0
2.89428,0.0553119,-2.11228,0
2.89437,0.0642835,-2.10402,0
2.89445,0.073603,-2.10772,0
2.89454,0.0826811,-2.10438,0
2.89463,0.0919496,-2.10599,0
2.89472,0.100898,-2.10058,0
2.8948,0.110115,-2.10112,0
2.89489,0.119849,-2.1106,0
2.89498,0.129118,-2.11106,0
2.89506,0.138262,-2.10947,0
2.89515,0.147395,-2.10785,0
2.89524,0.156369,-2.1042,0
2.89533,0.165392,-2.1015,0
2.89541,0.174394,-2.09877,0
2.8955,0.183463,-2.09699,0
2.89559,0.193617,-2.10712,0
2.89568,0.202426,-2.10228,0
2.89576,0.211998,-2.10535,0
2.89585,0.221705,-2.10938,0
2.89594,0.23058,-2.10541,0
2.89602,0.239991,-2.10637,0
2.89611,0.249649,-2.10928,0
2.8962,0.257876,-2.10023,0
2.89629,0.267289,-2.10107,0
2.89637,0.276324,-2.09889,0
2.89646,0.284805,-2.09271,0
2.89655,0.294908,-2.09838,0
2.89664,0.303917,-2.09608,0
2.89672,0.31306,-2.09474,0
2.89681,0.323871,-2.10422,0
2.8969,0.330233,-2.08501,0
2.89698,0.341417,-2.09638,0
2.89707,0.351386,-2.0998,0
2.89716,0.362408,-2.10909,0
2.89725,0.369871,-2.09764,0
2.89733,0.379732,-2.09994,0
2.89742,0.388344,-2.09532,0
2.89751,0.397483,-2.0936,0
2.8976,0.406805,-2.09283,0
2.89768,0.417688,-2.09986,0
2.89777,0.426249,-2.09508,0
2.89786,0.43559,-2.09418,0
2.89794,0.444931,-2.09324,0
2.89803,0.453848,-2.0903,0
2.89812,0.46383,-2.0922,0
2.89821,0.474058,-2.09504,0
2.89829,0.484095,-2.09684,0
2.89838,0.491864,-2.08887,0
2.89847,0.501207,-2.08768,0
2.89856,0.509361,-2.08159,0
2.89864,0.524487,-2.1036,0
2.89873,0.53366,-2.10129,0
2.89882,0.543074,-2.09991,0
2.8989,0.551722,-2.09559,0
2.89899,0.562155,-2.09799,0
2.89908,0.572093,-2.09841,0
2.89917,0.579907,-2.09108,0
2.89925,0.588483,-2.0866,0
2.89934,0.600889,-2.09555,0
2.89943,0.610587,-2.09483,0
2.89952,0.62029,-2.09406,0
2.8996,0.629421,-2.09134,0
2.89969,0.642925,-2.10291,0
2.89978,0.650019,-2.0934,0
2.89986,0.661853,-2.09913,0
2.89995,0.672226,-2.10003,0
2.90004,0.682309,-2.09993,0
2.90013,0.686768,-2.08269,0
2.90021,0.698388,-2.08726,0
2.9003,0.712953,-2.10029,0
2.90039,0.719831,-2.09054,0
2.90048,0.731584,-2.09493,0
2.90056,0.742053,-2.09549,0
2.90065,0.751865,-2.09412,0
2.90074,0.760995,-2.09082,0
2.90082,0.771149,-2.09029,0
2.90091,0.784815,-2.09908,0
2.901,0.792549,-2.0919,0
2.90109,0.804536,-2.09589,0
2.90117,0.814761,-2.09515,0
2.90126,0.822795,-2.08879,0
2.90135,0.834866,-2.09261,0
2.90144,0.84736,-2.09729,0
2.90152,0.855746,-2.09172,0
2.90161,0.863716,-2.0852,0
2.9017,0.873967,-2.08417,0
2.90178,0.888132,-2.09231,0
2.90187,0.897253,-2.08841,0
2.90196,0.907154,-2.08631,0
2.90205,0.918262,-2.08691,0
2.90213,0.930207,-2.08928,0
2.90222,0.945064,-2.09796,0
2.90231,0.955868,-2.09746,0
2.9024,0.965848,-2.09509,0
2.90248,0.974135,-2.08904,0
2.90257,0.987507,-2.09381,0
2.90266,0.998786,-2.094,0
2.90274,1.00835,-2.09052,0
2.90283,1.02053,-2.09239,0
2.90292,1.0323,-2.0933,0
2.90301,1.04321,-2.09236,0
2.90309,1.05323,-2.08957,0
2.90318,1.0637,-2.08763,0
2.90327,1.07188,-2.08119,0
2.90336,1.08511,-2.08448,0
2.90344,1.09606,-2.08326,0
2.90353,1.11265,-2.09259,0
2.90362,1.12508,-2.09388,0
2.9037,1.13277,-2.08631,0
2.90379,1.14427,-2.08573,0
2.90388,1.15869,-2.09034,0
2.90397,1.16732,-2.08439,0
2.90405,1.17837,-2.08276,0
2.90414,1.19092,-2.08368,0
2.90423,1.204,-2.08539,0
2.90432,1.21762,-2.08789,0
2.9044,1.22723,-2.08342,0
2.90449,1.23937,-2.0832,0
2.90458,1.25154,-2.08292,0
2.90466,1.26166,-2.07915,0
2.90475,1.27072,-2.07362,0
2.90484,1.29186,-2.08761,0
2.90493,1.30466,-2.08789,0
2.90501,1.3191,-2.09064,0
2.9051,1.32606,-2.08149,0
2.90519,1.34162,-2.08578,0
2.90528,1.35343,-2.0841,0
2.90536,1.36689,-2.08486,0
2.90545,1.37763,-2.08138,0
2.90554,1.39559,-2.08865,0
2.90562,1.40581,-2.0842,0
2.90571,1.42165,-2.08797,0
2.9058,1.43357,-2.08586,0
2.90589,1.44038,-2.0763,0
2.90597,1.45918,-2.08392,0
2.90606,1.47287,-2.08407,0
2.90615,1.48776,-2.08576,0
2.90624,1.50094,-2.08493,0
2.90632,1.51296,-2.08241,0
2.90641,1.52972,-2.08627,0
2.9065,1.53702,-2.07717,0
2.90658,1.55505,-2.08246,0
2.90667,1.56773,-2.08045,0
2.90676,1.57921,-2.07677,0
2.90685,1.59313,-2.07621,0
2.90693,1.61442,-2.08505,0
2.90702,1.62904,-2.08508,0
2.90711,1.63812,-2.07795,0
2.90719,1.64904,-2.07313,0
2.90728,1.66871,-2.07917,0
2.90737,1.6784,-2.07265,0
2.90746,1.69502,-2.0746,0
2.90754,1.71169,-2.07644,0
2.90763,1.73608,-2.08741,0
2.90772,1.74388,-2.07828,0
2.90781,1.75746,-2.07599,0
2.90789,1.77884,-2.08275,0
2.90798,1.78334,-2.06967,0
2.90807,1.80285,-2.07394,0
2.90815,1.82111,-2.07658,0
2.90824,1.83811,-2.0776,0
2.90833,1.84915,-2.0718,0
2.90842,1.86888,-2.0756,0
2.9085,1.89204,-2.08297,0
2.90859,1.90584,-2.07986,0
2.90868,1.91693,-2.07373,0
2.90877,1.93688,-2.07704,0
2.90885,1.95209,-2.07513,0
2.90894,1.97351,-2.07965,0
2.90903,1.98879,-2.07752,0
2.90911,2.00965,-2.08105,0
2.9092,2.0215,-2.07513,0
2.90929,2.03474,-2.07057,0
2.90938,2.0346,-2.05244,0
2.90946,2.0294,-2.0294,0
2.90955,2.02971,-2.01207,0
2.90964,2.02991,-1.99479,0
2.90973,2.02284,-1.97056,0
2.90981,2.02422,-1.95477,0
2.9099,2.02984,-1.94315,0
2.90999,2.02452,-1.9212,0
2.91007,2.02414,-1.90412,0
2.91016,2.03024,-1.89323,0
2.91025,2.02379,-1.87077,0
2.91034,2.02456,-1.85517,0
2.91042,2.01635,-1.83153,0
2.91051,2.01467,-1.81401,0
2.9106,2.01958,-1.80254,0
2.91069,2.02218,-1.78907,0
2.91077,2.0232,-1.7743,0
2.91086,2.0196,-1.75561,0
2.91095,2.02118,-1.74156,0
2.91103,2.01812,-1.72364,0
2.91112,2.01417,-1.70512,0
2.91121,2.01163,-1.68796,0
2.9113,2.01206,-1.67341,0
2.91138,2.0124,-1.65889,0
2.91147,2.01342,-1.64503,0
2.91156,2.01514,-1.63183,0
2.91165,2.01834,-1.61989,0
2.91173,2.01209,-1.60049,0
2.91182,2.01277,-1.58674,0
2.91191,2.01416,-1.57363,0
2.91199,2.01468,-1.55993,0
2.91208,2.00956,-1.54199,0
2.91217,2.01229,-1.53018,0
2.91226,2.01096,-1.51537,0
2.91234,2.02156,-1.50957,0
2.91243,2.01768,-1.49301,0
2.91252,2.00966,-1.47354,0
2.91261,2.01526,-1.46417,0
2.91269,2.01027,-1.44719,0
2.91278,2.00761,-1.43201,0
2.91287,2.01139,-1.42151,0
2.91295,2.0061,-1.40469,0
2.91304,2.00811,-1.39307,0
2.91313,2.0084,-1.38033,0
2.91322,2.00696,-1.36649,0
2.9133,2.01373,-1.35828,0
2.91339,2.00717,-1.34115,0
2.91348,2.00216,-1.3252,0
2.91357,2.00374,-1.31371,0
2.91365,2.00107,-1.29951,0
2.91374,2.01261,-1.29455,0
2.91383,2.00643,-1.27824,0
2.91391,2.01283,-1.27,0
2.914,2.00987,-1.25591,0
2.91409,2.00683,-1.24186,0
2.91418,2.00626,-1.22944,0
2.91426,2.00135,-1.21445,0
2.91435,2.00063,-1.2021,0
2.91444,1.99984,-1.18978,0
2.91453,2.0076,-1.18256,0
2.91461,2.00928,-1.17178,0
2.9147,2.00658,-1.1585,0
2.91479,2.00467,-1.14576,0
2.91487,2.00269,-1.13307,0
2.91496,2.00761,-1.12432,0
2.91505,2.00463,-1.11118,0
2.91514,2.00157,-1.0981,0
2.91522,2.00898,-1.09079,0
2.91531,2.00315,-1.07633,0
2.9154,1.99811,-1.06241,0
2.91549,2.00361,-1.05415,0
2.91557,2.00021,-1.04124,0
2.91566,1.9994,-1.02976,0
2.91575,2.00387,-1.02102,0
2.91583,2.00474,-1.01047,0
2.91592,1.9966,-0.995467,0
2.91601,1.98747,-0.980112,0
2.9161,2.00431,-0.977568,0
2.91618,1.99865,-0.964034,0
2.91627,2.00103,-0.954443,0
2.91636,1.99794,-0.94229,0
2.91645,1.99478,-0.930183,0
2.91653,1.9961,-0.920214,0
2.91662,1.99918,-0.911081,0
2.91671,2.00314,-0.902349,0
2.91679,2.00615,-0.893194,0
2.91688,2.00545,-0.882418,0
2.91697,2.00744,-0.872862,0
2.91706,2.00113,-0.859752,0
2.91714,1.9975,-0.847887,0
2.91723,1.99749,-0.837616,0
2.91732,2.00482,-0.830423,0
2.91741,2.00842,-0.821668,0
2.91749,2.02033,-0.816268,0
2.91758,2.00809,-0.801145,0
2.91767,2.00784,-0.79091,0
2.91775,2.00102,-0.778155,0
2.91784,2.0044,-0.769416,0
2.91793,1.99838,-0.75712,0
2.91802,2.00167,-0.748393,0
2.9181,2.0021,-0.738614,0
2.91819,2.00342,-0.729187,0
2.91828,2.00188,-0.718749,0
2.91837,1.99746,-0.707337,0
2.91845,1.99958,-0.698285,0
2.91854,1.99504,-0.686949,0
2.91863,1.99802,-0.678237,0
2.91871,1.99527,-0.667609,0
2.9188,1.99722,-0.658584,0
2.91889,1.99722,-0.648936,0
2.91898,2.00194,-0.640825,0
2.91906,1.98755,-0.626671,0
2.91915,1.99217,-0.618586,0
2.91924,1.99103,-0.608718,0
2.91932,1.99845,-0.601466,0
2.91941,1.99626,-0.59132,0
2.9195,1.99306,-0.580925,0
2.91959,1.99173,-0.571121,0
2.91967,1.99421,-0.562425,0
2.91976,1.99664,-0.553718,0
2.91985,1.99807,-0.544738,0
2.91994,1.9927,-0.533944,0
2.92002,1.99598,-0.525498,0
2.92011,1.99148,-0.515032,0
2.9202,1.99177,-0.505845,0
2.92028,1.99299,-0.496908,0
2.92037,1.99319,-0.487732,0
2.92046,1.99628,-0.479263,0
2.92055,1.99543,-0.469861,0
2.92063,1.98771,-0.4589,0
2.92072,1.98092,-0.448237,0
2.92081,1.99067,-0.44132,0
2.9209,1.9828,-0.430509,0
2.92098,1.98955,-0.422892,0
2.92107,1.98942,-0.4138,0
2.92116,1.99415,-0.405714,0
2.92124,1.99688,-0.397204,0
2.92133,1.98583,-0.386007,0
2.92142,1.98062,-0.376033,0
2.92151,1.99306,-0.369391,0
2.92159,1.99071,-0.35998,0
2.92168,1.99128,-0.351117,0
2.92177,1.98491,-0.34107,0
2.92186,1.99131,-0.333231,0
2.92194,1.99176,-0.324379,0
2.92203,1.98229,-0.313964,0
2.92212,1.97771,-0.304399,0
2.9222,1.98298,-0.296358,0
2.92229,1.98029,-0.287129,0
2.92238,1.99341,-0.280156,0
2.92247,1.9956,-0.27159,0
2.92255,2.00966,-0.264577,0
2.92264,1.98996,-0.253155,0
2.92273,1.98509,-0.243739,0
2.92282,1.97919,-0.234252,0
2.9229,1.98416,-0.226067,0
2.92299,1.98016,-0.216863,0
2.92308,1.97711,-0.207803,0
2.92316,1.98397,-0.199775,0
2.92325,1.98183,-0.190829,0
2.92334,1.98066,-0.181997,0
2.92343,1.96848,-0.17222,0
2.92351,1.96224,-0.163049,0
2.9236,1.91209,-0.150485,0
2.92369,1.72823,-0.12843,0
2.92378,1.69187,-0.118307,0
2.92386,1.70035,-0.111447,0
2.92395,1.69483,-0.10366,0
2.92404,1.69327,-0.096151,0
2.92412,1.69467,-0.0888142,0
2.92421,1.69505,-0.0814189,0
2.9243,1.69239,-0.0738913,0
2.92439,1.69169,-0.0664669,0
2.92447,1.69297,-0.0591198,0
2.92456,1.69121,-0.0516712,0
2.92465,1.68442,-0.0441082,0
2.92474,1.6826,-0.0367145,0
2.92482,1.68974,-0.0294946,0
2.92491,1.69186,-0.0221476,0
2.925,1.67594,-0.0146257,0
2.92508,1.67998,-0.0073304,0
2.92517,1.681,-4.07044e-08,0
2.92526,1.68998,0.00737395,0
2.92535,1.68594,0.0147129,0
2.92543,1.68686,0.0220821,0
2.92552,1.70074,0.0296865,0
2.92561,1.80157,0.0393104,0
2.9257,1.95033,0.0510712,0
2.92578,1.98108,0.0605273,0
2.92587,1.9758,0.0689963,0
2.92596,1.98147,0.0778522,0
2.92604,1.97712,0.0863227,0
2.92613,1.97872,0.0950446,0
2.92622,1.97829,0.103677,0
2.92631,1.97781,0.112308,0
2.92639,1.97631,0.120876,0
2.92648,1.97875,0.129694,0
2.92657,1.97817,0.138327,0
2.92666,1.96757,0.146216,0
2.92674,1.98885,0.156526,0
2.92683,1.98018,0.16454,0
2.92692,1.98143,0.173353,0
2.927,1.98165,0.182088,0
2.92709,1.98482,0.191116,0
2.92718,1.98098,0.199474,0
2.92727,1.9791,0.208012,0
2.92735,1.98115,0.216972,0
2.92744,1.97621,0.225161,0
2.92753,1.98415,0.23484,0
2.92762,1.97914,0.243007,0
2.9277,1.98103,0.252019,0
2.92779,1.9819,0.260922,0
2.92788,1.97975,0.269432,0
2.92796,1.98945,0.279599,0
2.92805,1.99019,0.288564,0
2.92814,1.99089,0.29754,0
2.92823,1.97969,0.304703,0
2.92831,1.97735,0.313182,0
2.9284,1.9888,0.323896,0
2.92849,1.98243,0.331746,0
2.92858,2.00166,0.343949,0
2.92866,1.99325,0.351464,0
2.92875,1.98481,0.358912,0
2.92884,1.97634,0.366293,0
2.92892,1.97669,0.375286,0
2.92901,1.98583,0.386007,0
2.9291,1.98217,0.394277,0
2.92919,1.98631,0.404119,0
2.92927,1.9855,0.412985,0
2.92936,1.98173,0.421229,0
2.92945,1.97987,0.429872,0
2.92954,1.9809,0.439156,0
2.92962,1.98385,0.448899,0
2.92971,1.97115,0.455076,0
2.9298,1.96817,0.463443,0
2.92988,1.97975,0.475295,0
2.92997,1.97765,0.483928,0
2.93006,1.97649,0.492795,0
2.93015,1.97239,0.500922,0
2.93023,1.97696,0.511276,0
2.93032,1.97858,0.520916,0
2.93041,1.97339,0.528767,0
2.9305,1.97492,0.538425,0
2.93058,1.97641,0.548106,0
2.93067,1.97303,0.556453,0
2.93076,1.96674,0.563954,0
2.93084,1.9777,0.576448,0
2.93093,1.97229,0.58422,0
2.93102,1.9726,0.593684,0
2.93111,1.96903,0.601993,0
2.93119,1.97307,0.612655,0
2.93128,1.96752,0.620356,0
2.93137,1.96479,0.628935,0
2.93146,1.96583,0.638738,0
2.93154,1.97632,0.651694,0
2.93163,1.98294,0.663484,0
2.93172,1.98192,0.672773,0
2.9318,1.97708,0.680763,0
2.93189,1.97126,0.688394,0
2.93198,1.97483,0.699325,0
2.93207,1.96894,0.706922,0
2.93215,1.97523,0.718926,0
2.93224,1.9702,0.726846,0
2.93233,1.97263,0.737537,0
2.93241,1.96659,0.745074,0
2.9325,1.96985,0.756156,0
2.93259,1.9712,0.766556,0
2.93268,1.96597,0.774417,0
2.93276,1.97186,0.786693,0
2.93285,1.96934,0.795664,0
2.93294,1.9677,0.805007,0
2.93303,1.96232,0.81282,0
2.93311,1.9689,0.825628,0
2.9332,1.96988,0.836165,0
2.93329,1.97356,0.84791,0
2.93337,1.9726,0.857709,0
2.93346,1.97158,0.867516,0
2.93355,1.97417,0.878958,0
2.93364,1.97214,0.888385,0
2.93372,1.98099,0.902787,0
2.93381,1.97612,0.911004,0
2.9339,1.97847,0.922576,0
2.93399,1.97171,0.92992,0
2.93407,1.97486,0.941958,0
2.93416,1.96893,0.949697,0
2.93425,1.97555,0.96354,0
2.93433,1.97222,0.972593,0
2.93442,1.96975,0.982081,0
2.93451,1.96902,0.992467,0
2.9346,1.9718,1.00468,0
2.93468,1.97629,1.01785,0
2.93477,1.9665,1.0237,0
2.93486,1.97441,1.03879,0
2.93495,1.97162,1.04833,0
2.93503,1.96703,1.05692,0
2.93512,1.96328,1.06597,0
2.93521,1.96737,1.07934,0
2.93529,1.97052,1.09228,0
2.93538,1.96312,1.0994,0
2.93547,1.96439,1.1114,0
2.93556,1.96387,1.12244,0
2.93564,1.96588,1.135,0
2.93573,1.96436,1.14558,0
2.93582,1.96624,1.1582,0
2.93591,1.96976,1.17188,0
2.93599,1.96377,1.17995,0
2.93608,1.9586,1.18851,0
2.93617,1.96448,1.20384,0
2.93625,1.96942,1.21871,0
2.93634,1.96493,1.22782,0
2.93643,1.96885,1.24225,0
2.93652,1.96763,1.25352,0
2.9366,1.97392,1.26967,0
2.93669,1.96584,1.27663,0
2.93678,1.9728,1.29342,0
2.93687,1.96464,1.30036,0
2.93695,1.97225,1.31781,0
2.93704,1.96648,1.32641,0
2.93713,1.96398,1.33722,0
2.93721,1.96554,1.35088,0
2.9373,1.96045,1.36001,0
2.93739,1.97334,1.38175,0
2.93748,1.96239,1.38688,0
2.93756,1.97423,1.4082,0
2.93765,1.96076,1.41155,0
2.93774,1.95944,1.42362,0
2.93783,1.96289,1.43925,0
2.93791,1.96704,1.45553,0
2.938,1.96147,1.4647,0
2.93809,1.96624,1.48167,0
2.93817,1.96214,1.49205,0
2.93826,1.9691,1.51095,0
2.93835,1.96724,1.5232,0
2.93844,1.96293,1.53361,0
2.93852,1.968,1.55145,0
2.93861,1.97139,1.56811,0
2.9387,1.97389,1.58421,0
2.93879,1.97317,1.59784,0
2.93887,1.98012,1.61783,0
2.93896,1.97459,1.62772,0
2.93905,1.97515,1.64272,0
2.93913,1.96261,1.64682,0
2.93922,1.96685,1.66506,0
2.93931,1.96565,1.67882,0
2.9394,1.96588,1.69391,0
2.93948,1.96828,1.711,0
2.93957,1.96756,1.72551,0
2.93966,1.96751,1.7407,0
2.93975,1.96661,1.75526,0
2.93983,1.97082,1.77453,0
2.93992,1.96824,1.78782,0
2.94001,1.95895,1.79504,0
2.94009,1.96725,1.81851,0
2.94018,1.96442,1.83185,0
2.94027,1.96005,1.84383,0
2.94036,1.96504,1.86475,0
2.94044,1.96555,1.88161,0
2.94053,1.96883,1.90128,0
2.94062,1.96697,1.91613,0
2.94071,1.96073,1.9268,0
2.94079,1.96721,1.95012,0
2.94088,1.9601,1.9601,0
2.94097,1.96913,1.98639,0
2.94105,1.95904,1.99354,0
2.94114,1.97056,2.02284,0
2.94123,1.96102,2.0307,0
2.94132,1.96597,2.05368,0
2.9414,1.96112,2.06659,0
2.94149,1.96785,2.09188,0
2.94158,1.96075,2.10264,0
2.94167,1.96445,2.12513,0
2.94175,1.96191,2.14105,0
2.94184,1.96398,2.16218,0
2.94193,1.97126,2.1893,0
2.94201,1.96302,2.19938,0
2.9421,1.95605,2.21092,0
2.94219,1.94111,2.21342,0
2.94228,1.92488,2.21432,0
2.94236,1.90149,2.20679,0
2.94245,1.88535,2.20746,0
2.94254,1.86859,2.20727,0
2.94263,1.84223,2.19548,0
2.94271,1.83327,2.20427,0
2.9428,1.81791,2.2053,0
2.94289,1.80637,2.21089,0
2.94297,1.78224,2.20088,0
2.94306,1.77074,2.20629,0
2.94315,1.75176,2.20226,0
2.94324,1.73222,2.19732,0
2.94332,1.71831,2.19934,0
2.94341,1.70625,2.20365,0
2.9435,1.69236,2.20552,0
2.94359,1.67182,2.19856,0
2.94367,1.6592,2.20184,0
2.94376,1.64479,2.20265,0
2.94385,1.6316,2.20498,0
2.94393,1.61073,2.19675,0
2.94402,1.59584,2.19648,0
2.94411,1.58098,2.19612,0
2.9442,1.56906,2.19974,0
2.94428,1.55252,2.19677,0
2.94437,1.54349,2.20434,0
2.94446,1.52474,2.19791,0
2.94454,1.51117,2.19877,0
2.94463,1.49819,2.20038,0
2.94472,1.47795,2.19115,0
2.94481,1.46782,2.19674,0
2.94489,1.45435,2.19729,0
2.94498,1.44201,2.19943,0
2.94507,1.42369,2.19228,0
2.94516,1.41194,2.19511,0
2.94524,1.38892,2.18017,0
2.94533,1.41675,2.24541,0
2.94542,1.13562,1.81737,0
2.9455,1.16135,1.87673,0
2.94559,1.10195,1.79822,0
2.94568,1.07127,1.76539,0
2.94577,1.0651,1.77262,0
2.94585,1.04917,1.7635,0
2.94594,1.04908,1.78099,0
2.94603,1.03526,1.77518,0
2.94612,1.023,1.77189,0
2.9462,1.01228,1.77113,0
2.94629,1.0006,1.76856,0
2.94638,0.988969,1.76593,0
2.94646,0.98077,1.76936,0
2.94655,0.971116,1.77011,0
2.94664,0.963861,1.77521,0
2.94673,0.953739,1.77499,0
2.94681,0.938004,1.76413,0
2.9469,0.930298,1.76821,0
2.94699,0.920265,1.76781,0
2.94708,0.909796,1.76648,0
2.94716,0.897539,1.76152,0
2.94725,0.888945,1.76363,0
2.94734,0.879902,1.76481,0
2.94742,0.872193,1.76863,0
2.94751,0.862714,1.76883,0
2.9476,0.849341,1.76087,0
2.94769,0.844232,1.76997,0
2.94777,0.833942,1.76821,0
2.94786,0.825374,1.77002,0
2.94795,0.811781,1.76089,0
2.94804,0.809067,1.77533,0
2.94812,0.795152,1.76517,0
2.94821,0.787849,1.76954,0
2.9483,0.776898,1.76564,0
2.94838,0.770782,1.77268,0
2.94847,0.757119,1.76224,0
2.94856,0.745906,1.75724,0
2.94865,0.734364,1.75126,0
2.94873,0.725568,1.75168,0
2.94882,0.716403,1.75112,0
2.94891,0.717746,1.77648,0
2.949,0.708135,1.77496,0
2.94908,0.701117,1.77989,0
2.94917,0.698781,1.79691,0
2.94926,0.688425,1.79341,0
2.94934,0.677759,1.78891,0
2.94943,0.668196,1.78717,0
2.94952,0.658315,1.78444,0
2.94961,0.65189,1.79105,0
2.94969,0.643731,1.79294,0
2.94978,0.634233,1.79102,0
2.94987,0.626742,1.79471,0
2.94996,0.617928,1.79459,0
2.95004,0.611057,1.80011,0
2.95013,0.600658,1.79518,0
2.95022,0.590314,1.79018,0
2.9503,0.583424,1.79559,0
2.95039,0.574364,1.79431,0
2.95048,0.564425,1.79013,0
2.95057,0.556312,1.79162,0
2.95065,0.546735,1.78829,0
2.95074,0.537198,1.78491,0
2.95083,0.532813,1.79875,0
2.95092,0.521322,1.78857,0
2.951,0.515442,1.79756,0
2.95109,0.507865,1.80075,0
2.95118,0.497063,1.79235,0
2.95126,0.48766,1.78872,0
2.95135,0.480109,1.79179,0
2.95144,0.473305,1.79774,0
2.95153,0.461701,1.78526,0
2.95161,0.454399,1.7892,0
2.9517,0.444653,1.7834,0
2.95179,0.435441,1.7795,0
2.95188,0.430473,1.79305,0
2.95196,0.420354,1.78518,0
2.95205,0.413235,1.78992,0
2.95214,0.405642,1.79268,0
2.95222,0.39392,1.77686,0
2.95231,0.3868,1.78149,0
2.9524,0.381102,1.79294,0
2.95249,0.372257,1.7897,0
2.95257,0.364843,1.79326,0
2.95266,0.357406,1.7968,0
2.95275,0.348417,1.79245,0
2.95284,0.339287,1.78708,0
2.95292,0.329482,1.77772,0
2.95301,0.321366,1.77718,0
2.9531,0.314651,1.78447,0
2.95318,0.306353,1.78287,0
2.95327,0.297911,1.78025,0
2.95336,0.290623,1.78449,0
2.95345,0.283459,1.78969,0
2.95353,0.274126,1.78103,0
2.95362,0.266796,1.78517,0
2.95371,0.25843,1.78236,0
2.9538,0.248981,1.77159,0
2.95388,0.242462,1.78158,0
2.95397,0.2356,1.78956,0
2.95406,0.22678,1.78263,0
2.95414,0.218634,1.78063,0
2.95423,0.211802,1.78951,0
2.95432,0.20286,1.78048,0
2.95441,0.194981,1.78035,0
2.95449,0.187211,1.78119,0
2.95458,0.178435,1.77204,0
2.95467,0.171564,1.78176,0
2.95476,0.163147,1.77552,0
2.95484,0.155835,1.7812,0
2.95493,0.147233,1.77189,0
2.95502,0.139814,1.77651,0
2.9551,0.131913,1.77511,0
2.95519,0.124236,1.77666,0
2.95528,0.11596,1.7692,0
2.95537,0.108117,1.7677,0
2.95545,0.100516,1.77015,0
2.95554,0.0929487,1.77357,0
2.95563,0.0853052,1.77595,0
2.95572,0.0773809,1.77231,0
2.9558,0.0699218,1.77963,0
2.95589,0.0610742,1.74893,0
2.95598,0.0509994,1.66922,0
2.95606,0.0425114,1.62344,0
2.95615,0.0349475,1.60162,0
2.95624,0.0276621,1.58476,0
2.95633,0.0206947,1.58086,0
2.95641,0.0137531,1.57594,0
2.9565,0.00684609,1.56899,0
2.95659,5.65746e-08,1.555,0
2.95668,-0.00681107,1.56099,0
2.95676,-0.0136133,1.55994,0
2.95685,-0.0202495,1.54687,0
2.95694,-0.026737,1.53177,0
2.95702,-0.0332458,1.52364,0
2.95711,-0.0400769,1.53048,0
2.9572,-0.0466323,1.52629,0
2.95729,-0.053117,1.52107,0
2.95737,-0.0597141,1.51983,0
2.95746,-0.0660833,1.51356,0
2.95755,-0.0731186,1.52225,0
2.95763,-0.0795506,1.51792,0
2.95772,-0.0863998,1.52155,0
2.95781,-0.0929158,1.51916,0
2.9579,-0.100132,1.52772,0
2.95798,-0.107355,1.53525,0
2.95807,-0.113831,1.53178,0
2.95816,-0.120592,1.53226,0
2.95825,-0.128353,1.54468,0
2.95833,-0.13422,1.53414,0
2.95842,-0.142376,1.54947,0
2.95851,-0.148944,1.54685,0
2.95859,-0.0533,0.529323,0
2.95868,-0.0547729,0.521129,0
2.95877,-0.0620541,0.566612,0
2.95886,-0.0613561,0.538516,0
2.95894,-0.0653508,0.552146,0
2.95903,-0.0665406,0.54193,0
2.95912,-0.0687784,0.540643,0
2.95921,-0.0711368,0.540337,0
2.95929,-0.0740331,0.543985,0
2.95938,-0.0777977,0.55356,0
2.95947,-0.0800689,0.552226,0
2.95955,-0.0802605,0.537036,0
2.95964,-0.0854933,0.555459,0
2.95973,-0.0883854,0.558044,0
2.95982,-0.0900158,0.552718,0
2.9599,-0.0930868,0.556265,0
2.95999,-0.0948357,0.551911,0
2.96008,-0.0991531,0.562325,0
2.96017,-0.100182,0.554015,0
2.96025,-0.102416,0.552589,0
2.96034,-0.103521,0.54526,0
2.96043,-0.104563,0.537932,0
2.96051,-0.111592,0.561009,0
2.9606,-0.112443,0.552678,0
2.96069,-0.118112,0.567846,0
2.96078,-0.120381,0.566347,0
2.96086,-0.122427,0.563862,0
2.96095,-0.124669,0.562346,0
2.96104,-0.127784,0.564723,0
2.96113,-0.131146,0.568058,0
2.96121,-0.135228,0.574294,0
2.9613,-0.135165,0.563002,0
2.96139,-0.139997,0.57212,0
2.96147,-0.140073,0.561801,0
2.96156,-0.143507,0.565062,0
2.96165,-0.146723,0.567335,0
2.96174,-0.147669,0.560887,0
2.96182,-0.15115,0.564101,0
2.96191,-0.154399,0.56633,0
2.962,-0.156602,0.564687,0
2.96209,-0.162593,0.576511,0
2.96217,-0.163177,0.569067,0
2.96226,-0.165659,0.56835,0
2.96235,-0.170125,0.574333,0
2.96243,-0.173782,0.577416,0
2.96252,-0.173376,0.567089,0
2.96261,-0.178221,0.573967,0
2.9627,-0.179822,0.570323,0
2.96278,-0.184138,0.575247,0
2.96287,-0.186337,0.573487,0
2.96296,-0.19103,0.579316,0
2.96305,-0.195142,0.583219,0
2.96313,-0.195435,0.575733,0
2.96322,-0.196318,0.570148,0
2.96331,-0.203089,0.581559,0
2.96339,-0.204957,0.578782,0
2.96348,-0.207819,0.578823,0
2.96357,-0.210342,0.577911,0
2.96366,-0.2139,0.579802,0
2.96374,-0.216428,0.578863,0
2.96383,-0.22214,0.58633,0
2.96392,-0.222188,0.57882,0
2.96401,-0.227249,0.584369,0
2.96409,-0.232728,0.590815,0
2.96418,-0.236045,0.591652,0
2.96427,-0.239748,0.593398,0
2.96435,-0.241956,0.59142,0
2.96444,-0.247213,0.596826,0
2.96453,-0.248655,0.592975,0
2.96462,-0.252803,0.595567,0
2.9647,-0.255399,0.594458,0
2.96479,-0.261978,0.602508,0
2.96488,-0.259772,0.590376,0
2.96497,-0.262345,0.589237,0
2.96505,-0.266967,0.592645,0
2.96514,-0.270795,0.594205,0
2.96523,-0.274222,0.594834,0
2.96531,-0.278083,0.596351,0
2.9654,-0.287934,0.610507,0
2.96549,-0.28672,0.601122,0
2.96558,-0.289775,0.600766,0
2.96566,-0.293709,0.602192,0
2.96575,-0.295449,0.599111,0
2.96584,-0.299399,0.600501,0
2.96593,-0.298865,0.592938,0
2.96601,-0.30372,0.596083,0
2.9661,-0.309523,0.600976,0
2.96619,-0.304754,0.585427,0
2.96627,-0.298925,0.568162,0
2.96636,-0.306095,0.575682,0
2.96645,-0.301505,0.561127,0
2.96654,-0.305859,0.563322,0
2.96662,-0.315529,0.575133,0
2.96671,-0.321429,0.579873,0
2.9668,-0.324933,0.58021,0
2.96689,-0.322537,0.570083,0
2.96697,-0.325022,0.56867,0
2.96706,-0.3265,0.565515,0
2.96715,-0.322919,0.553719,0
2.96723,-0.317211,0.538518,0
2.96732,-0.31649,0.531973,0
2.96741,-0.317778,0.528872,0
2.9675,-0.298295,0.491574,0
2.96758,-0.286852,0.468099,0
2.96767,-0.283629,0.45834,0
2.96776,-0.285097,0.45625,0
2.96785,-0.302026,0.478682,0
2.96793,-0.311096,0.488324,0
2.96802,-0.30511,0.474346,0
2.96811,-0.282123,0.434431,0
2.96819,-0.275243,0.419816,0
2.96828,-0.328954,0.496996,0
2.96837,-0.332231,0.497219,0
2.96846,-0.0676623,0.100314,0
2.96854,-0.0607829,0.0892717,0
2.96863,-0.057207,0.0832368,0
2.96872,-0.225719,0.325372,0
2.96881,-0.212223,0.303086,0
2.96889,-0.208927,0.295624,0
2.96898,-0.1986,0.278428,0
2.96907,-0.200982,0.279181,0
2.96915,-0.178687,0.245941,0
2.96924,-0.167932,0.22903,0
2.96933,-0.165361,0.223472,0
2.96942,-0.156761,0.209928,0
2.9695,-0.14263,0.189277,0
2.96959,-0.112585,0.148056,0
2.96968,-0.0852266,0.111069,0
2.96976,-0.0759149,0.0980455,0
2.96985,-0.0584878,0.074861,0
2.96994,-0.0681003,0.0863849,0
2.97003,-0.0616289,0.0774782,0
2.97011,-0.065722,0.0818879,0
2.9702,-0.0660786,0.0816003,0
2.97029,-0.0664341,0.0813112,0
2.97038,-0.0610635,0.074076,0
2.97046,-0.0601073,0.0722711,0
2.97055,-0.0649216,0.0773705,0
2.97064,-0.0562128,0.0664012,0
2.97072,-0.0727382,0.0851655,0
2.97081,-0.0633177,0.0734838,0
2.9709,-0.0754468,0.0867916,0
2.97099,-0.0646159,0.0736803,0
2.97107,-0.0576479,0.0651591,0
2.97116,-0.0765764,0.0857966,0
2.97125,-0.0682513,0.0758008,0
2.97134,-0.0584959,0.064399,0
2.97142,-0.0587763,0.0641431,0
2.97151,-0.0475161,0.0514026,0
2.9716,-0.0538779,0.0577769,0
2.97168,-0.0657776,0.0699236,0
2.97177,-0.0523149,0.0551285,0
2.97186,-0.0463314,0.0483984,0
2.97195,-0.0680765,0.0704953,0
2.97203,-0.0614056,0.0630346,0
2.97212,-0.0700909,0.071325,0
2.97221,-0.0387208,0.0390602,0
2.9723,-0.0487904,0.0487904,0
