7200
3920
3.42085
3.43655,-0.0169706,-0.0169706,0
3.43664,-0.0506891,-0.0511333,0
3.43673,-0.0581755,-0.0591998,0
3.43682,-0.0474498,-0.0487085,0
3.4369,-0.0583513,-0.0604245,0
3.43699,-0.0428738,-0.0447866,0
3.43708,-0.0488732,-0.0515016,0
3.43716,-0.0596109,-0.0633683,0
3.43725,-0.0606979,-0.0650905,0
3.43734,-0.0699165,-0.0756352,0
3.43743,-0.0614787,-0.0670922,0
3.43751,-0.0665643,-0.0732816,0
3.4376,-0.0535304,-0.0594516,0
3.43769,-0.061927,-0.0693833,0
3.43777,-0.0503591,-0.0569206,0
3.43786,-0.0454949,-0.0518769,0
3.43795,-0.0544529,-0.0626409,0
3.43804,-0.0483042,-0.0560598,0
3.43812,-0.0578009,-0.0676761,0
3.43821,-0.0503977,-0.0595321,0
3.4383,-0.0610648,-0.0727742,0
3.43839,-0.0569101,-0.0684269,0
3.43847,-0.0547027,-0.0663597,0
3.43856,-0.0556781,-0.0681465,0
3.43865,-0.0679666,-0.0839318,0
3.43873,-0.0563331,-0.0701896,0
3.43882,-0.0554038,-0.0696521,0
3.43891,-0.0569566,-0.0722492,0
3.439,-0.0627975,-0.0803771,0
3.43908,-0.0587729,-0.0759062,0
3.43917,-0.0584411,-0.0761619,0
3.43926,-0.0568976,-0.0748242,0
3.43935,-0.0595797,-0.0790649,0
3.43943,-0.0544475,-0.0729141,0
3.43952,-0.0678098,-0.0916397,0
3.43961,-0.0579483,-0.0790316,0
3.43969,-0.0570152,-0.0784746,0
3.43978,-0.0642675,-0.0892731,0
3.43987,-0.0516826,-0.0724563,0
3.43996,-0.0565602,-0.0800309,0
3.44004,-0.0613727,-0.0876493,0
3.44013,-0.0626996,-0.0903812,0
3.44022,-0.0583398,-0.084885,0
3.44031,-0.0675366,-0.0991908,0
3.44039,-0.0542417,-0.0804166,0
3.44048,-0.0450012,-0.067349,0
3.44057,-0.043603,-0.065877,0
3.44065,-0.0416703,-0.0635577,0
3.44074,-0.763584,-1.17582,0
3.44083,-0.760069,-1.18166,0
3.44092,-0.752757,-1.18159,0
3.441,-0.743325,-1.1781,0
3.44109,-0.730759,-1.16946,0
3.44118,-0.727754,-1.17604,0
3.44127,-0.720003,-1.17494,0
3.44135,-0.717463,-1.18234,0
3.44144,-0.709207,-1.18032,0
3.44153,-0.704051,-1.1834,0
3.44161,-0.69685,-1.18302,0
3.4417,-0.693697,-1.1895,0
3.44179,-0.6905,-1.19598,0
3.44188,-0.684779,-1.19811,0
3.44196,-0.677082,-1.19674,0
3.44205,-0.676252,-1.20753,0
3.44214,-0.669522,-1.20785,0
3.44223,-0.667612,-1.2169,0
3.44231,-0.666591,-1.22771,0
3.4424,-0.670221,-1.24734,0
3.44249,-0.66618,-1.2529,0
3.44257,-0.660707,-1.2558,0
3.44266,-0.649219,-1.24714,0
3.44275,-0.638276,-1.23929,0
3.44284,-0.632863,-1.24206,0
3.44292,-0.628337,-1.2466,0
3.44301,-0.626016,-1.25559,0
3.4431,-0.606378,-1.22961,0
3.44319,-0.602322,-1.23494,0
3.44327,-0.59128,-1.22585,0
3.44336,-0.584634,-1.22571,0
3.44345,-0.569469,-1.20745,0
3.44353,-0.568422,-1.21898,0
3.44362,-0.567703,-1.23144,0
3.44371,-0.568959,-1.24847,0
3.4438,-0.562274,-1.2482,0
3.44388,-0.556009,-1.24882,0
3.44397,-0.552568,-1.25581,0
3.44406,-0.551869,-1.26921,0
3.44415,-0.548299,-1.2762,0
3.44423,-0.54507,-1.2841,0
3.44432,-0.550676,-1.31321,0
3.44441,-0.562162,-1.35718,0
3.44449,-0.598643,-1.46328,0
3.44458,-0.593002,-1.46773,0
3.44467,-0.59141,-1.48238,0
3.44476,-0.594465,-1.50914,0
3.44484,-0.594036,-1.52756,0
3.44493,-0.590949,-1.53947,0
3.44502,-0.589895,-1.557,0
3.44511,-0.585897,-1.56705,0
3.44519,-0.583207,-1.58085,0
3.44528,-0.578014,-1.58808,0
3.44537,-0.574458,-1.6,0
3.44545,-0.604858,-1.70807,0
3.44554,-0.652458,-1.86835,0
3.44563,-0.651462,-1.89198,0
3.44572,-0.639665,-1.88439,0
3.4458,-0.659994,-1.97251,0
3.44589,-0.653886,-1.98297,0
3.44598,-0.651717,-2.00578,0
3.44607,-0.652714,-2.03908,0
3.44615,-0.653734,-2.07338,0
3.44624,-0.651205,-2.09722,0
3.44633,-0.651404,-2.13065,0
3.44641,-0.64239,-2.13443,0
3.4465,-0.634774,-2.14296,0
3.44659,-0.630175,-2.16203,0
3.44668,-0.62928,-2.19456,0
3.44676,-0.620784,-2.20114,0
3.44685,-0.613579,-2.2125,0
3.44694,-0.608654,-2.23252,0
3.44703,-0.605378,-2.2593,0
3.44711,-0.619447,-2.35282,0
3.4472,-0.642475,-2.48427,0
3.44729,-0.641229,-2.52485,0
3.44737,-0.641577,-2.57322,0
3.44746,-0.64294,-2.62748,0
3.44755,-0.638707,-2.6604,0
3.44764,-0.635802,-2.70015,0
3.44772,-0.635937,-2.75454,0
3.44781,-0.634505,-2.80411,0
3.4479,-0.630921,-2.8459,0
3.44799,-0.618074,-2.84667,0
3.44807,-0.607102,-2.85619,0
3.44816,-0.591783,-2.84511,0
3.44825,-0.580161,-2.85158,0
3.44833,-0.566737,-2.84918,0
3.44842,-0.554491,-2.85261,0
3.44851,-0.539801,-2.84321,0
3.4486,-0.527936,-2.84849,0
3.44868,-0.514613,-2.84585,0
3.44877,-0.502711,-2.85102,0
3.44886,-0.487727,-2.8384,0
3.44895,-0.474842,-2.83754,0
3.44903,-0.462296,-2.8386,0
3.44912,-0.450062,-2.84158,0
3.44921,-0.436138,-2.83363,0
3.44929,-0.424952,-2.84342,0
3.44938,-0.41168,-2.83931,0
3.44947,-0.399566,-2.84306,0
3.44956,-0.387292,-2.84577,0
3.44964,-0.374741,-2.84644,0
3.44973,-0.361181,-2.83912,0
3.44982,-0.350009,-2.85059,0
3.44991,-0.336627,-2.84415,0
3.44999,-0.322856,-2.83367,0
3.45008,-0.310488,-2.83505,0
3.45017,-0.298324,-2.83837,0
3.45025,-0.286538,-2.84561,0
3.45034,-0.273448,-2.83987,0
3.45043,-0.260597,-2.83605,0
3.45052,-0.248655,-2.84214,0
3.4506,-0.236583,-2.84719,0
3.45069,-0.22353,-2.84022,0
3.45078,-0.211209,-2.84216,0
3.45086,-0.198387,-2.83707,0
3.45095,-0.186464,-2.8449,0
3.45104,-0.173561,-2.8377,0
3.45113,-0.161121,-2.83743,0
3.45121,-0.148529,-2.83411,0
3.4513,-0.13669,-2.84572,0
3.45139,-0.123835,-2.8363,0
3.45148,-0.111851,-2.8468,0
3.45156,-0.0992193,-2.84127,0
3.45165,-0.0868516,-2.84267,0
3.45174,-0.0744996,-2.84502,0
3.45182,-0.0619325,-2.83832,0
3.45191,-0.0494776,-2.83457,0
3.452,-0.0370698,-2.83176,0
3.45209,-0.0247223,-2.83289,0
3.45217,-0.0124006,-2.84197,0
3.45226,-3.41155e-08,-2.832,0
3.45235,0.0123874,-2.83897,0
3.45244,0.024827,-2.84489,0
3.45252,0.0370959,-2.83376,0
3.45261,0.0495124,-2.83657,0
3.4527,0.0618888,-2.83632,0
3.45278,0.0743949,-2.84103,0
3.45287,0.0865766,-2.83368,0
3.45296,0.0992541,-2.84227,0
3.45305,0.111302,-2.83281,0
3.45313,0.124141,-2.84329,0
3.45322,0.135874,-2.82874,0
3.45331,0.148477,-2.83311,0
3.4534,0.161121,-2.83743,0
3.45348,0.173561,-2.8377,0
3.45357,0.185287,-2.82693,0
3.45366,0.197481,-2.8241,0
3.45374,0.210765,-2.83618,0
3.45383,0.222745,-2.83025,0
3.45392,0.235838,-2.83822,0
3.45401,0.247958,-2.83417,0
3.45409,0.260231,-2.83207,0
3.45418,0.273256,-2.83787,0
3.45427,0.284935,-2.82969,0
3.45436,0.297906,-2.83439,0
3.45444,0.310815,-2.83803,0
3.45453,0.323422,-2.83863,0
3.45462,0.333806,-2.82031,0
3.4547,0.348424,-2.83769,0
3.45479,0.360046,-2.83019,0
3.45488,0.373305,-2.83553,0
3.45497,0.38419,-2.82298,0
3.45505,0.397757,-2.83019,0
3.45514,0.410102,-2.82842,0
3.45523,0.42377,-2.83551,0
3.45532,0.435833,-2.83166,0
3.4554,0.44881,-2.83368,0
3.45549,0.461331,-2.83268,0
3.45558,0.473687,-2.83064,0
3.45566,0.485356,-2.8246,0
3.45575,0.498718,-2.82837,0
3.45584,0.511766,-2.8301,0
3.45593,0.523927,-2.82686,0
3.45601,0.537189,-2.82946,0
3.4561,0.548194,-2.82021,0
3.45619,0.564006,-2.83545,0
3.45628,0.576173,-2.83198,0
3.45636,0.58771,-2.82553,0
3.45645,0.600449,-2.82489,0
3.45654,0.61574,-2.83592,0
3.45662,0.625727,-2.82247,0
3.45671,0.63936,-2.82557,0
3.4568,0.650109,-2.81593,0
3.45689,0.663994,-2.81988,0
3.45697,0.677692,-2.82279,0
3.45706,0.692617,-2.83049,0
3.45715,0.703025,-2.81968,0
3.45724,0.71926,-2.83209,0
3.45732,0.732862,-2.83377,0
3.45741,0.743947,-2.82571,0
3.4575,0.758081,-2.8292,0
3.45758,0.772523,-2.83358,0
3.45767,0.785146,-2.83115,0
3.45776,0.796135,-2.82288,0
3.45785,0.810925,-2.82803,0
3.45793,0.823817,-2.82639,0
3.45802,0.838981,-2.83235,0
3.45811,0.85162,-2.82962,0
3.4582,0.862789,-2.82206,0
3.45828,0.875984,-2.82113,0
3.45837,0.885579,-2.8087,0
3.45846,0.902703,-2.82004,0
3.45854,0.916544,-2.82083,0
3.45863,0.931662,-2.82535,0
3.45872,0.945885,-2.82695,0
3.45881,0.960783,-2.83037,0
3.45889,0.972472,-2.82426,0
3.45898,0.988083,-2.82943,0
3.45907,0.998416,-2.81944,0
3.45916,1.0124,-2.81976,0
3.45924,1.0264,-2.82002,0
3.45933,1.04181,-2.82396,0
3.45942,1.05763,-2.82875,0
3.4595,1.07031,-2.82504,0
3.45959,1.08693,-2.83155,0
3.45968,1.09891,-2.82585,0
3.45977,1.1105,-2.81917,0
3.45985,1.12501,-2.81987,0
3.45994,1.1418,-2.82606,0
3.46003,1.15715,-2.82845,0
3.46012,1.16986,-2.8243,0
3.4602,1.1845,-2.8247,0
3.46029,1.20111,-2.82963,0
3.46038,1.21226,-2.82161,0
3.46046,1.22695,-2.82179,0
3.46055,1.24328,-2.82557,0
3.46064,1.25519,-2.8192,0
3.46073,1.26994,-2.81917,0
3.46081,1.28679,-2.82361,0
3.4609,1.30078,-2.8216,0
3.46099,1.31477,-2.81952,0
3.46108,1.33175,-2.82371,0
3.46116,1.34535,-2.82058,0
3.46125,1.36199,-2.82369,0
3.46134,1.37649,-2.82221,0
3.46142,1.39056,-2.81977,0
3.46151,1.4024,-2.81278,0
3.4616,1.42546,-2.82806,0
3.46169,1.43779,-2.82182,0
3.46177,1.45421,-2.82352,0
3.46186,1.46836,-2.82069,0
3.46195,1.48298,-2.81869,0
3.46204,1.49949,-2.82013,0
3.46212,1.51462,-2.81885,0
3.46221,1.53311,-2.82364,0
3.4623,1.55119,-2.82744,0
3.46238,1.57709,-2.84514,0
3.46247,1.59339,-2.84521,0
3.46256,1.59841,-2.82517,0
3.46265,1.60675,-2.81123,0
3.46273,1.622,-2.80939,0
3.46282,1.6413,-2.81438,0
3.46291,1.66219,-2.82184,0
3.46299,1.67244,-2.81112,0
3.46308,1.68778,-2.80894,0
3.46317,1.70417,-2.80839,0
3.46326,1.7279,-2.81968,0
3.46334,1.73756,-2.80786,0
3.46343,1.75668,-2.81128,0
3.46352,1.77587,-2.81458,0
3.46361,1.79136,-2.81187,0
3.46369,1.8101,-2.81412,0
3.46378,1.82726,-2.81374,0
3.46387,1.84555,-2.81494,0
3.46395,1.85948,-2.80936,0
3.46404,1.87727,-2.80954,0
3.46413,1.89455,-2.80878,0
3.46422,1.91635,-2.81454,0
3.4643,1.93031,-2.80862,0
3.46439,1.95053,-2.81168,0
3.46448,1.96278,-2.80314,0
3.46457,1.98249,-2.80516,0
3.46465,1.99994,-2.80381,0
3.46474,2.02443,-2.8121,0
3.46483,2.02081,-2.7814,0
3.46491,2.02524,-2.76207,0
3.465,2.02597,-2.73794,0
3.46509,2.02473,-2.71144,0
3.46518,2.02511,-2.68741,0
3.46526,2.01866,-2.65467,0
3.46535,2.02109,-2.63393,0
3.46544,2.02093,-2.61007,0
3.46553,2.01937,-2.58468,0
3.46561,2.01639,-2.55778,0
3.4657,2.02006,-2.53956,0
3.46579,2.01109,-2.50577,0
3.46587,2.01131,-2.48376,0
3.46596,2.012,-2.46257,0
3.46605,2.017,-2.44682,0
3.46614,2.00528,-2.41109,0
3.46622,2.01321,-2.39925,0
3.46631,2.01138,-2.37594,0
3.4664,2.01459,-2.35878,0
3.46649,2.00528,-2.32724,0
3.46657,2.01476,-2.31771,0
3.46666,2.011,-2.29311,0
3.46675,2.01105,-2.27308,0
3.46683,2.0063,-2.24787,0
3.46692,2.00873,-2.23092,0
3.46701,2.01307,-2.21621,0
3.4671,2.0038,-2.18676,0
3.46718,2.00654,-2.17066,0
3.46727,2.00849,-2.15384,0
3.46736,2.00347,-2.12976,0
3.46745,2.01,-2.11809,0
3.46753,2.00746,-2.09702,0
3.46762,2.01451,-2.08609,0
3.46771,2.00615,-2.05937,0
3.46779,2.01161,-2.04703,0
3.46788,2.00855,-2.02616,0
3.46797,2.00748,-2.00748,0
3.46806,2.00556,-1.98814,0
3.46814,2.01137,-1.97656,0
3.46823,2.00708,-1.95521,0
3.46832,2.00264,-1.93393,0
3.46841,2.00745,-1.92171,0
3.46849,2.00421,-1.90192,0
3.46858,2.00739,-1.88836,0
3.46867,2.00318,-1.86799,0
3.46875,2.00397,-1.85245,0
3.46884,1.99802,-1.83085,0
3.46893,1.99785,-1.81472,0
3.46902,1.9946,-1.79595,0
3.4691,1.99943,-1.78456,0
3.46919,2.00046,-1.76986,0
3.46928,1.99313,-1.74793,0
3.46937,1.99696,-1.73593,0
3.46945,1.9924,-1.71676,0
3.46954,1.99835,-1.70675,0
3.46963,1.99891,-1.6922,0
3.46971,1.99784,-1.67639,0
3.4698,1.99053,-1.65551,0
3.46989,1.99311,-1.64299,0
3.46998,1.99096,-1.62669,0
3.47006,1.98638,-1.60854,0
3.47015,1.99104,-1.59798,0
3.47024,1.99174,-1.5843,0
3.47033,1.99392,-1.57188,0
3.47041,1.99052,-1.55516,0
3.4705,1.99649,-1.54585,0
3.47059,1.9929,-1.52921,0
3.47067,1.99399,-1.51626,0
3.47076,1.98541,-1.49611,0
3.47085,1.99592,-1.49043,0
3.47094,1.9799,-1.46505,0
3.47102,1.98789,-1.45758,0
3.47111,1.99261,-1.44772,0
3.4712,1.99728,-1.43784,0
3.47129,1.99133,-1.4204,0
3.47137,1.99342,-1.40881,0
3.47146,1.98726,-1.3915,0
3.47155,1.99742,-1.38566,0
3.47163,1.98614,-1.36504,0
3.47172,1.99208,-1.35636,0
3.47181,1.99549,-1.34598,0
3.4719,1.99636,-1.33392,0
3.47198,1.98965,-1.31692,0
3.47207,1.99454,-1.30768,0
3.47216,1.99268,-1.29406,0
3.47225,1.9941,-1.28265,0
3.47233,1.99293,-1.26964,0
3.47242,1.98915,-1.25506,0
3.47251,1.98443,-1.24001,0
3.47259,1.98472,-1.22818,0
3.47268,1.99347,-1.2216,0
3.47277,2.00049,-1.21393,0
3.47286,2.00491,-1.20467,0
3.47294,1.99124,-1.18467,0
3.47303,1.99467,-1.17495,0
3.47312,1.99114,-1.1612,0
3.47321,1.99099,-1.1495,0
3.47329,1.99338,-1.13931,0
3.47338,1.99311,-1.12765,0
3.47347,1.99278,-1.11601,0
3.47355,1.99938,-1.10827,0
3.47364,1.99368,-1.09377,0
3.47373,1.99491,-1.08315,0
3.47382,1.99522,-1.07207,0
3.4739,1.99634,-1.06148,0
3.47399,1.98326,-1.04344,0
3.47408,1.98424,-1.03293,0
3.47417,1.98518,-1.02243,0
3.47425,1.99051,-1.01421,0
3.47434,1.98866,-1.00237,0
3.47443,1.99391,-0.994129,0
3.47451,1.98299,-0.9779,0
3.4746,1.98544,-0.968362,0
3.47469,1.98694,-0.958386,0
3.47478,1.9884,-0.948416,0
3.47486,1.9889,-0.938025,0
3.47495,1.99025,-0.92807,0
3.47504,1.98702,-0.916028,0
3.47513,1.98554,-0.904861,0
3.47521,1.98308,-0.893314,0
3.4753,1.97965,-0.881398,0
3.47539,1.98623,-0.87396,0
3.47547,1.98085,-0.861298,0
3.47556,1.98643,-0.853436,0
3.47565,1.98829,-0.843979,0
3.47574,1.9855,-0.832589,0
3.47582,1.98542,-0.822387,0
3.47591,1.98621,-0.81258,0
3.476,1.98139,-0.800534,0
3.47608,1.97744,-0.788917,0
3.47617,1.98272,-0.781014,0
3.47626,1.98331,-0.771268,0
3.47635,1.98759,-0.762965,0
3.47643,1.97594,-0.748617,0
3.47652,1.98762,-0.74314,0
3.47661,1.97865,-0.729961,0
3.4767,1.98369,-0.722005,0
3.47678,1.9887,-0.714018,0
3.47687,1.98238,-0.701996,0
3.47696,1.97787,-0.690702,0
3.47704,1.97992,-0.68174,0
3.47713,1.98571,-0.674059,0
3.47722,1.982,-0.663167,0
3.47731,1.97727,-0.652007,0
3.47739,1.98485,-0.644919,0
3.47748,1.97908,-0.633508,0
3.47757,1.97515,-0.622762,0
3.47766,1.98262,-0.61562,0
3.47774,1.97764,-0.604625,0
3.47783,1.98505,-0.597431,0
3.47792,1.98284,-0.587344,0
3.478,1.9825,-0.577847,0
3.47809,1.98404,-0.568916,0
3.47818,1.98266,-0.559167,0
3.47827,1.98508,-0.550511,0
3.47835,1.99325,-0.543423,0
3.47844,1.98305,-0.531356,0
3.47853,1.98148,-0.521679,0
3.47862,1.97986,-0.512027,0
3.4787,1.99371,-0.506337,0
3.47879,1.99202,-0.496666,0
3.47888,1.99319,-0.487732,0
3.47896,1.9885,-0.477396,0
3.47905,1.98375,-0.46711,0
3.47914,1.97797,-0.456651,0
3.47923,1.99067,-0.450443,0
3.47931,1.98286,-0.439589,0
3.4794,1.9828,-0.430509,0
3.47949,1.98662,-0.422269,0
3.47958,1.98942,-0.4138,0
3.47966,1.98141,-0.403122,0
3.47975,1.98707,-0.395253,0
3.47984,1.98583,-0.386007,0
3.47992,1.99732,-0.379203,0
3.48001,1.99502,-0.369756,0
3.4801,1.98875,-0.359624,0
3.48019,1.98734,-0.350422,0
3.48027,1.99082,-0.342086,0
3.48036,1.99328,-0.333561,0
3.48045,1.98781,-0.323736,0
3.48054,1.98822,-0.314903,0
3.48062,1.97672,-0.304247,0
3.48071,1.981,-0.296062,0
3.4808,1.99514,-0.289281,0
3.48088,1.98846,-0.27946,0
3.48097,1.98768,-0.270511,0
3.48106,1.99181,-0.262227,0
3.48115,1.99988,-0.254417,0
3.48123,2.00991,-0.246785,0
3.48132,1.99408,-0.236015,0
3.48141,1.98913,-0.226633,0
3.4815,1.98612,-0.217516,0
3.48158,1.98705,-0.208848,0
3.48167,1.98795,-0.200176,0
3.48176,1.97984,-0.190637,0
3.48184,1.98165,-0.182088,0
3.48193,1.98243,-0.17344,0
3.48202,1.98616,-0.165037,0
3.48211,1.97589,-0.155506,0
3.48219,1.94364,-0.144437,0
3.48228,1.76868,-0.123678,0
3.48237,1.70235,-0.111578,0
3.48246,1.69982,-0.103966,0
3.48254,1.70126,-0.0966045,0
3.48263,1.69068,-0.0886048,0
3.48272,1.68606,-0.0809871,0
3.4828,1.69738,-0.0741094,0
3.48289,1.69869,-0.0667417,0
3.48298,1.68997,-0.0590151,0
3.48307,1.69521,-0.0517934,0
3.48315,1.70142,-0.0445532,0
3.48324,1.6926,-0.0369326,0
3.48333,1.68774,-0.0294597,0
3.48342,1.68386,-0.0220429,0
3.4835,1.68694,-0.0147217,0
3.48359,1.68698,-0.00736094,0
3.48368,1.691,-4.09465e-08,0
3.48376,1.67498,0.0073085,0
3.48385,1.68194,0.014678,0
3.48394,1.73885,0.0227628,0
3.48403,1.91971,0.0335086,0
3.48411,1.98153,0.0432371,0
3.4842,1.97232,0.0516471,0
3.48429,1.97308,0.060283,0
3.48438,1.97779,0.0690661,0
3.48446,1.98547,0.0780092,0
3.48455,1.98611,0.0867153,0
3.48464,1.98371,0.0952845,0
3.48472,1.98128,0.103834,0
3.48481,1.9848,0.112705,0
3.4849,1.98329,0.121303,0
3.48499,1.98973,0.130414,0
3.48507,1.98615,0.138885,0
3.48516,1.98154,0.147254,0
3.48525,1.98486,0.156212,0
3.48534,1.97918,0.164457,0
3.48542,1.97745,0.173004,0
3.48551,1.97767,0.181722,0
3.4856,1.99079,0.191691,0
3.48568,1.98198,0.199575,0
3.48577,1.97611,0.207698,0
3.48586,1.9742,0.21621,0
3.48595,1.97621,0.225161,0
3.48603,1.98812,0.23531,0
3.48612,1.98013,0.243129,0
3.48621,1.98203,0.252145,0
3.4863,1.98884,0.261835,0
3.48638,1.98371,0.269972,0
3.48647,1.98252,0.278625,0
3.48656,1.98425,0.287703,0
3.48664,1.98792,0.297097,0
3.48673,1.98562,0.305616,0
3.48682,1.98328,0.31412,0
3.48691,1.97893,0.322289,0
3.48699,1.98046,0.331416,0
3.48708,1.98688,0.341409,0
3.48717,1.98734,0.350422,0
3.48726,1.98186,0.358378,0
3.48734,1.98912,0.368662,0
3.48743,1.98848,0.377525,0
3.48752,1.98583,0.386007,0
3.4876,1.98805,0.395448,0
3.48769,1.98435,0.40372,0
3.48778,1.9904,0.414004,0
3.48787,1.9876,0.422477,0
3.48795,1.98378,0.430721,0
3.48804,1.98579,0.440238,0
3.48813,1.9819,0.448457,0
3.48821,1.98771,0.4589,0
3.4883,1.98861,0.468256,0
3.48839,1.98752,0.477162,0
3.48848,1.98737,0.486305,0
3.48856,1.98037,0.493763,0
3.48865,1.98692,0.504614,0
3.48874,1.98567,0.513529,0
3.48883,1.98438,0.522443,0
3.48891,1.98208,0.531097,0
3.489,1.98553,0.541318,0
3.48909,1.9899,0.551847,0
3.48917,1.98939,0.561067,0
3.48926,1.99173,0.571121,0
3.48935,1.98538,0.578686,0
3.48944,1.98763,0.588764,0
3.48952,1.99749,0.601177,0
3.48961,1.99007,0.608425,0
3.4897,1.97785,0.614138,0
3.48979,1.99327,0.628475,0
3.48987,1.98765,0.636252,0
3.48996,1.97915,0.643064,0
3.49005,1.97632,0.651694,0
3.49013,1.97915,0.662215,0
3.49022,1.97814,0.671487,0
3.49031,1.97708,0.680763,0
3.4904,1.97787,0.690702,0
3.49048,1.96918,0.697322,0
3.49057,1.97647,0.709625,0
3.49066,1.97805,0.719952,0
3.49075,1.97677,0.729269,0
3.49083,1.97825,0.739638,0
3.49092,1.98155,0.750743,0
3.49101,1.98292,0.761173,0
3.49109,1.97958,0.769818,0
3.49118,1.97435,0.777716,0
3.49127,1.98301,0.79114,0
3.49136,1.97583,0.798287,0
3.49144,1.97695,0.808793,0
3.49153,1.9771,0.818943,0
3.49162,1.97074,0.826401,0
3.49171,1.9708,0.836555,0
3.49179,1.97908,0.850278,0
3.49188,1.97626,0.859304,0
3.49197,1.97707,0.869933,0
3.49205,1.97783,0.880585,0
3.49214,1.97944,0.891671,0
3.49223,1.97826,0.901543,0
3.49232,1.97703,0.911422,0
3.4924,1.98119,0.923844,0
3.49249,1.97443,0.9312,0
3.49258,1.97395,0.941528,0
3.49267,1.97703,0.953607,0
3.49275,1.97735,0.964417,0
3.49284,1.96325,0.96817,0
3.49293,1.96617,0.980297,0
3.49301,1.97616,0.996068,0
3.4931,1.97714,1.0074,0
3.49319,1.97006,1.01465,0
3.49328,1.96916,1.02508,0
3.49336,1.97441,1.03879,0
3.49345,1.98222,1.05396,0
3.49354,1.98289,1.06544,0
3.49363,1.98085,1.07552,0
3.49371,1.98053,1.08655,0
3.4938,1.98276,1.09906,0
3.49389,1.97708,1.10722,0
3.49397,1.9818,1.12125,0
3.49406,1.97776,1.13038,0
3.49415,1.9754,1.1405,0
3.49424,1.97473,1.15163,0
3.49432,1.98261,1.16785,0
3.49441,1.97578,1.17546,0
3.4945,1.97663,1.18768,0
3.49459,1.97228,1.19681,0
3.49467,1.97813,1.2122,0
3.49476,1.97112,1.21976,0
3.49485,1.9751,1.23418,0
3.49493,1.98492,1.25239,0
3.49502,1.98281,1.26319,0
3.49511,1.97728,1.27183,0
3.4952,1.97759,1.28426,0
3.49528,1.98283,1.3,0
3.49537,1.97798,1.30919,0
3.49546,1.97308,1.31837,0
3.49555,1.98306,1.33759,0
3.49563,1.98051,1.34848,0
3.49572,1.98697,1.36561,0
3.49581,1.97935,1.37312,0
3.49589,1.99955,1.4001,0
3.49598,1.99342,1.40881,0
3.49607,1.97993,1.41227,0
3.49616,1.98917,1.432,0
3.49624,1.97805,1.43713,0
3.49633,1.97176,1.44575,0
3.49642,1.97508,1.46148,0
3.49651,1.98631,1.48325,0
3.49659,1.98221,1.4937,0
3.49668,1.97886,1.50476,0
3.49677,1.97783,1.51764,0
3.49685,1.9791,1.53238,0
3.49694,1.97397,1.54223,0
3.49703,1.97272,1.55516,0
3.49712,1.97765,1.57309,0
3.4972,1.97545,1.58546,0
3.49729,1.97706,1.60099,0
3.49738,1.97315,1.61213,0
3.49747,1.98153,1.63345,0
3.49755,1.97977,1.64656,0
3.49764,1.97563,1.65775,0
3.49773,1.97754,1.67411,0
3.49781,1.97782,1.68921,0
3.4979,1.9727,1.69979,0
3.49799,1.96753,1.71035,0
3.49808,1.97584,1.73276,0
3.49816,1.97125,1.74402,0
3.49825,1.97332,1.76126,0
3.49834,1.97454,1.77788,0
3.49843,1.9786,1.79724,0
3.49851,1.97517,1.80991,0
3.4986,1.97753,1.82801,0
3.49869,1.98124,1.84753,0
3.49877,1.97971,1.86233,0
3.49886,1.97737,1.87645,0
3.49895,1.97928,1.89475,0
3.49904,1.97747,1.90962,0
3.49912,1.97699,1.9259,0
3.49921,1.97356,1.93942,0
3.4993,1.97716,1.95998,0
3.49939,1.97566,1.97566,0
3.49947,1.97265,1.98994,0
3.49956,1.97937,2.01422,0
3.49965,1.98382,2.03645,0
3.49973,1.97978,2.05012,0
3.49982,1.98464,2.07318,0
3.49991,1.98659,2.09343,0
3.5,1.98086,2.10572,0
3.50008,1.98121,2.12458,0
3.50017,1.98346,2.14569,0
3.50026,1.98286,2.16391,0
3.50035,1.98214,2.18216,0
3.50043,1.98196,2.20119,0
3.50052,1.98699,2.22624,0
3.50061,1.99184,2.25136,0
3.50069,1.98331,2.26153,0
3.50078,1.98523,2.28375,0
3.50087,1.98504,2.30376,0
3.50096,1.98341,2.32228,0
3.50104,1.97972,2.33854,0
3.50113,1.98043,2.36018,0
3.50122,1.98674,2.38879,0
3.5013,1.98774,2.41133,0
3.50139,1.9829,2.42695,0
3.50148,1.98173,2.44723,0
3.50157,1.98418,2.47223,0
3.50165,1.98707,2.49809,0
3.50174,1.97924,2.51066,0
3.50183,1.97997,2.53424,0
3.50192,1.98175,2.55946,0
3.502,1.97787,2.57761,0
3.50209,1.95752,2.57427,0
3.50218,1.94386,2.57959,0
3.50226,1.929,2.58324,0
3.50235,1.90641,2.57636,0
3.50244,1.88864,2.57578,0
3.50253,1.87268,2.57753,0
3.50261,1.85616,2.57837,0
3.5027,1.83328,2.57016,0
3.50279,1.81685,2.57079,0
3.50288,1.80447,2.57705,0
3.50296,1.78922,2.57915,0
3.50305,1.77455,2.58199,0
3.50314,1.75764,2.58144,0
3.50322,1.73797,2.57665,0
3.50331,1.72505,2.58171,0
3.5034,1.70493,2.57587,0
3.50349,1.68819,2.57492,0
3.50357,1.67477,2.57891,0
3.50366,1.65755,2.57694,0
3.50375,1.64038,2.57487,0
3.50384,1.62806,2.58032,0
3.50392,1.60831,2.57383,0
3.50401,1.58969,2.56891,0
3.5041,1.57638,2.57242,0
3.50418,1.56151,2.57328,0
3.50427,1.5379,2.5595,0
3.50436,1.52161,2.55759,0
3.50445,1.51297,2.56852,0
3.50453,1.50225,2.57596,0
3.50462,1.4905,2.58162,0
3.50471,1.47178,2.57508,0
3.5048,1.45708,2.57538,0
3.50488,1.44388,2.57823,0
3.50497,1.42679,2.57401,0
3.50506,1.40882,2.56793,0
3.50514,1.39998,2.57845,0
3.50523,1.38351,2.57484,0
3.50532,1.3671,2.57114,0
3.50541,1.35401,2.57354,0
3.50549,1.33722,2.56878,0
3.50558,1.32463,2.57193,0
3.50567,1.31385,2.57857,0
3.50576,1.29718,2.57357,0
3.50584,1.27791,2.56309,0
3.50593,1.26141,2.55788,0
3.50602,1.25506,2.57325,0
3.5061,1.24164,2.5742,0
3.50619,1.22954,2.57778,0
3.50628,1.21103,2.56775,0
3.50637,1.19812,2.56938,0
3.50645,1.18523,2.57095,0
3.50654,1.17192,2.57155,0
3.50663,1.15617,2.56661,0
3.50672,1.14334,2.56798,0
3.5068,1.1297,2.56745,0
3.50689,1.1161,2.56685,0
3.50698,1.10094,2.56251,0
3.50706,1.09092,2.57005,0
3.50715,1.07699,2.56833,0
3.50724,1.06424,2.56931,0
3.50733,1.05037,2.56745,0
3.50741,1.03429,2.55995,0
3.5075,1.02014,2.55701,0
3.50759,1.01191,2.56888,0
3.50768,0.99598,2.56116,0
3.50776,0.982287,2.55894,0
3.50785,0.971112,2.56321,0
3.50794,0.960969,2.57023,0
3.50802,0.947669,2.56877,0
3.50811,0.934741,2.56818,0
3.5082,0.91812,2.55718,0
3.50829,0.90662,2.56021,0
3.50837,0.896099,2.56603,0
3.50846,0.882615,2.5633,0
3.50855,0.870458,2.56429,0
3.50864,0.860213,2.57091,0
3.50872,0.844916,2.56229,0
3.50881,0.832492,2.56215,0
3.5089,0.821914,2.56766,0
3.50898,0.811004,2.57217,0
3.50907,0.797104,2.56709,0
3.50916,0.784433,2.56577,0
3.50925,0.767755,2.55097,0
3.50933,0.758037,2.55909,0
3.50942,0.746304,2.56045,0
3.50951,0.734022,2.55984,0
3.5096,0.722846,2.56302,0
3.50968,0.706846,2.5488,0
3.50977,0.69677,2.55572,0
3.50986,0.685094,2.55681,0
3.50994,0.673931,2.55977,0
3.51003,0.662255,2.56075,0
3.51012,0.650583,2.56168,0
3.51021,0.6394,2.56449,0
3.51029,0.627015,2.5624,0
3.51038,0.613495,2.55539,0
3.51047,0.602797,2.55999,0
3.51056,0.591846,2.56357,0
3.51064,0.578889,2.55832,0
3.51073,0.566206,2.55399,0
3.51082,0.554845,2.55546,0
3.5109,0.541194,2.54612,0
3.51099,0.532523,2.5602,0
3.51108,0.521347,2.5625,0
3.51117,0.509771,2.56279,0
3.51125,0.497058,2.55714,0
3.51134,0.486828,2.5642,0
3.51143,0.474359,2.55941,0
3.51152,0.462475,2.55752,0
3.5116,0.450443,2.55459,0
3.51169,0.440478,2.56343,0
3.51178,0.428464,2.5604,0
3.51186,0.418252,2.56816,0
3.51195,0.405948,2.56305,0
3.51204,0.394304,2.56183,0
3.51213,0.382826,2.56155,0
3.51221,0.370068,2.55231,0
3.5123,0.359206,2.55588,0
3.51239,0.346162,2.54355,0
3.51248,0.335583,2.549,0
3.51256,0.324458,2.55044,0
3.51265,0.313204,2.55084,0
3.51274,0.302894,2.55914,0
3.51282,0.290706,2.55149,0
3.51291,0.280332,2.5597,0
3.513,0.268116,2.55095,0
3.51309,0.256381,2.54612,0
3.51317,0.246132,2.55618,0
3.51326,0.234244,2.54926,0
3.51335,0.222073,2.5383,0
3.51343,0.199485,2.40073,0
3.51352,0.182888,2.32381,0
3.51361,0.172599,2.3226,0
3.5137,0.161905,2.31535,0
3.51378,0.152062,2.32002,0
3.51387,0.141572,2.31467,0
3.51396,0.131301,2.31228,0
3.51405,0.121524,2.31882,0
3.51413,0.111261,2.31633,0
3.51422,0.101415,2.32279,0
3.51431,0.0914754,2.3282,0
3.51439,0.0808971,2.31659,0
3.51448,0.07088,2.31992,0
3.51457,0.0608091,2.3222,0
3.51466,0.0507633,2.32645,0
3.51474,0.0405071,2.32065,0
3.51483,0.0303941,2.3218,0
3.51492,0.0203416,2.33091,0
3.51501,0.0101361,2.32298,0
3.51509,8.45526e-08,2.324,0
3.51518,-0.0101577,2.32798,0
3.51527,-0.0203938,2.33691,0
3.51535,-0.0304201,2.3238,0
3.51544,-0.0405942,2.32565,0
3.51553,-0.0501523,2.29845,0
3.51562,-0.0603116,2.30321,0
3.5157,-0.0705133,2.30792,0
3.51579,-0.0807225,2.31159,0
3.51588,-0.0908079,2.31122,0
3.51597,-0.100848,2.3098,0
3.51605,-0.109246,2.27438,0
3.51614,-0.119797,2.28586,0
3.51623,-0.129543,2.28133,0
3.51631,-0.137298,2.24481,0
3.5164,-0.146111,2.22922,0
3.51649,-0.150046,2.14576,0
3.51658,-0.154516,2.07927,0
3.51666,-0.16445,2.08954,0
3.51675,-0.172158,2.07186,0
3.51684,-0.180674,2.06511,0
3.51693,-0.189957,2.06729,0
3.51701,-0.199263,2.06943,0
3.5171,-0.209293,2.07849,0
3.51719,-0.216687,2.06164,0
3.51727,-0.225681,2.06068,0
3.51736,-0.236029,2.0716,0
3.51745,-0.244713,2.06757,0
3.51754,-0.254219,2.07045,0
3.51762,-0.263377,2.07031,0
3.51771,-0.273061,2.0741,0
3.5178,-0.281299,2.06695,0
3.51789,-0.290176,2.06471,0
3.51797,-0.298895,2.06144,0
3.51806,-0.309217,2.06902,0
3.51815,-0.317634,2.0637,0
3.51823,-0.327574,2.06822,0
3.51832,-0.335148,2.05789,0
3.51841,-0.346105,2.06824,0
3.5185,-0.356142,2.07262,0
3.51858,-0.365182,2.07105,0
3.51867,-0.37297,2.06255,0
3.51876,-0.381419,2.05795,0
3.51885,-0.393379,2.07199,0
3.51893,-0.401653,2.06633,0
3.51902,-0.402276,2.02238,0
3.51911,-0.403321,1.98239,0
3.51919,-0.412374,1.98257,0
3.51928,-0.434535,2.04433,0
3.51937,-0.450877,2.07662,0
3.51946,-0.457553,2.06389,0
3.51954,-0.414911,1.83364,0
3.51963,-0.327304,1.41771,0
3.51972,-0.316296,1.34326,0
3.51981,-0.309548,1.28936,0
3.51989,-0.308754,1.26177,0
3.51998,-0.30966,1.24198,0
3.52007,-0.310399,1.2222,0
3.52015,-0.30947,1.19663,0
3.52024,-0.304758,1.15755,0
3.52033,-0.306959,1.14559,0
3.52042,-0.307483,1.12784,0
3.5205,-0.311065,1.12167,0
3.52059,-0.306999,1.08854,0
3.52068,-0.305957,1.067,0
3.52077,-0.308651,1.05894,0
3.52085,-0.30418,1.0269,0
3.52094,-0.303471,1.00832,0
3.52103,-0.30699,1.00412,0
3.52111,-0.308107,0.992266,0
3.5212,-0.304314,0.965162,0
3.52129,-0.306693,0.95811,0
3.52138,-0.316742,0.974833,0
3.52146,-0.322246,0.97724,0
3.52155,-0.32143,0.960652,0
3.52164,-0.321761,0.947877,0
3.52173,-0.324591,0.942682,0
3.52181,-0.323097,0.925207,0
3.5219,-0.323459,0.91342,0
3.52199,-0.327103,0.911058,0
3.52207,-0.330049,0.906803,0
3.52216,-0.322581,0.874394,0
3.52225,-0.301529,0.806475,0
3.52234,-0.290873,0.767746,0
3.52242,-0.291711,0.759934,0
3.52251,-0.28995,0.745606,0
3.5226,-0.287703,0.730378,0
3.52269,-0.288664,0.723543,0
3.52277,-0.286199,0.708368,0
3.52286,-0.287016,0.70156,0
3.52295,-0.288161,0.695681,0
3.52303,-0.293127,0.699028,0
3.52312,-0.287578,0.677492,0
3.52321,-0.290926,0.677149,0
3.5233,-0.285106,0.655698,0
3.52338,-0.290783,0.660855,0
3.52347,-0.289596,0.650444,0
3.52356,-0.296128,0.65738,0
3.52365,-0.300238,0.658812,0
3.52373,-0.301435,0.653863,0
3.52382,-0.28738,0.616289,0
3.52391,-0.27471,0.582469,0
3.52399,-0.268208,0.562311,0
3.52408,-0.267184,0.553929,0
3.52417,-0.264776,0.542872,0
3.52426,-0.263162,0.533639,0
3.52434,-0.265041,0.531591,0
3.52443,-0.260607,0.517035,0
3.52452,-0.265584,0.521239,0
3.52461,-0.263277,0.511185,0
3.52469,-0.266429,0.511805,0
3.52478,-0.27285,0.518603,0
3.52487,-0.269007,0.505929,0
3.52495,-0.271685,0.505631,0
3.52504,-0.273889,0.504441,0
3.52513,-0.278012,0.506748,0
3.52522,-0.282159,0.509029,0
3.5253,-0.284378,0.507793,0
3.52539,-0.287083,0.507417,0
3.52548,-0.288798,0.505292,0
3.52557,-0.301,0.521347,0
3.52565,-0.300249,0.514846,0
3.52574,-0.303508,0.515254,0
3.52583,-0.309332,0.519941,0
3.52591,-0.314688,0.523729,0
3.526,-0.309708,0.510382,0
3.52609,-0.314544,0.513289,0
3.52618,-0.310466,0.501708,0
3.52626,-0.307883,0.492716,0
3.52635,-0.310564,0.492214,0
3.52644,-0.315932,0.495914,0
3.52652,-0.306732,0.476869,0
3.52661,-0.307176,0.47301,0
3.5267,-0.305399,0.465811,0
3.52679,-0.304117,0.459471,0
3.52687,-0.298341,0.446499,0
3.52696,-0.301964,0.44768,0
3.52705,-0.303352,0.445532,0
3.52714,-0.293965,0.427722,0
3.52722,-0.288988,0.416575,0
3.52731,-0.291377,0.416129,0
3.5274,-0.341093,0.482635,0
3.52748,-0.343776,0.481956,0
3.52757,-0.0695257,0.0965773,0
3.52766,-0.0658319,0.0906099,0
3.52775,-0.241846,0.329836,0
3.52783,-0.228412,0.308681,0
3.52792,-0.206422,0.276433,0
3.52801,-0.170314,0.226014,0
3.5281,-0.133165,0.17512,0
3.52818,-0.0712251,0.0928223,0
3.52827,-0.0710172,0.09172,0
3.52836,-0.0591035,0.075649,0
3.52844,-0.0637667,0.0808876,0
3.52853,-0.064119,0.0806086,0
3.52862,-0.0644701,0.0803281,0
3.52871,-0.0635614,0.0784917,0
3.52879,-0.0569435,0.0696953,0
3.52888,-0.0680604,0.0825638,0
3.52897,-0.0645833,0.077653,0
3.52906,-0.0655643,0.0781365,0
3.52914,-0.0529822,0.0625851,0
3.52923,-0.0629965,0.0737594,0
3.52932,-0.0626649,0.0727262,0
3.5294,-0.0721665,0.0830181,0
3.52949,-0.068572,0.0781913,0
3.52958,-0.0642741,0.0726487,0
3.52967,-0.0705835,0.0790821,0
3.52975,-0.0475083,0.0527633,0
3.52984,-0.0625301,0.0688403,0
3.52993,-0.0472913,0.0516094,0
3.53002,-0.0509101,0.0550742,0
3.5301,-0.0450119,0.0482693,0
3.53019,-0.0548146,0.0582697,0
3.53028,-0.05438,0.0573046,0
3.53036,-0.0490974,0.0512878,0
3.53045,-0.0375115,0.0388444,0
3.53054,-0.0188403,0.0193402,0
3.53063,-0.0189245,0.0192578,0
3.53071,-0.0506891,0.0511333,0
3.5308,-0.0318198,0.0318198,0
