7200
5311
4.62512
4.64092,-0.0288646,-0.0291176,0
4.64101,-0.0490636,-0.0499275,0
4.64109,-0.0272138,-0.0279358,0
4.64118,-0.0361222,-0.0374057,0
4.64127,-0.025586,-0.0267275,0
4.64135,-1.08278,-1.14101,0
4.64144,-0.0280925,-0.0298632,0
4.64153,-0.0354639,-0.0380304,0
4.64162,-0.0325824,-0.0352475,0
4.6417,-0.0270236,-0.0294911,0
4.64179,-1.09192,-1.20211,0
4.64188,-1.08198,-1.20167,0
4.64196,-1.08406,-1.21458,0
4.64205,-1.0867,-1.22829,0
4.64214,-1.09056,-1.24354,0
4.64223,-1.08381,-1.24678,0
4.64231,-1.08358,-1.25756,0
4.6424,-1.08458,-1.26988,0
4.64249,-1.08937,-1.28681,0
4.64258,-1.07988,-1.28695,0
4.64266,-1.08577,-1.30549,0
4.64275,-1.08579,-1.31716,0
4.64284,-1.08762,-1.33118,0
4.64292,-1.07991,-1.33358,0
4.64301,-1.08222,-1.34842,0
4.6431,-1.0838,-1.36252,0
4.64319,-1.08465,-1.37588,0
4.64327,-1.08295,-1.38611,0
4.64336,-1.08362,-1.39952,0
4.64345,-1.08481,-1.41376,0
4.64354,-1.07621,-1.41529,0
4.64362,-1.06943,-1.41918,0
4.64371,-1.08117,-1.44787,0
4.6438,-1.07128,-1.44775,0
4.64388,-1.07796,-1.47015,0
4.64397,-1.07917,-1.48536,0
4.64406,-1.08203,-1.50303,0
4.64415,-1.08301,-1.51833,0
4.64423,-1.08734,-1.53855,0
4.64432,-1.08521,-1.54984,0
4.64441,-1.07615,-1.55127,0
4.6445,-1.07391,-1.56254,0
4.64458,-1.08115,-1.58788,0
4.64467,-1.08316,-1.60585,0
4.64476,-1.07725,-1.61222,0
4.64484,-1.07186,-1.61941,0
4.64493,-1.08507,-1.65501,0
4.64502,-1.07947,-1.66225,0
4.64511,-1.07546,-1.67199,0
4.64519,-1.08427,-1.70196,0
4.64528,-1.0827,-1.71598,0
4.64537,-1.08368,-1.73426,0
4.64546,-1.08453,-1.75258,0
4.64554,-1.07896,-1.7607,0
4.64563,-1.08424,-1.78677,0
4.64572,-1.08622,-1.80777,0
4.6458,-1.08445,-1.8228,0
4.64589,-1.08613,-1.84389,0
4.64598,-1.08211,-1.85552,0
4.64607,-1.083,-1.87581,0
4.64615,-1.07927,-1.88833,0
4.64624,-1.07988,-1.90869,0
4.64633,-1.08621,-1.93956,0
4.64642,-1.085,-1.9574,0
4.6465,-1.08126,-1.97088,0
4.64659,-1.08124,-1.9914,0
4.64668,-1.08201,-2.01372,0
4.64676,-1.08213,-2.03519,0
4.64685,-1.05136,-1.9983,0
4.64694,-1.02785,-1.97449,0
4.64703,-1.01969,-1.97984,0
4.64711,-1.00468,-1.9718,0
4.6472,-0.998318,-1.98063,0
4.64729,-0.98342,-1.97244,0
4.64738,-0.977458,-1.98209,0
4.64746,-0.96354,-1.97555,0
4.64755,-0.954911,-1.97973,0
4.64764,-0.942389,-1.97576,0
4.64772,-0.933759,-1.97985,0
4.64781,-0.925111,-1.98391,0
4.6479,-0.912678,-1.97975,0
4.64799,-0.906105,-1.98827,0
4.64807,-0.890849,-1.97761,0
4.64816,-0.875704,-1.96686,0
4.64825,-0.871947,-1.98165,0
4.64834,-0.860501,-1.97902,0
4.64842,-0.851068,-1.98091,0
4.64851,-0.83929,-1.97724,0
4.6486,-0.821374,-1.95875,0
4.64868,-0.803253,-1.93922,0
4.64877,-0.810687,-1.98158,0
4.64886,-0.800534,-1.98139,0
4.64895,-0.813744,-2.03967,0
4.64903,-0.808502,-2.0525,0
4.64912,-0.800263,-2.05787,0
4.64921,-0.784109,-2.04267,0
4.6493,-0.776606,-2.04982,0
4.64938,-0.772558,-2.0663,0
4.64947,-0.775302,-2.10155,0
4.64956,-0.775018,-2.12934,0
4.64964,-0.771464,-2.1487,0
4.64973,-0.762415,-2.15299,0
4.64982,-0.760596,-2.17801,0
4.64991,-0.764434,-2.22008,0
4.64999,-0.774348,-2.28115,0
4.65008,-0.791675,-2.36607,0
4.65017,-0.800447,-2.42743,0
4.65026,-0.848252,-2.61065,0
4.65034,-0.857278,-2.67814,0
4.65043,-0.832955,-2.6418,0
4.65052,-0.821124,-2.64445,0
4.6506,-0.817471,-2.67383,0
4.65069,-0.815884,-2.71088,0
4.65078,-0.80632,-2.72209,0
4.65087,-0.795554,-2.72942,0
4.65095,-0.783913,-2.73383,0
4.65104,-0.770077,-2.73049,0
4.65113,-0.753078,-2.71551,0
4.65122,-0.751743,-2.75736,0
4.6513,-0.72547,-2.70749,0
4.65139,-0.714922,-2.71547,0
4.65148,-0.701064,-2.71081,0
4.65156,-0.686029,-2.70125,0
4.65165,-0.671091,-2.6916,0
4.65174,-0.659816,-2.69645,0
4.65183,-0.64571,-2.68958,0
4.65191,-0.632593,-2.68653,0
4.652,-0.626039,-2.71167,0
4.65209,-0.627001,-2.77095,0
4.65218,-0.614905,-2.77366,0
4.65226,-0.610011,-2.80954,0
4.65235,-0.600033,-2.82293,0
4.65244,-0.587914,-2.8265,0
4.65252,-0.583151,-2.86628,0
4.65261,-0.575321,-2.89234,0
4.6527,-0.568611,-2.92525,0
4.65279,-0.589416,-3.10454,0
4.65287,-0.518278,-2.79638,0
4.65296,-0.481871,-2.66478,0
4.65305,-0.464856,-2.63633,0
4.65314,-0.464526,-2.70338,0
4.65322,-0.474017,-2.83261,0
4.65331,-0.520806,-3.19787,0
4.6534,-0.508412,-3.20999,0
4.65348,-0.49501,-3.21613,0
4.65357,-0.479789,-3.21035,0
4.65366,-0.465777,-3.21241,0
4.65375,-0.45106,-3.20946,0
4.65383,-0.437456,-3.21437,0
4.65392,-0.421861,-3.20435,0
4.65401,-0.409516,-3.21906,0
4.6541,-0.394735,-3.21486,0
4.65418,-0.380469,-3.21456,0
4.65427,-0.366212,-3.2142,0
4.65436,-0.353382,-3.22671,0
4.65444,-0.337522,-3.21131,0
4.65453,-0.323006,-3.20778,0
4.65462,-0.308144,-3.2002,0
4.65471,-0.294818,-3.20848,0
4.65479,-0.280816,-3.20974,0
4.65488,-0.267056,-3.21392,0
4.65497,-0.253658,-3.22303,0
4.65505,-0.239222,-3.21912,0
4.65514,-0.224965,-3.21714,0
4.65523,-0.210402,-3.21011,0
4.65532,-0.197004,-3.22098,0
4.6554,-0.182551,-3.21482,0
4.65549,-0.168469,-3.21459,0
4.65558,-0.15449,-3.21629,0
4.65567,-0.140454,-3.21694,0
4.65575,-0.12626,-3.21352,0
4.65584,-0.112307,-3.21604,0
4.65593,-0.0980592,-3.2095,0
4.65601,-0.0839757,-3.2069,0
4.6561,-0.0700476,-3.21024,0
4.65619,-0.0561968,-3.21951,0
4.65628,-0.0420438,-3.21172,0
4.65636,-0.0281082,-3.22088,0
4.65645,-0.0140063,-3.20997,0
4.65654,-3.87654e-08,-3.218,0
4.65663,0.0140367,-3.21697,0
4.65671,0.0281343,-3.22388,0
4.6568,0.0419521,-3.20473,0
4.65689,0.0558651,-3.20051,0
4.65697,0.0696767,-3.19324,0
4.65706,0.08374,-3.1979,0
4.65715,0.0979675,-3.2065,0
4.65724,0.111748,-3.20005,0
4.65732,0.125867,-3.20353,0
4.65741,0.1398,-3.20195,0
4.6575,0.153722,-3.20031,0
4.65759,0.167423,-3.19462,0
4.65767,0.18085,-3.18487,0
4.65776,0.195538,-3.19703,0
4.65785,0.210271,-3.20812,0
4.65793,0.2235,-3.1962,0
4.65802,0.23774,-3.19918,0
4.65811,0.252403,-3.20708,0
4.6582,0.265483,-3.19499,0
4.65828,0.280206,-3.20277,0
4.65837,0.293354,-3.19255,0
4.65846,0.308144,-3.2002,0
4.65855,0.321604,-3.19385,0
4.65863,0.336477,-3.20137,0
4.65872,0.350878,-3.20384,0
4.65881,0.364514,-3.1993,0
4.65889,0.379528,-3.20662,0
4.65898,0.393516,-3.20493,0
4.65907,0.407496,-3.20318,0
4.65916,0.421208,-3.19939,0
4.65924,0.435299,-3.19851,0
4.65933,0.449947,-3.20154,0
4.65942,0.462907,-3.19262,0
4.65951,0.477277,-3.19353,0
4.65959,0.492728,-3.2013,0
4.65968,0.506222,-3.19616,0
4.65977,0.520324,-3.19491,0
4.65985,0.536075,-3.20346,0
4.65994,0.550216,-3.20207,0
4.66003,0.56453,-3.20161,0
4.66012,0.578139,-3.19715,0
4.6602,0.591536,-3.19165,0
4.66029,0.607509,-3.19984,0
4.66038,0.623373,-3.20698,0
4.66047,0.63736,-3.20423,0
4.66055,0.646151,-3.17594,0
4.66064,0.658577,-3.16623,0
4.66073,0.676129,-3.18094,0
4.66081,0.695094,-3.20141,0
4.6609,0.707974,-3.19346,0
4.66099,0.720577,-3.18449,0
4.66108,0.738514,-3.19886,0
4.66116,0.75659,-3.21312,0
4.66125,0.772237,-3.2166,0
4.66134,0.784363,-3.20543,0
4.66143,0.798826,-3.20392,0
4.66151,0.811075,-3.19362,0
4.6616,0.828007,-3.20166,0
4.66169,0.842223,-3.19899,0
4.66177,0.857726,-3.20108,0
4.66186,0.877472,-3.21853,0
4.66195,0.8883,-3.20311,0
4.66204,0.906068,-3.21268,0
4.66212,0.923661,-3.22119,0
4.66221,0.941065,-3.22865,0
4.6623,0.956564,-3.22931,0
4.66239,0.974392,-3.23755,0
4.66247,0.985877,-3.22466,0
4.66256,0.999345,-3.21842,0
4.66265,1.01939,-3.2331,0
4.66273,1.03227,-3.22481,0
4.66282,1.04849,-3.22693,0
4.66291,1.0657,-3.23183,0
4.663,1.07979,-3.22715,0
4.66308,1.09579,-3.22808,0
4.66317,1.11149,-3.228,0
4.66326,1.12622,-3.22501,0
4.66335,1.14162,-3.22383,0
4.66343,1.15973,-3.23012,0
4.66352,1.17587,-3.23066,0
4.66361,1.1903,-3.22644,0
4.66369,1.20927,-3.23433,0
4.66378,1.22514,-3.2337,0
4.66387,1.23995,-3.23019,0
4.66396,1.2544,-3.22568,0
4.66404,1.26956,-3.22297,0
4.66413,1.28695,-3.22576,0
4.66422,1.30625,-3.23309,0
4.66431,1.32792,-3.24587,0
4.66439,1.33824,-3.23081,0
4.66448,1.35388,-3.22863,0
4.66457,1.37186,-3.23189,0
4.66465,1.38989,-3.23506,0
4.66474,1.40519,-3.23172,0
4.66483,1.41968,-3.22647,0
4.66492,1.43944,-3.23304,0
4.665,1.456,-3.2322,0
4.66509,1.47216,-3.23036,0
4.66518,1.49001,-3.23208,0
4.66527,1.50917,-3.23643,0
4.66535,1.52712,-3.23795,0
4.66544,1.54166,-3.23216,0
4.66553,1.55879,-3.23171,0
4.66561,1.57375,-3.22667,0
4.6657,1.59534,-3.23502,0
4.66579,1.61256,-3.23429,0
4.66588,1.62981,-3.23348,0
4.66596,1.64935,-3.23703,0
4.66605,1.66254,-3.22802,0
4.66614,1.68446,-3.23582,0
4.66623,1.70368,-3.23817,0
4.66631,1.7178,-3.23071,0
4.6664,1.73472,-3.22846,0
4.66649,1.75594,-3.23405,0
4.66657,1.77341,-3.23249,0
4.66666,1.79331,-3.23522,0
4.66675,1.81474,-3.24045,0
4.66684,1.83132,-3.23685,0
4.66692,1.85337,-3.24272,0
4.66701,1.8685,-3.23634,0
4.6671,1.8821,-3.22729,0
4.66718,1.90073,-3.2268,0
4.66727,1.92911,-3.24254,0
4.66736,1.94478,-3.23666,0
4.66745,1.96719,-3.24183,0
4.66753,1.97818,-3.2281,0
4.66762,1.98804,-3.21263,0
4.66771,1.99356,-3.19036,0
4.6678,1.98558,-3.14695,0
4.66788,1.99177,-3.12645,0
4.66797,1.98916,-3.0925,0
4.66806,1.98739,-3.06031,0
4.66814,1.98372,-3.02568,0
4.66823,1.98421,-2.99782,0
4.66832,1.98505,-2.97084,0
4.66841,1.98625,-2.94474,0
4.66849,1.98445,-2.91456,0
4.66858,1.98355,-2.88609,0
4.66867,1.97789,-2.85111,0
4.66876,1.98113,-2.82935,0
4.66884,1.98827,-2.81333,0
4.66893,1.99123,-2.7916,0
4.66902,1.99989,-2.77802,0
4.6691,2.0067,-2.76198,0
4.66919,2.02405,-2.76046,0
4.66928,2.04322,-2.76125,0
4.66937,2.04926,-2.74429,0
4.66945,2.06844,-2.74491,0
4.66954,2.05437,-2.70163,0
4.66963,2.04179,-2.66091,0
4.66972,2.01603,-2.60374,0
4.6698,2.01198,-2.57522,0
4.66989,2.00958,-2.54914,0
4.66998,2.02255,-2.54269,0
4.67006,2.03926,-2.54086,0
4.67015,2.0648,-2.54982,0
4.67024,2.06642,-2.52917,0
4.67033,2.04817,-2.48463,0
4.67041,2.05068,-2.46568,0
4.6705,2.04599,-2.43832,0
4.67059,2.01914,-2.3851,0
4.67068,2.01719,-2.36182,0
4.67076,2.02029,-2.34466,0
4.67085,2.00032,-2.30111,0
4.67094,1.98991,-2.26905,0
4.67102,1.98587,-2.24462,0
4.67111,1.98699,-2.22624,0
4.6712,1.9813,-2.20045,0
4.67129,1.97003,-2.16884,0
4.67137,1.9788,-2.15949,0
4.67146,1.98006,-2.14202,0
4.67155,1.97234,-2.11507,0
4.67164,1.97127,-2.09552,0
4.67172,1.97627,-2.08255,0
4.67181,1.97496,-2.06307,0
4.6719,1.97422,-2.04436,0
4.67198,1.97196,-2.02427,0
4.67207,1.97937,-2.01422,0
4.67216,1.97054,-1.98781,0
4.67225,1.97141,-1.97141,0
4.67233,1.9729,-1.95575,0
4.67242,1.96572,-1.93171,0
4.67251,1.96768,-1.91683,0
4.6726,1.97099,-1.90336,0
4.67268,1.97133,-1.88714,0
4.67277,1.96794,-1.86751,0
4.67286,1.97097,-1.85411,0
4.67294,1.9688,-1.83594,0
4.67303,1.97606,-1.82665,0
4.67312,1.96853,-1.80383,0
4.67321,1.96972,-1.78917,0
4.67329,1.96562,-1.76985,0
4.67338,1.97332,-1.76126,0
4.67347,1.972,-1.74468,0
4.67356,1.96832,-1.72617,0
4.67364,1.97432,-1.71625,0
4.67373,1.97194,-1.69913,0
4.67382,1.96945,-1.68207,0
4.6739,1.97296,-1.67023,0
4.67399,1.96797,-1.65132,0
4.67408,1.97746,-1.64464,0
4.67417,1.9661,-1.62073,0
4.67425,1.96851,-1.60834,0
4.67434,1.97006,-1.59533,0
4.67443,1.96999,-1.58108,0
4.67452,1.9753,-1.57123,0
4.6746,1.96722,-1.55083,0
4.67469,1.97397,-1.54223,0
4.67478,1.97435,-1.52871,0
4.67486,1.97307,-1.51399,0
4.67495,1.96851,-1.49689,0
4.67504,1.97742,-1.49009,0
4.67513,1.97749,-1.47667,0
4.67521,1.9791,-1.46445,0
4.6753,1.97014,-1.44457,0
4.67539,1.974,-1.4342,0
4.67548,1.97537,-1.42206,0
4.67556,1.97342,-1.40762,0
4.67565,1.97301,-1.39438,0
4.67574,1.96678,-1.37716,0
4.67582,1.9736,-1.36913,0
4.67591,1.97461,-1.35711,0
4.676,1.97472,-1.34454,0
4.67609,1.96814,-1.32752,0
4.67617,1.9764,-1.32059,0
4.67626,1.96714,-1.30202,0
4.67635,1.97364,-1.29397,0
4.67644,1.96668,-1.27718,0
4.67652,1.96887,-1.26642,0
4.67661,1.96932,-1.25459,0
4.6767,1.96885,-1.24225,0
4.67678,1.96578,-1.22835,0
4.67687,1.96857,-1.21819,0
4.67696,1.97216,-1.20854,0
4.67705,1.96886,-1.19473,0
4.67713,1.96891,-1.18304,0
4.67722,1.97062,-1.1724,0
4.67731,1.97658,-1.16429,0
4.6774,1.96868,-1.1481,0
4.67748,1.97454,-1.14,0
4.67757,1.96994,-1.12592,0
4.67766,1.97484,-1.11731,0
4.67774,1.96661,-1.10135,0
4.67783,1.97577,-1.09519,0
4.67792,1.97264,-1.08222,0
4.67801,1.97822,-1.07408,0
4.67809,1.96967,-1.05834,0
4.67818,1.97162,-1.04833,0
4.67827,1.97087,-1.03692,0
4.67836,1.96384,-1.02231,0
4.67844,1.97184,-1.01556,0
4.67853,1.97447,-1.00604,0
4.67862,1.97259,-0.994268,0
4.6787,1.97154,-0.982974,0
4.67879,1.97671,-0.974804,0
4.67888,1.97106,-0.961348,0
4.67897,1.97703,-0.953607,0
4.67905,1.97486,-0.941958,0
4.67914,1.97804,-0.932906,0
4.67923,1.96759,-0.917504,0
4.67932,1.96885,-0.907654,0
4.6794,1.97826,-0.901543,0
4.67949,1.9767,-0.890438,0
4.67958,1.98148,-0.882212,0
4.67966,1.97616,-0.86953,0
4.67975,1.98085,-0.861298,0
4.67984,1.9754,-0.848699,0
4.67993,1.97264,-0.837337,0
4.68001,1.97628,-0.828722,0
4.6801,1.98634,-0.822769,0
4.68019,1.98066,-0.810308,0
4.68027,1.97861,-0.799411,0
4.68036,1.97372,-0.787435,0
4.68045,1.99295,-0.785046,0
4.68054,1.98984,-0.773805,0
4.68062,1.98853,-0.763324,0
4.68071,1.97781,-0.749326,0
4.6808,1.97357,-0.737887,0
4.68089,1.97865,-0.729961,0
4.68097,1.97523,-0.718926,0
4.68106,1.98023,-0.710977,0
4.68115,1.97483,-0.699325,0
4.68123,1.97787,-0.690702,0
4.68132,1.97141,-0.67881,0
4.68141,1.97624,-0.670844,0
4.6815,1.97536,-0.660946,0
4.68158,1.98012,-0.652947,0
4.68167,1.97534,-0.641828,0
4.68176,1.97336,-0.631679,0
4.68185,1.97801,-0.623664,0
4.68193,1.98167,-0.615324,0
4.68202,1.98338,-0.606379,0
4.68211,1.98409,-0.597143,0
4.68219,1.97709,-0.58564,0
4.68228,1.97866,-0.576728,0
4.68237,1.98597,-0.569467,0
4.68246,1.98458,-0.55971,0
4.68254,1.98315,-0.549977,0
4.68263,1.97781,-0.539214,0
4.68272,1.97822,-0.530061,0
4.68281,1.97471,-0.519897,0
4.68289,1.97502,-0.510775,0
4.68298,1.97142,-0.500676,0
4.68307,1.98134,-0.494005,0
4.68315,1.98445,-0.485592,0
4.68324,1.97488,-0.474128,0
4.68333,1.97304,-0.464589,0
4.68342,1.97797,-0.456651,0
4.6835,1.9819,-0.448457,0
4.68359,1.98383,-0.439805,0
4.68368,1.98182,-0.430296,0
4.68377,1.98368,-0.421645,0
4.68385,1.98257,-0.412375,0
4.68394,1.97847,-0.402524,0
4.68403,1.97628,-0.393107,0
4.68411,1.97896,-0.384671,0
4.6842,1.98651,-0.377152,0
4.68429,1.97733,-0.366476,0
4.68438,1.97595,-0.357311,0
4.68446,1.98045,-0.349207,0
4.68455,1.97505,-0.339376,0
4.68464,1.97257,-0.330095,0
4.68473,1.98386,-0.323093,0
4.68481,1.98229,-0.313964,0
4.6849,1.97969,-0.304703,0
4.68499,1.97408,-0.295028,0
4.68507,1.9704,-0.285694,0
4.68516,1.96172,-0.275702,0
4.68525,1.95002,-0.265387,0
4.68534,1.87681,-0.247086,0
4.68542,1.70327,-0.216684,0
4.68551,1.68435,-0.206812,0
4.6856,1.67829,-0.198638,0
4.68569,1.66622,-0.189842,0
4.68577,1.66405,-0.182243,0
4.68586,1.66185,-0.174667,0
4.68595,1.65364,-0.166513,0
4.68603,1.65534,-0.159392,0
4.68612,1.64607,-0.151252,0
4.68621,1.64372,-0.143807,0
4.6863,1.65231,-0.137296,0
4.68638,1.65289,-0.130085,0
4.68647,1.65344,-0.122872,0
4.68656,1.66194,-0.116214,0
4.68665,1.65844,-0.1087,0
4.68673,1.6589,-0.101463,0
4.68682,1.64435,-0.0933731,0
4.68691,1.65273,-0.086616,0
4.68699,1.6501,-0.0792599,0
4.68708,1.65542,-0.0722774,0
4.68717,1.65772,-0.0651321,0
4.68726,1.65599,-0.0578285,0
4.68734,1.65923,-0.050694,0
4.68743,1.66243,-0.0435323,0
4.68752,1.6636,-0.0363,0
4.68761,1.65775,-0.0289361,0
4.68769,1.66986,-0.0218597,0
4.68778,1.69594,-0.0148002,0
4.68787,1.70098,-0.00742203,0
4.68795,1.696,-4.10676e-08,0
4.68804,1.68798,0.00736522,0
4.68813,1.68794,0.0147304,0
4.68822,1.69685,0.022213,0
4.6883,1.69674,0.0296167,0
4.68839,1.6856,0.0367799,0
4.68848,1.68842,0.0442128,0
4.68857,1.69521,0.0517933,0
4.68865,1.68597,0.0588754,0
4.68874,1.6837,0.0661527,0
4.68883,1.69938,0.0741965,0
4.68891,1.69604,0.0814668,0
4.689,1.69368,0.0887617,0
4.68909,1.68828,0.0958675,0
4.68918,1.69284,0.103538,0
4.68926,1.68239,0.11027,0
4.68935,1.68289,0.117679,0
4.68944,1.69433,0.12591,0
4.68953,1.69376,0.133302,0
4.68961,1.69018,0.140443,0
4.6897,1.68855,0.147729,0
4.68979,1.68988,0.155278,0
4.68987,1.68919,0.16265,0
4.68996,1.69443,0.17062,0
4.69005,1.69268,0.177907,0
4.69014,1.69089,0.185183,0
4.69022,1.68808,0.192332,0
4.69031,1.68623,0.199578,0
4.6904,1.68832,0.2073,0
4.69049,1.69732,0.215926,0
4.69057,1.68942,0.222417,0
4.69066,1.68744,0.229651,0
4.69075,1.6894,0.237429,0
4.69083,1.68736,0.244655,0
4.69092,1.69418,0.253197,0
4.69101,1.75533,0.270171,0
4.6911,1.90821,0.302231,0
4.69118,1.94833,0.317306,0
4.69127,1.94693,0.325804,0
4.69136,1.95731,0.336328,0
4.69145,1.96469,0.346428,0
4.69153,1.97891,0.357844,0
4.69162,1.96848,0.364836,0
4.69171,1.97473,0.374913,0
4.69179,1.97994,0.384862,0
4.69188,1.98021,0.393887,0
4.69197,1.98435,0.40372,0
4.69206,1.98159,0.412171,0
4.69214,1.98564,0.422061,0
4.69223,1.98378,0.430721,0
4.69232,1.9809,0.439156,0
4.6924,1.98287,0.448678,0
4.69249,1.98479,0.458225,0
4.69258,1.99153,0.468944,0
4.69267,1.99336,0.478563,0
4.69275,1.99125,0.487256,0
4.69284,1.99493,0.497391,0
4.69293,2.00243,0.508553,0
4.69302,1.99438,0.515783,0
4.6931,1.98825,0.523462,0
4.69319,1.99367,0.534202,0
4.69328,1.99904,0.545001,0
4.69336,1.99953,0.55452,0
4.69345,1.99228,0.561882,0
4.69354,1.9927,0.571396,0
4.69363,1.99306,0.580925,0
4.69371,1.99914,0.592172,0
4.6938,2.00037,0.602042,0
4.69389,1.99294,0.609303,0
4.69398,1.98453,0.616213,0
4.69406,1.99804,0.629979,0
4.69415,2.00003,0.640215,0
4.69424,1.99817,0.649245,0
4.69432,1.99532,0.657957,0
4.69441,1.99622,0.667926,0
4.6945,1.99518,0.677273,0
4.69459,1.99599,0.687274,0
4.69467,1.99108,0.695318,0
4.69476,1.9918,0.705334,0
4.69485,1.99153,0.715032,0
4.69494,1.99403,0.725767,0
4.69502,1.99647,0.736537,0
4.69511,1.99699,0.746642,0
4.6952,1.99184,0.75464,0
4.69528,1.99506,0.765832,0
4.69537,2.00195,0.778517,0
4.69546,1.99109,0.784313,0
4.69555,1.98208,0.79077,0
4.69563,1.99066,0.80428,0
4.69572,1.99732,0.817124,0
4.69581,1.99928,0.828127,0
4.6959,1.99472,0.836456,0
4.69598,1.99934,0.848668,0
4.69607,1.99929,0.858963,0
4.69616,1.99736,0.868475,0
4.69624,1.99629,0.87839,0
4.69633,1.9961,0.888719,0
4.69642,1.99676,0.899474,0
4.69651,1.99828,0.910666,0
4.69659,1.98974,0.917283,0
4.69668,1.99116,0.928492,0
4.69677,1.99704,0.941864,0
4.69686,1.99471,0.951429,0
4.69694,1.99415,0.961862,0
4.69703,1.98903,0.970115,0
4.69712,1.99464,0.98365,0
4.6972,2.00197,0.998144,0
4.69729,1.99938,1.00777,0
4.69738,1.99675,1.01739,0
4.69747,2.00118,1.03067,0
4.69755,1.98957,1.0357,0
4.69764,1.99476,1.0495,0
4.69773,1.99899,1.06288,0
4.69782,1.99698,1.07302,0
4.6979,1.99667,1.0841,0
4.69799,2.00157,1.0981,0
4.69808,1.99676,1.10682,0
4.69816,2.00063,1.12041,0
4.69825,2.00356,1.13356,0
4.69834,2.0012,1.14378,0
4.69843,1.99619,1.1525,0
4.69851,1.99805,1.16523,0
4.6986,2.00932,1.18358,0
4.69869,1.99726,1.18825,0
4.69878,1.99206,1.19695,0
4.69886,2.00391,1.216,0
4.69895,1.99688,1.22369,0
4.69904,1.99663,1.23555,0
4.69912,1.99885,1.24902,0
4.69921,2.00268,1.2636,0
4.6993,1.99799,1.27286,0
4.69939,1.99831,1.28536,0
4.69947,1.99855,1.29787,0
4.69956,1.99789,1.30987,0
4.69965,2.00299,1.32575,0
4.69974,1.9947,1.33281,0
4.69982,1.98969,1.34206,0
4.69991,1.99621,1.35917,0
4.7,1.99768,1.37297,0
4.70008,1.99414,1.38338,0
4.70017,1.99545,1.39723,0
4.70026,1.99261,1.40823,0
4.70035,1.99214,1.42098,0
4.70043,1.99566,1.43667,0
4.70052,1.99908,1.45242,0
4.70061,1.99676,1.46408,0
4.7007,1.99276,1.47457,0
4.70078,2.00153,1.49461,0
4.70087,1.99339,1.50213,0
4.70096,1.99876,1.51989,0
4.70104,1.9929,1.52921,0
4.70113,1.99412,1.54401,0
4.70122,1.99997,1.56255,0
4.70131,1.9947,1.5725,0
4.70139,1.99722,1.58866,0
4.70148,1.99494,1.60111,0
4.70157,2.00271,1.62176,0
4.70166,1.99329,1.62858,0
4.70174,2.00082,1.64935,0
4.70183,2.00206,1.6651,0
4.70192,2.00321,1.68089,0
4.702,1.99204,1.68638,0
4.70209,1.99911,1.7074,0
4.70218,2.003,1.7259,0
4.70227,2.00753,1.74512,0
4.70235,2.0044,1.75782,0
4.70244,2.00196,1.77118,0
4.70253,2.00018,1.78523,0
4.70262,1.99906,1.79996,0
4.7027,1.99267,1.81001,0
4.70279,2.00097,1.83355,0
4.70288,2.00543,1.8538,0
4.70296,2.00537,1.87004,0
4.70305,2.00593,1.88699,0
4.70314,2.00711,1.90468,0
4.70323,2.00239,1.91687,0
4.70331,2.0048,1.93601,0
4.7034,2.00708,1.95521,0
4.70349,1.99924,1.96465,0
4.70358,1.99633,1.97899,0
4.70366,1.99687,1.99687,0
4.70375,2.00926,2.02687,0
4.70384,2.0032,2.03847,0
4.70392,2.00754,2.0608,0
4.70401,2.00895,2.08033,0
4.7041,2.0047,2.09413,0
4.70419,2.00105,2.10866,0
4.70427,2.0021,2.1283,0
4.70436,2.00712,2.15237,0
4.70445,2.00178,2.16552,0
4.70454,2.01056,2.19414,0
4.70462,2.00433,2.20659,0
4.70471,2.00271,2.22423,0
4.7048,2.00763,2.24936,0
4.70488,2.00641,2.26784,0
4.70497,2.00639,2.28785,0
4.70506,2.0246,2.32903,0
4.70515,2.25072,2.61208,0
4.70523,2.26268,2.64925,0
4.70532,2.2679,2.67895,0
4.70541,2.27097,2.70643,0
4.70549,2.26553,2.72401,0
4.70558,2.27843,2.76396,0
4.70567,2.26888,2.77697,0
4.70576,2.2536,2.78296,0
4.70584,2.2383,2.78887,0
4.70593,2.21864,2.78922,0
4.70602,2.19655,2.7863,0
4.70611,2.18375,2.79507,0
4.70619,2.1599,2.78955,0
4.70628,2.14284,2.7926,0
4.70637,2.12277,2.79158,0
4.70645,2.09913,2.78564,0
4.70654,2.08755,2.79557,0
4.70663,2.05868,2.78215,0
4.70672,2.03706,2.7782,0
4.7068,2.02198,2.78302,0
4.70689,2.01099,2.79344,0
4.70698,1.98717,2.7859,0
4.70707,1.97615,2.79618,0
4.70715,1.95073,2.78594,0
4.70724,1.93628,2.79113,0
4.70733,1.91615,2.78802,0
4.70741,1.89722,2.78643,0
4.7075,1.88504,2.79469,0
4.70759,1.8606,2.78459,0
4.70768,1.84899,2.79352,0
4.70776,1.82472,2.78316,0
4.70785,1.81256,2.7911,0
4.70794,1.80902,2.81243,0
4.70803,1.851,2.90548,0
4.70811,1.66114,2.63275,0
4.7082,1.63745,2.62047,0
4.70829,1.62074,2.61908,0
4.70837,1.63542,2.66876,0
4.70846,1.7519,2.88704,0
4.70855,1.53224,2.55007,0
4.70864,1.47099,2.47251,0
4.70872,1.45816,2.47546,0
4.70881,1.44382,2.47575,0
4.7089,1.432,2.4803,0
4.70899,1.41719,2.47958,0
4.70907,1.41523,2.5014,0
4.70916,1.41749,2.53111,0
4.70925,1.40158,2.52853,0
4.70933,1.38525,2.52497,0
4.70942,1.38376,2.54857,0
4.70951,1.36695,2.54401,0
4.7096,1.83563,3.45233,0
4.70968,1.83778,3.49305,0
4.70977,1.83545,3.52587,0
4.70986,1.83562,3.56407,0
4.70995,1.82822,3.58808,0
4.71003,1.83055,3.63175,0
4.71012,1.83789,3.68623,0
4.71021,1.83594,3.72292,0
4.71029,1.83853,3.76954,0
4.71038,1.84161,3.81806,0
4.71047,1.83914,3.85584,0
4.71056,1.84406,3.90996,0
4.71064,1.83966,3.94516,0
4.71073,1.84085,3.99311,0
4.71082,1.83958,4.03659,0
4.71091,1.84125,4.08743,0
4.71099,1.8478,4.15024,0
4.71108,1.84579,4.19487,0
4.71117,1.83305,4.21573,0
4.71125,1.81464,4.22368,0
4.71134,1.78994,4.21683,0
4.71143,1.76688,4.21354,0
4.71152,1.74657,4.21659,0
4.7116,1.72285,4.21121,0
4.71169,1.70146,4.21127,0
4.71178,1.68048,4.21215,0
4.71187,1.65915,4.212,0
4.71195,1.63532,4.20522,0
4.71204,1.61911,4.21792,0
4.71213,1.59644,4.21372,0
4.71221,1.57208,4.20472,0
4.7123,1.55407,4.21248,0
4.71239,1.53122,4.207,0
4.71248,1.5115,4.20988,0
4.71256,1.49078,4.20984,0
4.71265,1.47273,4.21725,0
4.71274,1.45008,4.21134,0
4.71283,1.43041,4.21384,0
4.71291,1.41105,4.2172,0
4.713,1.38982,4.21477,0
4.71309,1.36709,4.20747,0
4.71317,1.35055,4.21911,0
4.71326,1.32912,4.21543,0
4.71335,1.30804,4.21259,0
4.71344,1.29082,4.22209,0
4.71352,1.26864,4.21523,0
4.71361,1.24683,4.20922,0
4.7137,1.22761,4.21174,0
4.71379,1.21005,4.21994,0
4.71387,1.18782,4.2117,0
4.71396,1.17211,4.22648,0
4.71405,0.703609,2.58081,0
4.71413,1.13259,4.22689,0
4.71422,1.10981,4.21535,0
4.71431,0.575373,2.2248,0
4.7144,0.560491,2.20694,0
4.71448,0.55134,2.2113,0
4.71457,0.538596,2.20106,0
4.71466,0.543694,2.26465,0
4.71475,0.596838,2.53468,0
4.71483,0.589822,2.5548,0
4.71492,0.955179,4.22128,0
4.71501,0.935452,4.21955,0
4.71509,0.917032,4.22359,0
4.71518,0.895476,4.21288,0
4.71527,0.876678,4.21479,0
4.71536,0.856485,4.20976,0
4.71544,0.840644,4.2262,0
4.71553,0.821624,4.22689,0
4.71562,0.801494,4.22159,0
4.71571,0.781608,4.21718,0
4.71579,0.7632,4.22055,0
4.71588,0.74443,4.22187,0
4.71597,0.431672,2.51218,0
4.71605,0.418891,2.50319,0
4.71614,0.687818,4.22336,0
4.71623,0.358391,2.26279,0
4.71632,0.3403,2.21096,0
4.7164,0.328137,2.19562,0
4.71649,0.318841,2.19901,0
4.71658,0.308686,2.19641,0
4.71667,0.299234,2.19873,0
4.71675,0.288463,2.19109,0
4.71684,0.278016,2.18539,0
4.71693,0.268356,2.18559,0
4.71701,0.26011,2.19766,0
4.7171,0.252104,2.21268,0
4.71719,0.248652,2.27042,0
4.71728,0.0470378,0.447535,0
4.71736,0.0448843,0.445746,0
4.71745,0.0441849,0.458878,0
4.71754,0.0418163,0.455083,0
4.71762,0.0380871,0.435337,0
4.71771,0.0355247,0.427527,0
4.7178,0.0348359,0.442631,0
4.71789,0.0322372,0.433804,0
4.71797,0.0306231,0.437931,0
4.71806,0.0291044,0.444047,0
4.71815,0.0269835,0.441176,0
4.71824,0.0242078,0.426313,0
4.71832,0.0219288,0.418426,0
4.71841,0.0206306,0.429505,0
4.7185,0.0181021,0.414605,0
4.71858,0.0161358,0.410683,0
4.71867,0.0152162,0.435734,0
4.71876,0.0130094,0.425801,0
4.71885,0.0110729,0.422855,0
4.71893,0.00938042,0.429898,0
4.71902,0.00806303,0.46193,0
4.71911,0.00557618,0.425963,0
4.7192,0.00379606,0.434983,0
4.71928,0.00184133,0.421996,0
4.71937,1.53534e-08,0.422,0
4.71946,-0.00181512,0.415996,0
4.71954,-0.00355169,0.406985,0
4.71963,-0.00566778,0.432963,0
4.71972,-0.00752197,0.430934,0
4.71981,-0.00920587,0.4219,0
4.71989,-0.0113608,0.433851,0
4.71998,-0.0133759,0.437796,0
4.72007,-0.0143088,0.40975,0
4.72016,-0.0167247,0.425672,0
4.72024,-0.0191489,0.438582,0
4.72033,-0.0211104,0.439493,0
4.72042,-0.0222951,0.425416,0
4.7205,-0.0240944,0.424316,0
4.72059,-0.0261288,0.427202,0
4.72068,-0.0265537,0.405131,0
4.72077,-0.0288792,0.412992,0
4.72085,-0.0337193,0.453749,0
4.72094,-0.0331882,0.421696,0
4.72103,-0.0351935,0.42354,0
4.72112,-0.0370412,0.423383,0
4.7212,-0.0412672,0.449108,0
4.72129,-0.0406386,0.422048,0
4.72138,-0.0443833,0.440771,0
4.72146,-0.0443201,0.421677,0
4.72155,-0.0500787,0.457266,0
4.72164,-0.0499226,0.438165,0
4.72173,-0.052069,0.439929,0
4.72181,-0.0519163,0.422825,0
4.7219,-0.0567895,0.446402,0
4.72199,-0.0582147,0.442184,0
4.72208,-0.0579859,0.426072,0
4.72216,-0.0645763,0.459484,0
4.72225,-0.0639977,0.441385,0
4.72234,-0.0657752,0.440112,0
4.72242,-0.0660215,0.428949,0
4.72251,-0.0711777,0.449398,0
4.7226,-0.0689585,0.423421,0
4.72269,-0.0688248,0.411281,0
4.72277,-0.0740057,0.430688,0
4.72286,-0.0795309,0.451042,0
4.72295,-0.0795407,0.439866,0
4.72304,-0.078908,0.425749,0
4.72312,-0.0809514,0.426383,0
4.72321,-0.0871997,0.448604,0
4.7233,-0.0883759,0.444296,0
4.72338,-0.094301,0.463504,0
4.72347,-0.0944898,0.454277,0
4.72356,-0.1025,0.482227,0
4.72365,-0.0971774,0.447572,0
4.72373,-0.104973,0.473504,0
4.72382,-0.10439,0.461337,0
4.72391,-0.105952,0.458928,0
4.724,-0.103369,0.438994,0
4.72408,-0.112054,0.466738,0
4.72417,-0.112901,0.461387,0
4.72426,-0.112494,0.451188,0
4.72434,-0.121107,0.476862,0
4.72443,-0.120934,0.467615,0
4.72452,-0.122209,0.464182,0
4.72461,-0.130186,0.485861,0
4.72469,-0.130463,0.478535,0
4.72478,-0.127473,0.459652,0
4.72487,-0.128391,0.455241,0
4.72496,-0.13644,0.475825,0
4.72504,-0.137116,0.470424,0
4.72513,-0.140588,0.474616,0
4.72522,-0.140063,0.46538,0
4.7253,-0.145016,0.474327,0
4.72539,-0.149753,0.482285,0
4.72548,-0.150654,0.477812,0
4.72557,-0.152432,0.476198,0
4.72565,-0.155436,0.478381,0
4.72574,-0.160966,0.488145,0
4.72583,-0.166268,0.496922,0
4.72592,-0.17422,0.513236,0
4.726,-0.173853,0.504907,0
4.72609,-0.174406,0.499423,0
4.72618,-0.169908,0.479805,0
4.72626,-0.174703,0.486588,0
4.72635,-0.186059,0.511193,0
4.72644,-0.194518,0.527264,0
4.72653,-0.239542,0.640684,0
4.72661,-0.296187,0.781773,0
4.7267,-0.303896,0.791676,0
4.72679,-0.30626,0.787547,0
4.72688,-0.307128,0.77969,0
4.72696,-0.314603,0.788559,0
4.72705,-0.308676,0.764,0
4.72714,-0.308599,0.754315,0
4.72722,-0.310739,0.75019,0
4.72731,-0.312462,0.745138,0
4.7274,-0.309068,0.728119,0
4.72749,-0.313427,0.72952,0
4.72757,-0.305442,0.702468,0
4.72766,-0.306893,0.697467,0
4.72775,-0.305052,0.685159,0
4.72784,-0.301878,0.670145,0
4.72792,-0.298994,0.656082,0
4.72801,-0.299342,0.649322,0
4.7281,-0.301749,0.647104,0
4.72818,-0.299451,0.634928,0
4.72827,-0.302649,0.634517,0
4.72836,-0.300202,0.622382,0
4.72845,-0.302038,0.619269,0
4.72853,-0.301199,0.61077,0
4.72862,-0.304307,0.610345,0
4.72871,-0.302016,0.599189,0
4.7288,-0.311437,0.61123,0
4.72888,-0.313644,0.608977,0
4.72897,-0.310757,0.596958,0
4.72906,-0.310099,0.589402,0
4.72914,-0.310321,0.583628,0
4.72923,-0.303871,0.565532,0
4.72932,-0.306336,0.564201,0
4.72941,-0.305428,0.556722,0
4.72949,-0.302521,0.545763,0
4.72958,-0.29757,0.53135,0
4.72967,-0.310227,0.548324,0
4.72976,-0.304181,0.532206,0
4.72984,-0.31,0.536936,0
4.72993,-0.306295,0.525212,0
4.73002,-0.306553,0.520424,0
4.7301,-0.301663,0.50705,0
4.73019,-0.310053,0.516015,0
4.73028,-0.306595,0.505253,0
4.73037,-0.312454,0.509879,0
4.73045,-0.30573,0.494055,0
4.73054,-0.310533,0.496956,0
4.73063,-0.307896,0.487985,0
4.73071,-0.313783,0.492541,0
4.7308,-0.308896,0.480233,0
4.73089,-0.303909,0.467978,0
4.73098,-0.307044,0.46832,0
4.73106,-0.304117,0.459471,0
4.73115,-0.308897,0.462297,0
4.73124,-0.307556,0.455971,0
4.73133,-0.308417,0.452971,0
4.73141,-0.30416,0.442556,0
4.7315,-0.306658,0.442046,0
4.73159,-0.288509,0.412033,0
4.73167,-0.270681,0.383005,0
4.73176,-0.270608,0.379378,0
4.73185,-0.265834,0.369266,0
4.73194,-0.28919,0.398036,0
4.73202,-0.301568,0.411287,0
4.73211,-0.311092,0.420417,0
4.7322,-0.283606,0.379794,0
4.73229,-0.276233,0.366574,0
4.73237,-0.280856,0.369345,0
4.73246,-0.300119,0.391123,0
4.73255,-0.306109,0.395345,0
4.73263,-0.301674,0.386125,0
4.73272,-0.295927,0.375381,0
4.73281,-0.280132,0.352174,0
4.7329,-0.267269,0.333011,0
4.73298,-0.27753,0.342721,0
4.73307,-0.287248,0.351574,0
4.73316,-0.283691,0.344145,0
4.73325,-0.268564,0.322914,0
4.73333,-0.271256,0.323271,0
4.73342,-0.266203,0.314452,0
4.73351,-0.273418,0.320131,0
4.73359,-0.289173,0.335601,0
4.73368,-0.278169,0.319997,0
4.73377,-0.278903,0.318028,0
4.73386,-0.249145,0.281607,0
4.73394,-0.188444,0.211134,0
4.73403,-0.174643,0.193961,0
4.73412,-0.175488,0.193197,0
4.73421,-0.1716,0.187268,0
4.73429,-0.161555,0.174769,0
4.73438,-0.158906,0.170405,0
4.73447,-0.158277,0.168254,0
4.73455,-0.165893,0.174815,0
4.73464,-0.150058,0.156753,0
4.73473,-0.152825,0.158255,0
4.73482,-0.150723,0.154721,0
4.7349,-0.121958,0.124106,0
4.73499,-0.128131,0.129254,0
4.73508,-0.108187,0.108187,0
