7200
1195
1.02974
1.04545,-0.0431335,-0.0431335,0
1.04554,-0.0274566,-0.0276972,0
1.04563,-0.0413536,-0.0420818,0
1.04571,-0.0530321,-0.0544389,0
1.0458,-0.0611299,-0.0633019,0
1.04589,-0.0456399,-0.047676,0
1.04598,-0.0530033,-0.0558538,0
1.04606,-0.0424813,-0.045159,0
1.04615,-0.11935,-0.127987,0
1.04624,-0.150015,-0.162285,0
1.04632,-0.157413,-0.171786,0
1.04641,-0.217847,-0.239831,0
1.0465,-0.347279,-0.385692,0
1.04659,-0.350254,-0.392426,0
1.04667,-0.349863,-0.395449,0
1.04676,-0.346157,-0.394716,0
1.04685,-0.128588,-0.147923,0
1.04694,-0.355754,-0.412873,0
1.04702,-0.285757,-0.334579,0
1.04711,-0.286879,-0.338875,0
1.0472,-0.292468,-0.34855,0
1.04728,-0.291584,-0.350592,0
1.04737,-0.284327,-0.344916,0
1.04746,-0.280921,-0.34383,0
1.04755,-0.29641,-0.366036,0
1.04763,-0.303573,-0.378244,0
1.04772,-0.303165,-0.38113,0
1.04781,-0.296546,-0.376167,0
1.0479,-0.29798,-0.381397,0
1.04798,-0.301211,-0.389019,0
1.04807,-0.303772,-0.395883,0
1.04816,-0.308095,-0.405165,0
1.04824,-0.305722,-0.405707,0
1.04833,-0.299162,-0.400627,0
1.04842,-0.298006,-0.402732,0
1.04851,-0.300977,-0.41048,0
1.04859,-0.303297,-0.417453,0
1.04868,-0.30381,-0.422018,0
1.04877,-0.300804,-0.421712,0
1.04886,-0.295498,-0.418121,0
1.04894,-0.301701,-0.430874,0
1.04903,-0.311218,-0.448619,0
1.04912,-0.303594,-0.441732,0
1.0492,-0.300538,-0.441399,0
1.04929,-0.301405,-0.446851,0
1.04938,-0.305564,-0.457308,0
1.04947,-0.307981,-0.465308,0
1.04955,-0.307044,-0.46832,0
1.04964,-0.29465,-0.453721,0
1.04973,-0.303487,-0.471823,0
1.04982,-0.30035,-0.471456,0
1.0499,-0.303093,-0.480373,0
1.04999,-0.304174,-0.48678,0
1.05008,-0.29889,-0.483,0
1.05016,-0.300437,-0.490268,0
1.05025,-0.309708,-0.510382,0
1.05034,-0.302842,-0.504014,0
1.05043,-0.30064,-0.505331,0
1.05051,-0.301478,-0.511808,0
1.0506,-0.294708,-0.505344,0
1.05069,-0.301,-0.521347,0
1.05078,-0.298226,-0.521788,0
1.05086,-0.298901,-0.528306,0
1.05095,-0.29757,-0.53135,0
1.05104,-0.302521,-0.545763,0
1.05112,-0.29677,-0.54094,0
1.05121,-0.300133,-0.552776,0
1.0513,-0.294878,-0.548795,0
1.05139,-0.303748,-0.571267,0
1.05147,-0.295665,-0.561967,0
1.05156,-0.30106,-0.578331,0
1.05165,-0.293955,-0.570749,0
1.05174,-0.300996,-0.590737,0
1.05182,-0.297065,-0.589366,0
1.05191,-0.298953,-0.599606,0
1.052,-0.294122,-0.59642,0
1.05208,-0.297216,-0.609382,0
1.05217,-0.297161,-0.616078,0
1.05226,-0.295761,-0.620076,0
1.05235,-0.301158,-0.638545,0
1.05243,-0.299214,-0.641666,0
1.05252,-0.302272,-0.655679,0
1.05261,-0.299409,-0.656992,0
1.0527,-0.299825,-0.665586,0
1.05278,-0.299765,-0.673283,0
1.05287,-0.304074,-0.69106,0
1.05296,-0.298264,-0.685961,0
1.05304,-0.296847,-0.690931,0
1.05313,-0.297737,-0.701425,0
1.05322,-0.295447,-0.704562,0
1.05331,-0.299641,-0.723398,0
1.05339,-0.294967,-0.720996,0
1.05348,-0.297812,-0.737111,0
1.05357,-0.294964,-0.739332,0
1.05366,-0.292834,-0.743404,0
1.05374,-0.295387,-0.759586,0
1.05383,-0.297087,-0.773938,0
1.05392,-0.295124,-0.778968,0
1.054,-0.299077,-0.799918,0
1.05409,-0.29593,-0.802154,0
1.05418,-0.297216,-0.816593,0
1.05427,-0.293988,-0.818823,0
1.05435,-0.29375,-0.829525,0
1.05444,-0.294414,-0.843072,0
1.05453,-0.295616,-0.858531,0
1.05462,-0.296689,-0.874016,0
1.0547,-0.296997,-0.887631,0
1.05479,-0.296879,-0.900315,0
1.05488,-0.296038,-0.911112,0
1.05496,-0.294499,-0.920014,0
1.05505,-0.294992,-0.935596,0
1.05514,-0.295949,-0.95311,0
1.05523,-0.298219,-0.975431,0
1.05531,-0.294248,-0.97768,0
1.0554,-0.295092,-0.996214,0
1.05549,-0.293261,-1.00613,0
1.05558,-0.292451,-1.0199,0
1.05566,-0.29207,-1.0356,0
1.05575,-0.295566,-1.06578,0
1.05584,-0.294858,-1.08153,0
1.05592,-0.293501,-1.09536,0
1.05601,-0.29432,-1.11791,0
1.0561,-0.293946,-1.13661,0
1.05619,-0.293661,-1.15629,0
1.05627,-0.295145,-1.18376,0
1.05636,-0.294017,-1.20155,0
1.05645,-0.292507,-1.21838,0
1.05654,-0.288334,-1.22451,0
1.05662,-0.278264,-1.2053,0
1.05671,-0.279182,-1.23381,0
1.0568,-0.291328,-1.31409,0
1.05688,-0.294078,-1.35444,0
1.05697,-0.282136,-1.32735,0
1.05706,-0.279397,-1.34325,0
1.05715,-0.2839,-1.39541,0
1.05723,-0.279955,-1.40743,0
1.05732,-0.275337,-1.41649,0
1.05741,-0.269341,-1.41866,0
1.0575,-0.264059,-1.42474,0
1.05758,-0.260865,-1.4426,0
1.05767,-0.262382,-1.48804,0
1.05776,-0.262322,-1.52663,0
1.05784,-0.257804,-1.54058,0
1.05793,-0.252687,-1.55156,0
1.05802,-0.244194,-1.54178,0
1.05811,-0.237465,-1.54283,0
1.05819,-0.231913,-1.55177,0
1.05828,-0.224279,-1.54683,0
1.05837,-0.216832,-1.54284,0
1.05845,-0.210907,-1.54971,0
1.05854,-0.203882,-1.54864,0
1.05863,-0.196744,-1.54654,0
1.05872,-0.189385,-1.54242,0
1.0588,-0.182653,-1.54323,0
1.05889,-0.175465,-1.54004,0
1.05898,-0.168853,-1.54178,0
1.05907,-0.16296,-1.55046,0
1.05915,-0.155893,-1.54817,0
1.05924,-0.14904,-1.54784,0
1.05933,-0.142102,-1.54649,0
1.05941,-0.135179,-1.5451,0
1.0595,-0.128104,-1.54169,0
1.05959,-0.122239,-1.5532,0
1.05968,-0.115757,-1.5577,0
1.05976,-0.110215,-1.57615,0
1.05985,-0.102552,-1.56464,0
1.05994,-0.0948694,-1.5511,0
1.06003,-0.0882707,-1.5545,0
1.06011,-0.0815918,-1.55686,0
1.0602,-0.074654,-1.55421,0
1.06029,-0.0679154,-1.55552,0
1.06037,-0.0616379,-1.56879,0
1.06046,-0.054513,-1.56105,0
1.06055,-0.0477012,-1.56127,0
1.06064,-0.0408361,-1.55947,0
1.06072,-0.0340094,-1.55863,0
1.06081,-0.0272781,-1.56276,0
1.0609,-0.0203674,-1.55587,0
1.06099,-0.0136221,-1.56094,0
1.06107,-0.00680242,-1.55899,0
1.06116,-1.88165e-08,-1.562,0
1.06125,0.00682856,-1.56499,0
1.06133,0.0135523,-1.55294,0
1.06142,0.0203936,-1.55787,0
1.06151,0.0272781,-1.56276,0
1.0616,0.033704,-1.54463,0
1.06168,0.0405481,-1.54847,0
1.06177,0.0475179,-1.55527,0
1.06186,0.0545828,-1.56305,0
1.06195,0.0611668,-1.5568,0
1.06203,0.0680026,-1.55752,0
1.06212,0.0753736,-1.56919,0
1.06221,0.0812254,-1.54987,0
1.06229,0.0884974,-1.55849,0
1.06238,0.0949915,-1.5531,0
1.06247,0.102225,-1.55965,0
1.06256,0.10896,-1.5582,0
1.06264,0.116054,-1.56169,0
1.06273,0.122318,-1.55419,0
1.06282,0.129264,-1.55564,0
1.06291,0.13605,-1.55506,0
1.06299,0.142834,-1.55445,0
1.06308,0.149711,-1.55481,0
1.06317,0.156193,-1.55116,0
1.06325,0.162542,-1.54648,0
1.06334,0.170921,-1.56067,0
1.06343,0.176937,-1.55295,0
1.06352,0.183946,-1.55415,0
1.0636,0.191579,-1.56028,0
1.06369,0.197754,-1.55447,0
1.06378,0.205709,-1.56252,0
1.06387,0.211446,-1.55368,0
1.06395,0.218363,-1.55373,0
1.06404,0.226288,-1.56068,0
1.06413,0.234426,-1.56858,0
1.06421,0.240659,-1.56359,0
1.0643,0.247949,-1.56549,0
1.06439,0.259117,-1.59104,0
1.06448,0.375813,-2.24577,0
1.06456,0.387302,-2.25397,0
1.06465,0.396612,-2.2493,0
1.06474,0.406601,-2.24853,0
1.06483,0.413857,-2.23297,0
1.06491,0.429751,-2.26357,0
1.065,0.435808,-2.24204,0
1.06509,0.450854,-2.26659,0
1.06517,0.45436,-2.23325,0
1.06526,0.470209,-2.26062,0
1.06535,0.477157,-2.24485,0
1.06544,0.485463,-2.2359,0
1.06552,0.504737,-2.27672,0
1.06561,0.512018,-2.26279,0
1.0657,0.515363,-2.23228,0
1.06579,0.531286,-2.25629,0
1.06587,0.539025,-2.2452,0
1.06596,0.548817,-2.24283,0
1.06605,0.560291,-2.2472,0
1.06613,0.561722,-2.21179,0
1.06622,0.582634,-2.25288,0
1.06631,0.590422,-2.24258,0
1.0664,0.59839,-2.23322,0
1.06648,0.617334,-2.26436,0
1.06657,0.621864,-2.24237,0
1.06666,0.634899,-2.25118,0
1.06675,0.643889,-2.24551,0
1.06683,0.65508,-2.24748,0
1.06692,0.666584,-2.25035,0
1.06701,0.677261,-2.25029,0
1.06709,0.685319,-2.24158,0
1.06718,0.696873,-2.2443,0
1.06727,0.713876,-2.26412,0
1.06736,0.725882,-2.26765,0
1.06744,0.73237,-2.254,0
1.06753,0.743451,-2.25459,0
1.06762,0.752647,-2.24942,0
1.06771,0.767919,-2.26222,0
1.06779,0.763457,-2.21724,0
1.06788,0.783015,-2.24221,0
1.06797,0.786449,-2.22086,0
1.06805,0.805255,-2.24282,0
1.06814,0.81264,-2.23271,0
1.06823,0.821336,-2.22633,0
1.06832,0.836295,-2.23677,0
1.0684,0.850298,-2.24432,0
1.06849,0.8651,-2.25366,0
1.06858,0.87855,-2.25919,0
1.06867,0.879969,-2.23393,0
1.06875,0.894896,-2.24308,0
1.06884,0.908046,-2.24749,0
1.06893,0.914058,-2.23425,0
1.06901,0.934513,-2.25611,0
1.0691,0.936614,-2.23357,0
1.06919,0.942443,-2.22026,0
1.06928,0.965938,-2.24828,0
1.06936,0.973745,-2.23946,0
1.06945,0.989549,-2.24892,0
1.06954,0.991624,-2.22722,0
1.06963,1.00914,-2.2402,0
1.06971,1.01973,-2.23759,0
1.0698,1.03074,-2.23585,0
1.06989,1.04344,-2.23767,0
1.06997,1.0532,-2.2331,0
1.07006,1.06681,-2.23661,0
1.07015,1.07438,-2.22743,0
1.07024,1.08453,-2.22362,0
1.07032,1.10263,-2.2359,0
1.07041,1.10746,-2.22123,0
1.0705,1.12075,-2.22352,0
1.07058,1.13997,-2.23732,0
1.07067,1.14102,-2.21543,0
1.07076,1.15714,-2.22285,0
1.07085,1.16543,-2.21512,0
1.07093,1.18307,-2.22503,0
1.07102,1.18567,-2.20663,0
1.07111,1.20149,-2.21286,0
1.0712,1.2169,-2.21812,0
1.07128,1.22851,-2.21629,0
1.07137,1.24696,-2.22661,0
1.07146,1.25716,-2.22202,0
1.07154,1.27478,-2.2304,0
1.07163,1.2845,-2.22482,0
1.07172,1.29823,-2.2261,0
1.07181,1.32315,-2.24627,0
1.07189,1.33396,-2.24219,0
1.07198,1.35249,-2.25092,0
1.07207,1.37371,-2.26381,0
1.07216,1.3841,-2.25864,0
1.07224,1.40078,-2.26364,0
1.07233,1.39369,-2.23037,0
1.07242,1.40287,-2.22342,0
1.0725,1.40987,-2.21306,0
1.07259,1.43304,-2.22791,0
1.07268,1.44384,-2.22332,0
1.07277,1.44256,-2.20027,0
1.07285,1.43835,-2.17311,0
1.07294,1.46059,-2.18593,0
1.07303,1.46788,-2.17622,0
1.07312,1.48074,-2.17476,0
1.0732,1.48965,-2.16745,0
1.07329,1.57262,-2.26692,0
1.07338,1.75744,-2.50988,0
1.07346,1.77472,-2.51117,0
1.07355,1.6341,-2.29092,0
1.07364,1.64466,-2.28458,0
1.07373,1.85623,-2.55488,0
1.07381,1.85671,-2.53224,0
1.0739,1.81124,-2.44774,0
1.07399,1.82848,-2.44863,0
1.07408,1.84577,-2.44941,0
1.07416,1.8637,-2.45089,0
1.07425,1.88229,-2.45305,0
1.07434,1.90032,-2.4543,0
1.07442,1.91163,-2.44677,0
1.07451,1.92414,-2.44077,0
1.0746,2.01134,-2.52861,0
1.07469,1.9629,-2.44572,0
1.07477,1.97858,-2.44335,0
1.07486,1.99619,-2.44321,0
1.07495,2.01446,-2.44374,0
1.07504,2.02638,-2.43646,0
1.07512,2.05371,-2.44751,0
1.07521,2.0747,-2.45074,0
1.0753,2.08538,-2.44166,0
1.07538,2.10189,-2.43936,0
1.07547,2.12169,-2.44073,0
1.07556,2.14221,-2.44273,0
1.07565,2.1608,-2.44234,0
1.07573,2.17477,-2.43662,0
1.07582,2.19006,-2.43231,0
1.07591,2.20805,-2.43088,0
1.076,2.22337,-2.42638,0
1.07608,2.25633,-2.44089,0
1.07617,2.26151,-2.42517,0
1.07626,2.27207,-2.41528,0
1.07634,2.27501,-2.39736,0
1.07643,2.27923,-2.38091,0
1.07652,2.27431,-2.35512,0
1.07661,2.28038,-2.34087,0
1.07669,2.27445,-2.3145,0
1.07678,2.19301,-2.21223,0
1.07687,2.02091,-2.02091,0
1.07696,2.02758,-2.00996,0
1.07704,2.01208,-1.97727,0
1.07713,2.01926,-1.96707,0
1.07722,2.01847,-1.94921,0
1.0773,2.02045,-1.93416,0
1.07739,2.01291,-1.91018,0
1.07748,2.01176,-1.89248,0
1.07757,2.00464,-1.86936,0
1.07765,2.01278,-1.86059,0
1.07774,2.01719,-1.84841,0
1.07783,2.01413,-1.82951,0
1.07792,2.0169,-1.81602,0
1.078,2.00615,-1.79056,0
1.07809,2.00945,-1.77781,0
1.07818,2.00516,-1.75848,0
1.07826,2.01507,-1.75168,0
1.07835,2.01361,-1.73504,0
1.07844,2.01279,-1.71909,0
1.07853,2.01112,-1.70254,0
1.07861,2.01546,-1.69117,0
1.0787,2.00591,-1.6683,0
1.07879,2.00468,-1.65253,0
1.07888,2.00568,-1.63871,0
1.07896,2.01359,-1.63057,0
1.07905,2.0082,-1.61175,0
1.07914,2.0113,-1.59986,0
1.07922,2.00648,-1.58179,0
1.07931,2.00864,-1.56932,0
1.0794,2.00914,-1.55564,0
1.07949,2.00242,-1.53651,0
1.07957,2.00592,-1.52534,0
1.07966,2.00298,-1.50935,0
1.07975,2.00474,-1.49701,0
1.07984,1.99839,-1.47873,0
1.07992,2.00079,-1.46704,0
1.08001,1.99989,-1.45301,0
1.0801,2.00378,-1.44251,0
1.08018,1.99865,-1.42563,0
1.08027,2.00485,-1.41689,0
1.08036,2.00201,-1.40182,0
1.08045,2.00646,-1.39193,0
1.08053,1.99356,-1.37014,0
1.08062,2.00117,-1.36255,0
1.08071,2.00461,-1.35213,0
1.0808,1.99968,-1.33615,0
1.08088,1.99882,-1.32299,0
1.08097,1.99371,-1.30713,0
1.08106,2.00191,-1.30005,0
1.08114,1.99831,-1.28536,0
1.08123,2.00137,-1.27501,0
1.08132,1.99761,-1.2604,0
1.08141,1.9997,-1.24955,0
1.08149,2.00173,-1.23871,0
1.08158,1.99859,-1.22474,0
1.08167,1.99536,-1.21082,0
1.08176,2.00149,-1.20261,0
1.08184,1.99898,-1.18927,0
1.08193,2.00501,-1.18104,0
1.08202,1.99719,-1.16473,0
1.0821,1.99965,-1.1545,0
1.08219,1.98904,-1.13683,0
1.08228,1.9966,-1.12962,0
1.08237,2.00151,-1.1209,0
1.08245,1.99238,-1.1044,0
1.08254,1.99894,-1.09665,0
1.08263,1.99579,-1.08363,0
1.08272,1.99874,-1.07396,0
1.0828,1.99634,-1.06148,0
1.08289,1.99565,-1.04996,0
1.08298,1.99666,-1.0394,0
1.08306,2.00473,-1.03251,0
1.08315,2.00566,-1.02193,0
1.08324,1.99045,-1.00327,0
1.08333,2.00286,-0.998591,0
1.08341,1.99913,-0.985862,0
1.0835,1.99712,-0.974061,0
1.08359,1.99054,-0.960124,0
1.08367,1.99201,-0.950138,0
1.08376,1.99161,-0.939304,0
1.08385,2.00294,-0.933986,0
1.08394,1.99701,-0.920633,0
1.08402,1.99918,-0.911081,0
1.08411,1.99494,-0.898653,0
1.0842,1.99884,-0.88994,0
1.08429,1.99629,-0.878391,0
1.08437,1.99736,-0.868475,0
1.08446,1.98735,-0.853831,0
1.08455,1.99289,-0.845933,0
1.08463,1.99472,-0.836456,0
1.08472,1.99928,-0.828127,0
1.08481,1.99084,-0.814473,0
1.0849,1.98881,-0.803531,0
1.08498,1.98672,-0.792622,0
1.08507,1.98644,-0.78248,0
1.08516,1.99356,-0.775255,0
1.08525,1.98666,-0.762607,0
1.08533,1.99184,-0.75464,0
1.08542,1.98294,-0.741389,0
1.08551,1.99929,-0.737576,0
1.08559,1.99027,-0.724399,0
1.08568,1.99812,-0.717397,0
1.08577,1.98426,-0.702663,0
1.08586,1.99014,-0.694988,0
1.08594,1.98464,-0.683368,0
1.08603,1.98477,-0.673737,0
1.08612,1.99717,-0.668244,0
1.08621,1.99057,-0.656391,0
1.08629,1.99151,-0.647082,0
1.08638,1.98194,-0.634423,0
1.08647,1.98755,-0.626671,0
1.08655,1.98644,-0.616807,0
1.08664,1.99198,-0.60901,0
1.08673,1.99079,-0.59916,0
1.08682,1.98763,-0.588764,0
1.0869,1.98826,-0.579526,0
1.08699,1.99462,-0.571948,0
1.08708,1.99324,-0.562153,0
1.08717,1.99279,-0.552649,0
1.08725,1.99036,-0.542633,0
1.08734,1.99753,-0.535238,0
1.08743,1.99695,-0.525753,0
1.08751,1.99632,-0.516284,0
1.0876,1.99274,-0.506091,0
1.08769,1.99008,-0.496182,0
1.08778,1.99611,-0.488445,0
1.08786,1.99725,-0.479497,0
1.08795,2.00224,-0.471465,0
1.08804,1.99941,-0.4616,0
1.08813,1.9936,-0.451106,0
1.08821,1.9936,-0.44197,0
1.0883,1.99551,-0.433267,0
1.08839,1.99151,-0.423308,0
1.08847,1.99334,-0.414615,0
1.08856,1.99611,-0.406113,0
1.08865,1.99982,-0.397789,0
1.08874,1.99957,-0.388678,0
1.08882,1.9983,-0.37939,0
1.08891,1.99011,-0.368845,0
1.089,1.98776,-0.359446,0
1.08909,1.99227,-0.35129,0
1.08917,1.98885,-0.341747,0
1.08926,1.99131,-0.333231,0
1.08935,1.9888,-0.323896,0
1.08943,1.99118,-0.315372,0
1.08952,1.98562,-0.305616,0
1.08961,1.98891,-0.297245,0
1.0897,1.98623,-0.28799,0
1.08978,1.98846,-0.27946,0
1.08987,1.9847,-0.270106,0
1.08996,1.97793,-0.2604,0
1.09005,1.98103,-0.252019,0
1.09013,1.99105,-0.24447,0
1.09022,1.98713,-0.235192,0
1.09031,1.98516,-0.22618,0
1.09039,1.98215,-0.217081,0
1.09048,1.98606,-0.208743,0
1.09057,1.98297,-0.199675,0
1.09066,1.9898,-0.191596,0
1.09074,1.98962,-0.18282,0
1.09083,1.98641,-0.173789,0
1.09092,1.98416,-0.164871,0
1.09101,1.97888,-0.155741,0
1.09109,1.98353,-0.147402,0
1.09118,1.98515,-0.138815,0
1.09127,1.98474,-0.130087,0
1.09135,1.99028,-0.121731,0
1.09144,1.9838,-0.112649,0
1.09153,1.97329,-0.103416,0
1.09162,1.97273,-0.0947568,0
1.0917,1.98411,-0.0866281,0
1.09179,1.98547,-0.0780093,0
1.09188,1.98179,-0.0692058,0
1.09197,1.97308,-0.0602831,0
1.09205,1.98232,-0.0519089,0
1.09214,1.98053,-0.0432153,0
1.09223,1.9807,-0.0345733,0
1.09231,1.97983,-0.0259174,0
1.0924,1.98892,-0.0173571,0
1.09249,1.97398,-0.00861322,0
1.09258,1.972,-4.77508e-08,0
1.09266,1.96398,0.00856949,0
1.09275,1.93293,0.0168683,0
1.09284,1.74985,0.0229068,0
1.09293,1.68474,0.0294073,0
1.09301,1.6656,0.0363436,0
1.0931,1.66143,0.043506,0
1.09319,1.66722,0.0509382,0
1.09327,1.65299,0.0577237,0
1.09336,1.65572,0.0650535,0
1.09345,1.65542,0.0722773,0
1.09354,1.66308,0.0798835,0
1.09362,1.65273,0.086616,0
1.09371,1.65334,0.0938832,0
1.0938,1.6569,0.101341,0
1.09389,1.65545,0.108504,0
1.09397,1.64598,0.115098,0
1.09406,1.65643,0.123094,0
1.09415,1.65787,0.130477,0
1.09423,1.65629,0.137627,0
1.09432,1.65767,0.145027,0
1.09441,1.66299,0.152808,0
1.0945,1.65933,0.159775,0
1.09458,1.66259,0.167414,0
1.09467,1.66085,0.174562,0
1.09476,1.66504,0.182352,0
1.09485,1.67218,0.190521,0
1.09493,1.70609,0.201929,0
1.09502,1.86896,0.22948,0
1.09511,1.96715,0.250253,0
1.09519,1.96405,0.258572,0
1.09528,1.9639,0.267274,0
1.09537,1.95974,0.275424,0
1.09546,1.95951,0.284115,0
1.09554,1.9543,0.292071,0
1.09563,1.94806,0.299835,0
1.09572,1.95957,0.310366,0
1.0958,1.96116,0.319395,0
1.09589,1.96468,0.328775,0
1.09598,1.96323,0.337344,0
1.09607,1.97159,0.347644,0
1.09615,1.97399,0.356955,0
1.09624,1.96159,0.36356,0
1.09633,1.96294,0.372675,0
1.09642,1.9662,0.38219,0
1.0965,1.9704,0.391936,0
1.09659,1.96965,0.40073,0
1.09668,1.97376,0.410542,0
1.09676,1.97097,0.418942,0
1.09685,1.97205,0.428174,0
1.09694,1.97993,0.43894,0
1.09703,1.97214,0.44625,0
1.09711,1.97407,0.455751,0
1.0972,1.97596,0.465277,0
1.09729,1.97002,0.47296,0
1.09738,1.9728,0.48274,0
1.09746,1.97649,0.492795,0
1.09755,1.98014,0.502891,0
1.09764,1.97115,0.509774,0
1.09772,1.96794,0.518115,0
1.09781,1.96856,0.527473,0
1.0979,1.97685,0.538951,0
1.09799,1.98508,0.550511,0
1.09807,1.98073,0.558624,0
1.09816,1.97635,0.56671,0
1.09825,1.9729,0.575049,0
1.09834,1.97229,0.58422,0
1.09842,1.97834,0.595413,0
1.09851,1.97859,0.604917,0
1.0986,1.96925,0.611469,0
1.09868,1.97133,0.621559,0
1.09877,1.97622,0.632593,0
1.09886,1.97439,0.641519,0
1.09895,1.97442,0.651067,0
1.09903,1.97156,0.659676,0
1.09912,1.97814,0.671487,0
1.09921,1.97708,0.680763,0
1.0993,1.97598,0.690042,0
1.09938,1.97012,0.697656,0
1.09947,1.96612,0.705908,0
1.09956,1.96772,0.71619,0
1.09964,1.97583,0.728922,0
1.09973,1.9642,0.734385,0
1.09982,1.97501,0.748263,0
1.09991,1.97266,0.757231,0
1.09999,1.97865,0.769456,0
1.10008,1.98365,0.781381,0
1.10017,1.97836,0.789287,0
1.10026,1.97861,0.79941,0
1.10034,1.97048,0.806143,0
1.10043,1.97341,0.817412,0
1.10052,1.97997,0.830268,0
1.1006,1.97264,0.837337,0
1.10069,1.96897,0.845936,0
1.10078,1.97626,0.859304,0
1.10087,1.96517,0.864697,0
1.10095,1.97143,0.877738,0
1.10104,1.96941,0.887153,0
1.10113,1.9728,0.899055,0
1.10122,1.96431,0.905561,0
1.1013,1.96669,0.917082,0
1.10139,1.97623,0.932053,0
1.10148,1.97486,0.941958,0
1.10156,1.96622,0.948394,0
1.10165,1.96476,0.958279,0
1.10174,1.97312,0.973035,0
1.10183,1.97602,0.985205,0
1.10191,1.97527,0.995618,0
1.102,1.96912,1.00332,0
1.10209,1.97095,1.01511,0
1.10218,1.96473,1.02277,0
1.10226,1.97352,1.03832,0
1.10235,1.97692,1.05115,0
1.10244,1.97055,1.05882,0
1.10252,1.96416,1.06645,0
1.10261,1.96299,1.07693,0
1.1027,1.96702,1.09034,0
1.10279,1.96661,1.10135,0
1.10287,1.97049,1.11485,0
1.10296,1.97168,1.12691,0
1.10305,1.96588,1.135,0
1.10314,1.973,1.15062,0
1.10322,1.96624,1.1582,0
1.10331,1.96804,1.17086,0
1.1034,1.96463,1.18047,0
1.10348,1.9663,1.19318,0
1.10357,1.96619,1.20488,0
1.10366,1.96857,1.21819,0
1.10375,1.96832,1.22994,0
1.10383,1.96632,1.24065,0
1.10392,1.9592,1.24815,0
1.10401,1.95962,1.26047,0
1.1041,1.95578,1.2701,0
1.10418,1.95356,1.28081,0
1.10427,1.96547,1.30092,0
1.10436,1.96726,1.31448,0
1.10444,1.95902,1.32137,0
1.10453,1.96315,1.33666,0
1.10462,1.954,1.34295,0
1.10471,1.97277,1.36856,0
1.10479,1.96023,1.37257,0
1.10488,1.96239,1.38688,0
1.10497,1.96446,1.40124,0
1.10506,1.95995,1.41096,0
1.10514,1.96348,1.42655,0
1.10523,1.96692,1.4422,0
1.10532,1.96061,1.45077,0
1.1054,1.96227,1.4653,0
1.10549,1.95746,1.47505,0
1.10558,1.96453,1.49387,0
1.10567,1.95482,1.49999,0
1.10575,1.95063,1.51034,0
1.10584,1.95427,1.52684,0
1.10593,1.95937,1.54464,0
1.10602,1.95809,1.55753,0
1.1061,1.95985,1.57295,0
1.10619,1.95996,1.58715,0
1.10628,1.95689,1.59885,0
1.10636,1.95838,1.61437,0
1.10645,1.95824,1.62865,0
1.10654,1.95495,1.64039,0
1.10663,1.96303,1.66183,0
1.10671,1.95881,1.67298,0
1.1068,1.95528,1.68477,0
1.10689,1.95847,1.70247,0
1.10698,1.96005,1.71891,0
1.10706,1.96077,1.73474,0
1.10715,1.96362,1.7526,0
1.10724,1.95076,1.75647,0
1.10732,1.95196,1.77303,0
1.10741,1.96484,1.80045,0
1.1075,1.95403,1.80629,0
1.10759,1.95271,1.82094,0
1.10767,1.95859,1.84246,0
1.10776,1.95924,1.85925,0
1.10785,1.95977,1.87607,0
1.10794,1.95589,1.88878,0
1.10802,1.96123,1.91055,0
1.10811,1.95645,1.92259,0
1.1082,1.96224,1.94519,0
1.10828,1.95303,1.95303,0
1.10837,1.95857,1.97574,0
1.10846,1.95484,1.98926,0
1.10855,1.95521,2.00708,0
1.10863,1.95824,2.02782,0
1.10872,1.95975,2.04718,0
1.10881,1.95217,2.05716,0
1.10889,1.95209,2.07513,0
1.10898,1.95461,2.09606,0
1.10907,1.95427,2.11411,0
1.10916,1.95516,2.13368,0
1.10924,1.96062,2.15848,0
1.10933,1.95185,2.16775,0
1.10942,1.95636,2.19192,0
1.10951,1.95738,2.21242,0
1.10959,1.95034,2.22394,0
1.10968,1.95178,2.24526,0
1.10977,1.95306,2.26663,0
1.10985,1.96068,2.29567,0
1.10994,1.95388,2.30801,0
1.11003,1.95986,2.33567,0
1.11012,1.95285,2.34804,0
1.1102,1.95467,2.3712,0
1.11029,1.95379,2.39132,0
1.11038,1.95593,2.41537,0
1.11047,1.95351,2.43402,0
1.11055,1.94723,2.448,0
1.11064,1.96253,2.48945,0
1.11073,1.95719,2.50509,0
1.11081,1.96032,2.53179,0
1.1109,1.95899,2.55301,0
1.11099,1.96357,2.58223,0
1.11108,1.95289,2.59157,0
1.11116,1.95772,2.6217,0
1.11125,1.95935,2.6479,0
1.11134,1.95842,2.67094,0
1.11143,1.95321,2.68836,0
1.11151,1.96016,2.72283,0
1.1116,1.95987,2.74764,0
1.11169,1.9571,2.76923,0
1.11177,1.95245,2.78839,0
1.11186,1.95281,2.81496,0
1.11195,1.95467,2.84406,0
1.11204,1.9535,2.86909,0
1.11212,1.96109,2.90743,0
1.11221,1.95505,2.92594,0
1.1123,1.95993,2.96113,0
1.11239,1.94918,2.973,0
1.11247,1.93292,2.97644,0
1.11256,1.91343,2.97475,0
1.11265,1.89344,2.97211,0
1.11273,1.87085,2.96512,0
1.11282,1.85684,2.97156,0
1.11291,1.83807,2.97028,0
1.113,1.8183,2.96719,0
1.11308,1.80014,2.96654,0
1.11317,1.77894,2.96066,0
1.11326,1.76498,2.96667,0
1.11335,1.75152,2.97348,0
1.11343,1.73046,2.96727,0
1.11352,1.7125,2.96614,0
1.11361,1.69805,2.97098,0
1.11369,1.67966,2.96878,0
1.11378,1.65985,2.96387,0
1.11387,1.64399,2.96584,0
1.11396,1.62141,2.95545,0
1.11404,1.59657,2.94052,0
1.11413,1.51983,2.82854,0
1.11422,1.48259,2.78835,0
1.11431,1.46575,2.78594,0
1.11439,1.44666,2.779,0
1.11448,1.43086,2.77818,0
1.11457,1.41827,2.7835,0
1.11465,1.40611,2.78967,0
1.11474,1.385,2.77788,0
1.11483,1.37508,2.78838,0
1.11492,1.35939,2.78716,0
1.115,1.34852,2.79577,0
1.11509,1.33114,2.79079,0
1.11518,1.32322,2.80562,0
1.11527,1.30505,2.79868,0
1.11535,1.29157,2.80162,0
1.11544,1.27891,2.80632,0
1.11553,1.2683,2.81552,0
1.11561,1.25763,2.82468,0
1.1157,1.261,2.86584,0
1.11579,1.24888,2.87223,0
1.11588,1.25015,2.90981,0
1.11596,1.2476,2.93917,0
1.11605,1.2398,2.95658,0
1.11614,1.22459,2.95641,0
1.11623,1.21168,2.96173,0
1.11631,1.19762,2.96421,0
1.1164,1.18097,2.96012,0
1.11649,1.16401,2.95501,0
1.11657,1.15219,2.96285,0
1.11666,1.13674,2.96132,0
1.11675,1.11921,2.95409,0
1.11684,1.10455,2.95426,0
1.11692,1.0875,2.9478,0
1.11701,1.07805,2.96191,0
1.1171,1.05903,2.94965,0
1.11719,1.04381,2.94764,0
1.11727,1.02962,2.94839,0
1.11736,1.0148,2.94718,0
1.11745,1.00353,2.95632,0
1.11753,0.987769,2.95213,0
1.11762,0.975819,2.95926,0
1.11771,0.957644,2.94732,0
1.1178,0.947518,2.96005,0
1.11788,0.931286,2.95366,0
1.11797,0.916907,2.95292,0
1.11806,0.901967,2.9502,0
1.11815,0.886492,2.94549,0
1.11823,0.874483,2.95221,0
1.11832,0.857956,2.94351,0
1.11841,0.843726,2.94242,0
1.11849,0.831422,2.948,0
1.11858,0.821224,2.96124,0
1.11867,0.80435,2.95032,0
1.11876,0.789139,2.94511,0
1.11884,0.776791,2.95046,0
1.11893,0.761906,2.94607,0
1.11902,0.749537,2.95131,0
1.11911,0.73641,2.95358,0
1.11919,0.723041,2.95482,0
1.11928,0.707573,2.94725,0
1.11937,0.69379,2.94642,0
1.11945,0.679127,2.94162,0
1.11954,0.665403,2.94066,0
1.11963,0.653648,2.94841,0
1.11972,0.64014,2.94831,0
1.1198,0.626854,2.94912,0
1.11989,0.614184,2.9528,0
1.11998,0.600895,2.95349,0
1.12007,0.586637,2.94922,0
1.12015,0.572236,2.9439,0
1.12024,0.55864,2.94244,0
1.12033,0.5478,2.95566,0
1.12041,0.533119,2.94819,0
1.1205,0.520424,2.95147,0
1.12059,0.506016,2.94484,0
1.12068,0.490687,2.93223,0
1.12076,0.478049,2.93533,0
1.12085,0.465706,2.94035,0
1.12094,0.453936,2.94927,0
1.12102,0.438846,2.93639,0
1.12111,0.427608,2.94916,0
1.1212,0.413205,2.94011,0
1.12129,0.401047,2.94684,0
1.12137,0.387402,2.94261,0
1.12146,0.374685,2.94526,0
1.12155,0.360733,2.93794,0
1.12164,0.347676,2.9375,0
1.12172,0.335874,2.94793,0
1.12181,0.321375,2.93445,0
1.1219,0.308777,2.93782,0
1.12198,0.296356,2.94312,0
1.12207,0.283033,2.9394,0
1.12216,0.270845,2.94758,0
1.12225,0.257807,2.94674,0
1.12233,0.243953,2.93588,0
1.12242,0.231847,2.94589,0
1.12251,0.218324,2.9379,0
1.1226,0.20613,2.9478,0
1.12268,0.192678,2.93969,0
1.12277,0.180032,2.9435,0
1.12286,0.16696,2.94026,0
1.12294,0.154444,2.94696,0
1.12303,0.1412,2.93961,0
1.12312,0.127892,2.92921,0
1.12321,0.115228,2.93274,0
1.12329,0.1025,2.93521,0
1.12338,0.0900276,2.94662,0
1.12347,0.0770912,2.94399,0
1.12356,0.0642231,2.9433,0
1.12364,0.0513102,2.93955,0
1.12373,0.038549,2.94475,0
1.12382,0.0256038,2.93389,0
1.1239,0.0128544,2.94597,0
1.12399,1.06746e-07,2.934,0
1.12408,-0.012828,2.93997,0
1.12417,-0.0256908,2.94389,0
1.12425,-0.0385749,2.94675,0
1.12434,-0.0512751,2.93755,0
1.12443,-0.0640484,2.9353,0
1.12452,-0.0769863,2.93999,0
1.1246,-0.0897526,2.93763,0
1.12469,-0.10236,2.93121,0
1.12478,-0.114953,2.92574,0
1.12486,-0.128066,2.93321,0
1.12495,-0.140864,2.93262,0
1.12504,-0.154129,2.94096,0
1.12513,-0.166166,2.92629,0
1.12521,-0.17991,2.9415,0
1.1253,-0.192089,2.93071,0
1.12539,-0.205502,2.93882,0
1.12548,-0.218027,2.93391,0
1.12556,-0.230356,2.92695,0
1.12565,-0.244615,2.94385,0
1.12574,-0.256412,2.9308,0
1.12582,-0.269564,2.93364,0
1.12591,-0.282074,2.92945,0
1.126,-0.295054,2.93018,0
1.12609,-0.307627,2.92688,0
1.12617,-0.320939,2.93048,0
1.12626,-0.333949,2.93104,0
1.12635,-0.347205,2.93352,0
1.12644,-0.359514,2.92801,0
1.12652,-0.372918,2.93137,0
1.12661,-0.385444,2.92774,0
1.1267,-0.398889,2.93098,0
1.12678,-0.412231,2.93317,0
1.12687,-0.424595,2.92838,0
1.12696,-0.436629,2.92155,0
1.12705,-0.451806,2.93543,0
1.12713,-0.464454,2.93245,0
1.12722,-0.477566,2.93237,0
1.12731,-0.489366,2.92434,0
1.1274,-0.502968,2.9271,0
1.12748,-0.51122,2.89927,0
1.12757,-0.394145,2.17965,0
1.12766,-0.381419,2.05795,0
1.12774,-0.384426,2.02483,0
1.12783,-0.389632,2.00448,0
1.12792,-0.396228,1.99197,0
1.12801,-0.414885,2.03922,0
1.12809,-0.43783,2.10495,0
1.12818,-0.440565,2.07269,0
1.12827,-0.633987,2.91997,0
1.12836,-0.651267,2.93767,0
1.12844,-0.660547,2.9192,0
1.12853,-0.676878,2.93188,0
1.12862,-0.522348,2.21833,0
1.1287,-0.536924,2.23645,0
1.12879,-0.545964,2.23117,0
1.12888,-0.52618,2.11039,0
1.12897,-0.567629,2.23505,0
1.12905,-0.573871,2.21899,0
1.12914,-0.591949,2.24838,0
1.12923,-0.601754,2.24578,0
1.12932,-0.606813,2.22576,0
1.1294,-0.609571,2.19804,0
1.12949,-0.605855,2.1482,0
1.12958,-0.60778,2.11958,0
1.12966,-0.609468,2.09099,0
1.12975,-0.576835,1.94736,0
1.12984,-0.570917,1.89695,0
1.12993,-0.600824,1.96521,0
1.13001,-0.6002,1.93296,0
1.1301,-0.603516,1.91411,0
1.13019,-0.600583,1.87622,0
1.13028,-0.610618,1.87929,0
1.13036,-0.619438,1.8785,0
1.13045,-0.626042,1.87104,0
1.13054,-0.635164,1.87113,0
1.13062,-0.647229,1.87969,0
1.13071,-0.652787,1.8693,0
1.1308,-0.666612,1.88246,0
1.13089,-0.674144,1.87765,0
1.13097,-0.685408,1.88314,0
1.13106,-0.692926,1.87826,0
1.13115,-0.702166,1.87803,0
1.13124,-0.711416,1.87775,0
1.13132,-0.723545,1.8849,0
1.13141,-0.7314,1.88079,0
1.1315,-0.738866,1.87572,0
1.13158,-0.748896,1.87712,0
1.13167,-0.758953,1.87847,0
1.13176,-0.763734,1.86682,0
1.13185,-0.775699,1.8727,0
1.13193,-0.787343,1.8776,0
1.13202,-0.794356,1.87139,0
1.13211,-0.804093,1.87158,0
1.1322,-0.813847,1.87172,0
1.13228,-0.824422,1.87364,0
1.13237,-0.832183,1.86911,0
1.13246,-0.841974,1.86911,0
1.13254,-0.854268,1.87452,0
1.13263,-0.862858,1.87168,0
1.13272,-0.869748,1.86518,0
1.13281,-0.880864,1.8677,0
1.13289,-0.897185,1.88099,0
1.13298,-0.904949,1.87615,0
1.13307,-0.913565,1.87309,0
1.13316,-0.924826,1.87536,0
1.13324,-0.93523,1.87578,0
1.13333,-0.944757,1.87436,0
1.13342,-0.955196,1.87468,0
1.1335,-0.963825,1.87138,0
1.13359,-0.977983,1.87869,0
1.13368,-0.987568,1.87706,0
1.13377,-0.999035,1.87891,0
1.13385,-1.0219,1.90184,0
1.13394,-1.03209,1.90088,0
1.13403,-1.03172,1.88058,0
1.13411,-1.03652,1.86994,0
1.1342,-1.04174,1.86016,0
1.13429,-1.05526,1.86517,0
1.13438,-1.07183,1.87531,0
1.13446,-1.084,1.87754,0
1.13455,-1.08966,1.86848,0
1.13464,-1.10288,1.87232,0
1.13473,-1.10848,1.86319,0
1.13481,-1.11197,1.85062,0
1.1349,-1.11225,1.83293,0
1.13499,-1.1077,1.8076,0
1.13507,-1.10558,1.78659,0
1.13516,-1.10859,1.77412,0
1.13525,-1.10885,1.75742,0
1.13534,-1.10791,1.73907,0
1.13542,-1.10575,1.71908,0
1.13551,-1.11052,1.71005,0
1.1356,-1.11139,1.69515,0
1.13569,-1.10387,1.66777,0
1.13577,-1.09781,1.64298,0
1.13586,-1.09881,1.62906,0
1.13595,-1.10591,1.62425,0
1.13603,-1.10449,1.60705,0
1.13612,-1.10465,1.59235,0
1.13621,-1.10069,1.57195,0
1.1363,-1.1087,1.56877,0
1.13638,-1.10217,1.54519,0
1.13647,-1.10832,1.53956,0
1.13656,-1.1021,1.51691,0
1.13665,-1.10161,1.50241,0
1.13673,-1.10934,1.49919,0
1.13682,-1.10331,1.47751,0
1.13691,-1.10433,1.4655,0
1.13699,-1.10648,1.45509,0
1.13708,-1.10308,1.43756,0
1.13717,-1.10199,1.42324,0
1.13726,-1.10019,1.40818,0
1.13734,-1.09827,1.39315,0
1.13743,-1.09936,1.38209,0
1.13752,-1.09787,1.36792,0
1.13761,-1.09753,1.35534,0
1.13769,-1.09901,1.34512,0
1.13778,-1.1036,1.33877,0
1.13787,-1.10047,1.32318,0
1.13795,-1.09595,1.30611,0
1.13804,-1.10293,1.30284,0
1.13813,-1.10341,1.29193,0
1.13822,-1.0999,1.2765,0
1.1383,-1.09365,1.2581,0
1.13839,-1.10045,1.25482,0
1.13848,-1.10392,1.24776,0
1.13857,-1.10337,1.23622,0
1.13865,-1.10407,1.22619,0
1.13874,-1.10672,1.2184,0
1.13883,-1.10864,1.20987,0
1.13891,-1.1112,1.20209,0
1.139,-1.1062,1.18626,0
1.13909,-0.0452221,0.0480725,0
1.13918,-1.10206,1.16132,0
1.13926,-0.0394162,0.0411747,0
1.13935,-1.09548,1.1344,0
1.13944,-0.0279116,0.0286521,0
1.13953,-1.12356,1.14334,0
1.13961,-0.0302726,0.030538,0
1.1397,-1.15188,1.15188,0
