7200
4509
3.92699
3.9427,-0.0353553,-0.0353553,0
3.94279,-0.0337927,-0.0340889,0
3.94287,-0.0448582,-0.045648,0
3.94296,-0.0418674,-0.0429781,0
3.94305,-0.0659925,-0.0683373,0
3.94314,-0.0387247,-0.0404524,0
3.94322,-0.0502499,-0.0529523,0
3.94331,-0.0507035,-0.0538995,0
3.9434,-0.0661538,-0.0709413,0
3.94348,-0.03394,-0.0367161,0
3.94357,-0.056074,-0.061194,0
3.94366,-0.047738,-0.0525555,0
3.94375,-0.06156,-0.0683693,0
3.94383,-0.0645905,-0.0723676,0
3.94392,-0.0602984,-0.068155,0
3.94401,-0.0613192,-0.0699211,0
3.94409,-0.0472362,-0.0543391,0
3.94418,-0.0672343,-0.0780292,0
3.94427,-0.0655943,-0.076801,0
3.94436,-0.0491054,-0.0580057,0
3.94444,-0.0559225,-0.0666459,0
3.94453,-0.0569101,-0.0684269,0
3.94462,-0.0642439,-0.0779341,0
3.94471,-0.0613724,-0.0751161,0
3.94479,-0.0516043,-0.063726,0
3.94488,-0.0469443,-0.0584913,0
3.94497,-0.062874,-0.0790434,0
3.94505,-0.0588139,-0.0746051,0
3.94514,-0.0523312,-0.0669809,0
3.94523,-0.0624462,-0.0806503,0
3.94532,-0.0645287,-0.0840955,0
3.9454,-0.0581082,-0.0764162,0
3.94549,-0.0451361,-0.0598977,0
3.94558,-0.0520542,-0.0697091,0
3.94567,-0.0487755,-0.0659163,0
3.94575,-0.0632701,-0.0862896,0
3.94584,-0.0458473,-0.0631033,0
3.94593,-0.0549195,-0.0762879,0
3.94601,-0.0400685,-0.056174,0
3.9461,-0.0588688,-0.0832974,0
3.94619,-0.0533426,-0.0761811,0
3.94628,-0.0450297,-0.0649101,0
3.94636,-0.051543,-0.0749955,0
3.94645,-0.0641598,-0.0942312,0
3.94654,-0.0715767,-0.106117,0
3.94663,-1.07114,-1.60307,0
3.94671,-1.06469,-1.60857,0
3.9468,-1.06369,-1.6224,0
3.94689,-1.06695,-1.64296,0
3.94697,-1.0668,-1.65853,0
3.94706,-1.06547,-1.67245,0
3.94715,-1.0683,-1.69315,0
3.94724,-1.06673,-1.70712,0
3.94732,-1.06716,-1.72451,0
3.94741,-1.06224,-1.73342,0
3.9475,-1.06608,-1.75684,0
3.94759,-1.06664,-1.77519,0
3.94767,-1.06553,-1.791,0
3.94776,-1.06329,-1.80511,0
3.94785,-1.06447,-1.82528,0
3.94793,-1.069,-1.85156,0
3.94802,-1.07034,-1.8727,0
3.94811,-1.06905,-1.88954,0
3.9482,-1.06177,-1.89593,0
3.94828,-1.06949,-1.92941,0
3.94837,-1.06395,-1.93932,0
3.94846,-1.06454,-1.96064,0
3.94855,-1.06639,-1.98465,0
3.94863,-1.06711,-2.00694,0
3.94872,-1.06439,-2.02308,0
3.94881,-1.06572,-2.04722,0
3.94889,-1.06593,-2.06963,0
3.94898,-1.07006,-2.1001,0
3.94907,-1.06673,-2.11636,0
3.94916,-1.06731,-2.14068,0
3.94924,-1.0637,-2.15698,0
3.94933,-1.07006,-2.19396,0
3.94942,-1.06396,-2.20581,0
3.94951,-1.06595,-2.2348,0
3.94959,-1.06514,-2.25842,0
3.94968,-1.06711,-2.28843,0
3.94977,-1.06507,-2.31032,0
3.94985,-1.06493,-2.33678,0
3.94994,-1.0691,-2.37332,0
3.95003,-1.06443,-2.39075,0
3.95012,-1.06849,-2.42832,0
3.9502,-1.06665,-2.45314,0
3.95029,-1.06462,-2.47798,0
3.95038,-1.06591,-2.51114,0
3.95047,-1.065,-2.53974,0
3.95055,-1.05965,-2.55822,0
3.95064,-1.06817,-2.61095,0
3.95073,-1.06576,-2.63784,0
3.95081,-1.06202,-2.66197,0
3.9509,-1.06029,-2.6917,0
3.95099,-1.06376,-2.73544,0
3.95108,-1.06256,-2.76807,0
3.95116,-1.06323,-2.80634,0
3.95125,-1.06008,-2.83531,0
3.95134,-1.06293,-2.88119,0
3.95143,-1.0606,-2.91399,0
3.95151,-1.06072,-2.95435,0
3.9516,-1.04815,-2.95989,0
3.95169,-1.06061,-3.03713,0
3.95177,-1.06135,-3.08239,0
3.95186,-1.05143,-3.09741,0
3.95195,-1.03537,-3.09438,0
3.95204,-1.02311,-3.10267,0
3.95212,-1.00616,-3.09664,0
3.95221,-0.993248,-3.10291,0
3.9523,-0.974888,-3.09195,0
3.95239,-0.955754,-3.07803,0
3.95247,-0.949623,-3.10608,0
3.95256,-0.936638,-3.11211,0
3.95265,-0.921914,-3.11233,0
3.95273,-0.903008,-3.09808,0
3.95282,-0.89086,-3.1068,0
3.95291,-0.875667,-3.10488,0
3.953,-0.860508,-3.10289,0
3.95308,-0.846434,-3.10469,0
3.95317,-0.832103,-3.10545,0
3.95326,-0.819309,-3.11195,0
3.95335,-0.803219,-3.10582,0
3.95343,-0.788675,-3.10542,0
3.95352,-0.776569,-3.11465,0
3.95361,-0.757505,-3.09567,0
3.95369,-0.744691,-3.10186,0
3.95378,-0.731149,-3.10508,0
3.95387,-0.716694,-3.10434,0
3.95396,-0.702039,-3.10256,0
3.95404,-0.688494,-3.1056,0
3.95413,-0.675786,-3.11248,0
3.95422,-0.660951,-3.10953,0
3.95431,-0.647988,-3.11532,0
3.95439,-0.632196,-3.10734,0
3.95448,-0.617071,-3.10222,0
3.95457,-0.602575,-3.09998,0
3.95465,-0.588483,-3.09963,0
3.95474,-0.575864,-3.10709,0
3.95483,-0.561412,-3.10465,0
3.95492,-0.548207,-3.10904,0
3.955,-0.532435,-3.09859,0
3.95509,-0.519075,-3.10187,0
3.95518,-0.505857,-3.10608,0
3.95527,-0.491361,-3.10233,0
3.95535,-0.476907,-3.09851,0
3.95544,-0.463974,-3.10452,0
3.95553,-0.448988,-3.09662,0
3.95561,-0.435751,-3.10053,0
3.9557,-0.422083,-3.10141,0
3.95579,-0.408416,-3.10223,0
3.95588,-0.39475,-3.10299,0
3.95596,-0.381817,-3.10965,0
3.95605,-0.366834,-3.09937,0
3.95614,-0.353534,-3.10292,0
3.95623,-0.339338,-3.09847,0
3.95631,-0.326547,-3.10689,0
3.9564,-0.312687,-3.1053,0
3.95649,-0.298655,-3.10165,0
3.95657,-0.284845,-3.09994,0
3.95666,-0.27149,-3.10315,0
3.95675,-0.257451,-3.09832,0
3.95684,-0.243694,-3.09643,0
3.95692,-0.230848,-3.10643,0
3.95701,-0.216524,-3.09644,0
3.9571,-0.203077,-3.09835,0
3.95718,-0.189434,-3.09721,0
3.95727,-0.176655,-3.11099,0
3.95736,-0.162713,-3.10474,0
3.95745,-0.148876,-3.09943,0
3.95753,-0.135438,-3.10204,0
3.95762,-0.121588,-3.09461,0
3.95771,-0.108293,-3.10111,0
3.9578,-0.0945473,-3.09456,0
3.95788,-0.0813318,-3.10594,0
3.95797,-0.0675171,-3.09426,0
3.95806,-0.05412,-3.10053,0
3.95814,-0.0405123,-3.09473,0
3.95823,-0.0271745,-3.11388,0
3.95832,-0.0135307,-3.10097,0
3.95841,-3.7368e-08,-3.102,0
3.95849,0.0135306,-3.10097,0
3.95858,0.0269824,-3.09188,0
3.95867,0.0405515,-3.09773,0
3.95876,0.0541373,-3.10153,0
3.95884,0.067517,-3.09426,0
3.95893,0.0809914,-3.09294,0
3.95902,0.0949747,-3.10855,0
3.9591,0.108188,-3.09811,0
3.95919,0.122019,-3.1056,0
3.95928,0.135395,-3.10105,0
3.95937,0.148924,-3.10043,0
3.95945,0.162189,-3.09475,0
3.95954,0.175974,-3.09901,0
3.95963,0.18925,-3.09422,0
3.95972,0.202815,-3.09436,0
3.9598,0.216803,-3.10043,0
3.95989,0.230477,-3.10145,0
3.95998,0.2444,-3.1054,0
3.96006,0.257451,-3.09832,0
3.96015,0.271839,-3.10713,0
3.96024,0.284936,-3.10094,0
3.96033,0.297889,-3.09369,0
3.96041,0.310984,-3.08838,0
3.9605,0.326129,-3.10291,0
3.96059,0.339447,-3.09947,0
3.96068,0.353194,-3.09994,0
3.96076,0.366834,-3.09937,0
3.96085,0.380232,-3.09674,0
3.96094,0.394119,-3.09803,0
3.96102,0.408025,-3.09926,0
3.96111,0.421005,-3.09348,0
3.9612,0.435612,-3.09954,0
3.96129,0.449132,-3.09761,0
3.96137,0.462643,-3.09562,0
3.96146,0.477363,-3.10148,0
3.96155,0.490266,-3.09542,0
3.96164,0.505214,-3.10213,0
3.96172,0.516764,-3.08806,0
3.96181,0.532265,-3.0976,0
3.9619,0.544908,-3.09033,0
3.96198,0.561768,-3.10662,0
3.96207,0.575682,-3.1061,0
3.96216,0.58811,-3.09767,0
3.96225,0.602002,-3.09703,0
3.96233,0.616876,-3.10124,0
3.96242,0.632594,-3.1093,0
3.96251,0.644322,-3.0977,0
3.9626,0.65908,-3.10073,0
3.96268,0.673664,-3.10271,0
3.96277,0.68633,-3.09583,0
3.96286,0.700052,-3.09379,0
3.96294,0.716919,-3.10532,0
3.96303,0.728399,-3.0934,0
3.96312,0.745624,-3.10575,0
3.96321,0.75703,-3.09372,0
3.96329,0.772699,-3.09912,0
3.96338,0.785721,-3.09379,0
3.96347,0.79746,-3.08355,0
3.96356,0.813708,-3.09068,0
3.96364,0.83055,-3.09966,0
3.96373,0.845119,-3.09986,0
3.96382,0.858904,-3.09711,0
3.9639,0.877295,-3.11066,0
3.96399,0.887552,-3.09526,0
3.96408,0.903288,-3.09904,0
3.96417,0.91737,-3.09699,0
3.96425,0.931738,-3.09583,0
3.96434,0.945238,-3.09173,0
3.96443,0.961981,-3.09808,0
3.96452,0.977594,-3.10053,0
3.9646,0.993248,-3.10291,0
3.96469,1.00832,-3.1033,0
3.96478,1.0253,-3.10931,0
3.96486,1.0379,-3.10197,0
3.96495,1.05368,-3.10404,0
3.96504,1.06461,-3.09185,0
3.96513,1.08007,-3.09284,0
3.96521,1.09522,-3.09281,0
3.9653,1.11175,-3.09647,0
3.96539,1.12764,-3.09817,0
3.96548,1.14426,-3.10166,0
3.96556,1.15849,-3.09851,0
3.96565,1.1727,-3.0953,0
3.96574,1.18942,-3.09855,0
3.96582,1.20656,-3.10265,0
3.96591,1.22008,-3.09736,0
3.966,1.23766,-3.10222,0
3.96609,1.25306,-3.10143,0
3.96617,1.26847,-3.10056,0
3.96626,1.28429,-3.10054,0
3.96635,1.3009,-3.10228,0
3.96644,1.31676,-3.1021,0
3.96652,1.33266,-3.10184,0
3.96661,1.34937,-3.10333,0
3.9667,1.3637,-3.09924,0
3.96678,1.37884,-3.09692,0
3.96687,1.39644,-3.09999,0
3.96696,1.41742,-3.11025,0
3.96705,1.43223,-3.10676,0
3.96713,1.44831,-3.10592,0
3.96722,1.46441,-3.10499,0
3.96731,1.48096,-3.10489,0
3.9674,1.49536,-3.1002,0
3.96748,1.5172,-3.11073,0
3.96757,1.53032,-3.10318,0
3.96766,1.54697,-3.10274,0
3.96774,1.56364,-3.10221,0
3.96783,1.58216,-3.10516,0
3.96792,1.59798,-3.10267,0
3.96801,1.61289,-3.09833,0
3.96809,1.63384,-3.10542,0
3.96818,1.65019,-3.10356,0
3.96827,1.66609,-3.10074,0
3.96836,1.68246,-3.09871,0
3.96844,1.70318,-3.10449,0
3.96853,1.71768,-3.09878,0
3.96862,1.73754,-3.1026,0
3.9687,1.75647,-3.10456,0
3.96879,1.77397,-3.10381,0
3.96888,1.79,-3.10037,0
3.96897,1.81308,-3.10894,0
3.96905,1.82968,-3.10617,0
3.96914,1.84832,-3.10675,0
3.96923,1.86238,-3.09952,0
3.96931,1.88626,-3.10846,0
3.9694,1.8998,-3.1002,0
3.96949,1.92331,-3.10804,0
3.96958,1.9395,-3.10386,0
3.96966,1.95997,-3.10636,0
3.96975,1.97565,-3.10115,0
3.96984,1.99674,-3.10427,0
3.96993,1.99883,-3.07792,0
3.97001,2.01004,-3.06582,0
3.9701,2.01512,-3.04452,0
3.97019,2.01005,-3.00826,0
3.97027,2.00471,-2.9721,0
3.97036,2.00246,-2.94101,0
3.97045,2.00734,-2.9207,0
3.97054,2.00639,-2.8922,0
3.97062,2.00866,-2.86867,0
3.97071,2.005,-2.83701,0
3.9708,2.01794,-2.82905,0
3.97089,2.00807,-2.78938,0
3.97097,2.00846,-2.76441,0
3.97106,2.00158,-2.72982,0
3.97115,2.00455,-2.709,0
3.97123,1.9984,-2.67619,0
3.97132,2.00164,-2.65626,0
3.97141,2.00231,-2.63317,0
3.9715,2.00161,-2.60855,0
3.97158,1.99828,-2.58081,0
3.97167,1.99905,-2.55867,0
3.97176,1.99782,-2.53422,0
3.97185,1.99952,-2.51374,0
3.97193,1.99482,-2.48549,0
3.97202,1.99872,-2.46822,0
3.97211,1.99429,-2.44089,0
3.97219,1.99347,-2.41827,0
3.97228,1.98993,-2.39264,0
3.97237,1.99714,-2.3801,0
3.97246,1.99135,-2.35228,0
3.97254,2.0003,-2.34205,0
3.97263,1.99614,-2.31663,0
3.97272,1.99836,-2.29885,0
3.97281,1.99584,-2.27582,0
3.97289,1.99051,-2.24986,0
3.97298,1.99298,-2.23295,0
3.97307,1.99334,-2.21383,0
3.97315,1.99357,-2.19475,0
3.97324,1.99502,-2.17718,0
3.97333,1.995,-2.15817,0
3.97342,1.99416,-2.13848,0
3.9735,1.99662,-2.12247,0
3.97359,1.99279,-2.09996,0
3.97368,1.99087,-2.07969,0
3.97377,2.00131,-2.07242,0
3.97385,1.99289,-2.04576,0
3.97394,1.99549,-2.03062,0
3.97403,1.99659,-2.01409,0
3.97411,1.9898,-1.9898,0
3.9742,1.98781,-1.97054,0
3.97429,1.98783,-1.95343,0
3.97438,1.98989,-1.93846,0
3.97446,1.99185,-1.92351,0
3.97455,1.98506,-1.90028,0
3.97464,1.9868,-1.8854,0
3.97473,1.98117,-1.8637,0
3.97481,1.98416,-1.85026,0
3.9749,1.98194,-1.83208,0
3.97499,1.98328,-1.81734,0
3.97507,1.98008,-1.79858,0
3.97516,1.97751,-1.78056,0
3.97525,1.9778,-1.76525,0
3.97534,1.98548,-1.75661,0
3.97542,1.98486,-1.74067,0
3.97551,1.9864,-1.72675,0
3.9756,1.98937,-1.71415,0
3.97569,1.98162,-1.69246,0
3.97577,1.98364,-1.67928,0
3.97586,1.98176,-1.66289,0
3.97595,1.98284,-1.64911,0
3.97603,1.98462,-1.63599,0
3.97612,1.98709,-1.62352,0
3.97621,1.98638,-1.60854,0
3.9763,1.98169,-1.59047,0
3.97638,1.98078,-1.57558,0
3.97647,1.97743,-1.55888,0
3.97656,1.97712,-1.54469,0
3.97665,1.97514,-1.52932,0
3.97673,1.97466,-1.51521,0
3.97682,1.98841,-1.51202,0
3.97691,1.9926,-1.50153,0
3.97699,1.99192,-1.48743,0
3.97708,1.99196,-1.47397,0
3.97717,1.98385,-1.45462,0
3.97726,1.98695,-1.4436,0
3.97734,1.98917,-1.432,0
3.97743,1.984,-1.41517,0
3.97752,1.98771,-1.40477,0
3.97761,1.97825,-1.38519,0
3.97769,1.98428,-1.37654,0
3.97778,1.97213,-1.35541,0
3.97787,1.9772,-1.34623,0
3.97795,1.98803,-1.34094,0
3.97804,1.98305,-1.32504,0
3.97813,1.98715,-1.31527,0
3.97822,1.98451,-1.3011,0
3.9783,1.98513,-1.28916,0
3.97839,1.98822,-1.27886,0
3.97848,1.98197,-1.26265,0
3.97857,1.98492,-1.25239,0
3.97865,1.98867,-1.24266,0
3.97874,1.98472,-1.22818,0
3.97883,1.98239,-1.21481,0
3.97891,1.97998,-1.20148,0
3.979,1.98006,-1.18974,0
3.97909,1.98437,-1.18058,0
3.97918,1.9895,-1.17191,0
3.97926,1.98855,-1.15969,0
3.97935,1.98753,-1.1475,0
3.97944,1.98731,-1.13584,0
3.97953,1.98093,-1.12076,0
3.97961,1.98057,-1.10917,0
3.9797,1.98014,-1.09761,0
3.97979,1.98754,-1.0904,0
3.97987,1.98525,-1.0779,0
3.97996,1.97848,-1.06308,0
3.98005,1.97957,-1.05256,0
3.98014,1.97972,-1.04158,0
3.98022,1.98868,-1.03524,0
3.98031,1.98518,-1.02243,0
3.9804,1.9914,-1.01467,0
3.98049,1.9842,-1.00012,0
3.98057,1.98228,-0.988328,0
3.98066,1.98657,-0.979669,0
3.98075,1.98004,-0.965732,0
3.98083,1.98244,-0.956214,0
3.98092,1.98749,-0.947985,0
3.98101,1.98618,-0.936745,0
3.9811,1.99116,-0.928492,0
3.98118,1.98793,-0.916446,0
3.98127,1.98008,-0.902373,0
3.98136,1.98399,-0.893724,0
3.98145,1.99701,-0.889126,0
3.98153,1.99996,-0.880002,0
3.98162,2.00011,-0.869672,0
3.98171,1.9901,-0.855015,0
3.98179,1.98829,-0.843979,0
3.98188,1.98734,-0.833362,0
3.98197,1.98911,-0.823918,0
3.98206,1.98806,-0.813337,0
3.98214,1.98881,-0.803531,0
3.98223,1.99137,-0.794475,0
3.98232,1.98272,-0.781014,0
3.9824,1.98052,-0.770181,0
3.98249,1.98292,-0.761174,0
3.98258,1.98342,-0.751451,0
3.98267,1.98949,-0.743841,0
3.98275,1.9824,-0.731345,0
3.98284,1.97805,-0.719952,0
3.98293,1.98494,-0.712666,0
3.98302,1.9852,-0.702997,0
3.9831,1.98164,-0.692021,0
3.98319,1.98748,-0.684344,0
3.98328,1.98192,-0.672773,0
3.98336,1.98294,-0.663484,0
3.98345,1.98392,-0.654199,0
3.98354,1.98771,-0.645846,0
3.98363,1.99146,-0.637471,0
3.98371,1.99041,-0.627573,0
3.9838,1.97785,-0.614138,0
3.98389,1.97286,-0.603163,0
3.98398,1.98122,-0.596278,0
3.98406,1.98572,-0.588196,0
3.98415,1.98634,-0.578966,0
3.98424,1.98404,-0.568916,0
3.98432,1.97977,-0.558353,0
3.98441,1.98701,-0.551046,0
3.9845,1.98746,-0.541844,0
3.98459,1.97628,-0.529544,0
3.98467,1.96794,-0.518115,0
3.98476,1.96921,-0.509273,0
3.98485,1.96075,-0.497968,0
3.98494,1.95321,-0.486989,0
3.98502,1.93491,-0.47347,0
3.98511,1.84264,-0.442379,0
3.9852,1.72483,-0.406143,0
3.98528,1.71002,-0.394789,0
3.98537,1.70295,-0.385338,0
3.98546,1.69485,-0.375739,0
3.98555,1.70234,-0.369614,0
3.98563,1.70882,-0.363222,0
3.98572,1.70158,-0.353929,0
3.98581,1.70311,-0.346502,0
3.9859,1.6997,-0.338092,0
3.98598,1.70509,-0.331435,0
3.98607,1.7075,-0.324179,0
3.98616,1.7089,-0.316725,0
3.98624,1.70436,-0.308198,0
3.98633,1.70963,-0.301453,0
3.98642,1.70107,-0.292297,0
3.98651,1.69937,-0.284377,0
3.98659,1.70059,-0.276959,0
3.98668,1.7087,-0.270632,0
3.98677,1.70394,-0.262261,0
3.98686,1.7021,-0.25438,0
3.98694,1.68736,-0.244655,0
3.98703,1.68643,-0.237012,0
3.98712,1.68447,-0.229247,0
3.9872,1.69438,-0.223069,0
3.98729,1.68145,-0.213907,0
3.98738,1.68137,-0.206447,0
3.98747,1.6912,-0.200166,0
3.98755,1.68907,-0.192446,0
3.98764,1.68493,-0.184529,0
3.98773,1.68671,-0.17728,0
3.98782,1.68747,-0.169919,0
3.9879,1.67824,-0.161596,0
3.98799,1.68191,-0.154546,0
3.98808,1.7025,-0.148949,0
3.98816,1.80578,-0.150049,0
3.98825,1.9729,-0.155271,0
3.98834,1.98652,-0.147624,0
3.98843,1.98815,-0.139025,0
3.98851,1.97875,-0.129694,0
3.9886,1.97431,-0.120754,0
3.98869,1.98979,-0.112989,0
3.98878,1.9673,-0.103102,0
3.98886,1.95974,-0.0941331,0
3.98895,1.97512,-0.0862356,0
3.98904,1.97847,-0.0777345,0
3.98912,1.9758,-0.0689964,0
3.98921,1.97508,-0.0603441,0
3.9893,1.97232,-0.0516472,0
3.98939,1.98253,-0.043259,0
3.98947,1.9617,-0.0342417,0
3.98956,1.77085,-0.0231817,0
3.98965,1.70294,-0.0148613,0
3.98974,1.69598,-0.00740021,0
3.98982,1.701,-4.11887e-08,0
3.98991,1.70198,0.00742631,0
3.99,1.68994,0.0147478,0
3.99008,1.68886,0.0221083,0
3.99017,1.68574,0.0294247,0
3.99026,1.6946,0.0369762,0
3.99035,1.68942,0.044239,0
3.99043,1.69021,0.0516406,0
3.99052,1.69697,0.0592593,0
3.99061,1.69969,0.0667809,0
3.9907,1.70837,0.0745891,0
3.99078,1.69604,0.0814668,0
3.99087,1.69767,0.0889711,0
3.99096,1.70126,0.0966045,0
3.99104,1.69683,0.103782,0
3.99113,1.69836,0.111316,0
3.99122,1.69885,0.118795,0
3.99131,1.69134,0.125688,0
3.99139,1.69277,0.133224,0
3.99148,1.69217,0.140608,0
3.99157,1.68855,0.147729,0
3.99166,1.68191,0.154546,0
3.99174,1.68222,0.161979,0
3.99183,1.6805,0.169218,0
3.99192,1.68671,0.17728,0
3.992,1.6889,0.184965,0
3.99209,1.69404,0.193011,0
3.99218,1.71304,0.202752,0
3.99227,1.84217,0.226189,0
3.99235,1.94731,0.247729,0
3.99244,1.97298,0.259747,0
3.99253,1.96489,0.267409,0
3.99262,1.97261,0.277233,0
3.9927,1.98128,0.287272,0
3.99279,1.9899,0.297392,0
3.99288,1.97969,0.304703,0
3.99296,1.98525,0.314433,0
3.99305,1.98485,0.323253,0
3.99314,1.98539,0.332241,0
3.99323,1.98294,0.340731,0
3.99331,1.97355,0.347991,0
3.9934,1.98481,0.358912,0
3.99349,1.98617,0.368116,0
3.99358,1.98357,0.376592,0
3.99366,1.99565,0.387915,0
3.99375,1.98217,0.394277,0
3.99384,1.98729,0.404318,0
3.99392,1.98844,0.413596,0
3.99401,1.99053,0.4231,0
3.9941,1.99648,0.433479,0
3.99419,1.98579,0.440238,0
3.99427,1.99458,0.451326,0
3.99436,1.99843,0.461375,0
3.99445,1.99153,0.468944,0
3.99453,1.9885,0.477396,0
3.99462,1.98445,0.485592,0
3.99471,1.98814,0.495698,0
3.9948,1.98692,0.504614,0
3.99488,1.9847,0.513279,0
3.99497,1.98051,0.521425,0
3.99506,1.98884,0.532908,0
3.99515,1.99132,0.542896,0
3.99523,1.98604,0.550778,0
3.99532,1.98939,0.561067,0
3.99541,1.99173,0.571121,0
3.99549,1.98826,0.579526,0
3.99558,1.98092,0.586776,0
3.99567,1.98409,0.597143,0
3.99576,1.9872,0.607548,0
3.99584,1.98835,0.6174,0
3.99593,1.98373,0.625468,0
3.99602,1.98289,0.634727,0
3.99611,1.98676,0.645536,0
3.99619,1.98582,0.654826,0
3.99628,1.98769,0.66507,0
3.99637,1.98192,0.672773,0
3.99645,1.97708,0.680763,0
3.99654,1.97503,0.689713,0
3.99663,1.9918,0.705334,0
3.99672,1.98965,0.714356,0
3.9968,1.98369,0.722004,0
3.99689,1.9824,0.731345,0
3.99698,1.98387,0.741739,0
3.99707,1.9881,0.753223,0
3.99715,1.97732,0.759023,0
3.99724,1.98518,0.771993,0
3.99733,1.98458,0.781747,0
3.99741,1.98765,0.792993,0
3.9975,1.98603,0.802407,0
3.99759,1.98806,0.813337,0
3.99768,1.98634,0.822769,0
3.99776,1.98827,0.833749,0
3.99785,1.98737,0.843588,0
3.99794,1.97908,0.850278,0
3.99803,1.98177,0.861697,0
3.99811,1.98348,0.872752,0
3.9982,1.97965,0.881398,0
3.99829,1.98035,0.892081,0
3.99837,1.98099,0.902787,0
3.99846,1.98157,0.913515,0
3.99855,1.98481,0.925534,0
3.99864,1.98257,0.935039,0
3.99872,1.9884,0.948416,0
3.99881,1.98604,0.957952,0
3.9989,1.97914,0.965293,0
3.99899,1.98388,0.978342,0
3.99907,1.98049,0.987436,0
3.99916,1.99402,1.00507,0
3.99925,1.98338,1.01058,0
3.99933,1.9834,1.02152,0
3.99942,1.99045,1.03616,0
3.99951,1.99122,1.04763,0
3.9996,1.97869,1.05209,0
3.99968,1.98993,1.06923,0
3.99977,1.98876,1.07981,0
3.99986,1.98579,1.08944,0
3.99995,1.98889,1.10246,0
4.00003,1.98755,1.11308,0
4.00012,1.98267,1.12174,0
4.00021,1.98818,1.13634,0
4.00029,1.9858,1.1465,0
4.00038,1.97905,1.15415,0
4.00047,1.98002,1.16632,0
4.00056,1.98351,1.18006,0
4.00064,1.9852,1.19283,0
4.00073,1.98596,1.20511,0
4.00082,1.98836,1.21847,0
4.00091,1.99408,1.23397,0
4.00099,2.01072,1.25644,0
4.00108,1.99507,1.2588,0
4.00117,1.98872,1.26695,0
4.00125,1.98149,1.27454,0
4.00134,1.99017,1.29243,0
4.00143,1.98869,1.30384,0
4.00152,1.97714,1.30864,0
4.0016,1.98804,1.32837,0
4.00169,1.98223,1.33703,0
4.00178,1.98712,1.35298,0
4.00187,1.97955,1.36051,0
4.00195,1.98839,1.37939,0
4.00204,1.98235,1.38805,0
4.00213,1.98689,1.40419,0
4.00221,1.984,1.41517,0
4.0023,1.9843,1.42849,0
4.00239,1.98047,1.4389,0
4.00248,1.9895,1.45876,0
4.00256,1.9807,1.46564,0
4.00265,1.9823,1.48026,0
4.00274,1.97902,1.4913,0
4.00283,1.98523,1.5096,0
4.00291,1.98576,1.52373,0
4.003,1.98305,1.53544,0
4.00309,1.98815,1.55331,0
4.00317,1.979,1.56012,0
4.00326,1.99174,1.5843,0
4.00335,1.98481,1.59298,0
4.00344,1.98639,1.60854,0
4.00352,1.98632,1.62289,0
4.00361,1.9823,1.63408,0
4.0037,1.99207,1.65679,0
4.00379,1.98789,1.66803,0
4.00387,1.99662,1.69026,0
4.00396,1.9877,1.69766,0
4.00405,1.98331,1.70893,0
4.00413,1.98791,1.72806,0
4.00422,1.98561,1.74133,0
4.00431,1.98249,1.75396,0
4.0044,1.98377,1.77058,0
4.00448,1.98791,1.78992,0
4.00457,1.98527,1.80329,0
4.00466,1.99139,1.82477,0
4.00475,1.98781,1.83751,0
4.00483,1.98563,1.85163,0
4.00492,1.98627,1.86849,0
4.00501,1.98753,1.88609,0
4.00509,1.98506,1.90028,0
4.00518,1.98754,1.91934,0
4.00527,1.98559,1.93428,0
4.00536,1.99282,1.95834,0
4.00544,1.98994,1.97265,0
4.00553,1.98414,1.98414,0
4.00562,1.98673,2.00414,0
4.00571,1.98778,2.02278,0
4.00579,1.98801,2.04074,0
4.00588,1.98325,2.05371,0
4.00597,1.98672,2.07535,0
4.00605,1.98934,2.09633,0
4.00614,2.02609,2.15379,0
4.00623,2.29492,2.46101,0
4.00632,2.26109,2.44603,0
4.0064,2.24904,2.4544,0
4.00649,2.25512,2.48269,0
4.00658,2.24761,2.49622,0
4.00667,2.24535,2.51571,0
4.00675,2.23568,2.52698,0
4.00684,2.23189,2.54498,0
4.00693,2.20698,2.53884,0
4.00701,2.19131,2.54315,0
4.0071,2.1711,2.54204,0
4.00719,2.15289,2.54309,0
4.00728,2.13084,2.53944,0
4.00736,2.11974,2.54871,0
4.00745,2.09651,2.54327,0
4.00754,2.07211,2.53614,0
4.00762,2.05096,2.53272,0
4.00771,2.03425,2.53462,0
4.0078,2.01757,2.53643,0
4.00789,2.00463,2.54286,0
4.00797,1.98797,2.54449,0
4.00806,1.95971,2.531,0
4.00815,1.95108,2.5427,0
4.00824,1.93391,2.54323,0
4.00832,1.91317,2.53886,0
4.00841,1.8943,2.53677,0
4.0085,1.88142,2.5426,0
4.00858,1.86026,2.53707,0
4.00867,1.84506,2.5395,0
4.00876,1.82753,2.5386,0
4.00885,1.80947,2.53678,0
4.00893,1.79261,2.53649,0
4.00902,1.77522,2.53528,0
4.00911,1.77041,2.55204,0
4.0092,1.80514,2.62649,0
4.00928,1.59218,2.33842,0
4.00937,1.82465,2.70515,0
4.00946,1.59338,2.38465,0
4.00954,1.74026,2.62924,0
4.00963,1.60924,2.4545,0
4.00972,1.47543,2.27196,0
4.00981,1.45306,2.25903,0
4.00989,1.44157,2.26282,0
4.00998,1.42742,2.26232,0
4.01007,1.41912,2.27107,0
4.01016,1.40657,2.27299,0
4.01024,1.41231,2.30469,0
4.01033,1.40017,2.30741,0
4.01042,1.39318,2.31864,0
4.0105,1.37589,2.31266,0
4.01059,1.37594,2.33588,0
4.01068,1.36573,2.34186,0
4.01077,1.805,3.12635,0
4.01085,1.80623,3.16024,0
4.01094,1.80572,3.19159,0
4.01103,1.81181,3.23522,0
4.01112,1.81561,3.27545,0
4.0112,1.81188,3.30263,0
4.01129,1.80605,3.32632,0
4.01138,1.8095,3.36765,0
4.01146,1.80559,3.39582,0
4.01155,1.80705,3.43464,0
4.01164,1.80775,3.47265,0
4.01173,1.8086,3.51162,0
4.01181,1.8037,3.53997,0
4.0119,1.80535,3.58174,0
4.01199,1.80398,3.61822,0
4.01208,1.80144,3.65296,0
4.01216,1.80302,3.69674,0
4.01225,1.79991,3.73159,0
4.01234,1.80083,3.77551,0
4.01242,1.79671,3.80956,0
4.01251,1.80881,3.879,0
4.0126,1.79731,3.89866,0
4.01269,1.79811,3.94559,0
4.01277,1.79607,3.98714,0
4.01286,1.79818,4.03878,0
4.01295,1.02056,2.3194,0
4.01304,1.79597,4.13044,0
4.01312,1.79293,4.17315,0
4.01321,1.80283,4.24721,0
4.0133,1.79898,4.29008,0
4.01338,1.79555,4.33484,0
4.01347,2.46992,6.0373,0
4.01356,2.43869,6.03597,0
4.01365,2.41011,6.04098,0
4.01373,2.37933,6.04027,0
4.01382,2.35186,6.0478,0
4.01391,0.877643,2.28634,0
4.014,2.28553,6.03256,0
4.01408,2.26549,6.05933,0
4.01417,2.22726,6.03726,0
4.01426,2.20158,6.0488,0
4.01434,2.16909,6.04141,0
4.01443,0.818161,2.31041,0
4.01452,0.81005,2.31963,0
4.01461,0.802851,2.33165,0
4.01469,0.781098,2.30104,0
4.01478,0.783743,2.34236,0
4.01487,0.768504,2.33056,0
4.01496,0.747512,2.30061,0
4.01504,0.757283,2.36575,0
4.01513,0.740939,2.34996,0
4.01522,0.724451,2.33311,0
4.0153,0.714264,2.33625,0
4.01539,0.696282,2.31349,0
4.01548,0.692429,2.3376,0
4.01557,0.676906,2.32236,0
4.01565,0.66594,2.32241,0
4.01574,0.646843,2.29353,0
4.01583,0.649122,2.34066,0
4.01592,0.633379,2.32321,0
4.016,0.612366,2.28538,0
4.01609,0.610281,2.31801,0
4.01618,0.596405,2.30613,0
4.01626,0.597906,2.35426,0
4.01635,0.590531,2.36849,0
4.01644,2.24946,9.19278,0
4.01653,0.553266,2.30452,0
4.01661,0.545497,2.31664,0
4.0167,0.538533,2.33264,0
4.01679,0.529674,2.34082,0
4.01688,0.509499,2.2982,0
4.01696,0.497345,2.29063,0
4.01705,0.4888,2.29963,0
4.01714,0.483242,2.32327,0
4.01722,0.469512,2.30772,0
4.01731,0.467436,2.34996,0
4.0174,0.449355,2.31173,0
4.01749,0.440756,2.32153,0
4.01757,0.433721,2.34015,0
4.01766,0.415854,2.2997,0
4.01775,0.409636,2.32316,0
4.01784,0.400004,2.32788,0
4.01792,0.388522,2.32172,0
4.01801,0.376459,2.31155,0
4.0181,0.367621,2.32107,0
4.01818,0.35962,2.33649,0
4.01827,0.34617,2.31628,0
4.01836,0.338643,2.33558,0
4.01845,0.330258,2.34991,0
4.01853,0.311371,2.28791,0
4.01862,0.306606,2.3289,0
4.01871,0.294548,2.31534,0
4.0188,0.283712,2.31065,0
4.01888,0.278094,2.3496,0
4.01897,0.270669,2.37563,0
4.01906,0.251918,2.30025,0
4.01914,0.244701,2.32818,0
4.01923,0.23434,2.32723,0
4.01932,0.223225,2.31828,0
4.01941,0.213382,2.32222,0
4.01949,0.200894,2.29623,0
4.01958,0.194848,2.34492,0
4.01967,0.185242,2.35372,0
4.01975,0.174377,2.34653,0
4.01984,0.162323,2.32133,0
4.01993,0.151147,2.30605,0
4.02002,0.140534,2.29771,0
4.0201,0.132208,2.32825,0
4.02019,0.122571,2.33879,0
4.02028,0.111453,2.32032,0
4.02037,0.103247,2.36475,0
4.02045,0.0893162,2.27325,0
4.02054,0.0803038,2.2996,0
4.02063,0.072071,2.3589,0
4.02071,0.0618039,2.36019,0
4.0208,0.0508942,2.33244,0
4.02089,0.0407689,2.33564,0
4.02098,0.0305643,2.3348,0
4.02106,0.0199315,2.28391,0
4.02115,0.0074875,1.71598,0
4.02124,6.14862e-08,1.69,0
4.02133,-0.0072823,1.66898,0
4.02141,-0.0144075,1.65094,0
4.0215,-0.0215323,1.64486,0
4.02159,-0.0290407,1.66375,0
4.02167,-0.0368017,1.6866,0
4.02176,-0.0448411,1.71241,0
4.02185,-0.0606189,1.98407,0
4.02194,-0.072207,2.06774,0
4.02202,-0.0718061,1.82759,0
4.02211,-0.080216,1.83725,0
4.0222,-0.0862646,1.79593,0
4.02229,-0.105614,2.01523,0
4.02237,-0.0994391,1.75118,0
4.02246,-0.124966,2.04318,0
4.02255,-0.127536,1.94582,0
4.02263,-0.129398,1.85048,0
4.02272,-0.131617,1.77112,0
4.02281,-0.135891,1.72666,0
4.0229,-0.137793,1.65829,0
4.02298,-0.141105,1.61284,0
4.02307,-0.145396,1.58233,0
4.02316,-0.153161,1.59064,0
4.02325,-0.1599,1.58797,0
4.02333,-0.165782,1.57731,0
4.02342,-0.17201,1.57061,0
4.02351,-0.178635,1.56786,0
4.02359,-0.184769,1.5611,0
4.02368,-0.190482,1.55135,0
4.02377,-0.197375,1.5515,0
4.02386,-0.206753,1.57045,0
4.02394,-0.214952,1.57944,0
4.02403,-0.22045,1.56858,0
4.02412,-0.22557,1.55573,0
4.02421,-0.232504,1.55572,0
4.02429,-0.233509,1.51713,0
4.02438,-0.23825,1.50425,0
4.02447,-0.243686,1.49629,0
4.02455,-0.250212,1.49521,0
4.02464,-0.258089,1.50199,0
4.02473,-0.266897,1.51365,0
4.02482,-0.27777,1.53609,0
4.0249,-0.286839,1.54764,0
4.02499,-0.289485,1.52476,0
4.02508,-0.285832,1.47048,0
4.02517,-0.288734,1.45156,0
4.02525,-0.292672,1.43853,0
4.02534,-0.292226,1.40493,0
4.02543,-0.289829,1.36354,0
4.02551,-0.276467,1.27333,0
4.0256,-0.276393,1.24673,0
4.02569,-0.289114,1.2777,0
4.02578,-0.304359,1.31832,0
4.02586,-0.304836,1.29459,0
4.02595,-0.286904,1.19504,0
4.02604,-0.253848,1.03739,0
4.02613,-0.248454,0.996494,0
4.02621,-0.253292,0.997339,0
4.0263,-0.233354,0.902314,0
4.02639,-0.221249,0.840363,0
4.02647,-0.224396,0.837458,0
4.02656,-0.246986,0.905935,0
4.02665,-0.261626,0.943394,0
4.02674,-0.257326,0.912408,0
4.02682,-0.254138,0.886283,0
4.02691,-0.258562,0.887086,0
4.027,-0.260726,0.880197,0
4.02709,-0.261394,0.868517,0
4.02717,-0.266058,0.870237,0
4.02726,-0.271929,0.875753,0
4.02735,-0.271537,0.861206,0
4.02743,-0.278646,0.87049,0
4.02752,-0.282441,0.869266,0
4.02761,-0.262118,0.794898,0
4.0277,-0.265584,0.793747,0
4.02778,-0.266795,0.785952,0
4.02787,-0.268268,0.779107,0
4.02796,-0.271995,0.778873,0
4.02805,-0.277393,0.783335,0
4.02813,-0.277768,0.773647,0
4.02822,-0.282167,0.775246,0
4.02831,-0.2852,0.77307,0
4.02839,-0.289621,0.774628,0
4.02848,-0.293353,0.774292,0
4.02857,-0.298879,0.778606,0
4.02866,-0.301186,0.774499,0
4.02874,-0.305662,0.775968,0
4.02883,-0.30571,0.766268,0
4.02892,-0.307927,0.762145,0
4.02901,-0.310113,0.758018,0
4.02909,-0.310356,0.749266,0
4.02918,-0.313623,0.747905,0
4.02927,-0.311413,0.733642,0
4.02935,-0.313032,0.728601,0
4.02944,-0.311822,0.717141,0
4.02953,-0.311323,0.707536,0
4.02962,-0.3079,0.691554,0
4.0297,-0.310093,0.68838,0
4.02979,-0.308532,0.677011,0
4.02988,-0.313576,0.680199,0
4.02997,-0.308089,0.660698,0
4.03005,-0.310542,0.658443,0
4.03014,-0.304371,0.638128,0
4.03023,-0.310628,0.643999,0
4.03031,-0.309928,0.635447,0
4.0304,-0.307833,0.624223,0
4.03049,-0.308323,0.6184,0
4.03058,-0.311918,0.618834,0
4.03066,-0.309621,0.607666,0
4.03075,-0.309981,0.601865,0
4.03084,-0.307063,0.589862,0
4.03093,-0.308237,0.585862,0
4.03101,-0.31126,0.585394,0
4.0311,-0.316178,0.588435,0
4.03119,-0.307767,0.566837,0
4.03127,-0.312162,0.568996,0
4.03136,-0.307854,0.555384,0
4.03145,-0.310763,0.554907,0
4.03154,-0.30678,0.542232,0
4.03162,-0.30815,0.539151,0
4.03171,-0.3085,0.534338,0
4.0318,-0.305287,0.523484,0
4.03189,-0.309091,0.524732,0
4.03197,-0.309332,0.519941,0
4.03206,-0.313143,0.521158,0
4.03215,-0.308151,0.507818,0
4.03223,-0.307752,0.502205,0
4.03232,-0.30573,0.494055,0
4.03241,-0.307353,0.491868,0
4.0325,-0.314299,0.498134,0
4.03258,-0.310022,0.486637,0
4.03267,-0.305651,0.475187,0
4.03276,-0.311534,0.47972,0
4.03284,-0.303754,0.463303,0
4.03293,-0.309085,0.466976,0
4.03302,-0.305008,0.456477,0
4.03311,-0.310911,0.460945,0
4.03319,-0.306729,0.450491,0
4.03328,-0.308125,0.448325,0
4.03337,-0.304948,0.439581,0
4.03346,-0.303995,0.434151,0
4.03354,-0.307618,0.43527,0
4.03363,-0.30603,0.429039,0
4.03372,-0.305563,0.424453,0
4.0338,-0.309175,0.425543,0
4.03389,-0.305707,0.416932,0
4.03398,-0.299196,0.40434,0
4.03407,-0.305744,0.409441,0
4.03415,-0.310537,0.412096,0
4.03424,-0.307489,0.404369,0
4.03433,-0.310468,0.40461,0
4.03442,-0.305496,0.394554,0
4.0345,-0.309678,0.396369,0
4.03459,-0.309547,0.392658,0
4.03468,-0.3069,0.385826,0
4.03476,-0.309206,0.385263,0
4.03485,-0.308367,0.380802,0
4.03494,-0.304331,0.372483,0
4.03503,-0.30977,0.375781,0
4.03511,-0.305012,0.366738,0
4.0352,-0.31368,0.37383,0
4.03529,-0.306263,0.361772,0
4.03538,-0.308488,0.361193,0
4.03546,-0.301575,0.349995,0
4.03555,-0.295227,0.339619,0
4.03564,-0.300002,0.342087,0
4.03572,-0.298179,0.33703,0
4.03581,-0.307637,0.344679,0
4.0359,-0.309807,0.344076,0
4.03599,-0.309961,0.341241,0
4.03607,-0.295233,0.32219,0
4.03616,-0.352976,0.381848,0
4.03625,-0.345773,0.370796,0
4.03634,-0.125388,0.133292,0
4.03642,-0.355879,0.375019,0
4.03651,-0.245487,0.256439,0
4.0366,-0.190336,0.197099,0
4.03668,-0.115833,0.118906,0
4.03677,-0.0483627,0.0492143,0
4.03686,-0.0542091,0.0546843,0
4.03695,-0.0848528,0.0848528,0
