7200
7194
6.26573
6.28144,-0.0572756,-0.0572756,0
6.28153,-0.0513931,-0.0518435,0
6.28161,-0.0343446,-0.0349493,0
6.2817,-0.0502409,-0.0515737,0
6.28179,-0.0430688,-0.0445991,0
6.28188,-0.0567041,-0.0592338,0
6.28196,-0.0536917,-0.0565792,0
6.28205,-0.0568702,-0.0604548,0
6.28214,-0.0504679,-0.0541202,0
6.28223,-0.0610921,-0.066089,0
6.28231,-0.0614787,-0.0670922,0
6.2824,-0.0584959,-0.064399,0
6.28249,-0.0682513,-0.0758008,0
6.28257,-0.0712493,-0.0798281,0
6.28266,-0.0649368,-0.0733977,0
6.28275,-0.0632972,-0.0721766,0
6.28284,-0.0616695,-0.0709427,0
6.28292,-0.0613594,-0.0712111,0
6.28301,-0.0655943,-0.076801,0
6.2831,-0.062674,-0.0740336,0
6.28319,-0.0578509,-0.068944,0
6.28327,-0.0677805,-0.0814972,0
6.28336,-0.06488,-0.0787057,0
6.28345,-0.0676995,-0.08286,0
6.28353,-0.0553802,-0.0683888,0
6.28362,-0.057585,-0.0717494,0
6.28371,-0.0529137,-0.0665217,0
6.2838,-0.0581948,-0.0738198,0
6.28388,-0.0646445,-0.0827411,0
6.28397,-0.0728539,-0.0940921,0
6.28406,-0.0657462,-0.0856822,0
6.28415,-0.0508447,-0.0668642,0
6.28423,-0.055367,-0.0734745,0
6.28432,-0.0592341,-0.0793241,0
6.28441,-0.0588875,-0.0795818,0
6.28449,-0.0614962,-0.0838702,0
6.28458,-0.0640686,-0.0881829,0
6.28467,-0.0788737,-0.109562,0
6.28476,-0.0917511,-0.12863,0
6.28484,-0.10908,-0.154345,0
6.28493,-0.151424,-0.216256,0
6.28502,-0.196649,-0.283468,0
6.2851,-0.212402,-0.309047,0
6.28519,-0.231876,-0.340555,0
6.28528,-0.242131,-0.358973,0
6.28537,-0.0916691,-0.137192,0
6.28545,-0.100453,-0.151767,0
6.28554,-0.100886,-0.153877,0
6.28563,-0.133981,-0.206313,0
6.28572,-0.140112,-0.217829,0
6.2858,-0.349245,-0.548204,0
6.28589,-0.34845,-0.55226,0
6.28598,-0.292515,-0.468123,0
6.28606,-0.28626,-0.462592,0
6.28615,-0.273267,-0.445931,0
6.28624,-0.265612,-0.437715,0
6.28633,-0.27091,-0.45087,0
6.28641,-0.272008,-0.457204,0
6.2865,-0.295387,-0.501468,0
6.28659,-0.303776,-0.520893,0
6.28668,-0.3015,-0.522213,0
6.28676,-0.3017,-0.527865,0
6.28685,-0.306287,-0.541361,0
6.28694,-0.304411,-0.543565,0
6.28702,-0.30446,-0.549261,0
6.28711,-0.310238,-0.565489,0
6.2872,-0.306336,-0.564201,0
6.28729,-0.307658,-0.572579,0
6.28737,-0.31126,-0.585394,0
6.28746,-0.307306,-0.584092,0
6.28755,-0.309372,-0.594297,0
6.28764,-0.30586,-0.593863,0
6.28772,-0.296456,-0.581827,0
6.28781,-0.292114,-0.579543,0
6.2879,-0.297168,-0.596026,0
6.28798,-0.294122,-0.59642,0
6.28807,-0.284503,-0.583317,0
6.28816,-0.282389,-0.585454,0
6.28825,-0.291887,-0.611953,0
6.28833,-0.292626,-0.620456,0
6.28842,-0.29372,-0.629884,0
6.28851,-0.286363,-0.62117,0
6.2886,-0.288212,-0.632423,0
6.28868,-0.278467,-0.618175,0
6.28877,-0.275361,-0.61847,0
6.28886,-0.271049,-0.616005,0
6.28894,-0.267959,-0.616264,0
6.28903,-0.260926,-0.607321,0
6.28912,-0.260618,-0.613977,0
6.28921,-0.259096,-0.617875,0
6.28929,-0.254102,-0.613456,0
6.28938,-0.250287,-0.611782,0
6.28947,-0.253609,-0.627703,0
6.28956,-0.243456,-0.610228,0
6.28964,-0.240791,-0.611284,0
6.28973,-0.237759,-0.611397,0
6.28982,-0.236164,-0.615229,0
6.2899,-0.231352,-0.610643,0
6.28999,-0.231487,-0.61914,0
6.29008,-0.223592,-0.606072,0
6.29017,-0.221287,-0.607981,0
6.29025,-0.217956,-0.607059,0
6.29034,-0.215973,-0.609889,0
6.29043,-0.211332,-0.605161,0
6.29052,-0.212596,-0.617424,0
6.2906,-0.204757,-0.603195,0
6.29069,-0.201488,-0.602185,0
6.29078,-0.199485,-0.604958,0
6.29086,-0.196226,-0.603921,0
6.29095,-0.192979,-0.602867,0
6.29104,-0.188843,-0.598934,0
6.29113,-0.187414,-0.603573,0
6.29121,-0.184487,-0.603428,0
6.2913,-0.181852,-0.604227,0
6.29139,-0.17893,-0.604056,0
6.29148,-0.174893,-0.600031,0
6.29156,-0.171722,-0.598866,0
6.29165,-0.169379,-0.600572,0
6.29174,-0.16649,-0.600342,0
6.29182,-0.161764,-0.593344,0
6.29191,-0.160727,-0.59984,0
6.292,-0.154543,-0.586997,0
6.29209,-0.153483,-0.593475,0
6.29217,-0.151877,-0.598015,0
6.29226,-0.145879,-0.585088,0
6.29235,-0.144988,-0.592519,0
6.29244,-0.141234,-0.588284,0
6.29252,-0.1405,-0.596681,0
6.29261,-0.134521,-0.582673,0
6.2927,-0.133743,-0.591057,0
6.29278,-0.131162,-0.591635,0
6.29287,-0.127307,-0.586339,0
6.29296,-0.125371,-0.589823,0
6.29305,-0.122796,-0.590364,0
6.29313,-0.119222,-0.585995,0
6.29322,-0.116469,-0.585529,0
6.29331,-0.112387,-0.578178,0
6.2934,-0.111728,-0.588488,0
6.29348,-0.10679,-0.576187,0
6.29357,-0.106232,-0.587472,0
6.29366,-0.102973,-0.583991,0
6.29374,-0.0983921,-0.572608,0
6.29383,-0.0963878,-0.575991,0
6.29392,-0.0943559,-0.579367,0
6.29401,-0.0912013,-0.575822,0
6.29409,-0.0892964,-0.580168,0
6.29418,-0.0863207,-0.577585,0
6.29427,-0.0846606,-0.583894,0
6.29436,-0.0807204,-0.574355,0
6.29444,-0.0784833,-0.576684,0
6.29453,-0.0760968,-0.578012,0
6.29462,-0.0724382,-0.569411,0
6.2947,-0.069953,-0.569722,0
6.29479,-0.0674665,-0.570021,0
6.29488,-0.0644126,-0.565342,0
6.29497,-0.0628162,-0.573571,0
6.29505,-0.0602084,-0.572845,0
6.29514,-0.0581091,-0.577082,0
6.29523,-0.0545362,-0.56638,0
6.29532,-0.0523389,-0.5696,0
6.2954,-0.049243,-0.56285,0
6.29549,-0.0527488,-0.634812,0
6.29558,-0.0648072,-0.823454,0
6.29566,-0.0479482,-0.645221,0
6.29575,-0.0752672,-1.07637,0
6.29584,-0.0701776,-1.0707,0
6.29593,-0.0644673,-1.05403,0
6.29601,-0.0598676,-1.0543,0
6.2961,-0.0544294,-1.03857,0
6.29619,-0.0500412,-1.0418,0
6.29628,-0.045495,-1.04201,0
6.29636,-0.0411443,-1.04719,0
6.29645,-0.036121,-1.03437,0
6.29654,-0.0314241,-1.02852,0
6.29662,-0.0265173,-1.01265,0
6.29671,-0.0222512,-1.01976,0
6.2968,-0.0177317,-1.01585,0
6.29689,-0.0133121,-1.01691,0
6.29697,-0.00894471,-1.02496,0
6.29706,-0.0044724,-1.02499,0
6.29715,-1.24801e-08,-1.036,0
6.29724,0.00450729,-1.03299,0
6.29732,0.0090494,-1.03696,0
6.29741,0.0134037,-1.02391,0
6.2975,0.0181679,-1.04084,0
6.29758,0.022273,-1.02076,0
6.29767,0.0269099,-1.02765,0
6.29776,0.0310882,-1.01753,0
6.29785,0.035772,-1.02438,0
6.29793,0.0401628,-1.02221,0
6.29802,0.044928,-1.02902,0
6.29811,0.0492735,-1.02582,0
6.29819,0.0535397,-1.0216,0
6.29828,0.0582235,-1.02535,0
6.29837,0.0623916,-1.02009,0
6.29846,0.0660571,-1.00784,0
6.29854,0.0713609,-1.02051,0
6.29863,0.0762576,-1.02617,0
6.29872,0.080499,-1.02284,0
6.29881,0.0857065,-1.03145,0
6.29889,0.0907291,-1.03704,0
6.29898,0.0948872,-1.03265,0
6.29907,0.0994879,-1.03322,0
6.29915,0.105598,-1.0487,0
6.29924,0.109964,-1.04624,0
6.29933,0.114419,-1.04475,0
6.29942,0.119429,-1.04822,0
6.2995,0.125765,-1.06258,0
6.29959,0.130644,-1.06401,0
6.29968,0.136295,-1.07137,0
6.29977,0.14149,-1.07473,0
6.29985,0.145909,-1.07212,0
6.29994,0.150307,-1.06949,0
6.30003,0.154398,-1.06486,0
6.30011,0.161851,-1.08297,0
6.3002,0.168401,-1.09412,0
6.30029,0.17943,-1.13288,0
6.30038,0.190801,-1.17156,0
6.30046,0.3636,-2.17279,0
6.30055,0.372061,-2.16527,0
6.30064,0.384283,-2.17938,0
6.30073,0.393077,-2.17375,0
6.30081,0.39946,-2.15529,0
6.3009,0.404757,-2.13192,0
6.30099,0.406614,-2.09185,0
6.30107,0.414567,-2.08417,0
6.30116,0.406312,-1.99709,0
6.30125,0.411764,-1.97963,0
6.30134,0.418942,-1.97097,0
6.30142,0.447695,-2.06196,0
6.30151,0.477899,-2.15566,0
6.3016,0.487962,-2.15648,0
6.30169,0.498267,-2.15823,0
6.30177,0.50722,-2.15409,0
6.30186,0.519416,-2.16352,0
6.30195,0.530753,-2.16901,0
6.30203,0.541421,-2.17152,0
6.30212,0.552368,-2.17495,0
6.30221,0.562353,-2.17446,0
6.3023,0.570818,-2.16812,0
6.30238,0.576908,-2.15305,0
6.30247,0.589979,-2.16402,0
6.30256,0.627208,-2.26164,0
6.30265,0.611555,-2.16841,0
6.30273,0.617152,-2.15227,0
6.30282,0.626257,-2.14859,0
6.30291,0.636478,-2.14872,0
6.30299,0.646424,-2.14783,0
6.30308,0.685904,-2.24349,0
6.30317,0.667219,-2.14879,0
6.30326,0.678392,-2.15159,0
6.30334,0.688688,-2.15146,0
6.30343,0.70085,-2.157,0
6.30352,0.712448,-2.16057,0
6.30361,0.722185,-2.15838,0
6.30369,0.729668,-2.14953,0
6.30378,0.766713,-2.2267,0
6.30387,0.743782,-2.12986,0
6.30395,0.716016,-2.02197,0
6.30404,0.690702,-1.92376,0
6.30413,0.686434,-1.88596,0
6.30422,0.69708,-1.88952,0
6.3043,0.703567,-1.88177,0
6.30439,0.714251,-1.88523,0
6.30448,0.72247,-1.8821,0
6.30457,0.731037,-1.87986,0
6.30465,0.740699,-1.88037,0
6.30474,0.747414,-1.87341,0
6.30483,0.748089,-1.85159,0
6.30491,0.75919,-1.85571,0
6.305,0.773403,-1.86716,0
6.30509,0.805519,-1.92094,0
6.30518,0.821317,-1.9349,0
6.30526,0.832909,-1.93865,0
6.30535,0.84136,-1.935,0
6.30544,0.84899,-1.92948,0
6.30553,0.861875,-1.9358,0
6.30561,0.875242,-1.94296,0
6.3057,0.885785,-1.94368,0
6.30579,0.895095,-1.94161,0
6.30587,0.906939,-1.94494,0
6.30596,0.917976,-1.94639,0
6.30605,0.926029,-1.94146,0
6.30614,0.934492,-1.9374,0
6.30622,0.94732,-1.94229,0
6.30631,0.957997,-1.94263,0
6.3064,0.968695,-1.9429,0
6.30649,0.981215,-1.94669,0
6.30657,0.986975,-1.93705,0
6.30666,0.999997,-1.94161,0
6.30675,1.01261,-1.94521,0
6.30683,1.0197,-1.93812,0
6.30692,1.03237,-1.9416,0
6.30701,1.04272,-1.9406,0
6.3071,1.05261,-1.93867,0
6.30718,1.06683,-1.94458,0
6.30727,1.07676,-1.94253,0
6.30736,1.08474,-1.93694,0
6.30745,1.09367,-1.93306,0
6.30753,1.10756,-1.93782,0
6.30762,1.1105,-1.92344,0
6.30771,1.10578,-1.89612,0
6.30779,1.10237,-1.87146,0
6.30788,1.09723,-1.84429,0
6.30797,1.09034,-1.81462,0
6.30806,1.09409,-1.80301,0
6.30814,1.11762,-1.8238,0
6.30823,1.24186,-2.00683,0
6.30832,1.44191,-2.30754,0
6.30841,1.47118,-2.33167,0
6.30849,1.48563,-2.33198,0
6.30858,1.50175,-2.33472,0
6.30867,1.51628,-2.33486,0
6.30875,1.52645,-2.32822,0
6.30884,1.54266,-2.33071,0
6.30893,1.55782,-2.33144,0
6.30902,1.57748,-2.33872,0
6.3091,1.59049,-2.33594,0
6.30919,1.60576,-2.3364,0
6.30928,1.61936,-2.3343,0
6.30937,1.63182,-2.33049,0
6.30945,1.65006,-2.33478,0
6.30954,1.66488,-2.33407,0
6.30963,1.6768,-2.32922,0
6.30971,1.69106,-2.32754,0
6.3098,1.71598,-2.3403,0
6.30989,1.72737,-2.3344,0
6.30998,1.7483,-2.34126,0
6.31006,1.76633,-2.344,0
6.31015,1.77654,-2.33627,0
6.31024,1.79524,-2.3396,0
6.31032,1.81278,-2.34123,0
6.31041,1.82544,-2.33645,0
6.3105,1.84057,-2.33475,0
6.31059,1.86256,-2.34156,0
6.31067,1.87401,-2.33497,0
6.31076,1.89614,-2.34154,0
6.31085,1.91457,-2.34331,0
6.31094,1.92986,-2.34111,0
6.31102,1.95413,-2.34958,0
6.31111,1.96886,-2.34639,0
6.3112,1.97908,-2.33778,0
6.31128,1.99316,-2.33369,0
6.31137,2.00136,-2.32269,0
6.31146,2.00754,-2.30941,0
6.31155,2.00177,-2.28259,0
6.31163,2.00641,-2.26784,0
6.31172,2.0043,-2.24563,0
6.31181,2.00472,-2.22646,0
6.3119,2.00096,-2.20289,0
6.31198,2.00177,-2.18455,0
6.31207,1.99975,-2.16331,0
6.31216,1.99621,-2.14067,0
6.31224,1.99799,-2.12393,0
6.31233,2.00105,-2.10866,0
6.31242,2.00331,-2.09269,0
6.31251,2.00548,-2.07673,0
6.31259,1.99708,-2.05006,0
6.31268,1.98988,-2.02492,0
6.31277,1.98884,-2.00627,0
6.31286,1.99828,-1.99828,0
6.31294,1.9942,-1.97687,0
6.31303,1.99639,-1.96185,0
6.31312,1.99418,-1.94265,0
6.3132,1.99473,-1.92629,0
6.31329,1.98939,-1.90443,0
6.31338,1.9926,-1.89091,0
6.31347,1.99428,-1.87603,0
6.31355,1.99513,-1.86049,0
6.31364,1.99369,-1.84294,0
6.31373,1.99655,-1.8295,0
6.31382,1.99563,-1.8127,0
6.3139,1.99088,-1.7926,0
6.31399,2.00018,-1.78523,0
6.31408,1.99447,-1.76456,0
6.31416,1.99238,-1.74727,0
6.31425,1.99168,-1.73134,0
6.31434,1.98634,-1.71154,0
6.31443,1.98998,-1.69961,0
6.31451,1.99738,-1.69091,0
6.3146,1.99555,-1.67446,0
6.31469,2.0013,-1.66446,0
6.31478,2.01471,-1.6608,0
6.31486,2.04827,-1.67351,0
6.31495,2.05244,-1.66204,0
6.31504,2.06591,-1.65807,0
6.31512,2.07704,-1.65215,0
6.31521,2.07952,-1.63936,0
6.3153,2.08508,-1.62904,0
6.31539,2.07556,-1.60707,0
6.31547,2.07859,-1.59495,0
6.31556,2.06881,-1.57316,0
6.31565,2.0469,-1.54245,0
6.31574,2.05361,-1.53351,0
6.31582,2.04742,-1.51501,0
6.31591,2.02418,-1.48419,0
6.316,2.00232,-1.45477,0
6.31608,2.01838,-1.45303,0
6.31617,2.03366,-1.4506,0
6.31626,2.04242,-1.44344,0
6.31635,2.04051,-1.42878,0
6.31643,2.05001,-1.42214,0
6.31652,2.04795,-1.40752,0
6.31661,2.04333,-1.39125,0
6.3167,2.03529,-1.37282,0
6.31678,2.04043,-1.36337,0
6.31687,2.05386,-1.35942,0
6.31696,2.08068,-1.36415,0
6.31704,2.08158,-1.35179,0
6.31713,2.07568,-1.33512,0
6.31722,2.09077,-1.33197,0
6.31731,2.0788,-1.31162,0
6.31739,2.07857,-1.29883,0
6.31748,2.06466,-1.27765,0
6.31757,2.04889,-1.25556,0
6.31766,2.05435,-1.24661,0
6.31774,2.05206,-1.233,0
6.31783,2.05656,-1.22352,0
6.31792,2.07308,-1.22114,0
6.318,2.08875,-1.21813,0
6.31809,2.08019,-1.201,0
6.31818,2.07586,-1.18645,0
6.31827,2.06884,-1.17049,0
6.31835,2.07305,-1.16096,0
6.31844,2.05885,-1.14124,0
6.31853,2.05242,-1.12599,0
6.31862,2.04413,-1.10987,0
6.3187,2.03662,-1.09432,0
6.31879,2.03608,-1.0826,0
6.31888,2.016,-1.06067,0
6.31896,2.01085,-1.04678,0
6.31905,1.99673,-1.02838,0
6.31914,1.99318,-1.01558,0
6.31923,1.99313,-1.00462,0
6.31931,2.00913,-1.00171,0
6.3194,1.98926,-0.980996,0
6.31949,1.98723,-0.969239,0
6.31958,1.98694,-0.958386,0
6.31966,1.98388,-0.946263,0
6.31975,1.98257,-0.935039,0
6.31984,1.98935,-0.927647,0
6.31992,1.98611,-0.915609,0
6.32001,1.98281,-0.903617,0
6.3201,1.98126,-0.892492,0
6.32019,1.9897,-0.885872,0
6.32027,1.9789,-0.870738,0
6.32036,1.97626,-0.859304,0
6.32045,1.97816,-0.849884,0
6.32054,1.98645,-0.843198,0
6.32062,1.98734,-0.833362,0
6.32071,1.98449,-0.822004,0
6.3208,1.98621,-0.81258,0
6.32088,1.98139,-0.800534,0
6.32097,1.98394,-0.791511,0
6.32106,1.97807,-0.779182,0
6.32115,1.97958,-0.769818,0
6.32123,1.97919,-0.75974,0
6.32132,1.98436,-0.751806,0
6.32141,1.97919,-0.739988,0
6.3215,1.98052,-0.730653,0
6.32158,1.97805,-0.719952,0
6.32167,1.98494,-0.712666,0
6.32176,1.98332,-0.70233,0
6.32184,1.98542,-0.693339,0
6.32193,1.96952,-0.678158,0
6.32202,1.9734,-0.66988,0
6.32211,1.97156,-0.659676,0
6.32219,1.98392,-0.654199,0
6.32228,1.98581,-0.645228,0
6.32237,1.98098,-0.634118,0
6.32246,1.98278,-0.625167,0
6.32254,1.97689,-0.613841,0
6.32263,1.98433,-0.606671,0
6.32272,1.98217,-0.596566,0
6.3228,1.98284,-0.587344,0
6.32289,1.97578,-0.575888,0
6.32298,1.98501,-0.569191,0
6.32307,1.98073,-0.558625,0
6.32315,1.98508,-0.550511,0
6.32324,1.98071,-0.540003,0
6.32333,1.97628,-0.529544,0
6.32341,1.97084,-0.518879,0
6.3235,1.97115,-0.509774,0
6.32359,1.98208,-0.503384,0
6.32368,1.98328,-0.494488,0
6.32376,1.98931,-0.486781,0
6.32385,1.97488,-0.474128,0
6.32394,1.98277,-0.466881,0
6.32403,1.97407,-0.455751,0
6.32411,1.98482,-0.449119,0
6.3242,1.98383,-0.439805,0
6.32429,1.97889,-0.42966,0
6.32437,1.97977,-0.420813,0
6.32446,1.9855,-0.412986,0
6.32455,1.99121,-0.405116,0
6.32464,1.98021,-0.393887,0
6.32472,1.98387,-0.385625,0
6.32481,1.97865,-0.375659,0
6.3249,1.99896,-0.370485,0
6.32499,1.98481,-0.358912,0
6.32507,1.97651,-0.348512,0
6.32516,1.97703,-0.339715,0
6.32525,1.97849,-0.331086,0
6.32533,1.94241,-0.316341,0
6.32542,1.76006,-0.278766,0
6.32551,1.70987,-0.263173,0
6.3256,1.6932,-0.25305,0
6.32568,1.68835,-0.244798,0
6.32577,1.69138,-0.237708,0
6.32586,1.69537,-0.23073,0
6.32595,1.69636,-0.22333,0
6.32603,1.69732,-0.215926,0
6.32612,1.68931,-0.207422,0
6.32621,1.6902,-0.200049,0
6.32629,1.69305,-0.192898,0
6.32638,1.69984,-0.186162,0
6.32647,1.70163,-0.178848,0
6.32656,1.69841,-0.171021,0
6.32664,1.69616,-0.163321,0
6.32673,1.68889,-0.155187,0
6.32682,1.70549,-0.149211,0
6.32691,1.69416,-0.140774,0
6.32699,1.70273,-0.134008,0
6.32708,1.69732,-0.126133,0
6.32717,1.69386,-0.118447,0
6.32725,1.68938,-0.110728,0
6.32734,1.69483,-0.10366,0
6.32743,1.69427,-0.0962077,0
6.32752,1.70466,-0.0893375,0
6.3276,1.69405,-0.0813709,0
6.32769,1.69638,-0.0740658,0
6.32778,1.6867,-0.0662706,0
6.32787,1.70096,-0.059399,0
6.32795,1.74619,-0.0533508,0
6.32804,1.88535,-0.0493698,0
6.32813,1.95054,-0.0425609,0
6.32821,1.93271,-0.0337355,0
6.3283,1.94183,-0.02542,0
6.32839,1.92993,-0.0168423,0
6.32848,1.92098,-0.00838196,0
6.32856,1.911,-4.62737e-08,0
6.32865,1.91798,0.00836878,0
6.32874,1.92393,0.0167898,0
6.32883,1.91684,0.0250927,0
6.32891,1.9397,0.0338576,0
6.329,1.94354,0.0424081,0
6.32909,1.94933,0.051045,0
6.32917,1.95609,0.0597638,0
6.32926,1.9618,0.0685077,0
6.32935,1.9435,0.0763603,0
6.32944,1.76832,0.0772063,0
6.32952,1.70204,0.0817547,0
6.32961,1.68569,0.0883431,0
6.3297,1.68329,0.095584,0
6.32979,1.68186,0.102867,0
6.32987,1.68339,0.110335,0
6.32996,1.68489,0.117819,0
6.33005,1.68834,0.125466,0
6.33013,1.68579,0.132674,0
6.33022,1.69217,0.140608,0
6.33031,1.69253,0.148078,0
6.3304,1.69486,0.155736,0
6.33048,1.69118,0.162842,0
6.33057,1.68846,0.170019,0
6.33066,1.69964,0.178639,0
6.33075,1.69884,0.186053,0
6.33083,1.70298,0.19403,0
6.33092,1.69517,0.200636,0
6.33101,1.69825,0.208518,0
6.33109,1.69732,0.215926,0
6.33118,1.70529,0.224505,0
6.33127,1.69339,0.23046,0
6.33136,1.69435,0.238125,0
6.33144,1.69923,0.246377,0
6.33153,1.69814,0.253789,0
6.33162,1.69801,0.261348,0
6.33171,1.6929,0.268129,0
6.33179,1.69369,0.275834,0
6.33188,1.70627,0.285532,0
6.33197,1.70403,0.292805,0
6.33205,1.7047,0.300585,0
6.33214,1.69255,0.306063,0
6.33223,1.68825,0.312898,0
6.33232,1.6908,0.321008,0
6.3324,1.70116,0.330672,0
6.33249,1.70264,0.338677,0
6.33258,1.69723,0.345305,0
6.33267,1.7055,0.354744,0
6.33275,1.70296,0.361974,0
6.33284,1.70234,0.369613,0
6.33293,1.70657,0.378336,0
6.33301,1.72441,0.390193,0
6.3331,1.76751,0.408061,0
6.33319,1.84845,0.435252,0
6.33328,1.95641,0.469692,0
6.33336,1.99028,0.487018,0
6.33345,1.98717,0.495456,0
6.33354,1.98692,0.504614,0
6.33363,1.98664,0.51378,0
6.33371,1.98921,0.523716,0
6.3338,1.97822,0.530061,0
6.33389,1.97974,0.53974,0
6.33397,1.98122,0.549442,0
6.33406,1.97977,0.558353,0
6.33415,1.98501,0.569191,0
6.33424,1.9921,0.580645,0
6.33432,1.99147,0.5899,0
6.33441,1.98888,0.598584,0
6.3345,1.98911,0.608133,0
6.33459,1.99217,0.618586,0
6.33467,1.98469,0.625769,0
6.33476,1.98003,0.633813,0
6.33485,1.9839,0.644609,0
6.33493,1.98297,0.653886,0
6.33502,1.982,0.663167,0
6.33511,1.9753,0.670523,0
6.3352,1.97519,0.680112,0
6.33528,1.97126,0.688394,0
6.33537,1.97389,0.698992,0
6.33546,1.98306,0.711991,0
6.33554,1.98275,0.721662,0
6.33563,1.98052,0.730653,0
6.33572,1.982,0.741039,0
6.33581,1.98155,0.750743,0
6.33589,1.98199,0.760815,0
6.33598,1.97772,0.769093,0
6.33607,1.979,0.779548,0
6.33616,1.98115,0.790399,0
6.33624,1.98881,0.803531,0
6.33633,1.98158,0.810687,0
6.33642,1.97618,0.81856,0
6.3365,1.97904,0.829882,0
6.33659,1.98553,0.842807,0
6.33668,1.98367,0.852252,0
6.33677,1.97351,0.858108,0
6.33685,1.97341,0.868322,0
6.33694,1.97417,0.878958,0
6.33703,1.98217,0.892903,0
6.33712,1.9819,0.903202,0
6.3372,1.98338,0.914353,0
6.33729,1.98119,0.923844,0
6.33738,1.98076,0.934186,0
6.33746,1.98027,0.944541,0
6.33755,1.98514,0.957517,0
6.33764,1.98633,0.9688,0
6.33773,1.98657,0.979669,0
6.33781,1.98854,0.991451,0
6.3379,1.9842,1.00012,0
6.33799,1.98694,1.0124,0
6.33808,1.99407,1.02701,0
6.33816,1.98158,1.03155,0
6.33825,1.98414,1.04391,0
6.33834,1.98487,1.05537,0
6.33842,1.98817,1.06828,0
6.33851,1.98613,1.07838,0
6.3386,1.98491,1.08896,0
6.33869,1.98889,1.10246,0
6.33877,1.99278,1.11601,0
6.33886,1.98702,1.1242,0
6.33895,1.9821,1.13286,0
6.33904,1.98233,1.1445,0
6.33912,1.98769,1.15918,0
6.33921,1.98692,1.17038,0
6.3393,1.97921,1.17751,0
6.33938,1.98349,1.1918,0
6.33947,1.98425,1.20407,0
6.33956,1.9858,1.2169,0
6.33965,1.98047,1.22555,0
6.33973,1.97765,1.23577,0
6.33982,1.98831,1.25453,0
6.33991,1.98787,1.26642,0
6.34,1.98738,1.27832,0
6.34008,1.98429,1.28862,0
6.34017,1.99036,1.30494,0
6.34026,1.98548,1.31416,0
6.34034,1.98804,1.32837,0
6.34043,1.9814,1.33647,0
6.34052,1.99291,1.35692,0
6.34061,1.98697,1.36561,0
6.34069,1.98592,1.37768,0
6.34078,1.98562,1.39035,0
6.34087,1.99587,1.41054,0
6.34096,1.98319,1.41459,0
6.34104,1.98836,1.43141,0
6.34113,1.98533,1.44242,0
6.34122,1.98466,1.45521,0
6.3413,1.98874,1.47159,0
6.34139,1.98711,1.48384,0
6.34148,1.9886,1.49852,0
6.34157,1.98841,1.51202,0
6.34165,1.99052,1.52738,0
6.34174,1.98937,1.54034,0
6.34183,1.9913,1.55578,0
6.34192,1.98999,1.56878,0
6.342,1.99722,1.58866,0
6.34209,1.99884,1.60424,0
6.34218,1.99183,1.61295,0
6.34226,1.98709,1.62352,0
6.34235,1.98616,1.63727,0
6.34244,1.99668,1.66062,0
6.34253,1.99018,1.66996,0
6.34261,1.9844,1.67992,0
6.3427,1.98694,1.69701,0
6.34279,1.99846,1.72198,0
6.34288,1.99243,1.732,0
6.34296,1.99388,1.74858,0
6.34305,1.99372,1.76389,0
6.34314,1.98899,1.77524,0
6.34322,1.98494,1.78725,0
6.34331,1.99415,1.81136,0
6.3434,1.9936,1.8268,0
6.34349,1.99001,1.83955,0
6.34357,1.99074,1.8564,0
6.34366,1.987,1.86918,0
6.34375,1.99188,1.89022,0
6.34384,1.99084,1.90581,0
6.34392,1.99257,1.9242,0
6.34401,1.99777,1.94614,0
6.3441,1.99211,1.95764,0
6.34418,1.98994,1.97265,0
6.34427,1.99333,1.99333,0
6.34436,1.9811,1.99846,0
6.34445,1.98918,2.0242,0
6.34453,1.99149,2.04433,0
6.34462,1.99159,2.06235,0
6.34471,1.99225,2.08113,0
6.3448,1.99279,2.09996,0
6.34488,1.99251,2.1181,0
6.34497,1.99621,2.14067,0
6.34506,1.99771,2.16111,0
6.34514,1.99772,2.18013,0
6.34523,1.9929,2.19401,0
6.34532,1.99869,2.21977,0
6.34541,1.99831,2.23892,0
6.34549,1.99846,2.25885,0
6.34558,1.99584,2.27582,0
6.34567,2.00098,2.30186,0
6.34576,2.00071,2.32194,0
6.34584,1.99056,2.33064,0
6.34593,1.99394,2.35534,0
6.34602,1.97914,2.35865,0
6.3461,1.9618,2.35881,0
6.34619,1.94704,2.36194,0
6.34628,1.92406,2.35493,0
6.34637,1.90747,2.35553,0
6.34645,1.89655,2.36305,0
6.34654,1.87626,2.35878,0
6.34663,1.85852,2.35752,0
6.34672,1.84021,2.35536,0
6.3468,1.8238,2.35546,0
6.34689,1.8068,2.35467,0
6.34698,1.79167,2.35617,0
6.34706,1.77295,2.35278,0
6.34715,1.76087,2.35809,0
6.34724,1.7458,2.35932,0
6.34733,1.72781,2.35643,0
6.34741,1.71339,2.35828,0
6.3475,1.69374,2.35275,0
6.34759,1.67997,2.35524,0
6.34768,1.66853,2.36091,0
6.34776,1.65018,2.3567,0
6.34785,1.63931,2.36306,0
6.34794,1.62049,2.35783,0
6.34802,1.61131,2.36653,0
6.34811,1.59202,2.36027,0
6.3482,1.57337,2.35472,0
6.34829,1.56364,2.3624,0
6.34837,1.54838,2.36167,0
6.34846,1.5288,2.35415,0
6.34855,1.51527,2.35575,0
6.34863,1.50444,2.3615,0
6.34872,1.48985,2.36127,0
6.34881,1.47053,2.35333,0
6.3489,1.45393,2.34952,0
6.34898,1.44366,2.35584,0
6.34907,1.42663,2.35101,0
6.34916,1.41326,2.35207,0
6.34925,1.40145,2.35563,0
6.34933,1.38863,2.35742,0
6.34942,1.37329,2.35482,0
6.34951,1.3615,2.35819,0
6.34959,1.35169,2.36497,0
6.34968,1.33595,2.36127,0
6.34977,1.31977,2.35661,0
6.34986,1.31044,2.3641,0
6.34994,1.29386,2.3584,0
6.35003,1.28117,2.35962,0
6.35012,1.26329,2.3511,0
6.35021,1.25349,2.35747,0
6.35029,1.24366,2.3638,0
6.35038,1.23333,2.36921,0
6.35047,1.21428,2.35767,0
6.35055,1.20171,2.35849,0
6.35064,1.18196,2.34496,0
6.35073,1.18064,2.368,0
6.35082,1.17295,2.37851,0
6.3509,1.15423,2.36652,0
6.35099,1.13912,2.36163,0
6.35108,1.12493,2.35846,0
6.35117,1.11462,2.36334,0
6.35125,1.09881,2.3564,0
6.35134,1.0881,2.36026,0
6.35143,1.07198,2.35225,0
6.35151,1.06171,2.3569,0
6.3516,1.05263,2.36426,0
6.35169,1.03667,2.35601,0
6.35178,1.02558,2.35868,0
6.35186,1.01291,2.35762,0
6.35195,1.00183,2.36017,0
6.35204,0.986886,2.35346,0
6.35213,0.978522,2.36236,0
6.35221,0.965933,2.36105,0
6.3523,0.951126,2.35412,0
6.35239,0.941216,2.35918,0
6.35247,0.927981,2.35582,0
6.35256,0.917693,2.35984,0
6.35265,0.904521,2.35636,0
6.35274,0.895648,2.36402,0
6.35282,0.884624,2.36603,0
6.35291,0.870485,2.35955,0
6.353,0.859497,2.36145,0
6.35309,0.847833,2.36141,0
6.35317,0.838523,2.36792,0
6.35326,0.828183,2.37155,0
6.35335,0.812944,2.36096,0
6.35343,0.80392,2.36827,0
6.35352,0.791675,2.36607,0
6.35361,0.781031,2.36855,0
6.3537,0.769143,2.36718,0
6.35378,0.758198,2.36861,0
6.35387,0.747555,2.37094,0
6.35396,0.733347,2.36176,0
6.35405,0.719819,2.35442,0
6.35413,0.711268,2.36329,0
6.35422,0.703222,2.37404,0
6.35431,0.689779,2.36652,0
6.35439,0.676965,2.36086,0
6.35448,0.668286,2.36956,0
6.35457,0.657941,2.37246,0
6.35466,0.645742,2.36855,0
6.35474,0.634883,2.36942,0
6.35483,0.62352,2.3683,0
6.35492,0.610927,2.36228,0
6.35501,0.601599,2.3688,0
6.35509,0.591741,2.37334,0
6.35518,0.579716,2.3691,0
6.35527,0.568206,2.36675,0
6.35535,0.558791,2.3731,0
6.35544,0.548206,2.37454,0
6.35553,0.53475,2.36325,0
6.35562,0.523135,2.35971,0
6.3557,0.513894,2.36685,0
6.35579,0.503978,2.37103,0
6.35588,0.493424,2.37223,0
6.35597,0.482271,2.37044,0
6.35605,0.470948,2.36762,0
6.35614,0.461376,2.37357,0
6.35623,0.450269,2.37164,0
6.35631,0.439552,2.37161,0
6.3564,0.429022,2.37252,0
6.35649,0.418839,2.37536,0
6.35658,0.40881,2.37913,0
6.35666,0.397435,2.37498,0
6.35675,0.386907,2.3757,0
6.35684,0.37513,2.36848,0
6.35693,0.365553,2.37503,0
6.35701,0.354595,2.37265,0
6.3571,0.343665,2.37021,0
6.35719,0.332345,2.36476,0
6.35727,0.323238,2.37511,0
6.35736,0.312349,2.37253,0
6.35745,0.301616,2.37089,0
6.35754,0.291024,2.3702,0
6.35762,0.280797,2.37244,0
6.35771,0.270216,2.37166,0
6.3578,0.259756,2.37182,0
6.35789,0.249405,2.37293,0
6.35797,0.239149,2.37499,0
6.35806,0.228976,2.378,0
6.35815,0.217957,2.37201,0
6.35823,0.207256,2.36895,0
6.35832,0.197084,2.37183,0
6.35841,0.186811,2.37366,0
6.3585,0.176823,2.37944,0
6.35858,0.16602,2.3742,0
6.35867,0.15494,2.36393,0
6.35876,0.145174,2.37356,0
6.35885,0.134589,2.37018,0
6.35893,0.124612,2.37774,0
6.35902,0.113852,2.37027,0
6.35911,0.103814,2.37773,0
6.35919,0.0932814,2.37417,0
6.35928,0.0827468,2.36956,0
6.35937,0.0726512,2.37789,0
6.35946,0.0621703,2.37419,0
6.35954,0.0517232,2.37044,0
6.35963,0.041275,2.36464,0
6.35972,0.0310224,2.3698,0
6.35981,0.0207431,2.37691,0
6.35989,0.010328,2.36698,0
6.35998,8.63717e-08,2.374,0
6.36007,-0.010354,2.37298,0
6.36015,-0.0207691,2.37991,0
6.36024,-0.0308652,2.3578,0
6.36033,-0.0412923,2.36564,0
6.36042,-0.0517448,2.37144,0
6.3605,-0.0622225,2.37619,0
6.36059,-0.0725289,2.37389,0
6.36068,-0.0830607,2.37855,0
6.36076,-0.0930457,2.36817,0
6.36085,-0.103683,2.37474,0
6.36094,-0.114332,2.38026,0
6.36103,-0.124507,2.37574,0
6.36111,-0.134815,2.37418,0
6.3612,-0.144868,2.36857,0
6.36129,-0.155856,2.3779,0
6.36138,-0.166509,2.38119,0
6.36146,-0.176452,2.37445,0
6.36155,-0.187596,2.38363,0
6.36164,-0.197249,2.37382,0
6.36172,-0.207866,2.37592,0
6.36181,-0.217682,2.36902,0
6.3619,-0.227825,2.36606,0
6.36199,-0.240551,2.38892,0
6.36207,-0.249718,2.37591,0
6.36216,-0.261172,2.38474,0
6.36225,-0.271008,2.37861,0
6.36234,-0.280914,2.37343,0
6.36242,-0.292608,2.3831,0
6.36251,-0.303004,2.3818,0
6.3626,-0.313263,2.37947,0
6.36268,-0.323777,2.37907,0
6.36277,-0.335685,2.38853,0
6.36286,-0.344382,2.37516,0
6.36295,-0.35696,2.38847,0
6.36303,-0.366617,2.38195,0
6.36312,-0.378728,2.39119,0
6.36321,-0.387229,2.37767,0
6.3633,-0.39793,2.37793,0
6.36338,-0.408979,2.38012,0
6.36347,-0.420055,2.38225,0
6.36356,-0.431335,2.38531,0
6.36364,-0.44101,2.37948,0
6.36373,-0.452507,2.38342,0
6.36382,-0.463475,2.38437,0
6.36391,-0.47485,2.38723,0
6.36399,-0.48586,2.38808,0
6.36408,-0.494849,2.37908,0
6.36417,-0.506681,2.38375,0
6.36426,-0.517501,2.38347,0
6.36434,-0.529195,2.38704,0
6.36443,-0.538943,2.38179,0
6.36452,-0.550455,2.38428,0
6.3646,-0.56177,2.38575,0
6.36469,-0.56984,2.37355,0
6.36478,-0.574724,2.34871,0
6.36487,-0.565855,2.26952,0
6.36495,-0.544491,2.14394,0
6.36504,-0.545828,2.11056,0
6.36513,-0.558851,2.12267,0
6.36522,-0.566555,2.11441,0
6.3653,-0.573934,2.10517,0
6.36539,-0.578838,2.08722,0
6.36548,-0.560524,1.98747,0
6.36556,-0.549896,1.91772,0
6.36565,-0.514046,1.76361,0
6.36574,-0.502707,1.69711,0
6.36583,-0.502326,1.66905,0
6.36591,-0.508142,1.66206,0
6.366,-0.509755,1.64168,0
6.36609,-0.514508,1.63181,0
6.36618,-0.521318,1.6286,0
6.36626,-0.524711,1.61489,0
6.36635,-0.526741,1.59739,0
6.36644,-0.529264,1.5818,0
6.36652,-0.537447,1.58327,0
6.36661,-0.537513,1.56105,0
6.3667,-0.54333,1.55586,0
6.36679,-0.549446,1.55159,0
6.36687,-0.556549,1.55012,0
6.36696,-0.560229,1.53922,0
6.36705,-0.56694,1.53676,0
6.36714,-0.566285,1.5146,0
6.36722,-0.5697,1.5037,0
6.36731,-0.574822,1.49746,0
6.3674,-0.583525,1.50053,0
6.36748,-0.585302,1.48588,0
6.36757,-0.589186,1.47681,0
6.36766,-0.59525,1.4733,0
6.36775,-0.598643,1.46328,0
6.36783,-0.607701,1.46712,0
6.36792,-0.610617,1.45616,0
6.36801,-0.619309,1.459,0
6.3681,-0.625274,1.45537,0
6.36818,-0.635207,1.46088,0
6.36827,-0.644395,1.4645,0
6.36836,-0.650779,1.46167,0
6.36844,-0.65715,1.45882,0
6.36853,-0.66185,1.4523,0
6.36862,-0.6686,1.4503,0
6.36871,-0.675767,1.44919,0
6.36879,-0.686349,1.45527,0
6.36888,-0.689679,1.44594,0
6.36897,-0.688596,1.42761,0
6.36906,-0.686928,1.40841,0
6.36914,-0.692624,1.4045,0
6.36923,-0.692053,1.38804,0
6.36932,-0.693152,1.37519,0
6.3694,-0.691427,1.357,0
6.36949,-0.696426,1.3522,0
6.36958,-0.693546,1.33229,0
6.36967,-0.697025,1.32483,0
6.36975,-0.686837,1.29175,0
6.36984,-0.689627,1.28346,0
6.36993,-0.691403,1.27341,0
6.37002,-0.694067,1.26512,0
6.3701,-0.690369,1.24546,0
6.37019,-0.687979,1.22847,0
6.37028,-0.686931,1.21415,0
6.37036,-0.691726,1.21027,0
6.37045,-0.6885,1.19252,0
6.37054,-0.688659,1.18086,0
6.37063,-0.685684,1.16406,0
6.37071,-0.688712,1.15762,0
6.3708,-0.691696,1.15118,0
6.37089,-0.688931,1.13532,0
6.37098,-0.690743,1.12719,0
6.37106,-0.688288,1.11226,0
6.37115,-0.688895,1.10246,0
6.37124,-0.689964,1.09353,0
6.37132,-0.689355,1.08207,0
6.37141,-0.689742,1.07232,0
6.3715,-0.692236,1.06595,0
6.37159,-0.692494,1.05623,0
6.37167,-0.694889,1.04986,0
6.37176,-0.697241,1.04349,0
6.37185,-0.696754,1.03298,0
6.37194,-0.702943,1.03241,0
6.37202,-0.708008,1.03016,0
6.37211,-0.109439,0.157756,0
6.3722,-0.161749,0.231001,0
6.37228,-0.159292,0.225393,0
6.37237,-0.153886,0.215741,0
6.37246,-0.103996,0.14446,0
6.37255,-0.0775876,0.10679,0
6.37263,-0.0715485,0.0975798,0
6.37272,-0.0600771,0.0811896,0
6.37281,-0.0670124,0.0897404,0
6.3729,-0.0619869,0.0822595,0
6.37298,-0.0611347,0.0803962,0
6.37307,-0.0645287,0.0840955,0
6.37316,-0.0599973,0.0774876,0
6.37324,-0.0701854,0.0898332,0
6.37333,-0.0557185,0.0706785,0
6.37342,-0.0678541,0.0853043,0
6.37351,-0.0675997,0.0842275,0
6.37359,-0.0679666,0.0839318,0
6.37368,-0.0582089,0.0712441,0
6.37377,-0.0693325,0.0841071,0
6.37385,-0.0665017,0.0799596,0
6.37394,-0.0572081,0.068178,0
6.37403,-0.062674,0.0740336,0
6.37412,-0.0649448,0.0760406,0
6.3742,-0.0724563,0.0840897,0
6.37429,-0.0728225,0.0837728,0
6.37438,-0.072528,0.0827024,0
6.37447,-0.0682499,0.0771424,0
6.37455,-0.0632588,0.0708755,0
6.37464,-0.06156,0.0683693,0
6.37473,-0.0450486,0.0495946,0
6.37481,-0.0506693,0.0552958,0
6.3749,-0.0780621,0.0844471,0
6.37499,-0.0572879,0.0614337,0
6.37508,-0.056185,0.0597264,0
6.37516,-0.0523149,0.0551285,0
6.37525,-0.028352,0.0296169,0
6.37534,-0.056962,0.0589859,0
6.37543,-0.0286094,0.0293684,0
6.37551,-0.0553718,0.0563468,0
6.3756,-0.0542091,0.0546843,0
6.37569,-0.0523259,0.0523259,0
