7200
6028
5.25344
5.26915,-0.0360624,-0.0360624,0
5.26924,-0.0394248,-0.0397704,0
5.26932,-0.0827073,-0.0841636,0
5.26941,-0.0893172,-0.0916867,0
5.2695,-0.112535,-0.116533,0
5.26959,-0.132771,-0.138694,0
5.26967,-0.153503,-0.161758,0
5.26976,-0.16787,-0.178451,0
5.26985,-0.148676,-0.159435,0
5.26993,-0.155445,-0.16816,0
5.27002,-0.153359,-0.167362,0
5.27011,-0.164058,-0.180613,0
5.2702,-0.184011,-0.204365,0
5.27028,-0.326948,-0.366314,0
5.27037,-0.285589,-0.3228,0
5.27046,-0.29209,-0.333065,0
5.27055,-0.278825,-0.320752,0
5.27063,-0.253924,-0.294693,0
5.27072,-0.392267,-0.459285,0
5.27081,-0.221621,-0.261789,0
5.27089,-0.480162,-0.572235,0
5.27098,-0.505796,-0.608154,0
5.27107,-0.506954,-0.614985,0
5.27116,-0.496674,-0.607898,0
5.27124,-0.484577,-0.598402,0
5.27133,-0.503868,-0.627807,0
5.27142,-0.507972,-0.638608,0
5.27151,-0.521277,-0.661237,0
5.27159,-0.535626,-0.685569,0
5.27168,-0.528343,-0.682365,0
5.27177,-0.527796,-0.687837,0
5.27185,-0.52479,-0.690134,0
5.27194,-0.528995,-0.702001,0
5.27203,-0.531911,-0.712315,0
5.27212,-0.528203,-0.713825,0
5.2722,-0.527448,-0.719349,0
5.27229,-0.523129,-0.720025,0
5.27238,-0.524072,-0.727982,0
5.27246,-0.509277,-0.713979,0
5.27255,-0.502693,-0.711295,0
5.27264,-0.488114,-0.697098,0
5.27273,-0.469677,-0.677037,0
5.27281,-0.459355,-0.668366,0
5.2729,-0.455309,-0.668711,0
5.27299,-0.450709,-0.668204,0
5.27308,-0.459457,-0.687625,0
5.27316,-0.45866,-0.692959,0
5.27325,-0.45289,-0.690772,0
5.27334,-0.460765,-0.709515,0
5.27342,-0.460369,-0.715724,0
5.27351,-0.458317,-0.719413,0
5.2736,-0.463177,-0.734092,0
5.27369,-0.450431,-0.720841,0
5.27377,-0.430443,-0.695588,0
5.27386,-0.416431,-0.679554,0
5.27395,-0.411387,-0.677945,0
5.27404,-0.407395,-0.678019,0
5.27412,-0.41517,-0.697838,0
5.27421,-0.415674,-0.705674,0
5.2743,-0.415614,-0.712664,0
5.27438,-0.4085,-0.707543,0
5.27447,-0.409875,-0.717132,0
5.27456,-0.410189,-0.725006,0
5.27465,-0.407999,-0.728534,0
5.27473,-0.407725,-0.735555,0
5.27482,-0.405474,-0.739081,0
5.27491,-0.401291,-0.739085,0
5.275,-0.395695,-0.736425,0
5.27508,-0.39999,-0.752271,0
5.27517,-0.392047,-0.74516,0
5.27526,-0.391101,-0.751298,0
5.27534,-0.390566,-0.758332,0
5.27543,-0.390886,-0.767157,0
5.27552,-0.386184,-0.766176,0
5.27561,-0.401132,-0.804546,0
5.27569,-0.40204,-0.815257,0
5.27578,-0.40637,-0.833182,0
5.27587,-0.397952,-0.82504,0
5.27596,-0.407694,-0.854748,0
5.27604,-0.403961,-0.856519,0
5.27613,-0.401065,-0.860086,0
5.27622,-0.399401,-0.866369,0
5.2763,-0.400179,-0.878113,0
5.27639,-0.395933,-0.878939,0
5.27648,-0.393314,-0.883398,0
5.27657,-0.393886,-0.895175,0
5.27665,-0.409914,-0.942738,0
5.27674,-1.03857,-2.41734,0
5.27683,-0.997146,-2.34913,0
5.27692,-0.979926,-2.33686,0
5.277,-0.978522,-2.36236,0
5.27709,-0.97237,-2.37679,0
5.27718,-0.978472,-2.4218,0
5.27726,-0.979754,-2.45577,0
5.27735,-0.977092,-2.48049,0
5.27744,-0.35374,-0.90964,0
5.27753,-0.32719,-0.852359,0
5.27761,-0.324176,-0.855649,0
5.2777,-0.324642,-0.868295,0
5.27779,-0.916518,-2.48433,0
5.27788,-0.902249,-2.47891,0
5.27796,-0.887369,-2.47153,0
5.27805,-0.87858,-2.48103,0
5.27814,-0.865108,-2.47729,0
5.27822,-0.853314,-2.4782,0
5.27831,-0.8396,-2.47338,0
5.2784,-0.829752,-2.47987,0
5.27849,-0.816105,-2.47492,0
5.27857,-0.804062,-2.47465,0
5.27866,-0.792037,-2.47432,0
5.27875,-0.781234,-2.47776,0
5.27884,-0.771008,-2.48305,0
5.27892,-0.753442,-2.4644,0
5.27901,-0.742105,-2.46575,0
5.2791,-0.732476,-2.4728,0
5.27918,-0.722798,-2.47981,0
5.27927,-0.710317,-2.47717,0
5.27936,-0.697059,-2.47159,0
5.27945,-0.687604,-2.47942,0
5.27953,-0.675727,-2.47854,0
5.27962,-0.664388,-2.47953,0
5.27971,-0.653563,-2.48241,0
5.2798,-0.643727,-2.48911,0
5.27988,-0.630891,-2.48414,0
5.27997,-0.189425,-0.759742,0
5.28006,-0.175175,-0.715879,0
5.28014,-0.173216,-0.721498,0
5.28023,-0.172359,-0.731981,0
5.28032,-0.165564,-0.717136,0
5.28041,-0.162875,-0.719803,0
5.28049,-0.157568,-0.710743,0
5.28058,-0.159982,-0.736832,0
5.28067,-0.153647,-0.722851,0
5.28076,-0.153139,-0.736242,0
5.28084,-0.150722,-0.740823,0
5.28093,-0.150805,-0.758147,0
5.28102,-0.149976,-0.771559,0
5.2811,-0.145675,-0.767294,0
5.28119,-0.144148,-0.777755,0
5.28128,-0.14449,-0.799041,0
5.28137,-0.146385,-0.830193,0
5.28145,-0.144286,-0.839694,0
5.28154,-0.143426,-0.857082,0
5.28163,-0.143222,-0.879414,0
5.28172,-0.140478,-0.886944,0
5.2818,-0.139345,-0.905339,0
5.28189,-0.36908,-2.46957,0
5.28198,-0.359736,-2.48106,0
5.28206,-0.346541,-2.46577,0
5.28215,-0.336318,-2.47122,0
5.28224,-0.325532,-2.47266,0
5.28233,-0.315119,-2.47704,0
5.28241,-0.303211,-2.46945,0
5.2825,-0.293256,-2.47771,0
5.28259,-0.282329,-2.47797,0
5.28268,-0.271296,-2.47719,0
5.28276,-0.26038,-2.47735,0
5.28285,-0.249268,-2.47548,0
5.28294,-0.237697,-2.46858,0
5.28302,-0.22729,-2.47358,0
5.28311,-0.215885,-2.46757,0
5.2832,-0.205282,-2.47049,0
5.28329,-0.194265,-2.46837,0
5.28337,-0.18416,-2.47817,0
5.28346,-0.172926,-2.47296,0
5.28355,-0.162461,-2.47868,0
5.28364,-0.151706,-2.48036,0
5.28372,-0.140371,-2.47202,0
5.28381,-0.129427,-2.46961,0
5.2839,-0.118746,-2.47215,0
5.28398,-0.107914,-2.47165,0
5.28407,-0.0969718,-2.4681,0
5.28416,-0.0859575,-2.4615,0
5.28425,-0.0751553,-2.45985,0
5.28433,-0.0649189,-2.47915,0
5.28442,-0.0539046,-2.47041,0
5.28451,-0.0431598,-2.47262,0
5.28459,-0.0324099,-2.47579,0
5.28468,-0.0215808,-2.47291,0
5.28477,-0.0107949,-2.47398,0
5.28486,-2.98269e-08,-2.476,0
5.28494,0.0107512,-2.46398,0
5.28503,0.0215458,-2.46891,0
5.28512,0.0322789,-2.46579,0
5.28521,0.0431249,-2.47062,0
5.28529,0.0539264,-2.47141,0
5.28538,0.0647094,-2.47115,0
5.28547,0.0754301,-2.46885,0
5.28555,0.0863413,-2.47249,0
5.28564,0.0966576,-2.4601,0
5.28573,0.107653,-2.46565,0
5.28582,0.118794,-2.47315,0
5.2859,0.130107,-2.48259,0
5.28599,0.140428,-2.47302,0
5.28608,0.151339,-2.47438,0
5.28617,0.162265,-2.47569,0
5.28625,0.173205,-2.47695,0
5.28634,0.183641,-2.47119,0
5.28643,0.194971,-2.47734,0
5.28651,0.205696,-2.47547,0
5.2866,0.215798,-2.46658,0
5.28669,0.226832,-2.4686,0
5.28678,0.237985,-2.47157,0
5.28686,0.248466,-2.46752,0
5.28695,0.259753,-2.47139,0
5.28704,0.269881,-2.46427,0
5.28713,0.280518,-2.46207,0
5.28721,0.291845,-2.46579,0
5.2873,0.30382,-2.47442,0
5.28739,0.314614,-2.47307,0
5.28747,0.325402,-2.47167,0
5.28756,0.336453,-2.47221,0
5.28765,0.347515,-2.4727,0
5.28774,0.359449,-2.47908,0
5.28782,0.36908,-2.46957,0
5.28791,0.381069,-2.47585,0
5.288,0.39046,-2.46527,0
5.28809,0.402178,-2.46947,0
5.28817,0.412784,-2.4667,0
5.28826,0.424221,-2.46882,0
5.28835,0.437246,-2.47975,0
5.28843,0.446282,-2.46797,0
5.28852,0.457958,-2.47092,0
5.28861,0.467616,-2.463,0
5.2887,0.480075,-2.46977,0
5.28878,0.490067,-2.46373,0
5.28887,0.503005,-2.47235,0
5.28896,0.513177,-2.46719,0
5.28905,0.525393,-2.47178,0
5.28913,0.536597,-2.47142,0
5.28922,0.548458,-2.47393,0
5.28931,0.55704,-2.46176,0
5.28939,0.572051,-2.47782,0
5.28948,0.580794,-2.46654,0
5.28957,0.594585,-2.47663,0
5.28966,0.604198,-2.46915,0
5.28974,0.615933,-2.47037,0
5.28983,0.628675,-2.47542,0
5.28992,0.63947,-2.47265,0
5.29001,0.649235,-2.46597,0
5.29009,0.661024,-2.46697,0
5.29018,0.67336,-2.46986,0
5.29027,0.687872,-2.48038,0
5.29035,0.69353,-2.45907,0
5.29044,0.707837,-2.46852,0
5.29053,0.721399,-2.47501,0
5.29062,0.733328,-2.47567,0
5.2907,0.740664,-2.46096,0
5.29079,0.757827,-2.47874,0
5.29088,0.768043,-2.4735,0
5.29097,0.778227,-2.46822,0
5.29105,0.791123,-2.47147,0
5.29114,0.80159,-2.46704,0
5.29123,0.815479,-2.47302,0
5.29131,0.829434,-2.47892,0
5.2914,0.838314,-2.46959,0
5.29149,0.851686,-2.47348,0
5.29158,0.864449,-2.4754,0
5.29166,0.874574,-2.46972,0
5.29175,0.887707,-2.47247,0
5.29184,0.898145,-2.46763,0
5.29193,0.91098,-2.46932,0
5.29201,0.922796,-2.46813,0
5.2921,0.938163,-2.47624,0
5.29219,0.9486,-2.47119,0
5.29227,0.959011,-2.46609,0
5.29236,0.973427,-2.47119,0
5.29245,0.985312,-2.4697,0
5.29254,0.997203,-2.46816,0
5.29262,1.01364,-2.47767,0
5.29271,1.0233,-2.47045,0
5.2928,1.03716,-2.47334,0
5.29289,1.05146,-2.47708,0
5.29297,1.06699,-2.48349,0
5.29306,1.07543,-2.47331,0
5.29315,1.09064,-2.47866,0
5.29323,1.10185,-2.47479,0
5.29332,1.11716,-2.47999,0
5.29341,1.12506,-2.46872,0
5.2935,1.13792,-2.46833,0
5.29358,1.15586,-2.47875,0
5.29367,1.16624,-2.47278,0
5.29376,1.18046,-2.47489,0
5.29385,1.19386,-2.47512,0
5.29393,1.2099,-2.48067,0
5.29402,1.2216,-2.47716,0
5.29411,1.23641,-2.47986,0
5.29419,1.24677,-2.47355,0
5.29428,1.26119,-2.47522,0
5.29437,1.27426,-2.47413,0
5.29446,1.28828,-2.47476,0
5.29454,1.30093,-2.47266,0
5.29463,1.31875,-2.4802,0
5.29472,1.32719,-2.47002,0
5.29481,1.34893,-2.48442,0
5.29489,1.36024,-2.47938,0
5.29498,1.36716,-2.46643,0
5.29507,1.38378,-2.47091,0
5.29515,1.40144,-2.47703,0
5.29524,1.41571,-2.47697,0
5.29533,1.4295,-2.47597,0
5.29542,1.44634,-2.48007,0
5.2955,1.46222,-2.48235,0
5.29559,1.47304,-2.47595,0
5.29568,1.49155,-2.48236,0
5.29577,1.5034,-2.47753,0
5.29585,1.52047,-2.48118,0
5.29594,1.53233,-2.47623,0
5.29603,1.55054,-2.48139,0
5.29611,1.56136,-2.4746,0
5.2962,1.57966,-2.47957,0
5.29629,1.59209,-2.47518,0
5.29638,1.60777,-2.47576,0
5.29646,1.6213,-2.4729,0
5.29655,1.6398,-2.47747,0
5.29664,1.6606,-2.48526,0
5.29673,1.67255,-2.47965,0
5.29681,1.69067,-2.48308,0
5.2969,1.70885,-2.48639,0
5.29699,1.72424,-2.48548,0
5.29707,1.73908,-2.48367,0
5.29716,1.75452,-2.48259,0
5.29725,1.77114,-2.48305,0
5.29734,1.78897,-2.48504,0
5.29742,1.79804,-2.47478,0
5.29751,1.82005,-2.48224,0
5.2976,1.83562,-2.4807,0
5.29768,1.84942,-2.47668,0
5.29777,1.86924,-2.48056,0
5.29786,1.89094,-2.48671,0
5.29795,1.91029,-2.48954,0
5.29803,1.9242,-2.48514,0
5.29812,1.93872,-2.48145,0
5.29821,1.96129,-2.48788,0
5.2983,1.97524,-2.48322,0
5.29838,1.97854,-2.46521,0
5.29847,1.98236,-2.44801,0
5.29856,1.98416,-2.4285,0
5.29864,1.98329,-2.40593,0
5.29873,1.97778,-2.37803,0
5.29882,1.97657,-2.35559,0
5.29891,1.98102,-2.34007,0
5.29899,1.98212,-2.32076,0
5.29908,1.97656,-2.29391,0
5.29917,1.97736,-2.27469,0
5.29926,1.97936,-2.25702,0
5.29934,1.97858,-2.23638,0
5.29943,1.97967,-2.21803,0
5.29952,1.97661,-2.19525,0
5.2996,1.98012,-2.17994,0
5.29969,1.98218,-2.16317,0
5.29978,1.97803,-2.13982,0
5.29987,1.97916,-2.12239,0
5.29995,1.98498,-2.11009,0
5.30004,1.98659,-2.09343,0
5.30013,1.9798,-2.06813,0
5.30022,1.97978,-2.05012,0
5.3003,1.98103,-2.03358,0
5.30039,1.97516,-2.00994,0
5.30048,1.97617,-1.99349,0
5.30056,1.98485,-1.98485,0
5.30065,1.98,-1.96279,0
5.30074,1.97927,-1.94502,0
5.30083,1.98057,-1.92939,0
5.30091,1.98826,-1.92004,0
5.301,1.98578,-1.90097,0
5.30109,1.98535,-1.88403,0
5.30118,1.97971,-1.86233,0
5.30126,1.98709,-1.85299,0
5.30135,1.98414,-1.83412,0
5.30144,1.98623,-1.82004,0
5.30152,1.98971,-1.80732,0
5.30161,1.9842,-1.78658,0
5.3017,1.97407,-1.76192,0
5.30179,1.97275,-1.74534,0
5.30187,1.97358,-1.73078,0
5.30196,1.97658,-1.71822,0
5.30205,1.97649,-1.70305,0
5.30214,1.97021,-1.68272,0
5.30222,1.9783,-1.67475,0
5.30231,1.98099,-1.66225,0
5.3024,1.97823,-1.64528,0
5.30248,1.9715,-1.62518,0
5.30257,1.9716,-1.61087,0
5.30266,1.97784,-1.60162,0
5.30275,1.97545,-1.58546,0
5.30283,1.9753,-1.57123,0
5.30292,1.97193,-1.55454,0
5.30301,1.97633,-1.54408,0
5.3031,1.98226,-1.53483,0
5.30318,1.97545,-1.51582,0
5.30327,1.97408,-1.50113,0
5.30336,1.97662,-1.48949,0
5.30344,1.97269,-1.47308,0
5.30353,1.97427,-1.46088,0
5.30362,1.97821,-1.45048,0
5.30371,1.9829,-1.44066,0
5.30379,1.99323,-1.43492,0
5.30388,1.97179,-1.40646,0
5.30397,1.97137,-1.39323,0
5.30406,1.97252,-1.38117,0
5.30414,1.9777,-1.37198,0
5.30423,1.96966,-1.35371,0
5.30432,1.96976,-1.34116,0
5.3044,1.9756,-1.33256,0
5.30449,1.97391,-1.31892,0
5.30458,1.97548,-1.30754,0
5.30467,1.97531,-1.29507,0
5.30475,1.96836,-1.27827,0
5.30484,1.96635,-1.2648,0
5.30493,1.96595,-1.25245,0
5.30502,1.97477,-1.24599,0
5.3051,1.97086,-1.23153,0
5.30519,1.97877,-1.2245,0
5.30528,1.97642,-1.21115,0
5.30536,1.97485,-1.19837,0
5.30545,1.97577,-1.18716,0
5.30554,1.9732,-1.17393,0
5.30563,1.97572,-1.16379,0
5.30571,1.98077,-1.15515,0
5.3058,1.97454,-1.14,0
5.30589,1.96994,-1.12592,0
5.30598,1.97049,-1.11485,0
5.30606,1.96922,-1.10282,0
5.30615,1.98189,-1.09858,0
5.30624,1.97439,-1.08319,0
5.30632,1.98701,-1.07886,0
5.30641,1.97848,-1.06308,0
5.3065,1.97957,-1.05256,0
5.30659,1.98149,-1.04251,0
5.30667,1.96916,-1.02508,0
5.30676,1.97362,-1.01648,0
5.30685,1.97269,-1.00514,0
5.30694,1.97348,-0.994718,0
5.30702,1.97154,-0.982974,0
5.30711,1.97491,-0.97392,0
5.3072,1.96836,-0.960033,0
5.30728,1.97163,-0.951001,0
5.30737,1.98298,-0.945833,0
5.30746,1.97081,-0.929493,0
5.30755,1.97213,-0.919617,0
5.30763,1.96613,-0.906398,0
5.30772,1.97098,-0.898226,0
5.30781,1.96667,-0.885921,0
5.3079,1.97691,-0.880178,0
5.30798,1.97524,-0.869127,0
5.30807,1.98177,-0.861697,0
5.30816,1.96621,-0.844752,0
5.30824,1.96896,-0.835774,0
5.30833,1.96982,-0.826015,0
5.30842,1.97433,-0.817795,0
5.30851,1.96862,-0.805386,0
5.30859,1.96841,-0.79529,0
5.30868,1.97651,-0.788546,0
5.30877,1.97714,-0.778815,0
5.30886,1.97772,-0.769094,0
5.30894,1.96985,-0.756156,0
5.30903,1.97501,-0.748263,0
5.30912,1.9745,-0.738237,0
5.3092,1.97208,-0.727538,0
5.30929,1.96866,-0.716532,0
5.30938,1.9727,-0.708273,0
5.30947,1.98238,-0.701996,0
5.30955,1.98164,-0.692021,0
5.30964,1.96762,-0.677507,0
5.30973,1.97056,-0.668916,0
5.30981,1.97536,-0.660946,0
5.3099,1.97442,-0.651068,0
5.30999,1.9801,-0.643373,0
5.31008,1.97336,-0.631679,0
5.31016,1.97324,-0.62216,0
5.31025,1.96734,-0.610876,0
5.31034,1.97955,-0.605209,0
5.31043,1.9793,-0.595702,0
5.31051,1.98188,-0.58706,0
5.3106,1.97674,-0.576168,0
5.31069,1.97251,-0.565608,0
5.31077,1.97303,-0.556453,0
5.31086,1.96773,-0.545701,0
5.31095,1.97299,-0.537899,0
5.31104,1.97242,-0.528509,0
5.31112,1.97858,-0.520916,0
5.31121,1.96921,-0.509273,0
5.3113,1.97723,-0.502153,0
5.31139,1.9794,-0.493521,0
5.31147,1.98445,-0.485592,0
5.31156,1.98363,-0.476229,0
5.31165,1.9818,-0.466652,0
5.31173,1.97602,-0.456201,0
5.31182,1.97799,-0.447574,0
5.31191,1.98188,-0.439372,0
5.312,1.97401,-0.428599,0
5.31208,1.98466,-0.421853,0
5.31217,1.98257,-0.412375,0
5.31226,1.98533,-0.403919,0
5.31235,1.97628,-0.393107,0
5.31243,1.98092,-0.385053,0
5.31252,1.98062,-0.376033,0
5.31261,1.98814,-0.36848,0
5.31269,1.98186,-0.358378,0
5.31278,1.97651,-0.348512,0
5.31287,1.98195,-0.340562,0
5.31296,1.98638,-0.332406,0
5.31304,1.99275,-0.324539,0
5.31313,1.98328,-0.31412,0
5.31322,1.98166,-0.305007,0
5.31331,1.97605,-0.295323,0
5.31339,1.97633,-0.286555,0
5.31348,1.9845,-0.278903,0
5.31357,1.99461,-0.271455,0
5.31365,1.97892,-0.26053,0
5.31374,1.96417,-0.249874,0
5.31383,1.95234,-0.239717,0
5.31392,1.80143,-0.213213,0
5.314,1.69205,-0.192785,0
5.31409,1.673,-0.183223,0
5.31418,1.6708,-0.175608,0
5.31427,1.6616,-0.167314,0
5.31435,1.66331,-0.160158,0
5.31444,1.66001,-0.152533,0
5.31453,1.65966,-0.145202,0
5.31461,1.64533,-0.136716,0
5.3147,1.65488,-0.130242,0
5.31479,1.65145,-0.122724,0
5.31488,1.64897,-0.115307,0
5.31496,1.64946,-0.108111,0
5.31505,1.64193,-0.100425,0
5.31514,1.65334,-0.0938833,0
5.31523,1.64774,-0.0863544,0
5.31531,1.65709,-0.0795958,0
5.3154,1.65442,-0.0722337,0
5.31549,1.65872,-0.0651713,0
5.31557,1.65099,-0.057654,0
5.31566,1.64523,-0.0502664,0
5.31575,1.64943,-0.043192,0
5.31584,1.65061,-0.0360164,0
5.31592,1.66775,-0.0291107,0
5.31601,1.66486,-0.0217942,0
5.3161,1.67294,-0.0145995,0
5.31619,1.68998,-0.00737403,0
5.31627,1.826,-4.42155e-08,0
5.31636,1.96498,0.00857386,0
5.31645,1.97392,0.0172261,0
5.31653,1.97483,0.0258519,0
5.31662,1.9807,0.0345732,0
5.31671,1.97553,0.0431062,0
5.3168,1.98332,0.051935,0
5.31688,1.97308,0.060283,0
5.31697,1.9758,0.0689963,0
5.31706,1.98347,0.0779307,0
5.31715,1.98111,0.0864972,0
5.31723,1.98072,0.0951406,0
5.31732,1.97329,0.103416,0
5.31741,1.9858,0.112762,0
5.31749,1.9813,0.121181,0
5.31758,1.97576,0.129498,0
5.31767,1.97418,0.138048,0
5.31776,1.97655,0.146883,0
5.31784,1.98187,0.155977,0
5.31793,1.97519,0.164126,0
5.31802,1.98044,0.173266,0
5.31811,1.97568,0.181539,0
5.31819,1.98681,0.191308,0
5.31828,1.98297,0.199675,0
5.31837,1.98009,0.208116,0
5.31845,1.97718,0.216536,0
5.31854,1.98516,0.22618,0
5.31863,1.98614,0.235075,0
5.31872,1.97715,0.242764,0
5.3188,1.97607,0.251388,0
5.31889,1.98388,0.261183,0
5.31898,1.98966,0.270781,0
5.31907,1.98351,0.278764,0
5.31915,1.99019,0.288564,0
5.31924,1.99089,0.29754,0
5.31933,1.99649,0.307289,0
5.31941,1.9892,0.315059,0
5.3195,1.99867,0.325504,0
5.31959,1.98046,0.331416,0
5.31968,1.98392,0.340901,0
5.31976,1.98636,0.350248,0
5.31985,1.9917,0.360158,0
5.31994,1.98716,0.368298,0
5.32003,1.9816,0.376219,0
5.32011,1.98976,0.38677,0
5.3202,1.98805,0.395448,0
5.32029,1.98533,0.403919,0
5.32037,1.97669,0.411153,0
5.32046,1.98271,0.421437,0
5.32055,1.98867,0.431782,0
5.32064,1.98676,0.440455,0
5.32072,1.97897,0.447795,0
5.32081,1.99064,0.459575,0
5.3209,1.98667,0.467798,0
5.32099,1.98752,0.477162,0
5.32107,1.99125,0.487256,0
5.32116,1.99396,0.497149,0
5.32125,1.98692,0.504614,0
5.32133,1.9818,0.512528,0
5.32142,1.99115,0.524225,0
5.32151,1.99077,0.533426,0
5.3216,1.98746,0.541844,0
5.32168,1.98219,0.549709,0
5.32177,1.98555,0.559982,0
5.32186,1.98981,0.570569,0
5.32195,1.98538,0.578686,0
5.32203,1.97709,0.58564,0
5.32212,1.98409,0.597143,0
5.32221,1.99007,0.608425,0
5.32229,1.99217,0.618586,0
5.32238,1.99041,0.627573,0
5.32247,1.99622,0.638996,0
5.32256,1.9839,0.644609,0
5.32264,1.98677,0.655139,0
5.32273,1.98674,0.664753,0
5.32282,1.98666,0.67438,0
5.3229,1.99032,0.685321,0
5.32299,1.98259,0.69235,0
5.32308,1.98803,0.703999,0
5.32317,1.98682,0.713342,0
5.32325,1.98933,0.724057,0
5.32334,1.99084,0.73446,0
5.32343,1.982,0.741039,0
5.32352,1.97875,0.74968,0
5.3236,1.97639,0.758665,0
5.32369,1.99077,0.774168,0
5.32378,1.99575,0.786145,0
5.32386,1.98765,0.792993,0
5.32395,1.98603,0.802407,0
5.32404,1.99084,0.814473,0
5.32413,2.0002,0.82851,0
5.32421,1.98919,0.834136,0
5.3243,1.99197,0.845542,0
5.32439,1.99102,0.85541,0
5.32448,1.98727,0.864089,0
5.32456,1.9844,0.873155,0
5.32465,1.9961,0.888719,0
5.32474,1.99494,0.898653,0
5.32482,1.99009,0.906934,0
5.32491,2.00518,0.924401,0
5.325,1.99478,0.930183,0
5.32509,1.99342,0.940157,0
5.32517,1.98298,0.945833,0
5.32526,1.99505,0.962296,0
5.32535,1.99712,0.974061,0
5.32544,1.99375,0.983208,0
5.32552,1.98765,0.991005,0
5.32561,2.00117,1.00867,0
5.3257,2.0012,1.01966,0
5.32578,2.01985,1.04029,0
5.32587,2.06762,1.07634,0
5.32596,2.093,1.10118,0
5.32605,2.09082,1.11171,0
5.32613,2.08947,1.12271,0
5.32622,2.06961,1.12371,0
5.32631,2.06645,1.13369,0
5.3264,2.05973,1.14173,0
5.32648,2.05996,1.15363,0
5.32657,2.06448,1.16803,0
5.32666,2.09062,1.19489,0
5.32674,2.08279,1.2025,0
5.32683,2.08616,1.21661,0
5.32692,2.09031,1.23129,0
5.32701,2.09781,1.24807,0
5.32709,2.0872,1.25412,0
5.32718,2.06718,1.25439,0
5.32727,2.05657,1.26027,0
5.32736,2.04765,1.26712,0
5.32744,2.04464,1.27764,0
5.32753,2.04835,1.29241,0
5.32762,2.0486,1.3051,0
5.3277,2.05466,1.3216,0
5.32779,2.04636,1.32892,0
5.32788,2.04472,1.34058,0
5.32797,2.02968,1.34341,0
5.32805,2.03544,1.36004,0
5.32814,2.03031,1.36946,0
5.32823,2.04829,1.39463,0
5.32832,2.06279,1.41771,0
5.3284,2.09602,1.45406,0
5.32849,2.09375,1.46606,0
5.32858,2.0906,1.47749,0
5.32866,2.09146,1.49183,0
5.32875,2.07033,1.49042,0
5.32884,2.07108,1.50473,0
5.32893,2.06853,1.51671,0
5.32901,2.06511,1.5281,0
5.3291,2.07925,1.55265,0
5.32919,2.08604,1.57194,0
5.32928,2.09587,1.59374,0
5.32936,2.07938,1.59556,0
5.32945,2.08426,1.6138,0
5.32954,2.08429,1.62842,0
5.32962,2.07795,1.63812,0
5.32971,2.06217,1.64033,0
5.3298,2.04642,1.64242,0
5.32989,2.04856,1.65889,0
5.32997,2.04672,1.67224,0
5.33006,2.0394,1.68115,0
5.33015,2.01898,1.67917,0
5.33024,2.00857,1.68539,0
5.33032,2.01112,1.70254,0
5.33041,2.00443,1.71194,0
5.3305,1.99618,1.72002,0
5.33058,1.99998,1.73856,0
5.33067,1.99914,1.7532,0
5.33076,1.99971,1.7692,0
5.33085,2.00242,1.78723,0
5.33093,2.00055,1.8013,0
5.33102,2.00155,1.81808,0
5.33111,2.00613,1.83828,0
5.3312,2.00397,1.85245,0
5.33128,2.00098,1.86595,0
5.33137,1.99865,1.88014,0
5.33146,1.99405,1.89229,0
5.33154,2.00095,1.91549,0
5.33163,2.00336,1.93462,0
5.33172,2.00493,1.95312,0
5.33181,2.00495,1.97026,0
5.33189,2.00556,1.98814,0
5.33198,2.00323,2.00323,0
5.33207,2.01278,2.03042,0
5.33216,2.0074,2.04275,0
5.33224,2.00824,2.06152,0
5.33233,2.01104,2.08249,0
5.33242,2.01645,2.10641,0
5.3325,2.01068,2.11882,0
5.33259,2.00964,2.13631,0
5.33268,2.02485,2.17139,0
5.33277,2.01943,2.18461,0
5.33285,2.00921,2.19266,0
5.33294,2.00701,2.20955,0
5.33303,2.01141,2.23389,0
5.33312,2.00963,2.2516,0
5.3332,2.01768,2.28057,0
5.33329,2.01562,2.29837,0
5.33338,2.01607,2.31922,0
5.33346,2.00463,2.32648,0
5.33355,1.9951,2.33597,0
5.33364,1.97262,2.33015,0
5.33373,1.95665,2.33184,0
5.33381,1.94581,2.33959,0
5.3339,1.92096,2.33031,0
5.33399,1.90318,2.32937,0
5.33408,1.88985,2.33377,0
5.33416,1.87026,2.33029,0
5.33425,1.86007,2.33843,0
5.33434,1.83561,2.32846,0
5.33442,1.82297,2.3333,0
5.33451,1.80482,2.33095,0
5.3346,1.79158,2.33484,0
5.33469,1.77048,2.32831,0
5.33477,1.76211,2.3384,0
5.33486,1.74053,2.33085,0
5.33495,1.72558,2.33199,0
5.33503,1.71421,2.33788,0
5.33512,1.70046,2.34049,0
5.33521,1.67855,2.33165,0
5.3353,1.66081,2.32837,0
5.33538,1.65237,2.33804,0
5.33547,1.63641,2.33704,0
5.33556,1.61651,2.33019,0
5.33565,1.6001,2.32816,0
5.33573,1.58598,2.32933,0
5.33582,1.57357,2.33291,0
5.33591,1.55837,2.33227,0
5.33599,1.53714,2.32237,0
5.33608,1.53193,2.33658,0
5.33617,1.51083,2.32647,0
5.33626,1.49796,2.32884,0
5.33634,1.48671,2.33366,0
5.33643,1.47171,2.33252,0
5.33652,1.45622,2.33044,0
5.33661,1.44183,2.32997,0
5.33669,1.43217,2.33709,0
5.33678,1.41729,2.33562,0
5.33687,1.39678,2.32464,0
5.33695,1.37998,2.31954,0
5.33704,1.39725,2.37207,0
5.33713,1.21611,2.0853,0
5.33722,1.134,1.96415,0
5.3373,1.10557,1.93435,0
5.33739,1.0853,1.91826,0
5.33748,1.07057,1.91164,0
5.33757,1.05737,1.90755,0
5.33765,1.04904,1.91214,0
5.33774,1.02828,1.89385,0
5.33783,1.01858,1.89568,0
5.33791,1.01218,1.90363,0
5.338,0.997812,1.89653,0
5.33809,0.986757,1.89554,0
5.33818,0.973898,1.89094,0
5.33826,0.962006,1.88804,0
5.33835,0.948808,1.8824,0
5.33844,0.940585,1.88652,0
5.33853,0.928806,1.88343,0
5.33861,0.917072,1.88028,0
5.3387,0.906687,1.87976,0
5.33879,0.898477,1.8837,0
5.33887,0.887263,1.88127,0
5.33896,0.876088,1.87878,0
5.33905,0.869975,1.88712,0
5.33914,0.856756,1.87998,0
5.33922,0.849777,1.88644,0
5.33931,0.834624,1.8746,0
5.3394,0.830464,1.88737,0
5.33949,0.813847,1.87172,0
5.33957,0.785146,1.82748,0
5.33966,0.771303,1.81708,0
5.33975,0.765688,1.82596,0
5.33983,0.753886,1.82004,0
5.33992,0.746695,1.82517,0
5.34001,0.735353,1.82006,0
5.3401,0.722587,1.81118,0
5.34018,0.726406,1.84409,0
5.34027,0.783229,2.01407,0
5.34036,0.82998,2.16217,0
5.34045,0.792195,2.09096,0
5.34053,0.795671,2.12812,0
5.34062,0.836565,2.26761,0
5.34071,0.700457,1.92449,0
5.34079,0.687999,1.91623,0
5.34088,0.6813,1.92393,0
5.34097,0.67158,1.92311,0
5.34106,0.663508,1.92697,0
5.34114,0.650594,1.91659,0
5.34123,0.642859,1.9213,0
5.34132,0.630086,1.91079,0
5.34141,0.620506,1.90972,0
5.34149,0.614606,1.92003,0
5.34158,0.605622,1.92079,0
5.34167,0.679377,2.18795,0
5.34175,0.671578,2.19663,0
5.34184,0.578698,1.9228,0
5.34193,0.650111,2.19474,0
5.34202,0.561897,1.92778,0
5.3421,0.627626,2.18879,0
5.34219,0.617799,2.19055,0
5.34228,0.608769,2.19515,0
5.34237,0.59524,2.18331,0
5.34245,0.583119,2.17623,0
5.34254,0.571581,2.17102,0
5.34263,0.556595,2.15219,0
5.34271,0.543014,2.13812,0
5.3428,0.530777,2.12883,0
5.34289,0.522671,2.13598,0
5.34298,0.514047,2.14116,0
5.34306,0.500574,2.12586,0
5.34315,0.496917,2.15238,0
5.34324,0.483548,2.13698,0
5.34333,0.475518,2.14492,0
5.34341,0.462123,2.12841,0
5.3435,0.449297,2.11378,0
5.34359,0.439255,2.1118,0
5.34367,0.424056,2.0843,0
5.34376,0.413982,2.08123,0
5.34385,0.407186,2.09479,0
5.34394,0.397296,2.09262,0
5.34402,0.381419,2.05795,0
5.34411,0.373148,2.06353,0
5.3442,0.363272,2.06022,0
5.34429,0.348691,2.02926,0
5.34437,0.338348,2.02189,0
5.34446,0.326307,2.0036,0
5.34455,0.319126,2.01488,0
5.34463,0.308963,2.00736,0
5.34472,0.303305,2.02946,0
5.34481,0.293442,2.02384,0
5.3449,0.2828,2.01222,0
5.34498,0.274422,2.01641,0
5.34507,0.264446,2.00867,0
5.34516,0.25467,2.00187,0
5.34525,0.245445,1.99899,0
5.34533,0.237191,2.00401,0
5.34542,0.227199,1.9941,0
5.34551,0.218278,1.99308,0
5.34559,0.209684,1.99501,0
5.34568,0.198573,1.97203,0
5.34577,0.190637,1.97984,0
5.34586,0.181997,1.98066,0
5.34594,0.172133,1.96748,0
5.34603,0.162718,1.95825,0
5.34612,0.152681,1.94,0
5.34621,0.145179,1.95361,0
5.34629,0.136304,1.94924,0
5.34638,0.128256,1.9568,0
5.34647,0.119045,1.94636,0
5.34655,0.110381,1.94387,0
5.34664,0.101584,1.93834,0
5.34673,0.0936534,1.94975,0
5.34682,0.0847089,1.94015,0
5.3469,0.0763212,1.9425,0
5.34699,0.0672863,1.92683,0
5.34708,0.0592753,1.94009,0
5.34717,0.0505216,1.92934,0
5.34725,0.0422773,1.93754,0
5.34734,0.0337181,1.93171,0
5.34743,0.0254332,1.94283,0
5.34751,0.0169296,1.93993,0
5.3476,0.00817691,1.87398,0
5.34769,6.82169e-08,1.875,0
5.34778,-0.00824222,1.88898,0
5.34786,-0.016528,1.89393,0
5.34795,-0.0247393,1.88984,0
5.34804,-0.032985,1.88971,0
5.34812,-0.0411646,1.88655,0
5.34821,-0.0486891,1.85936,0
5.3483,-0.0565573,1.85114,0
5.34839,-0.063866,1.82889,0
5.34847,-0.0716884,1.82459,0
5.34856,-0.0778605,1.7833,0
5.34865,-0.0836738,1.74199,0
5.34874,-0.0904365,1.72563,0
5.34882,-0.0980785,1.72722,0
5.34891,-0.10482,1.7138,0
5.349,-0.112363,1.71432,0
5.34908,-0.118098,1.68888,0
5.34917,-0.125762,1.69233,0
5.34926,-0.133459,1.69576,0
5.34935,-0.139697,1.68121,0
5.34943,-0.14616,1.67062,0
5.34952,-0.154455,1.68092,0
5.34961,-0.160829,1.67027,0
5.3497,-0.168416,1.67254,0
5.34978,-0.177176,1.68571,0
5.34987,-0.184856,1.68791,0
5.34996,-0.190408,1.67119,0
5.35004,-0.197345,1.66736,0
5.35013,-0.203765,1.65954,0
5.35022,-0.209869,1.6497,0
5.35031,-0.217587,1.65274,0
5.35039,-0.228572,1.67952,0
5.35048,-0.229914,1.63592,0
5.35057,-0.237911,1.64084,0
5.35066,-0.245364,1.64177,0
5.35074,-0.253133,1.64463,0
5.35083,-0.256709,1.6208,0
5.35092,-0.268922,1.65124,0
5.351,-0.277775,1.65992,0
5.35109,-0.28112,1.63602,0
5.35118,-0.289819,1.64364,0
5.35127,-0.295208,1.63252,0
5.35135,-0.302875,1.63417,0
5.35144,-0.308697,1.62596,0
5.35153,-0.314835,1.61968,0
5.35162,-0.320338,1.61045,0
5.3517,-0.330153,1.62276,0
5.35179,-0.334583,1.60857,0
5.35188,-0.343886,1.61786,0
5.35196,-0.351366,1.61829,0
5.35205,-0.360805,1.62749,0
5.35214,-0.36393,1.60834,0
5.35223,-0.368695,1.59699,0
5.35231,-0.381848,1.62165,0
5.3524,-0.384251,1.60052,0
5.35249,-0.389805,1.593,0
5.35258,-0.397961,1.59614,0
5.35266,-0.410091,1.61474,0
5.35275,-0.417884,1.61584,0
5.35284,-0.426967,1.62174,0
5.35292,-0.431192,1.60923,0
5.35301,-0.440051,1.61409,0
5.3531,-0.450564,1.62468,0
5.35319,-0.457106,1.62077,0
5.35327,-0.461692,1.61011,0
5.35336,-0.470392,1.61384,0
5.35345,-0.483962,1.63383,0
5.35354,-0.487052,1.6183,0
5.35362,-0.498494,1.6305,0
5.35371,-0.503231,1.62067,0
5.3538,-0.505486,1.6032,0
5.35388,-0.519489,1.62288,0
5.35397,-0.526874,1.62155,0
5.35406,-0.531126,1.61069,0
5.35415,-0.543226,1.62353,0
5.35423,-0.505946,1.49047,0
5.35432,-0.428448,1.2443,0
5.35441,-0.422663,1.21032,0
5.3545,-0.423935,1.19715,0
5.35458,-0.410907,1.14447,0
5.35467,-0.342362,0.940632,0
5.35476,-0.306314,0.830299,0
5.35484,-0.308182,0.824272,0
5.35493,-0.320633,0.846297,0
5.35502,-0.334357,0.871031,0
5.35511,-0.312784,0.804323,0
5.35519,-0.30163,0.765734,0
5.35528,-0.300893,0.754193,0
5.35537,-0.298561,0.738966,0
5.35546,-0.291938,0.713592,0
5.35554,-0.294666,0.711387,0
5.35563,-0.293514,0.699951,0
5.35572,-0.294611,0.694061,0
5.3558,-0.299611,0.697363,0
5.35589,-0.294676,0.677707,0
5.35598,-0.304074,0.69106,0
5.35607,-0.303425,0.681505,0
5.35615,-0.300646,0.66741,0
5.35624,-0.302311,0.663362,0
5.35633,-0.304784,0.661128,0
5.35642,-0.302595,0.648916,0
5.3565,-0.296465,0.628596,0
5.35659,-0.2949,0.618271,0
5.35668,-0.304546,0.631389,0
5.35676,-0.301599,0.61837,0
5.35685,-0.300314,0.608977,0
5.35694,-0.300737,0.603186,0
5.35703,-0.303816,0.602761,0
5.35711,-0.300542,0.589846,0
5.3572,-0.305402,0.592974,0
5.35729,-0.305678,0.587201,0
5.35738,-0.304046,0.577897,0
5.35746,-0.299053,0.562438,0
5.35755,-0.304345,0.566413,0
5.35764,-0.304904,0.561564,0
5.35772,-0.309276,0.563735,0
5.35781,-0.30446,0.549261,0
5.3579,-0.300013,0.535713,0
5.35799,-0.301363,0.532658,0
5.35807,-0.300707,0.526128,0
5.35816,-0.31,0.536936,0
5.35825,-0.31234,0.535578,0
5.35834,-0.313151,0.531625,0
5.35842,-0.308821,0.519081,0
5.35851,-0.310568,0.516872,0
5.3586,-0.31282,0.515512,0
5.35868,-0.311932,0.509026,0
5.35877,-0.30994,0.500857,0
5.35886,-0.308413,0.493564,0
5.35895,-0.307896,0.487985,0
5.35903,-0.306798,0.481577,0
5.35912,-0.312683,0.486121,0
5.35921,-0.314257,0.483913,0
5.3593,-0.310334,0.473338,0
5.35938,-0.312948,0.472813,0
5.35947,-0.308897,0.462297,0
5.35956,-0.302523,0.448509,0
5.35964,-0.303352,0.445532,0
5.35973,-0.307559,0.447501,0
5.35982,-0.299818,0.432186,0
5.35991,-0.270728,0.38664,0
5.35999,-0.253367,0.358506,0
5.36008,-0.249122,0.349256,0
5.36017,-0.254733,0.353846,0
5.36026,-0.234526,0.322798,0
5.36034,-0.231793,0.316126,0
5.36043,-0.234955,0.317523,0
5.36052,-0.22856,0.306079,0
5.3606,-0.226282,0.300287,0
5.36069,-0.222748,0.292929,0
5.36078,-0.226459,0.295127,0
5.36087,-0.232643,0.300462,0
5.36095,-0.240108,0.307324,0
5.36104,-0.235256,0.29842,0
5.36113,-0.22784,0.286435,0
5.36121,-0.230966,0.287777,0
5.3613,-0.227185,0.28055,0
5.36139,-0.227774,0.278781,0
5.36148,-0.228988,0.277785,0
5.36156,-0.238511,0.286778,0
5.36165,-0.23976,0.285735,0
5.36174,-0.23842,0.281633,0
5.36183,-0.2351,0.275267,0
5.36191,-0.233035,0.270451,0
5.362,-0.231589,0.266412,0
5.36209,-0.232749,0.265399,0
5.36217,-0.234567,0.26513,0
5.36226,-0.233724,0.261866,0
5.36235,-0.235534,0.261587,0
5.36244,-0.22726,0.250194,0
5.36252,-0.220242,0.240352,0
5.36261,-0.200246,0.216625,0
5.3627,-0.192324,0.206242,0
5.36279,-0.291203,0.309558,0
5.36287,-0.159698,0.168287,0
5.36296,-0.161814,0.169033,0
5.36305,-0.125039,0.129481,0
5.36313,-0.110251,0.113176,0
5.36322,-0.0918191,0.0934358,0
5.36331,-0.0323847,0.0326685,0
5.3634,-0.0523259,0.0523259,0
