7200
2740
2.3911
2.40681,-0.0714178,-0.0714178,0
2.4069,-0.047873,-0.0482926,0
2.40698,-0.0546709,-0.0556335,0
2.40707,-0.0655923,-0.0673324,0
2.40716,-0.0861376,-0.0891981,0
2.40725,-0.0968118,-0.101131,0
2.40733,-0.10876,-0.114609,0
2.40742,-0.126074,-0.13402,0
2.40751,-0.169136,-0.181376,0
2.40759,-0.174452,-0.188721,0
2.40768,-0.192543,-0.210124,0
2.40777,-0.21314,-0.234649,0
2.40786,-0.204754,-0.227402,0
2.40794,-0.212416,-0.237992,0
2.40803,-0.23258,-0.262883,0
2.40812,-0.234068,-0.266903,0
2.40821,-0.219124,-0.252073,0
2.40829,-0.220633,-0.256057,0
2.40838,-0.222111,-0.260059,0
2.40847,-0.228728,-0.270184,0
2.40855,-0.222405,-0.265051,0
2.40864,-0.223804,-0.269095,0
2.40873,-0.220719,-0.267754,0
2.40882,-0.222712,-0.272586,0
2.4089,-0.219633,-0.271224,0
2.40899,-0.225332,-0.280758,0
2.40908,-0.219125,-0.275478,0
2.40917,-0.224731,-0.28507,0
2.40925,-0.223485,-0.286048,0
2.40934,-0.229581,-0.296509,0
2.40943,-0.224633,-0.292747,0
2.40951,-0.223353,-0.293725,0
2.4096,-0.22869,-0.303481,0
2.40969,-0.226765,-0.303675,0
2.40978,-0.213541,-0.288585,0
2.40986,-0.215237,-0.293546,0
2.40995,-0.223358,-0.307426,0
2.41004,-0.221431,-0.307587,0
2.41013,-0.221248,-0.310178,0
2.41021,-0.226241,-0.320123,0
2.4103,-0.235166,-0.335852,0
2.41039,-0.214319,-0.308939,0
2.41047,-0.210703,-0.306575,0
2.41056,-0.217243,-0.319064,0
2.41065,-0.218085,-0.323325,0
2.41074,-0.218339,-0.326768,0
2.41082,-0.220223,-0.33272,0
2.41091,-0.213286,-0.325315,0
2.411,-0.222757,-0.343016,0
2.41109,-0.218554,-0.33978,0
2.41117,-0.213845,-0.33567,0
2.41126,-0.215047,-0.340828,0
2.41135,-0.224156,-0.358724,0
2.41143,-0.212064,-0.342692,0
2.41152,-0.217882,-0.355551,0
2.41161,-0.217885,-0.359063,0
2.4117,-0.218376,-0.363439,0
2.41178,-0.215766,-0.362669,0
2.41187,-0.221794,-0.376532,0
2.41196,-0.226195,-0.387862,0
2.41205,-0.228,-0.394908,0
2.41213,-0.215854,-0.377666,0
2.41222,-0.2275,-0.402104,0
2.41231,-0.224766,-0.401348,0
2.41239,-0.227376,-0.410197,0
2.41248,-0.232799,-0.424336,0
2.41257,-0.232376,-0.427984,0
2.41266,-0.231927,-0.431636,0
2.41274,-0.250698,-0.471494,0
2.41283,-0.251432,-0.477893,0
2.41292,-0.265505,-0.510031,0
2.41301,-0.263735,-0.512074,0
2.41309,-0.27194,-0.533713,0
2.41318,-0.27366,-0.542931,0
2.41327,-0.284228,-0.570073,0
2.41335,-0.285276,-0.578483,0
2.41344,-0.288887,-0.592305,0
2.41353,-0.288472,-0.598064,0
2.41362,-0.287581,-0.602927,0
2.4137,-0.286228,-0.606889,0
2.41379,-0.288648,-0.619008,0
2.41388,-0.294318,-0.638425,0
2.41396,-0.2907,-0.637883,0
2.41405,-0.292021,-0.648263,0
2.41414,-0.28919,-0.649531,0
2.41423,-0.291991,-0.663601,0
2.41431,-0.289891,-0.666703,0
2.4144,-0.290531,-0.67623,0
2.41449,-0.289532,-0.682094,0
2.41458,-0.2881,-0.68704,0
2.41466,-0.285865,-0.690138,0
2.41475,-0.287016,-0.70156,0
2.41484,-0.284701,-0.70466,0
2.41492,-0.287553,-0.720756,0
2.41501,-0.285871,-0.725726,0
2.4151,-0.289588,-0.744674,0
2.41519,-0.290995,-0.758067,0
2.41527,-0.291227,-0.768681,0
2.41536,-0.323592,-0.865485,0
2.41545,-0.566594,-1.53582,0
2.41554,-0.555783,-1.527,0
2.41562,-0.552494,-1.53882,0
2.41571,-0.548445,-1.54876,0
2.4158,-0.54399,-1.55775,0
2.41588,-0.530025,-1.5393,0
2.41597,-0.527804,-1.55486,0
2.41606,-0.516889,-1.54482,0
2.41615,-0.502315,-1.52332,0
2.41623,-0.496899,-1.5293,0
2.41632,-0.486563,-1.52002,0
2.41641,-0.471507,-1.49543,0
2.4165,-0.464977,-1.49747,0
2.41658,-0.459608,-1.50331,0
2.41667,-0.452468,-1.50339,0
2.41676,-0.436248,-1.47275,0
2.41684,-0.40855,-1.40167,0
2.41693,-0.392783,-1.3698,0
2.41702,-0.382731,-1.35706,0
2.41711,-0.381082,-1.37414,0
2.41719,-0.377713,-1.38543,0
2.41728,-0.381499,-1.42377,0
2.41737,-0.37732,-1.43316,0
2.41746,-0.373817,-1.44544,0
2.41754,-0.37243,-1.46645,0
2.41763,-0.369657,-1.48261,0
2.41772,-0.366274,-1.49684,0
2.4178,-0.36044,-1.50134,0
2.41789,-0.353656,-1.50192,0
2.41798,-0.348674,-1.51027,0
2.41807,-0.34164,-1.50983,0
2.41815,-0.334399,-1.50838,0
2.41824,-0.327602,-1.50884,0
2.41833,-0.321847,-1.51417,0
2.41842,-0.316256,-1.52046,0
2.4185,-0.306229,-1.50516,0
2.41859,-0.301805,-1.51727,0
2.41868,-0.293464,-1.50974,0
2.41876,-0.28818,-1.51789,0
2.41885,-0.280096,-1.51126,0
2.41894,-0.276702,-1.53018,0
2.41903,-0.268113,-1.52054,0
2.41911,-0.263,-1.53057,0
2.4192,-0.255329,-1.52578,0
2.41929,-0.248508,-1.5259,0
2.41938,-0.240909,-1.52104,0
2.41946,-0.235335,-1.529,0
2.41955,-0.228218,-1.52704,0
2.41964,-0.220548,-1.52109,0
2.41972,-0.214327,-1.52501,0
2.41981,-0.209693,-1.5408,0
2.4199,-0.201794,-1.53277,0
2.41999,-0.194725,-1.53066,0
2.42007,-0.188776,-1.53745,0
2.42016,-0.182418,-1.54124,0
2.42025,-0.174673,-1.53308,0
2.42034,-0.170268,-1.5547,0
2.42042,-0.162542,-1.54648,0
2.42051,-0.155993,-1.54917,0
2.4206,-0.149232,-1.54983,0
2.42068,-0.143109,-1.55744,0
2.42077,-0.136399,-1.55904,0
2.42086,-0.130009,-1.56461,0
2.42095,-0.122632,-1.55818,0
2.42103,-0.116499,-1.56768,0
2.42112,-0.111471,-1.59411,0
2.42121,-0.102748,-1.56764,0
2.4213,-0.0970672,-1.58703,0
2.42138,-0.0906518,-1.59643,0
2.42147,-0.0843656,-1.60979,0
2.42156,-0.0773408,-1.61014,0
2.42164,-0.0707507,-1.62046,0
2.42173,-0.0673699,-1.71468,0
2.42182,-0.0633077,-1.81289,0
2.42191,-0.055519,-1.81715,0
2.42199,-0.0476159,-1.81838,0
2.42208,-0.0397249,-1.82057,0
2.42217,-0.0317634,-1.81972,0
2.42226,-0.0237184,-1.81184,0
2.42234,-0.0159783,-1.83093,0
2.42243,-0.0079107,-1.81298,0
2.42252,-2.18643e-08,-1.815,0
2.4226,0.00791939,-1.81498,0
2.42269,0.0158735,-1.81893,0
2.42278,0.0237052,-1.81084,0
2.42287,0.0318332,-1.82372,0
2.42295,0.0397467,-1.82157,0
2.42304,0.0478253,-1.82637,0
2.42313,0.0557938,-1.82615,0
2.42322,0.0636567,-1.82289,0
2.4233,0.0718062,-1.82759,0
2.42339,0.0798235,-1.82826,0
2.42348,0.0881358,-1.83488,0
2.42356,0.0953561,-1.8195,0
2.42365,0.103578,-1.82406,0
2.42374,0.111841,-1.82858,0
2.42383,0.119884,-1.82908,0
2.42391,0.127515,-1.82355,0
2.424,0.1351,-1.81799,0
2.42409,0.143109,-1.81838,0
2.42418,0.151787,-1.8267,0
2.42426,0.160192,-1.83101,0
2.42435,0.167905,-1.8273,0
2.42444,0.176069,-1.82854,0
2.42452,0.184146,-1.82875,0
2.42461,0.191392,-1.82097,0
2.4247,0.198682,-1.81415,0
2.42479,0.207501,-1.82122,0
2.42487,0.216034,-1.82526,0
2.42496,0.223996,-1.8243,0
2.42505,0.232332,-1.82628,0
2.42514,0.241473,-1.83417,0
2.42522,0.249205,-1.83112,0
2.42531,0.256078,-1.82209,0
2.4254,0.265174,-1.82888,0
2.42548,0.273152,-1.8277,0
2.42557,0.279299,-1.81463,0
2.42566,0.288309,-1.82031,0
2.42575,0.297213,-1.82496,0
2.42583,0.305833,-1.82759,0
2.42592,0.314313,-1.82919,0
2.42601,0.322117,-1.82682,0
2.42609,0.331865,-1.83524,0
2.42618,0.338047,-1.82394,0
2.42627,0.346002,-1.82245,0
2.42636,0.354332,-1.82288,0
2.42644,0.363258,-1.82622,0
2.42653,0.371422,-1.8256,0
2.42662,0.378774,-1.82102,0
2.42671,0.389003,-1.83011,0
2.42679,0.395711,-1.82254,0
2.42688,0.404959,-1.82665,0
2.42697,0.413146,-1.82584,0
2.42705,0.422683,-1.83084,0
2.42714,0.430897,-1.82995,0
2.42723,0.438644,-1.82708,0
2.42732,0.447563,-1.82904,0
2.4274,0.451668,-1.81154,0
2.42749,0.462768,-1.82215,0
2.42758,0.471966,-1.82496,0
2.42767,0.480688,-1.82578,0
2.42775,0.489427,-1.82657,0
2.42784,0.500022,-1.83406,0
2.42793,0.507486,-1.82993,0
2.42801,0.513837,-1.82193,0
2.4281,0.52316,-1.82447,0
2.42819,0.529716,-1.81737,0
2.42828,0.541901,-1.82943,0
2.42836,0.549014,-1.82417,0
2.42845,0.559599,-1.83037,0
2.42854,0.566987,-1.826,0
2.42863,0.575551,-1.82541,0
2.42871,0.583205,-1.82193,0
2.4288,0.593931,-1.82793,0
2.42889,0.601274,-1.82342,0
2.42897,0.60859,-1.81888,0
2.42906,0.620057,-1.82663,0
2.42915,0.626068,-1.81823,0
2.42924,0.637622,-1.82587,0
2.42932,0.646584,-1.8259,0
2.42941,0.654207,-1.82212,0
2.4295,0.661809,-1.81831,0
2.42959,0.671813,-1.82103,0
2.42967,0.681504,-1.82276,0
2.42976,0.688387,-1.81697,0
2.42985,0.698459,-1.81955,0
2.42993,0.707479,-1.81928,0
2.43002,0.716143,-1.81804,0
2.43011,0.725922,-1.81954,0
2.4302,0.73835,-1.82748,0
2.43028,0.742151,-1.81406,0
2.43037,0.75159,-1.8145,0
2.43046,0.761434,-1.81581,0
2.43055,0.770522,-1.81524,0
2.43063,0.781593,-1.81921,0
2.43072,0.789523,-1.81578,0
2.43081,0.80066,-1.81964,0
2.43089,0.808999,-1.81704,0
2.43098,0.819795,-1.81988,0
2.43107,0.830631,-1.82265,0
2.43116,0.848623,-1.84081,0
2.43124,0.870594,-1.86699,0
2.43133,0.883424,-1.87313,0
2.43142,0.915697,-1.9198,0
2.43151,0.969247,-2.00946,0
2.43159,0.986335,-2.02229,0
2.43168,1.02036,-2.06909,0
2.43177,1.04901,-2.10399,0
2.43185,1.07258,-2.12797,0
2.43194,1.09639,-2.15178,0
2.43203,1.10943,-2.15409,0
2.43212,1.11928,-2.15011,0
2.4322,1.13284,-2.15318,0
2.43229,1.15255,-2.16764,0
2.43238,1.17052,-2.17844,0
2.43247,1.18765,-2.18738,0
2.43255,1.1943,-2.17691,0
2.43264,1.20621,-2.17605,0
2.43273,1.21618,-2.17164,0
2.43281,1.22958,-2.17328,0
2.4329,1.24352,-2.17571,0
2.43299,1.2535,-2.17113,0
2.43308,1.26699,-2.17255,0
2.43316,1.28153,-2.17561,0
2.43325,1.2992,-2.18375,0
2.43334,1.30871,-2.17806,0
2.43343,1.32183,-2.17832,0
2.43351,1.33185,-2.17338,0
2.4336,1.34132,-2.16755,0
2.43369,1.35553,-2.16931,0
2.43377,1.37192,-2.17437,0
2.43386,1.3857,-2.17511,0
2.43395,1.40166,-2.17913,0
2.43404,1.41388,-2.17719,0
2.43412,1.42392,-2.17184,0
2.43421,1.4389,-2.17394,0
2.4343,1.44837,-2.16764,0
2.43439,1.47124,-2.1812,0
2.43447,1.48299,-2.17806,0
2.43456,1.49475,-2.17487,0
2.43465,1.50764,-2.17326,0
2.43473,1.51998,-2.17075,0
2.43482,1.53751,-2.17553,0
2.43491,1.54351,-2.16392,0
2.435,1.56287,-2.17096,0
2.43508,1.57938,-2.17383,0
2.43517,1.59476,-2.17498,0
2.43526,1.60721,-2.17202,0
2.43535,1.61488,-2.16258,0
2.43543,1.64175,-2.17868,0
2.43552,1.65003,-2.1699,0
2.43561,1.66618,-2.17141,0
2.43569,1.68054,-2.17044,0
2.43578,1.69923,-2.17491,0
2.43587,1.71118,-2.17062,0
2.43596,1.72997,-2.17487,0
2.43604,1.74507,-2.17432,0
2.43613,1.75643,-2.16901,0
2.43622,1.77411,-2.1714,0
2.43631,1.7912,-2.17289,0
2.43639,1.80642,-2.17198,0
2.43648,1.82166,-2.17097,0
2.43657,1.83499,-2.16758,0
2.43665,1.85547,-2.17248,0
2.43674,1.86363,-2.16285,0
2.43683,1.88158,-2.16451,0
2.43692,1.89496,-2.16079,0
2.437,1.92226,-2.17272,0
2.43709,1.93305,-2.1658,0
2.43718,1.95386,-2.16998,0
2.43727,1.97407,-2.17328,0
2.43735,1.98826,-2.16981,0
2.43744,2.0011,-2.16478,0
2.43753,2.02144,-2.16773,0
2.43761,2.03636,-2.16472,0
2.4377,2.03891,-2.14856,0
2.43779,2.04411,-2.13531,0
2.43788,2.04438,-2.11702,0
2.43796,2.04522,-2.09948,0
2.43805,2.04245,-2.07841,0
2.43814,2.04164,-2.05954,0
2.43823,2.04,-2.04,0
2.43831,2.03255,-2.01489,0
2.4384,2.02777,-1.99269,0
2.43849,2.03143,-1.97893,0
2.43857,2.03429,-1.96449,0
2.43866,2.02768,-1.94108,0
2.43875,2.02887,-1.92533,0
2.43884,2.03507,-1.9144,0
2.43892,2.03097,-1.89391,0
2.43901,2.03114,-1.87756,0
2.4391,2.0253,-1.85585,0
2.43918,2.03042,-1.8443,0
2.43927,2.0273,-1.82539,0
2.43936,2.02928,-1.8112,0
2.43945,2.02817,-1.79438,0
2.43953,2.02019,-1.77166,0
2.43962,2.02338,-1.75889,0
2.43971,2.01512,-1.73634,0
2.4398,2.0242,-1.72883,0
2.43988,2.01799,-1.70835,0
2.43997,2.01623,-1.69182,0
2.44006,2.01437,-1.67533,0
2.44014,2.02088,-1.66589,0
2.44023,2.02504,-1.65452,0
2.44032,2.02291,-1.63812,0
2.44041,2.0238,-1.62427,0
2.44049,2.016,-1.6036,0
2.44058,2.02455,-1.59602,0
2.44067,2.02204,-1.57979,0
2.44076,2.02733,-1.56973,0
2.44084,2.03416,-1.56086,0
2.44093,2.04493,-1.555,0
2.44102,2.06687,-1.5575,0
2.4411,2.10329,-1.5706,0
2.44119,2.09807,-1.55249,0
2.44128,2.09595,-1.53681,0
2.44137,2.08565,-1.51531,0
2.44145,2.08818,-1.50327,0
2.44154,2.08658,-1.48834,0
2.44163,2.07999,-1.46999,0
2.44172,2.10113,-1.47122,0
2.4418,2.11821,-1.46945,0
2.44189,2.11636,-1.45453,0
2.44198,2.11194,-1.43797,0
2.44206,2.12897,-1.43601,0
2.44215,2.11858,-1.41559,0
2.44224,2.08138,-1.37763,0
2.44233,2.07901,-1.36306,0
2.44241,2.06984,-1.34417,0
2.4425,2.06811,-1.33026,0
2.44259,2.06631,-1.31638,0
2.44268,2.04328,-1.28921,0
2.44276,2.0404,-1.27499,0
2.44285,2.03829,-1.26133,0
2.44294,2.0361,-1.24773,0
2.44302,2.02101,-1.22638,0
2.44311,2.01177,-1.20879,0
2.4432,2.01875,-1.20103,0
2.44329,2.02138,-1.19069,0
2.44337,2.01792,-1.17682,0
2.44346,2.01091,-1.161,0
2.44355,2.01162,-1.14973,0
2.44364,2.01139,-1.13799,0
2.44372,2.00674,-1.12383,0
2.44381,2.01337,-1.11603,0
2.4439,2.01559,-1.10579,0
2.44398,2.00898,-1.09079,0
2.44407,2.00491,-1.07728,0
2.44416,2.00782,-1.06758,0
2.44425,2.01423,-1.05974,0
2.44433,2.01263,-1.04771,0
2.44442,2.01185,-1.03617,0
2.44451,2.01724,-1.02783,0
2.4446,2.0101,-1.01317,0
2.44468,2.00376,-0.999037,0
2.44477,2.00541,-0.988958,0
2.44486,2.00341,-0.977129,0
2.44494,2.01036,-0.969682,0
2.44503,2.00735,-0.957457,0
2.44512,2.00518,-0.945703,0
2.44521,2.00657,-0.935677,0
2.44529,2.02153,-0.931937,0
2.44538,2.00191,-0.912325,0
2.44547,2.0077,-0.904403,0
2.44556,2.00523,-0.892787,0
2.44564,2.00819,-0.883626,0
2.44573,2.00561,-0.872064,0
2.44582,2.00205,-0.860147,0
2.4459,2.00302,-0.850231,0
2.44599,2.00855,-0.842256,0
2.44608,2.01129,-0.833102,0
2.44617,2.00102,-0.818638,0
2.44625,2.00179,-0.808776,0
2.44634,1.99694,-0.796699,0
2.44643,1.99575,-0.786145,0
2.44652,2.00102,-0.778155,0
2.4466,2.00346,-0.769058,0
2.44669,1.99932,-0.757474,0
2.44678,2.00167,-0.748393,0
2.44686,1.99929,-0.737576,0
2.44695,1.99967,-0.727819,0
2.44704,2.00376,-0.719425,0
2.44713,2.00311,-0.70934,0
2.44721,1.99864,-0.697955,0
2.4473,1.99599,-0.687274,0
2.44739,1.99423,-0.676952,0
2.44748,1.99527,-0.667609,0
2.44756,1.99912,-0.65921,0
2.44765,1.99532,-0.648318,0
2.44774,2.00003,-0.640215,0
2.44782,1.99518,-0.629077,0
2.44791,1.99217,-0.618586,0
2.448,1.98433,-0.606671,0
2.44809,1.99941,-0.601754,0
2.44817,1.99722,-0.591604,0
2.44826,1.9921,-0.580645,0
2.44835,2.00039,-0.573601,0
2.44844,1.99421,-0.562425,0
2.44852,1.99568,-0.553451,0
2.44861,1.99711,-0.544475,0
2.4487,1.9927,-0.533944,0
2.44878,1.98825,-0.523462,0
2.44887,1.99632,-0.516284,0
2.44896,1.99274,-0.506091,0
2.44905,1.99105,-0.496424,0
2.44913,1.99514,-0.488207,0
2.44922,1.99725,-0.479497,0
2.44931,1.99348,-0.469402,0
2.4494,1.98869,-0.459125,0
2.44948,1.99165,-0.450664,0
2.44957,1.98676,-0.440455,0
2.44966,1.99355,-0.432842,0
2.44974,1.99933,-0.424972,0
2.44983,1.99138,-0.414207,0
2.44992,1.98827,-0.404518,0
2.45001,1.98707,-0.395253,0
2.45009,1.99565,-0.387915,0
2.45018,1.98848,-0.377525,0
2.45027,1.99896,-0.370485,0
2.45036,1.98875,-0.359624,0
2.45044,1.98734,-0.350422,0
2.45053,1.98491,-0.34107,0
2.45062,1.99328,-0.333561,0
2.4507,1.99965,-0.325664,0
2.45079,1.99513,-0.315998,0
2.45088,1.99353,-0.306833,0
2.45097,1.99089,-0.29754,0
2.45105,2.00009,-0.289999,0
2.45114,1.98747,-0.27932,0
2.45123,1.98173,-0.269702,0
2.45131,1.98289,-0.261052,0
2.4514,1.98401,-0.252398,0
2.45149,1.997,-0.245201,0
2.45158,1.97919,-0.234252,0
2.45166,1.98615,-0.226293,0
2.45175,1.98612,-0.217516,0
2.45184,1.98308,-0.20843,0
2.45193,1.99292,-0.200677,0
2.45201,1.98283,-0.190925,0
2.4521,1.98165,-0.182088,0
2.45219,1.97645,-0.172917,0
2.45227,1.98914,-0.165285,0
2.45236,1.98686,-0.156369,0
2.45245,1.97954,-0.147105,0
2.45254,1.98216,-0.138606,0
2.45262,1.98674,-0.130218,0
2.45271,1.98928,-0.12167,0
2.4528,1.9838,-0.112649,0
2.45289,1.97329,-0.103416,0
2.45297,1.97073,-0.0946609,0
2.45306,1.98411,-0.0866281,0
2.45315,1.97847,-0.0777345,0
2.45323,1.98379,-0.0692756,0
2.45332,1.97008,-0.0601915,0
2.45341,1.97332,-0.0516733,0
2.4535,1.96453,-0.0428663,0
2.45358,1.9477,-0.0339973,0
2.45367,1.74785,-0.0228807,0
2.45376,1.69994,-0.0148352,0
2.45385,1.68998,-0.00737403,0
2.45393,1.696,-4.10676e-08,0
2.45402,1.69498,0.00739577,0
2.45411,1.67994,0.0146605,0
2.45419,1.68586,0.022069,0
2.45428,1.68674,0.0294422,0
2.45437,1.6916,0.0369107,0
2.45446,1.68542,0.0441343,0
2.45454,1.68421,0.0514574,0
2.45463,1.68397,0.0588056,0
2.45472,1.70468,0.0669772,0
2.45481,1.69239,0.0738912,0
2.45489,1.70104,0.0817067,0
2.45498,1.70266,0.0892328,0
2.45507,1.69826,0.0964344,0
2.45515,1.68685,0.103172,0
2.45524,1.68938,0.110727,0
2.45533,1.70484,0.119214,0
2.45542,1.7402,0.129319,0
2.4555,1.78149,0.140206,0
2.45559,1.90145,0.157998,0
2.45568,1.95553,0.171087,0
2.45577,1.97468,0.181448,0
2.45585,1.97088,0.189775,0
2.45594,1.98297,0.199675,0
2.45603,1.97114,0.207175,0
2.45611,1.97618,0.216427,0
2.4562,1.97323,0.224822,0
2.45629,1.98018,0.23437,0
2.45638,1.98211,0.243373,0
2.45646,1.98203,0.252145,0
2.45655,1.98487,0.261313,0
2.45664,1.98272,0.269837,0
2.45673,1.9845,0.278903,0
2.45681,1.97831,0.286842,0
2.4569,1.98891,0.297245,0
2.45699,1.98661,0.305768,0
2.45707,1.99118,0.315372,0
2.45716,1.98288,0.322932,0
2.45725,1.98145,0.331581,0
2.45734,1.98491,0.34107,0
2.45742,1.98045,0.349206,0
2.45751,1.98284,0.358556,0
2.4576,1.97929,0.36684,0
2.45769,1.97374,0.374727,0
2.45777,1.98191,0.385243,0
2.45786,1.99001,0.395838,0
2.45795,1.97651,0.402125,0
2.45803,1.97865,0.41156,0
2.45812,1.98564,0.422061,0
2.45821,1.98085,0.430084,0
2.4583,1.97602,0.438074,0
2.45838,1.97702,0.447354,0
2.45847,1.97895,0.456876,0
2.45856,1.97693,0.465506,0
2.45865,1.97197,0.473427,0
2.45873,1.97571,0.483453,0
2.45882,1.97455,0.492311,0
2.45891,1.9782,0.502399,0
2.45899,1.96824,0.509022,0
2.45908,1.97761,0.520661,0
2.45917,1.97532,0.529285,0
2.45926,1.9701,0.53711,0
2.45934,1.97159,0.54677,0
2.45943,1.97303,0.556453,0
2.45952,1.98597,0.569467,0
2.45961,1.98634,0.578966,0
2.45969,1.98092,0.586776,0
2.45978,1.986,0.597719,0
2.45987,1.98146,0.605794,0
2.45995,1.98644,0.616806,0
2.46004,1.97896,0.623964,0
2.46013,1.98003,0.633813,0
2.46022,1.9782,0.642755,0
2.4603,1.97822,0.65232,0
2.46039,1.97631,0.661263,0
2.46048,1.9753,0.670523,0
2.46057,1.9733,0.679461,0
2.46065,1.97503,0.689713,0
2.46074,1.97295,0.698658,0
2.46083,1.9727,0.708273,0
2.46091,1.97805,0.719952,0
2.461,1.97114,0.727192,0
2.46109,1.96982,0.736486,0
2.46118,1.97407,0.747908,0
2.46126,1.97826,0.759382,0
2.46135,1.98424,0.771631,0
2.46144,1.97714,0.778815,0
2.46153,1.97001,0.785952,0
2.46161,1.96748,0.794915,0
2.4617,1.97233,0.8069,0
2.46179,1.97525,0.818177,0
2.46187,1.96982,0.826015,0
2.46196,1.96344,0.833429,0
2.46205,1.97632,0.849094,0
2.46214,1.97535,0.858905,0
2.46222,1.96243,0.863489,0
2.46231,1.95956,0.87245,0
2.4624,1.96667,0.885921,0
2.46249,1.97462,0.899884,0
2.46257,1.95977,0.903468,0
2.46266,1.96669,0.917082,0
2.46275,1.96086,0.924801,0
2.46283,1.97215,0.940667,0
2.46292,1.97253,0.951435,0
2.46301,1.96926,0.960471,0
2.4631,1.96774,0.970381,0
2.46318,1.96349,0.978958,0
2.46327,1.9717,0.993817,0
2.46336,1.96111,0.999233,0
2.46345,1.96384,1.01144,0
2.46353,1.96295,1.02185,0
2.46362,1.95759,1.02994,0
2.46371,1.96279,1.04364,0
2.46379,1.96351,1.05503,0
2.46388,1.96416,1.06645,0
2.46397,1.95948,1.07501,0
2.46406,1.96702,1.09034,0
2.46414,1.95963,1.09744,0
2.46423,1.96352,1.11091,0
2.46432,1.95779,1.11897,0
2.4644,1.96588,1.135,0
2.46449,1.96091,1.14357,0
2.46458,1.96451,1.15719,0
2.46467,1.95859,1.16524,0
2.46475,1.9612,1.17841,0
2.46484,1.95176,1.18436,0
2.46493,1.96363,1.20331,0
2.46502,1.96091,1.21345,0
2.4651,1.96747,1.22941,0
2.46519,1.95955,1.23638,0
2.46528,1.96426,1.25137,0
2.46536,1.96046,1.26101,0
2.46545,1.96417,1.27554,0
2.46554,1.95691,1.28301,0
2.46563,1.95713,1.2954,0
2.46571,1.96144,1.31059,0
2.4658,1.96316,1.32417,0
2.46589,1.95736,1.33272,0
2.46598,1.94988,1.34012,0
2.46606,1.96538,1.36343,0
2.46615,1.96023,1.37257,0
2.46624,1.96239,1.38688,0
2.46632,1.95469,1.39427,0
2.46641,1.9567,1.40863,0
2.4665,1.95297,1.41891,0
2.46659,1.95321,1.43215,0
2.46667,1.95739,1.44839,0
2.46676,1.94865,1.45513,0
2.46685,1.95506,1.47324,0
2.46694,1.951,1.48358,0
2.46702,1.958,1.50242,0
2.46711,1.95379,1.51279,0
2.4672,1.95348,1.52622,0
2.46728,1.9523,1.53907,0
2.46737,1.9573,1.55691,0
2.46746,1.95127,1.56606,0
2.46755,1.95374,1.58211,0
2.46763,1.96076,1.60201,0
2.46772,1.95607,1.61246,0
2.46781,1.95824,1.62865,0
2.4679,1.95112,1.63718,0
2.46798,1.95464,1.65472,0
2.46807,1.95576,1.67038,0
2.46816,1.95603,1.68543,0
2.46824,1.94866,1.69394,0
2.46833,1.95478,1.7143,0
2.46842,1.95253,1.72745,0
2.46851,1.95243,1.74261,0
2.46859,1.95298,1.75848,0
2.46868,1.94973,1.77101,0
2.46877,1.9501,1.78694,0
2.46886,1.94449,1.79746,0
2.46894,1.9571,1.82503,0
2.46903,1.94184,1.8267,0
2.46912,1.94908,1.84961,0
2.4692,1.94822,1.86501,0
2.46929,1.9602,1.89294,0
2.46938,1.94977,1.89939,0
2.46947,1.95573,1.92189,0
2.46955,1.95585,1.93886,0
2.46964,1.94737,1.94737,0
2.46973,1.95294,1.97005,0
2.46982,1.95063,1.98498,0
2.4699,1.94753,1.9992,0
2.46999,1.95199,2.02134,0
2.47008,1.95007,2.03707,0
2.47016,1.95217,2.05716,0
2.47025,1.95072,2.07367,0
2.47034,1.95529,2.09679,0
2.47043,1.9597,2.11999,0
2.47051,1.9511,2.12926,0
2.4706,1.95255,2.14959,0
2.47069,1.95118,2.16701,0
2.47078,1.95569,2.19117,0
2.47086,1.95804,2.21316,0
2.47095,1.95166,2.22545,0
2.47104,1.93931,2.23092,0
2.47112,1.91977,2.228,0
2.47121,1.89899,2.22343,0
2.4713,1.88604,2.22788,0
2.47139,1.86923,2.22766,0
2.47147,1.8499,2.22426,0
2.47156,1.83699,2.22845,0
2.47165,1.82156,2.22948,0
2.47174,1.80049,2.22341,0
2.47182,1.78326,2.22189,0
2.47191,1.76919,2.22417,0
2.472,1.75327,2.22402,0
2.47208,1.73617,2.22219,0
2.47217,1.72033,2.22184,0
2.47226,1.7021,2.21822,0
2.47235,1.68695,2.21846,0
2.47243,1.67184,2.21861,0
2.47252,1.66334,2.22749,0
2.47261,1.6435,2.22106,0
2.4727,1.62492,2.21611,0
2.47278,1.61347,2.22075,0
2.47287,1.59792,2.21965,0
2.47296,1.58242,2.21846,0
2.47304,1.56406,2.2131,0
2.47313,1.55497,2.22072,0
2.47322,1.54241,2.22338,0
2.47331,1.5225,2.21525,0
2.47339,1.51113,2.21939,0
2.47348,1.49416,2.21519,0
2.47357,1.48115,2.2167,0
2.47366,1.4676,2.2173,0
2.47374,1.44749,2.2078,0
2.47383,1.4324,2.2057,0
2.47392,1.41681,2.20268,0
2.474,1.40558,2.20631,0
2.47409,1.3922,2.2065,0
2.47418,1.3815,2.21086,0
2.47427,1.3671,2.20922,0
2.47435,1.35536,2.21175,0
2.47444,1.34259,2.21251,0
2.47453,1.32674,2.20806,0
2.47462,1.313,2.20696,0
2.4747,1.30336,2.21266,0
2.47479,1.28916,2.21056,0
2.47488,1.2725,2.20403,0
2.47496,1.26188,2.20783,0
2.47505,1.24829,2.20635,0
2.47514,1.23426,2.20392,0
2.47523,1.22657,2.21279,0
2.47531,1.21209,2.20935,0
2.4754,1.19862,2.20759,0
2.47549,1.18614,2.20751,0
2.47558,1.16992,2.20031,0
2.47566,1.16171,2.20804,0
2.47575,1.15068,2.21043,0
2.47584,1.13644,2.20654,0
2.47592,1.12771,2.21326,0
2.47601,1.11084,2.20387,0
2.4761,1.10032,2.20691,0
2.47619,1.0867,2.20362,0
2.47627,1.07752,2.20924,0
2.47636,1.067,2.21211,0
2.47645,1.05174,2.20502,0
2.47653,1.04253,2.21049,0
2.47662,1.03203,2.2132,0
2.47671,1.01776,2.2077,0
2.4768,1.00397,2.20302,0
2.47688,0.991475,2.20099,0
2.47697,0.983896,2.20987,0
2.47706,0.971828,2.20865,0
2.47715,0.957795,2.20278,0
2.47723,0.944227,2.19775,0
2.47732,0.933066,2.19817,0
2.47741,0.924626,2.20498,0
2.47749,0.911935,2.2016,0
2.47758,0.90497,2.21204,0
2.47767,0.892688,2.20948,0
2.47776,0.880815,2.20778,0
2.47784,0.867142,2.20137,0
2.47793,0.858616,2.20793,0
2.47802,0.846465,2.20512,0
2.47811,0.83471,2.20318,0
2.47819,0.823338,2.20212,0
2.47828,0.810606,2.19724,0
2.47837,0.799643,2.197,0
2.47845,0.789711,2.19953,0
2.47854,0.778771,2.19918,0
2.47863,0.768179,2.19973,0
2.47872,0.754993,2.19266,0
2.4788,0.741882,2.18551,0
2.47889,0.733608,2.19252,0
2.47898,0.727793,2.2071,0
2.47907,0.71661,2.2055,0
2.47915,0.704542,2.20099,0
2.47924,0.694931,2.20404,0
2.47933,0.683528,2.20132,0
2.47941,0.67187,2.19759,0
2.4795,0.660546,2.19475,0
2.47959,0.651247,2.19857,0
2.47968,0.640809,2.19851,0
2.47976,0.629556,2.19552,0
2.47985,0.618613,2.19344,0
2.47994,0.610105,2.19997,0
2.48003,0.598922,2.19682,0
2.48011,0.58959,2.20038,0
2.4802,0.577183,2.19229,0
2.48029,0.569615,2.20254,0
2.48037,0.55483,2.18465,0
2.48046,0.547469,2.19578,0
2.48055,0.537883,2.19815,0
2.48064,0.52712,2.19561,0
2.48072,0.517305,2.19692,0
2.48081,0.506815,2.19526,0
2.4809,0.497231,2.19745,0
2.48099,0.485474,2.18983,0
2.48107,0.475915,2.19193,0
2.48116,0.467386,2.19888,0
2.48125,0.456769,2.196,0
2.48133,0.445986,2.19209,0
2.48142,0.437393,2.19892,0
2.48151,0.426649,2.19492,0
2.4816,0.416508,2.19381,0
2.48168,0.406021,2.19069,0
2.48177,0.39628,2.19146,0
2.48186,0.385499,2.18627,0
2.48195,0.374771,2.18104,0
2.48203,0.36525,2.18265,0
2.48212,0.356206,2.18718,0
2.48221,0.347597,2.19464,0
2.48229,0.338018,2.19614,0
2.48238,0.326363,2.18375,0
2.48247,0.316545,2.18317,0
2.48256,0.307573,2.18849,0
2.48264,0.296942,2.18189,0
2.48273,0.287288,2.18217,0
2.48282,0.277512,2.18142,0
2.48291,0.268722,2.18856,0
2.48299,0.257995,2.17979,0
2.48308,0.249387,2.18884,0
2.48317,0.239289,2.18494,0
2.48325,0.22944,2.18298,0
2.48334,0.220013,2.18495,0
2.48343,0.210094,2.18191,0
2.48352,0.200938,2.18679,0
2.4836,0.190871,2.18167,0
2.48369,0.180853,2.1765,0
2.48378,0.172139,2.18724,0
2.48387,0.162372,2.18498,0
2.48395,0.152557,2.18167,0
2.48404,0.143037,2.18232,0
2.48413,0.133635,2.18492,0
2.48421,0.123874,2.18149,0
2.4843,0.114616,2.187,0
2.48439,0.104976,2.18548,0
2.48448,0.0956574,2.19091,0
2.48456,0.0857435,2.18232,0
2.48465,0.0763951,2.18767,0
2.48474,0.0667878,2.18598,0
2.48483,0.0571182,2.18125,0
2.48491,0.0475783,2.18048,0
2.485,0.038151,2.18567,0
2.48509,0.0285878,2.18381,0
2.48517,0.0189541,2.17192,0
2.48526,0.009499,2.17698,0
2.48535,7.94954e-08,2.185,0
2.48544,-0.00949012,2.17498,0
2.48552,-0.0190238,2.17992,0
2.48561,-0.028653,2.18881,0
2.4857,-0.0380462,2.17967,0
2.48579,-0.0476436,2.18348,0
2.48587,-0.0569086,2.17325,0
2.48596,-0.0665739,2.17898,0
2.48605,-0.0758714,2.17268,0
2.48613,-0.0857434,2.18232,0
2.48622,-0.0949593,2.17493,0
2.48631,-0.104928,2.18448,0
2.4864,-0.11404,2.17601,0
2.48648,-0.123533,2.1755,0
2.48657,-0.133452,2.18192,0
2.48666,-0.142906,2.18032,0
2.48675,-0.151999,2.17369,0
2.48683,-0.161631,2.175,0
2.48692,-0.171119,2.17428,0
2.48701,-0.181184,2.18049,0
2.48709,-0.188605,2.15577,0
2.48718,-0.1938,2.10911,0
2.48727,-0.199359,2.07042,0
2.48736,-0.20779,2.06356,0
2.48744,-0.215851,2.05369,0
2.48753,-0.224266,2.04776,0
2.48762,-0.232633,2.04179,0
2.48771,-0.241657,2.04175,0
2.48779,-0.252269,2.05457,0
2.48788,-0.261989,2.0594,0
2.48797,-0.269145,2.04436,0
2.48805,-0.278197,2.04416,0
2.48814,-0.287253,2.04391,0
2.48823,-0.295595,2.03868,0
2.48832,-0.305374,2.04331,0
2.4884,-0.314743,2.04492,0
2.48849,-0.323037,2.03958,0
2.48858,-0.332737,2.04308,0
2.48867,-0.342144,2.04457,0
2.48875,-0.351231,2.04404,0
2.48884,-0.360667,2.04545,0
2.48893,-0.368699,2.03893,0
2.48901,-0.378503,2.04222,0
2.4891,-0.387597,2.04153,0
2.48919,-0.398982,2.05258,0
2.48928,-0.406958,2.04592,0
2.48936,-0.415682,2.04314,0
2.48945,-0.425815,2.04718,0
2.48954,-0.435159,2.04726,0
2.48962,-0.444936,2.04925,0
2.48971,-0.452792,2.04241,0
2.4898,-0.46192,2.04139,0
2.48989,-0.471047,2.04033,0
2.48997,-0.483154,2.05188,0
2.49006,-0.490002,2.041,0
2.49015,-0.500566,2.04565,0
2.49024,-0.512149,2.05412,0
2.49032,-0.520122,2.04798,0
2.49041,-0.529804,2.0486,0
2.4905,-0.538992,2.04724,0
2.49058,-0.547661,2.0439,0
2.49067,-0.555522,2.03763,0
2.49076,-0.567614,2.04675,0
2.49085,-0.576539,2.04426,0
2.49093,-0.587383,2.04845,0
2.49102,-0.596036,2.04491,0
2.49111,-0.605805,2.04516,0
2.4912,-0.614723,2.0425,0
2.49128,-0.624214,2.04171,0
2.49137,-0.634006,2.04183,0
2.49146,-0.640804,2.03237,0
2.49154,-0.653934,2.04289,0
2.49163,-0.662532,2.03907,0
2.49172,-0.671423,2.03615,0
2.49181,-0.682522,2.03984,0
2.49189,-0.693666,2.04348,0
2.49198,-0.70225,2.03948,0
2.49207,-0.71378,2.04395,0
2.49216,-0.721357,2.03705,0
2.49224,-0.731252,2.03671,0
2.49233,-0.743552,2.04289,0
2.49242,-0.751766,2.03775,0
2.4925,-0.761351,2.03633,0
2.49259,-0.770937,2.03485,0
2.49268,-0.783392,2.04081,0
2.49277,-0.793377,2.04017,0
2.49285,-0.80447,2.04227,0
2.49294,-0.815967,2.04524,0
2.49303,-0.334149,0.827048,0
2.49312,-0.328667,0.803369,0
2.4932,-0.339823,0.820405,0
2.49329,-0.338372,0.806926,0
2.49338,-0.342671,0.807283,0
2.49346,-0.347769,0.809455,0
2.49355,-0.343722,0.790506,0
2.49364,-0.340321,0.773438,0
2.49373,-0.342065,0.768292,0
2.49381,-0.336379,0.746733,0
2.4939,-0.330925,0.726149,0
2.49399,-0.334509,0.725606,0
2.49408,-0.336404,0.721421,0
2.49416,-0.332297,0.704571,0
2.49425,-0.331924,0.695893,0
2.49434,-0.334957,0.694438,0
2.49442,-0.331409,0.679488,0
2.49451,-0.336139,0.681623,0
2.4946,-0.336433,0.674781,0
2.49469,-0.331272,0.657233,0
2.49477,-0.334137,0.655781,0
2.49486,-0.329669,0.640092,0
2.49495,-0.332921,0.639535,0
2.49504,-0.331052,0.629226,0
2.49512,-0.327691,0.616297,0
2.49521,-0.327064,0.608696,0
2.4953,-0.330194,0.608141,0
2.49538,-0.327072,0.596174,0
2.49547,-0.327731,0.591243,0
2.49556,-0.327865,0.585445,0
2.49565,-0.325,0.574435,0
2.49573,-0.324526,0.567802,0
2.49582,-0.3285,0.568979,0
2.49591,-0.324934,0.557174,0
2.496,-0.32787,0.556612,0
2.49608,-0.321603,0.540567,0
2.49617,-0.326019,0.542587,0
2.49626,-0.328383,0.541159,0
2.49634,-0.322904,0.526932,0
2.49643,-0.322043,0.520416,0
2.49652,-0.321661,0.514765,0
2.49661,-0.323904,0.513357,0
2.49669,-0.326678,0.512782,0
2.49678,-0.326749,0.507988,0
2.49687,-0.318614,0.490622,0
2.49696,-0.313075,0.477519,0
2.49704,-0.323435,0.488657,0
2.49713,-0.325564,0.487241,0
2.49722,-0.319858,0.47421,0
2.4973,-0.321924,0.472809,0
2.49739,-0.322285,0.468928,0
2.49748,-0.324898,0.468339,0
2.49757,-0.325791,0.465278,0
2.49765,-0.318007,0.44997,0
2.49774,-0.324032,0.454277,0
2.49783,-0.319585,0.443931,0
2.49792,-0.326221,0.449004,0
2.498,-0.322855,0.440319,0
2.49809,-0.321799,0.434887,0
2.49818,-0.324292,0.43428,0
2.49826,-0.321971,0.42727,0
2.49835,-0.320806,0.421881,0
2.49844,-0.312903,0.407784,0
2.49853,-0.317741,0.410368,0
2.49861,-0.32076,0.410554,0
2.4987,-0.32131,0.407579,0
2.49879,-0.320595,0.403043,0
2.49888,-0.322976,0.40242,0
2.49896,-0.321583,0.397122,0
2.49905,-0.318251,0.38952,0
2.49914,-0.319311,0.387356,0
2.49922,-0.312046,0.375195,0
2.49931,-0.30661,0.365403,0
2.4994,-0.319831,0.3778,0
2.49949,-0.31823,0.372599,0
2.49957,-0.322463,0.374237,0
2.49966,-0.316877,0.364525,0
2.49975,-0.313849,0.357876,0
2.49984,-0.312757,0.353507,0
2.49992,-0.302976,0.339456,0
2.50001,-0.297094,0.329956,0
2.5001,-0.283739,0.312372,0
2.50018,-0.364819,0.39813,0
2.50027,-0.120148,0.129975,0
2.50036,-0.188914,0.202585,0
2.50045,-0.148685,0.158056,0
2.50053,-0.151438,0.159582,0
2.50062,-0.166655,0.17409,0
2.50071,-0.209092,0.216521,0
2.5008,-0.189799,0.194834,0
2.50088,-0.140883,0.143363,0
2.50097,-0.124611,0.125703,0
2.50106,-0.105359,0.105359,0
