7200
544
0.471239
0.486947,-0.0480833,-0.0480833,0
0.487034,-0.049281,-0.049713,0
0.487121,-0.0434564,-0.0442215,0
0.487209,-0.0439608,-0.045127,0
0.487296,-0.0534887,-0.0553892,0
0.487383,-0.0484059,-0.0505655,0
0.48747,-0.0578218,-0.0609314,0
0.487558,-0.0383702,-0.0407888,0
0.487645,-0.0572879,-0.0614337,0
0.487732,-0.0543041,-0.0587458,0
0.48782,-0.0648567,-0.0707786,0
0.487907,-0.0685814,-0.0755022,0
0.487994,-0.06156,-0.0683693,0
0.488081,-0.0679199,-0.0760979,0
0.488169,-0.0569853,-0.0644102,0
0.488256,-0.0494509,-0.056388,0
0.488343,-0.055109,-0.0633956,0
0.48843,-0.0541791,-0.0628779,0
0.488518,-0.0603987,-0.0707178,0
0.488605,-0.057505,-0.0679277,0
0.488692,-0.0655643,-0.0781365,0
0.488779,-0.0613861,-0.0738088,0
0.488867,-0.0604274,-0.0733043,0
0.488954,-0.0569435,-0.0696953,0
0.489041,-0.0578975,-0.0714974,0
0.489129,-0.0588368,-0.0733091,0
0.489216,-0.0610064,-0.0766956,0
0.489303,-0.059433,-0.0753904,0
0.48939,-0.0609505,-0.0780131,0
0.489478,-0.0526507,-0.0679993,0
0.489565,-0.0572236,-0.0745752,0
0.489652,-0.06174,-0.0811922,0
0.489739,-0.0613851,-0.0814608,0
0.489827,-0.0694057,-0.0929454,0
0.489914,-0.0565082,-0.0763664,0
0.490001,-0.0626788,-0.0854831,0
0.490088,-0.0693587,-0.095464,0
0.490176,-0.0847162,-0.117678,0
0.490263,-0.0807177,-0.113162,0
0.49035,-0.102732,-0.145362,0
0.490438,-0.123319,-0.176118,0
0.490525,-0.151049,-0.217736,0
0.490612,-0.17332,-0.252183,0
0.490699,-0.208801,-0.306665,0
0.490787,-0.098418,-0.145911,0
0.490874,-0.122225,-0.182923,0
0.490961,-0.286455,-0.432787,0
0.491048,-0.285112,-0.434869,0
0.491136,-0.291927,-0.449527,0
0.491223,-0.298077,-0.463412,0
0.49131,-0.301425,-0.473143,0
0.491397,-0.301492,-0.477836,0
0.491485,-0.307353,-0.491868,0
0.491572,-0.296258,-0.478748,0
0.491659,-0.303049,-0.494531,0
0.491746,-0.301407,-0.496704,0
0.491834,-0.298722,-0.497157,0
0.491921,-0.290926,-0.489002,0
0.492008,-0.29285,-0.49716,0
0.492096,-0.28967,-0.496705,0
0.492183,-0.281,-0.486706,0
0.49227,-0.287806,-0.503555,0
0.492357,-0.27625,-0.48827,0
0.492445,-0.27656,-0.493833,0
0.492532,-0.271978,-0.490662,0
0.492619,-0.271759,-0.495351,0
0.492706,-0.2653,-0.488622,0
0.492794,-0.267899,-0.498584,0
0.492881,-0.26666,-0.501514,0
0.492968,-0.265866,-0.505328,0
0.493055,-0.260426,-0.500274,0
0.493143,-0.258699,-0.502295,0
0.49323,-0.264676,-0.519457,0
0.493317,-0.260607,-0.517035,0
0.493405,-0.25344,-0.508323,0
0.493492,-0.25697,-0.521083,0
0.493579,-0.250748,-0.51411,0
0.493666,-0.250675,-0.519703,0
0.493754,-0.25228,-0.528915,0
0.493841,-0.252102,-0.534533,0
0.493928,-0.253148,-0.542878,0
0.494015,-0.249103,-0.540345,0
0.494103,-0.252963,-0.555076,0
0.49419,-0.252592,-0.560734,0
0.494277,-0.261938,-0.588323,0
0.494364,-0.279103,-0.634311,0
0.494452,-0.291087,-0.669454,0
0.494539,-0.289347,-0.673474,0
0.494626,-0.284062,-0.669207,0
0.494714,-0.279979,-0.667673,0
0.494801,-0.28242,-0.681823,0
0.494888,-0.280957,-0.686751,0
0.494975,-0.291069,-0.720422,0
0.495063,-0.290146,-0.727258,0
0.49515,-0.299798,-0.761082,0
0.495237,-0.306985,-0.789411,0
0.495324,-0.30963,-0.806614,0
0.495412,-0.312485,-0.824789,0
0.495499,-0.312385,-0.835512,0
0.495586,-0.309429,-0.838743,0
0.495673,-0.307476,-0.844784,0
0.495761,-0.312911,-0.871529,0
0.495848,-0.311442,-0.879485,0
0.495935,-0.310239,-0.888388,0
0.496023,-0.30929,-0.898243,0
0.49611,-0.308582,-0.909053,0
0.496197,-0.307151,-0.917977,0
0.496284,-0.30878,-0.936403,0
0.496372,-0.310562,-0.955812,0
0.496459,-0.307913,-0.96192,0
0.496546,-0.308223,-0.97756,0
0.496633,-0.306327,-0.986536,0
0.496721,-0.302605,-0.989775,0
0.496808,-0.293672,-0.975765,0
0.496895,-0.294524,-0.994296,0
0.496982,-0.290463,-0.996532,0
0.49707,-0.291073,-1.01509,0
0.497157,-0.289084,-1.02501,0
0.497244,-0.287548,-1.03687,0
0.497332,-0.288808,-1.05934,0
0.497419,-0.281077,-1.049,0
0.497506,-0.285918,-1.08599,0
0.497593,-0.287937,-1.11337,0
0.497681,-0.287015,-1.13012,0
0.497768,-0.284742,-1.14204,0
0.497855,-0.282371,-1.15395,0
0.497942,-0.287371,-1.19699,0
0.49803,-0.288105,-1.22354,0
0.498117,-0.285688,-1.23745,0
0.498204,-0.283817,-1.25429,0
0.498291,-0.287215,-1.29554,0
0.498379,-0.284742,-1.31144,0
0.498466,-0.291492,-1.37136,0
0.498553,-0.365333,-1.75641,0
0.498641,-0.320982,-1.57768,0
0.498728,-0.308828,-1.55258,0
0.498815,-0.311591,-1.603,0
0.498902,-0.329961,-1.73795,0
0.49899,-0.362649,-1.95668,0
0.499077,-0.358556,-1.98284,0
0.499164,-0.351811,-1.99522,0
0.499251,-0.341409,-1.98688,0
0.499339,-0.334386,-1.99821,0
0.499426,-0.323575,-1.98682,0
0.499513,-0.31412,-1.98328,0
0.4996,-0.305464,-1.98463,0
0.499688,-0.295914,-1.98001,0
0.499775,-0.287846,-1.98524,0
0.499862,-0.278207,-1.97955,0
0.49995,-0.271185,-1.99263,0
0.500037,-0.260661,-1.97992,0
0.500124,-0.253155,-1.98996,0
0.500211,-0.243617,-1.9841,0
0.500299,-0.235545,-1.99011,0
0.500386,-0.226746,-1.99012,0
0.500473,-0.217734,-1.98811,0
0.50056,-0.207803,-1.97711,0
0.500648,-0.199775,-1.98397,0
0.500735,-0.191596,-1.9898,0
0.500822,-0.181814,-1.97866,0
0.500909,-0.173266,-1.98044,0
0.500997,-0.164292,-1.97719,0
0.501084,-0.155584,-1.97689,0
0.501171,-0.147402,-1.98353,0
0.501259,-0.139373,-1.99313,0
0.501346,-0.130741,-1.99472,0
0.501433,-0.120754,-1.97431,0
0.50152,-0.116164,-2.0457,0
0.501608,-0.110952,-2.11709,0
0.501695,-0.10157,-2.11456,0
0.501782,-0.0934328,-2.13996,0
0.501869,-0.0829168,-2.11037,0
0.501957,-0.0737776,-2.11271,0
0.502044,-0.0654746,-2.143,0
0.502131,-0.0557831,-2.13027,0
0.502218,-0.0465748,-2.13449,0
0.502306,-0.0375925,-2.15367,0
0.502393,-0.0284568,-2.17381,0
0.50248,-0.0193555,-2.21792,0
0.502568,-0.010328,-2.36698,0
0.502655,-2.94776e-08,-2.447,0
0.502742,0.0107468,-2.46298,0
0.502829,0.0213974,-2.45191,0
0.502917,0.0322789,-2.46579,0
0.503004,0.0430027,-2.46362,0
0.503091,0.053621,-2.45742,0
0.503178,0.0643953,-2.45916,0
0.503266,0.075369,-2.46685,0
0.503353,0.0863762,-2.47349,0
0.50344,0.0966184,-2.4591,0
0.503527,0.107216,-2.45566,0
0.503615,0.117882,-2.45417,0
0.503702,0.127595,-2.43466,0
0.503789,0.138274,-2.43508,0
0.503877,0.149935,-2.45142,0
0.503964,0.161284,-2.46072,0
0.504051,0.170903,-2.44403,0
0.504138,0.180973,-2.43528,0
0.504226,0.192146,-2.44145,0
0.504313,0.203874,-2.45354,0
0.5044,0.21449,-2.45164,0
0.504487,0.238453,-2.59507,0
0.504575,0.252554,-2.62287,0
0.504662,0.264897,-2.6307,0
0.504749,0.275328,-2.61957,0
0.504836,0.2873,-2.62331,0
0.504924,0.300102,-2.63396,0
0.505011,0.310181,-2.62071,0
0.505098,0.321126,-2.61536,0
0.505186,0.333796,-2.62385,0
0.505273,0.345372,-2.62336,0
0.50536,0.356546,-2.61985,0
0.505447,0.367556,-2.6153,0
0.505535,0.379107,-2.61466,0
0.505622,0.390512,-2.61298,0
0.505709,0.402214,-2.61323,0
0.505796,0.412205,-2.60256,0
0.505884,0.425164,-2.61061,0
0.505971,0.438201,-2.61859,0
0.506058,0.449792,-2.61764,0
0.506145,0.46121,-2.61565,0
0.506233,0.474042,-2.62148,0
0.50632,0.485658,-2.62037,0
0.506407,0.496527,-2.61528,0
0.506495,0.508124,-2.61407,0
0.506582,0.520306,-2.61575,0
0.506669,0.530518,-2.60758,0
0.506756,0.543316,-2.61209,0
0.506844,0.555748,-2.61459,0
0.506931,0.567575,-2.61409,0
0.507018,0.580707,-2.6194,0
0.507105,0.591469,-2.61392,0
0.507193,0.602869,-2.61131,0
0.50728,0.615861,-2.61547,0
0.507367,0.624233,-2.60012,0
0.507454,0.637949,-2.60708,0
0.507542,0.653915,-2.62271,0
0.507629,0.663629,-2.61305,0
0.507716,0.676276,-2.61497,0
0.507804,0.689717,-2.61973,0
0.507891,0.700364,-2.6138,0
0.507978,0.71071,-2.60686,0
0.508065,0.723414,-2.60855,0
0.508153,0.737504,-2.61499,0
0.50824,0.74615,-2.60214,0
0.508327,0.762254,-2.61518,0
0.508414,0.773658,-2.61182,0
0.508502,0.786199,-2.61225,0
0.508589,0.796713,-2.60593,0
0.508676,0.812227,-2.6158,0
0.508763,0.823032,-2.61032,0
0.508851,0.836548,-2.61337,0
0.508938,0.84547,-2.60209,0
0.509025,0.859008,-2.60502,0
0.509113,0.873857,-2.61168,0
0.5092,0.886209,-2.61069,0
0.509287,0.89987,-2.61341,0
0.509374,0.908627,-2.60191,0
0.509462,0.921307,-2.60169,0
0.509549,0.936029,-2.60706,0
0.509636,0.949106,-2.60765,0
0.509723,0.96532,-2.61662,0
0.509811,0.974277,-2.60582,0
0.509898,0.989181,-2.6109,0
0.509985,1.00128,-2.60842,0
0.510072,1.01591,-2.61242,0
0.51016,1.0284,-2.61075,0
0.510247,1.04015,-2.60717,0
0.510334,1.05489,-2.61095,0
0.510422,1.07195,-2.62021,0
0.510509,1.08146,-2.61088,0
0.510596,1.09478,-2.61075,0
0.510683,1.10733,-2.60871,0
0.510771,1.12384,-2.6158,0
0.510858,1.13803,-2.61729,0
0.510945,1.15024,-2.61413,0
0.511032,1.16164,-2.60909,0
0.51112,1.17589,-2.61037,0
0.511207,1.18851,-2.60795,0
0.511294,1.20407,-2.61182,0
0.511381,1.21841,-2.61289,0
0.511469,1.23065,-2.60935,0
0.511556,1.2459,-2.61208,0
0.511643,1.26119,-2.61473,0
0.511731,1.27698,-2.61819,0
0.511818,1.28927,-2.61438,0
0.511905,1.30156,-2.61052,0
0.511992,1.31519,-2.60928,0
0.51208,1.32883,-2.60798,0
0.512167,1.3402,-2.60215,0
0.512254,1.36216,-2.61668,0
0.512341,1.37682,-2.61691,0
0.512429,1.39668,-2.62677,0
0.512516,1.40197,-2.6092,0
0.512603,1.41955,-2.61448,0
0.51269,1.43431,-2.6144,0
0.512778,1.44764,-2.61161,0
0.512865,1.45902,-2.60527,0
0.512952,1.47973,-2.61542,0
0.51304,1.50006,-2.62457,0
0.513127,1.513,-2.62059,0
0.513214,1.52644,-2.61742,0
0.513301,1.54038,-2.61504,0
0.513389,1.55586,-2.61517,0
0.513476,1.57293,-2.61779,0
0.513563,1.58537,-2.61261,0
0.51365,1.6025,-2.61505,0
0.513738,1.61969,-2.61738,0
0.513825,1.63745,-2.62047,0
0.513912,1.6526,-2.61922,0
0.513999,1.66455,-2.61283,0
0.514087,1.68514,-2.61984,0
0.514174,1.702,-2.62085,0
0.514261,1.72054,-2.62427,0
0.514349,1.73363,-2.61924,0
0.514436,1.75505,-2.62661,0
0.514523,1.76817,-2.62142,0
0.51461,1.78409,-2.62029,0
0.514698,1.80061,-2.6199,0
0.514785,1.82456,-2.63009,0
0.514872,1.83831,-2.62538,0
0.514959,1.8561,-2.62632,0
0.515047,1.87161,-2.62389,0
0.515134,1.89122,-2.62706,0
0.515221,1.90384,-2.62041,0
0.515308,1.92294,-2.62256,0
0.515396,1.9415,-2.62379,0
0.515483,1.96669,-2.63372,0
0.51557,1.98599,-2.6355,0
0.515658,2.00534,-2.63715,0
0.515745,2.01926,-2.63155,0
0.515832,2.03807,-2.63221,0
0.515919,2.02122,-2.58704,0
0.516007,2.02072,-2.56327,0
0.516094,2.01757,-2.53643,0
0.516181,2.02236,-2.51981,0
0.516268,2.01634,-2.48998,0
0.516356,2.0158,-2.46722,0
0.516443,2.01319,-2.44219,0
0.51653,2.01935,-2.428,0
0.516617,2.01835,-2.40538,0
0.516705,2.01785,-2.38357,0
0.516792,2.01459,-2.35878,0
0.516879,2.01703,-2.34088,0
0.516967,2.01148,-2.31394,0
0.517054,2.01232,-2.29462,0
0.517141,2.01635,-2.27907,0
0.517228,2.00963,-2.2516,0
0.517316,2.00806,-2.23018,0
0.517403,2.01441,-2.21769,0
0.51749,2.01393,-2.19782,0
0.517577,2.01061,-2.17506,0
0.517665,2.0119,-2.15749,0
0.517752,2.0117,-2.1385,0
0.517839,2.01068,-2.11882,0
0.517926,2.00954,-2.09919,0
0.518014,2.0159,-2.08752,0
0.518101,2.00964,-2.06295,0
0.518188,2.01652,-2.05202,0
0.518276,2.00785,-2.02545,0
0.518363,2.0103,-2.0103,0
0.51845,2.00201,-1.98462,0
0.518537,1.99995,-1.96535,0
0.518625,2.00278,-1.95102,0
0.518712,2.00048,-1.93184,0
0.518799,2.006,-1.92033,0
0.518886,2.00058,-1.89848,0
0.518974,2.00229,-1.88357,0
0.519061,2.00318,-1.86799,0
0.519148,2.0025,-1.85109,0
0.519235,1.9936,-1.8268,0
0.519323,2.00007,-1.81674,0
0.51941,1.9998,-1.80063,0
0.519497,2.00018,-1.78523,0
0.519585,1.99896,-1.76853,0
0.519672,1.99463,-1.74924,0
0.519759,2.00074,-1.73921,0
0.519846,1.9977,-1.72133,0
0.519934,1.99607,-1.7048,0
0.520021,1.99662,-1.69026,0
0.520108,1.99784,-1.67639,0
0.520195,1.9913,-1.65615,0
0.520283,1.99928,-1.64808,0
0.52037,1.99716,-1.63175,0
0.520457,1.99804,-1.61798,0
0.520544,1.9965,-1.60236,0
0.520632,1.99017,-1.58305,0
0.520719,1.9947,-1.5725,0
0.520806,1.99446,-1.55824,0
0.520893,2.00598,-1.5532,0
0.520981,1.9929,-1.52921,0
0.521068,2.00035,-1.5211,0
0.521155,1.9918,-1.50093,0
0.521243,1.99833,-1.49222,0
0.52133,2,-1.47992,0
0.521417,2.00079,-1.46704,0
0.521504,2.0007,-1.45359,0
0.521592,1.99079,-1.43316,0
0.521679,1.99214,-1.42098,0
0.521766,1.99751,-1.4117,0
0.521853,1.993,-1.39551,0
0.521941,1.99578,-1.38452,0
0.522028,1.99521,-1.37127,0
0.522115,1.99952,-1.36143,0
0.522202,1.98969,-1.34206,0
0.52229,1.99553,-1.33337,0
0.522377,1.99632,-1.32134,0
0.522464,1.99622,-1.30878,0
0.522552,1.99352,-1.29461,0
0.522639,1.9941,-1.28265,0
0.522726,1.99209,-1.2691,0
0.522813,1.99253,-1.2572,0
0.522901,1.99546,-1.2469,0
0.522988,1.98897,-1.23081,0
0.523075,1.99177,-1.22056,0
0.523162,1.99194,-1.20874,0
0.52325,1.98777,-1.19437,0
0.523337,1.98781,-1.18262,0
0.523424,1.98519,-1.16937,0
0.523511,1.98682,-1.15868,0
0.523599,1.99099,-1.1495,0
0.523686,1.99599,-1.1408,0
0.523773,1.99224,-1.12716,0
0.523861,1.99365,-1.1165,0
0.523948,1.98889,-1.10246,0
0.524035,1.99455,-1.09425,0
0.524122,1.98173,-1.07599,0
0.52421,1.98729,-1.06781,0
0.524297,1.98487,-1.05537,0
0.524384,1.99034,-1.04717,0
0.524471,1.98779,-1.03478,0
0.524559,1.98962,-1.02472,0
0.524646,1.99229,-1.01512,0
0.524733,1.98063,-0.998318,0
0.52482,1.9957,-0.995021,0
0.524908,1.99285,-0.982765,0
0.524995,1.99263,-0.971869,0
0.525082,1.98154,-0.95578,0
0.52517,1.97305,-0.941097,0
0.525257,1.98437,-0.935892,0
0.525344,1.983,-0.924689,0
0.525431,1.98702,-0.916028,0
0.525519,1.98372,-0.904031,0
0.525606,1.99038,-0.896599,0
0.525693,1.99244,-0.887093,0
0.52578,1.98165,-0.871947,0
0.525868,1.98177,-0.861697,0
0.525955,1.98918,-0.85462,0
0.526042,1.98829,-0.843979,0
0.526129,1.97904,-0.829882,0
0.526217,1.98357,-0.821621,0
0.526304,1.98436,-0.811823,0
0.526391,1.98695,-0.802782,0
0.526479,1.98858,-0.793364,0
0.526566,1.97993,-0.779915,0
0.526653,1.98984,-0.773805,0
0.52674,1.98666,-0.762607,0
0.526828,1.99184,-0.75464,0
0.526915,1.99511,-0.745942,0
0.527002,1.99929,-0.737576,0
0.527089,1.99121,-0.724741,0
0.527177,1.98776,-0.71368,0
0.527264,1.98426,-0.702663,0
0.527351,1.99297,-0.695977,0
0.527438,1.98843,-0.68467,0
0.527526,1.99045,-0.675666,0
0.527613,1.98958,-0.665705,0
0.5277,1.99152,-0.656704,0
0.527788,1.99151,-0.647082,0
0.527875,1.9886,-0.636557,0
0.527962,1.99613,-0.629377,0
0.528049,1.98931,-0.617696,0
0.528137,1.99103,-0.608718,0
0.528224,1.98888,-0.598584,0
0.528311,1.98763,-0.588764,0
0.528398,1.99786,-0.582324,0
0.528486,1.99173,-0.571121,0
0.528573,2.00191,-0.564596,0
0.52866,1.99664,-0.553718,0
0.528747,1.99036,-0.542633,0
0.528835,1.99464,-0.534461,0
0.528922,1.98728,-0.523207,0
0.529009,1.99438,-0.515783,0
0.529097,1.99177,-0.505845,0
0.529184,1.99202,-0.496666,0
0.529271,2.00291,-0.490108,0
0.529358,1.99919,-0.479964,0
0.529446,1.98959,-0.468486,0
0.529533,1.99161,-0.4598,0
0.52962,1.99262,-0.450885,0
0.529707,1.98871,-0.440888,0
0.529795,1.98964,-0.431994,0
0.529882,1.97684,-0.42019,0
0.529969,1.98159,-0.412171,0
0.530056,1.98141,-0.403122,0
0.530144,1.98511,-0.394863,0
0.530231,1.98878,-0.386579,0
0.530318,1.98062,-0.376033,0
0.530406,1.98028,-0.367022,0
0.530493,1.98383,-0.358734,0
0.53058,1.9834,-0.349727,0
0.530667,1.97998,-0.340223,0
0.530755,1.98243,-0.331746,0
0.530842,1.98189,-0.322771,0
0.530929,1.9892,-0.315059,0
0.531016,1.97969,-0.304703,0
0.531104,1.98693,-0.296949,0
0.531191,1.97435,-0.286268,0
0.531278,1.98252,-0.278625,0
0.531365,1.97083,-0.268219,0
0.531453,1.97694,-0.260269,0
0.53154,1.98103,-0.252019,0
0.531627,1.98509,-0.243739,0
0.531715,1.98018,-0.23437,0
0.531802,1.98416,-0.226067,0
0.531889,1.98115,-0.216972,0
0.531976,1.97611,-0.207698,0
0.532064,1.98397,-0.199775,0
0.532151,1.98084,-0.190733,0
0.532238,1.98165,-0.182088,0
0.532325,1.98044,-0.173266,0
0.532413,1.98416,-0.164871,0
0.5325,1.97888,-0.155741,0
0.532587,1.98652,-0.147624,0
0.532674,1.97717,-0.138257,0
0.532762,1.97676,-0.129564,0
0.532849,1.97631,-0.120876,0
0.532936,1.97781,-0.112308,0
0.533024,1.98228,-0.103887,0
0.533111,1.97672,-0.0949488,0
0.533198,1.98211,-0.0865409,0
0.533285,1.96948,-0.0773811,0
0.533373,1.95481,-0.0682635,0
0.53346,1.75518,-0.0536257,0
0.533547,1.69342,-0.0443438,0
0.533634,1.6806,-0.0366709,0
0.533722,1.67774,-0.0292852,0
0.533809,1.68886,-0.0221084,0
0.533896,1.70993,-0.0149224,0
0.533983,1.70298,-0.00743076,0
0.534071,1.694,-4.10192e-08,0
0.534158,1.69898,0.00741322,0
0.534245,1.69594,0.0148002,0
0.534333,1.69186,0.0221476,0
0.53442,1.67674,0.0292676,0
0.534507,1.6666,0.0363654,0
0.534594,1.66343,0.0435584,0
0.534682,1.66622,0.0509077,0
0.534769,1.66099,0.0580029,0
0.534856,1.66472,0.0654068,0
0.534943,1.66441,0.0726699,0
0.535031,1.69205,0.0812749,0
0.535118,1.76558,0.0925299,0
0.535205,1.91292,0.108623,0
0.535292,1.93538,0.118373,0
0.53538,1.94383,0.127405,0
0.535467,1.95922,0.137002,0
0.535554,1.96359,0.14592,0
0.535642,1.98087,0.155898,0
0.535729,1.98018,0.16454,0
0.535816,1.97346,0.172655,0
0.535903,1.98265,0.18218,0
0.535991,1.98084,0.190733,0
0.536078,1.98894,0.200276,0
0.536165,1.9791,0.208012,0
0.536252,1.98115,0.216972,0
0.53634,1.98615,0.226293,0
0.536427,1.98713,0.235192,0
0.536514,1.99006,0.244348,0
0.536601,1.98401,0.252398,0
0.536689,1.98884,0.261835,0
0.536776,1.98173,0.269702,0
0.536863,1.98945,0.279599,0
0.536951,1.98425,0.287703,0
0.537038,1.98495,0.296653,0
0.537125,1.97178,0.303486,0
0.537212,1.98328,0.31412,0
0.5373,1.97991,0.32245,0
0.537387,1.97158,0.32993,0
0.537474,1.98195,0.340562,0
0.537561,1.97651,0.348512,0
0.537649,1.98678,0.359268,0
0.537736,1.96651,0.364471,0
0.537823,1.97374,0.374727,0
0.53791,1.977,0.384289,0
0.537998,1.98707,0.395253,0
0.538085,1.97945,0.402723,0
0.538172,1.98355,0.412578,0
0.53826,1.97781,0.420397,0
0.538347,1.98085,0.430084,0
0.538434,1.98676,0.440455,0
0.538521,1.97702,0.447354,0
0.538609,1.97895,0.456876,0
0.538696,1.97596,0.465277,0
0.538783,1.97877,0.475061,0
0.53887,1.98057,0.484641,0
0.538958,1.98328,0.494488,0
0.539045,1.99177,0.505845,0
0.539132,1.98373,0.513029,0
0.539219,1.97954,0.52117,0
0.539307,1.98015,0.530579,0
0.539394,1.97203,0.537636,0
0.539481,1.97062,0.546502,0
0.539569,1.97785,0.55781,0
0.539656,1.98212,0.568364,0
0.539743,1.97866,0.576728,0
0.53983,1.98188,0.58706,0
0.539918,1.98217,0.596566,0
0.540005,1.97094,0.602578,0
0.540092,1.98358,0.615917,0
0.540179,1.97896,0.623964,0
0.540267,1.97908,0.633508,0
0.540354,1.98771,0.645845,0
0.540441,1.97063,0.649815,0
0.540528,1.97346,0.660311,0
0.540616,1.96867,0.668273,0
0.540703,1.97613,0.680437,0
0.54079,1.97692,0.690372,0
0.540878,1.97578,0.699659,0
0.540965,1.96423,0.705232,0
0.541052,1.97617,0.719268,0
0.541139,1.97489,0.728576,0
0.541227,1.97732,0.739288,0
0.541314,1.97501,0.748263,0
0.541401,1.97546,0.758307,0
0.541488,1.97865,0.769456,0
0.541576,1.99016,0.783946,0
0.541663,1.98022,0.790028,0
0.54175,1.97861,0.79941,0
0.541837,1.9751,0.808036,0
0.541925,1.98357,0.821621,0
0.542012,1.97812,0.829495,0
0.542099,1.97816,0.839681,0
0.542187,1.97724,0.849489,0
0.542274,1.9781,0.860102,0
0.542361,1.97433,0.868725,0
0.542448,1.98331,0.883025,0
0.542536,1.97852,0.89126,0
0.542623,1.97189,0.89864,0
0.54271,1.96795,0.907236,0
0.542797,1.97484,0.920885,0
0.542885,1.98257,0.935039,0
0.542972,1.9893,0.948846,0
0.543059,1.97793,0.954042,0
0.543146,1.97914,0.965293,0
0.543234,1.98119,0.977016,0
0.543321,1.9787,0.986543,0
0.543408,1.97527,0.995618,0
0.543496,1.97625,1.00695,0
0.543583,1.97984,1.01969,0
0.54367,1.9665,1.0237,0
0.543757,1.97972,1.04158,0
0.543845,1.97692,1.05115,0
0.543932,1.97496,1.06118,0
0.544019,1.97207,1.07074,0
0.544106,1.97877,1.08559,0
0.544194,1.97664,1.09567,0
0.544281,1.96922,1.10282,0
0.544368,1.96613,1.11238,0
0.544455,1.97255,1.1274,0
0.544543,1.97281,1.139,0
0.54463,1.96868,1.1481,0
0.544717,1.97572,1.16379,0
0.544805,1.96632,1.16984,0
0.544892,1.97063,1.18407,0
0.544979,1.96801,1.19422,0
0.545066,1.96789,1.20593,0
0.545154,1.97367,1.22134,0
0.545241,1.97256,1.23259,0
0.545328,1.97308,1.24492,0
0.545415,1.96342,1.25083,0
0.545503,1.97224,1.26859,0
0.54559,1.96836,1.27827,0
0.545677,1.97113,1.29233,0
0.545764,1.96964,1.30368,0
0.545852,1.96892,1.31559,0
0.545939,1.96648,1.32641,0
0.546026,1.96976,1.34116,0
0.546114,1.97543,1.35768,0
0.546201,1.97606,1.37084,0
0.546288,1.97006,1.37945,0
0.546375,1.96811,1.39092,0
0.546463,1.97342,1.40762,0
0.54655,1.97699,1.42323,0
0.546637,1.97319,1.43361,0
0.546724,1.98305,1.45403,0
0.546812,1.97347,1.46029,0
0.546899,1.97509,1.47487,0
0.546986,1.97263,1.48648,0
0.547073,1.98045,1.50597,0
0.547161,1.97386,1.5146,0
0.547248,1.98384,1.53605,0
0.547335,1.9716,1.54039,0
0.547423,1.96722,1.55083,0
0.54751,1.96748,1.565,0
0.547597,1.96843,1.57983,0
0.547684,1.97473,1.5991,0
0.547772,1.97393,1.61277,0
0.547859,1.97845,1.6309,0
0.547946,1.97823,1.64528,0
0.548033,1.97716,1.65903,0
0.548121,1.97601,1.67281,0
0.548208,1.98314,1.69376,0
0.548295,1.97421,1.70109,0
0.548382,1.97508,1.71691,0
0.54847,1.97057,1.72815,0
0.548557,1.97275,1.74534,0
0.548644,1.97705,1.76459,0
0.548731,1.9671,1.77119,0
0.548819,1.97268,1.79186,0
0.548906,1.97148,1.80653,0
0.548993,1.96725,1.81851,0
0.549081,1.95857,1.82639,0
0.549168,1.96296,1.84657,0
0.549255,1.97157,1.87095,0
0.549342,1.97494,1.8906,0
0.54943,1.97315,1.90545,0
0.549517,1.9641,1.91334,0
0.549604,1.97428,1.94012,0
0.549691,1.96721,1.95012,0
0.549779,1.97071,1.97071,0
0.549866,1.96631,1.98355,0
0.549953,1.96956,2.00423,0
0.55004,1.96916,2.0214,0
0.550128,1.96658,2.03645,0
0.550215,1.97289,2.0609,0
0.550302,1.96869,2.07457,0
0.55039,1.96716,2.09115,0
0.550477,1.97166,2.11434,0
0.550564,1.97124,2.13247,0
0.550651,1.96664,2.14621,0
0.550739,1.97407,2.17328,0
0.550826,1.96724,2.18485,0
0.550913,1.96701,2.20385,0
0.551,1.97461,2.23189,0
0.551088,1.97342,2.25026,0
0.551175,1.97802,2.27545,0
0.551262,1.97525,2.29239,0
0.551349,1.97367,2.31087,0
0.551437,1.97003,2.3271,0
0.551524,1.97207,2.35022,0
0.551611,1.97203,2.37111,0
0.551699,1.97311,2.39358,0
0.551786,1.97657,2.4192,0
0.551873,1.97795,2.44257,0
0.55196,1.99732,2.48861,0
0.552048,2.01819,2.53722,0
0.552135,1.99905,2.53579,0
0.552222,1.98797,2.54449,0
0.552309,1.97134,2.54602,0
0.552397,1.98213,2.58316,0
0.552484,1.97144,2.59258,0
0.552571,1.97576,2.62192,0
0.552658,1.97028,2.63853,0
0.552746,1.96886,2.66077,0
0.552833,1.97202,2.68949,0
0.55292,1.97143,2.71344,0
0.553008,1.97418,2.74231,0
0.553095,1.96684,2.75741,0
0.553182,1.97441,2.79373,0
0.553269,1.97253,2.81706,0
0.553357,1.9739,2.84536,0
0.553444,1.96939,2.86549,0
0.553531,1.96925,2.89224,0
0.553618,1.97619,2.92982,0
0.553706,1.97172,2.95089,0
0.553793,1.9809,2.99282,0
0.55388,1.9744,3.01147,0
0.553967,1.9705,3.03431,0
0.554055,1.97726,3.074,0
0.554142,1.97941,3.10705,0
0.554229,1.97811,3.13511,0
0.554317,1.97713,3.16407,0
0.554404,1.9812,3.20158,0
0.554491,1.98131,3.23321,0
0.554578,1.98638,3.27346,0
0.554666,1.98032,3.29581,0
0.554753,1.98331,3.33364,0
0.55484,1.98295,3.36639,0
0.554927,1.98034,3.39574,0
0.555015,1.981,3.43119,0
0.555102,1.98387,3.47106,0
0.555189,1.9825,3.50405,0
0.555276,1.97354,3.52401,0
0.555364,1.96445,3.54396,0
0.555451,1.93839,3.53321,0
0.555538,1.92534,3.54603,0
0.555626,1.91127,3.55704,0
0.555713,1.88587,3.5468,0
0.5558,1.86805,3.55057,0
0.555887,1.84838,3.5507,0
0.555975,1.82829,3.54985,0
0.556062,1.81097,3.55422,0
0.556149,1.78914,3.54959,0
0.556236,1.76962,3.54931,0
0.556324,1.74483,3.53816,0
0.556411,1.72981,3.54664,0
0.556498,1.71171,3.54875,0
0.556585,1.69578,3.55528,0
0.556673,1.67258,3.54637,0
0.55676,1.65709,3.55363,0
0.556847,1.63529,3.54721,0
0.556935,1.61855,3.55158,0
0.557022,1.60057,3.55314,0
0.557109,1.57977,3.54821,0
0.557196,1.56588,3.55873,0
0.557284,1.54436,3.55177,0
0.557371,1.5249,3.54929,0
0.557458,1.51057,3.55867,0
0.557545,1.49309,3.56062,0
0.557633,1.47371,3.55786,0
0.55772,1.45742,3.56241,0
0.557807,1.43624,3.55482,0
0.557894,1.41738,3.5527,0
0.557982,1.3982,3.54954,0
0.558069,1.07028,2.75222,0
0.558156,1.04572,2.72419,0
0.558244,1.02886,2.71563,0
0.558331,1.01595,2.71729,0
0.558418,1.00547,2.72545,0
0.558505,0.979888,2.69222,0
0.558593,0.985703,2.74541,0
0.55868,0.96537,2.72612,0
0.558767,0.955773,2.73691,0
0.558854,0.931451,2.70513,0
0.558942,0.920924,2.71295,0
0.559029,0.909713,2.71884,0
0.559116,0.89377,2.71044,0
0.559203,0.881626,2.71336,0
0.559291,0.861547,2.69147,0
0.559378,0.850697,2.69807,0
0.559465,0.840399,2.70653,0
0.559553,0.821565,2.68722,0
0.55964,0.855943,2.84399,0
0.559727,0.793539,2.67894,0
0.559814,0.824936,2.83023,0
0.559902,0.809823,2.82419,0
0.559989,0.795863,2.82192,0
0.560076,0.779267,2.80995,0
0.560163,0.769366,2.822,0
0.560251,0.751352,2.80408,0
0.560338,0.737837,2.8025,0
0.560425,0.726102,2.80763,0
0.560512,0.710152,2.79623,0
0.5606,0.693106,2.7799,0
0.560687,0.681683,2.78581,0
0.560774,0.668121,2.78292,0
0.560862,0.653909,2.77705,0
0.560949,0.64156,2.7789,0
0.561036,0.627222,2.77192,0
0.561123,0.614256,2.77073,0
0.561211,0.600463,2.76556,0
0.561298,0.587351,2.76327,0
0.561385,0.572437,2.7521,0
0.561472,0.560822,2.75653,0
0.56156,0.547814,2.75405,0
0.561647,0.536173,2.75837,0
0.561734,0.522267,2.75086,0
0.561821,0.509713,2.75016,0
0.561909,0.498242,2.75531,0
0.561996,0.483263,2.74072,0
0.562083,0.471977,2.74674,0
0.562171,0.459493,2.74582,0
0.562258,0.446221,2.7399,0
0.562345,0.432698,2.73195,0
0.562432,0.421534,2.73875,0
0.56252,0.407658,2.72771,0
0.562607,0.396757,2.73639,0
0.562694,0.383004,2.72522,0
0.562781,0.369492,2.71497,0
0.562869,0.359208,2.72846,0
0.562956,0.346795,2.72603,0
0.563043,0.335019,2.72851,0
0.56313,0.32217,2.722,0
0.563218,0.31063,2.72636,0
0.563305,0.298731,2.72769,0
0.563392,0.286199,2.723,0
0.56348,0.274515,2.72621,0
0.563567,0.262138,2.72241,0
0.563654,0.249708,2.71755,0
0.563741,0.236628,2.70467,0
0.563829,0.225901,2.71863,0
0.563916,0.214193,2.72158,0
0.564003,0.201056,2.70554,0
0.56409,0.189947,2.71637,0
0.564178,0.1777,2.71118,0
0.564265,0.165808,2.71093,0
0.564352,0.153694,2.70664,0
0.564439,0.142563,2.72027,0
0.564527,0.130788,2.72286,0
0.564614,0.118514,2.71441,0
0.564701,0.10663,2.71391,0
0.564789,0.0947522,2.71335,0
0.564876,0.0829122,2.71373,0
0.564963,0.0707826,2.70307,0
0.56505,0.0591621,2.71135,0
0.565138,0.0472089,2.70459,0
0.565225,0.0354729,2.70977,0
0.565312,0.0235443,2.6979,0
0.565399,0.0118116,2.70697,0
0.565487,9.82323e-08,2.7,0
0.565574,-0.0117503,2.69297,0
0.565661,-0.0234306,2.6849,0
0.565748,-0.0352633,2.69377,0
0.565836,-0.046912,2.68759,0
0.565923,-0.0586383,2.68736,0
0.56601,-0.0707038,2.70007,0
0.566098,-0.0816904,2.67375,0
0.566185,-0.0936003,2.68037,0
0.566272,-0.105766,2.69192,0
0.566359,-0.117729,2.69643,0
0.566447,-0.129301,2.6919,0
0.566534,-0.141516,2.70029,0
0.566621,-0.15256,2.68667,0
0.566708,-0.164343,2.68698,0
0.566796,-0.175934,2.68424,0
0.566883,-0.187436,2.68045,0
0.56697,-0.200093,2.69258,0
0.567057,-0.211761,2.69068,0
0.567145,-0.223748,2.69272,0
0.567232,-0.235059,2.68674,0
0.567319,-0.247786,2.69664,0
0.567407,-0.258783,2.68757,0
0.567494,-0.270508,2.68641,0
0.567581,-0.281809,2.68123,0
0.567668,-0.293832,2.68296,0
0.567756,-0.305875,2.68463,0
0.567843,-0.317586,2.68327,0
0.56793,-0.330388,2.69079,0
0.568017,-0.340611,2.67742,0
0.568105,-0.353856,2.68781,0
0.568192,-0.364637,2.6793,0
0.568279,-0.377716,2.68759,0
0.568366,-0.389726,2.68789,0
0.568454,-0.40012,2.67727,0
0.568541,-0.412254,2.67846,0
0.568628,-0.425502,2.68651,0
0.568716,-0.438666,2.69351,0
0.568803,-0.448599,2.68072,0
0.56889,-0.4608,2.6817,0
0.568977,-0.471455,2.67375,0
0.569065,-0.48543,2.68446,0
0.569152,-0.497321,2.6833,0
0.569239,-0.509211,2.68209,0
0.569326,-0.520908,2.67984,0
0.569414,-0.532792,2.67852,0
0.569501,-0.54567,2.68205,0
0.569588,-0.554516,2.66594,0
0.569675,-0.544313,2.56079,0
0.569763,-0.527474,2.4294,0
0.56985,-0.523134,2.35971,0
0.569937,-0.52526,2.32131,0
0.570025,-0.530434,2.29756,0
0.570112,-0.539308,2.29036,0
0.570199,-0.544394,2.26757,0
0.570286,-0.552144,2.25643,0
0.570374,-0.558598,2.24041,0
0.570461,-0.566152,2.22923,0
0.570548,-0.574622,2.2219,0
0.570635,-0.579729,2.20196,0
0.570723,-0.590107,2.20231,0
0.57081,-0.602341,2.20936,0
0.570897,-0.611441,2.20479,0
0.570984,-0.621056,2.2021,0
0.571072,-0.625972,2.18303,0
0.571159,-0.631574,2.16683,0
0.571246,-0.638182,2.15447,0
0.571334,-0.645271,2.144,0
0.571421,-0.653743,2.1383,0
0.571508,-0.66277,2.13447,0
0.571595,-0.673882,2.13728,0
0.571683,-0.68503,2.14003,0
0.57177,-0.694052,2.13607,0
0.571857,-0.702739,2.13112,0
0.571944,-0.704416,2.10528,0
0.572032,-0.707488,2.08419,0
0.572119,-0.709413,2.06028,0
0.572206,-0.712132,2.03923,0
0.572293,-0.705334,1.9918,0
0.572381,-0.702191,1.95576,0
0.572468,-0.701825,1.92825,0
0.572555,-0.705387,1.91203,0
0.572643,-0.704267,1.88365,0
0.57273,-0.702205,1.85344,0
0.572817,-0.695951,1.81301,0
0.572904,-0.699868,1.79971,0
0.572992,-0.697818,1.77152,0
0.573079,-0.698501,1.75081,0
0.573166,-0.70014,1.73291,0
0.573253,-0.700121,1.71132,0
0.573341,-0.698397,1.68608,0
0.573428,-0.698013,1.66457,0
0.573515,-0.698627,1.64586,0
0.573602,-0.698302,1.62534,0
0.57369,-0.697013,1.60302,0
0.573777,-0.694738,1.57891,0
0.573864,-0.697553,1.56673,0
0.573952,-0.705615,1.56641,0
0.574039,-0.707467,1.55239,0
0.574126,-0.707954,1.53567,0
0.574213,-0.712112,1.52713,0
0.574301,-0.717915,1.5222,0
0.574388,-0.721106,1.51183,0
0.574475,-0.730737,1.51497,0
0.574562,-0.73734,1.51177,0
0.57465,-0.744814,1.51033,0
0.574737,-0.746489,1.49723,0
0.574824,-0.761116,1.51003,0
0.574911,-0.766336,1.50402,0
0.574999,-0.775638,1.506,0
0.575086,-0.77897,1.49639,0
0.575173,-0.789682,1.50094,0
0.575261,-0.797632,1.50013,0
0.575348,-0.80133,1.49135,0
0.575435,-0.805921,1.48432,0
0.575522,-0.818643,1.49219,0
0.57561,-0.780543,1.40814,0
0.575697,-0.693842,1.23894,0
0.575784,-0.681022,1.2037,0
0.575871,-0.671877,1.17554,0
0.575959,-0.6695,1.15961,0
0.576046,-0.669012,1.14717,0
0.576133,-0.666905,1.13218,0
0.57622,-0.66826,1.12324,0
0.576308,-0.665944,1.10832,0
0.576395,-0.664549,1.09514,0
0.576482,-0.668798,1.09138,0
0.576569,-0.669344,1.08165,0
0.576657,-0.669818,1.07193,0
0.576744,-0.66435,1.05293,0
0.576831,-0.663028,1.04075,0
0.576919,-0.667022,1.037,0
0.577006,-0.668817,1.02989,0
0.577093,-0.672756,1.02612,0
0.57718,-0.667292,1.00817,0
0.577268,-0.667795,0.999427,0
0.577355,-0.0581561,0.0862199,0
0.577442,-0.0658482,0.096711,0
0.577529,-0.0509766,0.0741714,0
0.577617,-0.0541497,0.0780565,0
0.577704,-0.0694027,0.0991174,0
0.577791,-0.0507888,0.0718645,0
0.577878,-0.0754914,0.105835,0
0.577966,-0.0718627,0.0998236,0
0.578053,-0.0593663,0.0817107,0
0.57814,-0.0597223,0.0814509,0
0.578228,-0.0707839,0.095659,0
0.578315,-0.0610291,0.0817279,0
0.578402,-0.0926795,0.12299,0
0.578489,-0.0562923,0.0740282,0
0.578577,-0.0620937,0.080922,0
0.578664,-0.064895,0.0838131,0
0.578751,-0.0609505,0.0780131,0
0.578838,-0.0606712,0.0769611,0
0.578926,-0.0622515,0.0782608,0
0.579013,-0.0688516,0.0857873,0
0.5791,-0.066708,0.0823775,0
0.579187,-0.0632705,0.0774393,0
0.579275,-0.0578831,0.0702178,0
0.579362,-0.0594678,0.0715023,0
0.579449,-0.0546369,0.0651138,0
0.579537,-0.0684891,0.0809026,0
0.579624,-0.0506569,0.0593117,0
0.579711,-0.0535263,0.0621203,0
0.579798,-0.0642938,0.0739615,0
0.579886,-0.0646159,0.0736803,0
0.579973,-0.066262,0.0748956,0
0.58006,-0.0625929,0.0701294,0
0.580147,-0.0575452,0.0639105,0
0.580235,-0.0632025,0.0695805,0
0.580322,-0.0594519,0.0648804,0
0.580409,-0.0543041,0.0587458,0
0.580496,-0.0552419,0.0592397,0
0.580584,-0.0596109,0.0633683,0
0.580671,-0.0578218,0.0609314,0
0.580758,-0.0573956,0.0599562,0
0.580846,-0.0507101,0.0525118,0
0.580933,-0.0320984,0.0329499,0
0.58102,-0.0525682,0.0534938,0
0.581107,-0.0373128,0.0376398,0
