7200
1558
1.3439
1.35961,-0.0523259,-0.0523259,0
1.3597,-0.094338,-0.0951648,0
1.35979,-0.09252,-0.0941491,0
1.35987,-0.0948995,-0.0974171,0
1.35996,-0.109061,-0.112936,0
1.36005,-0.119632,-0.124969,0
1.36014,-0.131476,-0.138546,0
1.36022,-0.147314,-0.1566,0
1.36031,-0.154814,-0.166017,0
1.3604,-0.164949,-0.17844,0
1.36048,-0.164168,-0.179158,0
1.36057,-0.170109,-0.187275,0
1.36066,-0.16929,-0.188016,0
1.36075,-0.217077,-0.243215,0
1.36083,-0.256434,-0.289846,0
1.36092,-0.266376,-0.303743,0
1.36101,-0.249959,-0.287544,0
1.3611,-0.272201,-0.315905,0
1.36118,-0.276015,-0.323173,0
1.36127,-0.357953,-0.422831,0
1.36136,-0.286683,-0.341656,0
1.36144,-0.277517,-0.333677,0
1.36153,-0.288779,-0.350318,0
1.36162,-0.280288,-0.343056,0
1.36171,-0.293263,-0.36215,0
1.36179,-0.296688,-0.369665,0
1.36188,-0.293827,-0.369391,0
1.36197,-0.298403,-0.378523,0
1.36205,-0.299827,-0.383761,0
1.36214,-0.307945,-0.397717,0
1.36223,-0.304381,-0.396677,0
1.36232,-0.299621,-0.394021,0
1.3624,-0.291278,-0.38654,0
1.36249,-0.298564,-0.399826,0
1.36258,-0.296817,-0.401125,0
1.36267,-0.304524,-0.415319,0
1.36275,-0.304473,-0.419071,0
1.36284,-0.301473,-0.418772,0
1.36293,-0.299062,-0.419269,0
1.36301,-0.294921,-0.417304,0
1.3631,-0.302848,-0.432512,0
1.36319,-0.303238,-0.437116,0
1.36328,-0.303594,-0.441732,0
1.36336,-0.297161,-0.436439,0
1.36345,-0.303083,-0.449338,0
1.36354,-0.300008,-0.448994,0
1.36363,-0.303565,-0.458637,0
1.36371,-0.300465,-0.458285,0
1.3638,-0.300096,-0.462107,0
1.36389,-0.301864,-0.4693,0
1.36397,-0.304649,-0.478203,0
1.36406,-0.299358,-0.474453,0
1.36415,-0.293045,-0.468971,0
1.36424,-0.295206,-0.477048,0
1.36432,-0.303049,-0.494531,0
1.36441,-0.294144,-0.484735,0
1.3645,-0.300267,-0.499729,0
1.36459,-0.298084,-0.501034,0
1.36467,-0.29691,-0.504053,0
1.36476,-0.29773,-0.510527,0
1.36485,-0.2945,-0.510089,0
1.36493,-0.294753,-0.51571,0
1.36502,-0.295947,-0.523084,0
1.36511,-0.296104,-0.528733,0
1.3652,-0.294764,-0.531769,0
1.36528,-0.295327,-0.53831,0
1.36537,-0.296316,-0.545745,0
1.36546,-0.296298,-0.551438,0
1.36555,-0.294828,-0.554491,0
1.36563,-0.29194,-0.554887,0
1.36572,-0.289055,-0.555269,0
1.36581,-0.300365,-0.583195,0
1.36589,-0.29691,-0.582718,0
1.36598,-0.299766,-0.594724,0
1.36607,-0.289582,-0.580812,0
1.36616,-0.283949,-0.575792,0
1.36624,-0.290202,-0.595002,0
1.36633,-0.294554,-0.610673,0
1.36642,-0.302649,-0.634517,0
1.36651,-0.298598,-0.633119,0
1.36659,-0.30344,-0.650729,0
1.36668,-0.298923,-0.648414,0
1.36677,-0.300653,-0.659722,0
1.36685,-0.299003,-0.663763,0
1.36694,-0.298138,-0.669629,0
1.36703,-0.29763,-0.676415,0
1.36712,-0.298264,-0.685961,0
1.3672,-0.299216,-0.696444,0
1.36729,-0.293048,-0.690379,0
1.36738,-0.295834,-0.705484,0
1.36747,-0.283951,-0.685519,0
1.36755,-0.265811,-0.649729,0
1.36764,-0.270841,-0.670354,0
1.36773,-0.2794,-0.700322,0
1.36781,-0.288436,-0.732239,0
1.3679,-0.2914,-0.749334,0
1.36799,-0.294578,-0.767403,0
1.36808,-0.295124,-0.778968,0
1.36816,-0.292423,-0.782121,0
1.36825,-0.293161,-0.794648,0
1.36834,-0.298926,-0.821291,0
1.36843,-0.297705,-0.829176,0
1.36851,-0.296087,-0.836123,0
1.3686,-0.2987,-0.855345,0
1.36869,-0.301151,-0.874605,0
1.36877,-0.298296,-0.878751,0
1.36886,-0.29319,-0.876251,0
1.36895,-0.291242,-0.88322,0
1.36904,-0.298819,-0.919672,0
1.36912,-0.297243,-0.928586,0
1.36921,-0.29409,-0.932735,0
1.3693,-0.297431,-0.957885,0
1.36939,-0.304067,-0.994557,0
1.36947,-0.309523,-1.02843,0
1.36956,-0.304748,-1.02881,0
1.36965,-0.300536,-1.03109,0
1.36973,-0.300169,-1.04681,0
1.36982,-0.296956,-1.05293,0
1.36991,-0.297169,-1.07156,0
1.37,-0.303801,-1.11433,0
1.37008,-0.301524,-1.1253,0
1.37017,-0.297121,-1.12854,0
1.37026,-0.301958,-1.16759,0
1.37035,-0.300307,-1.18246,0
1.37043,-0.302886,-1.21481,0
1.37052,-0.299247,-1.22292,0
1.37061,-0.295542,-1.23102,0
1.37069,-0.296585,-1.25955,0
1.37078,-0.291537,-1.26278,0
1.37087,-0.2975,-1.31476,0
1.37096,-0.299769,-1.35217,0
1.37104,-0.297897,-1.37203,0
1.37113,-0.293571,-1.38114,0
1.37122,-0.289986,-1.39416,0
1.37131,-0.288087,-1.41599,0
1.37139,-0.286588,-1.44077,0
1.37148,-0.280489,-1.44299,0
1.37157,-0.272512,-1.43536,0
1.37165,-0.26734,-1.44243,0
1.37174,-0.259976,-1.43768,0
1.37183,-0.255784,-1.45062,0
1.37192,-0.25504,-1.48425,0
1.372,-0.254173,-1.51888,0
1.37209,-0.253009,-1.55353,0
1.37218,-0.250139,-1.57931,0
1.37227,-0.243093,-1.5794,0
1.37235,-0.224966,-1.50528,0
1.37244,-0.217678,-1.5013,0
1.37253,-0.212657,-1.51313,0
1.37261,-0.206861,-1.51999,0
1.3727,-0.20088,-1.52583,0
1.37279,-0.19422,-1.5267,0
1.37288,-0.189507,-1.54341,0
1.37296,-0.184534,-1.55912,0
1.37305,-0.179088,-1.57183,0
1.37314,-0.172227,-1.5726,0
1.37323,-0.16526,-1.57234,0
1.37331,-0.158698,-1.57603,0
1.3734,-0.15182,-1.57671,0
1.37349,-0.144573,-1.57337,0
1.37357,-0.136922,-1.56502,0
1.37366,-0.129843,-1.56261,0
1.37375,-0.124358,-1.58011,0
1.37384,-0.11761,-1.58264,0
1.37392,-0.111122,-1.58912,0
1.37401,-0.106869,-1.6305,0
1.3741,-0.103355,-1.68984,0
1.37419,-0.0952439,-1.6773,0
1.37427,-0.0900179,-1.71764,0
1.37436,-0.0875601,-1.8229,0
1.37445,-0.0798671,-1.82926,0
1.37453,-0.0716884,-1.82459,0
1.37462,-0.0636567,-1.82289,0
1.37471,-0.0559771,-1.83214,0
1.3748,-0.0481656,-1.83937,0
1.37488,-0.0405321,-1.85756,0
1.37497,-0.0324615,-1.85972,0
1.37506,-0.0106157,-0.81093,0
1.37514,-0.0163012,-1.86793,0
1.37523,-0.00812887,-1.86298,0
1.37532,-9.82988e-09,-0.816,0
1.37541,0.00345137,-0.790992,0
1.37549,0.00680669,-0.77997,0
1.37558,0.0102361,-0.781933,0
1.37567,0.0134209,-0.768883,0
1.37576,0.0174301,-0.79881,0
1.37584,0.0212295,-0.810722,0
1.37593,0.0245835,-0.804625,0
1.37602,0.0276404,-0.791518,0
1.3761,0.0322323,-0.820367,0
1.37619,0.0351136,-0.804234,0
1.37628,0.0396299,-0.825049,0
1.37637,0.0433342,-0.826865,0
1.37645,0.0461479,-0.812691,0
1.37654,0.0496325,-0.811484,0
1.37663,0.0555272,-0.847182,0
1.37672,0.0575491,-0.82299,0
1.3768,0.0602502,-0.810764,0
1.37689,0.175042,-2.22412,0
1.37698,0.183751,-2.21138,0
1.37706,0.194967,-2.22849,0
1.37715,0.205696,-2.23857,0
1.37724,0.217186,-2.25557,0
1.37733,0.385023,-3.82366,0
1.37741,0.239057,-2.27447,0
1.3775,0.41892,-3.82513,0
1.37759,0.435606,-3.82326,0
1.37768,0.452636,-3.82431,0
1.37776,0.469441,-3.82329,0
1.37785,0.48574,-3.81823,0
1.37794,0.503309,-3.82301,0
1.37802,0.520525,-3.82474,0
1.37811,0.537347,-3.82343,0
1.3782,0.554168,-3.82203,0
1.37829,0.570988,-3.82057,0
1.37837,0.58887,-3.82595,0
1.37846,0.605245,-3.82137,0
1.37855,0.621431,-3.81573,0
1.37864,0.638404,-3.81495,0
1.37872,0.655891,-3.81706,0
1.37881,0.67306,-3.81711,0
1.3789,0.690065,-3.81611,0
1.37898,0.707985,-3.81995,0
1.37907,0.726325,-3.82566,0
1.37916,0.742056,-3.81755,0
1.37925,0.758511,-3.81329,0
1.37933,0.776139,-3.81485,0
1.37942,0.794203,-3.81828,0
1.37951,0.81044,-3.81282,0
1.3796,0.827281,-3.81022,0
1.37968,0.846062,-3.81634,0
1.37977,0.862486,-3.81164,0
1.37986,0.880908,-3.81563,0
1.37994,0.897319,-3.81078,0
1.38003,0.913238,-3.80391,0
1.38012,0.931966,-3.80863,0
1.38021,0.951237,-3.8152,0
1.38029,0.969105,-3.81586,0
1.38038,0.984494,-3.80676,0
1.38047,1.00466,-3.81596,0
1.38056,1.02078,-3.80961,0
1.38064,1.03766,-3.80609,0
1.38073,1.05479,-3.80345,0
1.38082,1.07436,-3.8094,0
1.3809,1.0929,-3.8114,0
1.38099,1.11176,-3.81428,0
1.38108,1.12839,-3.80939,0
1.38117,1.14904,-3.81784,0
1.38125,1.16656,-3.81566,0
1.38134,1.1829,-3.80957,0
1.38143,1.20012,-3.80628,0
1.38152,1.21824,-3.80577,0
1.3816,1.23761,-3.80898,0
1.38169,1.24984,-3.79025,0
1.38178,1.27144,-3.79993,0
1.38186,1.29219,-3.80666,0
1.38195,1.31237,-3.81139,0
1.38204,1.33162,-3.81318,0
1.38213,1.34825,-3.80733,0
1.38221,1.36755,-3.80894,0
1.3823,1.38826,-3.81421,0
1.38239,1.40385,-3.8053,0
1.38248,1.42009,-3.79821,0
1.38256,1.44303,-3.80881,0
1.38265,1.45712,-3.79594,0
1.38274,1.48092,-3.80818,0
1.38282,1.49862,-3.80448,0
1.38291,1.52003,-3.80998,0
1.383,1.53589,-3.80145,0
1.38309,1.55738,-3.80675,0
1.38317,1.57283,-3.79715,0
1.38326,1.59325,-3.79947,0
1.38335,1.61059,-3.79432,0
1.38344,1.63384,-3.80288,0
1.38352,1.65202,-3.79938,0
1.38361,1.67462,-3.80587,0
1.3837,1.69162,-3.79944,0
1.38378,1.71105,-3.7984,0
1.38387,1.73134,-3.79909,0
1.38396,1.75209,-3.80058,0
1.38405,1.76781,-3.79109,0
1.38413,1.79329,-3.80233,0
1.38422,1.81116,-3.79718,0
1.38431,1.83249,-3.79915,0
1.3844,1.85036,-3.79381,0
1.38448,1.87353,-3.79915,0
1.38457,1.88876,-3.78826,0
1.38466,1.89086,-3.7514,0
1.38474,1.88406,-3.69768,0
1.38483,1.87545,-3.64141,0
1.38492,1.87839,-3.60836,0
1.38501,1.87503,-3.56385,0
1.38509,1.87507,-3.52649,0
1.38518,1.87671,-3.49273,0
1.38527,1.87523,-3.45375,0
1.38536,1.87682,-3.42099,0
1.38544,1.88252,-3.39615,0
1.38553,1.86995,-3.33904,0
1.38562,1.8781,-3.31954,0
1.3857,1.86925,-3.2705,0
1.38579,1.871,-3.24067,0
1.38588,1.87454,-3.21433,0
1.38597,1.86774,-3.1708,0
1.38605,1.86673,-3.13769,0
1.38614,1.87062,-3.11323,0
1.38623,1.86655,-3.07597,0
1.38632,1.86166,-3.03796,0
1.3864,1.39026,-2.24663,0
1.38649,1.40323,-2.24563,0
1.38658,1.41515,-2.24287,0
1.38666,1.42653,-2.2392,0
1.38675,1.43845,-2.23632,0
1.38684,1.44656,-2.22751,0
1.38693,1.4601,-2.22703,0
1.38701,1.47422,-2.22731,0
1.3871,1.49059,-2.23083,0
1.38719,1.50982,-2.2384,0
1.38727,1.63326,-2.39876,0
1.38736,1.65957,-2.41469,0
1.38745,1.64501,-2.37127,0
1.38754,1.66968,-2.38455,0
1.38762,1.82609,-2.58385,0
1.38771,1.8327,-2.56935,0
1.3878,1.84097,-2.55727,0
1.38789,1.83448,-2.52494,0
1.38797,1.85021,-2.52337,0
1.38806,1.85823,-2.51125,0
1.38815,1.87455,-2.51033,0
1.38823,1.89331,-2.51251,0
1.38832,1.91697,-2.52094,0
1.38841,1.93343,-2.51969,0
1.3885,1.94808,-2.51597,0
1.38858,1.97073,-2.52242,0
1.38867,1.97429,-2.50438,0
1.38876,2.00201,-2.51687,0
1.38885,2.01547,-2.51123,0
1.38893,2.03459,-2.51251,0
1.38902,2.04237,-2.49974,0
1.38911,2.07298,-2.51472,0
1.38919,2.0948,-2.51873,0
1.38928,2.1077,-2.51186,0
1.38937,2.1251,-2.51027,0
1.38946,2.14513,-2.51162,0
1.38954,2.16455,-2.51209,0
1.38963,2.18074,-2.50865,0
1.38972,2.20617,-2.51566,0
1.38981,2.2264,-2.51649,0
1.38989,2.25001,-2.52093,0
1.38998,2.26233,-2.51257,0
1.39007,2.27798,-2.50786,0
1.39015,2.29836,-2.50822,0
1.39024,2.30113,-2.48935,0
1.39033,2.29833,-2.46466,0
1.39042,2.30153,-2.4466,0
1.3905,2.29429,-2.41767,0
1.39059,2.29237,-2.39464,0
1.39068,2.27431,-2.35512,0
1.39077,2.05081,-2.10521,0
1.39085,2.03194,-2.06771,0
1.39094,2.02897,-2.04675,0
1.39103,2.02798,-2.02798,0
1.39111,2.02616,-2.00855,0
1.3912,2.02064,-1.98568,0
1.39129,2.01567,-1.96358,0
1.39138,2.0271,-1.95755,0
1.39146,2.0219,-1.93555,0
1.39155,2.01799,-1.915,0
1.39164,2.01904,-1.89933,0
1.39173,2.02292,-1.88641,0
1.39181,2.01645,-1.86399,0
1.3919,2.02604,-1.85652,0
1.39199,2.01783,-1.83287,0
1.39207,2.01838,-1.81736,0
1.39216,2.01659,-1.79988,0
1.39225,2.01619,-1.78377,0
1.39234,2.01192,-1.76441,0
1.39242,2.01809,-1.7543,0
1.39251,2.01437,-1.73569,0
1.3926,2.01888,-1.72428,0
1.39269,2.01264,-1.70383,0
1.39277,2.0147,-1.69053,0
1.39286,2.01437,-1.67533,0
1.39295,2.01548,-1.66144,0
1.39303,2.01342,-1.64503,0
1.39312,2.01669,-1.63309,0
1.39321,2.01912,-1.62052,0
1.3933,2.016,-1.6036,0
1.39338,2.01277,-1.58674,0
1.39347,2.00628,-1.56747,0
1.39356,2.01072,-1.55687,0
1.39365,2.0056,-1.53895,0
1.39373,2.01707,-1.53381,0
1.39382,2.00857,-1.51356,0
1.39391,2.00954,-1.5006,0
1.39399,2.00964,-1.48706,0
1.39408,2.00885,-1.47295,0
1.39417,2.01526,-1.46417,0
1.39426,2.00783,-1.44543,0
1.39434,2.00191,-1.42795,0
1.39443,1.99996,-1.41343,0
1.39452,2.00365,-1.40297,0
1.39461,2.01057,-1.39478,0
1.39469,2.0084,-1.38033,0
1.39478,2.01109,-1.3693,0
1.39487,2.01539,-1.3594,0
1.39495,2.00301,-1.33837,0
1.39504,2.008,-1.32906,0
1.39513,2.00207,-1.31261,0
1.39522,2.00694,-1.30332,0
1.3953,2.00504,-1.28968,0
1.39539,2.00221,-1.27555,0
1.39548,2.00522,-1.2652,0
1.39557,2.00987,-1.25591,0
1.39565,2.00938,-1.24344,0
1.39574,2.00456,-1.22839,0
1.39583,2.01759,-1.2243,0
1.39591,2.02549,-1.21703,0
1.396,2.02304,-1.20358,0
1.39609,2.00329,-1.18003,0
1.39618,2.00237,-1.16775,0
1.39626,2.01005,-1.1605,0
1.39635,2.0038,-1.14527,0
1.39644,2.00443,-1.13405,0
1.39653,2.00412,-1.12236,0
1.39661,2.00725,-1.11264,0
1.3967,2.00858,-1.10195,0
1.39679,2.00282,-1.08744,0
1.39687,2.00226,-1.07586,0
1.39696,2.00253,-1.06476,0
1.39705,2.01069,-1.05788,0
1.39714,2.00908,-1.04586,0
1.39722,2.00118,-1.03067,0
1.39731,2.00655,-1.02239,0
1.3974,2.00384,-1.01002,0
1.39749,2.00107,-0.997698,0
1.39757,2.00989,-0.991169,0
1.39766,1.99353,-0.972307,0
1.39775,2.00045,-0.964903,0
1.39783,1.99652,-0.952291,0
1.39792,2.00608,-0.94613,0
1.39801,2.00203,-0.933564,0
1.3981,2.00518,-0.924401,0
1.39818,1.99918,-0.911081,0
1.39827,1.99949,-0.900707,0
1.39836,2.00158,-0.89116,0
1.39845,1.99813,-0.879196,0
1.39853,1.99552,-0.867678,0
1.39862,2.00021,-0.859357,0
1.39871,2.00118,-0.84945,0
1.39879,2.00394,-0.840323,0
1.39888,1.9965,-0.826979,0
1.39897,2.00009,-0.81826,0
1.39906,1.99345,-0.805404,0
1.39914,1.99787,-0.797069,0
1.39923,1.99016,-0.783946,0
1.39932,1.99077,-0.774168,0
1.39941,1.9988,-0.767266,0
1.39949,1.99932,-0.757474,0
1.39958,1.99886,-0.747343,0
1.39967,1.99459,-0.735845,0
1.39975,1.98933,-0.724057,0
1.39984,1.98494,-0.712666,0
1.39993,1.99557,-0.706669,0
1.40002,1.99958,-0.698285,0
1.4001,1.99599,-0.687274,0
1.40019,1.99518,-0.677273,0
1.40028,1.99338,-0.666974,0
1.40036,1.98582,-0.654826,0
1.40045,1.99532,-0.648318,0
1.40054,1.98765,-0.636252,0
1.40063,1.99518,-0.629077,0
1.40071,1.99217,-0.618586,0
1.4008,1.98338,-0.606379,0
1.40089,1.98313,-0.596855,0
1.40098,1.99339,-0.590468,0
1.40106,1.9969,-0.582044,0
1.40115,1.98693,-0.569742,0
1.40124,1.99132,-0.56161,0
1.40132,1.98893,-0.55158,0
1.40141,1.99518,-0.543949,0
1.4015,1.99174,-0.533685,0
1.40159,1.98535,-0.522698,0
1.40167,1.98567,-0.513529,0
1.40176,1.98886,-0.505107,0
1.40185,1.99105,-0.496424,0
1.40194,1.99805,-0.48892,0
1.40202,1.99433,-0.478797,0
1.40211,1.99835,-0.470548,0
1.4022,1.98771,-0.4589,0
1.40228,1.9936,-0.451106,0
1.40237,2.00043,-0.443485,0
1.40246,1.99551,-0.433267,0
1.40255,1.98368,-0.421645,0
1.40263,1.99627,-0.415226,0
1.40272,1.99121,-0.405116,0
1.40281,1.99001,-0.395838,0
1.4029,1.98485,-0.385816,0
1.40298,1.99044,-0.377898,0
1.40307,1.99306,-0.369391,0
1.40316,1.9917,-0.360158,0
1.40324,1.97946,-0.349033,0
1.40333,1.98392,-0.340901,0
1.40342,1.98737,-0.332571,0
1.40351,1.9809,-0.32261,0
1.40359,1.97933,-0.313495,0
1.40368,1.9787,-0.304551,0
1.40377,1.98693,-0.296949,0
1.40386,1.97831,-0.286842,0
1.40394,1.97856,-0.278068,0
1.40403,1.97083,-0.268219,0
1.40412,1.97992,-0.260661,0
1.4042,1.98103,-0.252019,0
1.40429,1.9702,-0.241911,0
1.40438,1.95337,-0.231196,0
1.40447,1.8699,-0.213048,0
1.40455,1.76843,-0.193674,0
1.40464,1.71853,-0.180625,0
1.40473,1.69941,-0.171121,0
1.40482,1.68521,-0.162267,0
1.4049,1.6849,-0.154821,0
1.40499,1.68755,-0.147642,0
1.40508,1.68818,-0.140277,0
1.40516,1.68678,-0.132753,0
1.40525,1.68236,-0.125021,0
1.40534,1.69287,-0.118377,0
1.40543,1.68738,-0.110597,0
1.40551,1.69583,-0.103722,0
1.4056,1.68429,-0.0956408,0
1.40569,1.68469,-0.0882908,0
1.40578,1.68306,-0.0808432,0
1.40586,1.69838,-0.074153,0
1.40595,1.6907,-0.0664276,0
1.40604,1.69197,-0.0590849,0
1.40612,1.68122,-0.0513658,0
1.40621,1.68942,-0.0442391,0
1.4063,1.6846,-0.0367581,0
1.40639,1.68674,-0.0294423,0
1.40647,1.68186,-0.0220167,0
1.40656,1.68294,-0.0146868,0
1.40665,1.69498,-0.00739585,0
1.40674,1.69,-4.09223e-08,0
1.40682,1.69998,0.00741758,0
1.40691,1.68694,0.0147216,0
1.407,1.68686,0.0220821,0
1.40708,1.67275,0.0291978,0
1.40717,1.6746,0.0365399,0
1.40726,1.65643,0.0433752,0
1.40735,1.65723,0.0506328,0
1.40743,1.66099,0.0580029,0
1.40752,1.65272,0.0649357,0
1.40761,1.65642,0.0723209,0
1.4077,1.65509,0.0794997,0
1.40778,1.66272,0.0871393,0
1.40787,1.64735,0.0935431,0
1.40796,1.64592,0.100669,0
1.40804,1.65545,0.108504,0
1.40813,1.65895,0.116005,0
1.40822,1.65344,0.122872,0
1.40831,1.6489,0.129771,0
1.40839,1.66028,0.137958,0
1.40848,1.65468,0.144766,0
1.40857,1.65901,0.152442,0
1.40866,1.64539,0.158433,0
1.40874,1.63971,0.16511,0
1.40883,1.64295,0.172681,0
1.40892,1.6551,0.181263,0
1.409,1.64834,0.187804,0
1.40909,1.65147,0.195465,0
1.40918,1.66152,0.204009,0
1.40927,1.66756,0.21214,0
1.40935,1.66464,0.219153,0
1.40944,1.68348,0.229112,0
1.40953,1.82803,0.256913,0
1.40962,1.96149,0.284402,0
1.4097,1.97605,0.295323,0
1.40979,1.97079,0.303334,0
1.40988,1.97636,0.313025,0
1.40996,1.97301,0.321324,0
1.41005,1.9706,0.329765,0
1.41014,1.97604,0.339546,0
1.41023,1.96568,0.346602,0
1.41031,1.97103,0.356421,0
1.4104,1.96749,0.364653,0
1.41049,1.97276,0.37454,0
1.41058,1.97602,0.384098,0
1.41066,1.97824,0.393497,0
1.41075,1.97357,0.401527,0
1.41084,1.97571,0.410949,0
1.41092,1.96705,0.41811,0
1.41101,1.9701,0.42775,0
1.4111,1.96528,0.435693,0
1.41119,1.97604,0.447133,0
1.41127,1.9731,0.455526,0
1.41136,1.97012,0.463902,0
1.41145,1.97488,0.474127,0
1.41154,1.97377,0.482978,0
1.41162,1.97746,0.493037,0
1.41171,1.97239,0.500922,0
1.4118,1.97696,0.511276,0
1.41188,1.97084,0.518879,0
1.41197,1.96662,0.526956,0
1.41206,1.97106,0.537373,0
1.41215,1.96677,0.545433,0
1.41223,1.96918,0.555367,0
1.41232,1.96963,0.564781,0
1.41241,1.96618,0.57309,0
1.41249,1.97325,0.584504,0
1.41258,1.96972,0.59282,0
1.41267,1.96616,0.601116,0
1.41276,1.9683,0.611172,0
1.41284,1.96656,0.620055,0
1.41293,1.96289,0.628325,0
1.41302,1.96678,0.639047,0
1.41311,1.97727,0.652007,0
1.41319,1.96682,0.65809,0
1.41328,1.97814,0.671487,0
1.41337,1.95817,0.674252,0
1.41345,1.9722,0.688724,0
1.41354,1.96635,0.696321,0
1.41363,1.968,0.706584,0
1.41372,1.96114,0.713796,0
1.4138,1.97208,0.727538,0
1.41389,1.96982,0.736486,0
1.41398,1.97127,0.746845,0
1.41407,1.96799,0.75544,0
1.41415,1.97213,0.766919,0
1.41424,1.97621,0.778449,0
1.41433,1.98394,0.791511,0
1.41441,1.97676,0.798661,0
1.4145,1.97973,0.809929,0
1.41459,1.97803,0.819325,0
1.41468,1.97628,0.828721,0
1.41476,1.97448,0.838118,0
1.41485,1.96989,0.846331,0
1.41494,1.96985,0.856513,0
1.41503,1.97524,0.869127,0
1.41511,1.97417,0.878958,0
1.4152,1.97944,0.891671,0
1.41529,1.97553,0.900299,0
1.41537,1.97249,0.909329,0
1.41546,1.97484,0.920885,0
1.41555,1.97352,0.930773,0
1.41564,1.97305,0.941097,0
1.41572,1.96893,0.949697,0
1.41581,1.96746,0.959594,0
1.4159,1.96864,0.970824,0
1.41599,1.97423,0.984312,0
1.41607,1.97527,0.995618,0
1.41616,1.97091,1.00423,0
1.41625,1.96028,1.00961,0
1.41633,1.96828,1.02462,0
1.41642,1.96821,1.03553,0
1.41651,1.96721,1.04598,0
1.4166,1.96351,1.05503,0
1.41668,1.96064,1.06454,0
1.41677,1.97001,1.08078,0
1.41686,1.96527,1.08937,0
1.41695,1.96922,1.10282,0
1.41703,1.97223,1.11583,0
1.41712,1.96387,1.12244,0
1.41721,1.96588,1.135,0
1.41729,1.96436,1.14558,0
1.41738,1.96365,1.15668,0
1.41747,1.96202,1.16728,0
1.41756,1.96206,1.17892,0
1.41764,1.96459,1.19214,0
1.41773,1.96278,1.20279,0
1.41782,1.96601,1.21661,0
1.41791,1.96832,1.22994,0
1.41799,1.9604,1.23692,0
1.41808,1.96173,1.24976,0
1.41817,1.95794,1.25939,0
1.41825,1.96584,1.27663,0
1.41834,1.96276,1.28684,0
1.41843,1.96297,1.29926,0
1.41852,1.96559,1.31337,0
1.4186,1.9615,1.32305,0
1.41869,1.9648,1.33779,0
1.41878,1.96307,1.34918,0
1.41887,1.96127,1.36058,0
1.41895,1.95695,1.37027,0
1.41904,1.95749,1.38342,0
1.41913,1.95225,1.39253,0
1.41921,1.94453,1.39986,0
1.4193,1.96187,1.42538,0
1.41939,1.96772,1.4428,0
1.41948,1.96061,1.45077,0
1.41956,1.96628,1.46829,0
1.41965,1.96544,1.48107,0
1.41974,1.95657,1.48781,0
1.41983,1.95562,1.5006,0
1.41991,1.94905,1.50912,0
1.42,1.95269,1.52561,0
1.42009,1.95073,1.53783,0
1.42017,1.95496,1.55504,0
1.42026,1.94737,1.56293,0
1.42035,1.95219,1.58085,0
1.42044,1.95147,1.59442,0
1.42052,1.95221,1.60928,0
1.42061,1.95055,1.62226,0
1.4207,1.95418,1.63975,0
1.42079,1.94853,1.64955,0
1.42087,1.95348,1.66843,0
1.42096,1.94997,1.6802,0
1.42105,1.95092,1.69591,0
1.42113,1.95328,1.71298,0
1.42122,1.95328,1.72811,0
1.42131,1.95094,1.74128,0
1.4214,1.95298,1.75848,0
1.42148,1.95344,1.77438,0
1.42157,1.95157,1.78829,0
1.42166,1.94816,1.80086,0
1.42175,1.94613,1.8148,0
1.42183,1.95203,1.83629,0
1.42192,1.95416,1.85443,0
1.42201,1.94749,1.86432,0
1.42209,1.95301,1.886,0
1.42218,1.94548,1.8952,0
1.42227,1.94931,1.91559,0
1.42236,1.94946,1.93252,0
1.42244,1.94949,1.94949,0
1.42253,1.95294,1.97005,0
1.42262,1.95343,1.98783,0
1.42271,1.95381,2.00565,0
1.42279,1.95546,2.02494,0
1.42288,1.95283,2.03996,0
1.42297,1.95699,2.06224,0
1.42305,1.95003,2.07294,0
1.42314,1.95529,2.09679,0
1.42323,1.94409,2.1031,0
1.42332,1.94773,2.12557,0
1.4234,1.94986,2.14663,0
1.42349,1.9465,2.16181,0
1.42358,1.95303,2.18819,0
1.42367,1.9481,2.20193,0
1.42375,1.94573,2.21868,0
1.42384,1.9439,2.2362,0
1.42393,1.94131,2.253,0
1.42401,1.94705,2.2797,0
1.4241,1.94613,2.29886,0
1.42419,1.95279,2.32724,0
1.42428,1.94389,2.33728,0
1.42436,1.94704,2.36194,0
1.42445,1.94557,2.38126,0
1.42454,1.94208,2.39827,0
1.42463,1.94224,2.41998,0
1.42471,1.94785,2.44878,0
1.4248,1.94767,2.47061,0
1.42489,1.94056,2.48381,0
1.42497,1.94318,2.50965,0
1.42506,1.9456,2.53556,0
1.42515,1.94723,2.56074,0
1.42524,1.94326,2.57879,0
1.42532,1.94456,2.60407,0
1.42541,1.9534,2.63987,0
1.4255,1.94245,2.64917,0
1.42558,1.94851,2.68189,0
1.42567,1.95548,2.71634,0
1.42576,1.95174,2.73624,0
1.42585,1.95075,2.76025,0
1.42593,1.9559,2.79331,0
1.42602,1.95395,2.81661,0
1.42611,1.94957,2.83664,0
1.4262,1.95068,2.86496,0
1.42628,1.94935,2.89002,0
1.42637,1.95061,2.91929,0
1.42646,1.94834,2.94362,0
1.42654,1.95028,2.97467,0
1.42663,1.9509,3.00412,0
1.42672,1.95292,3.03615,0
1.42681,1.9504,3.06151,0
1.42689,1.94556,3.08352,0
1.42698,1.93527,3.09707,0
1.42707,1.91542,3.09528,0
1.42716,1.90294,3.10532,0
1.42724,1.88626,3.10846,0
1.42733,1.86341,3.10123,0
1.42742,1.8473,3.10504,0
1.4275,1.83018,3.10703,0
1.42759,1.81006,3.10376,0
1.42768,1.794,3.1073,0
1.42777,1.77348,3.10294,0
1.42785,1.75451,3.10108,0
1.42794,1.739,3.10521,0
1.42803,1.7201,3.10315,0
1.42812,1.70462,3.10712,0
1.4282,1.68437,3.10222,0
1.42829,1.66467,3.09809,0
1.42838,1.64878,3.10091,0
1.42846,1.63058,3.09923,0
1.42855,1.61427,3.10099,0
1.42864,1.59706,3.10089,0
1.42873,1.5817,3.10427,0
1.42881,1.56544,3.10578,0
1.4289,1.54652,3.10184,0
1.42899,1.53032,3.10318,0
1.42908,1.51326,3.10264,0
1.42916,1.49319,3.0957,0
1.42925,1.47493,3.09226,0
1.42934,1.46228,3.10047,0
1.42942,1.44535,3.09957,0
1.42951,1.42847,3.09858,0
1.4296,1.41037,3.09478,0
1.42969,1.39398,3.09452,0
1.42977,1.37884,3.09692,0
1.42986,1.36209,3.09558,0
1.42995,1.34817,3.10058,0
1.43004,1.33187,3.1,0
1.43012,1.31481,3.0975,0
1.43021,1.29858,3.09675,0
1.4303,1.28237,3.09592,0
1.43038,1.26961,3.10334,0
1.43047,1.24856,3.0903,0
1.43056,1.23359,3.09201,0
1.43065,1.21972,3.09643,0
1.43073,1.20837,3.10731,0
1.43082,1.18835,3.09575,0
1.43091,1.1727,3.0953,0
1.431,1.15463,3.08821,0
1.43108,1.14184,3.09509,0
1.43117,1.12798,3.09911,0
1.43126,1.11107,3.09459,0
1.43134,1.09656,3.09658,0
1.43143,1.07974,3.09189,0
1.43152,1.06363,3.08901,0
1.43161,1.05175,3.09836,0
1.43169,1.03505,3.09343,0
1.43178,1.01966,3.09222,0
1.43187,1.00461,3.09188,0
1.43196,0.987456,3.08481,0
1.43204,0.97128,3.08051,0
1.43213,0.958719,3.08758,0
1.43222,0.944653,3.08982,0
1.4323,0.931162,3.09391,0
1.43239,0.915666,3.09123,0
1.43248,0.90021,3.08848,0
1.43257,0.885347,3.08757,0
1.43265,0.869695,3.08371,0
1.43274,0.852223,3.07302,0
1.43283,0.836439,3.06802,0
1.43292,0.821492,3.06585,0
1.433,0.808107,3.0694,0
1.43309,0.793955,3.07,0
1.43318,0.780306,3.07246,0
1.43326,0.764473,3.06613,0
1.43335,0.750137,3.06556,0
1.43344,0.737454,3.07172,0
1.43353,0.722669,3.06906,0
1.43361,0.704772,3.0527,0
1.4337,0.694756,3.07038,0
1.43379,0.682001,3.07631,0
1.43388,0.666662,3.07046,0
1.43396,0.651803,3.06649,0
1.43405,0.638621,3.07029,0
1.43414,0.623424,3.06422,0
1.43422,0.608877,3.06103,0
1.43431,0.594752,3.05973,0
1.4344,0.581582,3.06328,0
1.43449,0.567664,3.06284,0
1.43457,0.554294,3.06529,0
1.43466,0.540914,3.06768,0
1.43475,0.526338,3.06311,0
1.43484,0.512143,3.06044,0
1.43492,0.498624,3.06166,0
1.43501,0.484947,3.06183,0
1.4351,0.470974,3.05997,0
1.43518,0.456288,3.05309,0
1.43527,0.443249,3.05703,0
1.43536,0.431576,3.07082,0
1.43545,0.41615,3.05781,0
1.43553,0.403326,3.06356,0
1.43562,0.390081,3.06629,0
1.43571,0.375967,3.062,0
1.4358,0.361663,3.05567,0
1.43588,0.348779,3.06119,0
1.43597,0.335746,3.06567,0
1.43606,0.321321,3.05716,0
1.43614,0.308179,3.06052,0
1.43623,0.294151,3.05487,0
1.43632,0.281459,3.0631,0
1.43641,0.267132,3.05334,0
1.43649,0.254718,3.06544,0
1.43658,0.240791,3.05954,0
1.43667,0.226402,3.0466,0
1.43676,0.213246,3.04955,0
1.43684,0.200853,3.06442,0
1.43693,0.187114,3.05928,0
1.43702,0.173537,3.05608,0
1.4371,0.160357,3.0598,0
1.43719,0.146909,3.05847,0
1.43728,0.133475,3.05709,0
1.43737,0.120214,3.05964,0
1.43745,0.106758,3.05714,0
1.43754,0.0933563,3.05557,0
1.43763,0.0798922,3.05095,0
1.43771,0.0666446,3.05427,0
1.4378,0.0533347,3.05553,0
1.43789,0.0399757,3.05374,0
1.43798,0.0266248,3.05088,0
1.43806,0.0133518,3.05997,0
1.43815,1.11403e-07,3.062,0
1.43824,-0.0132687,3.04097,0
1.43833,-0.0268165,3.07288,0
1.43841,-0.0403813,3.08474,0
1.4385,-0.053858,3.08553,0
1.43859,-0.0672116,3.08027,0
1.43867,-0.0807558,3.08394,0
1.43876,-0.0939974,3.07656,0
1.43885,-0.10749,3.07812,0
1.43894,-0.12092,3.07763,0
1.43902,-0.134478,3.08007,0
1.43911,-0.147533,3.07146,0
1.4392,-0.160881,3.06979,0
1.43929,-0.17467,3.07604,0
1.43937,-0.188213,3.07725,0
1.43946,-0.201703,3.0774,0
1.43955,-0.215478,3.08148,0
1.43963,-0.228995,3.0815,0
1.43972,-0.242125,3.07649,0
1.43981,-0.25538,3.07341,0
1.4399,-0.268788,3.07226,0
1.43998,-0.282282,3.07206,0
1.44007,-0.296451,3.07876,0
1.44016,-0.309481,3.07346,0
1.44025,-0.323202,3.07506,0
1.44033,-0.337378,3.08058,0
1.44042,-0.349685,3.06914,0
1.44051,-0.363308,3.06957,0
1.44059,-0.377185,3.07193,0
1.44068,-0.390586,3.07026,0
1.44077,-0.40437,3.0715,0
1.44086,-0.417768,3.0697,0
1.44094,-0.432272,3.07577,0
1.44103,-0.444684,3.06693,0
1.44112,-0.457913,3.06397,0
1.44121,-0.472191,3.06787,0
1.44129,-0.486198,3.06974,0
1.44138,-0.497337,3.05377,0
1.44147,-0.512968,3.06538,0
1.44155,-0.526507,3.06409,0
1.44164,-0.540914,3.06768,0
1.44173,-0.553404,3.06037,0
1.44182,-0.566388,3.05596,0
1.4419,-0.5758,3.03282,0
1.44199,-0.543615,2.79666,0
1.44208,-0.505479,2.54121,0
1.44217,-0.509186,2.50273,0
1.44225,-0.521323,2.50636,0
1.44234,-0.538491,2.5334,0
1.44243,-0.551238,2.53885,0
1.44251,-0.562959,2.53935,0
1.4426,-0.573593,2.53491,0
1.44269,-0.585548,2.53629,0
1.44278,-0.597984,2.53955,0
1.44286,-0.608825,2.53594,0
1.44295,-0.619885,2.53326,0
1.44304,-0.628755,2.5218,0
1.44313,-0.647383,2.54908,0
1.44321,-0.655745,2.53558,0
1.4433,-0.671131,2.54913,0
1.44339,-0.681988,2.54521,0
1.44347,-0.695717,2.55186,0
1.44356,-0.705242,2.54302,0
1.44365,-0.720403,2.55436,0
1.44374,-0.728509,2.54061,0
1.44382,-0.741827,2.54509,0
1.44391,-0.755197,2.5495,0
1.444,-0.767467,2.55001,0
1.44409,-0.780048,2.55142,0
1.44417,-0.793249,2.55468,0
1.44426,-0.804388,2.55119,0
1.44435,-0.817646,2.55433,0
1.44443,-0.828474,2.54978,0
1.44452,-0.839592,2.54614,0
1.44461,-0.85228,2.5472,0
1.4447,-0.855672,2.52073,0
1.44478,-0.859174,2.49522,0
1.44487,-0.846646,2.42442,0
1.44496,-0.841527,2.3764,0
1.44505,-0.836006,2.32847,0
1.44513,-0.814008,2.23647,0
1.44522,-0.805068,2.18223,0
1.44531,-0.81003,2.16652,0
1.44539,-0.810264,2.13865,0
1.44548,-0.818154,2.13136,0
1.44557,-0.799538,2.05601,0
1.44566,-0.787611,1.99947,0
1.44574,-0.799663,2.00437,0
1.44583,-0.808026,1.99994,0
1.44592,-0.809929,1.97973,0
1.44601,-0.812054,1.96047,0
1.44609,-0.820987,1.95783,0
1.44618,-0.858827,2.02327,0
1.44627,-0.866068,2.01583,0
1.44635,-0.865285,1.99002,0
1.44644,-0.852212,1.9368,0
1.44653,-0.851707,1.91296,0
1.44662,-0.922064,2.04691,0
1.4467,-0.933889,2.04923,0
1.44679,-0.944078,2.04786,0
1.44688,-0.941171,2.01835,0
1.44697,-0.932906,1.97804,0
1.44705,-0.929473,1.94868,0
1.44714,-0.929713,1.92749,0
1.44723,-0.935922,1.91893,0
1.44731,-0.945613,1.91751,0
1.4474,-0.958879,1.92321,0
1.44749,-0.96276,1.91008,0
1.44758,-0.977442,1.91834,0
1.44766,-0.985345,1.91316,0
1.44775,-0.993683,1.90885,0
1.44784,-1.0048,1.9098,0
1.44793,-1.0211,1.92041,0
1.44801,-1.02852,1.91418,0
1.4481,-1.03496,1.90615,0
1.44819,-1.04904,1.91214,0
1.44827,-1.0627,1.91717,0
1.44836,-1.0735,1.91687,0
1.44845,-1.08481,1.91739,0
1.44854,-1.11897,1.95779,0
1.44862,-1.1145,1.93037,0
1.44871,-1.11737,1.91599,0
1.4488,-1.11709,1.89645,0
1.44889,-1.11564,1.87522,0
1.44897,-1.11557,1.85662,0
1.44906,-1.11225,1.83293,0
1.44915,-1.1124,1.81527,0
1.44923,-1.1161,1.8036,0
1.44932,-1.11442,1.78345,0
1.44941,-1.11152,1.76165,0
1.4495,-1.11436,1.74919,0
1.44958,-1.11278,1.73002,0
1.44967,-1.10943,1.70837,0
1.44976,-1.11578,1.70184,0
1.44985,-1.10829,1.67444,0
1.44993,-1.10947,1.66044,0
1.45002,-1.10776,1.64232,0
1.45011,-1.1076,1.62673,0
1.45019,-1.11016,1.61529,0
1.45028,-1.1132,1.60468,0
1.45037,-1.11102,1.5867,0
1.45046,-1.111,1.57203,0
1.45054,-1.10914,1.55496,0
1.45063,-1.11066,1.5428,0
1.45072,-1.10621,1.52257,0
1.4508,-1.10871,1.51208,0
1.45089,-1.11232,1.50321,0
1.45098,-1.11169,1.48873,0
1.45107,-1.10734,1.46949,0
1.45115,-1.10527,1.4535,0
1.45124,-1.11038,1.44708,0
1.45133,-1.1026,1.42403,0
1.45142,-1.10142,1.40975,0
1.4515,-1.1088,1.4065,0
1.45159,-1.10683,1.39148,0
1.45168,-1.10663,1.37884,0
1.45176,-1.10572,1.36545,0
1.45185,-1.1123,1.36138,0
1.45194,-1.10678,1.34263,0
1.45203,-1.11071,1.33548,0
1.45211,-1.10367,1.3153,0
1.4522,-1.10552,1.30589,0
1.45229,-1.10796,1.29725,0
1.45238,-1.10447,1.2818,0
1.45246,-1.10743,1.27395,0
1.45255,-1.10704,1.26234,0
1.45264,-1.10856,1.253,0
1.45272,-1.1067,1.23995,0
1.45281,-1.10072,1.22247,0
1.4529,-1.10873,1.22062,0
1.45299,-1.11878,1.22093,0
1.45307,-1.12477,1.21677,0
1.45316,-1.11711,1.19796,0
1.45325,-1.10863,1.1785,0
1.45334,-1.10274,1.16205,0
1.45342,-0.025586,0.0267275,0
1.45351,-0.0159771,0.0165448,0
1.4536,-0.0474498,0.0487085,0
1.45368,-1.12426,1.14405,0
1.45377,-0.0598412,0.0603658,0
1.45386,-1.12359,1.12359,0
