7200
4890
4.2586
4.2744,-0.0373128,-0.0376398,0
4.27449,-0.0315409,-0.0320963,0
4.27457,-0.0195381,-0.0200565,0
4.27466,-0.0319543,-0.0330896,0
4.27475,-0.0463314,-0.0483984,0
4.27483,-0.0337294,-0.0355433,0
4.27492,-0.0232962,-0.0247646,0
4.27501,-0.019096,-0.0204779,0
4.2751,-0.0162912,-0.0176237,0
4.27518,-1.08432,-1.18333,0
4.27527,-0.032946,-0.0362707,0
4.27536,-1.08332,-1.20315,0
4.27545,-1.08472,-1.21533,0
4.27553,-1.07808,-1.21855,0
4.27562,-1.07869,-1.23001,0
4.27571,-1.08315,-1.24603,0
4.27579,-1.08684,-1.26135,0
4.27588,-1.08393,-1.26912,0
4.27597,-1.07709,-1.27231,0
4.27606,-1.07667,-1.28312,0
4.27614,-1.07937,-1.2978,0
4.27623,-1.07624,-1.30559,0
4.27632,-1.0737,-1.31414,0
4.27641,-1.07299,-1.32503,0
4.27649,-1.08034,-1.34608,0
4.27658,-1.07633,-1.35313,0
4.27667,-1.07537,-1.3641,0
4.27675,-1.07064,-1.37035,0
4.27684,-1.0775,-1.39161,0
4.27693,-1.0769,-1.40344,0
4.27702,-1.06774,-1.40415,0
4.2771,-1.07123,-1.42157,0
4.27719,-1.07459,-1.43905,0
4.27728,-1.07722,-1.45578,0
4.27737,-1.07382,-1.4645,0
4.27745,-1.07036,-1.47322,0
4.27754,-1.07502,-1.4933,0
4.27763,-1.07488,-1.50693,0
4.27771,-1.07638,-1.52304,0
4.2778,-1.06915,-1.5269,0
4.27789,-1.06988,-1.54223,0
4.27798,-1.07334,-1.56172,0
4.27806,-1.06764,-1.56804,0
4.27815,-1.0675,-1.58263,0
4.27824,-1.07947,-1.61555,0
4.27833,-1.07241,-1.62024,0
4.27841,-1.0763,-1.64163,0
4.2785,-1.08056,-1.66392,0
4.27859,-1.07708,-1.67451,0
4.27867,-1.07567,-1.68847,0
4.27876,-1.07577,-1.70499,0
4.27885,-1.07044,-1.71306,0
4.27894,-1.07663,-1.73982,0
4.27902,-1.07791,-1.759,0
4.27911,-1.07542,-1.77223,0
4.2792,-1.079,-1.79577,0
4.27929,-1.07678,-1.80991,0
4.27937,-1.07649,-1.82752,0
4.27946,-1.07606,-1.84515,0
4.27955,-1.0785,-1.86802,0
4.27963,-1.07927,-1.88833,0
4.27972,-1.07595,-1.90173,0
4.27981,-1.06275,-1.89768,0
4.2799,-1.04767,-1.89005,0
4.27998,-1.0423,-1.89987,0
4.28007,-1.0278,-1.89297,0
4.28016,-1.02284,-1.9036,0
4.28025,-1.00983,-1.89922,0
4.28033,-0.999209,-1.89918,0
4.28042,-0.993221,-1.90796,0
4.28051,-0.993586,-1.92917,0
4.28059,-0.982889,-1.92903,0
4.28068,-0.956009,-1.89669,0
4.28077,-0.945939,-1.89726,0
4.28086,-0.934998,-1.89599,0
4.28094,-0.926717,-1.90005,0
4.28103,-0.910597,-1.88786,0
4.28112,-0.904504,-1.89633,0
4.28121,-0.894088,-1.89574,0
4.28129,-0.879046,-1.88512,0
4.28138,-0.87458,-1.89711,0
4.28147,-0.861733,-1.8909,0
4.28155,-0.853474,-1.89464,0
4.28164,-0.843979,-1.89561,0
4.28173,-0.83288,-1.89286,0
4.28182,-0.823816,-1.89465,0
4.2819,-0.813962,-1.89455,0
4.28199,-0.803734,-1.89348,0
4.28208,-0.793918,-1.89328,0
4.28217,-0.785266,-1.8958,0
4.28225,-0.775094,-1.89458,0
4.28234,-0.766071,-1.89609,0
4.28243,-0.756678,-1.89663,0
4.28251,-0.74693,-1.89619,0
4.2826,-0.741186,-1.90596,0
4.28269,-0.725337,-1.88957,0
4.28278,-0.720274,-1.90113,0
4.28286,-0.706368,-1.88927,0
4.28295,-0.697426,-1.89046,0
4.28304,-0.68746,-1.88878,0
4.28312,-0.680902,-1.89647,0
4.28321,-0.66995,-1.89188,0
4.2833,-0.663997,-1.9014,0
4.28339,-0.649834,-1.88726,0
4.28347,-0.643843,-1.8967,0
4.28356,-0.631436,-1.88716,0
4.28365,-0.624449,-1.8937,0
4.28374,-0.614635,-1.89165,0
4.28382,-0.608204,-1.90003,0
4.28391,-0.597502,-1.89504,0
4.284,-0.588932,-1.89667,0
4.28408,-0.577726,-1.88966,0
4.28417,-0.57207,-1.90078,0
4.28426,-0.573427,-1.93586,0
4.28435,-0.574489,-1.97098,0
4.28443,-0.57305,-1.99846,0
4.28452,-0.567039,-2.01057,0
4.28461,-0.575097,-2.07373,0
4.2847,-0.576564,-2.11481,0
4.28478,-0.567849,-2.11924,0
4.28487,-0.559361,-2.1246,0
4.28496,-0.567111,-2.19285,0
4.28504,-0.572799,-2.2554,0
4.28513,-0.622465,-2.49657,0
4.28522,-0.716623,-2.9286,0
4.28531,-0.705238,-2.93753,0
4.28539,-0.692185,-2.93961,0
4.28548,-0.678452,-2.9387,0
4.28557,-0.666065,-2.94358,0
4.28566,-0.651483,-2.93865,0
4.28574,-0.638018,-2.93853,0
4.28583,-0.623319,-2.93249,0
4.28592,-0.613165,-2.94791,0
4.286,-0.598104,-2.93977,0
4.28609,-0.585076,-2.94138,0
4.28618,-0.571664,-2.94096,0
4.28627,-0.559572,-2.94735,0
4.28635,-0.543244,-2.93108,0
4.28644,-0.531517,-2.93933,0
4.28653,-0.517645,-2.93571,0
4.28662,-0.504662,-2.93696,0
4.2867,-0.492337,-2.94209,0
4.28679,-0.479334,-2.94322,0
4.28688,-0.465393,-2.93837,0
4.28696,-0.453936,-2.94927,0
4.28705,-0.43929,-2.93936,0
4.28714,-0.427608,-2.94916,0
4.28723,-0.413483,-2.94209,0
4.28731,-0.400912,-2.94584,0
4.2874,-0.387663,-2.94459,0
4.28749,-0.373549,-2.93633,0
4.28758,-0.361343,-2.9429,0
4.28766,-0.348028,-2.94048,0
4.28775,-0.335874,-2.94793,0
4.28784,-0.321702,-2.93744,0
4.28792,-0.308673,-2.93682,0
4.28801,-0.296056,-2.94013,0
4.2881,-0.283895,-2.94836,0
4.28819,-0.270845,-2.94758,0
4.28827,-0.257458,-2.94276,0
4.28836,-0.244367,-2.94086,0
4.28845,-0.230748,-2.93193,0
4.28854,-0.218101,-2.93491,0
4.28862,-0.206549,-2.95379,0
4.28871,-0.192285,-2.93371,0
4.2888,-0.18046,-2.95049,0
4.28888,-0.1673,-2.94625,0
4.28897,-0.154129,-2.94096,0
4.28906,-0.1412,-2.93961,0
4.28915,-0.128546,-2.9442,0
4.28923,-0.115777,-2.94673,0
4.28932,-0.102674,-2.94021,0
4.28941,-0.0895695,-2.93163,0
4.2895,-0.0770388,-2.94199,0
4.28958,-0.0640922,-2.9373,0
4.28967,-0.0514497,-2.94755,0
4.28976,-0.0384573,-2.93775,0
4.28984,-0.0256299,-2.93689,0
4.28993,-0.0128413,-2.94297,0
4.29002,-3.53924e-08,-2.938,0
4.29011,0.0128368,-2.94197,0
4.29019,0.0256647,-2.94089,0
4.29028,0.0384965,-2.94075,0
4.29037,0.0514322,-2.94655,0
4.29046,0.0641794,-2.9413,0
4.29054,0.0771958,-2.94799,0
4.29063,0.0898137,-2.93963,0
4.29072,0.102884,-2.9462,0
4.2908,0.115699,-2.94473,0
4.29089,0.128546,-2.9442,0
4.29098,0.140864,-2.93262,0
4.29107,0.153972,-2.93797,0
4.29115,0.166847,-2.93827,0
4.29124,0.180154,-2.9455,0
4.29133,0.192678,-2.93969,0
4.29142,0.205712,-2.94182,0
4.2915,0.218916,-2.94588,0
4.29159,0.231219,-2.93792,0
4.29168,0.244119,-2.93788,0
4.29176,0.257545,-2.94376,0
4.29185,0.270479,-2.9436,0
4.29194,0.283224,-2.9414,0
4.29203,0.296456,-2.94411,0
4.29211,0.308673,-2.93682,0
4.2922,0.322899,-2.94837,0
4.29229,0.334402,-2.93501,0
4.29238,0.348263,-2.94246,0
4.29246,0.361464,-2.94389,0
4.29255,0.373801,-2.93832,0
4.29264,0.38688,-2.93864,0
4.29272,0.401316,-2.94882,0
4.29281,0.412509,-2.93515,0
4.2929,0.426604,-2.94223,0
4.29299,0.438994,-2.93738,0
4.29307,0.453176,-2.94433,0
4.29316,0.465549,-2.93936,0
4.29325,0.478048,-2.93533,0
4.29334,0.491677,-2.93814,0
4.29342,0.506355,-2.94681,0
4.29351,0.52025,-2.95048,0
4.2936,0.533475,-2.95015,0
4.29368,0.545249,-2.9419,0
4.29377,0.558639,-2.94244,0
4.29386,0.570137,-2.9331,0
4.29395,0.584491,-2.93843,0
4.29403,0.598303,-2.94075,0
4.29412,0.610925,-2.93714,0
4.29421,0.624983,-2.94031,0
4.2943,0.637382,-2.9356,0
4.29438,0.6517,-2.93963,0
4.29447,0.667168,-2.94846,0
4.29456,0.680027,-2.94552,0
4.29464,0.694706,-2.95031,0
4.29473,0.705705,-2.93947,0
4.29482,0.719237,-2.93928,0
4.29491,0.733507,-2.94194,0
4.29499,0.747321,-2.94258,0
4.29508,0.761656,-2.94511,0
4.29517,0.774754,-2.94272,0
4.29526,0.78888,-2.94414,0
4.29534,0.801982,-2.94164,0
4.29543,0.817482,-2.94775,0
4.29552,0.830065,-2.94319,0
4.2956,0.844828,-2.94627,0
4.29569,0.857956,-2.94351,0
4.29578,0.869939,-2.93686,0
4.29587,0.883033,-2.934,0
4.29595,0.900797,-2.94638,0
4.29604,0.913941,-2.94337,0
4.29613,0.931887,-2.95557,0
4.29621,0.942945,-2.94576,0
4.2963,0.956717,-2.94447,0
4.29639,0.973313,-2.95166,0
4.29648,0.984914,-2.9436,0
4.29656,0.999034,-2.94306,0
4.29665,1.01317,-2.94245,0
4.29674,1.02962,-2.94839,0
4.29683,1.04081,-2.93916,0
4.29691,1.05667,-2.94306,0
4.297,1.07087,-2.94218,0
4.29709,1.08715,-2.94686,0
4.29717,1.1,-2.94209,0
4.29726,1.11425,-2.941,0
4.29735,1.12528,-2.93144,0
4.29744,1.14603,-2.94701,0
4.29752,1.15924,-2.94291,0
4.29761,1.17615,-2.94804,0
4.2977,1.18938,-2.94381,0
4.29779,1.20448,-2.94414,0
4.29787,1.21808,-2.94071,0
4.29796,1.23864,-2.95381,0
4.29805,1.24917,-2.94285,0
4.29813,1.26515,-2.94473,0
4.29822,1.27799,-2.93918,0
4.29831,1.29241,-2.93723,0
4.2984,1.29424,-2.9069,0
4.29848,1.29335,-2.87114,0
4.29857,1.30131,-2.85546,0
4.29866,1.29994,-2.81978,0
4.29875,1.30843,-2.80593,0
4.29883,1.32236,-2.80381,0
4.29892,1.32727,-2.78267,0
4.29901,1.34721,-2.79307,0
4.29909,1.3607,-2.78986,0
4.29918,1.3764,-2.79107,0
4.29927,1.38143,-2.77072,0
4.29936,1.39711,-2.77181,0
4.29944,1.41055,-2.76836,0
4.29953,1.42765,-2.77196,0
4.29962,1.44019,-2.76659,0
4.29971,1.45644,-2.76824,0
4.29979,1.4732,-2.77069,0
4.29988,1.49048,-2.77392,0
4.29997,1.50496,-2.77179,0
4.30005,1.52377,-2.77747,0
4.30014,1.56206,-2.81802,0
4.30023,1.64763,-2.94206,0
4.30032,1.66981,-2.95138,0
4.3004,1.68614,-2.95014,0
4.30049,1.7015,-2.94708,0
4.30058,1.71585,-2.94222,0
4.30067,1.73933,-2.9528,0
4.30075,1.76089,-2.9598,0
4.30084,1.77173,-2.94866,0
4.30093,1.79184,-2.95287,0
4.30101,1.80837,-2.95099,0
4.3011,1.82544,-2.94987,0
4.30119,1.84518,-2.9529,0
4.30128,1.86018,-2.94821,0
4.30136,1.88646,-2.96115,0
4.30145,1.89503,-2.94616,0
4.30154,1.91277,-2.94541,0
4.30163,1.93219,-2.94707,0
4.30171,1.95165,-2.94862,0
4.3018,1.9695,-2.94756,0
4.30189,1.98569,-2.94391,0
4.30197,1.99739,-2.93357,0
4.30206,1.98865,-2.89351,0
4.30215,1.99613,-2.87741,0
4.30224,1.99547,-2.84983,0
4.30232,1.99635,-2.82476,0
4.30241,1.99065,-2.79079,0
4.3025,1.99112,-2.76584,0
4.30259,1.99259,-2.74257,0
4.30267,1.99449,-2.72014,0
4.30276,1.99206,-2.69212,0
4.30285,1.98763,-2.66177,0
4.30293,1.9884,-2.63869,0
4.30302,1.98597,-2.61168,0
4.30311,1.9943,-2.59903,0
4.3032,1.98848,-2.56816,0
4.30328,1.9929,-2.55079,0
4.30337,1.99224,-2.52715,0
4.30346,1.98893,-2.50043,0
4.30355,1.98606,-2.47457,0
4.30363,1.98362,-2.44956,0
4.30372,1.98669,-2.43159,0
4.30381,1.98456,-2.40747,0
4.30389,1.98418,-2.38572,0
4.30398,1.99007,-2.37167,0
4.30407,1.97972,-2.33854,0
4.30416,1.98601,-2.32532,0
4.30424,1.98504,-2.30376,0
4.30433,1.98261,-2.28073,0
4.30442,1.98067,-2.25853,0
4.30451,1.9819,-2.24013,0
4.30459,1.97567,-2.21355,0
4.30468,1.98732,-2.20714,0
4.30477,1.98348,-2.18364,0
4.30485,1.98624,-2.1676,0
4.30494,1.98278,-2.14496,0
4.30503,1.98325,-2.12678,0
4.30512,1.97744,-2.10208,0
4.3052,1.97145,-2.07747,0
4.30529,1.97634,-2.06452,0
4.30538,1.98603,-2.05659,0
4.30547,1.98033,-2.03287,0
4.30555,1.98708,-2.02207,0
4.30564,1.98532,-2.00272,0
4.30573,1.98414,-1.98414,0
4.30581,1.97787,-1.96068,0
4.3059,1.99354,-1.95904,0
4.30599,1.98057,-1.92939,0
4.30608,1.9861,-1.91795,0
4.30616,1.98072,-1.89613,0
4.30625,1.9781,-1.87714,0
4.30634,1.98044,-1.86301,0
4.30643,1.97977,-1.84617,0
4.30651,1.97533,-1.82597,0
4.3066,1.97812,-1.81261,0
4.30669,1.97194,-1.79119,0
4.30677,1.97379,-1.77721,0
4.30686,1.97631,-1.76392,0
4.30695,1.9735,-1.746,0
4.30704,1.97734,-1.73408,0
4.30712,1.98036,-1.7215,0
4.30721,1.97724,-1.7037,0
4.3073,1.98238,-1.69311,0
4.30739,1.9783,-1.67475,0
4.30747,1.9741,-1.65646,0
4.30756,1.97131,-1.63952,0
4.30765,1.97304,-1.62645,0
4.30773,1.96696,-1.60707,0
4.30782,1.98017,-1.60351,0
4.30791,1.97233,-1.58296,0
4.308,1.97609,-1.57185,0
4.30808,1.97821,-1.5595,0
4.30817,1.96924,-1.53854,0
4.30826,1.96961,-1.52503,0
4.30834,1.96831,-1.51034,0
4.30843,1.98045,-1.50597,0
4.30852,1.97503,-1.48829,0
4.30861,1.9799,-1.47846,0
4.30869,1.9799,-1.46505,0
4.30878,1.9766,-1.4493,0
4.30887,1.98047,-1.4389,0
4.30896,1.97699,-1.42323,0
4.30904,1.97749,-1.41053,0
4.30913,1.98362,-1.40189,0
4.30922,1.98153,-1.38748,0
4.3093,1.98592,-1.37768,0
4.30939,1.9812,-1.36164,0
4.30948,1.98795,-1.35355,0
4.30957,1.98306,-1.33759,0
4.30965,1.98305,-1.32504,0
4.30974,1.98381,-1.31306,0
4.30983,1.97113,-1.29233,0
4.30992,1.97842,-1.2848,0
4.31,1.97476,-1.27021,0
4.31009,1.97438,-1.25782,0
4.31018,1.97393,-1.24546,0
4.31026,1.98189,-1.23842,0
4.31035,1.98132,-1.22608,0
4.31044,1.97727,-1.21167,0
4.31053,1.98254,-1.20304,0
4.31061,1.97577,-1.18716,0
4.3107,1.97921,-1.17751,0
4.31079,1.97572,-1.16379,0
4.31088,1.96954,-1.1486,0
4.31096,1.9754,-1.1405,0
4.31105,1.97168,-1.12691,0
4.31114,1.97919,-1.11977,0
4.31122,1.97795,-1.1077,0
4.31131,1.97577,-1.09519,0
4.3114,1.97176,-1.08174,0
4.31149,1.98085,-1.07552,0
4.31157,1.98024,-1.06402,0
4.31166,1.97162,-1.04833,0
4.31175,1.97264,-1.03785,0
4.31184,1.97271,-1.02693,0
4.31192,1.97451,-1.01694,0
4.31201,1.97002,-1.00377,0
4.3121,1.97616,-0.996068,0
4.31218,1.97333,-0.983866,0
4.31227,1.97671,-0.974804,0
4.31236,1.97375,-0.962663,0
4.31245,1.97883,-0.954476,0
4.31253,1.97576,-0.942389,0
4.31262,1.98166,-0.934612,0
4.31271,1.97575,-0.921308,0
4.3128,1.97884,-0.91226,0
4.31288,1.98372,-0.904031,0
4.31297,1.98582,-0.894546,0
4.31306,1.98331,-0.883025,0
4.31314,1.97982,-0.871141,0
4.31323,1.97168,-0.857311,0
4.31332,1.98367,-0.852252,0
4.31341,1.98277,-0.841635,0
4.31349,1.98642,-0.832975,0
4.31358,1.98265,-0.821239,0
4.31367,1.98436,-0.811823,0
4.31376,1.9851,-0.802033,0
4.31384,1.99044,-0.794105,0
4.31393,1.98365,-0.781381,0
4.31402,1.97399,-0.767644,0
4.3141,1.97359,-0.75759,0
4.31419,1.98249,-0.751097,0
4.31428,1.98106,-0.740689,0
4.31437,1.98334,-0.731692,0
4.31445,1.97523,-0.718926,0
4.31454,1.98023,-0.710977,0
4.31463,1.98803,-0.703999,0
4.31472,1.9807,-0.691691,0
4.3148,1.98086,-0.682065,0
4.31489,1.97435,-0.670201,0
4.31498,1.98294,-0.663484,0
4.31506,1.97253,-0.650441,0
4.31515,1.9763,-0.642137,0
4.31524,1.98098,-0.634118,0
4.31533,1.9885,-0.626972,0
4.31541,1.98358,-0.615917,0
4.3155,1.97381,-0.603455,0
4.31559,1.97834,-0.595414,0
4.31568,1.98763,-0.588764,0
4.31576,1.9825,-0.577847,0
4.31585,1.9802,-0.567813,0
4.31594,1.97303,-0.556453,0
4.31602,1.97737,-0.548373,0
4.31611,1.97588,-0.538688,0
4.3162,1.98208,-0.531097,0
4.31629,1.97084,-0.518879,0
4.31637,1.97018,-0.509523,0
4.31646,1.98208,-0.503384,0
4.31655,1.98717,-0.495456,0
4.31664,1.98251,-0.485117,0
4.31672,1.96905,-0.472727,0
4.31681,1.97207,-0.46436,0
4.3169,1.97018,-0.454851,0
4.31698,1.97897,-0.447795,0
4.31707,1.98286,-0.439589,0
4.31716,1.97596,-0.429023,0
4.31725,1.9739,-0.419566,0
4.31733,1.9718,-0.410135,0
4.31742,1.97749,-0.402325,0
4.31751,1.97432,-0.392717,0
4.3176,1.98681,-0.386197,0
4.31768,1.97571,-0.3751,0
4.31777,1.97438,-0.365929,0
4.31786,1.97595,-0.357311,0
4.31794,1.96469,-0.346428,0
4.31803,1.97505,-0.339376,0
4.31812,1.97454,-0.330425,0
4.31821,1.98288,-0.322932,0
4.31829,1.98822,-0.314903,0
4.31838,1.97771,-0.304399,0
4.31847,1.97803,-0.295619,0
4.31856,1.98128,-0.287272,0
4.31864,1.97558,-0.27765,0
4.31873,1.97777,-0.269163,0
4.31882,1.97496,-0.260008,0
4.3189,1.98996,-0.253155,0
4.31899,1.98509,-0.243739,0
4.31908,1.98415,-0.23484,0
4.31917,1.97224,-0.224708,0
4.31925,1.92251,-0.210549,0
4.31934,1.72848,-0.181671,0
4.31943,1.6805,-0.169218,0
4.31952,1.66231,-0.160062,0
4.3196,1.66797,-0.153265,0
4.31969,1.66564,-0.145724,0
4.31978,1.67124,-0.138869,0
4.31986,1.6499,-0.12985,0
4.31995,1.66341,-0.123613,0
4.32004,1.65496,-0.115726,0
4.32013,1.66443,-0.109092,0
4.32021,1.66289,-0.101707,0
4.3203,1.65433,-0.09394,0
4.32039,1.65772,-0.0868777,0
4.32048,1.66308,-0.0798836,0
4.32056,1.66641,-0.0727572,0
4.32065,1.66571,-0.0654462,0
4.32074,1.66898,-0.0582822,0
4.32082,1.67222,-0.051091,0
4.32091,1.67243,-0.0437941,0
4.321,1.6766,-0.0365836,0
4.32109,1.71274,-0.029896,0
4.32117,1.88384,-0.0246608,0
4.32126,1.96193,-0.0171215,0
4.32135,1.97298,-0.00860886,0
4.32143,1.982,-4.79929e-08,0
4.32152,1.98398,0.00865676,0
4.32161,1.98492,0.0173221,0
4.3217,1.98683,0.026009,0
4.32178,1.9807,0.0345732,0
4.32187,1.97953,0.0431934,0
4.32196,1.98332,0.051935,0
4.32205,1.99007,0.0608021,0
4.32213,1.98679,0.0693801,0
4.32222,1.98547,0.0780092,0
4.32231,1.97812,0.0863663,0
4.32239,1.98072,0.0951406,0
4.32248,1.98627,0.104096,0
4.32257,1.98081,0.112478,0
4.32266,1.97331,0.120693,0
4.32274,1.98574,0.130152,0
4.32283,1.98515,0.138815,0
4.32292,1.98553,0.14755,0
4.32301,1.97689,0.155584,0
4.32309,1.98117,0.164623,0
4.32318,1.97745,0.173004,0
4.32327,1.98364,0.182271,0
4.32335,1.9888,0.1915,0
4.32344,1.98397,0.199775,0
4.32353,1.98904,0.209057,0
4.32362,1.98513,0.217407,0
4.3237,1.98814,0.22652,0
4.32379,1.98216,0.234605,0
4.32388,1.9841,0.243617,0
4.32397,1.98401,0.252398,0
4.32405,1.98884,0.261835,0
4.32414,1.97975,0.269432,0
4.32423,1.97658,0.277789,0
4.32431,1.98227,0.287416,0
4.3244,1.99188,0.297688,0
4.32449,1.98364,0.305312,0
4.32458,1.98822,0.314903,0
4.32466,1.98781,0.323735,0
4.32475,1.99821,0.334386,0
4.32484,1.99772,0.343271,0
4.32493,1.98833,0.350596,0
4.32501,1.98776,0.359446,0
4.3251,1.98519,0.367933,0
4.32519,1.99143,0.378084,0
4.32527,1.99172,0.387151,0
4.32536,1.98609,0.395058,0
4.32545,1.99121,0.405116,0
4.32554,1.98746,0.413393,0
4.32562,1.99444,0.423932,0
4.32571,1.97498,0.428811,0
4.3258,1.98286,0.439589,0
4.32589,1.9975,0.451988,0
4.32597,1.99746,0.46115,0
4.32606,1.99348,0.469402,0
4.32615,1.9885,0.477396,0
4.32623,1.99805,0.48892,0
4.32632,1.99202,0.496666,0
4.32641,1.98886,0.505107,0
4.3265,1.99051,0.514781,0
4.32658,1.98728,0.523207,0
4.32667,1.98788,0.53265,0
4.32676,1.98457,0.541055,0
4.32685,1.98508,0.550511,0
4.32693,1.99421,0.562425,0
4.32702,1.99077,0.570845,0
4.32711,1.9921,0.580645,0
4.32719,1.99243,0.590184,0
4.32728,1.99175,0.599448,0
4.32737,1.98816,0.607841,0
4.32746,1.98835,0.6174,0
4.32754,2.0009,0.630881,0
4.32763,1.99717,0.6393,0
4.32772,1.99627,0.648627,0
4.32781,1.98392,0.654199,0
4.32789,1.98579,0.664436,0
4.32798,1.9895,0.675344,0
4.32807,1.99032,0.685321,0
4.32815,1.98259,0.69235,0
4.32824,1.98992,0.704666,0
4.32833,1.984,0.712328,0
4.32842,1.99403,0.725767,0
4.3285,1.98803,0.733422,0
4.32859,1.98294,0.741389,0
4.32868,1.9881,0.753223,0
4.32877,1.98573,0.762249,0
4.32885,1.98331,0.771268,0
4.32894,1.97621,0.778449,0
4.32903,1.98301,0.79114,0
4.32911,1.98325,0.801283,0
4.3292,1.99176,0.814852,0
4.32929,1.98172,0.820856,0
4.32938,1.98273,0.831429,0
4.32946,1.98369,0.842026,0
4.32955,1.98918,0.85462,0
4.32964,1.98635,0.86369,0
4.32973,1.9789,0.870738,0
4.32981,1.98788,0.885059,0
4.3299,1.98946,0.896188,0
4.32999,1.99191,0.907763,0
4.33007,1.98338,0.914353,0
4.33016,1.99025,0.92807,0
4.33025,1.99251,0.939731,0
4.33034,1.98749,0.947985,0
4.33042,1.98244,0.956214,0
4.33051,1.98903,0.970115,0
4.3306,1.98926,0.980996,0
4.33069,1.99749,0.995914,0
4.33077,1.98866,1.00237,0
4.33086,1.99675,1.01739,0
4.33095,1.99051,1.02518,0
4.33103,1.98957,1.0357,0
4.33112,2.00007,1.05229,0
4.33121,1.99899,1.06288,0
4.3313,1.99257,1.07065,0
4.33138,1.99052,1.08076,0
4.33147,1.99718,1.09569,0
4.33156,2.00026,1.10876,0
4.33165,1.99278,1.11601,0
4.33173,1.98702,1.1242,0
4.33182,1.99078,1.13782,0
4.33191,1.99532,1.152,0
4.33199,1.98509,1.15767,0
4.33208,1.98864,1.1714,0
4.33217,1.98781,1.18262,0
4.33226,1.98691,1.19386,0
4.33234,1.98682,1.20563,0
4.33243,1.99262,1.22108,0
4.33252,1.99238,1.23292,0
4.33261,1.99291,1.24531,0
4.33269,1.98577,1.25293,0
4.33278,1.99462,1.27071,0
4.33287,1.98906,1.2794,0
4.33295,1.99268,1.29406,0
4.33304,1.98869,1.30384,0
4.33313,1.98632,1.31471,0
4.33322,1.99719,1.33448,0
4.3333,1.9872,1.34039,0
4.33339,1.99291,1.35692,0
4.33348,1.99109,1.36844,0
4.33356,1.99742,1.38566,0
4.33365,1.98481,1.38978,0
4.33374,1.97627,1.39669,0
4.33383,1.9954,1.4233,0
4.33391,1.98511,1.42907,0
4.334,1.99018,1.44595,0
4.33409,1.98708,1.45699,0
4.33418,1.99839,1.47873,0
4.33426,1.98791,1.48444,0
4.33435,1.99499,1.50333,0
4.33444,1.98841,1.51202,0
4.33452,1.98814,1.52556,0
4.33461,1.99412,1.54401,0
4.3347,1.99209,1.55639,0
4.33479,1.99628,1.57374,0
4.33487,1.99174,1.5843,0
4.33496,1.99728,1.60299,0
4.33505,1.99105,1.61232,0
4.33514,1.99561,1.63048,0
4.33522,1.98693,1.6379,0
4.33531,1.99976,1.66318,0
4.3354,1.98865,1.66868,0
4.33548,1.99814,1.69155,0
4.33557,1.99226,1.70155,0
4.33566,1.99467,1.71872,0
4.33575,1.99092,1.73068,0
4.33583,1.99162,1.74661,0
4.33592,1.98848,1.75926,0
4.33601,1.98899,1.77524,0
4.3361,1.9998,1.80063,0
4.33618,1.98823,1.80598,0
4.33627,1.99507,1.82815,0
4.33636,1.99662,1.84566,0
4.33644,1.9944,1.85981,0
4.33653,1.99428,1.87603,0
4.33662,1.99478,1.89297,0
4.33671,1.99517,1.90996,0
4.33679,1.99185,1.92351,0
4.33688,1.9992,1.94753,0
4.33697,1.98712,1.95273,0
4.33706,1.99278,1.97547,0
4.33714,1.99616,1.99616,0
4.33723,1.99659,2.01409,0
4.33732,1.99549,2.03062,0
4.3374,2.00964,2.06295,0
4.33749,2.12843,2.20406,0
4.33758,2.26401,2.36502,0
4.33767,2.264,2.38576,0
4.33775,2.26453,2.40727,0
4.33784,2.26901,2.43321,0
4.33793,2.26516,2.45043,0
4.33802,2.2639,2.47062,0
4.3381,2.25041,2.47751,0
4.33819,2.23958,2.48731,0
4.33828,2.22205,2.48959,0
4.33836,2.20122,2.48803,0
4.33845,2.1798,2.48558,0
4.33854,2.15975,2.4845,0
4.33863,2.13518,2.47799,0
4.33871,2.1237,2.48653,0
4.3388,2.10636,2.48814,0
4.33889,2.0852,2.48505,0
4.33898,2.06667,2.4849,0
4.33906,2.0399,2.4746,0
4.33915,2.02845,2.4827,0
4.33924,2.00753,2.4791,0
4.33932,1.98981,2.47925,0
4.33941,1.97648,2.48478,0
4.3395,1.96686,2.49495,0
4.33959,1.94118,2.4846,0
4.33967,1.9242,2.48514,0
4.33976,1.91029,2.48954,0
4.33985,1.89336,2.48989,0
4.33994,1.87887,2.49334,0
4.34002,1.85122,2.47908,0
4.34011,1.83681,2.48231,0
4.3402,1.81946,2.48143,0
4.34028,1.81097,2.49258,0
4.34037,1.80241,2.50371,0
4.34046,1.79495,2.51643,0
4.34055,1.78915,2.53159,0
4.34063,1.62494,2.32066,0
4.34072,1.60226,2.30965,0
4.34081,1.62785,2.36854,0
4.3409,1.75314,2.57483,0
4.34098,1.57748,2.33872,0
4.34107,1.47782,2.21171,0
4.34116,1.46098,2.2073,0
4.34124,1.4453,2.20445,0
4.34133,1.43676,2.21241,0
4.34142,1.41898,2.20605,0
4.34151,1.41364,2.21896,0
4.34159,1.40768,2.23103,0
4.34168,1.38998,2.22443,0
4.34177,1.375,2.22197,0
4.34186,1.37678,2.24671,0
4.34194,1.83075,3.01698,0
4.34203,1.83354,3.05152,0
4.34212,1.83247,3.08011,0
4.3422,1.83171,3.10962,0
4.34229,1.8282,3.13486,0
4.34238,1.8245,3.16013,0
4.34247,1.83005,3.20192,0
4.34255,1.83034,3.23511,0
4.34264,1.82891,3.26575,0
4.34273,1.83113,3.30344,0
4.34282,1.83257,3.34033,0
4.3429,1.82847,3.36763,0
4.34299,1.83222,3.40993,0
4.34308,1.83235,3.44614,0
4.34316,1.82893,3.47623,0
4.34325,1.82391,3.50369,0
4.34334,1.81639,3.52673,0
4.34343,1.82504,3.58185,0
4.34351,1.8265,3.62371,0
4.3436,1.8245,3.65939,0
4.34369,1.82488,3.7005,0
4.34378,1.81924,3.73,0
4.34386,1.8225,3.77843,0
4.34395,1.82537,3.82696,0
4.34404,1.8223,3.86383,0
4.34412,1.82444,3.91253,0
4.34421,1.82452,3.95769,0
4.3443,1.81926,3.992,0
4.34439,1.81825,4.03637,0
4.34447,0.977388,2.19525,0
4.34456,1.81437,4.12348,0
4.34465,1.81949,4.18455,0
4.34474,0.956859,2.22715,0
4.34482,0.943225,2.2221,0
4.34491,1.7839,4.25411,0
4.345,1.76187,4.25354,0
4.34508,0.897776,2.19446,0
4.34517,0.895684,2.2169,0
4.34526,0.885632,2.21985,0
4.34535,0.87777,2.22835,0
4.34543,0.860066,2.21165,0
4.34552,0.851841,2.21912,0
4.34561,0.843567,2.22656,0
4.3457,0.830342,2.22085,0
4.34578,0.818913,2.21976,0
4.34587,0.797249,2.19042,0
4.34596,0.797484,2.22118,0
4.34604,0.786783,2.22181,0
4.34613,0.77807,2.22805,0
4.34622,0.772899,2.24466,0
4.34631,0.761812,2.24422,0
4.34639,0.746935,2.23235,0
4.34648,0.734369,2.22704,0
4.34657,0.723718,2.22737,0
4.34665,0.714602,2.23242,0
4.34674,0.708463,2.24696,0
4.34683,0.695983,2.24143,0
4.34692,0.680349,2.22532,0
4.347,0.665733,2.21199,0
4.34709,0.657496,2.21967,0
4.34718,0.646965,2.21964,0
4.34727,0.636722,2.22051,0
4.34735,0.633814,2.24733,0
4.34744,0.622933,2.24622,0
4.34753,0.60918,2.23445,0
4.34761,0.59606,2.22453,0
4.3477,0.586094,2.22614,0
4.34779,0.57312,2.21609,0
4.34788,0.563937,2.22051,0
4.34796,0.546744,2.19287,0
4.34805,0.541924,2.21466,0
4.34814,0.536924,2.23645,0
4.34823,0.528765,2.24559,0
4.34831,0.512664,2.22059,0
4.3484,0.504956,2.23158,0
4.34849,0.49305,2.224,0
4.34857,0.479946,2.2105,0
4.34866,0.474247,2.23115,0
4.34875,0.46186,2.22047,0
4.34884,0.447182,2.19797,0
4.34892,0.44227,2.22344,0
4.34901,0.435426,2.24007,0
4.3491,0.427327,2.25079,0
4.34919,0.41495,2.23887,0
4.34927,0.400729,2.21606,0
4.34936,0.394876,2.23945,0
4.34945,0.385778,2.2451,0
4.34953,0.373833,2.23394,0
4.34962,0.362314,2.22469,0
4.34971,0.355106,2.24205,0
4.3498,0.338475,2.1991,0
4.34988,0.334788,2.24012,0
4.34997,0.322428,2.22375,0
4.35006,0.31314,2.2281,0
4.35015,0.305168,2.24233,0
4.35023,0.294598,2.23769,0
4.35032,0.282686,2.22209,0
4.35041,0.271037,2.20742,0
4.35049,0.263519,2.22646,0
4.35058,0.254141,2.23057,0
4.35067,0.243971,2.22768,0
4.35076,0.231531,2.20287,0
4.35084,0.226726,2.25161,0
4.35093,0.215461,2.23765,0
4.35102,0.204598,2.22662,0
4.35111,0.19488,2.22749,0
4.35119,0.185656,2.2343,0
4.35128,0.175121,2.22512,0
4.35137,0.16541,2.22586,0
4.35145,0.155069,2.21758,0
4.35154,0.146568,2.2362,0
4.35163,0.136871,2.23782,0
4.35172,0.128012,2.25437,0
4.3518,0.117547,2.24292,0
4.35189,0.107615,2.24042,0
4.35198,0.0976203,2.23587,0
4.35207,0.0878243,2.23528,0
4.35215,0.0778958,2.23064,0
4.35224,0.0672459,2.20097,0
4.35233,0.0577202,2.20424,0
4.35241,0.0466185,2.13649,0
4.3525,0.037261,2.13467,0
4.35259,0.0301454,2.3028,0
4.35268,0.0183694,2.10492,0
4.35276,0.00874414,2.00398,0
4.35285,7.23645e-08,1.989,0
4.35294,-0.00827713,1.89698,0
4.35303,-0.015891,1.82093,0
4.35311,-0.023823,1.81984,0
4.3532,-0.0317982,1.82172,0
4.35329,-0.0397467,1.82157,0
4.35337,-0.0483226,1.84537,0
4.35346,-0.0598249,1.95809,0
4.35355,-0.0697989,1.99878,0
4.35364,-0.0754573,1.92052,0
4.35372,-0.0797362,1.82626,0
4.35381,-0.0867924,1.80692,0
4.3539,-0.0938906,1.79154,0
4.35399,-0.100573,1.77115,0
4.35407,-0.106896,1.74773,0
4.35416,-0.110466,1.68538,0
4.35425,-0.115028,1.64498,0
4.35433,-0.120649,1.62352,0
4.35442,-0.127496,1.61999,0
4.35451,-0.133487,1.60646,0
4.3546,-0.137967,1.57698,0
4.35468,-0.1432,1.55843,0
4.35477,-0.148944,1.54685,0
4.35486,-0.155893,1.54817,0
4.35495,-0.162855,1.54947,0
4.35503,-0.169615,1.54874,0
4.35512,-0.176597,1.54997,0
4.35521,-0.183711,1.55217,0
4.35529,-0.189994,1.54738,0
4.35538,-0.197628,1.55348,0
4.35547,-0.202838,1.54071,0
4.35556,-0.211176,1.5517,0
4.35564,-0.217806,1.54977,0
4.35573,-0.224996,1.55177,0
4.35582,-0.231617,1.54979,0
4.35591,-0.23929,1.55469,0
4.35599,-0.244976,1.54672,0
4.35608,-0.252848,1.55255,0
4.35617,-0.259125,1.54847,0
4.35625,-0.265879,1.54732,0
4.35634,-0.273496,1.55107,0
4.35643,-0.280083,1.54888,0
4.35652,-0.283741,1.53093,0
4.3566,-0.28333,1.49234,0
4.35669,-0.282588,1.45379,0
4.35678,-0.281515,1.41527,0
4.35687,-0.288685,1.41893,0
4.35695,-0.295688,1.42157,0
4.35704,-0.301056,1.41636,0
4.35713,-0.30596,1.40917,0
4.35721,-0.31124,1.40391,0
4.3573,-0.314052,1.38791,0
4.35739,-0.310657,1.34561,0
4.35748,-0.313088,1.32964,0
4.35756,-0.308615,1.28547,0
4.35765,-0.299484,1.22389,0
4.35774,-0.302644,1.21384,0
4.35783,-0.310153,1.22123,0
4.35791,-0.310471,1.2005,0
4.358,-0.31316,1.18947,0
4.35809,-0.316277,1.18036,0
4.35817,-0.316426,1.16064,0
4.35826,-0.316945,1.14287,0
4.35835,-0.320028,1.13473,0
4.35844,-0.320842,1.11891,0
4.35852,-0.319845,1.09734,0
4.35861,-0.319233,1.07771,0
4.3587,-0.31471,1.04567,0
4.35878,-0.316346,1.03472,0
4.35887,-0.324416,1.04479,0
4.35896,-0.327168,1.03764,0
4.35905,-0.3259,1.01811,0
4.35913,-0.322305,0.991952,0
4.35922,-0.321306,0.974391,0
4.35931,-0.315401,0.942634,0
4.3594,-0.313403,0.923257,0
4.35948,-0.31222,0.906752,0
4.35957,-0.311887,0.893108,0
4.35966,-0.312777,0.883255,0
4.35974,-0.310545,0.864941,0
4.35983,-0.30816,0.846663,0
4.35992,-0.311851,0.84531,0
4.36001,-0.310284,0.829892,0
4.36009,-0.308233,0.813568,0
4.36018,-0.304254,0.79261,0
4.36027,-0.294662,0.757722,0
4.36036,-0.297599,0.755499,0
4.36044,-0.303487,0.760695,0
4.36053,-0.310549,0.768635,0
4.36062,-0.312385,0.763571,0
4.3607,-0.308825,0.745571,0
4.36079,-0.308595,0.735916,0
4.36088,-0.307505,0.724437,0
4.36097,-0.306716,0.713901,0
4.36105,-0.308233,0.708887,0
4.36114,-0.309309,0.702959,0
4.36123,-0.308713,0.693381,0
4.36132,-0.312146,0.692939,0
4.3614,-0.311849,0.684291,0
4.36149,-0.312739,0.678383,0
4.36158,-0.309779,0.664324,0
4.36166,-0.307556,0.652112,0
4.36175,-0.309968,0.649861,0
4.36184,-0.304112,0.630489,0
4.36193,-0.30949,0.634549,0
4.36201,-0.314467,0.637677,0
4.3621,-0.311,0.623769,0
4.36219,-0.309668,0.61437,0
4.36228,-0.309168,0.606775,0
4.36236,-0.305402,0.592974,0
4.36245,-0.301522,0.579218,0
4.36254,-0.302649,0.575242,0
4.36262,-0.306565,0.576565,0
4.36271,-0.313338,0.58315,0
4.3628,-0.305859,0.563322,0
4.36289,-0.303985,0.554091,0
4.36297,-0.307369,0.554509,0
4.36306,-0.307831,0.549672,0
4.36315,-0.306287,0.541361,0
4.36324,-0.311624,0.545229,0
4.36332,-0.3075,0.532606,0
4.36341,-0.306798,0.526076,0
4.3635,-0.313151,0.531625,0
4.36358,-0.315468,0.530254,0
4.36367,-0.314688,0.523729,0
4.36376,-0.312301,0.514657,0
4.36385,-0.310364,0.506468,0
4.36393,-0.308361,0.498306,0
4.36402,-0.309473,0.49526,0
4.36411,-0.319101,0.505745,0
4.3642,-0.310559,0.48748,0
4.36428,-0.311601,0.484438,0
4.36437,-0.308266,0.474688,0
4.36446,-0.311979,0.475847,0
4.36454,-0.314052,0.474481,0
4.36463,-0.307786,0.460634,0
4.36472,-0.306997,0.455142,0
4.36481,-0.311231,0.457104,0
4.36489,-0.304727,0.44338,0
4.36498,-0.303238,0.437116,0
4.36507,-0.311452,0.4448,0
4.36516,-0.307618,0.43527,0
4.36524,-0.316483,0.443693,0
4.36533,-0.310237,0.430946,0
4.36542,-0.31329,0.431206,0
4.3655,-0.307481,0.419351,0
4.36559,-0.313472,0.423633,0
4.36568,-0.308735,0.413447,0
4.36577,-0.309935,0.411297,0
4.36585,-0.304463,0.400389,0
4.36594,-0.317773,0.41413,0
4.36603,-0.314067,0.405624,0
4.36612,-0.314603,0.402673,0
4.3662,-0.305832,0.387947,0
4.36629,-0.31188,0.392087,0
4.36638,-0.304199,0.379024,0
4.36646,-0.307738,0.380024,0
4.36655,-0.305597,0.374032,0
4.36664,-0.30977,0.375781,0
4.36673,-0.312686,0.375964,0
4.36681,-0.311752,0.371532,0
4.3669,-0.303032,0.357956,0
4.36699,-0.309787,0.362714,0
4.36708,-0.298964,0.346965,0
4.36716,-0.290634,0.334336,0
4.36725,-0.281541,0.321036,0
4.36734,-0.299504,0.338528,0
4.36742,-0.306306,0.343186,0
4.36751,-0.283042,0.31435,0
4.3676,-0.322736,0.355305,0
4.36769,-0.180383,0.196853,0
4.36777,-0.16427,0.177706,0
4.36786,-0.175956,0.188689,0
4.36795,-0.16924,0.179908,0
4.36804,-0.223027,0.235021,0
4.36812,-0.237189,0.247771,0
4.36821,-0.157687,0.16329,0
4.3683,-0.14514,0.148991,0
4.36838,-0.128967,0.131238,0
4.36847,-0.131651,0.132805,0
4.36856,-0.11243,0.11243,0
