7200
5960
5.20108
5.21679,-0.0311127,-0.0311127,0
5.21688,-0.0295686,-0.0298278,0
5.21696,-0.0175227,-0.0178313,0
5.21705,-0.0446586,-0.0458433,0
5.21714,-0.0632139,-0.0654599,0
5.21723,-0.055321,-0.0577891,0
5.21731,-0.11289,-0.118961,0
5.2174,-0.124018,-0.131835,0
5.21749,-0.13299,-0.142614,0
5.21757,-0.125578,-0.13585,0
5.21766,-0.134442,-0.146718,0
5.21775,-0.152627,-0.16803,0
5.21784,-0.13851,-0.153831,0
5.21792,-0.214414,-0.24023,0
5.21801,-0.270349,-0.305574,0
5.2181,-0.530773,-0.605231,0
5.21819,-0.537312,-0.618107,0
5.21827,-0.523513,-0.607567,0
5.21836,-0.52995,-0.620491,0
5.21845,-0.535637,-0.63272,0
5.21853,-0.528371,-0.629689,0
5.21862,-0.497484,-0.598159,0
5.21871,-0.473878,-0.57486,0
5.2188,-0.46314,-0.566855,0
5.21888,-0.465068,-0.574311,0
5.21897,-0.468191,-0.583354,0
5.21906,-0.453813,-0.570521,0
5.21915,-0.459368,-0.582705,0
5.21923,-0.45559,-0.583128,0
5.21932,-0.440796,-0.569297,0
5.21941,-0.437699,-0.570421,0
5.21949,-0.439443,-0.577897,0
5.21958,-0.433307,-0.575018,0
5.21967,-0.431392,-0.577704,0
5.21976,-0.426488,-0.576365,0
5.21984,-0.415691,-0.566931,0
5.21993,-0.415564,-0.571975,0
5.22002,-0.418907,-0.581899,0
5.22011,-0.42101,-0.590234,0
5.22019,-0.423047,-0.598598,0
5.22028,-0.425594,-0.607811,0
5.22037,-0.422938,-0.609662,0
5.22045,-0.423105,-0.615622,0
5.22054,-0.41929,-0.615809,0
5.22063,-0.420513,-0.623436,0
5.22072,-0.422233,-0.631917,0
5.2208,-0.425543,-0.642926,0
5.22089,-0.418348,-0.638086,0
5.22098,-0.41447,-0.638228,0
5.22107,-0.418173,-0.650123,0
5.22115,-0.420706,-0.660375,0
5.22124,-0.423156,-0.670662,0
5.22133,-0.419166,-0.670806,0
5.22141,-0.418866,-0.67688,0
5.2215,-0.417476,-0.68126,0
5.22159,-0.418131,-0.689059,0
5.22168,-0.412546,-0.686591,0
5.22176,-0.421306,-0.708151,0
5.22185,-0.422779,-0.717737,0
5.22194,-0.411583,-0.705754,0
5.22203,-0.416,-0.720533,0
5.22211,-0.415829,-0.727551,0
5.2222,-0.416098,-0.735451,0
5.22229,-0.414351,-0.739877,0
5.22237,-0.412088,-0.743427,0
5.22246,-0.40355,-0.735574,0
5.22255,-0.408448,-0.752267,0
5.22264,-0.413208,-0.769018,0
5.22272,-0.418299,-0.786706,0
5.22281,-0.412069,-0.783214,0
5.2229,-0.413265,-0.793875,0
5.22299,-0.402013,-0.780557,0
5.22307,-0.411769,-0.808143,0
5.22316,-0.41184,-0.817076,0
5.22325,-0.410056,-0.822445,0
5.22333,-0.412655,-0.836782,0
5.22342,-0.409,-0.838575,0
5.22351,-0.413592,-0.857465,0
5.2236,-0.405972,-0.851138,0
5.22368,-0.401828,-0.851997,0
5.22377,-0.408249,-0.875493,0
5.22386,-0.414054,-0.898154,0
5.22395,-0.409717,-0.899042,0
5.22403,-0.404147,-0.897174,0
5.22412,-0.409177,-0.919027,0
5.22421,-0.409191,-0.929956,0
5.22429,-0.409117,-0.940904,0
5.22438,-0.395928,-0.921548,0
5.22447,-0.398546,-0.938915,0
5.22456,-0.40682,-0.970155,0
5.22464,-0.4022,-0.970997,0
5.22473,-0.397202,-0.970892,0
5.22482,-0.39034,-0.966126,0
5.22491,-0.389085,-0.97525,0
5.22499,-0.386292,-0.98066,0
5.22508,-0.383097,-0.985132,0
5.22517,-0.380587,-0.991462,0
5.22525,-0.376966,-0.994984,0
5.22534,-0.369119,-0.987252,0
5.22543,-0.365846,-0.991668,0
5.22552,-0.360489,-0.990436,0
5.2256,-0.353123,-0.983529,0
5.22569,-0.348161,-0.983175,0
5.22578,-0.344197,-0.985629,0
5.22586,-0.339568,-0.986176,0
5.22595,-0.33494,-0.986701,0
5.22604,-0.328728,-0.982463,0
5.22613,-0.324438,-0.983888,0
5.22621,-0.320451,-0.986246,0
5.2263,-0.315839,-0.986682,0
5.22639,-0.308825,-0.979467,0
5.22648,-0.304845,-0.981761,0
5.22656,-0.301143,-0.984994,0
5.22665,-0.296842,-0.986298,0
5.22674,-0.291684,-0.984708,0
5.22682,-0.290742,-0.997492,0
5.22691,-0.282528,-0.985293,0
5.227,-0.276598,-0.980742,0
5.22709,-0.274187,-0.988685,0
5.22717,-0.264609,-0.970576,0
5.22726,-0.259337,-0.967858,0
5.22735,-0.257657,-0.97865,0
5.22744,-0.255137,-0.986543,0
5.22752,-0.248861,-0.979892,0
5.22761,-0.214585,-0.860652,0
5.2277,-0.190624,-0.779016,0
5.22778,-0.178352,-0.742891,0
5.22787,-0.175109,-0.743662,0
5.22796,-0.173887,-0.753188,0
5.22805,-0.168834,-0.746137,0
5.22813,-0.167741,-0.756629,0
5.22822,-0.165074,-0.760286,0
5.22831,-0.167161,-0.786431,0
5.2284,-0.166579,-0.800859,0
5.22848,-0.166273,-0.817257,0
5.22857,-0.163876,-0.82386,0
5.22866,-0.162951,-0.83831,0
5.22874,-0.167312,-0.881258,0
5.22883,-0.152896,-0.824951,0
5.22892,-0.148583,-0.821674,0
5.22901,-0.151074,-0.856783,0
5.22909,-0.147673,-0.859405,0
5.22918,-0.147388,-0.880753,0
5.22927,-0.145954,-0.896193,0
5.22936,-0.144858,-0.914599,0
5.22944,-0.145886,-0.947839,0
5.22953,-0.143966,-0.963301,0
5.22962,-0.142488,-0.982724,0
5.2297,-0.138756,-0.987297,0
5.22979,-0.345758,-2.54058,0
5.22988,-0.334017,-2.53711,0
5.22997,-0.322691,-2.53656,0
5.23005,-0.311376,-2.53596,0
5.23014,-0.300896,-2.54226,0
5.23023,-0.288895,-2.5356,0
5.23032,-0.277828,-2.53683,0
5.2304,-0.262785,-2.50023,0
5.23049,-0.25057,-2.48842,0
5.23058,-0.243544,-2.5293,0
5.23066,-0.245407,-2.67075,0
5.23075,-0.235146,-2.68773,0
5.23084,-0.223003,-2.68375,0
5.23093,-0.213016,-2.70663,0
5.23101,-0.201872,-2.71651,0
5.2311,-0.190923,-2.73033,0
5.23119,-0.178747,-2.72715,0
5.23128,-0.166418,-2.72092,0
5.23136,-0.155112,-2.7316,0
5.23145,-0.142877,-2.72626,0
5.23154,-0.130932,-2.72586,0
5.23162,-0.118906,-2.72341,0
5.23171,-0.107258,-2.72989,0
5.2318,-0.0950663,-2.72234,0
5.23189,-0.0831259,-2.72073,0
5.23197,-0.0711752,-2.71807,0
5.23206,-0.0592493,-2.71535,0
5.23215,-0.0473484,-2.71259,0
5.23224,-0.0357084,-2.72777,0
5.23232,-0.0237798,-2.7249,0
5.23241,-0.0118813,-2.72297,0
5.2325,-3.28506e-08,-2.727,0
5.23258,0.0118813,-2.72297,0
5.23267,0.023806,-2.7279,0
5.23276,0.0356822,-2.72577,0
5.23285,0.0476276,-2.72858,0
5.23293,0.0594237,-2.72335,0
5.23302,0.0713845,-2.72607,0
5.23311,0.0835533,-2.73472,0
5.2332,0.0950313,-2.72134,0
5.23328,0.106826,-2.7189,0
5.23337,0.118645,-2.71741,0
5.23346,0.130692,-2.72086,0
5.23354,0.141987,-2.70928,0
5.23363,0.154204,-2.71563,0
5.23372,0.167029,-2.7309,0
5.23381,0.17842,-2.72216,0
5.23389,0.189807,-2.71437,0
5.23398,0.202094,-2.7195,0
5.23407,0.214115,-2.72059,0
5.23416,0.226232,-2.72262,0
5.23424,0.237587,-2.71563,0
5.23433,0.250257,-2.72353,0
5.23442,0.26233,-2.7244,0
5.2345,0.274916,-2.73019,0
5.23459,0.286094,-2.72201,0
5.23468,0.298948,-2.72968,0
5.23477,0.311196,-2.73133,0
5.23485,0.322875,-2.72796,0
5.23494,0.335384,-2.73149,0
5.23503,0.347047,-2.72801,0
5.23512,0.358033,-2.71953,0
5.2352,0.369222,-2.71299,0
5.23529,0.381891,-2.7173,0
5.23538,0.395035,-2.72451,0
5.23546,0.406328,-2.7188,0
5.23555,0.420013,-2.72887,0
5.23564,0.432541,-2.73096,0
5.23573,0.444453,-2.72905,0
5.23581,0.456026,-2.72511,0
5.2359,0.46859,-2.72703,0
5.23599,0.480137,-2.72299,0
5.23608,0.491124,-2.71595,0
5.23616,0.50461,-2.72263,0
5.23625,0.516112,-2.71844,0
5.23634,0.529113,-2.72205,0
5.23642,0.5404,-2.71678,0
5.23651,0.554442,-2.72517,0
5.2366,0.56592,-2.72077,0
5.23669,0.57841,-2.72121,0
5.23677,0.58943,-2.71475,0
5.23686,0.601486,-2.71313,0
5.23695,0.615966,-2.72218,0
5.23704,0.626939,-2.71557,0
5.23712,0.640615,-2.7206,0
5.23721,0.65318,-2.72069,0
5.2373,0.665283,-2.71879,0
5.23738,0.680042,-2.7275,0
5.23747,0.691691,-2.72354,0
5.23756,0.70507,-2.7263,0
5.23765,0.718232,-2.72804,0
5.23773,0.728834,-2.72005,0
5.23782,0.7428,-2.72456,0
5.23791,0.752009,-2.71166,0
5.23799,0.765733,-2.71509,0
5.23808,0.782259,-2.72806,0
5.23817,0.792476,-2.71886,0
5.23826,0.805467,-2.71921,0
5.23834,0.819342,-2.72238,0
5.23843,0.832967,-2.72451,0
5.23852,0.845143,-2.72181,0
5.23861,0.859116,-2.72477,0
5.23869,0.870692,-2.72004,0
5.23878,0.884407,-2.72192,0
5.23887,0.897527,-2.72184,0
5.23895,0.91003,-2.71979,0
5.23904,0.924138,-2.72242,0
5.23913,0.937962,-2.72404,0
5.23922,0.951817,-2.72558,0
5.2393,0.963367,-2.72046,0
5.23939,0.978269,-2.7247,0
5.23948,0.991858,-2.72511,0
5.23957,1.00478,-2.72357,0
5.23965,1.01945,-2.72665,0
5.23974,1.03453,-2.73059,0
5.23983,1.04679,-2.72699,0
5.23991,1.05687,-2.71773,0
5.24,1.07165,-2.72054,0
5.24009,1.08796,-2.72698,0
5.24018,1.09984,-2.72221,0
5.24026,1.11474,-2.72479,0
5.24035,1.12509,-2.71621,0
5.24044,1.14157,-2.72234,0
5.24053,1.15422,-2.71917,0
5.24061,1.16884,-2.72054,0
5.2407,1.18428,-2.72367,0
5.24079,1.19696,-2.72031,0
5.24087,1.2076,-2.71232,0
5.24096,1.22723,-2.72434,0
5.24105,1.23786,-2.71623,0
5.24114,1.25347,-2.71898,0
5.24122,1.26785,-2.71892,0
5.24131,1.28013,-2.71427,0
5.2414,1.30014,-2.72581,0
5.24149,1.31246,-2.72101,0
5.24157,1.3252,-2.71705,0
5.24166,1.34412,-2.7256,0
5.24175,1.35644,-2.7206,0
5.24183,1.37505,-2.72805,0
5.24192,1.38603,-2.72024,0
5.24201,1.40155,-2.72128,0
5.2421,1.41895,-2.72578,0
5.24218,1.43223,-2.72222,0
5.24227,1.44644,-2.72036,0
5.24236,1.46303,-2.72283,0
5.24245,1.4749,-2.71642,0
5.24253,1.49251,-2.72048,0
5.24262,1.51164,-2.72706,0
5.24271,1.52841,-2.72917,0
5.24279,1.53932,-2.72073,0
5.24288,1.55961,-2.72875,0
5.24297,1.572,-2.72278,0
5.24306,1.58588,-2.71935,0
5.24314,1.60331,-2.72189,0
5.24323,1.61671,-2.71744,0
5.24332,1.63937,-2.72836,0
5.24341,1.65229,-2.72289,0
5.24349,1.67252,-2.7293,0
5.24358,1.68494,-2.72283,0
5.24367,1.70475,-2.72817,0
5.24375,1.71877,-2.72409,0
5.24384,1.7344,-2.72247,0
5.24393,1.75384,-2.72665,0
5.24402,1.7679,-2.72232,0
5.2441,1.78744,-2.72629,0
5.24419,1.80318,-2.7243,0
5.24428,1.82171,-2.72639,0
5.24437,1.83415,-2.71924,0
5.24445,1.85332,-2.72196,0
5.24454,1.8748,-2.72786,0
5.24463,1.8884,-2.72212,0
5.24471,1.90944,-2.72696,0
5.2448,1.93575,-2.73902,0
5.24489,1.94884,-2.73217,0
5.24498,1.96366,-2.7277,0
5.24506,1.9779,-2.72234,0
5.24515,1.98089,-2.70159,0
5.24524,1.97481,-2.6688,0
5.24533,1.98045,-2.65215,0
5.24541,1.98779,-2.63789,0
5.2455,1.98113,-2.60531,0
5.24559,1.98274,-2.58395,0
5.24567,1.97991,-2.55709,0
5.24576,1.97935,-2.53345,0
5.24585,1.97862,-2.50987,0
5.24594,1.9796,-2.48869,0
5.24602,1.98293,-2.47067,0
5.24611,1.97607,-2.44024,0
5.2462,1.97847,-2.42153,0
5.24629,1.97502,-2.39589,0
5.24637,1.98098,-2.38187,0
5.24646,1.98171,-2.36172,0
5.24655,1.9836,-2.34312,0
5.24663,1.98536,-2.32456,0
5.24672,1.98308,-2.30148,0
5.24681,1.97933,-2.27696,0
5.2469,1.97738,-2.25477,0
5.24698,1.97991,-2.23788,0
5.24707,1.979,-2.21728,0
5.24716,1.98063,-2.19971,0
5.24725,1.97743,-2.17698,0
5.24733,1.98083,-2.1617,0
5.24742,1.98889,-2.15157,0
5.24751,1.98121,-2.12458,0
5.24759,1.98498,-2.11009,0
5.24768,1.97902,-2.08545,0
5.24777,1.97427,-2.06235,0
5.24786,1.97422,-2.04436,0
5.24794,1.98033,-2.03287,0
5.24803,1.97937,-2.01422,0
5.24812,1.98462,-2.00201,0
5.24821,1.98485,-1.98485,0
5.24829,1.98781,-1.97054,0
5.24838,1.98426,-1.94993,0
5.24847,1.98272,-1.93148,0
5.24855,1.98178,-1.91378,0
5.24864,1.98,-1.89544,0
5.24873,1.98027,-1.87921,0
5.24882,1.97753,-1.86027,0
5.2489,1.9688,-1.83594,0
5.24899,1.96798,-1.81919,0
5.24908,1.97369,-1.80856,0
5.24917,1.97416,-1.7932,0
5.24925,1.97379,-1.77721,0
5.24934,1.97183,-1.75993,0
5.24943,1.972,-1.74468,0
5.24951,1.96832,-1.72617,0
5.2496,1.9713,-1.71363,0
5.24969,1.97649,-1.70305,0
5.24978,1.97249,-1.68467,0
5.24986,1.97448,-1.67152,0
5.24995,1.97793,-1.65968,0
5.25004,1.97131,-1.63952,0
5.25013,1.97227,-1.62582,0
5.25021,1.96928,-1.60897,0
5.2503,1.96696,-1.59281,0
5.25039,1.96921,-1.58046,0
5.25047,1.97296,-1.56936,0
5.25056,1.97586,-1.55764,0
5.25065,1.97239,-1.541,0
5.25074,1.96961,-1.52503,0
5.25082,1.97545,-1.51582,0
5.25091,1.97568,-1.50234,0
5.251,1.97103,-1.48528,0
5.25108,1.96708,-1.46889,0
5.25117,1.97106,-1.45851,0
5.25126,1.98224,-1.45344,0
5.25135,1.97643,-1.43596,0
5.25143,1.97131,-1.41914,0
5.25152,1.97342,-1.40762,0
5.25161,1.97137,-1.39323,0
5.2517,1.97579,-1.38347,0
5.25178,1.97688,-1.37141,0
5.25187,1.96884,-1.35314,0
5.25196,1.97803,-1.34679,0
5.25204,1.98223,-1.33703,0
5.25213,1.97723,-1.32115,0
5.25222,1.98048,-1.31085,0
5.25231,1.97531,-1.29507,0
5.25239,1.97926,-1.28535,0
5.25248,1.9756,-1.27075,0
5.25257,1.97354,-1.25728,0
5.25266,1.97562,-1.24652,0
5.25274,1.98104,-1.23789,0
5.25283,1.97792,-1.22397,0
5.25292,1.9713,-1.20802,0
5.253,1.9757,-1.19889,0
5.25309,1.98434,-1.19231,0
5.25318,1.9921,-1.18518,0
5.25327,1.98175,-1.16734,0
5.25335,1.98423,-1.15717,0
5.25344,1.97973,-1.143,0
5.25353,1.97428,-1.1284,0
5.25362,1.97223,-1.11583,0
5.2537,1.97882,-1.10819,0
5.25379,1.98451,-1.10003,0
5.25388,1.9814,-1.08703,0
5.25396,1.98349,-1.07695,0
5.25405,1.98112,-1.0645,0
5.25414,1.97515,-1.05021,0
5.25423,1.96379,-1.0332,0
5.25431,1.9736,-1.02739,0
5.2544,1.97362,-1.01648,0
5.25449,1.97625,-1.00695,0
5.25458,1.97884,-0.997418,0
5.25466,1.96707,-0.980743,0
5.25475,1.96953,-0.971266,0
5.25484,1.97914,-0.965293,0
5.25492,1.97883,-0.954476,0
5.25501,1.98117,-0.944972,0
5.2551,1.97985,-0.933759,0
5.25519,1.97666,-0.92173,0
5.25527,1.97884,-0.91226,0
5.25536,1.98008,-0.902373,0
5.25545,1.97214,-0.888385,0
5.25554,1.96778,-0.876111,0
5.25562,1.98073,-0.871544,0
5.25571,1.97443,-0.858507,0
5.2558,1.9754,-0.848699,0
5.25588,1.96712,-0.834992,0
5.25597,1.95968,-0.821761,0
5.25606,1.97433,-0.817795,0
5.25615,1.98343,-0.811444,0
5.25623,1.98603,-0.802407,0
5.25632,1.97279,-0.787064,0
5.25641,1.97249,-0.776983,0
5.2565,1.97492,-0.768006,0
5.25658,1.98012,-0.760098,0
5.25667,1.98249,-0.751097,0
5.25676,1.97169,-0.737187,0
5.25684,1.97583,-0.728923,0
5.25693,1.97805,-0.719952,0
5.25702,1.97835,-0.710301,0
5.25711,1.98332,-0.70233,0
5.25719,1.97409,-0.689383,0
5.25728,1.97519,-0.680112,0
5.25737,1.96488,-0.666987,0
5.25746,1.97441,-0.660628,0
5.25754,1.98202,-0.653573,0
5.25763,1.98295,-0.6443,0
5.25772,1.97622,-0.632593,0
5.2578,1.97896,-0.623965,0
5.25789,1.97689,-0.613841,0
5.25798,1.98624,-0.607256,0
5.25807,1.98792,-0.598296,0
5.25815,1.98284,-0.587344,0
5.25824,1.9777,-0.576448,0
5.25833,1.97828,-0.567262,0
5.25842,1.97977,-0.558353,0
5.2585,1.98026,-0.549175,0
5.25859,1.97974,-0.53974,0
5.25868,1.98208,-0.531097,0
5.25876,1.98051,-0.521425,0
5.25885,1.97405,-0.510525,0
5.25894,1.98014,-0.502891,0
5.25903,1.98134,-0.494005,0
5.25911,1.98834,-0.486543,0
5.2592,1.99044,-0.477863,0
5.25929,1.98375,-0.46711,0
5.25938,1.97797,-0.456651,0
5.25946,1.9819,-0.448457,0
5.25955,1.98871,-0.440888,0
5.25964,1.9828,-0.430509,0
5.25972,1.99151,-0.423308,0
5.25981,1.99627,-0.415226,0
5.2599,1.99023,-0.404916,0
5.25999,1.97824,-0.393497,0
5.26007,1.98191,-0.385243,0
5.26016,1.97964,-0.375846,0
5.26025,1.98519,-0.367934,0
5.26034,1.98383,-0.358734,0
5.26042,1.98537,-0.350075,0
5.26051,1.98688,-0.341409,0
5.2606,1.98243,-0.331746,0
5.26068,1.99077,-0.324218,0
5.26077,1.98229,-0.313964,0
5.26086,1.97969,-0.304703,0
5.26095,1.98298,-0.296358,0
5.26103,1.97732,-0.286698,0
5.26112,1.97757,-0.277929,0
5.26121,1.96786,-0.267814,0
5.2613,1.97298,-0.259747,0
5.26138,1.94433,-0.24735,0
5.26147,1.72703,-0.212053,0
5.26156,1.67531,-0.198286,0
5.26164,1.67317,-0.190634,0
5.26173,1.66604,-0.182461,0
5.26182,1.66682,-0.17519,0
5.26191,1.66359,-0.167514,0
5.26199,1.65534,-0.159392,0
5.26208,1.65602,-0.152167,0
5.26217,1.6497,-0.14433,0
5.26226,1.65131,-0.137213,0
5.26234,1.6509,-0.129928,0
5.26243,1.65344,-0.122872,0
5.26252,1.65895,-0.116005,0
5.2626,1.66343,-0.109027,0
5.26269,1.6579,-0.101402,0
5.26278,1.66132,-0.0943368,0
5.26287,1.65473,-0.0867207,0
5.26295,1.65309,-0.0794038,0
5.26304,1.64943,-0.0720157,0
5.26313,1.65372,-0.064975,0
5.26321,1.64999,-0.0576191,0
5.2633,1.65423,-0.0505413,0
5.26339,1.66143,-0.0435061,0
5.26348,1.6606,-0.0362346,0
5.26356,1.67774,-0.0292852,0
5.26365,1.67086,-0.0218728,0
5.26374,1.67394,-0.0146083,0
5.26383,1.68698,-0.00736094,0
5.26391,1.837,-4.44818e-08,0
5.264,1.97298,0.00860876,0
5.26409,1.97592,0.0172436,0
5.26417,1.98983,0.0260482,0
5.26426,1.9867,0.0346779,0
5.26435,1.99153,0.0434552,0
5.26444,1.98732,0.0520397,0
5.26452,1.98607,0.06068,0
5.26461,1.97979,0.0691359,0
5.2647,1.98047,0.0778129,0
5.26479,1.98211,0.0865408,0
5.26487,1.98571,0.0953805,0
5.26496,1.98428,0.103991,0
5.26505,1.9878,0.112875,0
5.26513,1.98629,0.121487,0
5.26522,1.98175,0.129891,0
5.26531,1.98515,0.138815,0
5.2654,1.97755,0.146957,0
5.26548,1.9739,0.155349,0
5.26557,1.98018,0.16454,0
5.26566,1.98342,0.173527,0
5.26575,1.98862,0.182729,0
5.26583,1.98681,0.191308,0
5.26592,1.98695,0.200076,0
5.26601,1.98606,0.208743,0
5.26609,1.9901,0.217951,0
5.26618,1.98516,0.22618,0
5.26627,1.98316,0.234722,0
5.26636,1.98708,0.243982,0
5.26644,1.98401,0.252398,0
5.26653,1.9938,0.262488,0
5.26662,1.99263,0.271185,0
5.26671,1.99143,0.279877,0
5.26679,1.98623,0.28799,0
5.26688,1.98792,0.297097,0
5.26697,1.98166,0.305007,0
5.26705,1.98723,0.314746,0
5.26714,1.9809,0.32261,0
5.26723,1.99427,0.333726,0
5.26732,1.99477,0.342763,0
5.2674,1.99719,0.352158,0
5.26749,1.99563,0.360869,0
5.26758,1.99207,0.369209,0
5.26767,1.98258,0.376405,0
5.26775,1.9878,0.386388,0
5.26784,1.99197,0.396228,0
5.26793,1.99023,0.404916,0
5.26801,1.9904,0.414004,0
5.2681,1.99346,0.423724,0
5.26819,1.99355,0.432842,0
5.26828,1.98774,0.440671,0
5.26836,1.98872,0.450002,0
5.26845,1.98869,0.459125,0
5.26854,1.99056,0.468715,0
5.26863,1.97877,0.475061,0
5.26871,1.98834,0.486543,0
5.2688,1.98911,0.49594,0
5.26889,1.98014,0.502891,0
5.26897,1.99148,0.515032,0
5.26906,1.99308,0.524735,0
5.26915,1.98884,0.532908,0
5.26924,1.98939,0.54237,0
5.26932,1.99086,0.552114,0
5.26941,1.98843,0.560796,0
5.2695,1.98212,0.568364,0
5.26959,1.99498,0.581485,0
5.26967,1.99722,0.591604,0
5.26976,1.99175,0.599448,0
5.26985,1.98911,0.608133,0
5.26993,1.98549,0.61651,0
5.27002,1.99327,0.628475,0
5.27011,1.98955,0.636861,0
5.2702,1.97725,0.642446,0
5.27028,1.98582,0.654826,0
5.27037,1.99148,0.66634,0
5.27046,1.99708,0.677916,0
5.27055,2.00072,0.688902,0
5.27063,1.99864,0.697955,0
5.27072,1.9984,0.70767,0
5.27081,1.98965,0.714356,0
5.27089,1.99591,0.726451,0
5.27098,1.99553,0.736191,0
5.27107,1.99324,0.745241,0
5.27116,2.01148,0.76208,0
5.27124,2.0016,0.768341,0
5.27133,2.00102,0.778154,0
5.27142,1.99854,0.787245,0
5.27151,1.99787,0.797069,0
5.27159,1.99437,0.805779,0
5.27168,1.99176,0.814852,0
5.27177,1.99558,0.826596,0
5.27185,2.00118,0.839163,0
5.27194,2.00118,0.849449,0
5.27203,1.99837,0.858568,0
5.27212,2.00469,0.871665,0
5.2722,2.00179,0.880807,0
5.27229,1.99792,0.889533,0
5.27238,2.00132,0.901528,0
5.27247,2.00555,0.913984,0
5.27255,2.00064,0.922307,0
5.27264,1.99569,0.930605,0
5.27273,2.00337,0.94485,0
5.27281,2.01006,0.958748,0
5.2729,2.00135,0.965337,0
5.27299,1.99982,0.975376,0
5.27308,1.99913,0.985861,0
5.27316,2.00465,0.999483,0
5.27325,1.99581,1.00597,0
5.27334,1.99675,1.01739,0
5.27343,2.00296,1.03159,0
5.27351,1.99932,1.04078,0
5.2736,1.9983,1.05136,0
5.27369,1.99899,1.06288,0
5.27377,2.0005,1.07491,0
5.27386,1.99843,1.08506,0
5.27395,1.99718,1.09569,0
5.27404,2.00988,1.11409,0
5.27412,2.02943,1.13653,0
5.27421,2.05839,1.16458,0
5.2743,2.10104,1.20084,0
5.27439,2.10011,1.2125,0
5.27447,2.10085,1.22518,0
5.27456,2.09548,1.23433,0
5.27465,2.07804,1.23631,0
5.27473,2.0632,1.2397,0
5.27482,2.05863,1.24921,0
5.27491,2.07362,1.27072,0
5.275,2.08506,1.29028,0
5.27508,2.09977,1.31208,0
5.27517,2.09064,1.3191,0
5.27526,2.09836,1.3368,0
5.27535,2.08073,1.33837,0
5.27543,2.07319,1.34635,0
5.27552,2.07483,1.36032,0
5.27561,2.0622,1.36494,0
5.27569,2.05207,1.37115,0
5.27578,2.04772,1.38121,0
5.27587,2.03837,1.38788,0
5.27596,2.03889,1.40129,0
5.27604,2.03358,1.41074,0
5.27613,2.04788,1.43394,0
5.27622,2.07427,1.46595,0
5.2763,2.06785,1.47499,0
5.27639,2.08412,1.50035,0
5.27648,2.06785,1.50238,0
5.27657,2.08063,1.52558,0
5.27665,2.09164,1.54773,0
5.27674,2.06643,1.54308,0
5.27683,2.06288,1.55449,0
5.27692,2.08155,1.58284,0
5.277,2.10715,1.61687,0
5.27709,2.09533,1.62238,0
5.27718,2.08665,1.63027,0
5.27726,2.08345,1.64246,0
5.27735,2.08252,1.65651,0
5.27744,2.08229,1.67122,0
5.27753,2.07032,1.67651,0
5.27761,2.06763,1.68932,0
5.2777,2.06332,1.70087,0
5.27779,2.04896,1.7041,0
5.27788,2.04151,1.71303,0
5.27796,2.02944,1.71804,0
5.27805,2.0242,1.72883,0
5.27814,2.0174,1.7383,0
5.27822,2.0113,1.7484,0
5.27831,2.01493,1.76705,0
5.2784,2.00795,1.77648,0
5.27849,2.01062,1.79455,0
5.27857,2.01392,1.81334,0
5.27866,2.00969,1.82548,0
5.27875,2.0135,1.84504,0
5.27884,2.00911,1.8572,0
5.27892,2.00903,1.87345,0
5.27901,2.00666,1.88768,0
5.2791,2.00493,1.90261,0
5.27918,2.00745,1.92171,0
5.27927,2.01415,1.94504,0
5.27936,2.00421,1.95242,0
5.27945,2.00495,1.97026,0
5.27953,2.0084,1.99095,0
5.27962,2.01172,2.01172,0
5.27971,2.00081,2.01835,0
5.2798,2.0067,2.04204,0
5.27988,2.01033,2.06367,0
5.27997,2.00409,2.0753,0
5.28006,2.01092,2.10063,0
5.28014,2.01206,2.12027,0
5.28023,2.00759,2.13413,0
5.28032,2.00985,2.1553,0
5.28041,2.01604,2.18094,0
5.28049,2.01326,2.19709,0
5.28058,2.01508,2.21843,0
5.28067,2.01609,2.2391,0
5.28076,2.01629,2.25906,0
5.28084,2.01503,2.27757,0
5.28093,2.01562,2.29837,0
5.28102,2.01804,2.32149,0
5.2811,2.01376,2.33709,0
5.28119,2.01719,2.36182,0
5.28128,2.01526,2.38052,0
5.28137,2.01257,2.39849,0
5.28145,2.01743,2.4257,0
5.28154,2.01828,2.44836,0
5.28163,2.01706,2.46876,0
5.28172,2.01697,2.49075,0
5.2818,2.0136,2.50889,0
5.28189,2.01882,2.538,0
5.28198,2.00029,2.53736,0
5.28206,1.98428,2.53976,0
5.28215,1.96522,2.53811,0
5.28224,1.95047,2.5419,0
5.28233,1.92847,2.53606,0
5.28241,1.91197,2.53727,0
5.2825,1.89789,2.54158,0
5.28259,1.87786,2.53778,0
5.28268,1.85612,2.53143,0
5.28276,1.84447,2.5387,0
5.28285,1.82636,2.53698,0
5.28294,1.80831,2.53516,0
5.28302,1.78626,2.52751,0
5.28311,1.76891,2.52626,0
5.2832,1.75502,2.52985,0
5.28329,1.74057,2.53254,0
5.28337,1.72837,2.53846,0
5.28346,1.71281,2.53934,0
5.28355,1.69449,2.53598,0
5.28364,1.67458,2.53001,0
5.28372,1.65585,2.52558,0
5.28381,1.64481,2.53278,0
5.2839,1.63158,2.53657,0
5.28398,1.61405,2.53355,0
5.28407,1.59924,2.53465,0
5.28416,1.58393,2.53482,0
5.28425,1.57022,2.53745,0
5.28433,1.55391,2.53575,0
5.28442,1.54128,2.53994,0
5.28451,1.5276,2.54236,0
5.2846,1.51496,2.54642,0
5.28468,1.49775,2.54267,0
5.28477,1.48462,2.54572,0
5.28486,1.4665,2.54005,0
5.28494,1.44449,2.52733,0
5.28503,1.42655,2.52142,0
5.28512,1.42238,2.53984,0
5.28521,1.40158,2.52853,0
5.28529,1.3814,2.51796,0
5.28538,1.3642,2.51254,0
5.28547,1.16058,2.15994,0
5.28556,1.17462,2.20913,0
5.28564,1.1212,2.13105,0
5.28573,1.09896,2.11109,0
5.28582,1.07875,2.09452,0
5.2859,1.06733,2.09476,0
5.28599,1.05593,2.09493,0
5.28608,1.04009,2.08609,0
5.28617,1.02832,2.08523,0
5.28625,1.01439,2.07981,0
5.28634,1.00183,2.07701,0
5.28643,0.983287,2.0615,0
5.28652,0.975563,2.06849,0
5.2866,0.961457,2.06185,0
5.28669,0.950776,2.06239,0
5.28678,0.935548,2.05287,0
5.28686,0.92535,2.0542,0
5.28695,0.913124,2.05091,0
5.28704,0.904569,2.05579,0
5.28713,0.891204,2.04963,0
5.28721,0.881068,2.05074,0
5.2873,0.87094,2.05181,0
5.28739,0.861979,2.05559,0
5.28748,0.84994,2.05194,0
5.28756,0.839843,2.05285,0
5.28765,0.832751,2.06113,0
5.28774,0.820044,2.05546,0
5.28782,0.807402,2.04971,0
5.28791,0.799176,2.05508,0
5.288,0.78841,2.05388,0
5.28809,0.776252,2.04888,0
5.28817,0.765553,2.04757,0
5.28826,0.755227,2.04713,0
5.28835,0.742868,2.04101,0
5.28844,0.732941,2.04141,0
5.28852,0.725696,2.0493,0
5.28861,0.73554,2.10626,0
5.2887,0.841594,2.44417,0
5.28878,0.825457,2.43172,0
5.28887,0.828483,2.47607,0
5.28896,0.825813,2.50436,0
5.28905,0.815805,2.51079,0
5.28913,0.805147,2.51528,0
5.28922,0.792059,2.51209,0
5.28931,0.781387,2.51648,0
5.28939,0.767183,2.50934,0
5.28948,0.75104,2.49543,0
5.28957,0.742416,2.50635,0
5.28966,0.732313,2.51245,0
5.28974,0.718862,2.50697,0
5.28983,0.707102,2.5072,0
5.28992,0.696423,2.51122,0
5.29001,0.680988,2.49783,0
5.29009,0.668789,2.49595,0
5.29018,0.659419,2.50465,0
5.29027,0.648234,2.50653,0
5.29035,0.635568,2.50255,0
5.29044,0.625852,2.51015,0
5.29053,0.612754,2.50412,0
5.29062,0.600422,2.50094,0
5.2907,0.589733,2.5045,0
5.29079,0.578124,2.50413,0
5.29088,0.566751,2.50468,0
5.29097,0.553003,2.49444,0
5.29105,0.543811,2.50464,0
5.29114,0.529759,2.49232,0
5.29123,0.51949,2.49755,0
5.29131,0.506993,2.49195,0
5.2914,0.49631,2.49512,0
5.29149,0.482747,2.48352,0
5.29158,0.473585,2.49444,0
5.29166,0.463607,2.5014,0
5.29175,0.453756,2.5093,0
5.29184,0.438983,2.48959,0
5.29193,0.429809,2.50134,0
5.29201,0.416415,2.4884,0
5.2921,0.407804,2.50401,0
5.29219,0.394841,2.49293,0
5.29227,0.385177,2.50253,0
5.29236,0.372184,2.49034,0
5.29245,0.361888,2.4959,0
5.29254,0.351273,2.49944,0
5.29262,0.33942,2.49401,0
5.29271,0.328926,2.49844,0
5.2928,0.318148,2.50084,0
5.29289,0.306502,2.49625,0
5.29297,0.295019,2.4926,0
5.29306,0.283801,2.49088,0
5.29315,0.272385,2.48713,0
5.29323,0.262157,2.49426,0
5.29332,0.251372,2.49638,0
5.29341,0.240381,2.49645,0
5.2935,0.228846,2.49051,0
5.29358,0.217367,2.48451,0
5.29367,0.206275,2.48244,0
5.29376,0.196069,2.4913,0
5.29385,0.184678,2.48515,0
5.29393,0.174252,2.49191,0
5.29402,0.163181,2.48966,0
5.29411,0.151889,2.48336,0
5.29419,0.140825,2.48,0
5.29428,0.130264,2.48559,0
5.29437,0.119418,2.48613,0
5.29446,0.108394,2.48263,0
5.29454,0.0977178,2.48708,0
5.29463,0.0872488,2.49848,0
5.29472,0.0759188,2.48484,0
5.29481,0.0651283,2.48715,0
5.29489,0.0542755,2.48741,0
5.29498,0.0434915,2.49162,0
5.29507,0.0323445,2.47079,0
5.29515,0.0216768,2.48391,0
5.29524,0.010808,2.47698,0
5.29533,9.02646e-08,2.481,0
5.29542,-0.0107075,2.45398,0
5.2955,-0.0214497,2.45791,0
5.29559,-0.0320563,2.44879,0
5.29568,-0.043055,2.46662,0
5.29577,-0.0517885,2.37344,0
5.29585,-0.0588457,2.24723,0
5.29594,-0.0633063,2.07203,0
5.29603,-0.0711949,2.03876,0
5.29611,-0.0798544,2.03243,0
5.2962,-0.0886345,2.03007,0
5.29629,-0.0978753,2.03765,0
5.29638,-0.106765,2.0372,0
5.29646,-0.11588,2.04071,0
5.29655,-0.124966,2.04318,0
5.29664,-0.134273,2.0486,0
5.29673,-0.143001,2.04501,0
5.29681,-0.151996,2.04536,0
5.2969,-0.1599,2.03172,0
5.29699,-0.164871,1.98416,0
5.29707,-0.173178,1.97944,0
5.29716,-0.182912,1.99061,0
5.29725,-0.191116,1.98482,0
5.29734,-0.200075,1.98695,0
5.29742,-0.20937,1.99203,0
5.29751,-0.217407,1.98513,0
5.2976,-0.225274,1.97721,0
5.29769,-0.233782,1.97521,0
5.29777,-0.244348,1.99006,0
5.29786,-0.252398,1.98401,0
5.29795,-0.261835,1.98884,0
5.29803,-0.269702,1.98173,0
5.29812,-0.279599,1.98945,0
5.29821,-0.288707,1.99118,0
5.2983,-0.298871,1.99979,0
5.29838,-0.30592,1.98759,0
5.29847,-0.314746,1.98723,0
5.29856,-0.32261,1.9809,0
5.29865,-0.332736,1.98835,0
5.29873,-0.340392,1.98097,0
5.29882,-0.350422,1.98734,0
5.29891,-0.359802,1.98973,0
5.29899,-0.369209,1.99207,0
5.29908,-0.376592,1.98357,0
5.29917,-0.385052,1.98092,0
5.29926,-0.393497,1.97824,0
5.29934,-0.401926,1.97553,0
5.29943,-0.405451,1.94928,0
5.29952,-0.394408,1.85555,0
5.29961,-0.394438,1.81667,0
5.29969,-0.399547,1.80224,0
5.29978,-0.4052,1.79073,0
5.29987,-0.413235,1.78992,0
5.29995,-0.427917,1.8173,0
5.30004,-0.470859,1.96127,0
5.30013,-0.486068,1.98639,0
5.30022,-0.494972,1.98523,0
5.3003,-0.50486,1.98789,0
5.30039,-0.511025,1.97599,0
5.30048,-0.520406,1.97664,0
5.30057,-0.531355,1.98305,0
5.30065,-0.541581,1.9865,0
5.30074,-0.55158,1.98893,0
5.30083,-0.561067,1.98939,0
5.30091,-0.566986,1.97732,0
5.301,-0.578406,1.98442,0
5.30109,-0.589048,1.98859,0
5.30118,-0.597143,1.98409,0
5.30126,-0.608718,1.99103,0
5.30135,-0.615324,1.98167,0
5.30144,-0.624867,1.98182,0
5.30152,-0.636557,1.9886,0
5.30161,-0.647082,1.99151,0
5.3017,-0.653573,1.98202,0
5.30179,-0.666022,1.99053,0
5.30187,-0.674058,1.98571,0
5.30196,-0.681089,1.97802,0
5.30205,-0.691032,1.97881,0
5.30214,-0.309105,0.872886,0
5.30222,-0.308518,0.859294,0
5.30231,-0.313632,0.861698,0
5.3024,-0.305275,0.827485,0
5.30248,-0.300828,0.804601,0
5.30257,-0.308587,0.814503,0
5.30266,-0.320381,0.834621,0
5.30275,-0.301186,0.774499,0
5.30283,-0.311526,0.790855,0
5.30292,-0.300522,0.753265,0
5.30301,-0.297063,0.735257,0
5.3031,-0.305948,0.747837,0
5.30318,-0.304616,0.735408,0
5.30327,-0.307822,0.734072,0
5.30336,-0.303989,0.716153,0
5.30344,-0.301584,0.701957,0
5.30353,-0.303049,0.696966,0
5.30362,-0.312129,0.709366,0
5.30371,-0.303019,0.680591,0
5.30379,-0.307218,0.681998,0
5.30388,-0.308532,0.677011,0
5.30397,-0.304366,0.66022,0
5.30406,-0.29541,0.633509,0
5.30414,-0.303717,0.643972,0
5.30423,-0.306524,0.642641,0
5.30432,-0.296292,0.614276,0
5.3044,-0.306421,0.628257,0
5.30449,-0.306506,0.621533,0
5.30458,-0.308323,0.6184,0
5.30467,-0.303816,0.602761,0
5.30475,-0.29918,0.587173,0
5.30484,-0.298992,0.580528,0
5.30493,-0.309833,0.595184,0
5.30502,-0.302649,0.575242,0
5.3051,-0.297645,0.559789,0
5.30519,-0.304345,0.566413,0
5.30528,-0.304427,0.560685,0
5.30536,-0.305909,0.557598,0
5.30545,-0.304945,0.550136,0
5.30554,-0.299036,0.533968,0
5.30563,-0.302348,0.534398,0
5.30571,-0.295249,0.516578,0
5.3058,-0.3025,0.523945,0
5.30589,-0.296219,0.507935,0
5.30598,-0.294372,0.499745,0
5.30606,-0.303708,0.510487,0
5.30615,-0.305418,0.5083,0
5.30624,-0.312301,0.514657,0
5.30632,-0.307752,0.502205,0
5.30641,-0.311519,0.503409,0
5.3065,-0.305233,0.488476,0
5.30659,-0.311631,0.493905,0
5.30667,-0.296052,0.464709,0
5.30676,-0.290503,0.451638,0
5.30685,-0.29356,0.452043,0
5.30694,-0.29224,0.445741,0
5.30702,-0.29363,0.443627,0
5.30711,-0.288341,0.431533,0
5.3072,-0.286307,0.424467,0
5.30728,-0.29097,0.427347,0
5.30737,-0.301895,0.439259,0
5.30746,-0.302098,0.435473,0
5.30755,-0.303995,0.434151,0
5.30763,-0.319161,0.451603,0
5.30772,-0.31416,0.440437,0
5.30781,-0.310821,0.431757,0
5.3079,-0.306236,0.421498,0
5.30798,-0.306298,0.417738,0
5.30807,-0.317041,0.428456,0
5.30816,-0.30694,0.411043,0
5.30824,-0.305722,0.405707,0
5.30833,-0.309911,0.407553,0
5.30842,-0.310468,0.40461,0
5.30851,-0.307945,0.397717,0
5.30859,-0.309062,0.395581,0
5.30868,-0.303975,0.385591,0
5.30877,-0.307522,0.386608,0
5.30886,-0.306077,0.381364,0
5.30894,-0.303332,0.374584,0
5.30903,-0.308127,0.377129,0
5.30912,-0.31295,0.379639,0
5.3092,-0.299257,0.359818,0
5.30929,-0.287969,0.343188,0
5.30938,-0.29011,0.342691,0
5.30947,-0.287056,0.336099,0
5.30955,-0.289825,0.336359,0
5.30964,-0.295227,0.339619,0
5.30973,-0.307914,0.351109,0
5.30982,-0.285589,0.3228,0
5.3099,-0.292322,0.327519,0
5.30999,-0.289734,0.321782,0
5.31008,-0.334839,0.368629,0
5.31016,-0.122282,0.133447,0
5.31025,-0.263375,0.284917,0
5.31034,-0.351911,0.377378,0
5.31043,-0.152796,0.162427,0
5.31051,-0.134229,0.141448,0
5.3106,-0.109951,0.114856,0
5.31069,-0.131985,0.136675,0
5.31078,-0.115833,0.118906,0
5.31086,-0.0897164,0.0912961,0
5.31095,-0.0929299,0.0937445,0
5.31104,-0.0834386,0.0834386,0
