7200
2140
1.8675
1.88321,-0.0268701,-0.0268701,0
1.8833,-0.0366088,-0.0369296,0
1.88338,-0.0350455,-0.0356625,0
1.88347,-0.0404718,-0.0415455,0
1.88356,-0.133374,-0.138113,0
1.88365,-0.129313,-0.135082,0
1.88373,-0.11702,-0.123314,0
1.88382,-0.199388,-0.211956,0
1.88391,-0.220967,-0.236959,0
1.884,-0.308854,-0.334117,0
1.88408,-0.249293,-0.272055,0
1.88417,-0.336856,-0.370849,0
1.88426,-0.350624,-0.389408,0
1.88434,-0.277007,-0.31036,0
1.88443,-0.268361,-0.303327,0
1.88452,-0.278244,-0.317276,0
1.88461,-0.282105,-0.324525,0
1.88469,-0.281339,-0.32651,0
1.88478,-0.268871,-0.314808,0
1.88487,-0.26168,-0.309109,0
1.88496,-0.268042,-0.319441,0
1.88504,-0.260891,-0.313687,0
1.88513,-0.261428,-0.317138,0
1.88522,-0.264471,-0.323696,0
1.8853,-0.261797,-0.323293,0
1.88539,-0.252873,-0.315073,0
1.88548,-0.258344,-0.324782,0
1.88557,-0.243304,-0.30863,0
1.88565,-0.250574,-0.32072,0
1.88574,-0.246111,-0.317857,0
1.88583,-0.255071,-0.332415,0
1.88592,-0.248171,-0.326361,0
1.886,-0.244939,-0.325045,0
1.88609,-0.245911,-0.329315,0
1.88618,-0.2528,-0.341639,0
1.88626,-0.248941,-0.339513,0
1.88635,-0.255099,-0.351113,0
1.88644,-0.242464,-0.336803,0
1.88653,-0.246218,-0.345185,0
1.88661,-0.232012,-0.32829,0
1.8867,-0.237461,-0.339129,0
1.88679,-0.238829,-0.34427,0
1.88688,-0.240723,-0.350254,0
1.88696,-0.236378,-0.347168,0
1.88705,-0.226473,-0.33576,0
1.88714,-0.226673,-0.33924,0
1.88722,-0.224086,-0.338558,0
1.88731,-0.226445,-0.345386,0
1.8874,-0.2184,-0.336307,0
1.88749,-0.219636,-0.341462,0
1.88757,-0.212771,-0.333983,0
1.88766,-0.212912,-0.337445,0
1.88775,-0.211968,-0.339219,0
1.88784,-0.208381,-0.336739,0
1.88792,-0.204297,-0.333382,0
1.88801,-0.211659,-0.348804,0
1.8881,-0.211166,-0.351439,0
1.88818,-0.211675,-0.355794,0
1.88827,-0.211644,-0.359299,0
1.88836,-0.214104,-0.36713,0
1.88845,-0.2115,-0.366329,0
1.88853,-0.210892,-0.368984,0
1.88862,-0.206325,-0.364679,0
1.88871,-0.210107,-0.375173,0
1.8888,-0.21768,-0.392704,0
1.88888,-0.227027,-0.413815,0
1.88897,-0.271026,-0.499168,0
1.88906,-0.292985,-0.545271,0
1.88914,-0.290603,-0.546545,0
1.88923,-0.289612,-0.550462,0
1.88932,-0.293672,-0.564139,0
1.88941,-0.293039,-0.568971,0
1.88949,-0.292824,-0.574699,0
1.88958,-0.291664,-0.57865,0
1.88967,-0.29806,-0.597816,0
1.88976,-0.294122,-0.59642,0
1.88984,-0.295024,-0.604888,0
1.88993,-0.295423,-0.612475,0
1.89002,-0.2949,-0.618271,0
1.8901,-0.2922,-0.619552,0
1.89019,-0.298791,-0.64076,0
1.89028,-0.295574,-0.641149,0
1.89037,-0.296506,-0.650622,0
1.89045,-0.294075,-0.652822,0
1.89054,-0.291223,-0.654099,0
1.89063,-0.277895,-0.631565,0
1.89072,-0.269156,-0.619016,0
1.8908,-0.269215,-0.626616,0
1.89089,-0.268042,-0.631466,0
1.89098,-0.269924,-0.643696,0
1.89106,-0.268644,-0.648563,0
1.89115,-0.262404,-0.6414,0
1.89124,-0.264472,-0.654592,0
1.89133,-0.264949,-0.664099,0
1.89141,-0.26608,-0.675483,0
1.8915,-0.267842,-0.688754,0
1.89159,-0.269493,-0.702052,0
1.89168,-0.267135,-0.705092,0
1.89176,-0.266858,-0.713744,0
1.89185,-0.26651,-0.722407,0
1.89194,-0.269512,-0.740478,0
1.89202,-0.266616,-0.742588,0
1.89211,-0.271385,-0.766368,0
1.8922,-0.268368,-0.768488,0
1.89229,-0.269896,-0.783835,0
1.89237,-0.268723,-0.791634,0
1.89246,-0.28018,-0.83737,0
1.89255,-0.288424,-0.874673,0
1.89263,-0.287695,-0.885434,0
1.89272,-0.289316,-0.903824,0
1.89281,-0.28958,-0.918429,0
1.8929,-0.28557,-0.919684,0
1.89298,-0.286232,-0.936222,0
1.89307,-0.289637,-0.962359,0
1.89316,-0.29282,-0.988543,0
1.89325,-0.290183,-0.995572,0
1.89333,-0.291349,-1.01605,0
1.89342,-0.291799,-1.03464,0
1.89351,-0.289419,-1.04361,0
1.89359,-0.289071,-1.0603,0
1.89368,-0.30023,-1.12047,0
1.89377,-0.531609,-2.01919,0
1.89386,-0.523545,-2.0244,0
1.89394,-0.511999,-2.016,0
1.89403,-0.504407,-2.02307,0
1.89412,-0.493911,-2.01845,0
1.89421,-0.483932,-2.01572,0
1.89429,-0.475132,-2.01782,0
1.89438,-0.465649,-2.01695,0
1.89447,-0.456844,-2.01896,0
1.89455,-0.448896,-2.02484,0
1.89464,-0.437935,-2.017,0
1.89473,-0.430793,-2.02672,0
1.89482,-0.42052,-2.02173,0
1.8949,-0.411097,-2.0206,0
1.89499,-0.402081,-2.0214,0
1.89508,-0.394021,-2.02706,0
1.89517,-0.38368,-2.0209,0
1.89525,-0.373401,-2.01469,0
1.89534,-0.364606,-2.0163,0
1.89543,-0.357542,-2.02772,0
1.89551,-0.346828,-2.01842,0
1.8956,-0.339008,-2.02583,0
1.89569,-0.330326,-2.02828,0
1.89578,-0.319909,-2.01982,0
1.89586,-0.311092,-2.0212,0
1.89595,-0.301088,-2.01463,0
1.89604,-0.292008,-2.01394,0
1.89613,-0.284609,-2.0251,0
1.89621,-0.275096,-2.02137,0
1.8963,-0.266926,-2.0275,0
1.89639,-0.258203,-2.02964,0
1.89647,-0.24837,-2.02281,0
1.89656,-0.239189,-2.02089,0
1.89665,-0.230142,-2.01993,0
1.89674,-0.221544,-2.0229,0
1.89682,-0.212506,-2.02186,0
1.89691,-0.203482,-2.02078,0
1.897,-0.195046,-2.02563,0
1.89709,-0.185108,-2.01451,0
1.89717,-0.176665,-2.01929,0
1.89726,-0.167935,-2.02103,0
1.89735,-0.159194,-2.02275,0
1.89743,-0.149477,-2.01145,0
1.89752,-0.14049,-2.00909,0
1.89761,-0.132507,-2.02166,0
1.8977,-0.123684,-2.02222,0
1.89778,-0.11486,-2.02274,0
1.89787,-0.106451,-2.03121,0
1.89796,-0.0977315,-2.03465,0
1.89805,-0.0919933,-2.10699,0
1.89813,-0.0871568,-2.21829,0
1.89822,-0.0788729,-2.25862,0
1.89831,-0.0692614,-2.26694,0
1.89839,-0.0614635,-2.3472,0
1.89848,-0.0514613,-2.35844,0
1.89857,-0.0411528,-2.35764,0
1.89866,-0.0310224,-2.3698,0
1.89874,-0.0206383,-2.36491,0
1.89883,-0.0103323,-2.36798,0
1.89892,-2.85018e-08,-2.366,0
1.89901,0.0102756,-2.35498,0
1.89909,0.0204375,-2.34191,0
1.89918,0.0308522,-2.3568,0
1.89927,0.0410829,-2.35364,0
1.89935,0.0518103,-2.37443,0
1.89944,0.061987,-2.36719,0
1.89953,0.0721625,-2.3619,0
1.89962,0.0827816,-2.37055,0
1.8997,0.0928102,-2.36218,0
1.89979,0.103029,-2.35975,0
1.89988,0.113372,-2.36028,0
1.89997,0.123356,-2.35377,0
1.90005,0.133795,-2.3562,0
1.90014,0.143586,-2.34761,0
1.90023,0.155005,-2.36493,0
1.90031,0.163788,-2.34228,0
1.9004,0.174229,-2.34454,0
1.90049,0.184928,-2.34973,0
1.90058,0.195593,-2.35389,0
1.90066,0.2056,-2.35002,0
1.90075,0.214754,-2.33715,0
1.90084,0.225621,-2.34316,0
1.90093,0.236544,-2.34912,0
1.90101,0.245537,-2.33613,0
1.9011,0.256708,-2.34398,0
1.90119,0.266707,-2.34086,0
1.90127,0.277388,-2.34364,0
1.90136,0.282127,-2.29774,0
1.90145,0.290131,-2.28062,0
1.90154,0.298383,-2.26644,0
1.90162,0.308539,-2.2671,0
1.90171,0.31815,-2.26375,0
1.9018,0.329172,-2.27026,0
1.90189,0.338484,-2.26485,0
1.90197,0.34821,-2.26236,0
1.90206,0.358704,-2.26477,0
1.90215,0.370833,-2.277,0
1.90223,0.381755,-2.28128,0
1.90232,0.39306,-2.28748,0
1.90241,0.40269,-2.28377,0
1.9025,0.413007,-2.28396,0
1.90258,0.422969,-2.28213,0
1.90267,0.433668,-2.2842,0
1.90276,0.44344,-2.2813,0
1.90285,0.453195,-2.27836,0
1.90293,0.464328,-2.28224,0
1.90302,0.476114,-2.28901,0
1.90311,0.48589,-2.28593,0
1.90319,0.495647,-2.28281,0
1.90328,0.504954,-2.2777,0
1.90337,0.516873,-2.28425,0
1.90346,0.52706,-2.28295,0
1.90354,0.537933,-2.28452,0
1.90363,0.547896,-2.28215,0
1.90372,0.558562,-2.28265,0
1.90381,0.567065,-2.27437,0
1.90389,0.577968,-2.27575,0
1.90398,0.590396,-2.28289,0
1.90407,0.601115,-2.2832,0
1.90415,0.613919,-2.29118,0
1.90424,0.629434,-2.30874,0
1.90433,0.662751,-2.3898,0
1.90442,0.666386,-2.36283,0
1.9045,0.672555,-2.34548,0
1.90459,0.683063,-2.34348,0
1.90468,0.69669,-2.35198,0
1.90476,0.704928,-2.34222,0
1.90485,0.723912,-2.36781,0
1.90494,0.730085,-2.35126,0
1.90503,0.857613,-2.72,0
1.90511,0.875875,-2.73623,0
1.9052,0.890587,-2.74094,0
1.90529,0.902851,-2.73798,0
1.90538,0.913837,-2.73117,0
1.90546,0.92671,-2.73,0
1.90555,0.942194,-2.73633,0
1.90564,0.956762,-2.73975,0
1.90572,0.96804,-2.73366,0
1.90581,0.984351,-2.74165,0
1.9059,0.993226,-2.72887,0
1.90599,1.01135,-2.74139,0
1.90607,1.0212,-2.73134,0
1.90616,1.03807,-2.73995,0
1.90625,1.0493,-2.73352,0
1.90634,1.06339,-2.73451,0
1.90642,1.07788,-2.73636,0
1.90651,1.09166,-2.73627,0
1.9066,1.10471,-2.73427,0
1.90668,1.11739,-2.73127,0
1.90677,1.1358,-2.74207,0
1.90686,1.14466,-2.72971,0
1.90695,1.16243,-2.7385,0
1.90703,1.17634,-2.738,0
1.90712,1.19226,-2.74201,0
1.90721,1.203,-2.73404,0
1.9073,1.21777,-2.73516,0
1.90738,1.23134,-2.73346,0
1.90747,1.24491,-2.7317,0
1.90756,1.26226,-2.73805,0
1.90764,1.27673,-2.73796,0
1.90773,1.29293,-2.7414,0
1.90782,1.3066,-2.73935,0
1.90791,1.31984,-2.73632,0
1.90799,1.33572,-2.73863,0
1.90808,1.34721,-2.73187,0
1.90817,1.36626,-2.74029,0
1.90826,1.3764,-2.73073,0
1.90834,1.39284,-2.73361,0
1.90843,1.40338,-2.72484,0
1.90852,1.41895,-2.72578,0
1.9086,1.43363,-2.72488,0
1.90869,1.45348,-2.73361,0
1.90878,1.47155,-2.73869,0
1.90887,1.4854,-2.73576,0
1.90895,1.49924,-2.73276,0
1.90904,1.51503,-2.73319,0
1.90913,1.5245,-2.72219,0
1.90922,1.54572,-2.73205,0
1.9093,1.55663,-2.72354,0
1.90939,1.577,-2.73144,0
1.90948,1.5884,-2.72367,0
1.90956,1.6094,-2.73223,0
1.90965,1.62591,-2.73291,0
1.90974,1.6404,-2.73008,0
1.90983,1.65385,-2.72546,0
1.90991,1.67356,-2.73101,0
1.91,1.68388,-2.72113,0
1.91009,1.70581,-2.72987,0
1.91018,1.71984,-2.72578,0
1.91026,1.73494,-2.72331,0
1.91035,1.74897,-2.71908,0
1.91044,1.77062,-2.72652,0
1.91052,1.78415,-2.72128,0
1.91061,1.80704,-2.73014,0
1.9107,1.82116,-2.72556,0
1.91079,1.83974,-2.72753,0
1.91087,1.85894,-2.73023,0
1.91096,1.87254,-2.72456,0
1.91105,1.89182,-2.72705,0
1.91114,1.9146,-2.73433,0
1.91122,1.9294,-2.73003,0
1.91131,1.95407,-2.7395,0
1.9114,1.96658,-2.73176,0
1.91148,1.98848,-2.7369,0
1.91157,2.00868,-2.73949,0
1.91166,2.02537,-2.73713,0
1.91175,2.04148,-2.73388,0
1.91183,2.05941,-2.73293,0
1.91192,2.081,-2.73665,0
1.91201,2.07527,-2.70454,0
1.9121,2.06256,-2.66383,0
1.91218,2.05877,-2.63511,0
1.91227,2.05477,-2.60647,0
1.91236,2.05866,-2.58809,0
1.91244,2.05303,-2.55802,0
1.91253,2.05536,-2.53816,0
1.91262,2.0468,-2.50516,0
1.91271,2.0558,-2.49389,0
1.91279,2.05388,-2.46952,0
1.91288,2.04921,-2.44215,0
1.91297,2.04434,-2.41487,0
1.91306,2.04836,-2.39832,0
1.91314,2.04575,-2.37421,0
1.91323,2.04822,-2.3562,0
1.91332,2.04859,-2.33597,0
1.9134,2.04882,-2.31577,0
1.91349,2.04958,-2.29636,0
1.91358,2.04687,-2.27328,0
1.91367,2.05005,-2.25693,0
1.91375,2.04501,-2.23174,0
1.91384,2.04319,-2.21031,0
1.91393,2.03849,-2.18602,0
1.91402,2.04596,-2.17492,0
1.9141,2.04785,-2.15799,0
1.91419,2.04688,-2.1382,0
1.91428,2.04368,-2.1163,0
1.91436,2.04104,-2.09518,0
1.91445,2.03614,-2.07199,0
1.91454,2.03671,-2.05457,0
1.91463,2.03788,-2.03788,0
1.91471,2.03184,-2.01419,0
1.9148,2.03419,-1.99899,0
1.91489,2.03,-1.97754,0
1.91498,2.02854,-1.95894,0
1.91506,2.02334,-1.93693,0
1.91515,2.02379,-1.92051,0
1.91524,2.03434,-1.91372,0
1.91532,2.02877,-1.89186,0
1.91541,2.0282,-1.87485,0
1.9155,2.02678,-1.8572,0
1.91559,2.02968,-1.84363,0
1.91567,2.02507,-1.82338,0
1.91576,2.02555,-1.80787,0
1.91585,2.02518,-1.79172,0
1.91594,2.0247,-1.77562,0
1.91602,2.02338,-1.75889,0
1.91611,2.02194,-1.74222,0
1.9162,2.01812,-1.72364,0
1.91628,2.01722,-1.70771,0
1.91637,2.01929,-1.69439,0
1.91646,2.01821,-1.67853,0
1.91655,2.02243,-1.66716,0
1.91663,2.01497,-1.6463,0
1.91672,2.02757,-1.6419,0
1.91681,2.01522,-1.61739,0
1.9169,2.02382,-1.60982,0
1.91698,2.00963,-1.58426,0
1.91707,2.02125,-1.57917,0
1.91716,2.01942,-1.5636,0
1.91724,2.01512,-1.54625,0
1.91733,2.02105,-1.53684,0
1.91742,2.03013,-1.52981,0
1.91751,2.01595,-1.50538,0
1.91759,2.02009,-1.49479,0
1.91768,2.01692,-1.47887,0
1.91777,2.01931,-1.46711,0
1.91785,2.02163,-1.45537,0
1.91794,2.01901,-1.44014,0
1.91803,2.02037,-1.42786,0
1.91812,2.0102,-1.40756,0
1.9182,2.00811,-1.39307,0
1.91829,2.01664,-1.386,0
1.91838,2.02349,-1.37775,0
1.91847,2.01373,-1.35828,0
1.91855,2.02213,-1.35115,0
1.91864,2.03051,-1.34397,0
1.91873,2.02883,-1.33016,0
1.91881,2.01533,-1.30877,0
1.9189,2.01429,-1.29563,0
1.91899,2.01824,-1.28576,0
1.91908,2.01791,-1.2732,0
1.91916,2.01242,-1.2575,0
1.91925,2.01789,-1.24871,0
1.91934,2.01735,-1.23623,0
1.91943,2.01588,-1.22327,0
1.91951,2.00834,-1.20673,0
1.9196,2.00843,-1.19489,0
1.91969,2.00846,-1.18307,0
1.91977,2.01446,-1.1748,0
1.91986,2.00918,-1.16,0
1.91995,2.00901,-1.14824,0
1.92004,2.00617,-1.13504,0
1.92012,2.00325,-1.12187,0
1.92021,2.0055,-1.11167,0
1.9203,2.00946,-1.10243,0
1.92039,2.00282,-1.08744,0
1.92047,1.99874,-1.07396,0
1.92056,2.00959,-1.06852,0
1.92065,1.99919,-1.05182,0
1.92073,2.00908,-1.04586,0
1.92082,2.00562,-1.03296,0
1.92091,2.00922,-1.02375,0
1.921,1.99938,-1.00777,0
1.92108,2.00197,-0.998145,0
1.92117,2.00003,-0.986304,0
1.92126,1.99712,-0.974061,0
1.92135,2.00045,-0.964903,0
1.92143,1.99381,-0.950999,0
1.92152,1.99975,-0.943143,0
1.92161,2.00203,-0.933564,0
1.92169,2.00609,-0.924819,0
1.92178,2.00009,-0.911496,0
1.92187,1.99858,-0.900296,0
1.92196,1.99518,-0.888313,0
1.92204,2.0027,-0.88121,0
1.92213,2.00102,-0.87007,0
1.92222,2.00205,-0.860147,0
1.92231,1.99473,-0.846714,0
1.92239,2.00671,-0.841483,0
1.92248,2.0002,-0.82851,0
1.92257,1.99176,-0.814852,0
1.92265,1.99901,-0.807652,0
1.92274,1.99415,-0.795587,0
1.92283,1.99482,-0.785779,0
1.92292,1.99356,-0.775255,0
1.923,1.99413,-0.765474,0
1.92309,2.00212,-0.758537,0
1.92318,1.99699,-0.746642,0
1.92327,2.00773,-0.740691,0
1.92335,1.99121,-0.724741,0
1.92344,2.00376,-0.719425,0
1.92353,1.98709,-0.703665,0
1.92361,1.9958,-0.696966,0
1.9237,1.99883,-0.688251,0
1.92379,1.99518,-0.677273,0
1.92388,1.99622,-0.667926,0
1.92396,1.99342,-0.657331,0
1.92405,2.00007,-0.649863,0
1.92414,1.99622,-0.638996,0
1.92423,1.99994,-0.63058,0
1.92431,1.99122,-0.618289,0
1.9244,1.9939,-0.609595,0
1.92449,1.99941,-0.601754,0
1.92457,1.99914,-0.592172,0
1.92466,1.99306,-0.580925,0
1.92475,2.00423,-0.574704,0
1.92484,1.99998,-0.564053,0
1.92492,2.00532,-0.556123,0
1.92501,1.99229,-0.54316,0
1.9251,1.99464,-0.534461,0
1.92519,1.99308,-0.524735,0
1.92527,2.006,-0.518787,0
1.92536,1.99855,-0.507568,0
1.92545,1.9959,-0.497633,0
1.92553,1.98834,-0.486543,0
1.92562,1.9953,-0.47903,0
1.92571,1.99348,-0.469402,0
1.9258,1.99648,-0.460925,0
1.92588,1.99165,-0.450664,0
1.92597,1.99067,-0.44132,0
1.92606,1.99941,-0.434116,0
1.92615,1.99738,-0.424556,0
1.92623,1.99432,-0.414818,0
1.92632,1.99905,-0.406711,0
1.92641,1.98903,-0.395643,0
1.92649,1.98976,-0.38677,0
1.92658,1.9875,-0.377338,0
1.92667,1.98519,-0.367934,0
1.92676,1.98875,-0.359624,0
1.92684,2.00408,-0.353374,0
1.92693,1.98491,-0.34107,0
1.92702,1.9923,-0.333396,0
1.92711,1.98288,-0.322932,0
1.92719,1.99019,-0.315215,0
1.92728,1.98858,-0.306072,0
1.92737,1.99484,-0.298132,0
1.92745,1.99019,-0.288564,0
1.92754,1.97558,-0.27765,0
1.92763,1.97777,-0.269163,0
1.92772,1.9819,-0.260922,0
1.9278,1.98996,-0.253155,0
1.92789,1.98708,-0.243982,0
1.92798,1.98912,-0.235427,0
1.92807,1.98615,-0.226293,0
1.92815,1.98911,-0.217843,0
1.92824,1.98308,-0.20843,0
1.92833,1.98596,-0.199975,0
1.92841,1.98084,-0.190733,0
1.9285,1.98066,-0.181997,0
1.92859,1.97944,-0.173179,0
1.92868,1.97719,-0.164292,0
1.92876,1.98387,-0.156134,0
1.92885,1.96957,-0.146364,0
1.92894,1.98615,-0.138885,0
1.92903,1.98275,-0.129956,0
1.92911,1.98928,-0.12167,0
1.9292,1.96983,-0.111855,0
1.92929,1.98028,-0.103782,0
1.92937,1.97572,-0.0949008,0
1.92946,1.9901,-0.0868899,0
1.92955,1.98347,-0.0779308,0
1.92964,1.97979,-0.0691359,0
1.92972,1.97908,-0.0604663,0
1.92981,1.97732,-0.0517781,0
1.9299,1.98753,-0.043368,0
1.92998,1.9767,-0.0345035,0
1.93007,1.97883,-0.0259044,0
1.93016,1.98092,-0.0172873,0
1.93025,1.97798,-0.00863067,0
1.93033,1.975,-4.78234e-08,0
1.93042,1.96198,0.00856077,0
1.93051,1.96693,0.017165,0
1.9306,1.96583,0.0257341,0
1.93068,1.9417,0.0338925,0
1.93077,1.74358,0.0380451,0
1.93086,1.68142,0.0440296,0
1.93094,1.66322,0.050816,0
1.93103,1.66698,0.0582123,0
1.93112,1.65772,0.065132,0
1.93121,1.65442,0.0722337,0
1.93129,1.6491,0.0792119,0
1.93138,1.64974,0.086459,0
1.93147,1.65433,0.0939399,0
1.93156,1.64093,0.100364,0
1.93164,1.65645,0.108569,0
1.93173,1.65097,0.115447,0
1.93182,1.64945,0.122575,0
1.9319,1.64691,0.129614,0
1.93199,1.65031,0.13713,0
1.93208,1.65169,0.144504,0
1.93217,1.64407,0.151069,0
1.93225,1.65435,0.159296,0
1.93234,1.64667,0.165811,0
1.93243,1.64991,0.173413,0
1.93252,1.65212,0.180937,0
1.9326,1.64834,0.187804,0
1.93269,1.6614,0.19664,0
1.93278,1.65755,0.203522,0
1.93286,1.67351,0.212898,0
1.93295,1.68843,0.222286,0
1.93304,1.74591,0.237607,0
1.93313,1.76565,0.248146,0
1.93321,1.70418,0.247094,0
1.9333,1.69418,0.253197,0
1.93339,1.70097,0.261804,0
1.93348,1.69389,0.268285,0
1.93356,1.69961,0.276799,0
1.93365,1.69049,0.282892,0
1.93374,1.69417,0.291112,0
1.93382,1.68993,0.29798,0
1.93391,1.6896,0.305529,0
1.934,1.6971,0.314538,0
1.93409,1.69473,0.321754,0
1.93417,1.70214,0.330863,0
1.93426,1.6997,0.338091,0
1.93435,1.71193,0.348296,0
1.93444,1.72312,0.358409,0
1.93452,1.72741,0.367172,0
1.93461,1.73459,0.376615,0
1.9347,1.75831,0.389808,0
1.93478,1.78,0.402773,0
1.93487,1.81915,0.419984,0
1.93496,1.85623,0.437085,0
1.93505,1.91654,0.460121,0
1.93513,1.93491,0.47347,0
1.93522,1.95029,0.486263,0
1.93531,1.95785,0.49723,0
1.9354,1.96437,0.508021,0
1.93548,1.95633,0.51506,0
1.93557,1.96373,0.526179,0
1.93566,1.96045,0.534479,0
1.93574,1.96966,0.546235,0
1.93583,1.97015,0.555639,0
1.93592,1.96963,0.564781,0
1.93601,1.96906,0.573929,0
1.93609,1.95695,0.579675,0
1.93618,1.96494,0.591379,0
1.93627,1.96616,0.601116,0
1.93636,1.96639,0.610579,0
1.93644,1.96752,0.620356,0
1.93653,1.9667,0.629545,0
1.93662,1.95442,0.63503,0
1.9367,1.97253,0.650441,0
1.93679,1.96872,0.658724,0
1.93688,1.97435,0.670201,0
1.93697,1.96762,0.677507,0
1.93705,1.96748,0.687075,0
1.93714,1.95787,0.693317,0
1.93723,1.96329,0.704894,0
1.93732,1.96772,0.71619,0
1.9374,1.95988,0.723038,0
1.93749,1.96045,0.732984,0
1.93758,1.9535,0.740114,0
1.93766,1.96145,0.752931,0
1.93775,1.96281,0.763294,0
1.93784,1.96597,0.774417,0
1.93793,1.96165,0.782617,0
1.93801,1.96841,0.79529,0
1.9381,1.9677,0.805007,0
1.93819,1.96694,0.814733,0
1.93828,1.96429,0.823694,0
1.93836,1.96804,0.835383,0
1.93845,1.96713,0.845147,0
1.93854,1.96434,0.85412,0
1.93862,1.95968,0.862281,0
1.93871,1.96504,0.87489,0
1.9388,1.95755,0.881813,0
1.93889,1.96279,0.894493,0
1.93897,1.96159,0.904305,0
1.93906,1.96216,0.914968,0
1.93915,1.95272,0.920962,0
1.93924,1.94868,0.929473,0
1.93932,1.95722,0.94405,0
1.93941,1.96027,0.956087,0
1.9395,1.96056,0.966843,0
1.93958,1.95543,0.974942,0
1.93967,1.96277,0.989316,0
1.93976,1.96111,0.999233,0
1.93985,1.96384,1.01144,0
1.93993,1.95852,1.01954,0
1.94002,1.96733,1.03506,0
1.94011,1.96456,1.04457,0
1.9402,1.96351,1.05503,0
1.94028,1.96416,1.06645,0
1.94037,1.97614,1.08415,0
1.94046,1.96265,1.08791,0
1.94054,1.96486,1.10038,0
1.94063,1.96178,1.10992,0
1.94072,1.96473,1.12294,0
1.94081,1.94769,1.1245,0
1.94089,1.96091,1.14357,0
1.94098,1.96021,1.15465,0
1.94107,1.96288,1.16779,0
1.94116,1.95177,1.17274,0
1.94124,1.95604,1.18695,0
1.94133,1.96193,1.20227,0
1.94142,1.96346,1.21503,0
1.9415,1.95899,1.22411,0
1.94159,1.95871,1.23585,0
1.94168,1.96595,1.25245,0
1.94177,1.95878,1.25993,0
1.94185,1.96165,1.27391,0
1.94194,1.95106,1.27917,0
1.94203,1.96047,1.2976,0
1.94212,1.95894,1.30892,0
1.9422,1.95984,1.32193,0
1.94229,1.95488,1.33103,0
1.94238,1.94659,1.33785,0
1.94246,1.95963,1.35944,0
1.94255,1.95368,1.36798,0
1.94264,1.95831,1.38399,0
1.94273,1.95143,1.39195,0
1.94281,1.95102,1.40454,0
1.9429,1.95378,1.4195,0
1.94299,1.95321,1.43215,0
1.94307,1.95337,1.44542,0
1.94316,1.95025,1.45632,0
1.94325,1.95187,1.47084,0
1.94334,1.94702,1.48055,0
1.94342,1.95006,1.49634,0
1.94351,1.9451,1.50605,0
1.9436,1.95348,1.52622,0
1.94369,1.94994,1.53721,0
1.94377,1.94869,1.55006,0
1.94386,1.94503,1.56105,0
1.94395,1.94442,1.57456,0
1.94403,1.94915,1.59252,0
1.94412,1.95067,1.60801,0
1.94421,1.95516,1.62609,0
1.9443,1.95035,1.63654,0
1.94438,1.95006,1.65085,0
1.94447,1.94664,1.66259,0
1.94456,1.94846,1.6789,0
1.94465,1.95168,1.69657,0
1.94473,1.95178,1.71166,0
1.94482,1.94504,1.72082,0
1.94491,1.94721,1.73795,0
1.94499,1.94407,1.75045,0
1.94508,1.94529,1.76698,0
1.94517,1.94641,1.78356,0
1.94526,1.94302,1.79611,0
1.94534,1.9476,1.81616,0
1.94543,1.94548,1.83012,0
1.94552,1.94908,1.84961,0
1.94561,1.9381,1.85533,0
1.94569,1.95013,1.88322,0
1.94578,1.94906,1.89869,0
1.94587,1.95645,1.92259,0
1.94595,1.94591,1.929,0
1.94604,1.9502,1.9502,0
1.94613,1.94519,1.96224,0
1.94622,1.94713,1.98141,0
1.9463,1.94056,1.99204,0
1.94639,1.94921,2.01847,0
1.94648,1.94523,2.03201,0
1.94657,1.94736,2.05208,0
1.94665,1.9377,2.05983,0
1.94674,1.94642,2.08728,0
1.94683,1.94476,2.10383,0
1.94691,1.94165,2.11894,0
1.947,1.93911,2.13479,0
1.94709,1.93646,2.15066,0
1.94718,1.9477,2.18222,0
1.94726,1.95605,2.21092,0
1.94735,1.95298,2.22695,0
1.94744,1.95046,2.24375,0
1.94753,1.94849,2.26133,0
1.94761,1.95484,2.28882,0
1.9477,1.94483,2.29733,0
1.94779,1.95086,2.32494,0
1.94787,1.95093,2.34574,0
1.94796,1.94449,2.35886,0
1.94805,1.9481,2.38435,0
1.94814,1.95215,2.41071,0
1.94822,1.9485,2.42778,0
1.94831,1.94349,2.4433,0
1.9484,1.94829,2.47139,0
1.94849,1.94857,2.49405,0
1.94857,1.94991,2.51835,0
1.94866,1.94134,2.53,0
1.94875,1.9436,2.55596,0
1.94883,1.94808,2.58518,0
1.94892,1.94695,2.60728,0
1.94901,1.94388,2.627,0
1.9491,1.946,2.65401,0
1.94918,1.94733,2.68027,0
1.94927,1.94205,2.69767,0
1.94936,1.94419,2.72566,0
1.94945,1.94267,2.74882,0
1.94953,1.94328,2.77529,0
1.94962,1.93913,2.79524,0
1.94971,1.93598,2.81686,0
1.94979,1.93717,2.84512,0
1.94988,1.94208,2.87925,0
1.94997,1.94172,2.90599,0
1.95006,1.9373,2.92694,0
1.95014,1.93822,2.95627,0
1.95023,1.93129,2.97393,0
1.95032,1.9302,3.00083,0
1.95041,1.92837,3.02693,0
1.95049,1.91674,3.03785,0
1.95058,1.89711,3.03601,0
1.95067,1.88121,3.04001,0
1.95075,1.86323,3.04051,0
1.95084,1.84268,3.03665,0
1.95093,1.82272,3.03351,0
1.95102,1.80384,3.03199,0
1.9511,1.78247,3.02604,0
1.95119,1.76825,3.03206,0
1.95128,1.749,3.02936,0
1.95137,1.72981,3.02654,0
1.95145,1.71462,3.03058,0
1.95154,1.69014,3.01796,0
1.95163,1.67453,3.02094,0
1.95171,1.65364,3.01419,0
1.9518,1.64238,3.02489,0
1.95189,1.62159,3.01793,0
1.95198,1.60747,3.02321,0
1.95206,1.58868,3.01958,0
1.95215,1.57272,3.02116,0
1.95224,1.55631,3.02177,0
1.95233,1.54357,3.02942,0
1.95241,1.52313,3.02184,0
1.9525,1.50681,3.02219,0
1.95259,1.49228,3.02605,0
1.95267,1.47074,3.01545,0
1.95276,1.45496,3.01644,0
1.95285,1.4448,3.02908,0
1.95294,1.42389,3.01907,0
1.95302,1.4069,3.0171,0
1.95311,1.38702,3.00868,0
1.9532,1.37056,3.00742,0
1.95329,1.35496,3.0079,0
1.95337,1.34182,3.01379,0
1.95346,1.3202,3.00039,0
1.95355,1.3071,3.00612,0
1.95363,1.29397,3.0118,0
1.95372,1.28004,3.01557,0
1.95381,1.26184,3.00914,0
1.9539,1.25176,3.02201,0
1.95398,1.22871,3.00338,0
1.95407,1.2171,3.01242,0
1.95416,1.20061,3.00934,0
1.95425,1.18673,3.01269,0
1.95433,1.16923,3.00666,0
1.95442,1.15179,3.00053,0
1.95451,1.14046,3.0102,0
1.95459,1.12312,3.00391,0
1.95468,1.11207,3.01441,0
1.95477,1.09412,3.00608,0
1.95486,1.07795,3.00235,0
1.95494,1.06151,2.9976,0
1.95503,1.04875,3.00315,0
1.95512,1.0327,2.99918,0
1.95521,1.01864,3.00082,0
1.95529,1.00363,2.99955,0
1.95538,0.99179,3.0077,0
1.95547,0.973404,2.99583,0
1.95555,0.961847,3.00481,0
1.95564,0.94572,2.99944,0
1.95573,0.928768,2.99112,0
1.95582,0.917463,3.00088,0
1.9559,0.901478,2.99528,0
1.95599,0.889252,3.00206,0
1.95608,0.871668,2.99056,0
1.95616,0.859162,2.99625,0
1.95625,0.844451,2.9942,0
1.95634,0.830042,2.99304,0
1.95643,0.814871,2.98891,0
1.95651,0.801563,2.99147,0
1.9566,0.786211,2.98624,0
1.95669,0.775928,3.00029,0
1.95678,0.761598,2.9988,0
1.95686,0.744636,2.98657,0
1.95695,0.730646,2.98591,0
1.95704,0.717845,2.99004,0
1.95712,0.70502,2.99411,0
1.95721,0.690375,2.99034,0
1.9573,0.679086,3.00113,0
1.95739,0.664037,2.99528,0
1.95747,0.649688,2.99228,0
1.95756,0.635378,2.98922,0
1.95765,0.622329,2.99196,0
1.95774,0.609468,2.99563,0
1.95782,0.59444,2.98845,0
1.95791,0.581204,2.99004,0
1.958,0.567406,2.98861,0
1.95808,0.553085,2.98418,0
1.95817,0.538635,2.97869,0
1.95826,0.52737,2.99086,0
1.95835,0.512621,2.98328,0
1.95843,0.499764,2.98647,0
1.95852,0.48705,2.9906,0
1.95861,0.473058,2.98677,0
1.9587,0.459717,2.98683,0
1.95878,0.446532,2.98782,0
1.95887,0.432487,2.98281,0
1.95896,0.419607,2.98566,0
1.95904,0.406711,2.98845,0
1.95913,0.393145,2.98623,0
1.95922,0.379733,2.98494,0
1.95931,0.366339,2.98359,0
1.95939,0.353553,2.98715,0
1.95948,0.339723,2.98171,0
1.95957,0.32573,2.97422,0
1.95966,0.31254,2.97362,0
1.95974,0.299462,2.97396,0
1.95983,0.287154,2.98221,0
1.95992,0.274505,2.98741,0
1.96,0.261293,2.98659,0
1.96009,0.247265,2.97574,0
1.96018,0.234436,2.97879,0
1.96027,0.221659,2.98278,0
1.96035,0.208432,2.98072,0
1.96044,0.194444,2.96663,0
1.96053,0.182047,2.97644,0
1.96062,0.169115,2.9782,0
1.9607,0.155752,2.97192,0
1.96079,0.142831,2.97357,0
1.96088,0.129986,2.97716,0
1.96096,0.116837,2.97371,0
1.96105,0.103652,2.96819,0
1.96114,0.0907911,2.97161,0
1.96123,0.0778503,2.97298,0
1.96131,0.0646158,2.9613,0
1.9614,0.0517465,2.96455,0
1.96149,0.0388369,2.96675,0
1.96158,0.0259528,2.97389,0
1.96166,0.0129766,2.97397,0
1.96175,1.08237e-07,2.975,0
1.96184,-0.0129764,2.97397,0
1.96192,-0.025909,2.96889,0
1.96201,-0.0389545,2.97575,0
1.9621,-0.051851,2.97055,0
1.96219,-0.0647247,2.96629,0
1.96227,-0.0777454,2.96898,0
1.96236,-0.0906687,2.96762,0
1.96245,-0.103372,2.9602,0
1.96254,-0.116366,2.96171,0
1.96262,-0.129506,2.96617,0
1.96271,-0.142399,2.96458,0
1.9628,-0.154967,2.95694,0
1.96288,-0.167527,2.95025,0
1.96297,-0.180154,2.9455,0
1.96306,-0.194509,2.96763,0
1.96315,-0.207177,2.96277,0
1.96323,-0.219954,2.95984,0
1.96332,-0.232631,2.95586,0
1.96341,-0.245526,2.95482,0
1.9635,-0.258242,2.95173,0
1.96358,-0.271119,2.95057,0
1.96367,-0.28447,2.95434,0
1.96376,-0.293952,2.91924,0
1.96384,-0.298638,2.84135,0
1.96393,-0.309073,2.82213,0
1.96402,-0.320931,2.81678,0
1.96411,-0.32981,2.78655,0
1.96419,-0.301748,2.45754,0
1.96428,-0.293413,2.30641,0
1.96437,-0.303082,2.30213,0
1.96446,-0.313259,2.30178,0
1.96454,-0.330119,2.34892,0
1.96463,-0.338929,2.33756,0
1.96472,-0.350456,2.34496,0
1.9648,-0.360228,2.34044,0
1.96489,-0.370437,2.33885,0
1.96498,-0.380156,2.33425,0
1.96507,-0.392318,2.3444,0
1.96515,-0.402374,2.34168,0
1.96524,-0.157673,0.894205,0
1.96533,-0.163708,0.905317,0
1.96542,-0.177133,0.955724,0
1.9655,-0.169923,0.895012,0
1.96559,-0.173064,0.890336,0
1.96568,-0.176167,0.885649,0
1.96576,-0.17345,0.852535,0
1.96585,-0.175743,0.844916,0
1.96594,-0.170695,0.803059,0
1.96603,-0.1725,0.794489,0
1.96611,-0.178563,0.805444,0
1.9662,-0.184503,0.815386,0
1.96629,-0.194358,0.841856,0
1.96638,-0.19207,0.815692,0
1.96646,-0.195394,0.813874,0
1.96655,-0.579478,2.36813,0
1.96664,-0.588838,2.3617,0
1.96672,-0.600614,2.36492,0
1.96681,-0.611428,2.36422,0
1.9669,-0.621483,2.36056,0
1.96699,-0.633071,2.36265,0
1.96707,-0.6439,2.3618,0
1.96716,-0.653398,2.35608,0
1.96725,-0.664215,2.35513,0
1.96734,-0.677241,2.36182,0
1.96742,-0.686141,2.35404,0
1.96751,-0.698678,2.3587,0
1.9676,-0.709827,2.3585,0
1.96768,-0.718942,2.35155,0
1.96777,-0.728306,2.34553,0
1.96786,-0.74154,2.35187,0
1.96795,-0.75332,2.35337,0
1.96803,-0.766671,2.35957,0
1.96812,-0.776333,2.3543,0
1.96821,-0.785329,2.3471,0
1.96829,-0.795563,2.34365,0
1.96838,-0.809362,2.35056,0
1.96847,-0.82093,2.35078,0
1.96856,-0.830845,2.34623,0
1.96864,-0.84344,2.34918,0
1.96873,-0.85334,2.34453,0
1.96882,-0.865639,2.34642,0
1.96891,-0.87832,2.34917,0
1.96899,-0.892813,2.35654,0
1.96908,-0.90237,2.35076,0
1.96917,-0.913706,2.34959,0
1.96925,-0.378962,0.962052,0
1.96934,-0.376857,0.944599,0
1.96943,-0.389965,0.965198,0
1.96952,-0.959117,2.34439,0
1.9696,-0.972781,2.3485,0
1.96969,-0.416101,0.992288,0
1.96978,-0.422771,0.995986,0
1.96987,-0.410928,0.956462,0
1.96995,-0.400344,0.920728,0
1.97004,-0.401538,0.912566,0
1.97013,-0.403076,0.905324,0
1.97021,-0.405379,0.899909,0
1.9703,-0.410132,0.899952,0
1.97039,-0.411961,0.893613,0
1.97048,-0.419237,0.899057,0
1.97056,-0.423583,0.898124,0
1.97065,-0.42965,0.90078,0
1.97074,-0.427929,0.887188,0
1.97083,-0.424343,0.870033,0
1.97091,-0.417078,0.845751,0
1.971,-0.411841,0.826024,0
1.97109,-0.423993,0.841186,0
1.97117,-0.424481,0.833091,0
1.97126,-0.425365,0.825897,0
1.97135,-0.430811,0.827581,0
1.97144,-0.429762,0.816844,0
1.97152,-0.434261,0.816727,0
1.97161,-0.430721,0.801611,0
1.9717,-0.427057,0.786541,0
1.97179,-0.430966,0.785547,0
1.97187,-0.427602,0.771415,0
1.97196,-0.427055,0.762562,0
1.97205,-0.429886,0.759821,0
1.97213,-0.425258,0.744046,0
1.97222,-0.428,0.741318,0
1.97231,-0.424681,0.728213,0
1.9724,-0.420242,0.713429,0
1.97248,-0.405455,0.681509,0
1.97257,-0.394004,0.655733,0
1.97266,-0.395305,0.651443,0
1.97275,-0.398666,0.650564,0
1.97283,-0.39887,0.644567,0
1.97292,-0.409628,0.655541,0
1.97301,-0.412484,0.653748,0
1.97309,-0.417482,0.655315,0
1.97318,-0.419255,0.651805,0
1.97327,-0.421006,0.648292,0
1.97336,-0.421089,0.642268,0
1.97344,-0.423336,0.63959,0
1.97353,-0.429456,0.642726,0
1.97362,-0.431138,0.639188,0
1.97371,-0.434485,0.638127,0
1.97379,-0.438965,0.638698,0
1.97388,-0.438897,0.632668,0
1.97397,-0.439933,0.62829,0
1.97405,-0.44267,0.626364,0
1.97414,-0.443657,0.621984,0
1.97423,-0.446367,0.620043,0
1.97432,-0.45377,0.624561,0
1.9744,-0.453534,0.618543,0
1.97449,-0.457419,0.618166,0
1.97458,-0.4643,0.621773,0
1.97467,-0.460388,0.610956,0
1.97475,-0.469708,0.617698,0
1.97484,-0.473616,0.617229,0
1.97493,-0.475693,0.614366,0
1.97501,-0.46975,0.601252,0
1.9751,-0.456891,0.579564,0
1.97519,-0.460038,0.578347,0
1.97528,-0.458176,0.570875,0
1.97536,-0.487723,0.602288,0
1.97545,-0.515022,0.630356,0
1.97554,-0.533034,0.646621,0
1.97563,-0.539047,0.648134,0
1.97571,-0.538656,0.641945,0
1.9758,-0.54339,0.641879,0
1.97589,-0.54099,0.633418,0
1.97597,-0.539832,0.626506,0
1.97606,-0.551746,0.634711,0
1.97615,-0.551213,0.628538,0
1.97624,-0.550637,0.622382,0
1.97632,-0.560672,0.62818,0
1.97641,-0.548687,0.609379,0
1.9765,-0.560754,0.617342,0
1.97659,-0.56074,0.61194,0
1.97667,-0.560011,0.605816,0
1.97676,-0.132308,0.141883,0
1.97685,-0.111,0.117996,0
1.97693,-0.145931,0.153779,0
1.97702,-0.147292,0.153864,0
1.97711,-0.134069,0.138833,0
1.9772,-0.112344,0.115325,0
1.97728,-0.0820064,0.0834503,0
1.97737,-0.0711055,0.0717287,0
1.97746,-0.0551543,0.0551543,0
