7200
415
0.349066
0.364774,-0.0537401,-0.0537401,0
0.364861,-0.0211204,-0.0213056,0
0.364948,-0.0434564,-0.0442215,0
0.365036,-0.0418674,-0.0429781,0
0.365123,-0.0382062,-0.0395637,0
0.36521,-0.051172,-0.0534549,0
0.365297,-0.0399246,-0.0420717,0
0.365385,-0.0568702,-0.0604548,0
0.365472,-0.0627439,-0.0672845,0
0.365559,-0.0481949,-0.0521369,0
0.365646,-0.0587763,-0.0641431,0
0.365734,-0.0719432,-0.0792033,0
0.365821,-0.0675822,-0.0750576,0
0.365908,-0.0652564,-0.0731136,0
0.365996,-0.0556601,-0.0629123,0
0.366083,-0.0639565,-0.0729285,0
0.36617,-0.0583893,-0.0671692,0
0.366257,-0.048957,-0.0568174,0
0.366345,-0.0597492,-0.0699573,0
0.366432,-0.0639663,-0.07556,0
0.366519,-0.0501374,-0.0597515,0
0.366606,-0.0588284,-0.0707335,0
0.366694,-0.0636078,-0.0771625,0
0.366781,-0.0569435,-0.0696953,0
0.366868,-0.0654493,-0.0808232,0
0.366955,-0.057585,-0.0717494,0
0.367043,-0.0572713,-0.072,0
0.36713,-0.0575757,-0.0730345,0
0.367217,-0.0658758,-0.0843171,0
0.367305,-0.0587729,-0.0759062,0
0.367392,-0.0620937,-0.080922,0
0.367479,-0.055687,-0.0732322,0
0.367566,-0.0746251,-0.0990308,0
0.367654,-0.0987236,-0.132207,0
0.367741,-0.126102,-0.170418,0
0.367828,-0.137775,-0.187902,0
0.367915,-0.169282,-0.232997,0
0.368003,-0.190465,-0.264573,0
0.36809,-0.218344,-0.306107,0
0.368177,-0.0496345,-0.0702312,0
0.368264,-0.0602255,-0.086011,0
0.368352,-0.0649796,-0.0936678,0
0.368439,-0.321719,-0.468104,0
0.368526,-0.320799,-0.471156,0
0.368614,-0.284629,-0.42198,0
0.368701,-0.11667,-0.174609,0
0.368788,-0.29363,-0.443627,0
0.368875,-0.29224,-0.445741,0
0.368963,-0.29465,-0.453721,0
0.36905,-0.291585,-0.45332,0
0.369137,-0.304112,-0.47736,0
0.369224,-0.298291,-0.472762,0
0.369312,-0.302584,-0.484235,0
0.369399,-0.304152,-0.491504,0
0.369486,-0.308797,-0.50391,0
0.369573,-0.306076,-0.504398,0
0.369661,-0.301812,-0.5023,0
0.369748,-0.299618,-0.503612,0
0.369835,-0.310613,-0.527317,0
0.369923,-0.300753,-0.51571,0
0.37001,-0.293,-0.507491,0
0.370097,-0.287806,-0.503555,0
0.370184,-0.282159,-0.498714,0
0.370272,-0.276071,-0.49296,0
0.370359,-0.284098,-0.512527,0
0.370446,-0.273683,-0.498858,0
0.370533,-0.276275,-0.508835,0
0.370621,-0.271685,-0.505631,0
0.370708,-0.272294,-0.51211,0
0.370795,-0.279369,-0.530993,0
0.370882,-0.29044,-0.55793,0
0.37097,-0.310896,-0.603643,0
0.371057,-0.30599,-0.600538,0
0.371144,-0.308317,-0.611691,0
0.371232,-0.30163,-0.604976,0
0.371319,-0.29368,-0.595523,0
0.371406,-0.291955,-0.598597,0
0.371493,-0.297161,-0.616078,0
0.371581,-0.309968,-0.649861,0
0.371668,-0.310542,-0.658443,0
0.371755,-0.312315,-0.669761,0
0.371842,-0.313157,-0.679291,0
0.37193,-0.313093,-0.687021,0
0.372017,-0.312968,-0.694763,0
0.372104,-0.314407,-0.706171,0
0.372191,-0.309712,-0.703875,0
0.372279,-0.313018,-0.719892,0
0.372366,-0.311058,-0.724007,0
0.372453,-0.313757,-0.739165,0
0.372541,-0.310142,-0.739605,0
0.372628,-0.3138,-0.757581,0
0.372715,-0.310113,-0.758018,0
0.372802,-0.31467,-0.778834,0
0.37289,-0.31238,-0.782986,0
0.372977,-0.306762,-0.77876,0
0.373064,-0.314596,-0.808983,0
0.373151,-0.316439,-0.824352,0
0.373239,-0.313193,-0.82666,0
0.373326,-0.312035,-0.834575,0
0.373413,-0.30666,-0.831237,0
0.3735,-0.29961,-0.823171,0
0.373588,-0.301084,-0.838588,0
0.373675,-0.305099,-0.861574,0
0.373762,-0.312876,-0.89594,0
0.37385,-0.306034,-0.888787,0
0.373937,-0.304725,-0.89769,0
0.374024,-0.306834,-0.917029,0
0.374111,-0.30878,-0.936403,0
0.374199,-0.301292,-0.92728,0
0.374286,-0.294194,-0.919062,0
0.374373,-0.296195,-0.939411,0
0.37446,-0.282308,-0.909179,0
0.374548,-0.273075,-0.893189,0
0.374635,-0.260529,-0.865645,0
0.374722,-0.265838,-0.897455,0
0.374809,-0.24569,-0.842924,0
0.374897,-0.210311,-0.733443,0
0.374984,-0.204666,-0.725691,0
0.375071,-0.200162,-0.721759,0
0.375159,-0.187278,-0.686929,0
0.375246,-0.18402,-0.686773,0
0.375333,-0.18255,-0.693372,0
0.37542,-0.178271,-0.689321,0
0.375508,-0.173784,-0.684277,0
0.375595,-0.171765,-0.68891,0
0.375682,-0.167093,-0.682853,0
0.375769,-0.163412,-0.680659,0
0.375857,-0.159753,-0.678445,0
0.375944,-0.155666,-0.674264,0
0.376031,-0.149191,-0.659331,0
0.376118,-0.147179,-0.663881,0
0.376206,-0.147039,-0.677221,0
0.376293,-0.142212,-0.669053,0
0.37638,-0.141735,-0.681416,0
0.376468,-0.139558,-0.685947,0
0.376555,-0.133637,-0.671838,0
0.376642,-0.133185,-0.685176,0
0.376729,-0.126836,-0.668066,0
0.376817,-0.124102,-0.669597,0
0.376904,-0.12029,-0.665211,0
0.376991,-0.117907,-0.668684,0
0.377078,-0.115158,-0.670178,0
0.377166,-0.112067,-0.669688,0
0.377253,-0.108662,-0.66721,0
0.37734,-0.105593,-0.66669,0
0.377427,-0.101771,-0.661214,0
0.377515,-0.0990323,-0.662641,0
0.377602,-0.0952791,-0.657129,0
0.377689,-0.0933852,-0.66447,0
0.377777,-0.0898107,-0.659917,0
0.377864,-0.0881052,-0.669225,0
0.377951,-0.0843009,-0.662659,0
0.378038,-0.0817743,-0.665998,0
0.378126,-0.0767519,-0.648474,0
0.378213,-0.075733,-0.6647,0
0.3783,-0.0720699,-0.658065,0
0.378387,-0.0697205,-0.663346,0
0.378475,-0.0659238,-0.654689,0
0.378562,-0.0631624,-0.655966,0
0.378649,-0.0602996,-0.656235,0
0.378736,-0.0573485,-0.655496,0
0.378824,-0.0539082,-0.648764,0
0.378911,-0.0512338,-0.650987,0
0.378998,-0.0488375,-0.657188,0
0.379086,-0.0449232,-0.642431,0
0.379173,-0.0419888,-0.640625,0
0.37926,-0.0376059,-0.614851,0
0.379347,-0.129827,-2.28632,0
0.379435,-0.120216,-2.29385,0
0.379522,-0.111549,-2.32232,0
0.379609,-0.101241,-2.31879,0
0.379696,-0.090808,-2.31122,0
0.379784,-0.0810716,-2.32158,0
0.379871,-0.0707578,-2.31592,0
0.379958,-0.0607305,-2.3192,0
0.380045,-0.050436,-2.31145,0
0.380133,-0.0404373,-2.31665,0
0.38022,-0.0303024,-2.3148,0
0.380307,-0.0202805,-2.32391,0
0.380394,-0.0100924,-2.31298,0
0.380482,-2.79116e-08,-2.317,0
0.380569,0.010149,-2.32598,0
0.380656,0.0202892,-2.32491,0
0.380744,0.0303417,-2.3178,0
0.380831,0.040507,-2.32065,0
0.380918,0.0504796,-2.31345,0
0.381005,0.0610184,-2.3302,0
0.381093,0.0709715,-2.32292,0
0.38118,0.0811413,-2.32358,0
0.381267,0.091122,-2.31921,0
0.381354,0.101284,-2.31979,0
0.381442,0.111453,-2.32032,0
0.381529,0.121524,-2.31882,0
0.381616,0.131867,-2.32226,0
0.381703,0.141938,-2.32066,0
0.381791,0.152193,-2.32202,0
0.381878,0.161765,-2.31335,0
0.381965,0.172673,-2.32359,0
0.382053,0.182967,-2.32481,0
0.38214,0.192115,-2.31203,0
0.382227,0.203857,-2.3301,0
0.382314,0.214022,-2.32919,0
0.382402,0.2238,-2.32425,0
0.382489,0.233839,-2.32226,0
0.382576,0.244492,-2.32619,0
0.382663,0.254313,-2.32212,0
0.382751,0.265688,-2.33191,0
0.382838,0.274332,-2.31782,0
0.382925,0.285418,-2.32454,0
0.383012,0.295684,-2.32427,0
0.3831,0.306214,-2.32593,0
0.383187,0.31636,-2.32457,0
0.383274,0.327613,-2.33109,0
0.383362,0.335916,-2.31677,0
0.383449,0.3475,-2.32518,0
0.383536,0.357642,-2.32364,0
0.383623,0.369029,-2.32996,0
0.383711,0.377424,-2.31747,0
0.383798,0.389017,-2.32468,0
0.383885,0.398818,-2.32098,0
0.383972,0.410678,-2.32907,0
0.38406,0.418701,-2.31545,0
0.384147,0.43208,-2.3313,0
0.384234,0.441875,-2.32743,0
0.384321,0.45279,-2.3294,0
0.384409,0.463144,-2.32838,0
0.384496,0.474097,-2.33026,0
0.384583,0.482835,-2.32132,0
0.384671,0.495246,-2.32995,0
0.384758,0.504346,-2.32288,0
0.384845,0.515992,-2.32749,0
0.384932,0.526363,-2.32619,0
0.38502,0.539883,-2.33849,0
0.385107,0.548018,-2.32735,0
0.385194,0.560736,-2.33563,0
0.385281,0.568307,-2.32248,0
0.385369,0.580371,-2.32774,0
0.385456,0.593229,-2.33585,0
0.385543,0.600662,-2.32259,0
0.38563,0.613845,-2.33155,0
0.385718,0.623754,-2.32788,0
0.385805,0.636272,-2.33382,0
0.385892,0.646182,-2.33006,0
0.38598,0.659329,-2.3378,0
0.386067,0.668145,-2.3301,0
0.386154,0.678585,-2.32812,0
0.386241,0.689305,-2.32706,0
0.386329,0.70147,-2.33073,0
0.386416,0.714264,-2.33625,0
0.386503,0.724451,-2.33311,0
0.38659,0.735827,-2.33375,0
0.386678,0.744783,-2.3267,0
0.386765,0.758946,-2.33579,0
0.386852,0.767878,-2.32866,0
0.386939,0.780569,-2.33288,0
0.387027,0.789455,-2.32566,0
0.387114,0.804153,-2.33543,0
0.387201,0.813347,-2.32907,0
0.387289,0.825838,-2.3321,0
0.387376,0.83702,-2.33129,0
0.387463,0.851972,-2.34077,0
0.38755,0.859409,-2.32953,0
0.387638,0.874818,-2.33981,0
0.387725,0.886082,-2.33877,0
0.387812,0.895203,-2.33208,0
0.387899,0.909357,-2.33841,0
0.387987,0.919552,-2.33442,0
0.388074,0.931952,-2.33596,0
0.388161,0.942885,-2.33372,0
0.388248,0.952301,-2.32773,0
0.388336,0.96972,-2.34111,0
0.388423,0.982246,-2.34239,0
0.38851,0.993629,-2.34084,0
0.388598,1.00502,-2.33924,0
0.388685,1.0196,-2.34492,0
0.388772,1.02499,-2.32947,0
0.388859,1.04287,-2.34233,0
0.388947,1.05473,-2.3414,0
0.389034,1.06866,-2.34497,0
0.389121,1.07972,-2.3421,0
0.389208,1.09416,-2.34643,0
0.389296,1.10951,-2.35249,0
0.389383,1.12191,-2.35214,0
0.38947,1.1326,-2.34812,0
0.389557,1.14415,-2.34585,0
0.389645,1.15968,-2.3516,0
0.389732,1.16681,-2.34025,0
0.389819,1.17836,-2.33782,0
0.389907,1.19354,-2.34246,0
0.389994,1.2065,-2.34256,0
0.390081,1.21902,-2.34171,0
0.390168,1.23434,-2.3461,0
0.390256,1.24973,-2.35041,0
0.390343,1.25619,-2.33788,0
0.39043,1.27258,-2.34381,0
0.390517,1.28953,-2.3505,0
0.390605,1.29929,-2.34398,0
0.390692,1.31439,-2.34701,0
0.390779,1.32314,-2.33865,0
0.390866,1.33929,-2.34327,0
0.390954,1.3565,-2.34953,0
0.391041,1.36976,-2.34877,0
0.391128,1.38355,-2.3488,0
0.391216,1.39941,-2.3522,0
0.391303,1.41326,-2.35207,0
0.39139,1.42611,-2.35015,0
0.391477,1.43844,-2.34732,0
0.391565,1.45393,-2.34952,0
0.391652,1.46576,-2.3457,0
0.391739,1.48291,-2.35028,0
0.391826,1.49799,-2.35138,0
0.391914,1.51094,-2.34902,0
0.392001,1.52281,-2.34492,0
0.392088,1.53632,-2.34327,0
0.392175,1.55591,-2.35072,0
0.392263,1.57449,-2.35638,0
0.39235,1.58979,-2.35695,0
0.392437,1.60456,-2.35661,0
0.392525,1.61936,-2.35618,0
0.392612,1.62848,-2.34745,0
0.392699,1.63986,-2.34196,0
0.392786,1.65525,-2.34213,0
0.392874,1.6701,-2.3414,0
0.392961,1.69199,-2.35032,0
0.393048,1.70281,-2.34372,0
0.393135,1.72367,-2.35079,0
0.393223,1.73807,-2.34887,0
0.39331,1.75728,-2.35328,0
0.393397,1.76994,-2.34879,0
0.393484,1.78864,-2.35219,0
0.393572,1.79767,-2.34277,0
0.393659,1.82318,-2.35467,0
0.393746,1.84514,-2.36167,0
0.393834,1.85542,-2.35359,0
0.393921,1.87066,-2.35174,0
0.394008,1.88716,-2.35135,0
0.394095,1.90495,-2.35242,0
0.394183,1.92469,-2.3557,0
0.39427,1.94004,-2.35346,0
0.394357,1.95668,-2.35266,0
0.394444,1.97593,-2.35482,0
0.394532,1.99394,-2.35534,0
0.394619,2.00874,-2.35194,0
0.394706,2.00919,-2.33179,0
0.394793,2.01279,-2.31545,0
0.394881,2.00969,-2.29161,0
0.394968,2.01635,-2.27907,0
0.395055,2.0063,-2.24787,0
0.395143,2.0094,-2.23166,0
0.39523,2.01374,-2.21695,0
0.395317,2.01326,-2.19709,0
0.395404,2.00721,-2.17139,0
0.395492,2.00849,-2.15384,0
0.395579,2.00142,-2.12757,0
0.395666,2.00587,-2.11374,0
0.395753,1.99847,-2.08763,0
0.395841,2.00478,-2.07601,0
0.395928,2.00336,-2.0565,0
0.396015,2.01091,-2.04632,0
0.396102,2.00503,-2.02261,0
0.39619,1.9997,-1.9997,0
0.396277,2.00414,-1.98673,0
0.396364,2.00138,-1.96675,0
0.396452,2.00565,-1.95381,0
0.396539,1.99401,-1.92559,0
0.396626,1.99517,-1.90996,0
0.396713,1.99405,-1.89229,0
0.396801,1.98845,-1.87055,0
0.396888,1.99221,-1.85776,0
0.396975,2.00029,-1.84905,0
0.397062,1.99507,-1.82815,0
0.39715,1.99267,-1.81001,0
0.397237,1.99014,-1.79193,0
0.397324,1.9972,-1.78257,0
0.397411,1.99522,-1.76522,0
0.397499,1.99388,-1.74859,0
0.397586,1.99545,-1.73462,0
0.397673,1.99543,-1.71937,0
0.397761,1.99607,-1.7048,0
0.397848,1.99051,-1.68509,0
0.397935,1.99478,-1.67382,0
0.398022,1.98592,-1.65167,0
0.39811,1.99311,-1.64299,0
0.398197,1.98941,-1.62542,0
0.398284,1.98872,-1.61043,0
0.398371,1.98481,-1.59298,0
0.398459,1.998,-1.58928,0
0.398546,1.99549,-1.57312,0
0.398633,1.98894,-1.55393,0
0.39872,1.99333,-1.5434,0
0.398808,1.99608,-1.53164,0
0.398895,2.00513,-1.52474,0
0.398982,1.99739,-1.50514,0
0.39907,2.00474,-1.49701,0
0.399157,2.01045,-1.48765,0
0.399244,2.02821,-1.48714,0
0.399331,2.03144,-1.47593,0
0.399419,2.04922,-1.47523,0
0.399506,2.03447,-1.45118,0
0.399593,2.04242,-1.44344,0
0.39968,2.04952,-1.43509,0
0.399768,2.05165,-1.42328,0
0.399855,2.0529,-1.41092,0
0.399942,2.06895,-1.4087,0
0.400029,2.08586,-1.40693,0
0.400117,2.08782,-1.39504,0
0.400204,2.08638,-1.38095,0
0.400291,2.05308,-1.34606,0
0.400379,2.0581,-1.33654,0
0.400466,2.06896,-1.3308,0
0.400553,2.07727,-1.32337,0
0.40064,2.04412,-1.28975,0
0.400728,1.99546,-1.2469,0
0.400815,2.00258,-1.23923,0
0.400902,1.99774,-1.22421,0
0.400989,1.98852,-1.20667,0
0.401077,1.99034,-1.19592,0
0.401164,1.98437,-1.18058,0
0.401251,1.98778,-1.17089,0
0.401338,1.99114,-1.1612,0
0.401426,1.97973,-1.143,0
0.401513,1.98036,-1.13187,0
0.4016,1.97658,-1.11829,0
0.401688,1.98667,-1.11259,0
0.401775,1.98801,-1.10197,0
0.401862,1.98491,-1.08896,0
0.401949,1.98437,-1.07742,0
0.402037,1.98465,-1.06639,0
0.402124,1.98928,-1.05772,0
0.402211,1.9868,-1.0453,0
0.402298,1.98158,-1.03155,0
0.402386,1.98873,-1.02426,0
0.402473,1.97269,-1.00514,0
0.40256,1.98331,-0.999669,0
0.402647,1.98228,-0.988328,0
0.402735,1.99375,-0.983208,0
0.402822,1.98094,-0.96617,0
0.402909,1.98424,-0.957083,0
0.402997,1.97847,-0.94368,0
0.403084,1.97804,-0.932906,0
0.403171,1.98481,-0.925534,0
0.403258,1.97975,-0.912678,0
0.403346,1.98645,-0.905275,0
0.403433,1.98126,-0.892492,0
0.40352,1.98605,-0.884246,0
0.403607,1.98073,-0.871544,0
0.403695,1.9836,-0.862494,0
0.403782,1.98551,-0.853042,0
0.403869,1.99013,-0.844761,0
0.403956,1.98458,-0.832202,0
0.404044,1.98634,-0.822769,0
0.404131,1.98158,-0.810687,0
0.404218,1.98788,-0.803157,0
0.404306,1.98208,-0.79077,0
0.404393,1.98644,-0.78248,0
0.40448,1.98611,-0.772355,0
0.404567,1.98946,-0.763682,0
0.404655,1.9881,-0.753223,0
0.404742,1.98106,-0.740689,0
0.404829,1.98052,-0.730653,0
0.404916,1.97429,-0.718584,0
0.405004,1.96988,-0.70726,0
0.405091,1.96541,-0.695987,0
0.405178,1.96182,-0.685097,0
0.405265,1.88442,-0.648857,0
0.405353,1.80485,-0.612664,0
0.40544,1.75724,-0.587966,0
0.405527,1.72845,-0.569958,0
0.405615,1.71,-0.555613,0
0.405702,1.7086,-0.546927,0
0.405789,1.69857,-0.535557,0
0.405876,1.71426,-0.532292,0
0.405964,1.70031,-0.519837,0
0.406051,1.70639,-0.513566,0
0.406138,1.70862,-0.506115,0
0.406225,1.70601,-0.497256,0
0.406313,1.70432,-0.488705,0
0.4064,1.69681,-0.47855,0
0.406487,1.69503,-0.470072,0
0.406574,1.6961,-0.462409,0
0.406662,1.70679,-0.457333,0
0.406749,1.70684,-0.449372,0
0.406836,1.70684,-0.44142,0
0.406924,1.70003,-0.431753,0
0.407011,1.70772,-0.425783,0
0.407098,1.69791,-0.415475,0
0.407185,1.70067,-0.408296,0
0.407273,1.69855,-0.399955,0
0.40736,1.7071,-0.394114,0
0.407447,1.7049,-0.385779,0
0.407534,1.70657,-0.378336,0
0.407622,1.70527,-0.37025,0
0.407709,1.70393,-0.362182,0
0.407796,1.7006,-0.353726,0
0.407883,1.69919,-0.345704,0
0.407971,1.69382,-0.336921,0
0.408058,1.69822,-0.3301,0
0.408145,1.7075,-0.324179,0
0.408233,1.703,-0.315632,0
0.40832,1.69747,-0.306953,0
0.408407,1.69781,-0.299369,0
0.408494,1.69713,-0.29162,0
0.408582,1.70332,-0.285037,0
0.408669,1.69369,-0.275834,0
0.408756,1.70179,-0.269537,0
0.408843,1.69504,-0.260892,0
0.408931,1.70111,-0.254232,0
0.409018,1.6923,-0.245372,0
0.409105,1.69732,-0.238543,0
0.409192,1.6924,-0.230325,0
0.40928,1.69735,-0.223461,0
0.409367,1.68839,-0.214791,0
0.409454,1.69428,-0.208031,0
0.409541,1.68921,-0.199931,0
0.409629,1.69106,-0.192672,0
0.409716,1.69685,-0.185836,0
0.409803,1.68969,-0.177594,0
0.409891,1.69443,-0.17062,0
0.409978,1.68819,-0.162554,0
0.410065,1.69884,-0.156102,0
0.410152,1.68257,-0.147206,0
0.41024,1.69117,-0.140526,0
0.410327,1.68977,-0.132988,0
0.410414,1.69632,-0.126059,0
0.410501,1.68688,-0.117958,0
0.410589,1.69536,-0.11112,0
0.410676,1.68984,-0.103355,0
0.410763,1.69527,-0.0962644,0
0.41085,1.68669,-0.0883955,0
0.410938,1.71103,-0.0821866,0
0.411025,1.75733,-0.0767265,0
0.411112,1.86456,-0.0732589,0
0.4112,1.93282,-0.0674957,0
0.411287,1.94609,-0.0594585,0
0.411374,1.97132,-0.051621,0
0.411461,1.96953,-0.0429754,0
0.411549,1.9687,-0.0343638,0
0.411636,1.95083,-0.0255378,0
0.411723,1.95193,-0.0170342,0
0.41181,1.93998,-0.00846487,0
0.411898,1.932,-4.67822e-08,0
0.411985,1.91498,0.00835569,0
0.412072,1.89493,0.0165367,0
0.412159,1.87784,0.0245822,0
0.412247,1.83972,0.0321124,0
0.412334,1.84156,0.040183,0
0.412421,1.86436,0.04882,0
0.412509,1.89112,0.0577788,0
0.412596,1.92383,0.0671815,0
0.412683,1.91852,0.0753788,0
0.41277,1.92417,0.0840109,0
0.412858,1.91879,0.0921659,0
0.412945,1.85346,0.0971355,0
0.413032,1.73221,0.0983619,0
0.413119,1.69184,0.103477,0
0.413207,1.68838,0.110662,0
0.413294,1.69187,0.118307,0
0.413381,1.69233,0.125762,0
0.413468,1.69277,0.133224,0
0.413556,1.69815,0.141105,0
0.413643,1.69552,0.148339,0
0.41373,1.69386,0.155644,0
0.413818,1.70312,0.163992,0
0.413905,1.69543,0.17072,0
0.413992,1.69367,0.178012,0
0.414079,1.69188,0.185291,0
0.414167,1.69702,0.193351,0
0.414254,1.70311,0.201577,0
0.414341,1.70222,0.209006,0
0.414428,1.69434,0.215548,0
0.414516,1.69339,0.222939,0
0.414603,1.70825,0.232483,0
0.41469,1.72604,0.242579,0
0.414777,1.81304,0.262878,0
0.414865,1.95528,0.292219,0
0.414952,1.98265,0.305159,0
0.415039,1.98328,0.31412,0
0.415127,1.98288,0.322932,0
0.415214,1.97948,0.33125,0
0.415301,1.9859,0.341239,0
0.415388,1.98143,0.34938,0
0.415476,1.98776,0.359446,0
0.415563,1.98224,0.367387,0
0.41565,1.98357,0.376592,0
0.415737,1.98289,0.385434,0
0.415825,1.98707,0.395253,0
0.415912,1.98043,0.402923,0
0.415999,1.96886,0.409523,0
0.416086,1.97977,0.420813,0
0.416174,1.99844,0.433903,0
0.416261,1.98383,0.439805,0
0.416348,1.98287,0.448678,0
0.416436,1.98382,0.458,0
0.416523,1.99153,0.468944,0
0.41661,1.98461,0.476462,0
0.416697,1.9796,0.484404,0
0.416785,1.98328,0.494488,0
0.416872,1.98498,0.504122,0
0.416959,1.98083,0.512277,0
0.417046,1.98051,0.521425,0
0.417134,1.98401,0.531614,0
0.417221,1.9836,0.540792,0
0.417308,1.98122,0.549442,0
0.417395,1.98555,0.559982,0
0.417483,1.97828,0.567262,0
0.41757,1.97482,0.575608,0
0.417657,1.97517,0.585072,0
0.417745,1.98313,0.596854,0
0.417832,1.98051,0.605502,0
0.417919,1.97976,0.614731,0
0.418006,1.97992,0.624265,0
0.418094,1.97717,0.632898,0
0.418181,1.9763,0.642137,0
0.418268,1.98107,0.65326,0
0.418355,1.982,0.663167,0
0.418443,1.98098,0.672451,0
0.41853,1.97708,0.680763,0
0.418617,1.97692,0.690372,0
0.418704,1.97955,0.700994,0
0.418792,1.98118,0.711315,0
0.418879,1.97993,0.720636,0
0.418966,1.97395,0.72823,0
0.419054,1.98387,0.741739,0
0.419141,1.97407,0.747908,0
0.419228,1.96705,0.755081,0
0.419315,1.97492,0.768006,0
0.419403,1.98365,0.781381,0
0.41949,1.98579,0.792252,0
0.419577,1.98232,0.800909,0
0.419664,1.98621,0.81258,0
0.419752,1.98542,0.822387,0
0.419839,1.98181,0.831042,0
0.419926,1.98277,0.841635,0
0.420013,1.97632,0.849094,0
0.420101,1.98268,0.862095,0
0.420188,1.98806,0.874766,0
0.420275,1.97965,0.881398,0
0.420363,1.98308,0.893313,0
0.42045,1.97917,0.901958,0
0.420537,1.9852,0.91519,0
0.420624,1.98119,0.923844,0
0.420712,1.97623,0.932053,0
0.420799,1.98208,0.945402,0
0.420886,1.97703,0.953607,0
0.420973,1.97735,0.964417,0
0.421061,1.98299,0.9779,0
0.421148,1.98854,0.991451,0
0.421235,1.98688,1.00147,0
0.421322,1.98338,1.01058,0
0.42141,1.9834,1.02152,0
0.421497,1.98602,1.03386,0
0.421584,1.97795,1.04065,0
0.421672,1.97427,1.04974,0
0.421759,1.98641,1.06734,0
0.421846,1.98701,1.07886,0
0.421933,1.98053,1.08655,0
0.422021,1.98276,1.09906,0
0.422108,1.98406,1.11112,0
0.422195,1.98006,1.12026,0
0.422282,1.97689,1.12988,0
0.42237,1.97887,1.1425,0
0.422457,1.97732,1.15314,0
0.422544,1.97658,1.16429,0
0.422631,1.98351,1.18006,0
0.422719,1.97834,1.18871,0
0.422806,1.98254,1.20304,0
0.422893,1.98836,1.21847,0
0.422981,1.98047,1.22555,0
0.423068,1.97341,1.23312,0
0.423155,1.98154,1.25026,0
0.423242,1.98366,1.26373,0
0.42333,1.99074,1.28049,0
0.423417,1.98429,1.28862,0
0.423504,1.98534,1.30165,0
0.423591,1.98465,1.31361,0
0.423679,1.97807,1.3217,0
0.423766,1.97808,1.33423,0
0.423853,1.98051,1.34848,0
0.42394,1.97461,1.35711,0
0.424028,1.96702,1.36457,0
0.424115,1.9676,1.37773,0
0.424202,1.97954,1.399,0
0.42429,1.97749,1.41053,0
0.424377,1.96969,1.41797,0
0.424464,1.98128,1.43949,0
0.424551,1.9774,1.44989,0
0.424639,1.98311,1.46743,0
0.424726,1.97509,1.47487,0
0.424813,1.97982,1.4919,0
0.4249,1.97966,1.50537,0
0.424988,1.97307,1.51399,0
0.425075,1.97672,1.53054,0
0.425162,1.98185,1.54839,0
0.425249,1.97115,1.55393,0
0.425337,1.96748,1.565,0
0.425424,1.97779,1.58734,0
0.425511,1.97628,1.60036,0
0.425599,1.97702,1.6153,0
0.425686,1.96687,1.62136,0
0.425773,1.97208,1.64016,0
0.42586,1.97869,1.66032,0
0.425948,1.98135,1.67734,0
0.426035,1.9801,1.69116,0
0.426122,1.98028,1.70631,0
0.426209,1.98111,1.72215,0
0.426297,1.9811,1.73738,0
0.426384,1.97874,1.75064,0
0.426471,1.97929,1.76658,0
0.426558,1.97528,1.77855,0
0.426646,1.98008,1.79858,0
0.426733,1.98033,1.81464,0
0.42682,1.98341,1.83344,0
0.426908,1.9827,1.8489,0
0.426995,1.987,1.86918,0
0.427082,1.98245,1.88127,0
0.427169,1.98072,1.89613,0
0.427257,1.9825,1.91448,0
0.427344,1.98057,1.92939,0
0.427431,1.99068,1.95624,0
0.427518,1.97787,1.96068,0
0.427606,1.98414,1.98414,0
0.427693,1.97828,1.99562,0
0.42778,1.98357,2.0185,0
0.427867,1.98172,2.0343,0
0.427955,1.97561,2.0458,0
0.428042,1.98049,2.06885,0
0.428129,1.97764,2.084,0
0.428217,1.9747,2.09916,0
0.428304,1.97643,2.11946,0
0.428391,1.99228,2.15524,0
0.428478,1.97745,2.15801,0
0.428566,1.98214,2.18216,0
0.428653,1.97594,2.19451,0
0.42874,1.97367,2.21131,0
0.428827,1.97726,2.23488,0
0.428915,1.9721,2.24875,0
0.429002,1.97736,2.27469,0
0.429089,1.97917,2.29694,0
0.429176,1.98082,2.31924,0
0.429264,1.97649,2.33473,0
0.429351,1.97914,2.35865,0
0.429438,1.97715,2.37726,0
0.429526,1.98075,2.40284,0
0.429613,1.97784,2.42075,0
0.4297,1.9767,2.44102,0
0.429787,1.98105,2.46833,0
0.429875,1.97773,2.48635,0
0.429962,1.97553,2.50595,0
0.430049,1.97997,2.53424,0
0.430136,1.98358,2.56183,0
0.430224,1.97847,2.5784,0
0.430311,1.98476,2.61009,0
0.430398,1.98178,2.62991,0
0.430485,1.98045,2.65215,0
0.430573,1.97838,2.67363,0
0.43066,1.98503,2.70723,0
0.430747,1.99318,2.74338,0
0.430835,1.98762,2.76097,0
0.430922,1.98658,2.78509,0
0.431009,1.98711,2.8117,0
0.431096,1.98802,2.83918,0
0.431184,1.98359,2.85933,0
0.431271,1.98809,2.89268,0
0.431358,1.98952,2.92199,0
0.431445,1.98066,2.93645,0
0.431533,1.9745,2.95504,0
0.43162,1.95827,2.95863,0
0.431707,1.93273,2.94791,0
0.431794,1.92312,2.96135,0
0.431882,1.90153,2.95625,0
0.431969,1.88592,2.9603,0
0.432056,1.86392,2.95413,0
0.432144,1.84783,2.95714,0
0.432231,1.8307,2.95838,0
0.432318,1.81098,2.95525,0
0.432405,1.79703,2.96141,0
0.432493,1.7774,2.95808,0
0.43258,1.76294,2.96323,0
0.432667,1.74035,2.95453,0
0.432754,1.72845,2.96382,0
0.432842,1.706,2.95488,0
0.432929,1.69061,2.95795,0
0.433016,1.67375,2.95834,0
0.433103,1.65936,2.963,0
0.433191,1.64496,2.96758,0
0.433278,1.62141,2.95545,0
0.433365,1.60898,2.96337,0
0.433453,1.58893,2.95715,0
0.43354,1.57649,2.96494,0
0.433627,1.55748,2.96028,0
0.433714,1.54363,2.96528,0
0.433802,1.52793,2.96665,0
0.433889,1.51043,2.96438,0
0.433976,1.49568,2.96737,0
0.434063,1.47691,2.96223,0
0.434151,1.45867,2.95789,0
0.434238,1.45057,2.97411,0
0.434325,1.42802,2.9606,0
0.434412,1.41681,2.97041,0
0.4345,1.39957,2.96752,0
0.434587,1.38407,2.96816,0
0.434674,1.36609,2.96327,0
0.434762,1.34983,2.96192,0
0.434849,1.33648,2.96687,0
0.434936,1.32108,2.9672,0
0.435023,1.30732,2.9711,0
0.435111,1.28796,2.9621,0
0.435198,1.27463,2.96678,0
0.435285,1.25972,2.96771,0
0.435372,1.24676,2.97318,0
0.43546,1.23109,2.97212,0
0.435547,1.21205,2.96266,0
0.435634,1.20099,2.97255,0
0.435721,1.18541,2.97126,0
0.435809,1.1717,2.97455,0
0.435896,1.15582,2.97217,0
0.435983,1.14319,2.97812,0
0.436071,1.12735,2.9756,0
0.436158,1.11401,2.97955,0
0.436245,1.09719,2.97407,0
0.436332,1.08147,2.97131,0
0.43642,1.06917,2.97788,0
0.436507,1.05283,2.97309,0
0.436594,1.03853,2.97388,0
0.436681,1.02294,2.97082,0
0.436769,1.009,2.97241,0
0.436856,0.992212,2.96541,0
0.436943,0.980516,2.97351,0
0.43703,0.96506,2.97015,0
0.437118,0.948128,2.96195,0
0.437205,0.937901,2.97464,0
0.437292,0.922837,2.97202,0
0.437379,0.912785,2.98558,0
0.437467,0.895138,2.97422,0
0.437554,0.88272,2.98001,0
0.437641,0.866631,2.97327,0
0.437729,0.855027,2.98183,0
0.437816,0.84038,2.97976,0
0.437903,0.825499,2.97665,0
0.43799,0.813819,2.98505,0
0.438078,0.799233,2.98278,0
0.438165,0.785956,2.98527,0
0.438252,0.771421,2.98286,0
0.438339,0.755937,2.97651,0
0.438427,0.743668,2.98269,0
0.438514,0.727319,2.97231,0
0.438601,0.71481,2.9774,0
0.438688,0.701353,2.97854,0
0.438776,0.6888,2.98352,0
0.438863,0.674893,2.9826,0
0.43895,0.661223,2.98258,0
0.439038,0.646718,2.9786,0
0.439125,0.63517,2.98824,0
0.439212,0.620293,2.98217,0
0.439299,0.607873,2.98779,0
0.439387,0.591709,2.97472,0
0.439474,0.579869,2.98317,0
0.439561,0.565541,2.97879,0
0.439648,0.551809,2.9773,0
0.439736,0.541482,2.99444,0
0.439823,0.525459,2.98003,0
0.43991,0.513468,2.98821,0
0.439997,0.499434,2.9845,0
0.440085,0.48705,2.9906,0
0.440172,0.472589,2.98381,0
0.440259,0.459717,2.98683,0
0.440347,0.446828,2.98979,0
0.440434,0.4322,2.98083,0
0.440521,0.419468,2.98467,0
0.440608,0.405632,2.98052,0
0.440696,0.393667,2.9902,0
0.440783,0.379102,2.97998,0
0.44087,0.367314,2.99153,0
0.440957,0.35273,2.9802,0
0.441045,0.340402,2.98767,0
0.441132,0.327689,2.99211,0
0.441219,0.313272,2.98058,0
0.441306,0.301366,2.99287,0
0.441394,0.288017,2.99117,0
0.441481,0.275145,2.99439,0
0.441568,0.261729,2.99157,0
0.441656,0.247845,2.98272,0
0.441743,0.235927,2.99773,0
0.44183,0.222622,2.99574,0
0.441917,0.209409,2.99469,0
0.442005,0.195817,2.98759,0
0.442092,0.183024,2.99241,0
0.442179,0.170362,3.00017,0
0.442266,0.157165,2.99888,0
0.442354,0.143791,2.99355,0
0.442441,0.130727,2.99415,0
0.442528,0.117112,2.9807,0
0.442615,0.104454,2.99118,0
0.442703,0.0914935,2.9946,0
0.44279,0.0785571,2.99997,0
0.442877,0.0652266,2.98929,0
0.442965,0.0523399,2.99854,0
0.443052,0.0392165,2.99574,0
0.443139,0.0261274,2.99389,0
0.443226,0.01309,2.99997,0
0.443314,1.08856e-07,2.992,0
0.443401,-0.0130985,3.00197,0
0.443488,-0.0261446,2.99589,0
0.443575,-0.0392949,3.00174,0
0.443663,-0.0522524,2.99354,0
0.44375,-0.0654664,3.00029,0
0.443837,-0.0786616,3.00397,0
0.443924,-0.0917376,3.0026,0
0.444012,-0.104559,2.99417,0
0.444099,-0.117387,2.98769,0
0.444186,-0.13064,2.99215,0
0.444274,-0.144126,3.00054,0
0.444361,-0.157531,3.00587,0
0.444448,-0.170135,2.99617,0
0.444535,-0.183695,3.00339,0
0.444623,-0.196471,2.99757,0
0.44471,-0.210246,3.00666,0
0.444797,-0.222548,2.99474,0
0.444884,-0.236554,3.00571,0
0.444972,-0.249335,3.00066,0
0.445059,-0.263036,3.00652,0
0.445146,-0.276335,3.00733,0
0.445233,-0.288975,3.00112,0
0.445321,-0.302768,3.00679,0
0.445408,-0.315885,3.00545,0
0.445495,-0.328669,3.00106,0
0.445583,-0.343345,3.0135,0
0.44567,-0.356373,3.01098,0
0.445757,-0.368289,2.99947,0
0.445844,-0.382509,3.00677,0
0.445932,-0.394842,2.99912,0
0.446019,-0.409138,3.00629,0
0.446106,-0.42239,3.00546,0
0.446193,-0.436074,3.00755,0
0.446281,-0.448897,3.00364,0
0.446368,-0.464128,3.01549,0
0.446455,-0.477438,3.01442,0
0.446542,-0.489622,3.00639,0
0.44663,-0.50389,3.01113,0
0.446717,-0.517701,3.01284,0
0.446804,-0.530669,3.00957,0
0.446892,-0.544507,3.01116,0
0.446979,-0.559827,3.02056,0
0.447066,-0.571883,3.01219,0
0.447153,-0.584448,3.00672,0
0.447241,-0.599317,3.01297,0
0.447328,-0.612059,3.00837,0
0.447415,-0.619274,2.97728,0
0.447502,-0.610844,2.8738,0
0.44759,-0.610435,2.81149,0
0.447677,-0.612524,2.76292,0
0.447764,-0.585289,2.58661,0
0.447851,-0.579699,2.51095,0
0.447939,-0.58469,2.48309,0
0.448026,-0.592484,2.46788,0
0.448113,-0.598018,2.4439,0
0.448201,-0.605772,2.42962,0
0.448288,-0.614645,2.42017,0
0.448375,-0.622445,2.40682,0
0.448462,-0.628358,2.38667,0
0.44855,-0.636177,2.37425,0
0.448637,-0.645478,2.36759,0
0.448724,-0.655001,2.36186,0
0.448811,-0.661772,2.34647,0
0.448899,-0.669799,2.33587,0
0.448986,-0.679705,2.33196,0
0.449073,-0.691861,2.33569,0
0.44916,-0.694553,2.30775,0
0.449248,-0.689997,2.25688,0
0.449335,-0.693611,2.23379,0
0.449422,-0.69463,2.20309,0
0.44951,-0.691432,2.16003,0
0.449597,-0.669949,2.06189,0
0.449684,-0.680192,2.06275,0
0.449771,-0.69458,2.07588,0
0.449859,-0.691416,2.03685,0
0.449946,-0.691507,2.00828,0
0.450033,-0.696636,1.99486,0
0.45012,-0.696655,1.96729,0
0.450208,-0.698136,1.94447,0
0.450295,-0.693959,1.90664,0
0.450382,-0.695695,1.88576,0
0.450469,-0.694111,1.85648,0
0.450557,-0.686262,1.81136,0
0.450644,-0.699534,1.82235,0
0.450731,-0.696968,1.79225,0
0.450819,-0.700017,1.7771,0
0.450906,-0.698501,1.75081,0
0.450993,-0.693397,1.71622,0
0.45108,-0.689519,1.68541,0
0.451168,-0.648648,1.56598,0
0.451255,-0.634979,1.51425,0
0.451342,-0.633766,1.49306,0
0.451429,-0.627248,1.45996,0
0.451517,-0.584965,1.34533,0
0.451604,-0.571497,1.29883,0
0.451691,-0.564957,1.26891,0
0.451778,-0.568435,1.26188,0
0.451866,-0.571033,1.25302,0
0.451953,-0.559748,1.21419,0
0.45204,-0.559547,1.19995,0
0.452128,-0.572029,1.21287,0
0.452215,-0.573441,1.20224,0
0.452302,-0.573033,1.18802,0
0.452389,-0.579965,1.1891,0
0.452477,-0.583821,1.18387,0
0.452564,-0.59032,1.184,0
0.452651,-0.59323,1.17695,0
0.452738,-0.598813,1.17524,0
0.452826,-0.611262,1.18684,0
0.452913,-0.624284,1.19924,0
0.453,-0.626252,1.19031,0
0.453087,-0.629092,1.18315,0
0.453175,-0.634722,1.18127,0
0.453262,-0.645596,1.18904,0
0.453349,-0.663283,1.20901,0
0.453437,-0.679703,1.22622,0
0.453524,-0.702149,1.25378,0
0.453611,-0.708597,1.25244,0
0.453698,-0.717033,1.25455,0
0.453786,-0.72,1.24708,0
0.453873,-0.688659,1.18086,0
0.45396,-0.668935,1.13563,0
0.454047,-0.666215,1.11981,0
0.454135,-0.663884,1.10489,0
0.454222,-0.666105,1.09771,0
0.454309,-0.662528,1.08115,0
0.454396,-0.660925,1.06804,0
0.454484,-0.660279,1.05667,0
0.454571,-0.664884,1.05378,0
0.454658,-0.661953,1.03906,0
0.454746,-0.656743,1.02102,0
0.454833,-0.655745,1.00976,0
0.45492,-0.656307,1.00103,0
0.455007,-0.664532,1.004,0
0.455095,-0.660573,0.988617,0
0.455182,-0.661525,0.980751,0
0.455269,-0.661296,0.971243,0
0.455356,-0.0583398,0.084885,0
0.455444,-0.0689696,0.0994193,0
0.455531,-0.0533426,0.0761811,0
0.455618,-0.0513659,0.0726811,0
0.455705,-0.0685229,0.0960656,0
0.455793,-0.058425,0.0811574,0
0.45588,-0.0517251,0.0711935,0
0.455967,-0.0662267,0.0903218,0
0.456055,-0.0684046,0.0924435,0
0.456142,-0.0634224,0.0849329,0
0.456229,-0.0631906,0.0838567,0
0.456316,-0.0635559,0.0835802,0
0.456404,-0.0608761,0.0793353,0
0.456491,-0.0624462,0.0806503,0
0.456578,-0.0591035,0.075649,0
0.456665,-0.059433,0.0753904,0
0.456753,-0.0610064,0.0766956,0
0.45684,-0.0694775,0.0865672,0
0.456927,-0.0654493,0.0808232,0
0.457014,-0.0588416,0.0720185,0
0.457102,-0.0616996,0.0748476,0
0.457189,-0.0594678,0.0715023,0
0.457276,-0.0572081,0.068178,0
0.457364,-0.052336,0.0618218,0
0.457451,-0.0584503,0.0684365,0
0.457538,-0.0659287,0.0765141,0
0.457625,-0.0767589,0.088301,0
0.457713,-0.0698907,0.079695,0
0.4578,-0.0642741,0.0726487,0
0.457887,-0.0579317,0.064907,0
0.457974,-0.0622291,0.0691125,0
0.458062,-0.0618577,0.0681001,0
0.458149,-0.0574252,0.0626686,0
0.458236,-0.0576981,0.0624174,0
0.458323,-0.0606979,0.0650905,0
0.458411,-0.0698887,0.0742938,0
0.458498,-0.0433663,0.0456986,0
0.458585,-0.0331926,0.0346735,0
0.458673,-0.0361222,0.0374057,0
0.45876,-0.0481475,0.0494248,0
0.458847,-0.0581755,0.0591998,0
0.458934,-0.0323847,0.0326685,0
0.459022,-0.0572756,0.0572757,0
