7200
6178
5.37561
5.39132,-0.0410122,-0.0410122,0
5.39141,-0.047873,-0.0482926,0
5.3915,-0.0742964,-0.0756045,0
5.39158,-0.0879216,-0.090254,0
5.39167,-0.128512,-0.133078,0
5.39176,-0.1141,-0.11919,0
5.39185,-0.135606,-0.142899,0
5.39193,-0.136351,-0.144946,0
5.39202,-0.13299,-0.142614,0
5.39211,-0.142548,-0.154208,0
5.39219,-0.1716,-0.187268,0
5.39228,-0.12506,-0.137681,0
5.39237,-0.333896,-0.370829,0
5.39246,-0.284997,-0.319313,0
5.39254,-0.293541,-0.331787,0
5.39263,-0.274947,-0.313517,0
5.39272,-0.280137,-0.322261,0
5.39281,-0.308103,-0.357571,0
5.39289,-0.306539,-0.358912,0
5.39298,-0.306909,-0.362535,0
5.39307,-0.298253,-0.355445,0
5.39315,-0.304373,-0.365969,0
5.39324,-0.314223,-0.381183,0
5.39333,-0.313189,-0.383324,0
5.39342,-0.313402,-0.387019,0
5.3935,-0.31171,-0.388382,0
5.39359,-0.312502,-0.392869,0
5.39368,-0.315119,-0.399726,0
5.39377,-0.32076,-0.410554,0
5.39385,-0.322639,-0.416693,0
5.39394,-0.350038,-0.456178,0
5.39403,-0.427338,-0.561977,0
5.39411,-0.478443,-0.634915,0
5.3942,-0.494814,-0.662637,0
5.39429,-0.492513,-0.665594,0
5.39438,-0.499657,-0.681446,0
5.39446,-0.511373,-0.703845,0
5.39455,-0.518229,-0.719866,0
5.39464,-0.521471,-0.731076,0
5.39473,-0.521739,-0.738244,0
5.39481,-0.526543,-0.751982,0
5.3949,-0.525537,-0.757558,0
5.39499,-0.522227,-0.759844,0
5.39507,-0.516092,-0.757983,0
5.39516,-0.501037,-0.742818,0
5.39525,-0.501124,-0.749986,0
5.39534,-0.502815,-0.75967,0
5.39542,-0.502785,-0.766874,0
5.39551,-0.479282,-0.73803,0
5.3956,-0.471189,-0.732545,0
5.39569,-0.46369,-0.727847,0
5.39577,-0.464245,-0.735783,0
5.39586,-0.45838,-0.733562,0
5.39595,-0.464121,-0.750011,0
5.39603,-0.463456,-0.756292,0
5.39612,-0.459633,-0.757452,0
5.39621,-0.457354,-0.761165,0
5.3963,-0.462209,-0.776903,0
5.39638,-0.46186,-0.784083,0
5.39647,-0.465487,-0.798184,0
5.39656,-0.4595,-0.795877,0
5.39665,-0.447587,-0.783115,0
5.39673,-0.43284,-0.765043,0
5.39682,-0.416305,-0.743367,0
5.39691,-0.409664,-0.739054,0
5.39699,-0.415093,-0.756615,0
5.39708,-0.405585,-0.746995,0
5.39717,-0.402322,-0.748757,0
5.39726,-0.411257,-0.773462,0
5.39734,-0.409741,-0.778789,0
5.39743,-0.41188,-0.791214,0
5.39752,-0.409339,-0.794781,0
5.39761,-0.403144,-0.791214,0
5.39769,-0.402838,-0.799216,0
5.39778,-0.395777,-0.793807,0
5.39787,-0.395848,-0.802701,0
5.39795,-0.391027,-0.801724,0
5.39804,-0.394476,-0.817834,0
5.39813,-0.381863,-0.800593,0
5.39822,-0.37922,-0.804061,0
5.3983,-0.37444,-0.802989,0
5.39839,-0.382236,-0.829135,0
5.39848,-0.377786,-0.828975,0
5.39857,-0.380736,-0.845203,0
5.39865,-0.369317,-0.829499,0
5.39874,-0.361667,-0.82195,0
5.39883,-0.358475,-0.824437,0
5.39891,-0.358822,-0.835181,0
5.399,-0.348923,-0.822011,0
5.39909,-0.348427,-0.830903,0
5.39918,-0.340206,-0.821329,0
5.39926,-0.340405,-0.832061,0
5.39935,-0.329654,-0.815922,0
5.39944,-0.328314,-0.822925,0
5.39953,-0.325453,-0.826211,0
5.39961,-0.320033,-0.822963,0
5.3997,-0.313572,-0.816883,0
5.39979,-0.310359,-0.819178,0
5.39987,-0.311334,-0.832702,0
5.39996,-0.307006,-0.832176,0
5.40005,-0.30303,-0.832568,0
5.40014,-0.292636,-0.815058,0
5.40022,-0.289744,-0.818213,0
5.40031,-0.287161,-0.822302,0
5.4004,-0.284547,-0.826383,0
5.40049,-0.279009,-0.821935,0
5.40057,-0.276372,-0.82599,0
5.40066,-0.2712,-0.822439,0
5.40075,-0.269154,-0.82837,0
5.40083,-0.263403,-0.82287,0
5.40092,-0.261915,-0.830687,0
5.40101,-0.255619,-0.823227,0
5.4011,-0.250855,-0.820509,0
5.40118,-0.244967,-0.813936,0
5.40127,-0.243117,-0.82075,0
5.40136,-0.239813,-0.822763,0
5.40145,-0.237048,-0.826685,0
5.40153,-0.228824,-0.81135,0
5.40162,-0.226084,-0.815231,0
5.40171,-0.219894,-0.806562,0
5.40179,-0.217926,-0.81331,0
5.40188,-0.214375,-0.814253,0
5.40197,-0.210319,-0.813244,0
5.40206,-0.203323,-0.800585,0
5.40214,-0.199827,-0.801464,0
5.40223,-0.197517,-0.807185,0
5.40232,-0.197261,-0.821653,0
5.4024,-0.190007,-0.806931,0
5.40249,-0.182885,-0.792163,0
5.40258,-0.178103,-0.787101,0
5.40267,-0.173152,-0.781037,0
5.40275,-0.172713,-0.795466,0
5.40284,-0.168616,-0.793278,0
5.40293,-0.166986,-0.802817,0
5.40302,-0.161488,-0.793739,0
5.4031,-0.160169,-0.805225,0
5.40319,-0.153983,-0.792173,0
5.40328,-0.150525,-0.792837,0
5.40336,-0.150344,-0.811185,0
5.40345,-0.143956,-0.796089,0
5.40354,-0.143607,-0.814436,0
5.40363,-0.14327,-0.83378,0
5.40371,-0.140456,-0.839329,0
5.4038,-0.141453,-0.868557,0
5.40389,-0.14611,-0.922501,0
5.40398,-0.370725,-2.40864,0
5.40406,-0.358142,-2.39639,0
5.40415,-0.347539,-2.39694,0
5.40424,-0.33666,-2.39546,0
5.40432,-0.326609,-2.39988,0
5.40441,-0.314829,-2.39137,0
5.4045,-0.304266,-2.39172,0
5.40459,-0.293218,-2.38807,0
5.40467,-0.284676,-2.40521,0
5.40476,-0.273499,-2.40047,0
5.40485,-0.263349,-2.40462,0
5.40494,-0.251914,-2.3968,0
5.40502,-0.240852,-2.3919,0
5.40511,-0.23118,-2.4009,0
5.4052,-0.219512,-2.38894,0
5.40528,-0.209435,-2.39386,0
5.40537,-0.198657,-2.39076,0
5.40546,-0.187596,-2.38363,0
5.40555,-0.178083,-2.39639,0
5.40563,-0.166997,-2.38817,0
5.40572,-0.156837,-2.39287,0
5.40581,-0.14615,-2.38953,0
5.4059,-0.135666,-2.38915,0
5.40598,-0.125502,-2.39471,0
5.40607,-0.115148,-2.39724,0
5.40616,-0.10425,-2.38773,0
5.40624,-0.0940273,-2.39315,0
5.40633,-0.0833051,-2.38555,0
5.40642,-0.0732314,-2.39688,0
5.40651,-0.0624582,-2.38518,0
5.40659,-0.0523776,-2.40043,0
5.40668,-0.0417636,-2.39264,0
5.40677,-0.0313889,-2.39779,0
5.40686,-0.0208564,-2.38991,0
5.40694,-0.0104589,-2.39698,0
5.40703,-2.8815e-08,-2.392,0
5.40712,0.0104283,-2.38998,0
5.4072,0.0207779,-2.38091,0
5.40729,0.0313496,-2.39479,0
5.40738,0.041781,-2.39364,0
5.40747,0.0520939,-2.38743,0
5.40755,0.0626414,-2.39218,0
5.40764,0.0731092,-2.39288,0
5.40773,0.08334,-2.38655,0
5.40782,0.0938309,-2.38816,0
5.4079,0.10425,-2.38773,0
5.40799,0.114812,-2.39024,0
5.40808,0.125345,-2.39172,0
5.40816,0.136233,-2.39914,0
5.40825,0.146394,-2.39353,0
5.40834,0.156706,-2.39087,0
5.40843,0.166927,-2.38717,0
5.40851,0.178379,-2.40038,0
5.4086,0.18736,-2.38064,0
5.40869,0.198822,-2.39275,0
5.40878,0.209435,-2.39386,0
5.40886,0.220427,-2.39889,0
5.40895,0.230892,-2.39791,0
5.40904,0.241353,-2.39688,0
5.40912,0.251705,-2.39481,0
5.40921,0.262696,-2.39866,0
5.4093,0.272141,-2.38855,0
5.40939,0.283853,-2.39826,0
5.40947,0.293339,-2.38906,0
5.40956,0.30477,-2.39569,0
5.40965,0.314438,-2.38839,0
5.40974,0.326339,-2.3979,0
5.40982,0.336242,-2.39249,0
5.40991,0.348113,-2.40089,0
5.41,0.357403,-2.39144,0
5.41008,0.368899,-2.39678,0
5.41017,0.378884,-2.39218,0
5.41026,0.389318,-2.39051,0
5.41035,0.400736,-2.3947,0
5.41043,0.410164,-2.38702,0
5.41052,0.422312,-2.39505,0
5.41061,0.434182,-2.40106,0
5.4107,0.443561,-2.39324,0
5.41078,0.453813,-2.3903,0
5.41087,0.466528,-2.40008,0
5.41096,0.47524,-2.38919,0
5.41104,0.48586,-2.38808,0
5.41113,0.49994,-2.40356,0
5.41122,0.509384,-2.39646,0
5.41131,0.518774,-2.38933,0
5.41139,0.530926,-2.39485,0
5.41148,0.54115,-2.39154,0
5.41157,0.550905,-2.38623,0
5.41166,0.563833,-2.39451,0
5.41174,0.575209,-2.39592,0
5.41183,0.58447,-2.38853,0
5.41192,0.596096,-2.39081,0
5.412,0.609476,-2.39982,0
5.41209,0.621193,-2.40197,0
5.41218,0.631158,-2.39731,0
5.41227,0.642648,-2.39839,0
5.41235,0.654422,-2.40039,0
5.41244,0.665958,-2.40137,0
5.41253,0.675887,-2.39651,0
5.41262,0.68744,-2.39739,0
5.4127,0.699013,-2.3982,0
5.41279,0.708334,-2.3913,0
5.41288,0.721355,-2.3968,0
5.41296,0.731806,-2.39363,0
5.41305,0.742244,-2.39041,0
5.41314,0.752667,-2.38715,0
5.41323,0.765209,-2.39051,0
5.41331,0.777178,-2.39191,0
5.4134,0.78792,-2.38944,0
5.41349,0.803415,-2.40116,0
5.41358,0.814528,-2.39952,0
5.41366,0.824664,-2.395,0
5.41375,0.836425,-2.39515,0
5.41384,0.849538,-2.39902,0
5.41392,0.859998,-2.39529,0
5.41401,0.871467,-2.39434,0
5.4141,0.885714,-2.40083,0
5.41419,0.898632,-2.4035,0
5.41427,0.909819,-2.40143,0
5.41436,0.921006,-2.3993,0
5.41445,0.934365,-2.40272,0
5.41454,0.945207,-2.39955,0
5.41462,0.95715,-2.39912,0
5.41471,0.969482,-2.39955,0
5.4148,0.978807,-2.39252,0
5.41488,0.991533,-2.39377,0
5.41497,1.00274,-2.39127,0
5.41506,1.01317,-2.38687,0
5.41515,1.03068,-2.39896,0
5.41523,1.04034,-2.39261,0
5.41532,1.05802,-2.40452,0
5.41541,1.06565,-2.39349,0
5.41549,1.0769,-2.39064,0
5.41558,1.09396,-2.40048,0
5.41567,1.10401,-2.39477,0
5.41576,1.11402,-2.38903,0
5.41584,1.12614,-2.38776,0
5.41593,1.14128,-2.39275,0
5.41602,1.15649,-2.39766,0
5.41611,1.16826,-2.39529,0
5.41619,1.18356,-2.40003,0
5.41628,1.19626,-2.39932,0
5.41637,1.20896,-2.39854,0
5.41645,1.22532,-2.40483,0
5.41654,1.23763,-2.40301,0
5.41663,1.24995,-2.40114,0
5.41672,1.26275,-2.40009,0
5.4168,1.27227,-2.39279,0
5.41689,1.28601,-2.39338,0
5.41698,1.30217,-2.39829,0
5.41707,1.31791,-2.40223,0
5.41715,1.32886,-2.39733,0
5.41724,1.34615,-2.40373,0
5.41733,1.3586,-2.40131,0
5.41741,1.37601,-2.40752,0
5.4175,1.391,-2.40928,0
5.41759,1.40251,-2.40492,0
5.41768,1.41299,-2.39878,0
5.41776,1.42855,-2.40118,0
5.41785,1.44108,-2.39835,0
5.41794,1.45412,-2.39632,0
5.41803,1.47083,-2.40018,0
5.41811,1.48498,-2.39969,0
5.4182,1.49808,-2.39743,0
5.41829,1.51226,-2.39679,0
5.41837,1.52862,-2.39945,0
5.41846,1.54394,-2.40033,0
5.41855,1.56366,-2.40782,0
5.41864,1.57854,-2.40767,0
5.41872,1.59344,-2.40743,0
5.41881,1.6056,-2.40295,0
5.4189,1.61719,-2.39758,0
5.41899,1.63439,-2.40042,0
5.41907,1.64937,-2.39986,0
5.41916,1.6661,-2.40167,0
5.41925,1.68287,-2.40339,0
5.41933,1.69912,-2.40419,0
5.41942,1.7154,-2.4049,0
5.41951,1.72763,-2.39982,0
5.4196,1.74278,-2.39874,0
5.41968,1.75796,-2.39756,0
5.41977,1.77733,-2.40192,0
5.41986,1.79497,-2.40376,0
5.41995,1.80183,-2.39111,0
5.42003,1.82436,-2.39915,0
5.42012,1.84089,-2.3991,0
5.42021,1.86298,-2.40607,0
5.42029,1.87346,-2.39792,0
5.42038,1.89381,-2.40228,0
5.42047,1.91486,-2.4073,0
5.42056,1.9341,-2.40984,0
5.42064,1.95089,-2.40915,0
5.42073,1.96645,-2.40681,0
5.42082,1.97757,-2.39898,0
5.42091,1.97906,-2.37957,0
5.42099,1.98043,-2.36018,0
5.42108,1.98102,-2.34007,0
5.42117,1.97757,-2.31544,0
5.42125,1.9857,-2.30451,0
5.42134,1.97933,-2.27696,0
5.42143,1.97936,-2.25702,0
5.42152,1.97328,-2.23039,0
5.4216,1.97367,-2.21131,0
5.42169,1.98196,-2.2012,0
5.42178,1.97878,-2.17846,0
5.42187,1.98286,-2.16391,0
5.42195,1.98074,-2.14275,0
5.42204,1.98052,-2.12385,0
5.42213,1.9747,-2.09917,0
5.42221,1.98315,-2.0898,0
5.4223,1.97773,-2.06596,0
5.42239,1.98256,-2.053,0
5.42248,1.97754,-2.03,0
5.42256,1.97937,-2.01422,0
5.42265,1.9811,-1.99846,0
5.42274,1.98273,-1.98273,0
5.42283,1.98,-1.96279,0
5.42291,1.98498,-1.95063,0
5.423,1.97843,-1.9273,0
5.42309,1.9789,-1.91101,0
5.42317,1.98722,-1.90235,0
5.42326,1.98535,-1.88403,0
5.42335,1.98263,-1.86507,0
5.42344,1.9827,-1.8489,0
5.42352,1.97826,-1.82869,0
5.42361,1.9877,-1.82139,0
5.4237,1.98526,-1.80329,0
5.42379,1.97602,-1.77922,0
5.42387,1.97929,-1.76658,0
5.42396,1.98099,-1.75263,0
5.42405,1.98711,-1.74265,0
5.42413,1.98564,-1.72609,0
5.42422,1.97724,-1.7037,0
5.42431,1.97553,-1.68727,0
5.4244,1.98059,-1.67669,0
5.42448,1.9741,-1.65646,0
5.42457,1.97746,-1.64464,0
5.42466,1.96996,-1.62391,0
5.42475,1.9747,-1.6134,0
5.42483,1.97628,-1.60036,0
5.42492,1.97779,-1.58734,0
5.42501,1.98548,-1.57932,0
5.42509,1.98293,-1.56321,0
5.42518,1.97869,-1.54593,0
5.42527,1.9704,-1.52565,0
5.42536,1.97783,-1.51764,0
5.42544,1.96692,-1.49568,0
5.42553,1.97423,-1.48769,0
5.42562,1.97669,-1.47607,0
5.42571,1.97749,-1.46326,0
5.42579,1.96772,-1.4428,0
5.42588,1.97724,-1.43655,0
5.42597,1.97456,-1.42148,0
5.42605,1.98074,-1.41285,0
5.42614,1.96811,-1.39092,0
5.42623,1.96842,-1.3783,0
5.42632,1.96949,-1.36628,0
5.4264,1.97543,-1.35768,0
5.42649,1.96811,-1.34004,0
5.42658,1.97062,-1.3292,0
5.42667,1.9764,-1.32059,0
5.42675,1.96797,-1.30257,0
5.42684,1.97614,-1.29562,0
5.42693,1.97339,-1.28154,0
5.42701,1.97728,-1.27183,0
5.4271,1.97691,-1.25943,0
5.42719,1.97731,-1.24759,0
5.42728,1.97341,-1.23312,0
5.42736,1.98047,-1.22555,0
5.42745,1.97557,-1.21063,0
5.42754,1.97656,-1.1994,0
5.42762,1.97234,-1.1851,0
5.42771,1.96976,-1.17188,0
5.4278,1.9671,-1.15871,0
5.42789,1.97818,-1.15364,0
5.42797,1.97021,-1.1375,0
5.42806,1.98123,-1.13237,0
5.42815,1.97919,-1.11977,0
5.42824,1.97359,-1.10526,0
5.42832,1.97489,-1.0947,0
5.42841,1.96913,-1.0803,0
5.4285,1.97558,-1.07265,0
5.42858,1.98024,-1.06402,0
5.42867,1.97869,-1.05209,0
5.42876,1.98768,-1.04577,0
5.42885,1.98158,-1.03155,0
5.42893,1.97184,-1.01556,0
5.42902,1.97625,-1.00695,0
5.42911,1.97973,-0.997868,0
5.4292,1.98675,-0.990559,0
5.42928,1.96864,-0.970824,0
5.42937,1.97195,-0.961786,0
5.42946,1.96262,-0.946656,0
5.42954,1.98117,-0.944972,0
5.42963,1.97623,-0.932053,0
5.42972,1.97575,-0.921308,0
5.42981,1.97249,-0.909329,0
5.42989,1.97644,-0.900714,0
5.42998,1.97214,-0.888385,0
5.43007,1.98239,-0.882619,0
5.43016,1.9725,-0.867919,0
5.43024,1.97351,-0.858108,0
5.43033,1.97081,-0.846726,0
5.43042,1.96896,-0.835774,0
5.4305,1.97074,-0.826401,0
5.43059,1.96509,-0.813968,0
5.43068,1.97603,-0.808415,0
5.43077,1.97397,-0.797537,0
5.43085,1.97651,-0.788546,0
5.43094,1.96876,-0.775517,0
5.43103,1.97399,-0.767644,0
5.43112,1.97546,-0.758307,0
5.4312,1.96846,-0.745783,0
5.43129,1.97544,-0.738587,0
5.43138,1.97302,-0.727884,0
5.43146,1.97148,-0.717558,0
5.43155,1.97553,-0.709287,0
5.43164,1.97389,-0.698992,0
5.43173,1.97503,-0.689713,0
5.43181,1.96762,-0.677507,0
5.4319,1.97719,-0.671166,0
5.43199,1.97251,-0.659994,0
5.43208,1.98107,-0.65326,0
5.43216,1.97725,-0.642446,0
5.43225,1.98098,-0.634118,0
5.43234,1.97229,-0.62186,0
5.43242,1.97498,-0.613248,0
5.43251,1.97381,-0.603455,0
5.4326,1.97068,-0.593108,0
5.43269,1.97613,-0.585356,0
5.43277,1.98346,-0.578127,0
5.43286,1.97828,-0.567262,0
5.43295,1.97496,-0.556996,0
5.43304,1.97159,-0.54677,0
5.43312,1.97781,-0.539214,0
5.43321,1.97822,-0.530061,0
5.4333,1.97567,-0.520152,0
5.43338,1.97986,-0.512027,0
5.43347,1.97529,-0.50166,0
5.43356,1.97843,-0.493279,0
5.43365,1.97474,-0.483215,0
5.43373,1.98752,-0.477162,0
5.43382,1.97596,-0.465277,0
5.43391,1.977,-0.456426,0
5.434,1.98287,-0.448678,0
5.43408,1.9809,-0.439156,0
5.43417,1.97498,-0.428811,0
5.43426,1.97781,-0.420397,0
5.43434,1.97963,-0.411764,0
5.43443,1.98827,-0.404518,0
5.43452,1.98217,-0.394278,0
5.43461,1.98681,-0.386197,0
5.43469,1.98062,-0.376033,0
5.43478,1.98028,-0.367022,0
5.43487,1.98776,-0.359446,0
5.43496,1.97651,-0.348512,0
5.43504,1.98097,-0.340393,0
5.43513,1.9775,-0.330921,0
5.43522,1.99176,-0.324379,0
5.4353,1.97933,-0.313495,0
5.43539,1.99353,-0.306833,0
5.43548,1.98594,-0.296801,0
5.43557,1.96743,-0.285263,0
5.43565,1.76367,-0.247867,0
5.43574,1.69537,-0.23073,0
5.43583,1.68546,-0.221895,0
5.43592,1.68938,-0.214917,0
5.436,1.69626,-0.208275,0
5.43609,1.75575,-0.207806,0
5.43618,1.78942,-0.203879,0
5.43626,1.6889,-0.184965,0
5.43635,1.67676,-0.176235,0
5.43644,1.66657,-0.167815,0
5.43653,1.66928,-0.160733,0
5.43661,1.65602,-0.152167,0
5.4367,1.66165,-0.145376,0
5.43679,1.65729,-0.13771,0
5.43688,1.65588,-0.130321,0
5.43696,1.65643,-0.123094,0
5.43705,1.65596,-0.115796,0
5.43714,1.65844,-0.1087,0
5.43722,1.64792,-0.100791,0
5.43731,1.63836,-0.0930329,0
5.4374,1.64175,-0.0860404,0
5.43749,1.6501,-0.0792599,0
5.43757,1.64743,-0.0719284,0
5.43766,1.64673,-0.0647002,0
5.43775,1.65099,-0.057654,0
5.43784,1.66222,-0.0507856,0
5.43792,1.65743,-0.0434014,0
5.43801,1.6596,-0.0362127,0
5.4381,1.66075,-0.0289885,0
5.43818,1.67286,-0.0218989,0
5.43827,1.67294,-0.0145995,0
5.43836,1.68698,-0.00736094,0
5.43845,1.688,-4.08739e-08,0
5.43853,1.68198,0.00733905,0
5.43862,1.68494,0.0147042,0
5.43871,1.68286,0.0220297,0
5.4388,1.69074,0.029512,0
5.43888,1.6856,0.0367799,0
5.43897,1.68142,0.0440296,0
5.43906,1.68721,0.051549,0
5.43914,1.68997,0.059015,0
5.43923,1.6857,0.0662313,0
5.43932,1.68939,0.0737603,0
5.43941,1.69904,0.0816108,0
5.43949,1.68569,0.0883431,0
5.43958,1.68728,0.0958108,0
5.43967,1.68984,0.103355,0
5.43976,1.69337,0.110989,0
5.43984,1.68987,0.118167,0
5.43993,1.68735,0.125392,0
5.44002,1.68878,0.13291,0
5.4401,1.70114,0.141354,0
5.44019,1.68656,0.147555,0
5.44028,1.69187,0.155461,0
5.44037,1.68919,0.16265,0
5.44045,1.69244,0.17042,0
5.44054,1.69268,0.177907,0
5.44063,1.68791,0.184856,0
5.44071,1.6841,0.191879,0
5.4408,1.69219,0.200284,0
5.44089,1.69527,0.208153,0
5.44098,1.69534,0.215674,0
5.44106,1.69636,0.22333,0
5.44115,1.69537,0.23073,0
5.44124,1.69732,0.238543,0
5.44133,1.69824,0.246233,0
5.44141,1.7021,0.25438,0
5.4415,1.69702,0.261196,0
5.44159,1.69981,0.269224,0
5.44167,1.70059,0.276959,0
5.44176,1.70233,0.284872,0
5.44185,1.70403,0.292805,0
5.44194,1.69879,0.299543,0
5.44202,1.69452,0.306419,0
5.44211,1.70005,0.315085,0
5.4422,1.69276,0.321381,0
5.44229,1.69036,0.328573,0
5.44237,1.70166,0.338482,0
5.44246,1.69919,0.345704,0
5.44255,1.70746,0.355151,0
5.44263,1.69709,0.360727,0
5.44272,1.70234,0.369613,0
5.44281,1.70559,0.37812,0
5.4429,1.7127,0.387545,0
5.44298,1.73438,0.400413,0
5.44307,1.76474,0.41554,0
5.44316,1.81736,0.436309,0
5.44325,1.87275,0.458258,0
5.44333,1.92992,0.481183,0
5.44342,1.96366,0.498707,0
5.44351,1.98373,0.513029,0
5.44359,1.97954,0.52117,0
5.44368,1.98015,0.530579,0
5.44377,1.98746,0.541844,0
5.44386,1.98219,0.549709,0
5.44394,1.97977,0.558353,0
5.44403,1.99654,0.572499,0
5.44412,1.99018,0.580085,0
5.44421,1.98955,0.589332,0
5.44429,1.98792,0.598295,0
5.44438,1.9939,0.609595,0
5.44447,1.99122,0.618289,0
5.44455,1.98755,0.626671,0
5.44464,1.99051,0.637166,0
5.44473,1.99151,0.647082,0
5.44482,1.98962,0.656078,0
5.4449,1.99243,0.666657,0
5.44499,1.98382,0.673416,0
5.44508,1.98937,0.684995,0
5.44517,1.98731,0.693999,0
5.44525,1.98615,0.703331,0
5.44534,1.98118,0.711315,0
5.44543,1.98369,0.722004,0
5.44551,1.99178,0.734806,0
5.4456,1.98949,0.74384,0
5.44569,1.99838,0.75712,0
5.44578,1.99973,0.767624,0
5.44586,1.9917,0.77453,0
5.44595,1.9883,0.783213,0
5.44604,1.98765,0.792993,0
5.44613,1.99066,0.80428,0
5.44621,1.99084,0.814473,0
5.4463,1.99466,0.826213,0
5.44639,1.99564,0.836842,0
5.44647,1.99657,0.847496,0
5.44656,1.99745,0.858173,0
5.44665,1.9891,0.864887,0
5.44674,1.99172,0.876377,0
5.44682,1.99701,0.889126,0
5.44691,1.99402,0.898242,0
5.447,1.98736,0.90569,0
5.44709,1.98429,0.914771,0
5.44717,1.9966,0.931028,0
5.44726,1.99975,0.943143,0
5.44735,1.9902,0.949277,0
5.44743,1.99054,0.960124,0
5.44752,1.99802,0.974499,0
5.44761,2.00361,0.988073,0
5.4477,1.99302,0.993682,0
5.44778,2.00474,1.01047,0
5.44787,2.0012,1.01966,0
5.44796,2.00207,1.03113,0
5.44805,2.01351,1.04817,0
5.44813,2.02131,1.06346,0
5.44822,2.02372,1.07603,0
5.44831,2.03926,1.09573,0
5.44839,2.05204,1.11417,0
5.44848,2.04453,1.12167,0
5.44857,2.02562,1.12282,0
5.44866,2.03902,1.14191,0
5.44874,2.05056,1.16015,0
5.44883,2.09844,1.19936,0
5.44892,2.09232,1.208,0
5.44901,2.09394,1.22115,0
5.44909,2.0929,1.23281,0
5.44918,2.07633,1.23528,0
5.44927,2.05034,1.23197,0
5.44935,2.05692,1.24817,0
5.44944,2.05827,1.26131,0
5.44953,2.06466,1.27765,0
5.44962,2.07093,1.29406,0
5.4497,2.09487,1.32176,0
5.44979,2.08992,1.33143,0
5.44988,2.08578,1.34162,0
5.44997,2.06984,1.34417,0
5.45005,2.07232,1.35867,0
5.45014,2.08555,1.38039,0
5.45023,2.08117,1.39059,0
5.45031,2.07094,1.39686,0
5.4504,2.06647,1.40701,0
5.45049,2.0735,1.42508,0
5.45058,2.05494,1.42556,0
5.45066,2.0446,1.43165,0
5.45075,2.04569,1.44575,0
5.45084,2.03936,1.45466,0
5.45093,2.03949,1.46822,0
5.45101,2.04196,1.48357,0
5.4511,2.03385,1.49128,0
5.45119,2.03054,1.50252,0
5.45127,2.03679,1.52094,0
5.45136,2.04131,1.53824,0
5.45145,2.04891,1.55803,0
5.45154,2.07859,1.59495,0
5.45162,2.07003,1.60278,0
5.45171,2.06774,1.6155,0
5.4518,2.0701,1.63193,0
5.45189,2.05826,1.63721,0
5.45197,2.0394,1.63679,0
5.45206,2.01903,1.63497,0
5.45215,2.01187,1.64377,0
5.45223,2.00314,1.65126,0
5.45232,2.00437,1.66702,0
5.45241,1.99938,1.67768,0
5.4525,2.00043,1.69349,0
5.45258,1.99607,1.7048,0
5.45267,2.00452,1.7272,0
5.45276,1.99545,1.73462,0
5.45284,2.00215,1.75584,0
5.45293,2.00421,1.77317,0
5.45302,2.0054,1.78989,0
5.45311,1.99832,1.79929,0
5.45319,2.00303,1.81942,0
5.45328,2.00171,1.83423,0
5.45337,1.99222,1.84159,0
5.45346,2.00172,1.86663,0
5.45354,2.00739,1.88836,0
5.45363,1.99841,1.89642,0
5.45372,2.006,1.92033,0
5.4538,2.00264,1.93393,0
5.45389,2.00708,1.95521,0
5.45398,2.00566,1.97096,0
5.45407,2.00982,1.99236,0
5.45415,2.00465,2.00465,0
5.45424,2.00574,2.02332,0
5.45433,2.01161,2.04703,0
5.45442,2.00754,2.0608,0
5.4545,2.01312,2.08465,0
5.45459,2.01161,2.10136,0
5.45468,2.01275,2.12099,0
5.45476,2.00827,2.13486,0
5.45485,2.01121,2.15676,0
5.45494,2.00857,2.17286,0
5.45503,2.01393,2.19782,0
5.45511,2.01912,2.22287,0
5.4552,2.02144,2.24504,0
5.45529,2.01696,2.25981,0
5.45538,2.00509,2.26634,0
5.45546,1.9932,2.27281,0
5.45555,1.97408,2.27092,0
5.45564,1.95502,2.26891,0
5.45572,1.93795,2.26905,0
5.45581,1.92222,2.27062,0
5.4559,1.89879,2.2629,0
5.45599,1.88571,2.26731,0
5.45607,1.86943,2.2678,0
5.45616,1.85066,2.2651,0
5.45625,1.83824,2.27004,0
5.45634,1.82332,2.2718,0
5.45642,1.80778,2.27269,0
5.45651,1.78299,2.26171,0
5.4566,1.77926,2.27735,0
5.45668,1.754,2.26533,0
5.45677,1.74106,2.26899,0
5.45686,1.7269,2.27099,0
5.45695,1.70976,2.26892,0
5.45703,1.69206,2.26595,0
5.45712,1.678,2.26768,0
5.45721,1.66572,2.27175,0
5.4573,1.65226,2.27415,0
5.45738,1.63006,2.26429,0
5.45747,1.61377,2.26243,0
5.45756,1.60562,2.2719,0
5.45764,1.58995,2.27069,0
5.45773,1.57604,2.27185,0
5.45782,1.55932,2.26882,0
5.45791,1.54771,2.27312,0
5.45799,1.52995,2.26825,0
5.45808,1.5106,2.26077,0
5.45817,1.49851,2.264,0
5.45826,1.48642,2.26717,0
5.45834,1.47978,2.27867,0
5.45843,1.46063,2.27081,0
5.45852,1.45017,2.27631,0
5.4586,1.43115,2.26824,0
5.45869,1.417,2.26768,0
5.45878,1.3971,2.25769,0
5.45887,1.3794,2.25097,0
5.45895,1.17087,1.92954,0
5.45904,1.17944,1.96291,0
5.45913,1.12229,1.8864,0
5.45922,1.09679,1.86198,0
5.4593,1.0806,1.85293,0
5.45939,1.0695,1.85243,0
5.45948,1.05744,1.85013,0
5.45956,1.04935,1.85473,0
5.45965,1.03392,1.8462,0
5.45974,1.01907,1.83845,0
5.45983,1.01344,1.84726,0
5.45991,0.998216,1.83849,0
5.46,0.986872,1.83666,0
5.46009,0.973215,1.83035,0
5.46018,0.965219,1.83458,0
5.46026,0.95582,1.83611,0
5.46035,0.938642,1.82249,0
5.46044,0.934313,1.83369,0
5.46052,0.919101,1.82346,0
5.46061,0.909351,1.82388,0
5.4607,0.898731,1.82245,0
5.46079,0.89077,1.82635,0
5.46087,0.878883,1.82211,0
5.46096,0.873077,1.83044,0
5.46105,0.862522,1.82881,0
5.46114,0.851576,1.82621,0
5.46122,0.844437,1.83172,0
5.46131,0.83146,1.82447,0
5.4614,0.825545,1.83264,0
5.46148,0.820388,1.84262,0
5.46157,0.808715,1.83795,0
5.46166,0.799093,1.83779,0
5.46175,0.780409,1.81645,0
5.46183,0.765833,1.80419,0
5.46192,0.761434,1.81581,0
5.46201,0.746998,1.80341,0
5.4621,0.744045,1.81869,0
5.46218,0.731232,1.80986,0
5.46227,0.722587,1.81118,0
5.46236,0.733736,1.8627,0
5.46244,0.790115,2.03178,0
5.46253,0.791993,2.06321,0
5.46262,0.787943,2.07974,0
5.46271,0.69201,1.85086,0
5.46279,0.787763,2.13532,0
5.46288,0.781858,2.14814,0
5.46297,0.770112,2.14494,0
5.46306,0.656932,1.85512,0
5.46314,0.647842,1.85513,0
5.46323,0.636811,1.84943,0
5.46332,0.628414,1.85125,0
5.4634,0.624138,1.86535,0
5.46349,0.70775,2.14632,0
5.46358,0.605982,1.86502,0
5.46367,0.598144,1.8686,0
5.46375,0.586076,1.85879,0
5.46384,0.580628,1.86993,0
5.46393,0.569833,1.86384,0
5.46402,0.561695,1.86631,0
5.4641,0.554682,1.87257,0
5.46419,0.6215,2.13227,0
5.46428,0.610261,2.12823,0
5.46436,0.599883,2.12703,0
5.46445,0.590597,2.12962,0
5.46454,0.576828,2.11578,0
5.46463,0.566814,2.11538,0
5.46471,0.553759,2.10332,0
5.4648,0.541322,2.09314,0
5.46489,0.525783,2.07028,0
5.46498,0.520374,2.08711,0
5.46506,0.510074,2.0845,0
5.46515,0.497005,2.07018,0
5.46524,0.488426,2.07427,0
5.46532,0.476446,2.06372,0
5.46541,0.472293,2.08723,0
5.4655,0.457986,2.06584,0
5.46559,0.450453,2.07466,0
5.46567,0.437446,2.05802,0
5.46576,0.426833,2.05208,0
5.46585,0.415682,2.04314,0
5.46593,0.406763,2.04494,0
5.46602,0.395166,2.03295,0
5.46611,0.382001,2.01206,0
5.4662,0.373036,2.01272,0
5.46628,0.361937,2.00154,0
5.46637,0.350943,1.9903,0
5.46646,0.342933,1.99575,0
5.46655,0.331086,1.97849,0
5.46663,0.319556,1.96215,0
5.46672,0.312087,1.97044,0
5.46681,0.300292,1.95103,0
5.46689,0.293106,1.96122,0
5.46698,0.284259,1.9605,0
5.46707,0.273336,1.94489,0
5.46716,0.263768,1.93813,0
5.46724,0.25557,1.94125,0
5.46733,0.246214,1.9354,0
5.46742,0.238255,1.94043,0
5.46751,0.229903,1.94244,0
5.46759,0.221992,1.94839,0
5.46768,0.211528,1.93145,0
5.46777,0.203412,1.93534,0
5.46785,0.193764,1.92427,0
5.46794,0.184311,1.91415,0
5.46803,0.176232,1.91792,0
5.46812,0.168298,1.92365,0
5.4682,0.159157,1.9154,0
5.46829,0.150328,1.91009,0
5.46838,0.141992,1.91073,0
5.46847,0.134002,1.91632,0
5.46855,0.125116,1.9089,0
5.46864,0.116664,1.90744,0
5.46873,0.107886,1.89994,0
5.46881,0.0997001,1.90239,0
5.4689,0.0911585,1.89781,0
5.46899,0.0827024,1.8942,0
5.46908,0.0744759,1.89554,0
5.46916,0.066344,1.89984,0
5.46925,0.0576873,1.88812,0
5.46934,0.049841,1.90335,0
5.46943,0.0413611,1.89555,0
5.46951,0.0330026,1.89071,0
5.4696,0.0245562,1.87584,0
5.46969,0.016406,1.87993,0
5.46977,0.00809837,1.85598,0
5.46986,6.70163e-08,1.842,0
5.46995,-0.00805024,1.84498,0
5.47004,-0.0161004,1.84493,0
5.47012,-0.0242288,1.85084,0
5.47021,-0.0323043,1.85072,0
5.4703,-0.0403793,1.85056,0
5.47039,-0.0484273,1.84937,0
5.47047,-0.0564046,1.84614,0
5.47056,-0.0644942,1.84687,0
5.47065,-0.068312,1.73866,0
5.47073,-0.0748072,1.71337,0
5.47082,-0.0813708,1.69405,0
5.47091,-0.088186,1.68269,0
5.471,-0.0953005,1.6783,0
5.47108,-0.101646,1.66189,0
5.47117,-0.10713,1.63449,0
5.47126,-0.113843,1.62802,0
5.47135,-0.122872,1.65344,0
5.47143,-0.128124,1.62797,0
5.47152,-0.136219,1.63935,0
5.47161,-0.142761,1.63177,0
5.47169,-0.151069,1.64407,0
5.47178,-0.157858,1.63942,0
5.47187,-0.162705,1.61583,0
5.47196,-0.169545,1.61311,0
5.47204,-0.174731,1.59546,0
5.47213,-0.184634,1.62052,0
5.47222,-0.191939,1.62168,0
5.47231,-0.197306,1.60693,0
5.47239,-0.203937,1.60308,0
5.47248,-0.211452,1.60614,0
5.47257,-0.21684,1.59331,0
5.47265,-0.223512,1.59037,0
5.47274,-0.231023,1.59334,0
5.47283,-0.236495,1.58243,0
5.47292,-0.242485,1.57545,0
5.473,-0.250139,1.57931,0
5.47309,-0.259117,1.59104,0
5.47318,-0.265727,1.58792,0
5.47327,-0.272145,1.58379,0
5.47335,-0.277142,1.57175,0
5.47344,-0.284888,1.57545,0
5.47353,-0.292123,1.57616,0
5.47361,-0.297319,1.56603,0
5.4737,-0.304722,1.56766,0
5.47379,-0.311754,1.56729,0
5.47388,-0.315998,1.55318,0
5.47396,-0.324198,1.55864,0
5.47405,-0.331619,1.56015,0
5.47414,-0.335453,1.545,0
5.47423,-0.338295,1.52595,0
5.47431,-0.348481,1.54007,0
5.4744,-0.358797,1.55412,0
5.47449,-0.364658,1.54865,0
5.47457,-0.372812,1.55287,0
5.47466,-0.375781,1.53569,0
5.47475,-0.383688,1.53889,0
5.47484,-0.390645,1.53817,0
5.47492,-0.396602,1.53355,0
5.47501,-0.403544,1.53277,0
5.4751,-0.412816,1.54065,0
5.47519,-0.420061,1.54077,0
5.47527,-0.428918,1.54663,0
5.47536,-0.437019,1.54955,0
5.47545,-0.443776,1.54763,0
5.47553,-0.452763,1.55336,0
5.47562,-0.458685,1.54849,0
5.47571,-0.453621,1.50722,0
5.4758,-0.407274,1.33213,0
5.47588,-0.397366,1.27973,0
5.47597,-0.401442,1.27321,0
5.47606,-0.403945,1.26192,0
5.47615,-0.403576,1.24208,0
5.47623,-0.405547,1.22986,0
5.47632,-0.407736,1.2186,0
5.47641,-0.40855,1.20355,0
5.47649,-0.412169,1.19703,0
5.47658,-0.426949,1.2226,0
5.47667,-0.483018,1.364,0
5.47676,-0.561617,1.56423,0
5.47684,-0.57562,1.5815,0
5.47693,-0.582515,1.57898,0
5.47702,-0.59115,1.5811,0
5.47711,-0.600878,1.58599,0
5.47719,-0.603492,1.57215,0
5.47728,-0.301911,0.776363,0
5.47737,-0.317757,0.806672,0
5.47745,-0.309045,0.774627,0
5.47754,-0.306428,0.758436,0
5.47763,-0.301783,0.737656,0
5.47772,-0.301555,0.728017,0
5.4778,-0.302021,0.720239,0
5.47789,-0.300863,0.708789,0
5.47798,-0.300005,0.698281,0
5.47806,-0.299859,0.689629,0
5.47815,-0.301657,0.685568,0
5.47824,-0.298951,0.671456,0
5.47833,-0.30311,0.67288,0
5.47841,-0.306873,0.673371,0
5.4785,-0.301854,0.654771,0
5.47859,-0.298791,0.64076,0
5.47868,-0.30457,0.645781,0
5.47876,-0.304802,0.63903,0
5.47885,-0.304981,0.63229,0
5.47894,-0.305983,0.627358,0
5.47902,-0.305621,0.619739,0
5.47911,-0.302522,0.606766,0
5.4792,-0.302466,0.600082,0
5.47929,-0.30372,0.596083,0
5.47937,-0.304028,0.590307,0
5.47946,-0.303369,0.582766,0
5.47955,-0.306374,0.582322,0
5.47964,-0.299523,0.563321,0
5.47972,-0.301978,0.562008,0
5.47981,-0.303473,0.558928,0
5.4799,-0.302542,0.551461,0
5.47998,-0.303006,0.546637,0
5.48007,-0.303922,0.542692,0
5.48016,-0.302348,0.534398,0
5.48025,-0.30815,0.539151,0
5.48033,-0.3015,0.522213,0
5.48042,-0.302768,0.519165,0
5.48051,-0.301985,0.512669,0
5.4806,-0.311377,0.523379,0
5.48068,-0.309538,0.515158,0
5.48077,-0.310745,0.512092,0
5.48086,-0.304094,0.496237,0
5.48094,-0.296258,0.478748,0
5.48103,-0.272378,0.435897,0
5.48112,-0.248664,0.394109,0
5.48121,-0.2348,0.368562,0
5.48129,-0.233701,0.363329,0
5.48138,-0.220034,0.338823,0
5.48147,-0.230831,0.352076,0
5.48156,-0.224086,0.338558,0
5.48164,-0.221117,0.330925,0
5.48173,-0.226473,0.33576,0
5.48182,-0.22062,0.324023,0
5.4819,-0.223164,0.324706,0
5.48199,-0.219449,0.316334,0
5.48208,-0.227136,0.324384,0
5.48217,-0.235475,0.33319,0
5.48225,-0.235765,0.330531,0
5.48234,-0.22552,0.313268,0
5.48243,-0.225122,0.309853,0
5.48252,-0.232976,0.317739,0
5.4826,-0.233765,0.315916,0
5.48269,-0.234543,0.314092,0
5.48278,-0.249753,0.331434,0
5.48286,-0.233038,0.306461,0
5.48295,-0.231329,0.301474,0
5.48304,-0.233255,0.301253,0
5.48313,-0.233951,0.299444,0
5.48321,-0.23216,0.294494,0
5.4833,-0.234688,0.295043,0
5.48339,-0.236599,0.294796,0
5.48348,-0.236624,0.292207,0
5.48356,-0.232836,0.284977,0
5.48365,-0.235985,0.286273,0
5.48374,-0.23915,0.287547,0
5.48382,-0.228832,0.272712,0
5.48391,-0.233897,0.27629,0
5.484,-0.234451,0.274507,0
5.48409,-0.240216,0.278784,0
5.48417,-0.237493,0.273205,0
5.48426,-0.23209,0.264648,0
5.48435,-0.235893,0.266628,0
5.48444,-0.237054,0.265596,0
5.48452,-0.240218,0.266789,0
5.48461,-0.225915,0.248713,0
5.4847,-0.210784,0.230031,0
5.48478,-0.211107,0.228374,0
5.48487,-0.205281,0.220137,0
5.48496,-0.301481,0.320483,0
5.48505,-0.170712,0.179893,0
5.48513,-0.165963,0.173367,0
5.48522,-0.140321,0.145307,0
5.48531,-0.124904,0.128218,0
5.4854,-0.06168,0.062766,0
5.48548,-0.104194,0.105107,0
5.48557,-0.0806102,0.0806102,0
