7200
3141
2.74017
2.75587,-0.0480833,-0.0480833,0
2.75596,-0.0450569,-0.0454519,0
2.75605,-0.0511664,-0.0520673,0
2.75614,-0.0746636,-0.0766443,0
2.75622,-0.0444581,-0.0460377,0
2.75631,-0.076758,-0.0801824,0
2.7564,-0.106007,-0.111708,0
2.75649,-0.145259,-0.154415,0
2.75657,-0.283711,-0.304243,0
2.75666,-0.185313,-0.20047,0
2.75675,-0.202001,-0.220446,0
2.75683,-0.211123,-0.232428,0
2.75692,-0.234865,-0.260844,0
2.75701,-0.232393,-0.260374,0
2.7571,-0.223303,-0.252398,0
2.75718,-0.224837,-0.256377,0
2.75727,-0.225028,-0.258865,0
2.75736,-0.237605,-0.275754,0
2.75745,-0.221462,-0.259298,0
2.75753,-0.225497,-0.266368,0
2.75762,-0.233975,-0.27884,0
2.75771,-0.22828,-0.274477,0
2.75779,-0.234077,-0.283958,0
2.75788,-0.227774,-0.278781,0
2.75797,-0.236624,-0.292207,0
2.75806,-0.239103,-0.297916,0
2.75814,-0.23282,-0.292695,0
2.75823,-0.231541,-0.293709,0
2.75832,-0.229026,-0.29314,0
2.75841,-0.2155,-0.278323,0
2.75849,-0.220372,-0.287194,0
2.75858,-0.227591,-0.299297,0
2.75867,-0.204617,-0.271536,0
2.75875,-0.213004,-0.285246,0
2.75884,-0.222464,-0.300642,0
2.75893,-0.21228,-0.289514,0
2.75902,-0.221007,-0.30419,0
2.7591,-0.226689,-0.314891,0
2.75919,-0.217183,-0.304479,0
2.75928,-0.216429,-0.306241,0
2.75937,-0.213944,-0.305544,0
2.75945,-0.218879,-0.315512,0
2.75954,-0.215234,-0.313168,0
2.75963,-0.221182,-0.32485,0
2.75971,-0.223677,-0.331615,0
2.7598,-0.226673,-0.33924,0
2.75989,-0.225742,-0.341059,0
2.75998,-0.216028,-0.329497,0
2.76006,-0.221123,-0.3405,0
2.76015,-0.223422,-0.347349,0
2.76024,-0.208472,-0.327236,0
2.76033,-0.225185,-0.356897,0
2.76041,-0.222036,-0.355332,0
2.7605,-0.217326,-0.351195,0
2.76059,-0.219972,-0.358962,0
2.76067,-0.218404,-0.359918,0
2.76076,-0.224042,-0.372868,0
2.76085,-0.221901,-0.372982,0
2.76094,-0.218749,-0.371362,0
2.76102,-0.219645,-0.376632,0
2.76111,-0.222,-0.384515,0
2.7612,-0.218335,-0.382007,0
2.76129,-0.22356,-0.395141,0
2.76137,-0.222323,-0.396986,0
2.76146,-0.224952,-0.405824,0
2.76155,-0.216926,-0.395404,0
2.76163,-0.214244,-0.394589,0
2.76172,-0.228613,-0.42547,0
2.76181,-0.223938,-0.421166,0
2.7619,-0.216045,-0.410634,0
2.76198,-0.21379,-0.410686,0
2.76207,-0.225274,-0.437396,0
2.76216,-0.225633,-0.44283,0
2.76225,-0.220548,-0.43756,0
2.76233,-0.223545,-0.448362,0
2.76242,-0.220702,-0.44754,0
2.76251,-0.222254,-0.455689,0
2.76259,-0.22287,-0.462058,0
2.76268,-0.21913,-0.459416,0
2.76277,-0.224375,-0.475743,0
2.76286,-0.234131,-0.502095,0
2.76294,-0.234868,-0.509468,0
2.76303,-0.237205,-0.520498,0
2.76312,-0.233288,-0.517881,0
2.76321,-0.233467,-0.524375,0
2.76329,-0.227552,-0.517151,0
2.76338,-0.223299,-0.513554,0
2.76347,-0.217899,-0.507173,0
2.76355,-0.214902,-0.506278,0
2.76364,-0.215785,-0.514588,0
2.76373,-0.216599,-0.522916,0
2.76382,-0.215451,-0.526633,0
2.7639,-0.218021,-0.539621,0
2.76399,-0.215294,-0.539638,0
2.76408,-0.214037,-0.543364,0
2.76417,-0.213476,-0.548953,0
2.76425,-0.216813,-0.564816,0
2.76434,-0.215763,-0.569497,0
2.76443,-0.216078,-0.577927,0
2.76451,-0.21217,-0.575111,0
2.7646,-0.214105,-0.588248,0
2.76469,-0.211198,-0.588235,0
2.76478,-0.216641,-0.611774,0
2.76486,-0.217926,-0.624043,0
2.76495,-0.214549,-0.623097,0
2.76504,-0.213436,-0.628762,0
2.76513,-0.213863,-0.63917,0
2.76521,-0.212638,-0.644846,0
2.7653,-0.216621,-0.666691,0
2.76539,-0.213405,-0.666677,0
2.76547,-0.215606,-0.683815,0
2.76556,-0.227447,-0.7325,0
2.76565,-0.209046,-0.683758,0
2.76574,-0.204331,-0.678918,0
2.76582,-0.614893,-2.07584,0
2.76591,-0.60527,-2.07659,0
2.766,-0.593723,-2.07056,0
2.76609,-0.585226,-2.07505,0
2.76617,-0.576433,-2.07855,0
2.76626,-0.564202,-2.06947,0
2.76635,-0.555685,-2.07384,0
2.76643,-0.544594,-2.06851,0
2.76652,-0.537315,-2.07764,0
2.76661,-0.528737,-2.08191,0
2.7667,-0.516503,-2.07158,0
2.76678,-0.506509,-2.06993,0
2.76687,-0.49934,-2.0799,0
2.76696,-0.487051,-2.06843,0
2.76704,-0.477796,-2.06956,0
2.76713,-0.468761,-2.07163,0
2.76722,-0.459934,-2.07463,0
2.76731,-0.448756,-2.06684,0
2.76739,-0.438486,-2.06291,0
2.76748,-0.428666,-2.06089,0
2.76757,-0.420068,-2.0647,0
2.76766,-0.413787,-2.08025,0
2.76774,-0.401462,-2.06534,0
2.76783,-0.394312,-2.0769,0
2.76792,-0.383059,-2.0668,0
2.768,-0.374927,-2.07337,0
2.76809,-0.363272,-2.06022,0
2.76818,-0.355465,-2.06868,0
2.76827,-0.34594,-2.06725,0
2.76835,-0.336273,-2.0648,0
2.76844,-0.326792,-2.06328,0
2.76853,-0.319611,-2.07655,0
2.76862,-0.310252,-2.07594,0
2.7687,-0.300617,-2.07332,0
2.76879,-0.289619,-2.06075,0
2.76888,-0.280895,-2.06397,0
2.76896,-0.270711,-2.05626,0
2.76905,-0.26262,-2.06436,0
2.76914,-0.253488,-2.0645,0
2.76923,-0.245183,-2.07154,0
2.76931,-0.23501,-2.06266,0
2.7694,-0.22677,-2.07062,0
2.76949,-0.216688,-2.06164,0
2.76958,-0.208191,-2.06754,0
2.76966,-0.199647,-2.07341,0
2.76975,-0.189957,-2.06729,0
2.76984,-0.1805,-2.06312,0
2.76992,-0.171165,-2.0599,0
2.77001,-0.162567,-2.06561,0
2.7701,-0.153923,-2.07129,0
2.77019,-0.144745,-2.06995,0
2.77027,-0.135254,-2.06357,0
2.77036,-0.126126,-2.06215,0
2.77045,-0.116674,-2.05469,0
2.77054,-0.107864,-2.05818,0
2.77062,-0.0986431,-2.05363,0
2.77071,-0.0900741,-2.06303,0
2.7708,-0.0812286,-2.0674,0
2.77088,-0.0721024,-2.06474,0
2.77097,-0.0629704,-2.06104,0
2.77106,-0.0540031,-2.06229,0
2.77115,-0.045135,-2.06851,0
2.77123,-0.0359345,-2.05869,0
2.77132,-0.0269515,-2.05882,0
2.77141,-0.0180116,-2.06392,0
2.7715,-0.00899281,-2.06098,0
2.77158,-2.49361e-08,-2.07,0
2.77167,0.00897094,-2.05598,0
2.77176,0.0180115,-2.06392,0
2.77184,0.0269253,-2.05682,0
2.77193,0.0359694,-2.06069,0
2.77202,0.0448296,-2.05451,0
2.77211,0.0537151,-2.0513,0
2.77219,0.0625734,-2.04804,0
2.77228,0.0721023,-2.06474,0
2.77237,0.0811108,-2.06441,0
2.77246,0.090074,-2.06303,0
2.77254,0.0990748,-2.06262,0
2.77263,0.107917,-2.05917,0
2.77272,0.117581,-2.07066,0
2.7728,0.125699,-2.05516,0
2.77289,0.134861,-2.05759,0
2.77298,0.144047,-2.05997,0
2.77307,0.153108,-2.06032,0
2.77315,0.161783,-2.05564,0
2.77324,0.171827,-2.06787,0
2.77333,0.179889,-2.05615,0
2.77342,0.189317,-2.06032,0
2.7735,0.197346,-2.04952,0
2.77359,0.207189,-2.0576,0
2.77368,0.215642,-2.0517,0
2.77376,0.225354,-2.0577,0
2.77385,0.234444,-2.05769,0
2.77394,0.244008,-2.06161,0
2.77403,0.252635,-2.05755,0
2.77411,0.26161,-2.05643,0
2.7742,0.27045,-2.05427,0
2.77429,0.280355,-2.06001,0
2.77438,0.289619,-2.06075,0
2.77446,0.299326,-2.06441,0
2.77455,0.306113,-2.04825,0
2.77464,0.316721,-2.05777,0
2.77472,0.325697,-2.05637,0
2.77481,0.33338,-2.04703,0
2.7749,0.344454,-2.05838,0
2.77499,0.350723,-2.04109,0
2.77507,0.361883,-2.05234,0
2.77516,0.371546,-2.05468,0
2.77525,0.380143,-2.05107,0
2.77534,0.390954,-2.05922,0
2.77542,0.400126,-2.05847,0
2.77551,0.408324,-2.05278,0
2.7756,0.41648,-2.04706,0
2.77568,0.426833,-2.05208,0
2.77577,0.438902,-2.06487,0
2.77586,0.445997,-2.05414,0
2.77595,0.455822,-2.05608,0
2.77603,0.465892,-2.05895,0
2.77612,0.475097,-2.05787,0
2.77621,0.484759,-2.0587,0
2.7763,0.493037,-2.05365,0
2.77638,0.503181,-2.05633,0
2.77647,0.512874,-2.05703,0
2.77656,0.520368,-2.04895,0
2.77664,0.529053,-2.0457,0
2.77673,0.539501,-2.04917,0
2.77682,0.548696,-2.04776,0
2.77691,0.558152,-2.04728,0
2.77699,0.568683,-2.05061,0
2.77708,0.57844,-2.05099,0
2.77717,0.589588,-2.05614,0
2.77726,0.596316,-2.04587,0
2.77734,0.605521,-2.0442,0
2.77743,0.618757,-2.05591,0
2.77752,0.625091,-2.04458,0
2.7776,0.638157,-2.0552,0
2.77769,0.645916,-2.04858,0
2.77778,0.656373,-2.05051,0
2.77787,0.66655,-2.05143,0
2.77795,0.678,-2.0561,0
2.77804,0.684109,-2.04459,0
2.77813,0.693988,-2.04442,0
2.77822,0.705832,-2.04988,0
2.7783,0.71411,-2.0449,0
2.77839,0.724361,-2.04553,0
2.77848,0.733617,-2.04329,0
2.77856,0.7415,-2.03725,0
2.77865,0.752112,-2.03869,0
2.77874,0.763452,-2.04195,0
2.77883,0.775897,-2.04795,0
2.77891,0.783392,-2.04081,0
2.779,0.794827,-2.04389,0
2.77909,0.807402,-2.04971,0
2.77918,0.816709,-2.0471,0
2.77926,0.827131,-2.04722,0
2.77935,0.837949,-2.04822,0
2.77944,0.84573,-2.04177,0
2.77952,0.857725,-2.04544,0
2.77961,0.869377,-2.04812,0
2.7797,0.875937,-2.0388,0
2.77979,0.891204,-2.04963,0
2.77987,0.897722,-2.04023,0
2.77996,0.912717,-2.05,0
2.78005,0.921242,-2.04508,0
2.78013,0.933889,-2.04923,0
2.78022,0.939891,-2.03878,0
2.78031,0.950891,-2.03919,0
2.7804,0.963192,-2.04226,0
2.78048,0.972955,-2.03984,0
2.78057,0.987494,-2.04729,0
2.78066,0.998609,-2.04745,0
2.78075,1.00665,-2.04128,0
2.78083,1.02045,-2.04671,0
2.78092,1.02667,-2.03688,0
2.78101,1.04418,-2.04931,0
2.78109,1.05174,-2.04207,0
2.78118,1.06433,-2.04456,0
2.78127,1.0751,-2.04344,0
2.78136,1.08777,-2.04579,0
2.78144,1.0981,-2.04367,0
2.78153,1.10844,-2.04149,0
2.78162,1.1183,-2.03839,0
2.78171,1.12864,-2.03611,0
2.78179,1.13507,-2.02681,0
2.78188,1.15079,-2.03402,0
2.78197,1.1671,-2.042,0
2.78205,1.1785,-2.04122,0
2.78214,1.19143,-2.04297,0
2.78223,1.20388,-2.04378,0
2.78232,1.21074,-2.03507,0
2.7824,1.22579,-2.04006,0
2.78249,1.23572,-2.0364,0
2.78258,1.25086,-2.04122,0
2.78267,1.25976,-2.03574,0
2.78275,1.27552,-2.04125,0
2.78284,1.28708,-2.0399,0
2.78293,1.29919,-2.03932,0
2.78301,1.31024,-2.037,0
2.7831,1.3202,-2.03294,0
2.78319,1.3318,-2.03134,0
2.78328,1.34728,-2.03552,0
2.78336,1.36115,-2.0371,0
2.78345,1.37282,-2.03529,0
2.78354,1.38619,-2.03589,0
2.78363,1.39676,-2.0323,0
2.78371,1.41359,-2.03768,0
2.7838,1.4219,-2.03068,0
2.78389,1.43882,-2.03589,0
2.78397,1.44769,-2.02959,0
2.78406,1.47114,-2.04354,0
2.78415,1.48181,-2.03953,0
2.78424,1.49483,-2.03869,0
2.78432,1.50193,-2.02974,0
2.78441,1.51256,-2.02557,0
2.7845,1.53342,-2.03492,0
2.78459,1.54592,-2.03299,0
2.78467,1.56026,-2.03336,0
2.78476,1.57524,-2.03444,0
2.78485,1.58594,-2.02992,0
2.78493,1.5985,-2.02769,0
2.78502,1.60982,-2.02382,0
2.78511,1.6299,-2.03082,0
2.7852,1.65008,-2.03768,0
2.78528,1.66022,-2.03201,0
2.78537,1.67607,-2.03323,0
2.78546,1.68684,-2.0282,0
2.78555,1.71174,-2.03998,0
2.78563,1.71998,-2.03172,0
2.78572,1.73792,-2.03485,0
2.78581,1.74613,-2.02649,0
2.78589,1.76874,-2.0347,0
2.78598,1.78287,-2.03297,0
2.78607,1.79769,-2.03192,0
2.78616,1.81253,-2.03077,0
2.78624,1.82539,-2.0273,0
2.78633,1.84027,-2.02598,0
2.78642,1.85044,-2.0194,0
2.78651,1.87213,-2.02526,0
2.78659,1.89391,-2.03097,0
2.78668,1.9096,-2.02997,0
2.78677,1.93015,-2.03395,0
2.78685,1.94592,-2.03273,0
2.78694,1.95685,-2.02638,0
2.78703,1.97405,-2.02642,0
2.78712,1.99058,-2.02563,0
2.7872,2.01067,-2.02829,0
2.78729,2.02233,-2.02233,0
2.78738,2.03184,-2.01419,0
2.78747,2.03419,-1.99899,0
2.78755,2.04003,-1.98731,0
2.78764,2.02494,-1.95546,0
2.78773,2.02623,-1.93969,0
2.78781,2.03322,-1.92946,0
2.7879,2.02778,-1.90755,0
2.78799,2.02439,-1.88777,0
2.78808,2.026,-1.87281,0
2.78816,2.02604,-1.85652,0
2.78825,2.0319,-1.84565,0
2.78834,2.02581,-1.82405,0
2.78843,2.02629,-1.80853,0
2.78851,2.01918,-1.78642,0
2.7886,2.02395,-1.77496,0
2.78869,2.02111,-1.75693,0
2.78877,2.02118,-1.74156,0
2.78886,2.0204,-1.72558,0
2.78895,2.02028,-1.71029,0
2.78904,2.02083,-1.69567,0
2.78912,2.0159,-1.67661,0
2.78921,2.01317,-1.65953,0
2.7893,2.01497,-1.6463,0
2.78939,2.02213,-1.63749,0
2.78947,2.016,-1.61801,0
2.78956,2.01522,-1.60298,0
2.78965,2.00413,-1.57993,0
2.78973,2.02361,-1.58102,0
2.78982,2.01784,-1.56238,0
2.78991,2.02146,-1.55112,0
2.79,2.0115,-1.52958,0
2.79008,2.01017,-1.51477,0
2.79017,2.01195,-1.50239,0
2.79026,2.00884,-1.48646,0
2.79035,2.01934,-1.48064,0
2.79043,2.01931,-1.46711,0
2.79052,2.01189,-1.44835,0
2.79061,2.00924,-1.43317,0
2.79069,2.01302,-1.42266,0
2.79078,2.00856,-1.40641,0
2.79087,2.01468,-1.39763,0
2.79096,2.00345,-1.37693,0
2.79104,2.00779,-1.36705,0
2.79113,2.00461,-1.35213,0
2.79122,2.01216,-1.34448,0
2.79131,2.01383,-1.33293,0
2.79139,2.00876,-1.317,0
2.79148,2.00526,-1.30223,0
2.79157,1.99915,-1.2859,0
2.79165,2.00727,-1.27877,0
2.79174,2.00184,-1.26307,0
2.79183,2.01242,-1.2575,0
2.79192,2.00853,-1.24292,0
2.792,2.00626,-1.22944,0
2.79209,2.00648,-1.21756,0
2.79218,2.00577,-1.20519,0
2.79226,2.0007,-1.19029,0
2.79235,1.99984,-1.178,0
2.79244,1.99805,-1.16523,0
2.79253,1.99619,-1.1525,0
2.79261,2.0012,-1.14378,0
2.7927,1.99398,-1.12814,0
2.79279,2.00063,-1.12041,0
2.79288,2.00375,-1.1107,0
2.79296,2.0042,-1.09954,0
2.79305,2.00458,-1.0884,0
2.79314,2.01107,-1.08059,0
2.79322,2.00341,-1.06523,0
2.79331,2.00627,-1.05555,0
2.7934,1.99666,-1.0394,0
2.79349,2.00029,-1.03022,0
2.79357,2.00031,-1.01921,0
2.79366,2.00117,-1.00867,0
2.79375,1.9966,-0.995467,0
2.79384,2.00361,-0.988073,0
2.79392,2.00341,-0.977129,0
2.79401,2.00045,-0.964903,0
2.7941,1.99652,-0.952291,0
2.79418,2.00156,-0.943997,0
2.79427,2.00566,-0.935254,0
2.79436,2.00064,-0.922307,0
2.79445,1.99555,-0.909422,0
2.79453,2.00041,-0.901117,0
2.79462,2.00341,-0.891974,0
2.79471,2.0027,-0.88121,0
2.7948,2.00836,-0.87326,0
2.79488,2.00113,-0.859752,0
2.79497,2.00486,-0.851012,0
2.79506,1.98919,-0.834136,0
2.79514,2.00112,-0.828892,0
2.79523,2.00194,-0.819017,0
2.79532,2.00179,-0.808776,0
2.79541,1.99323,-0.795216,0
2.79549,1.99668,-0.786512,0
2.79558,1.98704,-0.772718,0
2.79567,1.99319,-0.765116,0
2.79576,1.99932,-0.757474,0
2.79584,1.9998,-0.747693,0
2.79593,1.99459,-0.735845,0
2.79602,1.99403,-0.725767,0
2.7961,1.99435,-0.716046,0
2.79619,1.9984,-0.707671,0
2.79628,1.99392,-0.696307,0
2.79637,1.99221,-0.685972,0
2.79645,1.98477,-0.673737,0
2.79654,1.99432,-0.667292,0
2.79663,1.98962,-0.656078,0
2.79672,1.99056,-0.646773,0
2.7968,1.98765,-0.636252,0
2.79689,1.99231,-0.628174,0
2.79698,1.98453,-0.616213,0
2.79706,1.99581,-0.61018,0
2.79715,1.99271,-0.599737,0
2.79724,1.98859,-0.589048,0
2.79733,1.98634,-0.578966,0
2.79741,1.9975,-0.572774,0
2.7975,1.99517,-0.562696,0
2.79759,1.98412,-0.550244,0
2.79768,1.98457,-0.541055,0
2.79776,1.98401,-0.531614,0
2.79785,1.99405,-0.524989,0
2.79794,1.98277,-0.512778,0
2.79802,1.99177,-0.505845,0
2.79811,1.99202,-0.496666,0
2.7982,1.98931,-0.486781,0
2.79829,1.98363,-0.476229,0
2.79837,1.99153,-0.468944,0
2.79846,1.98284,-0.457775,0
2.79855,1.99067,-0.450443,0
2.79864,1.98871,-0.440888,0
2.79872,1.98085,-0.430084,0
2.79881,1.98662,-0.422269,0
2.7989,1.98746,-0.413393,0
2.79898,1.99317,-0.405514,0
2.79907,1.98805,-0.395448,0
2.79916,1.99467,-0.387724,0
2.79925,1.98258,-0.376406,0
2.79933,1.99306,-0.369391,0
2.79942,1.98383,-0.358734,0
2.79951,1.99128,-0.351117,0
2.7996,1.99969,-0.34361,0
2.79968,1.99131,-0.333231,0
2.79977,1.99373,-0.3247,0
2.79986,1.98624,-0.31459,0
2.79994,1.98661,-0.305768,0
2.80003,1.9899,-0.297393,0
2.80012,1.98524,-0.287846,0
2.80021,1.99737,-0.280712,0
2.80029,1.98371,-0.269972,0
2.80038,1.9938,-0.262488,0
2.80047,1.99294,-0.253534,0
2.80056,1.99303,-0.244714,0
2.80064,1.98216,-0.234605,0
2.80073,1.97323,-0.224822,0
2.80082,1.96724,-0.215448,0
2.8009,1.97313,-0.207385,0
2.80099,1.94715,-0.196068,0
2.80108,1.77678,-0.171085,0
2.80117,1.7098,-0.157108,0
2.80125,1.70349,-0.149036,0
2.80134,1.70313,-0.141519,0
2.80143,1.69775,-0.133616,0
2.80152,1.69832,-0.126207,0
2.8016,1.70184,-0.119005,0
2.80169,1.70035,-0.111447,0
2.80178,1.69982,-0.103966,0
2.80186,1.69227,-0.0960943,0
2.80195,1.68768,-0.0884478,0
2.80204,1.69804,-0.0815629,0
2.80213,1.70038,-0.0742402,0
2.80221,1.70369,-0.066938,0
2.8023,1.70596,-0.0595735,0
2.80239,1.69721,-0.0518544,0
2.80248,1.69842,-0.0444747,0
2.80256,1.6976,-0.0370417,0
2.80265,1.69074,-0.0295121,0
2.80274,1.68686,-0.0220822,0
2.80282,1.69094,-0.0147566,0
2.80291,1.69098,-0.0073784,0
2.803,1.684,-4.0777e-08,0
2.80309,1.67298,0.00729978,0
2.80317,1.68094,0.0146693,0
2.80326,1.69985,0.0222523,0
2.80335,1.78373,0.0311351,0
2.80344,1.93954,0.0423208,0
2.80352,1.97032,0.0515947,0
2.80361,1.97608,0.0603746,0
2.8037,1.98379,0.0692755,0
2.80378,1.97747,0.0776951,0
2.80387,1.98411,0.086628,0
2.80396,1.98072,0.0951406,0
2.80405,1.99027,0.104306,0
2.80413,1.97881,0.112365,0
2.80422,1.9773,0.120937,0
2.80431,1.97377,0.129367,0
2.8044,1.98515,0.138815,0
2.80448,1.97555,0.146809,0
2.80457,1.9739,0.155349,0
2.80466,1.98416,0.164871,0
2.80474,1.98044,0.173266,0
2.80483,1.97767,0.181722,0
2.80492,1.98283,0.190925,0
2.80501,1.978,0.199174,0
2.80509,1.97214,0.20728,0
2.80518,1.98712,0.217625,0
2.80527,1.98118,0.225727,0
2.80535,1.97919,0.234252,0
2.80544,1.97715,0.242764,0
2.80553,1.97607,0.251388,0
2.80562,1.97496,0.260008,0
2.8057,1.97777,0.269162,0
2.80579,1.97162,0.277094,0
2.80588,1.97238,0.285981,0
2.80597,1.96122,0.293106,0
2.80605,1.953,0.300596,0
2.80614,1.78278,0.282364,0
2.80623,1.71244,0.278888,0
2.80631,1.70332,0.285037,0
2.8064,1.69614,0.29145,0
2.80649,1.69879,0.299543,0
2.80658,1.6896,0.305529,0
2.80666,1.69218,0.313627,0
2.80675,1.69374,0.321567,0
2.80684,1.70018,0.330481,0
2.80693,1.69382,0.336921,0
2.80701,1.70017,0.345903,0
2.8071,1.70158,0.353929,0
2.80719,1.70198,0.361766,0
2.80727,1.70038,0.369189,0
2.80736,1.69973,0.376821,0
2.80745,1.70392,0.385558,0
2.80754,1.7032,0.393214,0
2.80762,1.70731,0.402017,0
2.80771,1.7104,0.41063,0
2.8078,1.70373,0.416901,0
2.80789,1.69996,0.423847,0
2.80797,1.70778,0.433722,0
2.80806,1.70588,0.44117,0
2.80815,1.6933,0.445808,0
2.80823,1.69906,0.455263,0
2.80832,1.70671,0.465302,0
2.80841,1.70755,0.473546,0
2.8085,1.70547,0.480992,0
2.80858,1.70336,0.488429,0
2.80867,1.70217,0.496137,0
2.80876,1.70191,0.504127,0
2.80885,1.69682,0.510684,0
2.80893,1.6984,0.519252,0
2.80902,1.70662,0.52992,0
2.80911,1.69666,0.534956,0
2.80919,1.70288,0.545097,0
2.80928,1.70334,0.553449,0
2.80937,1.70661,0.562755,0
2.80946,1.70603,0.570831,0
2.80954,1.70163,0.577627,0
2.80963,1.69626,0.584069,0
2.80972,1.69464,0.591795,0
2.80981,1.70053,0.602188,0
2.80989,1.70729,0.612981,0
2.80998,1.70554,0.620767,0
2.81007,1.69531,0.625434,0
2.81015,1.73846,0.649985,0
2.81024,1.92264,0.728422,0
2.81033,1.94558,0.746839,0
2.81042,1.95162,0.758945,0
2.8105,1.95574,0.770386,0
2.81059,1.96629,0.78447,0
2.81068,1.96656,0.794541,0
2.81077,1.96492,0.803871,0
2.81085,1.9614,0.812437,0
2.81094,1.97167,0.826788,0
2.81103,1.97264,0.837337,0
2.81111,1.97448,0.848304,0
2.8112,1.97168,0.85731,0
2.81129,1.97158,0.867516,0
2.81138,1.97326,0.878551,0
2.81146,1.96576,0.88551,0
2.81155,1.97098,0.898225,0
2.81164,1.97794,0.911841,0
2.81173,1.97575,0.921308,0
2.81181,1.97804,0.932906,0
2.8119,1.97937,0.944111,0
2.81199,1.98334,0.956648,0
2.81207,1.97285,0.962225,0
2.81216,1.9776,0.975246,0
2.81225,1.96796,0.981189,0
2.81234,1.97795,0.996968,0
2.81242,1.9718,1.00468,0
2.81251,1.9674,1.01327,0
2.8126,1.97715,1.02924,0
2.81269,1.96467,1.03366,0
2.81277,1.96544,1.04504,0
2.81286,1.96967,1.05834,0
2.81295,1.96504,1.06693,0
2.81303,1.96737,1.07934,0
2.81312,1.96352,1.0884,0
2.81321,1.97446,1.10575,0
2.8133,1.96787,1.11337,0
2.81338,1.96907,1.12542,0
2.81347,1.96934,1.137,0
2.81356,1.97214,1.15012,0
2.81365,1.9671,1.15871,0
2.81373,1.96632,1.16984,0
2.81382,1.96806,1.18253,0
2.81391,1.97143,1.19629,0
2.81399,1.9713,1.20802,0
2.81408,1.96346,1.21503,0
2.81417,1.96917,1.23047,0
2.81426,1.96716,1.24119,0
2.81434,1.96426,1.25137,0
2.81443,1.96467,1.26372,0
2.81452,1.96668,1.27718,0
2.81461,1.96611,1.28904,0
2.81469,1.96297,1.29926,0
2.81478,1.9631,1.3117,0
2.81487,1.96731,1.32696,0
2.81495,1.96976,1.34116,0
2.81504,1.96637,1.35145,0
2.81513,1.97195,1.36799,0
2.81522,1.96597,1.37658,0
2.8153,1.96402,1.38803,0
2.81539,1.96283,1.40007,0
2.81548,1.9567,1.40863,0
2.81557,1.95378,1.4195,0
2.81565,1.95321,1.43215,0
2.81574,1.96865,1.45672,0
2.81583,1.96387,1.46649,0
2.81591,1.96305,1.47926,0
2.816,1.96453,1.49387,0
2.81609,1.96831,1.51034,0
2.81618,1.97198,1.52687,0
2.81626,1.9653,1.53546,0
2.81635,1.95858,1.54402,0
2.81644,1.95887,1.55815,0
2.81653,1.97155,1.58233,0
2.81661,1.96307,1.58966,0
2.8167,1.96618,1.60644,0
2.81679,1.96224,1.61755,0
2.81687,1.969,1.6376,0
2.81696,1.96797,1.65132,0
2.81705,1.95693,1.65666,0
2.81714,1.95881,1.67298,0
2.81722,1.95982,1.68869,0
2.81731,1.95923,1.70313,0
2.8174,1.95478,1.7143,0
2.81748,1.95328,1.72811,0
2.81757,1.95542,1.74528,0
2.81766,1.96413,1.76851,0
2.81775,1.96454,1.78446,0
2.81783,1.95526,1.79167,0
2.81792,1.96138,1.81308,0
2.81801,1.96003,1.82776,0
2.8181,1.95203,1.83629,0
2.81818,1.96069,1.86062,0
2.81827,1.95399,1.87054,0
2.81836,1.95157,1.88461,0
2.81844,1.95909,1.90846,0
2.81853,1.95145,1.91769,0
2.81862,1.95514,1.93815,0
2.81871,1.95374,1.95374,0
2.81879,1.9635,1.98071,0
2.81888,1.95834,1.99282,0
2.81897,1.96079,2.01281,0
2.81906,1.96172,2.03142,0
2.81914,1.96597,2.05368,0
2.81923,1.96456,2.07022,0
2.81932,1.96373,2.08751,0
2.8194,1.96075,2.10264,0
2.81949,1.95902,2.11925,0
2.81958,1.95313,2.13147,0
2.81967,1.93709,2.13257,0
2.81975,1.92442,2.13728,0
2.81984,1.90642,2.13596,0
2.81993,1.88847,2.13452,0
2.82002,1.8732,2.13598,0
2.8201,1.85927,2.13885,0
2.82019,1.84013,2.13558,0
2.82028,1.81975,2.13066,0
2.82036,1.80721,2.13476,0
2.82045,1.79081,2.1342,0
2.82054,1.77125,2.12969,0
2.82063,1.75748,2.132,0
2.82071,1.74121,2.13113,0
2.8208,1.72497,2.13016,0
2.82089,1.71065,2.13142,0
2.82098,1.69386,2.12948,0
2.82106,1.67589,2.12585,0
2.82115,1.65921,2.12369,0
2.82124,1.65237,2.13407,0
2.82132,1.63209,2.12698,0
2.82141,1.61614,2.12533,0
2.8215,1.60444,2.12916,0
2.82159,1.58915,2.12813,0
2.82167,1.5745,2.12781,0
2.82176,1.56106,2.12901,0
2.82185,1.5447,2.1261,0
2.82194,1.53132,2.12714,0
2.82202,1.51447,2.12321,0
2.82211,1.49885,2.12082,0
2.8222,1.48843,2.1257,0
2.82228,1.4723,2.12231,0
2.82237,1.45963,2.12377,0
2.82246,1.44472,2.12186,0
2.82255,1.42986,2.11985,0
2.82263,1.4167,2.12025,0
2.82272,1.40744,2.12641,0
2.82281,1.38992,2.11999,0
2.8229,1.37794,2.12184,0
2.82298,1.36921,2.12867,0
2.82307,1.35292,2.12366,0
2.82316,1.33937,2.12278,0
2.82324,1.32215,2.11588,0
2.82333,1.31343,2.12248,0
2.82342,1.29893,2.11966,0
2.82351,1.29278,2.13044,0
2.82359,1.27163,2.11635,0
2.82368,1.26187,2.12101,0
2.82377,1.24651,2.11616,0
2.82386,1.23677,2.12072,0
2.82394,1.229,2.12869,0
2.82403,1.21176,2.12014,0
2.82412,1.19856,2.11845,0
2.8242,1.18246,2.11144,0
2.82429,1.17324,2.11658,0
2.82438,1.15966,2.11379,0
2.82447,1.15043,2.11883,0
2.82455,1.13597,2.11414,0
2.82464,1.12626,2.11819,0
2.82473,1.11608,2.12132,0
2.82482,1.10727,2.12705,0
2.8249,1.0902,2.11675,0
2.82499,1.08458,2.12861,0
2.82508,1.06808,2.11904,0
2.82516,1.0557,2.11741,0
2.82525,1.04424,2.11752,0
2.82534,1.03017,2.11217,0
2.82543,1.01791,2.11034,0
2.82551,1.00567,2.10844,0
2.8256,0.998598,2.11733,0
2.82569,0.983433,2.10898,0
2.82578,0.976733,2.1187,0
2.82586,0.957941,2.10201,0
2.82595,0.945064,2.09796,0
2.82604,0.964779,2.16693,0
2.82612,0.841741,1.913,0
2.82621,0.756028,1.73875,0
2.8263,0.734618,1.70987,0
2.82639,0.723243,1.70385,0
2.82647,0.712708,1.69962,0
2.82656,0.718297,1.73412,0
2.82665,0.712995,1.74279,0
2.82674,0.713251,1.76536,0
2.82682,0.72444,1.81582,0
2.82691,0.741066,1.8813,0
2.827,0.737924,1.89757,0
2.82708,0.737521,1.92131,0
2.82717,0.741177,1.9563,0
2.82726,0.739288,1.97732,0
2.82735,0.739652,2.00491,0
2.82743,0.738422,2.0288,0
2.82752,0.737672,2.05459,0
2.82761,0.734709,2.07475,0
2.8277,0.734551,2.10343,0
2.82778,0.72211,2.09716,0
2.82787,0.71006,2.09177,0
2.82796,0.700609,2.0939,0
2.82804,0.682697,2.07034,0
2.82813,0.622051,1.91448,0
2.82822,0.603936,1.8867,0
2.82831,0.597202,1.89408,0
2.82839,0.583001,1.87757,0
2.82848,0.571002,1.86766,0
2.82857,0.561983,1.86726,0
2.82866,0.554398,1.87162,0
2.82874,0.544827,1.86922,0
2.82883,0.537769,1.87542,0
2.82892,0.530666,1.8816,0
2.829,0.522718,1.88486,0
2.82909,0.516856,1.89581,0
2.82918,0.506509,1.89032,0
2.82927,0.502075,1.90701,0
2.82935,0.495752,1.91693,0
2.82944,0.489107,1.92586,0
2.82953,0.480457,1.92701,0
2.82962,0.469192,1.91743,0
2.8297,0.455452,1.89709,0
2.82979,0.445566,1.89225,0
2.82988,0.434606,1.88248,0
2.82996,0.422636,1.86778,0
2.83005,0.415564,1.87449,0
2.83014,0.392529,1.80788,0
2.83023,0.379855,1.78708,0
2.83031,0.370832,1.78284,0
2.8304,0.367036,1.80404,0
2.83049,0.379256,1.90665,0
2.83057,0.373795,1.92301,0
2.83066,0.36652,1.93052,0
2.83075,0.379597,2.04812,0
2.83084,0.376529,2.08223,0
2.83092,0.368829,2.09173,0
2.83101,0.360037,2.09529,0
2.8311,0.350231,2.0929,0
2.83119,0.341257,2.09539,0
2.83127,0.33211,2.09686,0
2.83136,0.322502,2.09533,0
2.83145,0.312765,2.09276,0
2.83153,0.304778,2.10202,0
2.83162,0.293516,2.08848,0
2.83171,0.285075,2.09469,0
2.8318,0.275541,2.09294,0
2.83188,0.266785,2.0971,0
2.83197,0.256779,2.09129,0
2.83206,0.247534,2.0914,0
2.83215,0.239085,2.09842,0
2.83223,0.229165,2.09249,0
2.83232,0.220451,2.09745,0
2.83241,0.209994,2.08545,0
2.83249,0.200893,2.08635,0
2.83258,0.191879,2.0882,0
2.83267,0.181633,2.07607,0
2.83276,0.169757,2.04296,0
2.83284,0.148759,1.89016,0
2.83293,0.138138,1.85887,0
2.83302,0.130166,1.86145,0
2.83311,0.121715,1.85702,0
2.83319,0.113611,1.85753,0
2.83328,0.105675,1.861,0
2.83337,0.0973973,1.85845,0
2.83345,0.0892874,1.85886,0
2.83354,0.080914,1.85323,0
2.83363,0.0732589,1.86456,0
2.83372,0.0648084,1.85587,0
2.8338,0.0570155,1.86613,0
2.83389,0.048506,1.85237,0
2.83398,0.0404667,1.85456,0
2.83407,0.0323743,1.85472,0
2.83415,0.0244122,1.86484,0
2.83424,0.0162489,1.86193,0
2.83433,0.00811582,1.85998,0
2.83441,6.75256e-08,1.856,0
2.8345,-0.00807205,1.84998,0
2.83459,-0.0161702,1.85293,0
2.83468,-0.0243858,1.86284,0
2.83476,-0.0323741,1.85472,0
2.83485,-0.0403793,1.85056,0
2.83494,-0.0484273,1.84937,0
2.83503,-0.0566489,1.85413,0
2.83511,-0.0646687,1.85187,0
2.8352,-0.0726698,1.84957,0
2.83529,-0.0809139,1.85323,0
2.83537,-0.0889034,1.85087,0
2.83546,-0.0969785,1.85046,0
2.83555,-0.104712,1.84403,0
2.83564,-0.113062,1.84855,0
2.83572,-0.122108,1.863,0
2.83581,-0.128352,1.83552,0
2.8359,-0.131543,1.77012,0
2.83599,-0.137696,1.74959,0
2.83607,-0.142761,1.71808,0
2.83616,-0.147467,1.68556,0
2.83625,-0.154821,1.6849,0
2.83633,-0.162267,1.68521,0
2.83642,-0.170119,1.68946,0
2.83651,-0.176862,1.68273,0
2.8366,-0.183332,1.67399,0
2.83668,-0.190974,1.67616,0
2.83677,-0.198521,1.67729,0
2.83686,-0.205715,1.67542,0
2.83695,-0.213907,1.68145,0
2.83703,-0.219414,1.66662,0
2.83712,-0.227898,1.67456,0
2.83721,-0.235202,1.67355,0
2.83729,-0.24365,1.68043,0
2.83738,-0.251719,1.68429,0
2.83747,-0.258914,1.68219,0
2.83756,-0.265782,1.67808,0
2.83764,-0.273102,1.67691,0
2.83773,-0.280251,1.67471,0
2.83782,-0.287725,1.67446,0
2.83791,-0.295896,1.67811,0
2.83799,-0.304283,1.68271,0
2.83808,-0.313081,1.68923,0
2.83817,-0.316531,1.66722,0
2.83825,-0.32075,1.65012,0
2.83834,-0.328727,1.65262,0
2.83843,-0.335337,1.64823,0
2.83852,-0.342729,1.64773,0
2.8386,-0.349292,1.64329,0
2.83869,-0.356246,1.64077,0
2.83878,-0.366649,1.65385,0
2.83887,-0.373861,1.65223,0
2.83895,-0.381742,1.65351,0
2.83904,-0.389182,1.6528,0
2.83913,-0.395456,1.64719,0
2.83921,-0.402878,1.64642,0
2.8393,-0.409574,1.64271,0
2.83939,-0.41723,1.64285,0
2.83948,-0.424644,1.64198,0
2.83956,-0.435369,1.65365,0
2.83965,-0.441028,1.64594,0
2.83974,-0.44689,1.63917,0
2.83983,-0.451366,1.62757,0
2.83991,-0.455477,1.615,0
2.84,-0.460866,1.60723,0
2.84009,-0.466195,1.59944,0
2.84017,-0.470897,1.58972,0
2.84026,-0.472642,1.57042,0
2.84035,-0.477735,1.5626,0
2.84044,-0.484549,1.5605,0
2.84052,-0.490451,1.55551,0
2.84061,-0.496624,1.55145,0
2.8407,-0.499989,1.53881,0
2.84079,-0.493546,1.49673,0
2.84087,-0.484841,1.44904,0
2.84096,-0.478623,1.40998,0
2.84105,-0.475329,1.38046,0
2.84113,-0.46882,1.34249,0
2.84122,-0.467997,1.32158,0
2.84131,-0.46227,1.28753,0
2.8414,-0.463437,1.27328,0
2.84148,-0.464835,1.25999,0
2.84157,-0.465426,1.24484,0
2.84166,-0.462704,1.22129,0
2.84175,-0.409973,1.06802,0
2.84183,-0.3657,0.940396,0
2.84192,-0.345977,0.878314,0
2.84201,-0.330537,0.828498,0
2.84209,-0.30493,0.754728,0
2.84218,-0.310113,0.758018,0
2.84227,-0.312652,0.75481,0
2.84236,-0.314783,0.750672,0
2.84244,-0.318055,0.749291,0
2.84253,-0.328427,0.764434,0
2.84262,-0.334949,0.77033,0
2.8427,-0.330252,0.750555,0
2.84279,-0.33027,0.741799,0
2.84288,-0.33145,0.735792,0
2.84297,-0.328437,0.720689,0
2.84305,-0.329067,0.713801,0
2.84314,-0.329642,0.70692,0
2.84323,-0.325898,0.691004,0
2.84332,-0.32891,0.689575,0
2.8434,-0.324531,0.672822,0
2.84349,-0.327025,0.6705,0
2.84358,-0.32464,0.658305,0
2.84366,-0.314569,0.630929,0
2.84375,-0.305167,0.60544,0
2.84384,-0.301904,0.592519,0
2.84393,-0.30586,0.593863,0
2.84401,-0.320454,0.615586,0
2.8441,-0.325465,0.618606,0
2.84419,-0.329569,0.619829,0
2.84428,-0.320911,0.597244,0
2.84436,-0.319219,0.587929,0
2.84445,-0.327072,0.596174,0
2.84454,-0.327246,0.590368,0
2.84462,-0.326399,0.582827,0
2.84471,-0.328939,0.581398,0
2.8448,-0.32651,0.571275,0
2.84489,-0.3265,0.565515,0
2.84497,-0.321408,0.551127,0
2.84506,-0.323809,0.549719,0
2.84515,-0.32825,0.551739,0
2.84524,-0.327564,0.545158,0
2.84532,-0.325271,0.53603,0
2.84541,-0.324994,0.530342,0
2.8455,-0.318886,0.515313,0
2.84558,-0.321661,0.514765,0
2.84567,-0.3159,0.500671,0
2.84576,-0.316469,0.496758,0
2.84585,-0.324044,0.503782,0
2.84593,-0.321882,0.495654,0
2.84602,-0.321848,0.4909,0
2.84611,-0.327299,0.494494,0
2.8462,-0.318897,0.477264,0
2.84628,-0.318181,0.471722,0
2.84637,-0.321924,0.472809,0
2.84646,-0.32002,0.465631,0
2.84654,-0.312358,0.450263,0
2.84663,-0.310305,0.443161,0
2.84672,-0.319161,0.451603,0
2.84681,-0.31358,0.439622,0
2.84689,-0.316663,0.439873,0
2.84698,-0.310938,0.42797,0
2.84707,-0.303342,0.413706,0
2.84716,-0.302765,0.409163,0
2.84724,-0.307539,0.411844,0
2.84733,-0.304518,0.40411,0
2.84742,-0.304463,0.400389,0
2.8475,-0.301337,0.39271,0
2.84759,-0.293864,0.379531,0
2.84768,-0.290592,0.371941,0
2.84777,-0.288498,0.365958,0
2.84785,-0.283244,0.356087,0
2.84794,-0.28104,0.350168,0
2.84803,-0.282565,0.348939,0
2.84812,-0.277758,0.339958,0
2.8482,-0.274786,0.333342,0
2.84829,-0.27368,0.329064,0
2.84838,-0.270614,0.322505,0
2.84846,-0.349553,0.412909,0
2.84855,-0.344207,0.403015,0
2.84864,-0.341393,0.396206,0
2.84873,-0.337214,0.387921,0
2.84881,-0.33231,0.378927,0
2.8489,-0.117284,0.132565,0
2.84899,-0.112534,0.126084,0
2.84908,-0.32319,0.358939,0
2.84916,-0.207089,0.227987,0
2.84925,-0.0729637,0.079626,0
2.84934,-0.304782,0.329711,0
2.84942,-0.17391,0.186495,0
2.84951,-0.113055,0.120181,0
2.8496,-0.0605752,0.0638329,0
2.84969,-0.0228199,0.023838,0
2.84977,-0.056962,0.0589859,0
2.84986,-0.0293072,0.0300847,0
2.84995,-0.0252327,0.025677,0
2.85004,-0.0654734,0.0660472,0
2.85012,-0.0162635,0.0162635,0
