7200
417
0.349066
0.364774,-0.0544472,-0.0544472,0
0.364861,-0.0225285,-0.0227259,0
0.364948,-0.0315409,-0.0320963,0
0.365036,-0.0404718,-0.0415455,0
0.365123,-0.0444581,-0.0460377,0
0.36521,-0.0484059,-0.0505655,0
0.365297,-0.044743,-0.0471493,0
0.365385,-0.0616665,-0.0655534,0
0.365472,-0.0566059,-0.0607024,0
0.365559,-0.0563405,-0.0609488,0
0.365646,-0.0587763,-0.0641431,0
0.365734,-0.0638748,-0.0703207,0
0.365821,-0.0555378,-0.061681,0
0.365908,-0.0652564,-0.0731136,0
0.365996,-0.0496965,-0.0561717,0
0.366083,-0.0646159,-0.0736803,0
0.36617,-0.0721665,-0.083018,0
0.366257,-0.065276,-0.0757565,0
0.366345,-0.0539042,-0.0631137,0
0.366432,-0.0555667,-0.065638,0
0.366519,-0.0546369,-0.0651138,0
0.366606,-0.0633045,-0.0761153,0
0.366694,-0.0718768,-0.0871936,0
0.366781,-0.0651686,-0.0797624,0
0.366868,-0.0635614,-0.0784917,0
0.366955,-0.0644701,-0.0803281,0
0.367043,-0.0603839,-0.075913,0
0.36713,-0.0606712,-0.0769611,0
0.367217,-0.0627975,-0.0803771,0
0.367305,-0.0673439,-0.0869759,0
0.367392,-0.0645287,-0.0840955,0
0.367479,-0.0647665,-0.0851722,0
0.367566,-0.0661997,-0.0878499,0
0.367654,-0.0670124,-0.0897404,0
0.367741,-0.0862493,-0.116559,0
0.367828,-0.115897,-0.158063,0
0.367915,-0.151649,-0.208726,0
0.368003,-0.184623,-0.256457,0
0.36809,-0.207892,-0.291453,0
0.368177,-0.232012,-0.32829,0
0.368264,-0.0613727,-0.0876493,0
0.368352,-0.0980394,-0.141323,0
0.368439,-0.105352,-0.153287,0
0.368526,-0.112561,-0.165318,0
0.368614,-0.117431,-0.174098,0
0.368701,-0.115003,-0.172114,0
0.368788,-0.29915,-0.451966,0
0.368875,-0.291144,-0.444068,0
0.368963,-0.296828,-0.457075,0
0.36905,-0.302405,-0.470141,0
0.369137,-0.298201,-0.468082,0
0.369224,-0.303627,-0.481219,0
0.369312,-0.297285,-0.475755,0
0.369399,-0.304678,-0.492354,0
0.369486,-0.300437,-0.490268,0
0.369573,-0.30037,-0.494994,0
0.369661,-0.299752,-0.498871,0
0.369748,-0.305753,-0.513925,0
0.369835,-0.305538,-0.518701,0
0.369923,-0.303272,-0.520029,0
0.37001,-0.2915,-0.504893,0
0.370097,-0.297234,-0.520051,0
0.370184,-0.288068,-0.509158,0
0.370272,-0.287309,-0.513028,0
0.370359,-0.282644,-0.509903,0
0.370446,-0.280416,-0.511132,0
0.370533,-0.278184,-0.51235,0
0.370621,-0.276419,-0.51444,0
0.370708,-0.269946,-0.507695,0
0.370795,-0.277041,-0.526568,0
0.370882,-0.267352,-0.513579,0
0.37097,-0.270604,-0.525409,0
0.371057,-0.262407,-0.515002,0
0.371144,-0.267809,-0.531322,0
0.371232,-0.256564,-0.514587,0
0.371319,-0.259181,-0.525567,0
0.371406,-0.261269,-0.535681,0
0.371493,-0.268922,-0.557532,0
0.371581,-0.284568,-0.596609,0
0.371668,-0.301158,-0.638545,0
0.371755,-0.310624,-0.666136,0
0.371842,-0.304366,-0.66022,0
0.37193,-0.308532,-0.677011,0
0.372017,-0.307628,-0.68291,0
0.372104,-0.306273,-0.6879,0
0.372191,-0.306087,-0.695637,0
0.372279,-0.303049,-0.696966,0
0.372366,-0.308295,-0.717576,0
0.372453,-0.308287,-0.726278,0
0.372541,-0.310529,-0.740527,0
0.372628,-0.309208,-0.746495,0
0.372715,-0.309735,-0.757092,0
0.372802,-0.306803,-0.759364,0
0.37289,-0.307933,-0.771841,0
0.372977,-0.309327,-0.785272,0
0.373064,-0.312059,-0.802459,0
0.373151,-0.309988,-0.807547,0
0.373239,-0.309296,-0.816373,0
0.373326,-0.310984,-0.831765,0
0.373413,-0.312198,-0.846249,0
0.3735,-0.310554,-0.853241,0
0.373588,-0.304463,-0.848,0
0.373675,-0.299425,-0.845549,0
0.373762,-0.301667,-0.863841,0
0.37385,-0.306685,-0.890678,0
0.373937,-0.314368,-0.926098,0
0.374024,-0.312862,-0.935047,0
0.374111,-0.31379,-0.951599,0
0.374199,-0.309944,-0.95391,0
0.374286,-0.301816,-0.942872,0
0.374373,-0.297398,-0.943226,0
0.37446,-0.293873,-0.946425,0
0.374548,-0.297342,-0.972562,0
0.374635,-0.297995,-0.990129,0
0.374722,-0.289128,-0.976079,0
0.374809,-0.291302,-0.999412,0
0.374897,-0.281977,-0.983371,0
0.374984,-0.289627,-1.02694,0
0.375071,-0.289419,-1.04361,0
0.375159,-0.29065,-1.06609,0
0.375246,-0.289877,-1.08184,0
0.375333,-0.296102,-1.12467,0
0.37542,-0.286435,-1.10756,0
0.375508,-0.297846,-1.17277,0
0.375595,-0.300225,-1.20414,0
0.375682,-0.294731,-1.20446,0
0.375769,-0.292974,-1.22032,0
0.375857,-0.291314,-1.23717,0
0.375944,-0.291986,-1.26473,0
0.376031,-0.289555,-1.27965,0
0.376118,-0.28873,-1.30238,0
0.376206,-0.491828,-2.26522,0
0.376293,-0.471336,-2.21746,0
0.37638,-0.460638,-2.2146,0
0.376468,-0.450572,-2.21463,0
0.376555,-0.439343,-2.20873,0
0.376642,-0.428939,-2.2067,0
0.376729,-0.41912,-2.20757,0
0.376817,-0.408572,-2.20446,0
0.376904,-0.393611,-2.1767,0
0.376991,-0.374038,-2.12128,0
0.377078,-0.36969,-2.15147,0
0.377166,-0.368221,-2.2004,0
0.377253,-0.359099,-2.20495,0
0.37734,-0.349005,-2.20353,0
0.377427,-0.339539,-2.20602,0
0.377515,-0.329467,-2.20452,0
0.377602,-0.320132,-2.20791,0
0.377689,-0.307851,-2.19047,0
0.377777,-0.300313,-2.20666,0
0.377864,-0.290029,-2.20299,0
0.377951,-0.279909,-2.20027,0
0.378038,-0.27055,-2.20345,0
0.378126,-0.261286,-2.20759,0
0.378213,-0.251764,-2.2097,0
0.3783,-0.240378,-2.19488,0
0.378387,-0.232262,-2.20983,0
0.378475,-0.221616,-2.20087,0
0.378562,-0.211627,-2.19783,0
0.378649,-0.201761,-2.19575,0
0.378736,-0.192963,-2.20557,0
0.378824,-0.182427,-2.19543,0
0.378911,-0.173708,-2.20718,0
0.378998,-0.16378,-2.20392,0
0.379086,-0.154371,-2.20761,0
0.379173,-0.143494,-2.1893,0
0.37926,-0.13449,-2.19889,0
0.379347,-0.124441,-2.19147,0
0.379435,-0.118122,-2.25391,0
0.379522,-0.112413,-2.3403,0
0.379609,-0.104425,-2.39172,0
0.379696,-0.0940665,-2.39415,0
0.379784,-0.0836192,-2.39454,0
0.379871,-0.0728649,-2.38489,0
0.379958,-0.0625106,-2.38718,0
0.380045,-0.0523339,-2.39843,0
0.380133,-0.0418858,-2.39963,0
0.38022,-0.031402,-2.39879,0
0.380307,-0.0210048,-2.40691,0
0.380394,-0.0104938,-2.40498,0
0.380482,-2.89837e-08,-2.406,0
0.380569,0.0104806,-2.40198,0
0.380656,0.0209524,-2.40091,0
0.380744,0.0312448,-2.3868,0
0.380831,0.0419207,-2.40163,0
0.380918,0.0522684,-2.39543,0
0.381005,0.0630341,-2.40717,0
0.381093,0.0735367,-2.40688,0
0.38118,0.0840729,-2.40753,0
0.381267,0.0943806,-2.40215,0
0.381354,0.105035,-2.40571,0
0.381442,0.115195,-2.39824,0
0.381529,0.125868,-2.4017,0
0.381616,0.13663,-2.40612,0
0.381703,0.147676,-2.41449,0
0.381791,0.157818,-2.40783,0
0.381878,0.168113,-2.40413,0
0.381965,0.178305,-2.39938,0
0.382053,0.189165,-2.40357,0
0.38214,0.199733,-2.40372,0
0.382227,0.210307,-2.40382,0
0.382314,0.220976,-2.40487,0
0.382402,0.23118,-2.4009,0
0.382489,0.241253,-2.39588,0
0.382576,0.253795,-2.4147,0
0.382663,0.263784,-2.4086,0
0.382751,0.274518,-2.40941,0
0.382838,0.285263,-2.41018,0
0.382925,0.295289,-2.40494,0
0.383012,0.306916,-2.41256,0
0.3831,0.316265,-2.40227,0
0.383187,0.327553,-2.40681,0
0.383274,0.338886,-2.4113,0
0.383362,0.348257,-2.40188,0
0.383449,0.35962,-2.40628,0
0.383536,0.368747,-2.39579,0
0.383623,0.382169,-2.41292,0
0.383711,0.39189,-2.4063,0
0.383798,0.403046,-2.40851,0
0.383885,0.41389,-2.4087,0
0.383972,0.423354,-2.40096,0
0.38406,0.43525,-2.40696,0
0.384147,0.445384,-2.40307,0
0.384234,0.456797,-2.40602,0
0.384321,0.468436,-2.40989,0
0.384409,0.481873,-2.42254,0
0.384496,0.489648,-2.4067,0
0.384583,0.502384,-2.41531,0
0.384671,0.512918,-2.41309,0
0.384758,0.524291,-2.41474,0
0.384845,0.536337,-2.41926,0
0.384932,0.546447,-2.41495,0
0.38502,0.559003,-2.42131,0
0.385107,0.568875,-2.41593,0
0.385194,0.578478,-2.40953,0
0.385281,0.589936,-2.41087,0
0.385369,0.600934,-2.41021,0
0.385456,0.613906,-2.41726,0
0.385543,0.622695,-2.40778,0
0.38563,0.635486,-2.41375,0
0.385718,0.646789,-2.41385,0
0.385805,0.656,-2.40618,0
0.385892,0.668898,-2.41197,0
0.38598,0.683487,-2.42346,0
0.386067,0.692677,-2.41565,0
0.386154,0.700692,-2.40396,0
0.386241,0.715435,-2.41527,0
0.386329,0.725678,-2.41116,0
0.386416,0.736777,-2.40989,0
0.386503,0.748471,-2.41047,0
0.38659,0.761988,-2.41672,0
0.386678,0.771307,-2.40956,0
0.386765,0.78583,-2.41854,0
0.386852,0.796689,-2.41603,0
0.386939,0.809761,-2.42012,0
0.387027,0.817099,-2.4071,0
0.387114,0.828571,-2.40634,0
0.387201,0.838403,-2.40082,0
0.387289,0.85755,-2.42165,0
0.387376,0.86777,-2.41694,0
0.387463,0.880702,-2.41971,0
0.38755,0.891598,-2.41678,0
0.387638,0.902484,-2.4138,0
0.387725,0.914425,-2.41358,0
0.387812,0.927098,-2.41517,0
0.387899,0.940164,-2.41763,0
0.387987,0.955835,-2.42653,0
0.388074,0.964932,-2.41862,0
0.388161,0.974352,-2.41161,0
0.388248,0.987516,-2.41381,0
0.388336,1.00454,-2.42518,0
0.388423,1.0155,-2.4217,0
0.38851,1.0288,-2.42369,0
0.388598,1.04094,-2.42285,0
0.388685,1.04672,-2.40728,0
0.388772,1.06607,-2.42283,0
0.388859,1.07704,-2.41907,0
0.388947,1.09251,-2.42529,0
0.389034,1.10723,-2.4296,0
0.389121,1.1174,-2.42383,0
0.389208,1.13304,-2.42981,0
0.389296,1.14448,-2.42665,0
0.389383,1.15463,-2.42073,0
0.38947,1.16909,-2.42378,0
0.389557,1.18097,-2.42135,0
0.389645,1.19462,-2.42245,0
0.389732,1.2092,-2.42527,0
0.389819,1.21932,-2.41908,0
0.389907,1.23712,-2.42799,0
0.389994,1.25,-2.42702,0
0.390081,1.26519,-2.43041,0
0.390168,1.27811,-2.42929,0
0.390256,1.28541,-2.41751,0
0.390343,1.30305,-2.42509,0
0.39043,1.31553,-2.4229,0
0.390517,1.3333,-2.43029,0
0.390605,1.34583,-2.42794,0
0.390692,1.35934,-2.42728,0
0.390779,1.37682,-2.43351,0
0.390866,1.3904,-2.43269,0
0.390954,1.406,-2.43526,0
0.391041,1.41661,-2.42911,0
0.391128,1.43481,-2.43583,0
0.391216,1.44645,-2.43126,0
0.391303,1.46065,-2.43093,0
0.39139,1.47332,-2.42795,0
0.391477,1.49278,-2.43599,0
0.391565,1.50497,-2.43201,0
0.391652,1.51822,-2.42966,0
0.391739,1.53681,-2.4357,0
0.391826,1.54796,-2.42981,0
0.391914,1.56071,-2.4264,0
0.392001,1.57782,-2.42963,0
0.392088,1.59773,-2.43694,0
0.392175,1.6089,-2.43078,0
0.392263,1.63004,-2.43953,0
0.39235,1.64291,-2.43571,0
0.392437,1.65577,-2.43183,0
0.392525,1.67033,-2.43035,0
0.392612,1.69118,-2.43783,0
0.392699,1.70295,-2.43206,0
0.392786,1.72278,-2.43767,0
0.392874,1.73572,-2.43339,0
0.392961,1.7545,-2.43716,0
0.393048,1.76923,-2.43514,0
0.393135,1.78043,-2.4282,0
0.393223,1.79993,-2.43247,0
0.39331,1.81711,-2.43341,0
0.393397,1.83072,-2.42945,0
0.393484,1.84796,-2.43019,0
0.393572,1.86951,-2.43639,0
0.393659,1.89298,-2.44481,0
0.393746,1.90917,-2.44362,0
0.393834,1.92476,-2.44155,0
0.393921,1.94162,-2.44095,0
0.394008,1.95413,-2.4348,0
0.394095,1.97795,-2.44257,0
0.394183,1.98669,-2.43159,0
0.39427,2.00683,-2.43448,0
0.394357,2.01807,-2.42646,0
0.394444,2.00871,-2.39389,0
0.394532,2.01138,-2.37594,0
0.394619,2.01069,-2.35422,0
0.394706,2.01181,-2.33482,0
0.394793,2.01738,-2.32073,0
0.394881,2.02024,-2.30364,0
0.394968,2.01635,-2.27907,0
0.395055,2.01429,-2.25682,0
0.395143,2.00672,-2.22869,0
0.39523,2.01172,-2.21473,0
0.395317,2.01258,-2.19635,0
0.395404,2.01332,-2.178,0
0.395492,2.01258,-2.15822,0
0.395579,2.01307,-2.13995,0
0.395666,2.01344,-2.12172,0
0.395753,2.01023,-2.09991,0
0.395841,2.00617,-2.07745,0
0.395928,2.00196,-2.05507,0
0.396015,2.01021,-2.0456,0
0.396102,2.00996,-2.02758,0
0.39619,2.00394,-2.00394,0
0.396277,2.00485,-1.98743,0
0.396364,2.00495,-1.97026,0
0.396452,1.9992,-1.94753,0
0.396539,2.00336,-1.93462,0
0.396626,2.00095,-1.91549,0
0.396713,1.99986,-1.89779,0
0.396801,1.99501,-1.87672,0
0.396888,2.0061,-1.87072,0
0.396975,2.0047,-1.85313,0
0.397062,2.00245,-1.8349,0
0.39715,1.99563,-1.8127,0
0.397237,1.99534,-1.79662,0
0.397324,1.99048,-1.77657,0
0.397411,1.98623,-1.75727,0
0.397499,2.00065,-1.75452,0
0.397586,1.99847,-1.73724,0
0.397673,2.00073,-1.72394,0
0.397761,1.99454,-1.7035,0
0.397848,1.99433,-1.68832,0
0.397935,1.99861,-1.67703,0
0.398022,1.99745,-1.66126,0
0.39811,1.99619,-1.64553,0
0.398197,1.99793,-1.63238,0
0.398284,1.99182,-1.61295,0
0.398371,1.98949,-1.59673,0
0.398459,2.00113,-1.59177,0
0.398546,1.9947,-1.5725,0
0.398633,1.99367,-1.55762,0
0.39872,2.00044,-1.54891,0
0.398808,1.99766,-1.53286,0
0.398895,1.99399,-1.51626,0
0.398982,1.99419,-1.50273,0
0.39907,1.99352,-1.48863,0
0.399157,1.99196,-1.47397,0
0.399244,1.99918,-1.46586,0
0.399331,2.0007,-1.45359,0
0.399419,2.00296,-1.44193,0
0.399506,2.01494,-1.43724,0
0.399593,2.022,-1.42901,0
0.39968,2.04051,-1.42878,0
0.399768,2.04261,-1.41701,0
0.399855,2.05619,-1.41318,0
0.399942,2.05242,-1.39744,0
0.400029,2.0643,-1.39239,0
0.400117,2.05622,-1.37393,0
0.400204,2.05219,-1.35832,0
0.400291,2.06228,-1.35209,0
0.400379,2.01784,-1.3104,0
0.400466,2.00335,-1.2886,0
0.400553,1.99293,-1.26964,0
0.40064,1.99169,-1.25666,0
0.400728,1.99206,-1.24478,0
0.400815,1.99493,-1.2345,0
0.400902,1.99603,-1.22317,0
0.400989,1.98169,-1.20252,0
0.401077,1.98949,-1.1954,0
0.401164,1.98695,-1.18211,0
0.401251,1.99036,-1.17241,0
0.401338,1.992,-1.1617,0
0.401426,1.98839,-1.148,0
0.401513,1.97689,-1.12988,0
0.4016,1.98354,-1.12223,0
0.401688,1.98493,-1.11161,0
0.401775,1.98889,-1.10246,0
0.401862,1.98666,-1.08992,0
0.401949,1.98701,-1.07886,0
0.402037,1.99081,-1.0697,0
0.402124,1.98928,-1.05772,0
0.402211,1.98591,-1.04484,0
0.402298,1.99045,-1.03616,0
0.402386,1.97717,-1.01831,0
0.402473,1.98249,-1.01013,0
0.40256,1.9842,-1.00012,0
0.402647,1.99212,-0.993236,0
0.402735,1.98029,-0.976573,0
0.402822,1.98094,-0.96617,0
0.402909,1.98154,-0.95578,0
0.402997,1.97937,-0.944111,0
0.403084,1.97985,-0.933759,0
0.403171,1.9821,-0.924266,0
0.403258,1.99428,-0.919377,0
0.403346,1.98645,-0.905275,0
0.403433,1.98399,-0.893724,0
0.40352,1.98148,-0.882212,0
0.403607,1.98623,-0.87396,0
0.403695,1.97993,-0.860899,0
0.403782,1.98367,-0.852252,0
0.403869,1.98461,-0.842416,0
0.403956,1.9772,-0.829108,0
0.404044,1.98357,-0.821621,0
0.404131,1.98251,-0.811065,0
0.404218,1.98695,-0.802782,0
0.404306,1.98672,-0.792622,0
0.404393,1.99109,-0.784313,0
0.40448,1.99263,-0.774893,0
0.404567,1.97639,-0.758665,0
0.404655,1.96565,-0.74472,0
0.404742,1.97076,-0.736836,0
0.404829,1.97302,-0.727884,0
0.404916,1.97335,-0.718242,0
0.405004,1.96518,-0.70557,0
0.405091,1.96824,-0.696989,0
0.405178,1.97315,-0.689053,0
0.405265,1.95817,-0.674252,0
0.405353,1.95825,-0.664737,0
0.40544,1.96587,-0.657773,0
0.405527,1.96683,-0.648562,0
0.405615,1.96108,-0.637193,0
0.405702,1.94955,-0.624057,0
0.405789,1.95989,-0.61795,0
0.405876,1.96161,-0.609096,0
0.405964,1.96234,-0.599947,0
0.406051,1.95919,-0.58965,0
0.406138,1.96558,-0.582231,0
0.406225,1.95946,-0.571131,0
0.406313,1.95424,-0.560371,0
0.4064,1.95378,-0.551024,0
0.406487,1.96484,-0.544899,0
0.406574,1.95948,-0.534216,0
0.406662,1.96083,-0.525403,0
0.406749,1.9602,-0.516078,0
0.406836,1.96437,-0.508021,0
0.406924,1.96172,-0.498214,0
0.407011,1.96388,-0.48965,0
0.407098,1.95531,-0.478462,0
0.407185,1.95446,-0.469225,0
0.407273,1.95844,-0.461151,0
0.40736,1.96628,-0.453951,0
0.407447,1.96044,-0.443602,0
0.407534,1.96821,-0.436342,0
0.407622,1.95642,-0.42478,0
0.407709,1.96705,-0.41811,0
0.407796,1.95515,-0.406673,0
0.407883,1.96279,-0.399334,0
0.407971,1.96255,-0.390376,0
0.408058,1.96424,-0.381809,0
0.408145,1.96981,-0.373981,0
0.408233,1.97536,-0.366111,0
0.40832,1.97399,-0.356955,0
0.408407,1.96075,-0.345734,0
0.408494,1.96224,-0.337175,0
0.408582,1.96271,-0.328445,0
0.408669,1.97103,-0.321003,0
0.408756,1.97044,-0.312087,0
0.408843,1.96486,-0.302421,0
0.408931,1.96517,-0.293697,0
0.409018,1.95555,-0.283541,0
0.409105,1.96667,-0.276398,0
0.409192,1.9748,-0.268758,0
0.40928,1.97496,-0.260008,0
0.409367,1.96615,-0.250126,0
0.409454,1.95631,-0.240205,0
0.409541,1.95932,-0.231901,0
0.409629,1.97522,-0.225048,0
0.409716,1.97519,-0.216319,0
0.409803,1.96816,-0.206862,0
0.409891,1.97203,-0.198573,0
0.409978,1.97188,-0.18987,0
0.410065,1.96771,-0.180807,0
0.410152,1.95852,-0.171348,0
0.41024,1.96722,-0.163463,0
0.410327,1.96991,-0.155035,0
0.410414,1.96957,-0.146364,0
0.410501,1.97218,-0.137909,0
0.410589,1.96478,-0.128779,0
0.410676,1.96533,-0.120205,0
0.410763,1.96883,-0.111798,0
0.41085,1.97329,-0.103416,0
0.410938,1.97372,-0.0948048,0
0.411025,1.97312,-0.0861483,0
0.411112,1.96748,-0.0773026,0
0.4112,1.98079,-0.0691708,0
0.411287,1.97708,-0.0604052,0
0.411374,1.96633,-0.0514901,0
0.411461,1.97353,-0.0430626,0
0.411549,1.9647,-0.034294,0
0.411636,1.96483,-0.0257211,0
0.411723,1.94893,-0.0170081,0
0.41181,1.93698,-0.00845178,0
0.411898,1.921,-4.65158e-08,0
0.411985,1.92098,0.00838187,0
0.412072,1.89693,0.0165542,0
0.412159,1.86284,0.0243859,0
0.412247,1.78273,0.0311176,0
0.412334,1.76158,0.0384378,0
0.412421,1.7544,0.0459405,0
0.412509,1.79316,0.054786,0
0.412596,1.83588,0.0641103,0
0.412683,1.87755,0.0737691,0
0.41277,1.76132,0.0769009,0
0.412858,1.71103,0.0821865,0
0.412945,1.69467,0.0888141,0
0.413032,1.68928,0.0959242,0
0.413119,1.68585,0.103111,0
0.413207,1.69237,0.110924,0
0.413294,1.69087,0.118237,0
0.413381,1.68236,0.125021,0
0.413468,1.69576,0.133459,0
0.413556,1.69715,0.141022,0
0.413643,1.68755,0.147642,0
0.41373,1.68789,0.155095,0
0.413818,1.68321,0.162075,0
0.413905,1.69742,0.170921,0
0.413992,1.68969,0.177594,0
0.414079,1.69387,0.185509,0
0.414167,1.70298,0.19403,0
0.414254,1.74085,0.206043,0
0.414341,1.88882,0.231917,0
0.414428,1.97211,0.250884,0
0.414516,1.98091,0.260791,0
0.414603,1.97876,0.269297,0
0.41469,1.97459,0.277511,0
0.414777,1.98623,0.28799,0
0.414865,1.98001,0.295914,0
0.414952,1.98759,0.30592,0
0.415039,1.9892,0.315059,0
0.415127,1.9809,0.32261,0
0.415214,1.98934,0.332901,0
0.415301,1.98392,0.340901,0
0.415388,1.9834,0.349727,0
0.415476,1.97989,0.358022,0
0.415563,1.97536,0.366111,0
0.41565,1.98062,0.376032,0
0.415737,1.98583,0.386007,0
0.415825,1.9753,0.392912,0
0.415912,1.97357,0.401527,0
0.415999,1.9855,0.412985,0
0.416086,1.97977,0.420813,0
0.416174,1.98573,0.431145,0
0.416261,1.98383,0.439805,0
0.416348,1.9858,0.44934,0
0.416436,1.98382,0.458,0
0.416523,1.9818,0.466652,0
0.41661,1.97488,0.474127,0
0.416697,1.98057,0.484641,0
0.416785,1.97843,0.493279,0
0.416872,1.97626,0.501907,0
0.416959,1.97502,0.510775,0
0.417046,1.97761,0.520661,0
0.417134,1.97822,0.530061,0
0.417221,1.97685,0.538951,0
0.417308,1.97641,0.548106,0
0.417395,1.96437,0.55401,0
0.417483,1.96963,0.564781,0
0.41757,1.97194,0.574769,0
0.417657,1.97613,0.585356,0
0.417745,1.98217,0.596566,0
0.417832,1.97955,0.605209,0
0.417919,1.96734,0.610876,0
0.418006,1.98182,0.624867,0
0.418094,1.97432,0.631984,0
0.418181,1.97344,0.64121,0
0.418268,1.97442,0.651067,0
0.418355,1.97631,0.661263,0
0.418443,1.98666,0.67438,0
0.41853,1.97802,0.681089,0
0.418617,1.98353,0.69268,0
0.418704,1.98238,0.701996,0
0.418792,1.9727,0.708273,0
0.418879,1.97899,0.720294,0
0.418966,1.97865,0.729961,0
0.419054,1.97825,0.739638,0
0.419141,1.96752,0.745428,0
0.419228,1.97919,0.75974,0
0.419315,1.98238,0.770906,0
0.419403,1.97993,0.779915,0
0.41949,1.98115,0.790399,0
0.419577,1.9749,0.797912,0
0.419664,1.9751,0.808036,0
0.419752,1.97618,0.81856,0
0.419839,1.9772,0.829108,0
0.419926,1.97909,0.840072,0
0.420013,1.98,0.850673,0
0.420101,1.98452,0.862893,0
0.420188,1.98806,0.874766,0
0.420275,1.98148,0.882212,0
0.420363,1.98217,0.892903,0
0.42045,1.98099,0.902787,0
0.420537,1.98611,0.915609,0
0.420624,1.97938,0.922998,0
0.420712,1.97443,0.9312,0
0.420799,1.96673,0.938084,0
0.420886,1.98604,0.957952,0
0.420973,1.97555,0.96354,0
0.421061,1.9794,0.976131,0
0.421148,1.97959,0.986989,0
0.421235,1.98152,0.998768,0
0.421322,1.98249,1.01013,0
0.42141,1.98162,1.0206,0
0.421497,1.99223,1.03709,0
0.421584,1.9868,1.0453,0
0.421672,1.98398,1.0549,0
0.421759,1.97936,1.06355,0
0.421846,1.98788,1.07933,0
0.421933,1.9779,1.08511,0
0.422021,1.97926,1.09712,0
0.422108,1.97795,1.1077,0
0.422195,1.97571,1.1178,0
0.422282,1.97515,1.12889,0
0.42237,1.9806,1.1435,0
0.422457,1.97818,1.15364,0
0.422544,1.97916,1.16582,0
0.422631,1.97492,1.17495,0
0.422719,1.97234,1.1851,0
0.422806,1.97228,1.19681,0
0.422893,1.97813,1.2122,0
0.422981,1.97707,1.22345,0
0.423068,1.98189,1.23842,0
0.423155,1.97477,1.24599,0
0.423242,1.97522,1.25836,0
0.42333,1.97644,1.27129,0
0.423417,1.97339,1.28154,0
0.423504,1.97029,1.29178,0
0.423591,1.97798,1.30919,0
0.423679,1.98389,1.32559,0
0.423766,1.9756,1.33256,0
0.423853,1.97472,1.34454,0
0.42394,1.97131,1.35484,0
0.424028,1.97195,1.36799,0
0.424115,1.97416,1.38232,0
0.424202,1.97056,1.39265,0
0.42429,1.97179,1.40646,0
0.424377,1.96644,1.41564,0
0.424464,1.97886,1.43772,0
0.424551,1.96772,1.4428,0
0.424639,1.97749,1.46326,0
0.424726,1.97028,1.47128,0
0.424813,1.97902,1.4913,0
0.4249,1.97488,1.50173,0
0.424988,1.96831,1.51034,0
0.425075,1.96961,1.52503,0
0.425162,1.96845,1.53792,0
0.425249,1.97429,1.5564,0
0.425337,1.96669,1.56438,0
0.425424,1.97467,1.58484,0
0.425511,1.96385,1.59029,0
0.425599,1.96851,1.60834,0
0.425686,1.96919,1.62327,0
0.425773,1.96824,1.63696,0
0.42586,1.9741,1.65646,0
0.425948,1.97754,1.67411,0
0.426035,1.97401,1.68597,0
0.426122,1.97346,1.70044,0
0.426209,1.97206,1.71428,0
0.426297,1.97358,1.73078,0
0.426384,1.97425,1.74667,0
0.426471,1.97258,1.76059,0
0.426558,1.9842,1.78658,0
0.426646,1.97194,1.79119,0
0.426733,1.98328,1.81734,0
0.42682,1.97973,1.83005,0
0.426908,1.98416,1.85026,0
0.426995,1.97534,1.85822,0
0.427082,1.97229,1.87164,0
0.427169,1.98722,1.90235,0
0.427257,1.98106,1.91309,0
0.427344,1.97556,1.92451,0
0.427431,1.97856,1.94432,0
0.427518,1.98497,1.96772,0
0.427606,1.97283,1.97283,0
0.427693,1.97265,1.98994,0
0.42778,1.98077,2.01565,0
0.427867,1.98103,2.03358,0
0.427955,1.97769,2.04796,0
0.428042,1.97427,2.06235,0
0.428129,1.97971,2.08618,0
0.428217,1.98086,2.10572,0
0.428304,1.97984,2.12312,0
0.428391,1.9787,2.14055,0
0.428478,1.98894,2.17054,0
0.428566,1.98214,2.18216,0
0.428653,1.98196,2.20119,0
0.42874,1.99099,2.23071,0
0.428827,1.98653,2.24537,0
0.428915,1.9754,2.25251,0
0.429002,1.97671,2.27394,0
0.429089,1.98308,2.30148,0
0.429176,1.97692,2.31468,0
0.429264,1.97908,2.33778,0
0.429351,1.98043,2.36018,0
0.429438,1.9797,2.38033,0
0.429526,1.97948,2.4013,0
0.429613,1.97974,2.42307,0
0.4297,1.98299,2.44879,0
0.429787,1.97792,2.46443,0
0.429875,1.98084,2.49026,0
0.429962,1.98296,2.51537,0
0.430049,1.97997,2.53424,0
0.430136,1.98358,2.56183,0
0.430224,1.98274,2.58395,0
0.430311,1.97931,2.60293,0
0.430398,1.98238,2.63071,0
0.430485,1.98285,2.65535,0
0.430573,1.98314,2.68006,0
0.43066,1.98148,2.7024,0
0.430747,1.98613,2.73367,0
0.430835,1.98586,2.75854,0
0.430922,1.9831,2.7802,0
0.431009,1.98134,2.80353,0
0.431096,1.98228,2.83099,0
0.431184,1.98359,2.85933,0
0.431271,1.98242,2.88444,0
0.431358,1.98332,2.9129,0
0.431445,1.98346,2.9406,0
0.431533,1.98116,2.96502,0
0.43162,1.98256,2.99532,0
0.431707,1.98701,3.0307,0
0.431794,1.98739,3.06031,0
0.431882,1.97888,3.07652,0
0.431969,1.96276,3.08091,0
0.432056,1.93809,3.07168,0
0.432144,1.92255,3.07672,0
0.432231,1.90489,3.07827,0
0.432318,1.8857,3.07718,0
0.432405,1.86655,3.07597,0
0.432493,1.8459,3.07209,0
0.43258,1.83094,3.07753,0
0.432667,1.81546,3.08205,0
0.432754,1.79293,3.07439,0
0.432842,1.777,3.07785,0
0.432929,1.76157,3.08211,0
0.433016,1.74367,3.08193,0
0.433103,1.72483,3.07991,0
0.433191,1.70701,3.07954,0
0.433278,1.69212,3.08432,0
0.433365,1.6734,3.08201,0
0.433453,1.65709,3.084,0
0.43354,1.63799,3.0806,0
0.433627,1.61894,3.0771,0
0.433714,1.60411,3.08148,0
0.433802,1.5847,3.07689,0
0.433889,1.56945,3.08021,0
0.433976,1.55644,3.08792,0
0.434063,1.54161,3.092,0
0.434151,1.5259,3.09421,0
0.434238,1.508,3.09185,0
0.434325,1.48971,3.08849,0
0.434412,1.47751,3.09767,0
0.4345,1.45844,3.09233,0
0.434587,1.44028,3.0887,0
0.434674,1.42344,3.08769,0
0.434762,1.40747,3.08841,0
0.434849,1.39275,3.09178,0
0.434936,1.37558,3.08961,0
0.435023,1.35726,3.0846,0
0.435111,1.34418,3.09141,0
0.435198,1.32792,3.09081,0
0.435285,1.31442,3.09658,0
0.435372,1.29664,3.09214,0
0.43546,1.28276,3.09684,0
0.435547,1.26696,3.09686,0
0.435634,1.24894,3.09123,0
0.435721,1.23433,3.09386,0
0.435809,1.21715,3.08992,0
0.435896,1.19786,3.08029,0
0.435983,1.18548,3.08828,0
0.436071,1.1727,3.0953,0
0.436158,1.15568,3.09102,0
0.436245,1.14046,3.09134,0
0.436332,1.12627,3.09441,0
0.43642,1.11141,3.09553,0
0.436507,1.09589,3.09469,0
0.436594,1.08237,3.09944,0
0.436681,1.06591,3.09563,0
0.436769,1.05207,3.0993,0
0.436856,1.03759,3.10102,0
0.436943,1.02311,3.10267,0
0.43703,1.00832,3.1033,0
0.437118,0.992943,3.10195,0
0.437205,0.976392,3.09672,0
0.437292,0.961684,3.09713,0
0.437379,0.945238,3.09173,0
0.437467,0.921652,3.06231,0
0.437554,0.898909,3.03466,0
0.437641,0.887058,3.04336,0
0.437729,0.869912,3.03374,0
0.437816,0.854495,3.02981,0
0.437903,0.843672,3.04218,0
0.43799,0.829075,3.04101,0
0.438078,0.813727,3.03687,0
0.438165,0.798432,3.03266,0
0.438252,0.785192,3.03611,0
0.438339,0.769229,3.02885,0
0.438427,0.755522,3.03023,0
0.438514,0.742531,3.03447,0
0.438601,0.727649,3.03088,0
0.438688,0.713272,3.02916,0
0.438776,0.701173,3.03711,0
0.438863,0.687252,3.03722,0
0.43895,0.671396,3.02847,0
0.439038,0.65966,3.03821,0
0.439125,0.645982,3.0391,0
0.439212,0.632308,3.03994,0
0.439299,0.617642,3.03581,0
0.439387,0.602244,3.02768,0
0.439474,0.588837,3.0293,0
0.439561,0.576359,3.03577,0
0.439648,0.562743,3.03629,0
0.439736,0.548778,3.03478,0
0.439823,0.534663,3.03222,0
0.43991,0.521258,3.03354,0
0.439997,0.507687,3.03381,0
0.440085,0.493641,3.03107,0
0.440172,0.479315,3.02628,0
0.440259,0.46565,3.02537,0
0.440347,0.452888,3.03034,0
0.440434,0.440235,3.03625,0
0.440521,0.426148,3.0322,0
0.440608,0.4117,3.02511,0
0.440696,0.398105,3.02391,0
0.440783,0.385917,3.03355,0
0.44087,0.37292,3.03719,0
0.440957,0.358842,3.03184,0
0.441045,0.345836,3.03536,0
0.441132,0.33248,3.03585,0
0.441219,0.31923,3.03727,0
0.441306,0.305674,3.03565,0
0.441394,0.292713,3.03994,0
0.441481,0.278806,3.03422,0
0.441568,0.265564,3.03541,0
0.441656,0.252731,3.04152,0
0.441743,0.240634,3.05755,0
0.44183,0.231441,3.11441,0
0.441917,0.217292,3.10741,0
0.442005,0.204189,3.11532,0
0.442092,0.190227,3.11019,0
0.442179,0.176655,3.11099,0
0.442266,0.162974,3.10973,0
0.442354,0.1495,3.11241,0
0.442441,0.136354,3.12302,0
0.442528,0.122451,3.1166,0
0.442615,0.108956,3.1201,0
0.442703,0.0953719,3.12154,0
0.44279,0.081934,3.12893,0
0.442877,0.0680844,3.12026,0
0.442965,0.054504,3.12252,0
0.443052,0.0408396,3.11973,0
0.443139,0.0273229,3.13088,0
0.443226,0.013618,3.12097,0
0.443314,1.13477e-07,3.119,0
0.443401,-0.013609,3.11897,0
0.443488,-0.0272441,3.12188,0
0.443575,-0.0409049,3.12473,0
0.443663,-0.0544339,3.11853,0
0.44375,-0.0679969,3.11626,0
0.443837,-0.0815934,3.11593,0
0.443924,-0.0954022,3.12254,0
0.444012,-0.108851,3.1171,0
0.444099,-0.122491,3.11759,0
0.444186,-0.136398,3.12402,0
0.444274,-0.150171,3.1264,0
0.444361,-0.164073,3.1307,0
0.444448,-0.177562,3.12696,0
0.444535,-0.191143,3.12516,0
0.444623,-0.20445,3.11931,0
0.44471,-0.218338,3.12238,0
0.444797,-0.232478,3.12837,0
0.444884,-0.245969,3.12534,0
0.444972,-0.260018,3.12922,0
0.445059,-0.273843,3.13004,0
0.445146,-0.287681,3.13081,0
0.445233,-0.300956,3.12554,0
0.445321,-0.31439,3.12221,0
0.445408,-0.327906,3.11982,0
0.445495,-0.342713,3.12929,0
0.445583,-0.356703,3.13074,0
0.44567,-0.370948,3.13412,0
0.445757,-0.38401,3.12751,0
0.445844,-0.398158,3.12978,0
0.445932,-0.412724,3.13495,0
0.446019,-0.425185,3.1242,0
0.446106,-0.439509,3.12727,0
0.446193,-0.454585,3.13522,0
0.446281,-0.467817,3.13024,0
0.446368,-0.481166,3.12619,0
0.446455,-0.495741,3.12998,0
0.446542,-0.510518,3.1347,0
0.44663,-0.524191,3.13244,0
0.446717,-0.538701,3.13505,0
0.446804,-0.552896,3.13563,0
0.446892,-0.56675,3.13417,0
0.446979,-0.580056,3.1297,0
0.447066,-0.594079,3.1291,0
0.447153,-0.609253,3.13434,0
0.447241,-0.620582,3.11988,0
0.447328,-0.538692,2.64776,0
0.447415,-0.535985,2.57685,0
0.447502,-0.531838,2.5021,0
0.44759,-0.539143,2.48314,0
0.447677,-0.544346,2.45538,0
0.447764,-0.551523,2.43738,0
0.447851,-0.560128,2.42618,0
0.447939,-0.567958,2.41203,0
0.448026,-0.575676,2.39786,0
0.448113,-0.582093,2.37882,0
0.448201,-0.588596,2.36073,0
0.448288,-0.595937,2.34651,0
0.448375,-0.604417,2.33711,0
0.448462,-0.612318,2.32575,0
0.44855,-0.616507,2.30084,0
0.448637,-0.626277,2.29716,0
0.448724,-0.633622,2.28477,0
0.448811,-0.641685,2.27524,0
0.448899,-0.651331,2.27146,0
0.448986,-0.661236,2.2686,0
0.449073,-0.668572,2.25706,0
0.44916,-0.682737,2.26849,0
0.449248,-0.697599,2.28174,0
0.449335,-0.696873,2.2443,0
0.449422,-0.696134,2.20785,0
0.44951,-0.695395,2.17241,0
0.449597,-0.700541,2.15605,0
0.449684,-0.672049,2.03805,0
0.449771,-0.692359,2.06924,0
0.449859,-0.695916,2.0501,0
0.449946,-0.698018,2.02719,0
0.450033,-0.695977,1.99297,0
0.45012,-0.695987,1.96541,0
0.450208,-0.695433,1.93694,0
0.450295,-0.699089,1.92073,0
0.450382,-0.701579,1.90171,0
0.450469,-0.703917,1.88271,0
0.450557,-0.69937,1.84596,0
0.450644,-0.697026,1.81581,0
0.450731,-0.702405,1.80623,0
0.450819,-0.701117,1.77989,0
0.450906,-0.702577,1.76102,0
0.450993,-0.696768,1.72456,0
0.45108,-0.697092,1.70392,0
0.451168,-0.696484,1.68146,0
0.451255,-0.660889,1.57604,0
0.451342,-0.638845,1.50503,0
0.451429,-0.631985,1.47098,0
0.451517,-0.584167,1.34349,0
0.451604,-0.569887,1.29517,0
0.451691,-0.574719,1.29084,0
0.451778,-0.572542,1.271,0
0.451866,-0.570203,1.2512,0
0.451953,-0.562679,1.22054,0
0.45204,-0.569689,1.2217,0
0.452128,-0.569469,1.20745,0
0.452215,-0.574302,1.20405,0
0.452302,-0.579115,1.20063,0
0.452389,-0.583034,1.1954,0
0.452477,-0.584706,1.18567,0
0.452564,-0.59612,1.19563,0
0.452651,-0.600431,1.19123,0
0.452738,-0.603353,1.18415,0
0.452826,-0.610804,1.18595,0
0.452913,-0.624284,1.19924,0
0.453,-0.631373,1.20004,0
0.453087,-0.634256,1.19286,0
0.453175,-0.641348,1.19361,0
0.453262,-0.645596,1.18904,0
0.453349,-0.659436,1.20199,0
0.453437,-0.691338,1.24721,0
0.453524,-0.694331,1.23982,0
0.453611,-0.69087,1.22111,0
0.453698,-0.674854,1.18075,0
0.453786,-0.6665,1.15441,0
0.453873,-0.664982,1.14026,0
0.45396,-0.66183,1.12356,0
0.454047,-0.663147,1.11465,0
0.454135,-0.661824,1.10146,0
0.454222,-0.662992,1.09258,0
0.454309,-0.662006,1.0803,0
0.454396,-0.663556,1.07229,0
0.454484,-0.666638,1.06684,0
0.454571,-0.664884,1.05378,0
0.454658,-0.661953,1.03906,0
0.454746,-0.659989,1.02607,0
0.454833,-0.656835,1.01144,0
0.45492,-0.660693,1.00772,0
0.455007,-0.661772,0.999829,0
0.455095,-0.662795,0.991943,0
0.455182,-0.670472,0.994016,0
0.455269,-0.665798,0.977856,0
0.455356,-0.0566406,0.0824126,0
0.455444,-0.0638396,0.0920245,0
0.455531,-0.0688292,0.0982982,0
0.455618,-0.0559831,0.0792142,0
0.455705,-0.0708458,0.0993221,0
0.455793,-0.0642675,0.0892731,0
0.45588,-0.0693587,0.095464,0
0.455967,-0.0685919,0.0935476,0
0.456055,-0.0654305,0.0884243,0
0.456142,-0.0592341,0.0793241,0
0.456229,-0.0692087,0.0918431,0
0.456316,-0.0641612,0.0843762,0
0.456404,-0.0669638,0.0872689,0
0.456491,-0.0691805,0.0893479,0
0.456578,-0.0689541,0.0882572,0
0.456665,-0.0681003,0.0863849,0
0.456753,-0.0678541,0.0853043,0
0.45684,-0.0644701,0.0803281,0
0.456927,-0.06482,0.080046,0
0.457014,-0.0645359,0.0789881,0
0.457102,-0.0655161,0.0794773,0
0.457189,-0.0696988,0.0838038,0
0.457276,-0.0617076,0.0735403,0
0.457364,-0.0646124,0.0763232,0
0.457451,-0.0668931,0.0783218,0
0.457538,-0.0737619,0.0856048,0
0.457625,-0.0629817,0.0724521,0
0.457713,-0.0626379,0.0714248,0
0.4578,-0.0709003,0.0801383,0
0.457887,-0.067254,0.0753518,0
0.457974,-0.0508539,0.056479,0
0.458062,-0.0537893,0.0592174,0
0.458149,-0.0608031,0.066355,0
0.458236,-0.0570193,0.0616831,0
0.458323,-0.0654718,0.07021,0
0.458411,-0.0534443,0.0568129,0
0.458498,-0.05438,0.0573046,0
0.458585,-0.0449483,0.0469537,0
0.458673,-0.0416795,0.0431604,0
0.45876,-0.0558232,0.0573042,0
0.458847,-0.0273355,0.0278168,0
0.458934,-0.0380168,0.03835,0
0.459022,-0.0608112,0.0608112,0
