7200
6996
6.0912
6.10691,-0.0424264,-0.0424264,0
6.10699,-0.0295686,-0.0298278,0
6.10717,-0.0502409,-0.0515737,0
6.10726,-0.0416795,-0.0431604,0
6.10734,-0.0470229,-0.0491208,0
6.10743,-0.0371711,-0.0391702,0
6.10752,-0.0445369,-0.0473441,0
6.10761,-0.0361459,-0.0387617,0
6.10769,-0.0549829,-0.0594801,0
6.10778,-0.056074,-0.061194,0
6.10787,-0.047738,-0.0525555,0
6.10795,-0.0548687,-0.0609379,0
6.10804,-0.0665882,-0.0746057,0
6.10813,-0.0536722,-0.0606654,0
6.10822,-0.0520883,-0.0593953,0
6.1083,-0.066918,-0.0769804,0
6.10839,-0.0698453,-0.0810595,0
6.10848,-0.0519558,-0.0608325,0
6.10856,-0.0613818,-0.0725071,0
6.10865,-0.0752062,-0.0896272,0
6.10874,-0.06842,-0.0822661,0
6.10883,-0.0616996,-0.0748476,0
6.10891,-0.0809863,-0.0991223,0
6.109,-0.0943981,-0.116572,0
6.10909,-0.108911,-0.1357,0
6.10918,-0.113298,-0.142435,0
6.10926,-0.108341,-0.13743,0
6.10935,-0.110203,-0.141054,0
6.10944,-0.132851,-0.17158,0
6.10952,-0.145494,-0.189611,0
6.10961,-0.161008,-0.211737,0
6.1097,-0.167305,-0.222021,0
6.10979,-0.190267,-0.254799,0
6.10987,-0.224843,-0.303858,0
6.10996,-0.258402,-0.352416,0
6.11005,-0.269206,-0.37053,0
6.11014,-0.277519,-0.385498,0
6.11022,-0.302546,-0.424154,0
6.11031,-0.303578,-0.429553,0
6.1104,-0.299407,-0.427597,0
6.11048,-0.300388,-0.433008,0
6.11057,-0.304727,-0.44338,0
6.11066,-0.301101,-0.442226,0
6.11075,-0.295813,-0.438561,0
6.11083,-0.291674,-0.436522,0
6.11092,-0.289767,-0.43779,0
6.11101,-0.297723,-0.454103,0
6.1111,-0.289203,-0.445334,0
6.11118,-0.287798,-0.447433,0
6.11127,-0.281545,-0.441937,0
6.11136,-0.291887,-0.462613,0
6.11144,-0.306293,-0.490172,0
6.11153,-0.29889,-0.483,0
6.11162,-0.283194,-0.462131,0
6.11171,-0.284807,-0.469347,0
6.11179,-0.284816,-0.474013,0
6.11188,-0.294505,-0.495018,0
6.11197,-0.307061,-0.521286,0
6.11206,-0.308813,-0.529531,0
6.11214,-0.3095,-0.53607,0
6.11223,-0.308647,-0.54002,0
6.11232,-0.312197,-0.551805,0
6.1124,-0.312229,-0.557525,0
6.11249,-0.310278,-0.559757,0
6.11258,-0.310719,-0.566365,0
6.11267,-0.313493,-0.577383,0
6.11275,-0.306238,-0.569936,0
6.11284,-0.310321,-0.583628,0
6.11293,-0.310099,-0.589402,0
6.11302,-0.308448,-0.592523,0
6.1131,-0.30586,-0.593863,0
6.11319,-0.30145,-0.591628,0
6.11328,-0.300666,-0.59651,0
6.11336,-0.300291,-0.602291,0
6.11345,-0.298987,-0.606286,0
6.11354,-0.291955,-0.598597,0
6.11363,-0.283258,-0.587255,0
6.11371,-0.280693,-0.588486,0
6.1138,-0.272577,-0.577947,0
6.11389,-0.26625,-0.570974,0
6.11398,-0.26878,-0.583028,0
6.11406,-0.269551,-0.591475,0
6.11415,-0.265324,-0.588998,0
6.11424,-0.263565,-0.591977,0
6.11432,-0.256952,-0.583969,0
6.11441,-0.251611,-0.578665,0
6.1145,-0.249873,-0.581595,0
6.11459,-0.24577,-0.578998,0
6.11467,-0.248268,-0.592053,0
6.11476,-0.242239,-0.584816,0
6.11485,-0.240063,-0.586793,0
6.11494,-0.23338,-0.577636,0
6.11502,-0.235304,-0.589794,0
6.11511,-0.234194,-0.594537,0
6.1152,-0.230148,-0.591825,0
6.11528,-0.227205,-0.59189,0
6.11537,-0.220723,-0.582589,0
6.11546,-0.21993,-0.58823,0
6.11555,-0.217015,-0.588246,0
6.11563,-0.213079,-0.585429,0
6.11572,-0.21086,-0.587294,0
6.11581,-0.205625,-0.580667,0
6.1159,-0.20276,-0.580615,0
6.11598,-0.198271,-0.575821,0
6.11607,-0.195435,-0.575733,0
6.11616,-0.19546,-0.584167,0
6.11624,-0.191969,-0.582166,0
6.11633,-0.184174,-0.56683,0
6.11642,-0.184443,-0.576199,0
6.11651,-0.181326,-0.575091,0
6.11659,-0.176442,-0.568237,0
6.11668,-0.175131,-0.572827,0
6.11677,-0.174935,-0.581246,0
6.11686,-0.170125,-0.574333,0
6.11694,-0.164819,-0.565469,0
6.11703,-0.163729,-0.570989,0
6.11712,-0.159878,-0.566886,0
6.1172,-0.159541,-0.575287,0
6.11729,-0.155188,-0.569224,0
6.11738,-0.151927,-0.566998,0
6.11747,-0.149706,-0.568623,0
6.11755,-0.144219,-0.557653,0
6.11764,-0.146215,-0.575723,0
6.11773,-0.141282,-0.566653,0
6.11782,-0.14071,-0.575034,0
6.1179,-0.139133,-0.579533,0
6.11799,-0.132019,-0.560666,0
6.11808,-0.128447,-0.556365,0
6.11816,-0.125356,-0.553994,0
6.11825,-0.125751,-0.567228,0
6.11834,-0.122427,-0.563862,0
6.11843,-0.118718,-0.558522,0
6.11851,-0.116687,-0.560993,0
6.1186,-0.114637,-0.563457,0
6.11869,-0.112762,-0.566894,0
6.11878,-0.110478,-0.568362,0
6.11886,-0.106692,-0.561962,0
6.11895,-0.102781,-0.554556,0
6.11904,-0.10036,-0.554999,0
6.11912,-0.0984585,-0.558386,0
6.11921,-0.0956825,-0.556839,0
6.1193,-0.0922616,-0.551334,0
6.11939,-0.0888906,-0.545809,0
6.11947,-0.0880726,-0.556069,0
6.11956,-0.0815381,-0.529762,0
6.11965,-0.0777478,-0.520222,0
6.11974,-0.077773,-0.536391,0
6.11982,-0.0761277,-0.541677,0
6.11991,-0.0728195,-0.535068,0
6.12,-0.0691789,-0.525466,0
6.12008,-0.0694094,-0.545603,0
6.12017,-0.0673937,-0.548878,0
6.12026,-0.0639404,-0.540229,0
6.12035,-0.0627146,-0.550439,0
6.12043,-0.0590059,-0.538779,0
6.12052,-0.0562363,-0.535053,0
6.12061,-0.0539012,-0.535293,0
6.12069,-0.0518526,-0.538509,0
6.12078,-0.0510579,-0.555659,0
6.12087,-0.0510733,-0.58377,0
6.12096,-0.0441368,-0.531169,0
6.12104,-0.130007,-1.65189,0
6.12113,-0.121538,-1.63549,0
6.12122,-0.114959,-1.64399,0
6.12131,-0.110597,-1.68738,0
6.12139,-0.10537,-1.72278,0
6.12148,-0.0999494,-1.76016,0
6.12157,-0.0963505,-1.83848,0
6.12165,-0.0897671,-1.86885,0
6.12174,-0.0819172,-1.87621,0
6.12183,-0.0734551,-1.86956,0
6.12192,-0.0656111,-1.87885,0
6.122,-0.0573514,-1.87712,0
6.12209,-0.0492127,-1.87936,0
6.12218,-0.0406848,-1.86456,0
6.12227,-0.032828,-1.88071,0
6.12235,-0.0245954,-1.87884,0
6.12244,-0.0163797,-1.87693,0
6.12253,-0.00814632,-1.86698,0
6.12261,-2.23461e-08,-1.855,0
6.1227,0.0080241,-1.83898,0
6.12279,0.0159608,-1.82893,0
6.12288,0.0241765,-1.84684,0
6.12296,0.0323044,-1.85072,0
6.12305,0.0411647,-1.88655,0
6.12314,0.0516994,-1.97432,0
6.12323,0.0644057,-2.10802,0
6.12331,0.0744057,-2.1307,0
6.1234,0.0838197,-2.13335,0
6.12349,0.093738,-2.14695,0
6.12357,0.102913,-2.14253,0
6.12366,0.112313,-2.14306,0
6.12375,0.121719,-2.14355,0
6.12384,0.130705,-2.13701,0
6.12392,0.140355,-2.14141,0
6.12401,0.149767,-2.14177,0
6.1241,0.159333,-2.14409,0
6.12419,0.168844,-2.14537,0
6.12427,0.178203,-2.14461,0
6.12436,0.186426,-2.13086,0
6.12445,0.196088,-2.13401,0
6.12453,0.206356,-2.14309,0
6.12462,0.215404,-2.13918,0
6.12471,0.22505,-2.14121,0
6.1248,0.234281,-2.13921,0
6.12488,0.243727,-2.13916,0
6.12497,0.25294,-2.13708,0
6.12506,0.262019,-2.13397,0
6.12515,0.271706,-2.13579,0
6.12523,0.282459,-2.14549,0
6.12532,0.291008,-2.13829,0
6.12541,0.301727,-2.1469,0
6.12549,0.309944,-2.13765,0
6.12558,0.320007,-2.14122,0
6.12567,0.330564,-2.14771,0
6.12576,0.338055,-2.13439,0
6.12584,0.34849,-2.13981,0
6.12593,0.357823,-2.13827,0
6.12602,0.36698,-2.1357,0
6.12611,0.378032,-2.14393,0
6.12619,0.387383,-2.14226,0
6.12628,0.395087,-2.1317,0
6.12637,0.405876,-2.13781,0
6.12645,0.412911,-2.12424,0
6.12654,0.416713,-2.09496,0
6.12663,0.400131,-1.96671,0
6.12672,0.40708,-1.95711,0
6.1268,0.410002,-1.92891,0
6.12689,0.39656,-1.82644,0
6.12698,0.405824,-1.83055,0
6.12707,0.415353,-1.83559,0
6.12715,0.43573,-1.88735,0
6.12724,0.456109,-1.93702,0
6.12733,0.494437,-2.05948,0
6.12741,0.520294,-2.12627,0
6.1275,0.531744,-2.13271,0
6.12759,0.54006,-2.12649,0
6.12768,0.553089,-2.13864,0
6.12776,0.562925,-2.13814,0
6.12785,0.573284,-2.13953,0
6.12794,0.581562,-2.13314,0
6.12803,0.594338,-2.14311,0
6.12811,0.601241,-2.13184,0
6.1282,0.611915,-2.134,0
6.12829,0.619821,-2.12651,0
6.12837,0.629946,-2.12666,0
6.12846,0.641525,-2.13155,0
6.12855,0.654913,-2.14212,0
6.12864,0.665439,-2.14306,0
6.12872,0.676889,-2.14682,0
6.12881,0.682591,-2.13241,0
6.1289,0.695597,-2.14083,0
6.12899,0.705245,-2.13872,0
6.12907,0.715205,-2.13752,0
6.12916,0.725167,-2.13627,0
6.12925,0.737086,-2.14065,0
6.12933,0.747409,-2.14025,0
6.12942,0.759411,-2.14451,0
6.12951,0.770112,-2.14494,0
6.1296,0.774334,-2.12746,0
6.12968,0.777033,-2.10624,0
6.12977,0.775009,-2.07286,0
6.12986,0.77448,-2.04421,0
6.12995,0.775508,-2.02027,0
6.13003,0.77308,-1.98797,0
6.13012,0.774784,-1.9669,0
6.13021,0.772983,-1.9375,0
6.13029,0.774312,-1.91649,0
6.13038,0.750482,-1.83442,0
6.13047,0.742788,-1.79325,0
6.13056,0.742872,-1.77155,0
6.13064,0.749422,-1.76553,0
6.13073,0.741724,-1.72641,0
6.13082,0.751642,-1.72866,0
6.13091,0.761594,-1.73085,0
6.13099,0.782968,-1.75857,0
6.13108,0.807884,-1.79344,0
6.13117,0.826069,-1.81264,0
6.13125,0.838575,-1.81901,0
6.13134,0.846504,-1.81533,0
6.13143,0.854844,-1.81253,0
6.13152,0.872215,-1.82864,0
6.1316,0.89626,-1.85814,0
6.13169,0.898661,-1.84253,0
6.13178,0.907576,-1.84038,0
6.13187,0.91649,-1.8382,0
6.13195,0.921351,-1.82793,0
6.13204,0.927049,-1.81944,0
6.13213,0.931315,-1.80826,0
6.13221,0.930885,-1.78821,0
6.1323,0.943335,-1.79298,0
6.13239,0.985421,-1.85331,0
6.13248,1.00107,-1.86308,0
6.13256,1.0173,-1.87364,0
6.13265,1.02932,-1.8762,0
6.13274,1.03458,-1.86644,0
6.13283,1.04174,-1.86016,0
6.13291,1.05576,-1.86604,0
6.133,1.06538,-1.86402,0
6.13309,1.078,-1.86715,0
6.13317,1.08714,-1.86416,0
6.13326,1.09425,-1.85767,0
6.13335,1.10439,-1.85632,0
6.13344,1.10836,-1.84462,0
6.13352,1.10654,-1.82353,0
6.13361,1.10508,-1.80333,0
6.1337,1.10452,-1.78489,0
6.13378,1.10276,-1.76479,0
6.13387,1.12379,-1.7811,0
6.13396,1.20355,-1.8892,0
6.13405,1.37678,-2.14044,0
6.13413,1.39972,-2.15538,0
6.13422,1.41624,-2.16013,0
6.13431,1.43338,-2.1656,0
6.1344,1.44948,-2.1693,0
6.13448,1.46285,-2.16876,0
6.13457,1.47511,-2.16649,0
6.13466,1.48568,-2.16168,0
6.13474,1.50137,-2.16422,0
6.13483,1.51883,-2.16911,0
6.13492,1.52597,-2.1592,0
6.13501,1.54641,-2.16799,0
6.13509,1.56287,-2.17096,0
6.13518,1.57585,-2.16897,0
6.13527,1.59062,-2.16934,0
6.13536,1.60662,-2.17122,0
6.13544,1.61727,-2.16579,0
6.13553,1.62911,-2.16191,0
6.13562,1.647,-2.16592,0
6.1357,1.65948,-2.16268,0
6.13579,1.68176,-2.17202,0
6.13588,1.69245,-2.16624,0
6.13597,1.7087,-2.16747,0
6.13605,1.72872,-2.1733,0
6.13614,1.74132,-2.16964,0
6.13623,1.75392,-2.16591,0
6.13632,1.77284,-2.16985,0
6.1364,1.79247,-2.17444,0
6.13649,1.81217,-2.1789,0
6.13658,1.82295,-2.1725,0
6.13666,1.83628,-2.16911,0
6.13675,1.85352,-2.1702,0
6.13684,1.87211,-2.1727,0
6.13693,1.88355,-2.16677,0
6.13701,1.90221,-2.16906,0
6.1371,1.91961,-2.16972,0
6.13719,1.93372,-2.16655,0
6.13728,1.95988,-2.17667,0
6.13736,1.97474,-2.17402,0
6.13745,1.98759,-2.16907,0
6.13754,1.99092,-2.15377,0
6.13762,1.99621,-2.14067,0
6.13771,1.99662,-2.12247,0
6.1378,1.99347,-2.10068,0
6.13789,1.99502,-2.08402,0
6.13797,1.99367,-2.06451,0
6.13806,1.99289,-2.04576,0
6.13815,2.0018,-2.03704,0
6.13824,1.99659,-2.01409,0
6.13832,1.99263,-1.99263,0
6.13841,1.99207,-1.97476,0
6.1385,1.99496,-1.96044,0
6.13858,1.98989,-1.93846,0
6.13867,1.98538,-1.91726,0
6.13876,1.98217,-1.89751,0
6.13885,1.98535,-1.88403,0
6.13893,1.99355,-1.87535,0
6.13902,1.99513,-1.86049,0
6.13911,1.99222,-1.84159,0
6.1392,1.98917,-1.82274,0
6.13928,1.98601,-1.80396,0
6.13937,1.98791,-1.78992,0
6.13946,1.98675,-1.77324,0
6.13954,1.99447,-1.76456,0
6.13963,1.99463,-1.74924,0
6.13972,2.00149,-1.73987,0
6.13981,1.99315,-1.71741,0
6.13989,1.98922,-1.69896,0
6.13998,1.98059,-1.67669,0
6.14007,1.98482,-1.66546,0
6.14016,1.98438,-1.65039,0
6.14024,1.98462,-1.63599,0
6.14033,1.97935,-1.61719,0
6.14042,1.98638,-1.60854,0
6.1405,1.98091,-1.58985,0
6.14059,1.98626,-1.57994,0
6.14068,1.97978,-1.56074,0
6.14077,1.99761,-1.5607,0
6.14085,1.98542,-1.53728,0
6.14094,1.98735,-1.52495,0
6.14103,1.98523,-1.5096,0
6.14112,1.98221,-1.49371,0
6.1412,1.9831,-1.48085,0
6.14129,1.98874,-1.47159,0
6.14138,1.98224,-1.45344,0
6.14146,1.97966,-1.43831,0
6.14155,1.98592,-1.42966,0
6.14164,1.97097,-1.40588,0
6.14173,1.97872,-1.39842,0
6.14181,1.98153,-1.38748,0
6.1419,1.98099,-1.37426,0
6.14199,1.98532,-1.36447,0
6.14208,1.98134,-1.34904,0
6.14216,1.97725,-1.33368,0
6.14225,1.98222,-1.32448,0
6.14234,1.97881,-1.30975,0
6.14242,1.98367,-1.30055,0
6.14251,1.9801,-1.28589,0
6.1426,1.98317,-1.27562,0
6.14269,1.98619,-1.26534,0
6.14277,1.98492,-1.25239,0
6.14286,1.98698,-1.2416,0
6.14295,1.98387,-1.22766,0
6.14304,1.9858,-1.2169,0
6.14312,1.98425,-1.20407,0
6.14321,1.97834,-1.18871,0
6.1433,1.97492,-1.17495,0
6.14338,1.98175,-1.16734,0
6.14347,1.97818,-1.15364,0
6.14356,1.98839,-1.148,0
6.14365,1.98644,-1.13534,0
6.14373,1.9818,-1.12125,0
6.14382,1.9858,-1.1121,0
6.14391,1.98889,-1.10246,0
6.144,1.98842,-1.09088,0
6.14408,1.98701,-1.07886,0
6.14417,1.97936,-1.06355,0
6.14426,1.98398,-1.0549,0
6.14434,1.98503,-1.04437,0
6.14443,1.98158,-1.03155,0
6.14452,1.98429,-1.02197,0
6.14461,1.98784,-1.01285,0
6.14469,1.97973,-0.997868,0
6.14478,1.98317,-0.988774,0
6.14487,1.97043,-0.971708,0
6.14496,1.98633,-0.9688,0
6.14504,1.98694,-0.958386,0
6.14513,1.9911,-0.949708,0
6.14522,1.99432,-0.940584,0
6.1453,1.99297,-0.929338,0
6.14539,1.98611,-0.915609,0
6.14548,1.98554,-0.904861,0
6.14557,1.99038,-0.896599,0
6.14565,1.98787,-0.885059,0
6.14574,1.98623,-0.87396,0
6.14583,1.98177,-0.861697,0
6.14591,1.98643,-0.853436,0
6.146,1.98461,-0.842416,0
6.14609,1.97812,-0.829495,0
6.14618,1.98172,-0.820856,0
6.14626,1.97973,-0.809929,0
6.14635,1.97212,-0.796788,0
6.14644,1.97651,-0.788546,0
6.14653,1.98086,-0.780281,0
6.14661,1.98331,-0.771268,0
6.1467,1.98012,-0.760098,0
6.14679,1.97688,-0.748971,0
6.14687,1.98106,-0.740689,0
6.14696,1.97489,-0.728576,0
6.14705,1.98181,-0.721321,0
6.14714,1.97553,-0.709287,0
6.14722,1.97578,-0.699659,0
6.14731,1.97975,-0.691361,0
6.1474,1.98086,-0.682065,0
6.14749,1.98192,-0.672773,0
6.14757,1.98769,-0.665071,0
6.14766,1.98012,-0.652947,0
6.14775,1.97249,-0.640901,0
6.14783,1.97622,-0.632593,0
6.14792,1.96561,-0.619755,0
6.14801,1.98262,-0.61562,0
6.1481,1.97477,-0.603748,0
6.14818,1.986,-0.597719,0
6.14827,1.98092,-0.586776,0
6.14836,1.98346,-0.578127,0
6.14845,1.9802,-0.567813,0
6.14853,1.98266,-0.559167,0
6.14862,1.97833,-0.54864,0
6.14871,1.97781,-0.539214,0
6.14879,1.98015,-0.530579,0
6.14888,1.97664,-0.520406,0
6.14897,1.97986,-0.512027,0
6.14906,1.98498,-0.504122,0
6.14914,1.97552,-0.492553,0
6.14923,1.97862,-0.484166,0
6.14932,1.97586,-0.474361,0
6.14941,1.97888,-0.465964,0
6.14949,1.97895,-0.456876,0
6.14958,1.97604,-0.447133,0
6.14967,1.97505,-0.437857,0
6.14975,1.98378,-0.430721,0
6.14984,1.98271,-0.421437,0
6.14993,1.97376,-0.410542,0
6.15002,1.98239,-0.403321,0
6.1501,1.98217,-0.394278,0
6.15019,1.97896,-0.384671,0
6.15028,1.97571,-0.3751,0
6.15037,1.97831,-0.366658,0
6.15045,1.97595,-0.357311,0
6.15054,1.98537,-0.350075,0
6.15063,1.98392,-0.340901,0
6.15071,1.98934,-0.332901,0
6.1508,1.98189,-0.322771,0
6.15089,1.99414,-0.315841,0
6.15098,1.98265,-0.30516,0
6.15106,1.97506,-0.295175,0
6.15115,1.98425,-0.287703,0
6.15124,1.97658,-0.27779,0
6.15133,1.98768,-0.270511,0
6.15141,1.97694,-0.260269,0
6.1515,1.98203,-0.252146,0
6.15159,1.97814,-0.242886,0
6.15167,1.98912,-0.235427,0
6.15176,1.98118,-0.225727,0
6.15185,1.98612,-0.217516,0
6.15194,1.98805,-0.208952,0
6.15202,1.977,-0.199074,0
6.15211,1.97984,-0.190637,0
6.1522,1.97169,-0.181173,0
6.15229,1.98143,-0.173353,0
6.15237,1.98117,-0.164623,0
6.15246,1.96991,-0.155035,0
6.15255,1.96259,-0.145846,0
6.15263,1.76369,-0.123329,0
6.15272,1.69037,-0.110793,0
6.15281,1.67886,-0.102684,0
6.1529,1.69227,-0.0960943,0
6.15298,1.70067,-0.0891282,0
6.15307,1.739,-0.08353,0
6.15316,1.72536,-0.0753307,0
6.15325,1.69269,-0.0665062,0
6.15333,1.68997,-0.0590151,0
6.15342,1.68421,-0.0514574,0
6.15351,1.69242,-0.0443176,0
6.15359,1.6966,-0.0370199,0
6.15368,1.69074,-0.0295121,0
6.15377,1.68986,-0.0221215,0
6.15386,1.69494,-0.0147915,0
6.15394,1.72798,-0.00753984,0
6.15403,1.84,-4.45545e-08,0
6.15412,1.89298,0.0082597,0
6.15421,1.91893,0.0167462,0
6.15429,1.92883,0.0252498,0
6.15438,1.9387,0.0338402,0
6.15447,1.95953,0.0427571,0
6.15455,1.97732,0.051778,0
6.15464,1.98008,0.0604967,0
6.15473,1.98679,0.0693801,0
6.15482,1.98547,0.0780092,0
6.1549,1.98311,0.0865844,0
6.15499,1.98072,0.0951406,0
6.15508,1.98228,0.103887,0
6.15517,1.9878,0.112875,0
6.15525,1.9783,0.120998,0
6.15534,1.98574,0.130152,0
6.15543,1.98615,0.138885,0
6.15551,1.98553,0.14755,0
6.1556,1.98586,0.15629,0
6.15569,1.99213,0.165534,0
6.15578,1.98741,0.173876,0
6.15586,1.98763,0.182637,0
6.15595,1.97984,0.190637,0
6.15604,1.96805,0.198172,0
6.15613,1.98507,0.208639,0
6.15621,1.99308,0.218278,0
6.1563,1.98218,0.22584,0
6.15639,1.98216,0.234605,0
6.15647,1.97616,0.242642,0
6.15656,1.98798,0.252903,0
6.15665,1.98884,0.261835,0
6.15674,1.9857,0.270241,0
6.15682,1.98252,0.278625,0
6.15691,1.98821,0.288277,0
6.157,1.99682,0.298427,0
6.15709,1.99155,0.306529,0
6.15717,1.99118,0.315372,0
6.15726,1.9809,0.32261,0
6.15735,1.98638,0.332406,0
6.15743,1.97998,0.340223,0
6.15752,1.98242,0.349554,0
6.15761,1.98776,0.359446,0
6.1577,1.98716,0.368298,0
6.15778,1.99536,0.37883,0
6.15787,1.99368,0.387533,0
6.15796,1.99492,0.396814,0
6.15805,1.98337,0.403521,0
6.15813,1.99236,0.414411,0
6.15822,1.99444,0.423932,0
6.15831,1.98964,0.431994,0
6.15839,1.98871,0.440887,0
6.15848,1.98872,0.450002,0
6.15857,1.98869,0.459125,0
6.15866,1.9964,0.47009,0
6.15874,1.98363,0.476228,0
6.15883,1.99319,0.487731,0
6.15892,1.99202,0.496666,0
6.159,2.00049,0.50806,0
6.15909,1.99729,0.516534,0
6.15918,1.99115,0.524225,0
6.15927,1.98788,0.53265,0
6.15935,1.98553,0.541318,0
6.15944,1.98122,0.549442,0
6.15953,1.98266,0.559167,0
6.15962,1.98116,0.568089,0
6.1597,1.9873,0.579246,0
6.15979,1.98667,0.58848,0
6.15988,1.98313,0.596854,0
6.15996,1.97764,0.604625,0
6.16005,1.9874,0.617103,0
6.16014,1.99041,0.627573,0
6.16023,1.98765,0.636252,0
6.16031,1.98676,0.645536,0
6.1604,1.97917,0.652633,0
6.16049,1.98579,0.664436,0
6.16058,1.99329,0.67663,0
6.16066,1.99504,0.686949,0
6.16075,1.98825,0.694328,0
6.16084,1.9852,0.702997,0
6.16092,1.98212,0.711653,0
6.16101,1.98651,0.723031,0
6.1611,1.99366,0.735499,0
6.16119,1.98481,0.742089,0
6.16127,1.98716,0.752868,0
6.16136,1.99599,0.766191,0
6.16145,1.99077,0.774168,0
6.16154,1.97714,0.778815,0
6.16162,1.98022,0.790028,0
6.16171,1.99252,0.80503,0
6.1618,1.99084,0.814473,0
6.16188,1.98542,0.822387,0
6.16197,1.98458,0.832202,0
6.16206,1.98553,0.842807,0
6.16215,1.98459,0.852647,0
6.16223,1.98635,0.86369,0
6.16232,1.98989,0.875571,0
6.16241,1.99062,0.886279,0
6.1625,1.98673,0.894956,0
6.16258,1.98645,0.905275,0
6.16267,1.98883,0.916865,0
6.16276,1.99297,0.929337,0
6.16284,1.99251,0.939731,0
6.16293,1.9884,0.948416,0
6.16302,1.98424,0.957083,0
6.16311,1.98094,0.96617,0
6.16319,1.98388,0.978342,0
6.16328,1.98765,0.991005,0
6.16337,1.98509,1.00057,0
6.16346,1.98427,1.01104,0
6.16354,1.99051,1.02518,0
6.16363,1.98957,1.0357,0
6.16372,1.99211,1.0481,0
6.1638,1.99016,1.05819,0
6.16389,1.98905,1.06876,0
6.16398,1.98085,1.07552,0
6.16407,1.98666,1.08992,0
6.16415,1.98014,1.09761,0
6.16424,1.98406,1.11112,0
6.16433,1.98441,1.12273,0
6.16442,1.98297,1.13336,0
6.1645,1.98233,1.1445,0
6.16459,1.97732,1.15314,0
6.16468,1.98261,1.16785,0
6.16476,1.98953,1.18364,0
6.16485,1.98263,1.19128,0
6.16494,1.98425,1.20407,0
6.16503,1.98154,1.21429,0
6.16511,1.99323,1.23345,0
6.1652,1.98782,1.24213,0
6.16529,1.97985,1.24919,0
6.16538,1.98787,1.26642,0
6.16546,1.98401,1.27616,0
6.16555,1.98765,1.29079,0
6.16564,1.98869,1.30384,0
6.16572,1.98298,1.31251,0
6.16581,1.98804,1.32837,0
6.1659,1.98389,1.33815,0
6.16599,1.98382,1.35073,0
6.16607,1.9845,1.36391,0
6.16616,1.98263,1.3754,0
6.16625,1.98071,1.38691,0
6.16634,1.98444,1.40246,0
6.16642,1.99377,1.42214,0
6.16651,1.98592,1.42966,0
6.1666,1.99099,1.44654,0
6.16668,1.99111,1.45994,0
6.16677,1.99276,1.47457,0
6.16686,1.98951,1.48564,0
6.16695,1.98301,1.49431,0
6.16703,1.9916,1.51445,0
6.16712,1.9937,1.52982,0
6.16721,1.99649,1.54585,0
6.1673,1.99446,1.55824,0
6.16738,1.99863,1.57559,0
6.16747,1.99409,1.58617,0
6.16756,1.99182,1.59861,0
6.16764,1.99183,1.61295,0
6.16773,1.99251,1.62795,0
6.16782,1.97999,1.63218,0
6.16791,1.98438,1.65039,0
6.16799,1.99478,1.67382,0
6.16808,1.99585,1.68961,0
6.16817,1.98922,1.69896,0
6.16826,1.98709,1.71219,0
6.16834,1.99319,1.73265,0
6.16843,1.99162,1.74661,0
6.16852,1.99447,1.76456,0
6.1686,1.99123,1.77724,0
6.16869,1.99386,1.79528,0
6.16878,1.99045,1.80799,0
6.16887,1.99434,1.82747,0
6.16895,1.99809,1.84702,0
6.16904,1.99294,1.85845,0
6.16913,1.99355,1.87535,0
6.16922,1.99478,1.89297,0
6.1693,1.99084,1.90581,0
6.16939,1.98969,1.92142,0
6.16948,1.99562,1.94404,0
6.16956,1.99995,1.96535,0
6.16965,1.99988,1.98251,0
6.16974,2.00182,2.00182,0
6.16983,2.00292,2.02048,0
6.16991,2.006,2.04132,0
6.17,2.00266,2.05579,0
6.17009,2.00478,2.07601,0
6.17018,2.00815,2.09774,0
6.17026,2.00242,2.11011,0
6.17035,2.00348,2.12976,0
6.17044,2.00098,2.14579,0
6.17052,1.98889,2.15156,0
6.17061,1.9761,2.15654,0
6.1707,1.95995,2.15774,0
6.17079,1.94316,2.15809,0
6.17087,1.91707,2.1479,0
6.17096,1.90304,2.151,0
6.17105,1.89298,2.15853,0
6.17113,1.87633,2.15847,0
6.17122,1.86037,2.15906,0
6.17131,1.84183,2.15651,0
6.1714,1.82724,2.15842,0
6.17148,1.80623,2.15258,0
6.17157,1.79554,2.15891,0
6.17166,1.77975,2.15901,0
6.17175,1.75829,2.15204,0
6.17183,1.74825,2.15891,0
6.17192,1.73569,2.16262,0
6.17201,1.7169,2.15843,0
6.17209,1.70127,2.15805,0
6.17218,1.68814,2.16073,0
6.17227,1.67748,2.16649,0
6.17236,1.65705,2.15951,0
6.17244,1.64156,2.15876,0
6.17253,1.62009,2.14993,0
6.17262,1.6065,2.15137,0
6.17271,1.59531,2.15594,0
6.17279,1.58116,2.15643,0
6.17288,1.57056,2.16169,0
6.17297,1.55703,2.16284,0
6.17305,1.54002,2.15903,0
6.17314,1.52251,2.1543,0
6.17323,1.51137,2.15847,0
6.17332,1.5008,2.1634,0
6.1734,1.48625,2.16251,0
6.17349,1.4678,2.15575,0
6.17358,1.4567,2.15964,0
6.17367,1.44782,2.16681,0
6.17375,1.42621,2.15476,0
6.17384,1.41569,2.15929,0
6.17393,1.40462,2.16293,0
6.17401,1.38057,2.14633,0
6.1741,1.37011,2.15065,0
6.17419,1.36018,2.15576,0
6.17428,1.34547,2.15319,0
6.17436,1.33764,2.1616,0
6.17445,1.32401,2.16059,0
6.17454,1.30886,2.15694,0
6.17463,1.29326,2.15235,0
6.17471,1.28488,2.15969,0
6.1748,1.27443,2.16355,0
6.17489,1.25944,2.15959,0
6.17497,1.2485,2.16247,0
6.17506,1.2326,2.15661,0
6.17515,1.21924,2.155,0
6.17524,1.20738,2.15594,0
6.17532,1.197,2.15944,0
6.17541,1.18083,2.15236,0
6.1755,1.17429,2.16277,0
6.17559,1.15963,2.15818,0
6.17567,1.15021,2.16322,0
6.17576,1.14122,2.1691,0
6.17585,1.12528,2.16165,0
6.17593,1.11584,2.16653,0
6.17602,1.10184,2.16247,0
6.17611,1.08834,2.15922,0
6.1762,1.07801,2.16216,0
6.17628,1.06901,2.16774,0
6.17637,1.05428,2.1616,0
6.17646,1.04354,2.16348,0
6.17655,1.03409,2.16801,0
6.17663,1.01865,2.15984,0
6.17672,1.00752,2.16064,0
6.17681,0.99641,2.16138,0
6.17689,0.986141,2.16389,0
6.17698,0.974225,2.1627,0
6.17707,0.963559,2.16419,0
6.17716,0.95008,2.15922,0
6.17724,0.941845,2.1661,0
6.17733,0.931596,2.16835,0
6.17742,0.915483,2.15674,0
6.17751,0.90413,2.15611,0
6.17759,0.897393,2.1665,0
6.17768,0.889446,2.17409,0
6.17777,0.875081,2.1659,0
6.17785,0.862658,2.16227,0
6.17794,0.853215,2.16601,0
6.17803,0.841944,2.16505,0
6.17812,0.831414,2.16591,0
6.1782,0.820892,2.16671,0
6.17829,0.806878,2.15809,0
6.17838,0.798838,2.16535,0
6.17847,0.786988,2.16223,0
6.17855,0.774843,2.15812,0
6.17864,0.767756,2.16808,0
6.17873,0.754332,2.16008,0
6.17881,0.744249,2.16146,0
6.1789,0.734811,2.16468,0
6.17899,0.724089,2.16407,0
6.17908,0.713074,2.16246,0
6.17916,0.703014,2.16365,0
6.17925,0.694176,2.16861,0
6.17934,0.683504,2.1678,0
6.17943,0.671963,2.16408,0
6.17951,0.662807,2.16794,0
6.1796,0.653629,2.17177,0
6.17969,0.642443,2.16885,0
6.17977,0.630455,2.16299,0
6.17986,0.620184,2.16284,0
6.17995,0.611555,2.16841,0
6.18004,0.600752,2.16624,0
6.18012,0.590768,2.16691,0
6.18021,0.58079,2.16754,0
6.1803,0.572345,2.17392,0
6.18039,0.56035,2.16671,0
6.18047,0.551383,2.17108,0
6.18056,0.539486,2.16376,0
6.18065,0.528138,2.15832,0
6.18073,0.520116,2.16644,0
6.18082,0.510888,2.16966,0
6.18091,0.500066,2.16602,0
6.181,0.489728,2.16428,0
6.18108,0.481795,2.17323,0
6.18117,0.471459,2.17141,0
6.18126,0.461564,2.17149,0
6.18135,0.451677,2.17152,0
6.18143,0.441799,2.17151,0
6.18152,0.430759,2.16557,0
6.18161,0.421497,2.16841,0
6.18169,0.412405,2.1722,0
6.18178,0.402194,2.17004,0
6.18187,0.391298,2.16391,0
6.18196,0.382894,2.1715,0
6.18204,0.3724,2.16724,0
6.18213,0.360299,2.15306,0
6.18222,0.352187,2.16251,0
6.18231,0.344625,2.17588,0
6.18239,0.334519,2.17341,0
6.18248,0.323259,2.16298,0
6.18257,0.314392,2.16833,0
6.18265,0.305485,2.17364,0
6.18274,0.294784,2.16603,0
6.18283,0.28533,2.1673,0
6.18292,0.276502,2.17348,0
6.183,0.265919,2.16574,0
6.18309,0.256349,2.16588,0
6.18318,0.246896,2.16698,0
6.18327,0.237656,2.17003,0
6.18335,0.228395,2.17303,0
6.18344,0.219312,2.17799,0
6.18353,0.209136,2.17195,0
6.18361,0.199931,2.17583,0
6.1837,0.189477,2.16573,0
6.18379,0.179942,2.16554,0
6.18388,0.171276,2.17627,0
6.18396,0.161557,2.17401,0
6.18405,0.152348,2.17868,0
6.18414,0.142579,2.17533,0
6.18422,0.133147,2.17693,0
6.18431,0.123477,2.1745,0
6.1844,0.114092,2.17701,0
6.18449,0.104448,2.17449,0
6.18457,0.0945669,2.16594,0
6.18466,0.0855472,2.17732,0
6.18475,0.0761508,2.18067,0
6.18484,0.066513,2.17698,0
6.18492,0.0568826,2.17226,0
6.18501,0.0473602,2.17048,0
6.1851,0.0379067,2.17167,0
6.18518,0.0282998,2.16181,0
6.18527,0.0189367,2.16992,0
6.18536,0.00950337,2.17798,0
6.18545,7.89861e-08,2.171,0
6.18553,-0.00948139,2.17298,0
6.18562,-0.0189801,2.17492,0
6.18571,-0.0284567,2.17381,0
6.1858,-0.0379938,2.17667,0
6.18588,-0.0473818,2.17148,0
6.18597,-0.0569086,2.17325,0
6.18606,-0.0664517,2.17499,0
6.18614,-0.0759412,2.17467,0
6.18623,-0.08539,2.17332,0
6.18632,-0.0949157,2.17393,0
6.18641,-0.104112,2.1675,0
6.18649,-0.113621,2.16802,0
6.18658,-0.123647,2.17749,0
6.18667,-0.132658,2.16895,0
6.18676,-0.141859,2.16436,0
6.18684,-0.15165,2.1687,0
6.18693,-0.161112,2.16802,0
6.18702,-0.171433,2.17826,0
6.1871,-0.181184,2.18049,0
6.18719,-0.190174,2.1737,0
6.18728,-0.199565,2.17185,0
6.18737,-0.209902,2.17992,0
6.18745,-0.21851,2.17003,0
6.18754,-0.228917,2.178,0
6.18763,-0.238636,2.17897,0
6.18772,-0.247802,2.17493,0
6.1878,-0.257524,2.17581,0
6.18789,-0.266406,2.16971,0
6.18798,-0.276754,2.17547,0
6.18806,-0.286113,2.17325,0
6.18815,-0.295863,2.17396,0
6.18824,-0.306181,2.17859,0
6.18833,-0.314249,2.16734,0
6.18841,-0.323555,2.16496,0
6.1885,-0.334823,2.17538,0
6.18859,-0.345564,2.1818,0
6.18868,-0.354919,2.17929,0
6.18876,-0.36492,2.18068,0
6.18885,-0.374093,2.17709,0
6.18894,-0.383415,2.17446,0
6.18902,-0.393433,2.17571,0
6.18911,-0.402923,2.17398,0
6.1892,-0.412405,2.1722,0
6.18929,-0.422833,2.17529,0
6.18937,-0.432125,2.17244,0
6.18946,-0.442995,2.17739,0
6.18955,-0.454121,2.18327,0
6.18964,-0.463019,2.17833,0
6.18972,-0.472307,2.17532,0
6.18981,-0.483093,2.17909,0
6.1899,-0.491935,2.17404,0
6.18998,-0.499841,2.16505,0
6.19007,-0.513638,2.18134,0
6.19016,-0.523151,2.17908,0
6.19025,-0.532416,2.17581,0
6.19033,-0.543356,2.17928,0
6.19042,-0.553599,2.1798,0
6.19051,-0.564857,2.18414,0
6.1906,-0.573109,2.17682,0
6.19068,-0.580013,2.16464,0
6.19077,-0.588664,2.15919,0
6.19086,-0.566813,2.04386,0
6.19094,-0.510851,1.81134,0
6.19103,-0.496423,1.73123,0
6.19112,-0.486063,1.66761,0
6.19121,-0.482826,1.62999,0
6.19129,-0.486475,1.61638,0
6.19138,-0.492646,1.61137,0
6.19147,-0.496707,1.59966,0
6.19156,-0.503381,1.59652,0
6.19164,-0.509123,1.5905,0
6.19173,-0.520694,1.60253,0
6.19182,-0.52956,1.60594,0
6.1919,-0.537197,1.60551,0
6.19199,-0.539697,1.5899,0
6.19208,-0.543699,1.57902,0
6.19217,-0.550583,1.57663,0
6.19225,-0.550781,1.55536,0
6.19234,-0.55959,1.55859,0
6.19243,-0.561939,1.54392,0
6.19252,-0.567978,1.53957,0
6.1926,-0.572239,1.53052,0
6.19269,-0.578557,1.52708,0
6.19278,-0.585932,1.5264,0
6.19286,-0.594761,1.52943,0
6.19295,-0.603994,1.53333,0
6.19304,-0.602897,1.51117,0
6.19313,-0.606488,1.50111,0
6.19321,-0.61076,1.4929,0
6.1933,-0.612293,1.47821,0
6.19339,-0.611003,1.45708,0
6.19348,-0.617355,1.4544,0
6.19356,-0.620537,1.44434,0
6.19365,-0.62484,1.43703,0
6.19374,-0.627882,1.42697,0
6.19382,-0.631662,1.41874,0
6.19391,-0.638257,1.41688,0
6.194,-0.642774,1.41044,0
6.19409,-0.65269,1.4158,0
6.19417,-0.664778,1.42562,0
6.19426,-0.213284,0.452228,0
6.19435,-0.23549,0.493714,0
6.19444,-0.228953,0.474668,0
6.19452,-0.223131,0.457486,0
6.19461,-0.242816,0.492383,0
6.1947,-0.234254,0.469841,0
6.19478,-0.223699,0.443811,0
6.19487,-0.223363,0.438375,0
6.19496,-0.229853,0.446287,0
6.19505,-0.237339,0.455924,0
6.19513,-0.230945,0.438954,0
6.19522,-0.231449,0.435293,0
6.19531,-0.23524,0.437803,0
6.1954,-0.227605,0.419196,0
6.19548,-0.234723,0.427843,0
6.19557,-0.227376,0.410197,0
6.19566,-0.229163,0.409201,0
6.19574,-0.230454,0.407326,0
6.19583,-0.234214,0.40979,0
6.19592,-0.2315,0.40097,0
6.19601,-0.229721,0.393909,0
6.19609,-0.23296,0.395488,0
6.19618,-0.229059,0.385014,0
6.19627,-0.226102,0.376296,0
6.19636,-0.217885,0.359063,0
6.19644,-0.218927,0.357256,0
6.19653,-0.220484,0.356298,0
6.19662,-0.223626,0.357876,0
6.1967,-0.210244,0.333217,0
6.19679,-0.214383,0.336513,0
6.19688,-0.213685,0.33221,0
6.19697,-0.197159,0.303599,0
6.19705,-0.194644,0.296882,0
6.19714,-0.19097,0.288524,0
6.19723,-0.186672,0.279374,0
6.19731,-0.176146,0.261147,0
6.1974,-0.154209,0.226486,0
6.19749,-0.133105,0.19367,0
6.19758,-0.143069,0.206233,0
6.19766,-0.121598,0.17366,0
6.19775,-0.0825318,0.11678,0
6.19784,-0.0882668,0.123746,0
6.19793,-0.077121,0.107128,0
6.19801,-0.0881678,0.121353,0
6.1981,-0.083966,0.114515,0
6.19819,-0.0666201,0.090032,0
6.19827,-0.0777822,0.104163,0
6.19836,-0.0764305,0.101427,0
6.19845,-0.0786882,0.10348,0
6.19854,-0.0639199,0.0833021,0
6.19862,-0.0557118,0.0719528,0
6.19871,-0.0664914,0.0851052,0
6.1988,-0.0612903,0.0777464,0
6.19889,-0.0591389,0.0743478,0
6.19897,-0.0607146,0.0756488,0
6.19906,-0.0654493,0.0808232,0
6.19915,-0.0752919,0.0921527,0
6.19923,-0.0667882,0.0810206,0
6.19932,-0.0767327,0.092261,0
6.19941,-0.0713494,0.0850309,0
6.1995,-0.0419981,0.0496101,0
6.19958,-0.0597492,0.0699574,0
6.19967,-0.0665815,0.0772716,0
6.19976,-0.0636377,0.0732068,0
6.19985,-0.0712093,0.0811987,0
6.19993,-0.0622863,0.0704018,0
6.20002,-0.0592635,0.0663991,0
6.20011,-0.06156,0.0683693,0
6.20019,-0.0551341,0.0606979,0
6.20028,-0.0668834,0.0729905,0
6.20037,-0.0495525,0.0536055,0
6.20046,-0.0443299,0.047538,0
6.20054,-0.0472776,0.0502576,0
6.20063,-0.0454314,0.0478747,0
6.20072,-0.024203,0.0252827,0
6.20081,-0.0479314,0.0496344,0
6.20089,-0.0453564,0.0465596,0
6.20098,-0.04626,0.0470745,0
6.20107,-0.0380168,0.03835,0
6.20115,-0.026163,0.026163,0
