7200
5168
4.50295
4.51866,-0.0296985,-0.0296985,0
4.51874,-0.0239365,-0.0241463,0
4.51883,-0.0329427,-0.0335228,0
4.51892,-0.0307028,-0.0315173,0
4.51901,-0.030565,-0.0316509,0
4.51909,-0.0428738,-0.0447866,0
4.51918,-0.0344177,-0.0362687,0
4.51927,-0.0246666,-0.0262214,0
4.51936,-1.08301,-1.16139,0
4.51944,-0.0217216,-0.0234983,0
4.51953,-1.08297,-1.18186,0
4.51962,-1.08251,-1.19175,0
4.5197,-1.086,-1.20612,0
4.51979,-1.09138,-1.22279,0
4.51988,-1.08073,-1.22155,0
4.51997,-1.08067,-1.23227,0
4.52005,-1.08053,-1.24301,0
4.52014,-1.08097,-1.25453,0
4.52023,-1.07873,-1.26303,0
4.52032,-1.08355,-1.27994,0
4.5204,-1.07924,-1.28619,0
4.52049,-1.08001,-1.29857,0
4.52058,-1.0737,-1.3025,0
4.52066,-1.0794,-1.32111,0
4.52075,-1.08306,-1.33747,0
4.52084,-1.07847,-1.34374,0
4.52093,-1.0701,-1.3453,0
4.52101,-1.07041,-1.35781,0
4.5211,-1.07679,-1.37823,0
4.52119,-1.07628,-1.39003,0
4.52128,-1.07507,-1.40106,0
4.52136,-1.07682,-1.41609,0
4.52145,-1.07544,-1.42716,0
4.52154,-1.07639,-1.44146,0
4.52162,-1.07544,-1.45337,0
4.52171,-1.07145,-1.46128,0
4.5218,-1.07036,-1.47322,0
4.52189,-1.06859,-1.48437,0
4.52197,-1.07604,-1.50856,0
4.52206,-1.07984,-1.52794,0
4.52215,-1.07316,-1.53263,0
4.52224,-1.06988,-1.54223,0
4.52232,-1.07221,-1.56007,0
4.52241,-1.07946,-1.5854,0
4.5225,-1.07589,-1.59507,0
4.52258,-1.07447,-1.60806,0
4.52267,-1.07407,-1.62274,0
4.52276,-1.07027,-1.63243,0
4.52285,-1.07566,-1.65637,0
4.52293,-1.07383,-1.66946,0
4.52302,-1.07352,-1.6851,0
4.52311,-1.0731,-1.70076,0
4.5232,-1.07839,-1.72578,0
4.52328,-1.07769,-1.74152,0
4.52337,-1.06851,-1.74365,0
4.52346,-1.07645,-1.77394,0
4.52354,-1.07849,-1.79491,0
4.52363,-1.07729,-1.81077,0
4.52372,-1.07903,-1.83182,0
4.52381,-1.07253,-1.83911,0
4.52389,-1.0765,-1.86455,0
4.52398,-1.0753,-1.88139,0
4.52407,-1.08185,-1.91217,0
4.52415,-1.08083,-1.92996,0
4.52424,-1.07725,-1.9434,0
4.52433,-1.08222,-1.97264,0
4.52442,-1.08124,-1.9914,0
4.5245,-1.08059,-2.01107,0
4.52459,-1.08072,-2.03255,0
4.52468,-1.08162,-2.05583,0
4.52477,-1.07911,-2.07294,0
4.52485,-1.07921,-2.09541,0
4.52494,-1.07959,-2.11881,0
4.52503,-1.07348,-2.12975,0
4.52511,-1.08203,-2.17022,0
4.5252,-1.08095,-2.19196,0
4.52529,-1.08058,-2.21553,0
4.52538,-1.0796,-2.23823,0
4.52546,-1.07843,-2.26098,0
4.52555,-1.08348,-2.29732,0
4.52564,-1.08233,-2.32105,0
4.52573,-1.08098,-2.34483,0
4.52581,-1.08359,-2.37773,0
4.5259,-1.08553,-2.40979,0
4.52599,-1.08151,-2.42912,0
4.52607,-1.07614,-2.44571,0
4.52616,-1.06227,-2.44305,0
4.52625,-1.04962,-2.44307,0
4.52634,-1.03583,-2.44026,0
4.52642,-1.02362,-2.44107,0
4.52651,-1.00837,-2.43442,0
4.5266,-0.995846,-2.43417,0
4.52669,-0.979971,-2.42551,0
4.52677,-0.973825,-2.44091,0
4.52686,-0.960233,-2.43769,0
4.52695,-0.948863,-2.44,0
4.52703,-0.934982,-2.43571,0
4.52712,-0.925054,-2.44164,0
4.52721,-0.91194,-2.43909,0
4.5273,-0.899558,-2.43836,0
4.52738,-0.8872,-2.43756,0
4.52747,-0.87588,-2.43953,0
4.52756,-0.861556,-2.43296,0
4.52765,-0.851591,-2.43858,0
4.52773,-0.825641,-2.39784,0
4.52782,-0.816778,-2.40615,0
4.52791,-0.807223,-2.41254,0
4.52799,-0.801073,-2.42933,0
4.52808,-0.789847,-2.4309,0
4.52817,-0.776185,-2.4248,0
4.52826,-0.767401,-2.43389,0
4.52834,-0.757367,-2.43912,0
4.52843,-0.746425,-2.44145,0
4.52852,-0.734612,-2.44085,0
4.52861,-0.721683,-2.43636,0
4.52869,-0.709646,-2.43469,0
4.52878,-0.698741,-2.4368,0
4.52887,-0.685116,-2.42924,0
4.52895,-0.672639,-2.42546,0
4.52904,-0.662576,-2.4303,0
4.52913,-0.651189,-2.43027,0
4.52922,-0.640069,-2.43115,0
4.5293,-0.630457,-2.4378,0
4.52939,-0.614152,-2.41823,0
4.52948,-0.605289,-2.42768,0
4.52957,-0.594215,-2.42836,0
4.52965,-0.581746,-2.42315,0
4.52974,-0.571167,-2.42566,0
4.52983,-0.561028,-2.43008,0
4.52991,-0.549978,-2.43055,0
4.53,-0.537636,-2.42512,0
4.53009,-0.526413,-2.42451,0
4.53018,-0.516037,-2.42776,0
4.53026,-0.506864,-2.43684,0
4.53035,-0.511179,-2.51253,0
4.53044,-0.490262,-2.46471,0
4.53053,-0.46939,-2.4148,0
4.53061,-0.456984,-2.407,0
4.5307,-0.453949,-2.44929,0
4.53079,-0.448062,-2.47781,0
4.53087,-0.508095,-2.88155,0
4.53096,-0.504153,-2.934,0
4.53105,-0.498279,-2.9776,0
4.53114,-0.485443,-2.98073,0
4.53122,-0.471494,-2.97689,0
4.53131,-0.457587,-2.97299,0
4.5314,-0.443872,-2.97001,0
4.53149,-0.431339,-2.97489,0
4.53157,-0.418633,-2.97873,0
4.53166,-0.404418,-2.97161,0
4.53175,-0.393667,-2.9902,0
4.53183,-0.377966,-2.97105,0
4.53192,-0.366096,-2.98161,0
4.53201,-0.352612,-2.97921,0
4.5321,-0.339723,-2.98171,0
4.53218,-0.325947,-2.9762,0
4.53227,-0.313063,-2.97859,0
4.53236,-0.300364,-2.98292,0
4.53245,-0.286483,-2.97524,0
4.53253,-0.273956,-2.98144,0
4.53262,-0.260421,-2.97663,0
4.53271,-0.248093,-2.98571,0
4.53279,-0.234122,-2.9748,0
4.53288,-0.22114,-2.97579,0
4.53297,-0.208502,-2.98172,0
4.53306,-0.195817,-2.98759,0
4.53314,-0.182352,-2.98143,0
4.53323,-0.169398,-2.98319,0
4.53332,-0.156118,-2.97891,0
4.53341,-0.143311,-2.98356,0
4.53349,-0.130117,-2.98016,0
4.53358,-0.117348,-2.9867,0
4.53367,-0.10414,-2.98218,0
4.53375,-0.0910353,-2.97961,0
4.53384,-0.0779026,-2.97498,0
4.53393,-0.0649866,-2.97829,0
4.53402,-0.0520955,-2.98455,0
4.5341,-0.0390201,-2.98074,0
4.53419,-0.0259091,-2.96889,0
4.53428,-0.0130289,-2.98597,0
4.53437,-3.58863e-08,-2.979,0
4.53445,0.0129808,-2.97497,0
4.53454,0.0259789,-2.97689,0
4.53463,0.0388499,-2.96775,0
4.53471,0.0516067,-2.95655,0
4.5348,0.0643321,-2.9483,0
4.53489,0.0773005,-2.95199,0
4.53498,0.0902718,-2.95462,0
4.53506,0.103337,-2.9592,0
4.53515,0.116248,-2.95872,0
4.53524,0.128808,-2.95019,0
4.53533,0.142063,-2.95759,0
4.53541,0.155124,-2.95994,0
4.5355,0.167867,-2.95624,0
4.53559,0.181375,-2.96546,0
4.53567,0.194051,-2.96065,0
4.53576,0.207177,-2.96277,0
4.53585,0.220102,-2.96183,0
4.53594,0.23271,-2.95686,0
4.53602,0.245195,-2.95083,0
4.53611,0.258068,-2.94973,0
4.5362,0.271394,-2.95356,0
4.53629,0.284183,-2.95135,0
4.53637,0.296857,-2.94809,0
4.53646,0.310659,-2.95572,0
4.53655,0.324206,-2.9603,0
4.53663,0.33644,-2.9529,0
4.53672,0.351437,-2.96927,0
4.53681,0.362074,-2.94885,0
4.5369,0.375947,-2.95518,0
4.53698,0.389621,-2.95946,0
4.53707,0.403204,-2.96269,0
4.53716,0.415293,-2.95496,0
4.53724,0.429186,-2.96005,0
4.53733,0.441802,-2.95617,0
4.53742,0.455305,-2.95817,0
4.53751,0.467895,-2.95418,0
4.53759,0.48046,-2.95013,0
4.53768,0.495638,-2.96182,0
4.53777,0.509911,-2.96751,0
4.53786,0.521292,-2.95639,0
4.53794,0.535254,-2.95999,0
4.53803,0.549987,-2.96746,0
4.53812,0.562183,-2.96111,0
4.5382,0.577006,-2.96844,0
4.53829,0.590148,-2.96688,0
4.53838,0.605281,-2.97505,0
4.53847,0.617645,-2.96944,0
4.53855,0.63018,-2.96477,0
4.53864,0.645232,-2.97176,0
4.53873,0.658626,-2.97087,0
4.53882,0.67092,-2.96504,0
4.5389,0.684301,-2.96403,0
4.53899,0.697457,-2.96199,0
4.53908,0.711775,-2.96476,0
4.53916,0.72518,-2.96356,0
4.53925,0.739797,-2.96716,0
4.53934,0.755198,-2.9736,0
4.53943,0.768917,-2.97318,0
4.53951,0.78341,-2.9756,0
4.5396,0.795351,-2.96829,0
4.53969,0.810136,-2.97154,0
4.53978,0.823361,-2.96895,0
4.53986,0.839565,-2.97687,0
4.53995,0.851719,-2.9703,0
4.54004,0.86803,-2.97807,0
4.54012,0.881868,-2.97714,0
4.54021,0.892544,-2.9656,0
4.5403,0.909276,-2.97411,0
4.54039,0.927582,-2.9873,0
4.54047,0.94151,-2.98609,0
4.54056,0.956359,-2.98767,0
4.54065,0.970004,-2.98537,0
4.54074,0.982395,-2.97921,0
4.54082,0.997288,-2.98058,0
4.54091,1.01318,-2.98472,0
4.541,1.03042,-2.99257,0
4.54108,1.04479,-2.99182,0
4.54117,1.0605,-2.99477,0
4.54126,1.07289,-2.98823,0
4.54135,1.08831,-2.9901,0
4.54143,1.10065,-2.98345,0
4.54152,1.11751,-2.98892,0
4.54161,1.13373,-2.99243,0
4.5417,1.14714,-2.98839,0
4.54178,1.16488,-2.99547,0
4.54187,1.17793,-2.99036,0
4.54196,1.19171,-2.98705,0
4.54204,1.20511,-2.98275,0
4.54213,1.2219,-2.98672,0
4.54222,1.23875,-2.9906,0
4.54231,1.24753,-2.97502,0
4.54239,1.26675,-2.98428,0
4.54248,1.28213,-2.98423,0
4.54257,1.30271,-2.99604,0
4.54266,1.31698,-2.99307,0
4.54274,1.33247,-2.99277,0
4.54283,1.34593,-2.98784,0
4.54292,1.36227,-2.98922,0
4.543,1.37948,-2.99233,0
4.54309,1.39253,-2.98628,0
4.54318,1.40853,-2.98651,0
4.54327,1.42585,-2.98936,0
4.54335,1.44105,-2.98762,0
4.54344,1.45978,-2.99298,0
4.54353,1.47017,-2.9812,0
4.54362,1.48941,-2.98729,0
4.5437,1.50468,-2.98523,0
4.54379,1.52178,-2.98665,0
4.54388,1.53754,-2.98532,0
4.54396,1.55286,-2.98302,0
4.54405,1.57238,-2.9886,0
4.54414,1.5901,-2.99054,0
4.54423,1.60739,-2.9915,0
4.54431,1.62091,-2.98534,0
4.5444,1.64306,-2.9949,0
4.54449,1.65708,-2.98945,0
4.54458,1.67157,-2.98481,0
4.54466,1.69197,-2.99054,0
4.54475,1.70847,-2.98921,0
4.54484,1.7265,-2.99039,0
4.54492,1.74558,-2.99319,0
4.54501,1.75761,-2.98382,0
4.5451,1.77879,-2.98988,0
4.54519,1.80366,-3.0018,0
4.54527,1.81467,-2.99048,0
4.54536,1.83658,-2.99703,0
4.54545,1.8528,-2.99409,0
4.54554,1.8685,-2.99022,0
4.54562,1.88579,-2.9888,0
4.54571,1.90688,-2.9932,0
4.5458,1.92479,-2.99242,0
4.54588,1.94327,-2.99238,0
4.54597,1.95741,-2.98554,0
4.54606,1.98145,-2.99365,0
4.54615,1.9895,-2.97749,0
4.54623,1.99352,-2.95552,0
4.54632,1.99402,-2.92861,0
4.54641,1.99262,-2.89928,0
4.5465,1.98929,-2.86755,0
4.54658,1.98802,-2.83918,0
4.54667,1.98827,-2.81333,0
4.54676,1.98949,-2.78916,0
4.54684,1.98995,-2.76422,0
4.54693,1.98554,-2.73286,0
4.54702,1.98857,-2.71207,0
4.54711,1.98552,-2.68327,0
4.54719,1.98285,-2.65535,0
4.54728,1.98719,-2.63709,0
4.54737,1.98476,-2.61009,0
4.54746,1.99065,-2.59427,0
4.54754,1.98236,-2.56025,0
4.54763,1.98736,-2.5437,0
4.54772,1.99163,-2.52636,0
4.5478,1.98395,-2.49417,0
4.54789,1.98731,-2.47613,0
4.54798,1.99432,-2.46278,0
4.54807,1.98353,-2.42772,0
4.54815,1.97757,-2.39898,0
4.54824,1.98098,-2.38187,0
4.54833,1.98686,-2.36784,0
4.54842,1.992,-2.35305,0
4.5485,1.98601,-2.32532,0
4.54859,1.98374,-2.30224,0
4.54868,1.98064,-2.27847,0
4.54876,1.98002,-2.25778,0
4.54885,1.97593,-2.23339,0
4.54894,1.98633,-2.22549,0
4.54903,1.97929,-2.19822,0
4.54911,1.9855,-2.18586,0
4.5492,1.98218,-2.16317,0
4.54929,1.9821,-2.14422,0
4.54937,1.98598,-2.1297,0
4.54946,1.98566,-2.11082,0
4.54955,1.98453,-2.09125,0
4.54964,1.97842,-2.06668,0
4.54972,1.97839,-2.04868,0
4.54981,1.98172,-2.0343,0
4.5499,1.98357,-2.0185,0
4.54999,1.98251,-1.99988,0
4.55007,1.98768,-1.98768,0
4.55016,1.98781,-1.97054,0
4.55025,1.98284,-1.94853,0
4.55033,1.98272,-1.93148,0
4.55042,1.97962,-1.9117,0
4.55051,1.98289,-1.8982,0
4.5506,1.981,-1.8799,0
4.55068,1.98772,-1.86986,0
4.55077,1.97685,-1.84344,0
4.55086,1.9834,-1.83344,0
4.55095,1.99434,-1.82747,0
4.55103,1.99267,-1.81001,0
4.55112,1.98643,-1.78859,0
4.55121,1.98451,-1.77125,0
4.55129,1.98099,-1.75263,0
4.55138,1.97959,-1.73606,0
4.55147,1.97658,-1.71822,0
4.55156,1.98179,-1.70762,0
4.55164,1.97858,-1.68986,0
4.55173,1.98135,-1.67734,0
4.55182,1.98176,-1.66289,0
4.55191,1.97208,-1.64016,0
4.55199,1.96764,-1.622,0
4.55208,1.97315,-1.61213,0
4.55217,1.97317,-1.59784,0
4.55225,1.98013,-1.58922,0
4.55234,1.9753,-1.57123,0
4.55243,1.97743,-1.55888,0
4.55252,1.97633,-1.54408,0
4.5526,1.97751,-1.53116,0
4.55269,1.98497,-1.52312,0
4.55278,1.97886,-1.50476,0
4.55287,1.97263,-1.48648,0
4.55295,1.97269,-1.47308,0
4.55304,1.97347,-1.46029,0
4.55313,1.97095,-1.44516,0
4.55321,1.96591,-1.42832,0
4.5533,1.97537,-1.42206,0
4.55339,1.97993,-1.41227,0
4.55348,1.97791,-1.39785,0
4.55356,1.96515,-1.37601,0
4.55365,1.97853,-1.37255,0
4.55374,1.98285,-1.36277,0
4.55383,1.98464,-1.35129,0
4.55391,1.97725,-1.33368,0
4.554,1.97557,-1.32003,0
4.55409,1.98298,-1.31251,0
4.55417,1.97614,-1.29562,0
4.55426,1.9801,-1.28589,0
4.55435,1.97981,-1.27345,0
4.55444,1.97607,-1.25889,0
4.55452,1.97816,-1.24812,0
4.55461,1.97595,-1.23471,0
4.5547,1.97452,-1.22187,0
4.55479,1.97557,-1.21063,0
4.55487,1.97998,-1.20148,0
4.55496,1.98263,-1.19128,0
4.55505,1.97663,-1.17597,0
4.55513,1.97141,-1.16125,0
4.55522,1.97386,-1.15112,0
4.55531,1.978,-1.142,0
4.5554,1.97515,-1.12889,0
4.55548,1.9731,-1.11632,0
4.55557,1.97097,-1.1038,0
4.55566,1.96964,-1.09179,0
4.55575,1.9779,-1.08511,0
4.55583,1.97558,-1.07265,0
4.55592,1.9732,-1.06024,0
4.55601,1.97339,-1.04927,0
4.55609,1.97352,-1.03832,0
4.55618,1.97183,-1.02647,0
4.55627,1.96828,-1.01373,0
4.55636,1.97893,-1.00831,0
4.55644,1.97438,-0.995168,0
4.55653,1.97959,-0.98699,0
4.55662,1.97402,-0.973477,0
4.55671,1.97645,-0.963978,0
4.55679,1.96712,-0.948829,0
4.55688,1.97486,-0.941958,0
4.55697,1.97895,-0.933332,0
4.55705,1.97666,-0.92173,0
4.55714,1.98066,-0.913097,0
4.55723,1.9819,-0.903202,0
4.55732,1.97852,-0.89126,0
4.5574,1.98239,-0.882619,0
4.55749,1.98806,-0.874766,0
4.55758,1.97718,-0.859703,0
4.55767,1.97632,-0.849094,0
4.55775,1.9754,-0.838509,0
4.55784,1.97443,-0.827948,0
4.55793,1.97341,-0.817412,0
4.55801,1.98899,-0.813716,0
4.5581,1.97583,-0.798287,0
4.55819,1.97279,-0.787064,0
4.55828,1.97062,-0.77625,0
4.55836,1.9712,-0.766557,0
4.55845,1.99039,-0.764041,0
4.55854,1.97781,-0.749326,0
4.55863,1.97825,-0.739638,0
4.55871,1.97771,-0.729615,0
4.5588,1.97241,-0.7179,0
4.55889,1.97365,-0.708611,0
4.55897,1.98709,-0.703665,0
4.55906,1.97409,-0.689383,0
4.55915,1.97897,-0.681414,0
4.55924,1.97246,-0.669558,0
4.55932,1.97346,-0.660311,0
4.55941,1.97158,-0.650128,0
4.5595,1.97725,-0.642446,0
4.55959,1.97051,-0.630764,0
4.55967,1.97419,-0.622461,0
4.55976,1.9788,-0.614434,0
4.55985,1.97859,-0.604917,0
4.55993,1.98026,-0.59599,0
4.56002,1.98188,-0.58706,0
4.56011,1.98442,-0.578407,0
4.5602,1.97155,-0.565332,0
4.56028,1.97303,-0.556453,0
4.56037,1.97352,-0.547304,0
4.56046,1.97106,-0.537373,0
4.56055,1.97628,-0.529544,0
4.56063,1.97664,-0.520406,0
4.56072,1.97115,-0.509774,0
4.56081,1.97142,-0.500676,0
4.56089,1.97455,-0.492311,0
4.56098,1.97668,-0.483691,0
4.56107,1.97586,-0.474361,0
4.56116,1.96233,-0.462068,0
4.56124,1.98089,-0.457326,0
4.56133,1.98092,-0.448237,0
4.56142,1.97505,-0.437857,0
4.56151,1.97792,-0.429448,0
4.56159,1.96705,-0.41811,0
4.56168,1.9718,-0.410135,0
4.56177,1.96573,-0.399932,0
4.56185,1.97628,-0.393107,0
4.56194,1.97798,-0.38448,0
4.56203,1.9816,-0.376219,0
4.56212,1.97536,-0.366111,0
4.5622,1.98087,-0.3582,0
4.56229,1.97257,-0.347817,0
4.56238,1.97604,-0.339546,0
4.56246,1.97454,-0.330425,0
4.56255,1.97103,-0.321003,0
4.56264,1.97241,-0.3124,0
4.56273,1.97573,-0.304095,0
4.56281,1.981,-0.296062,0
4.5629,1.97435,-0.286268,0
4.56299,1.98153,-0.278485,0
4.56308,1.96687,-0.267679,0
4.56316,1.96009,-0.25805,0
4.56325,1.94631,-0.247602,0
4.56334,1.9444,-0.238742,0
4.56342,1.81533,-0.214858,0
4.56351,1.70497,-0.194257,0
4.5636,1.67797,-0.183767,0
4.56369,1.68472,-0.177071,0
4.56377,1.67055,-0.168216,0
4.56386,1.66331,-0.160158,0
4.56395,1.661,-0.152625,0
4.56404,1.66564,-0.145724,0
4.56412,1.65928,-0.137876,0
4.56421,1.65289,-0.130085,0
4.5643,1.65444,-0.122946,0
4.56438,1.65296,-0.115587,0
4.56447,1.65744,-0.108635,0
4.56456,1.65491,-0.101219,0
4.56465,1.65533,-0.0939967,0
4.56473,1.64674,-0.086302,0
4.56482,1.65309,-0.0794038,0
4.56491,1.65143,-0.0721029,0
4.565,1.65872,-0.0651713,0
4.56508,1.65499,-0.0577936,0
4.56517,1.66222,-0.0507856,0
4.56526,1.66443,-0.0435847,0
4.56534,1.6746,-0.03654,0
4.56543,1.68174,-0.029355,0
4.56552,1.73985,-0.0227759,0
4.56561,1.89393,-0.0165281,0
4.56569,1.82698,-0.00797181,0
4.56578,1.708,-4.13582e-08,0
4.56587,1.68598,0.0073565,0
4.56596,1.69394,0.0147827,0
4.56604,1.68886,0.0221083,0
4.56613,1.68274,0.0293724,0
4.56622,1.6886,0.0368453,0
4.5663,1.69342,0.0443437,0
4.56639,1.69521,0.0517933,0
4.56648,1.68597,0.0588754,0
4.56657,1.6867,0.0662705,0
4.56665,1.69139,0.0738476,0
4.56674,1.69105,0.0812269,0
4.56683,1.68569,0.0883431,0
4.56692,1.68928,0.0959242,0
4.567,1.69184,0.103477,0
4.56709,1.69836,0.111316,0
4.56718,1.68489,0.117819,0
4.56726,1.7033,0.126577,0
4.56735,1.69875,0.133694,0
4.56744,1.7111,0.142182,0
4.56753,1.70748,0.149385,0
4.56761,1.71478,0.157566,0
4.5677,1.71706,0.165334,0
4.56779,1.71931,0.173125,0
4.56788,1.72649,0.181461,0
4.56796,1.72369,0.188775,0
4.56805,1.72882,0.196974,0
4.56814,1.73886,0.205808,0
4.56822,1.75184,0.215099,0
4.56831,1.76081,0.224003,0
4.5684,1.76279,0.232076,0
4.56849,1.76077,0.23963,0
4.56857,1.77258,0.24912,0
4.56866,1.76554,0.255991,0
4.56875,1.79309,0.267978,0
4.56884,1.79783,0.276712,0
4.56892,1.81537,0.287527,0
4.56901,1.8141,0.295445,0
4.5691,1.82463,0.305338,0
4.56918,1.84102,0.316345,0
4.56927,1.85045,0.326285,0
4.56936,1.84901,0.334356,0
4.56945,1.87802,0.34807,0
4.56953,1.87648,0.356261,0
4.56962,1.8808,0.36559,0
4.56971,1.86938,0.371842,0
4.5698,1.88048,0.382587,0
4.56988,1.89739,0.394658,0
4.56997,1.89467,0.402725,0
4.57006,1.8929,0.410988,0
4.57014,1.91256,0.424005,0
4.57023,1.90582,0.431243,0
4.57032,1.90294,0.439329,0
4.57041,1.91561,0.451066,0
4.57049,1.91751,0.460354,0
4.57058,1.92034,0.469905,0
4.57067,1.91342,0.47707,0
4.57076,1.92102,0.487876,0
4.57084,1.91112,0.49425,0
4.57093,1.90605,0.50182,0
4.57102,1.89032,0.506509,0
4.5711,1.91124,0.521065,0
4.57119,1.88775,0.52352,0
4.57128,1.87583,0.529037,0
4.57137,1.87734,0.53832,0
4.57145,1.88074,0.548185,0
4.57154,1.86874,0.553546,0
4.57163,1.86152,0.560254,0
4.57172,1.86193,0.569248,0
4.5718,1.87279,0.581518,0
4.57189,1.88454,0.594195,0
4.57198,1.87908,0.601497,0
4.57206,1.87548,0.609381,0
4.57215,1.87945,0.619751,0
4.57224,1.87863,0.62858,0
4.57233,1.86261,0.632271,0
4.57241,1.92791,0.663833,0
4.5725,1.98448,0.69301,0
4.57259,1.9918,0.705334,0
4.57268,1.98682,0.713342,0
4.57276,1.99403,0.725767,0
4.57285,1.99272,0.735153,0
4.57294,1.99605,0.746292,0
4.57302,1.98623,0.752514,0
4.57311,1.99413,0.765474,0
4.5732,1.9917,0.77453,0
4.57329,1.98086,0.780281,0
4.57337,1.98765,0.792993,0
4.57346,1.98881,0.803531,0
4.57355,1.99361,0.815609,0
4.57364,1.99096,0.824683,0
4.57372,1.98919,0.834136,0
4.57381,1.98461,0.842416,0
4.5739,1.98643,0.853436,0
4.57398,1.98819,0.864488,0
4.57407,1.99538,0.877988,0
4.57416,1.9961,0.888719,0
4.57425,1.99585,0.899063,0
4.57433,1.99464,0.909007,0
4.57442,1.9961,0.920214,0
4.57451,1.99932,0.932296,0
4.5746,1.99251,0.939731,0
4.57468,1.99562,0.95186,0
4.57477,1.99685,0.963165,0
4.57486,1.99532,0.973184,0
4.57494,1.99285,0.982765,0
4.57503,1.99212,0.993236,0
4.57512,1.99224,1.00417,0
4.57521,1.99496,1.01648,0
4.57529,1.99318,1.02655,0
4.57538,1.98957,1.0357,0
4.57547,1.98237,1.04298,0
4.57555,1.99281,1.0596,0
4.57564,2.00138,1.07538,0
4.57573,2.00019,1.08601,0
4.57582,1.9928,1.09329,0
4.5759,1.99151,1.10391,0
4.57599,1.99627,1.11797,0
4.57608,1.99137,1.12667,0
4.57617,2.00033,1.14328,0
4.57625,1.99792,1.1535,0
4.57634,1.99892,1.16573,0
4.57643,1.99467,1.17495,0
4.57651,2.00585,1.19336,0
4.5766,2.00577,1.20519,0
4.57669,2.00391,1.216,0
4.57678,2.00456,1.22839,0
4.57686,2.00258,1.23923,0
4.57695,1.98867,1.24266,0
4.57704,1.99338,1.25773,0
4.57713,2.00221,1.27555,0
4.57721,1.99915,1.2859,0
4.5773,1.99436,1.29515,0
4.57739,1.99705,1.30932,0
4.57747,1.99215,1.31858,0
4.57756,1.9947,1.33281,0
4.57765,1.99549,1.34598,0
4.57774,1.99787,1.3603,0
4.57782,1.99109,1.36844,0
4.57791,1.99085,1.3811,0
4.578,1.99955,1.4001,0
4.57809,1.99261,1.40823,0
4.57817,1.99051,1.41982,0
4.57826,1.9981,1.43842,0
4.57835,1.99423,1.44889,0
4.57843,1.9895,1.45876,0
4.57852,1.99839,1.47873,0
4.57861,1.99672,1.49102,0
4.5787,1.9886,1.49852,0
4.57878,1.98205,1.50718,0
4.57887,1.98894,1.52616,0
4.57896,2.00044,1.54891,0
4.57905,2.00234,1.5644,0
4.57913,1.99628,1.57374,0
4.57922,1.99722,1.58866,0
4.57931,2.00352,1.608,0
4.57939,1.9996,1.61924,0
4.57948,1.99793,1.63238,0
4.57957,1.99156,1.64172,0
4.57966,2.0013,1.66446,0
4.57974,2.0078,1.68475,0
4.57983,2.00043,1.69349,0
4.57992,1.99302,1.7022,0
4.58001,1.99846,1.72198,0
4.58009,2.00149,1.73987,0
4.58018,1.99839,1.75254,0
4.58027,1.99672,1.76654,0
4.58035,1.9972,1.78257,0
4.58044,1.99386,1.79528,0
4.58053,1.99045,1.80799,0
4.58062,1.99139,1.82477,0
4.5807,1.99589,1.84498,0
4.58079,1.9966,1.86186,0
4.58088,1.99501,1.87672,0
4.58097,2.00058,1.89848,0
4.58105,1.99878,1.91342,0
4.58114,1.99257,1.9242,0
4.58123,1.9949,1.94335,0
4.58131,2.00138,1.96675,0
4.5814,2.0013,1.98391,0
4.58149,2.00041,2.00041,0
4.58158,1.99236,2.00982,0
4.58166,1.99689,2.03205,0
4.58175,1.99987,2.05292,0
4.58184,2.00548,2.07673,0
4.58193,2.00331,2.09269,0
4.58201,2.04166,2.15146,0
4.5821,2.25562,2.3978,0
4.58219,2.26423,2.42809,0
4.58227,2.26448,2.4497,0
4.58236,2.26255,2.46914,0
4.58245,2.27058,2.49972,0
4.58254,2.26367,2.51406,0
4.58262,2.25934,2.53137,0
4.58271,2.24694,2.53971,0
4.5828,2.22331,2.5352,0
4.58289,2.20501,2.53658,0
4.58297,2.18544,2.53633,0
4.58306,2.16981,2.54052,0
4.58315,2.14901,2.53851,0
4.58323,2.13534,2.5448,0
4.58332,2.11143,2.53872,0
4.58341,2.09842,2.54559,0
4.5835,2.07084,2.53459,0
4.58358,2.0541,2.5366,0
4.58367,2.03237,2.53228,0
4.58376,2.02317,2.54348,0
4.58385,2.00215,2.53971,0
4.58393,1.98797,2.54449,0
4.58402,1.96399,2.53653,0
4.58411,1.94621,2.53635,0
4.58419,1.93028,2.53845,0
4.58428,1.91076,2.53567,0
4.58437,1.89848,2.54238,0
4.58446,1.87667,2.53617,0
4.58454,1.85908,2.53546,0
4.58463,1.84212,2.53546,0
4.58472,1.82929,2.54104,0
4.58481,1.81063,2.53841,0
4.58489,1.80358,2.552,0
4.58498,1.793,2.56067,0
4.58507,1.85477,2.67364,0
4.58515,1.84988,2.6916,0
4.58524,1.63833,2.4062,0
4.58533,1.60321,2.37685,0
4.58542,1.62893,2.43787,0
4.5855,1.62435,2.45413,0
4.58559,1.48204,2.26048,0
4.58568,1.46617,2.2577,0
4.58577,1.45089,2.25567,0
4.58585,1.43566,2.25354,0
4.58594,1.42315,2.25556,0
4.58603,1.41594,2.26598,0
4.58611,1.40289,2.26704,0
4.5862,1.39403,2.27484,0
4.58629,1.37682,2.26894,0
4.58638,1.37412,2.28692,0
4.58646,1.83401,3.08269,0
4.58655,1.82714,3.10186,0
4.58664,1.83071,3.13918,0
4.58673,1.829,3.16792,0
4.58681,1.82806,3.19844,0
4.5869,1.82985,3.23424,0
4.58699,1.82891,3.26575,0
4.58707,1.83064,3.30256,0
4.58716,1.83545,3.34559,0
4.58725,1.82943,3.36938,0
4.58734,1.83127,3.40817,0
4.58742,1.82765,3.43731,0
4.58751,1.82521,3.46915,0
4.5876,1.82622,3.50813,0
4.58768,1.83012,3.5534,0
4.58777,1.83049,3.59254,0
4.58786,1.83235,3.63532,0
4.58795,1.83209,3.6746,0
4.58803,1.83108,3.71305,0
4.58812,1.83502,3.76235,0
4.58821,1.8377,3.80995,0
4.5883,1.82666,3.82967,0
4.58838,1.80225,3.82132,0
4.58847,1.78768,3.83368,0
4.58856,1.76381,3.82601,0
4.58864,1.74627,3.83185,0
4.58873,1.72666,3.83305,0
4.58882,1.70382,3.82684,0
4.58891,1.6859,3.83149,0
4.58899,1.66717,3.83423,0
4.58908,1.65042,3.84147,0
4.58917,1.62544,3.8293,0
4.58926,1.60408,3.82529,0
4.58934,1.58393,3.82394,0
4.58943,1.56306,3.82063,0
4.58952,1.54488,3.82371,0
4.5896,1.52818,3.83041,0
4.58969,1.50779,3.82774,0
4.58978,1.48527,3.81937,0
4.58987,1.47074,3.83141,0
4.58995,1.44976,3.82657,0
4.59004,1.4327,3.83193,0
4.59013,1.4125,3.82876,0
4.59022,1.39339,3.82831,0
4.5903,1.37532,3.83059,0
4.59039,0.799801,2.25857,0
4.59048,1.34217,3.84339,0
4.59056,0.79341,2.30423,0
4.59065,1.30247,3.83696,0
4.59074,0.762801,2.27977,0
4.59083,0.755351,2.29067,0
4.59091,0.730825,2.24925,0
4.591,0.733199,2.29051,0
4.59109,0.716582,2.27271,0
4.59118,0.703693,2.26626,0
4.59126,0.704323,2.30374,0
4.59135,0.679855,2.25891,0
4.59144,0.673968,2.27528,0
4.59152,0.663475,2.27628,0
4.59161,0.644716,2.24839,0
4.5917,0.633271,2.24541,0
4.59179,1.06388,3.83621,0
4.59187,0.614967,2.25567,0
4.59196,0.602531,2.24868,0
4.59205,0.597805,2.27062,0
4.59214,0.583385,2.25578,0
4.59222,0.58043,2.28545,0
4.59231,0.568275,2.27922,0
4.5924,0.557136,2.27683,0
4.59248,0.547663,2.28118,0
4.59257,0.531516,2.25727,0
4.59266,0.521212,2.25762,0
4.59275,0.512018,2.26279,0
4.59283,0.504088,2.27379,0
4.59292,0.496496,2.28672,0
4.59301,0.481108,2.26343,0
4.5931,0.470005,2.25964,0
4.59318,0.464328,2.28224,0
4.59327,0.453585,2.28033,0
4.59336,0.439052,2.25872,0
4.59344,0.434042,2.28616,0
4.59353,0.421875,2.27624,0
4.59362,0.408736,2.26034,0
4.59371,0.403906,2.29066,0
4.59379,0.38544,2.24313,0
4.59388,0.381095,2.27733,0
4.59397,0.363278,2.23061,0
4.59406,0.357296,2.25588,0
4.59414,0.352622,2.29102,0
4.59423,0.338927,2.26781,0
4.59432,0.328024,2.26234,0
4.5944,0.323578,2.30237,0
4.59449,0.311641,2.28989,0
4.59458,0.299297,2.27338,0
4.59467,0.28887,2.2707,0
4.59475,0.278106,2.26499,0
4.59484,0.270689,2.28704,0
4.59493,0.258103,2.26534,0
4.59502,0.251374,2.29528,0
4.5951,0.239788,2.28143,0
4.59519,0.228228,2.26654,0
4.59528,0.218433,2.26851,0
4.59536,0.207343,2.25649,0
4.59545,0.195839,2.23845,0
4.59554,0.186815,2.24825,0
4.59563,0.173787,2.20817,0
4.59571,0.162742,2.18996,0
4.5958,0.15172,2.1697,0
4.59589,0.141729,2.16236,0
4.59598,0.0471295,0.77056,0
4.59606,0.0450141,0.792723,0
4.59615,0.0408744,0.77993,0
4.59624,0.0359836,0.749136,0
4.59632,0.0334125,0.765271,0
4.59641,0.0294841,0.750421,0
4.5965,0.0263491,0.75454,0
4.59659,0.0232704,0.761645,0
4.59667,0.0199992,0.763738,0
4.59676,0.0169066,0.774816,0
4.59685,0.0132115,0.756885,0
4.59694,0.00975178,0.744936,0
4.59702,0.00629186,0.720973,0
4.59711,0.00319397,0.731993,0
4.5972,2.5977e-08,0.714,0
4.59728,-0.00311974,0.714993,0
4.59737,-0.00632671,0.724972,0
4.59746,-0.00967318,0.738937,0
4.59755,-0.0127228,0.728889,0
4.59763,-0.0155322,0.711831,0
4.59772,-0.0191353,0.730749,0
4.59781,-0.0221099,0.723662,0
4.5979,-0.0259652,0.743547,0
4.59798,-0.0301515,0.767408,0
4.59807,-0.0315804,0.723311,0
4.59816,-0.0348801,0.726163,0
4.59824,-0.0378912,0.723008,0
4.59833,-0.0414424,0.729824,0
4.59842,-0.0435886,0.712668,0
4.59851,-0.0508836,0.776334,0
4.59859,-0.054689,0.78209,0
4.59868,-0.0569894,0.766885,0
4.59877,-0.0631595,0.802518,0
4.59886,-0.0607812,0.731479,0
4.59903,-0.151435,1.64806,0
4.59912,-0.155558,1.61553,0
4.5992,-0.162505,1.61384,0
4.59929,-0.168291,1.60118,0
4.59938,-0.173643,1.58552,0
4.59947,-0.180333,1.58276,0
4.59955,-0.186179,1.57302,0
4.59964,-0.194503,1.5841,0
4.59973,-0.200656,1.57729,0
4.59982,-0.20832,1.58235,0
4.5999,-0.213469,1.56854,0
4.59999,-0.22212,1.58047,0
4.60008,-0.228584,1.57651,0
4.60016,-0.235165,1.57352,0
4.60025,-0.24142,1.56853,0
4.60034,-0.246071,1.55363,0
4.60043,-0.236292,1.45088,0
4.60051,-0.24295,1.45181,0
4.6006,-0.27079,1.5759,0
4.60069,-0.278358,1.57865,0
4.60077,-0.280439,1.55085,0
4.60086,-0.281554,1.51913,0
4.60095,-0.27848,1.4668,0
4.60104,-0.280871,1.44496,0
4.60112,-0.286783,1.44175,0
4.60121,-0.292672,1.43853,0
4.6013,-0.301593,1.44997,0
4.60139,-0.307917,1.44864,0
4.60147,-0.311901,1.43653,0
4.60156,-0.31427,1.41758,0
4.60165,-0.318246,1.40644,0
4.60173,-0.321455,1.39237,0
4.60182,-0.32684,1.38804,0
4.60191,-0.330792,1.37785,0
4.602,-0.329433,1.34628,0
4.60208,-0.326595,1.3099,0
4.60217,-0.324184,1.27648,0
4.60226,-0.328499,1.27021,0
4.60235,-0.326909,1.24169,0
4.60243,-0.320418,1.19582,0
4.60252,-0.315111,1.15582,0
4.60261,-0.326031,1.17563,0
4.60269,-0.342829,1.21558,0
4.60278,-0.337931,1.17851,0
4.60287,-0.326281,1.11942,0
4.60296,-0.319801,1.07963,0
4.60304,-0.319033,1.06003,0
4.60313,-0.32541,1.06437,0
4.60322,-0.326789,1.05243,0
4.60331,-0.329273,1.04432,0
4.60339,-0.334436,1.04478,0
4.60348,-0.338683,1.04236,0
4.60357,-0.315669,0.957297,0
4.60365,-0.31318,0.935995,0
4.60374,-0.319832,0.942195,0
4.60383,-0.322964,0.937954,0
4.60392,-0.31914,0.913878,0
4.604,-0.312443,0.882312,0
4.60409,-0.313249,0.87247,0
4.60418,-0.31158,0.85606,0
4.60427,-0.311851,0.84531,0
4.60435,-0.310634,0.830828,0
4.60444,-0.315319,0.83227,0
4.60453,-0.314289,0.81875,0
4.60461,-0.313509,0.806187,0
4.6047,-0.311893,0.791785,0
4.60479,-0.313121,0.784844,0
4.60488,-0.312047,0.772344,0
4.60496,-0.304812,0.74506,0
4.60505,-0.300789,0.726169,0
4.60514,-0.298928,0.712861,0
4.60523,-0.297737,0.701425,0
4.60531,-0.286979,0.667961,0
4.6054,-0.277529,0.638274,0
4.60549,-0.285547,0.648956,0
4.60557,-0.290817,0.653185,0
4.60566,-0.292843,0.650086,0
4.60575,-0.291529,0.639703,0
4.60584,-0.290968,0.631159,0
4.60592,-0.298368,0.639853,0
4.60601,-0.304997,0.646685,0
4.6061,-0.306954,0.643543,0
4.60619,-0.311932,0.646701,0
4.60627,-0.311682,0.639043,0
4.60636,-0.308275,0.62512,0
4.60645,-0.306092,0.613925,0
4.60653,-0.311018,0.617048,0
4.60662,-0.311437,0.61123,0
4.60671,-0.309981,0.601865,0
4.6068,-0.30891,0.59341,0
4.60688,-0.294734,0.560197,0
4.60697,-0.302809,0.569501,0
4.60706,-0.308604,0.574341,0
4.60715,-0.31063,0.57211,0
4.60723,-0.309276,0.563735,0
4.60732,-0.312217,0.563255,0
4.60741,-0.310274,0.554035,0
4.60749,-0.311212,0.550065,0
4.60758,-0.307654,0.538283,0
4.60767,-0.302,0.523079,0
4.60776,-0.307302,0.52694,0
4.60784,-0.311121,0.528179,0
4.60793,-0.3124,0.525097,0
4.60802,-0.308508,0.513443,0
4.60811,-0.305039,0.502688,0
4.60819,-0.309842,0.505616,0
4.60828,-0.308888,0.499157,0
4.60837,-0.310003,0.496108,0
4.60845,-0.314299,0.498134,0
4.60854,-0.306798,0.481577,0
4.60863,-0.301323,0.468459,0
4.60872,-0.302275,0.465462,0
4.6088,-0.309786,0.472502,0
4.60889,-0.309637,0.46781,0
4.60898,-0.308341,0.461466,0
4.60907,-0.302523,0.448509,0
4.60915,-0.302226,0.443879,0
4.60924,-0.314922,0.458214,0
4.60933,-0.312928,0.451084,0
4.60941,-0.305716,0.436608,0
4.6095,-0.313967,0.444253,0
4.60959,-0.308934,0.433109,0
4.60968,-0.313158,0.435004,0
4.60976,-0.311526,0.428779,0
4.60985,-0.316351,0.431448,0
4.60994,-0.311092,0.420417,0
4.61003,-0.312924,0.419056,0
4.61011,-0.308129,0.408901,0
4.6102,-0.314148,0.413125,0
4.61029,-0.314121,0.40937,0
4.61037,-0.30917,0.399298,0
4.61046,-0.310909,0.397945,0
4.61055,-0.312023,0.3958,0
4.61064,-0.314992,0.396,0
4.61072,-0.30858,0.384483,0
4.61081,-0.312143,0.385464,0
4.6109,-0.310658,0.380227,0
4.61099,-0.30659,0.371923,0
4.61107,-0.30757,0.369813,0
4.61116,-0.312395,0.372298,0
4.61125,-0.302386,0.357193,0
4.61133,-0.304591,0.35663,0
4.61142,-0.293742,0.340904,0
4.61151,-0.305067,0.35094,0
4.6116,-0.294728,0.336072,0
4.61168,-0.286914,0.324298,0
4.61177,-0.27967,0.313344,0
4.61186,-0.361331,0.401298,0
4.61195,-0.362406,0.398978,0
4.61203,-0.22362,0.244039,0
4.61212,-0.173773,0.187987,0
4.61221,-0.147312,0.157972,0
4.61229,-0.160333,0.170439,0
4.61238,-0.159698,0.168287,0
4.61247,-0.145909,0.152419,0
4.61256,-0.149352,0.154658,0
4.61264,-0.131185,0.134665,0
4.61273,-0.11565,0.117686,0
4.61282,-0.111234,0.112209,0
4.6129,-0.118794,0.118794,0
