7200
966
0.837758
0.853553,-0.0591372,-0.0596556,0
0.853641,-0.0294382,-0.0299565,0
0.853728,-0.0348895,-0.0358151,0
0.853815,-0.0708552,-0.0733727,0
0.853902,-0.0954288,-0.0996862,0
0.85399,-0.0977463,-0.103003,0
0.854077,-0.144574,-0.153686,0
0.854164,-0.220285,-0.236227,0
0.854251,-0.116754,-0.126303,0
0.854339,-0.117553,-0.128286,0
0.854426,-0.274326,-0.302009,0
0.854513,-0.341926,-0.379747,0
0.8546,-0.284997,-0.319313,0
0.854688,-0.284264,-0.321302,0
0.854775,-0.285497,-0.325547,0
0.854862,-0.281449,-0.32377,0
0.854949,-0.2957,-0.343177,0
0.855037,-0.305241,-0.357391,0
0.855124,-0.294633,-0.348034,0
0.855211,-0.293111,-0.349316,0
0.855299,-0.290945,-0.349823,0
0.855386,-0.29196,-0.354176,0
0.855473,-0.291677,-0.356995,0
0.85556,-0.292005,-0.360596,0
0.855648,-0.29794,-0.371225,0
0.855735,-0.294449,-0.370174,0
0.855822,-0.299022,-0.379308,0
0.855909,-0.30229,-0.386913,0
0.855997,-0.30366,-0.392182,0
0.856084,-0.301946,-0.393503,0
0.856171,-0.303858,-0.399593,0
0.856258,-0.304518,-0.40411,0
0.856346,-0.300359,-0.402229,0
0.856433,-0.295627,-0.399517,0
0.85652,-0.288559,-0.393545,0
0.856608,-0.285664,-0.393182,0
0.856695,-0.281608,-0.391179,0
0.856782,-0.279899,-0.392404,0
0.856869,-0.294921,-0.417304,0
0.856957,-0.289083,-0.412853,0
0.857044,-0.292408,-0.421505,0
0.857131,-0.295098,-0.42937,0
0.857218,-0.291533,-0.428173,0
0.857306,-0.294695,-0.436903,0
0.857393,-0.296119,-0.443173,0
0.85748,-0.294734,-0.445295,0
0.857567,-0.296627,-0.452431,0
0.857655,-0.301185,-0.463785,0
0.857742,-0.296454,-0.460889,0
0.857829,-0.298739,-0.468926,0
0.857917,-0.297223,-0.47107,0
0.858004,-0.298874,-0.478299,0
0.858091,-0.292049,-0.471945,0
0.858178,-0.298869,-0.48771,0
0.858266,-0.298813,-0.492429,0
0.858353,-0.299237,-0.498014,0
0.85844,-0.297573,-0.500175,0
0.858527,-0.299448,-0.508361,0
0.858615,-0.301257,-0.516574,0
0.858702,-0.303,-0.524811,0
0.858789,-0.303685,-0.531338,0
0.858876,-0.298901,-0.528306,0
0.858964,-0.295616,-0.52786,0
0.859051,-0.298158,-0.537891,0
0.859138,-0.297251,-0.541817,0
0.859226,-0.300133,-0.552776,0
0.859313,-0.304818,-0.567294,0
0.8594,-0.297645,-0.559789,0
0.859487,-0.302184,-0.574357,0
0.859575,-0.297828,-0.572122,0
0.859662,-0.294871,-0.572527,0
0.859749,-0.29691,-0.582718,0
0.859836,-0.297965,-0.591152,0
0.859924,-0.294491,-0.590657,0
0.860011,-0.295007,-0.598214,0
0.860098,-0.298092,-0.61118,0
0.860185,-0.298464,-0.61878,0
0.860273,-0.293178,-0.614661,0
0.86036,-0.296892,-0.629501,0
0.860447,-0.299214,-0.641666,0
0.860535,-0.301854,-0.654771,0
0.860622,-0.298164,-0.654262,0
0.860709,-0.29695,-0.659204,0
0.860796,-0.295291,-0.663234,0
0.860884,-0.29763,-0.676415,0
0.860971,-0.299859,-0.689629,0
0.861058,-0.300005,-0.698281,0
0.861145,-0.298128,-0.702345,0
0.861233,-0.298928,-0.712861,0
0.86132,-0.300407,-0.725245,0
0.861407,-0.294589,-0.72007,0
0.861494,-0.291444,-0.721349,0
0.861582,-0.296075,-0.742119,0
0.861669,-0.297966,-0.756429,0
0.861756,-0.299011,-0.768906,0
0.861844,-0.299954,-0.781407,0
0.861931,-0.300793,-0.79393,0
0.862018,-0.301529,-0.806475,0
0.862105,-0.296968,-0.804968,0
0.862193,-0.287981,-0.791221,0
0.86228,-0.285202,-0.794353,0
0.862367,-0.283736,-0.801245,0
0.862454,-0.281226,-0.805308,0
0.862542,-0.275756,-0.800854,0
0.862629,-0.272902,-0.803944,0
0.862716,-0.268122,-0.801333,0
0.862803,-0.269008,-0.815792,0
0.862891,-0.266682,-0.820762,0
0.862978,-0.253952,-0.793346,0
0.863065,-0.250488,-0.794446,0
0.863153,-0.250281,-0.806037,0
0.86324,-0.25027,-0.818597,0
0.863327,-0.259088,-0.860857,0
0.863414,-0.265554,-0.896496,0
0.863502,-0.271994,-0.933168,0
0.863589,-0.284458,-0.992022,0
0.863676,-0.286641,-1.01635,0
0.863763,-0.287281,-1.0359,0
0.863851,-0.288808,-1.05934,0
0.863938,-0.288583,-1.07701,0
0.864025,-0.286682,-1.08889,0
0.864112,-0.277922,-1.07464,0
0.8642,-0.270769,-1.06615,0
0.864287,-0.269259,-1.07994,0
0.864374,-0.280945,-1.14813,0
0.864462,-0.281068,-1.17073,0
0.864549,-0.289022,-1.22743,0
0.864636,-0.280289,-1.21407,0
0.864723,-0.274989,-1.21528,0
0.864811,-0.241114,-1.08759,0
0.864898,-0.232547,-1.07105,0
0.864985,-0.264048,-1.24225,0
0.865072,-0.261476,-1.25709,0
0.86516,-0.253197,-1.2445,0
0.865247,-0.250886,-1.26129,0
0.865334,-0.261599,-1.34581,0
0.865421,-0.269341,-1.41866,0
0.865509,-0.267522,-1.44342,0
0.865596,-0.263356,-1.45638,0
0.865683,-0.259604,-1.47229,0
0.865771,-0.262322,-1.52663,0
0.865858,-0.263251,-1.57313,0
0.865945,-0.258474,-1.58709,0
0.866032,-0.25186,-1.59018,0
0.86612,-0.243702,-1.58336,0
0.866207,-0.237973,-1.59232,0
0.866294,-0.229301,-1.58146,0
0.866381,-0.223512,-1.59037,0
0.866469,-0.216031,-1.58737,0
0.866556,-0.209756,-1.59325,0
0.866643,-0.20318,-1.59713,0
0.86673,-0.195113,-1.58907,0
0.866818,-0.187472,-1.58394,0
0.866905,-0.180446,-1.58375,0
0.866992,-0.173207,-1.58154,0
0.86708,-0.166305,-1.58228,0
0.867167,-0.16,-1.58896,0
0.867254,-0.152586,-1.58467,0
0.867341,-0.146128,-1.5903,0
0.867429,-0.138403,-1.58196,0
0.867516,-0.131168,-1.57856,0
0.867603,-0.123495,-1.56915,0
0.86769,-0.116943,-1.57366,0
0.867778,-0.110425,-1.57914,0
0.867865,-0.10471,-1.59757,0
0.867952,-0.0979829,-1.60201,0
0.868039,-0.0921825,-1.62338,0
0.868127,-0.085988,-1.64075,0
0.868214,-0.0788761,-1.64211,0
0.868301,-0.0715358,-1.63844,0
0.868389,-0.0643469,-1.63774,0
0.868476,-0.0575493,-1.648,0
0.868563,-0.0501137,-1.64023,0
0.86865,-0.0430349,-1.64344,0
0.868738,-0.0357982,-1.64061,0
0.868825,-0.0288838,-1.65475,0
0.868912,-0.0217811,-1.66386,0
0.868999,-0.0144861,-1.65994,0
0.869087,-0.00724748,-1.66098,0
0.869174,-5.28356e-08,-4.386,0
0.869261,0.0102232,-2.34298,0
0.869348,0.0204026,-2.33791,0
0.869436,0.0304071,-2.3228,0
0.869523,0.0406466,-2.32865,0
0.869785,0.0703607,-2.30293,0
0.869872,0.0810715,-2.32158,0
0.870047,0.103291,-2.36575,0
0.870308,0.133285,-2.34722,0
0.870396,0.142915,-2.33663,0
0.870657,0.17371,-2.33755,0
0.870832,0.196255,-2.36186,0
0.871007,0.215944,-2.3501,0
0.871966,0.323299,-2.30039,0
0.872228,0.351709,-2.28509,0
0.87249,0.391163,-2.3375,0
0.872577,0.401866,-2.33872,0
0.872665,2.16748,-12.2924,0
0.872752,2.21878,-12.27,0
0.872839,0.428982,-2.31458,0
0.872926,2.33211,-12.2836,0
0.873014,0.453744,-2.33431,0
0.873101,0.466071,-2.3431,0
0.873188,0.475492,-2.33712,0
0.873275,0.477744,-2.29684,0
0.873625,0.531439,-2.34862,0
0.873712,2.11701,-9.1698,0
0.873799,2.15723,-9.16145,0
0.873886,2.19322,-9.13542,0
0.873974,2.24375,-9.16947,0
0.874061,0.579161,-2.32289,0
0.874148,2.32541,-9.15632,0
0.874235,2.3711,-9.16836,0
0.874323,2.4121,-9.16179,0
0.87441,2.45386,-9.15794,0
0.874497,2.49932,-9.16741,0
0.874584,2.52086,-9.08993,0
0.874672,2.51734,-8.92581,0
0.874759,2.50968,-8.75229,0
0.874846,2.50195,-8.58381,0
0.874934,2.51041,-8.47501,0
0.875021,2.49376,-8.28586,0
0.875108,2.51469,-8.22518,0
0.875195,1.36854,-4.40742,0
0.875283,1.38054,-4.37851,0
0.87537,1.39536,-4.35912,0
0.875457,1.42426,-4.38342,0
0.875632,2.01584,-6.0247,0
0.875719,2.04435,-6.02248,0
0.875806,2.07257,-6.01917,0
0.875893,2.10112,-6.01668,0
0.875981,2.13903,-6.04045,0
0.876068,2.16706,-6.03576,0
0.876155,2.1903,-6.01779,0
0.876243,2.22726,-6.03726,0
0.87633,2.25639,-6.03498,0
0.876417,2.2788,-6.01479,0
0.876504,2.30287,-5.99919,0
0.876592,2.32903,-5.98908,0
0.876679,2.36173,-5.99561,0
0.876766,2.41122,-6.04376,0
0.876853,2.42633,-6.00537,0
0.876941,2.45894,-6.01046,0
0.877028,2.48897,-6.00891,0
0.877115,2.51904,-6.00722,0
0.877202,2.55382,-6.01642,0
0.87729,1.84937,-4.30454,0
0.877377,1.85737,-4.27167,0
0.877464,1.85586,-4.21776,0
0.877552,1.85147,-4.15846,0
0.877639,1.85111,-4.10931,0
0.877726,1.85534,-4.07117,0
0.877813,1.85759,-4.02943,0
0.877901,1.85445,-3.97688,0
0.877988,1.856,-3.93528,0
0.878075,1.86325,-3.90639,0
0.878162,1.85291,-3.84148,0
0.87825,1.84949,-3.79201,0
0.878337,1.84877,-3.74893,0
0.878424,1.84681,-3.70413,0
0.878511,1.8517,-3.67372,0
0.878599,1.85137,-3.63352,0
0.878686,1.84935,-3.59074,0
0.878773,1.85207,-3.5578,0
0.878861,1.85175,-3.5196,0
0.878948,1.84925,-3.47793,0
0.879035,1.84595,-3.43547,0
0.879122,1.84899,-3.40542,0
0.87921,1.8494,-3.37101,0
0.879297,1.84712,-3.3323,0
0.879384,1.85383,-3.31025,0
0.879471,1.85102,-3.27167,0
0.879559,1.85138,-3.23925,0
0.879646,1.8475,-3.19996,0
0.879733,1.84432,-3.1625,0
0.87982,1.8449,-3.13202,0
0.879908,1.84475,-3.10074,0
0.879995,1.37876,-2.29464,0
0.880082,1.39758,-2.30313,0
0.88017,1.39768,-2.28081,0
0.880257,1.4092,-2.27724,0
0.880344,1.42548,-2.28125,0
0.880431,1.43756,-2.27839,0
0.880519,1.43459,-2.25186,0
0.880606,1.44278,-2.24305,0
0.880693,1.45528,-2.24093,0
0.88078,1.46833,-2.23957,0
0.880868,1.4825,-2.23982,0
0.880955,1.50115,-2.24663,0
0.881042,1.68932,-2.50452,0
0.881129,1.62932,-2.39298,0
0.881217,1.63805,-2.38337,0
0.881304,1.66382,-2.39839,0
0.881391,1.85323,-2.64668,0
0.881479,1.85898,-2.6304,0
0.881566,1.86522,-2.61494,0
0.881653,1.8176,-2.52481,0
0.88174,1.82742,-2.51523,0
0.881828,1.85139,-2.52498,0
0.881915,1.92485,-2.60128,0
0.882002,1.88113,-2.51914,0
0.882089,1.90535,-2.52848,0
0.882177,1.91576,-2.51935,0
0.882264,1.94195,-2.5308,0
0.882351,1.94563,-2.51281,0
0.882438,1.97012,-2.52163,0
0.882526,1.98853,-2.52244,0
0.882613,2.00761,-2.52391,0
0.8827,2.01986,-2.51669,0
0.882787,2.04655,-2.52728,0
0.882875,2.06009,-2.52142,0
0.882962,2.0768,-2.51935,0
0.883049,2.09224,-2.51565,0
0.883137,2.11991,-2.52641,0
0.883224,2.12252,-2.50722,0
0.883311,2.14188,-2.50782,0
0.883398,2.1639,-2.51133,0
0.883486,2.18992,-2.51922,0
0.883573,2.20881,-2.51866,0
0.88366,2.2211,-2.5105,0
0.883747,2.24402,-2.51421,0
0.883835,2.25631,-2.50588,0
0.883922,2.26453,-2.49305,0
0.884009,2.27539,-2.48315,0
0.884096,2.27806,-2.46439,0
0.884184,2.27787,-2.44272,0
0.884271,2.27549,-2.41892,0
0.884358,2.2757,-2.39809,0
0.884446,2.27024,-2.37152,0
0.884533,2.06036,-2.13356,0
0.88462,2.01452,-2.06796,0
0.884707,2.0067,-2.04204,0
0.884795,2.00855,-2.02616,0
0.884882,2.0096,-2.0096,0
0.884969,2.01622,-1.9987,0
0.885056,2.0078,-1.97306,0
0.885144,2.01352,-1.96149,0
0.885231,2.00912,-1.94018,0
0.885318,2.00745,-1.92171,0
0.885405,2.00566,-1.9033,0
0.885493,2.01322,-1.89385,0
0.88558,2.00976,-1.87413,0
0.885667,2.01057,-1.85856,0
0.885755,2.00466,-1.83693,0
0.885842,2.00303,-1.81942,0
0.885929,2.00946,-1.80933,0
0.886016,2.00242,-1.78723,0
0.886104,2.01095,-1.77913,0
0.886191,2.00516,-1.75848,0
0.886278,2.0113,-1.7484,0
0.886365,2.0083,-1.73047,0
0.886453,2.00519,-1.71259,0
0.88654,2.00654,-1.69866,0
0.886627,2.01393,-1.68989,0
0.886714,2.01129,-1.67277,0
0.886802,2.01163,-1.65826,0
0.886889,2.00955,-1.64187,0
0.886976,2.01125,-1.62868,0
0.887064,2.00586,-1.60988,0
0.887151,2.00191,-1.59239,0
0.887238,1.99863,-1.57559,0
0.887325,2.00706,-1.56809,0
0.887413,1.99254,-1.54279,0
0.8875,2.00084,-1.5353,0
0.887587,2.00513,-1.52474,0
0.887674,2.00458,-1.51056,0
0.887762,1.99913,-1.49282,0
0.887849,2.0016,-1.48111,0
0.887936,2.00401,-1.4694,0
0.888023,2.00555,-1.45712,0
0.888111,1.99891,-1.43901,0
0.888198,1.9897,-1.41924,0
0.888285,2.0024,-1.41516,0
0.888373,2.00037,-1.40067,0
0.88846,2.004,-1.39022,0
0.888547,1.99851,-1.37354,0
0.888634,1.99787,-1.3603,0
0.888722,1.99301,-1.3443,0
0.888809,1.99802,-1.33504,0
0.888896,1.99632,-1.32134,0
0.888983,2.00291,-1.31316,0
0.889071,2.00023,-1.29896,0
0.889158,2.00672,-1.29077,0
0.889245,2.00052,-1.27447,0
0.889332,1.99676,-1.25986,0
0.88942,2.00309,-1.25167,0
0.889507,2.00683,-1.24186,0
0.889594,2.00711,-1.22996,0
0.889682,2.00904,-1.21912,0
0.889769,2.00663,-1.2057,0
0.889856,2.00585,-1.19336,0
0.889943,2.00156,-1.17901,0
0.890031,1.99287,-1.16221,0
0.890118,1.99705,-1.153,0
0.890205,1.99252,-1.13882,0
0.890292,1.99834,-1.1306,0
0.89038,1.99453,-1.11699,0
0.890467,1.99851,-1.10779,0
0.890554,1.99631,-1.09521,0
0.890641,1.99667,-1.0841,0
0.890729,2.00315,-1.07633,0
0.890816,2.00076,-1.06382,0
0.890903,2.00007,-1.05229,0
0.890991,1.99932,-1.04078,0
0.891078,2.00384,-1.03205,0
0.891165,1.99318,-1.01558,0
0.891252,1.99045,-1.00327,0
0.89134,1.99928,-0.996806,0
0.891427,2.00003,-0.986304,0
0.891514,1.98544,-0.968362,0
0.891601,1.98514,-0.957517,0
0.891689,1.99562,-0.95186,0
0.891776,1.99613,-0.941437,0
0.891863,2.00385,-0.934409,0
0.89195,2.00336,-0.923563,0
0.892038,1.99282,-0.908178,0
0.892125,1.99311,-0.897831,0
0.892212,1.99062,-0.886279,0
0.8923,1.98806,-0.874766,0
0.892387,1.99002,-0.865286,0
0.892474,1.99561,-0.857384,0
0.892561,1.99657,-0.847496,0
0.892649,1.9938,-0.836069,0
0.892736,1.99281,-0.825448,0
0.892823,1.99547,-0.816366,0
0.89291,1.98603,-0.802407,0
0.892998,1.99415,-0.795587,0
0.893085,1.98644,-0.78248,0
0.893172,1.98518,-0.771993,0
0.893259,1.99319,-0.765116,0
0.893347,1.98529,-0.75216,0
0.893434,1.99043,-0.744191,0
0.893521,1.99647,-0.736537,0
0.893609,1.98839,-0.723715,0
0.893696,1.984,-0.712328,0
0.893783,1.98426,-0.702663,0
0.89387,1.98448,-0.69301,0
0.893958,1.98086,-0.682065,0
0.894045,1.99518,-0.677273,0
0.894132,1.98579,-0.664436,0
0.894219,1.98012,-0.652947,0
0.894307,1.99437,-0.648009,0
0.894394,1.9886,-0.636557,0
0.894481,2.0009,-0.630881,0
0.894568,1.98453,-0.616213,0
0.894656,1.98146,-0.605794,0
0.894743,1.98122,-0.596278,0
0.89483,1.99051,-0.589616,0
0.894918,1.99594,-0.581765,0
0.895005,1.99173,-0.571121,0
0.895092,1.99132,-0.56161,0
0.895179,1.98412,-0.550244,0
0.895267,1.98939,-0.54237,0
0.895354,1.98981,-0.533167,0
0.895441,1.99502,-0.525244,0
0.895528,1.99148,-0.515032,0
0.895616,1.98983,-0.505353,0
0.895703,1.98425,-0.49473,0
0.89579,1.98348,-0.485355,0
0.895877,1.9885,-0.477396,0
0.895965,1.98959,-0.468486,0
0.896052,1.98966,-0.45935,0
0.896139,1.98385,-0.448899,0
0.896227,2.00238,-0.443918,0
0.896314,1.98573,-0.431145,0
0.896401,1.98857,-0.422685,0
0.896488,1.9855,-0.412986,0
0.896576,1.98925,-0.404717,0
0.896663,1.98217,-0.394278,0
0.89675,1.98681,-0.386197,0
0.896837,1.98651,-0.377152,0
0.896925,1.98912,-0.368663,0
0.897012,1.98481,-0.358912,0
0.897099,1.98734,-0.350422,0
0.897186,1.98491,-0.34107,0
0.897274,1.98145,-0.331581,0
0.897361,1.97991,-0.32245,0
0.897448,1.99316,-0.315685,0
0.897536,1.98562,-0.305616,0
0.897623,1.98001,-0.295915,0
0.89771,1.97336,-0.286124,0
0.897797,1.9736,-0.277372,0
0.897885,1.98669,-0.270376,0
0.897972,1.99082,-0.262097,0
0.898059,1.98798,-0.252903,0
0.898146,1.98112,-0.243251,0
0.898234,1.98514,-0.234957,0
0.898321,1.98019,-0.225614,0
0.898408,1.98513,-0.217407,0
0.898495,1.98009,-0.208116,0
0.898583,1.977,-0.199074,0
0.89867,1.97785,-0.190446,0
0.898757,1.97866,-0.181814,0
0.898845,1.98243,-0.17344,0
0.898932,1.97818,-0.164374,0
0.899019,1.98686,-0.156369,0
0.899106,1.98154,-0.147254,0
0.899194,1.98615,-0.138885,0
0.899281,1.98374,-0.130021,0
0.899368,1.96932,-0.120449,0
0.899455,1.98181,-0.112535,0
0.899543,1.98727,-0.104149,0
0.89963,1.9907,-0.0956205,0
0.899717,1.98411,-0.0866281,0
0.899804,1.98447,-0.07797,0
0.899892,1.99079,-0.0695198,0
0.899979,1.99307,-0.0608938,0
0.900066,1.98832,-0.052066,0
0.900154,1.98253,-0.043259,0
0.900241,1.9877,-0.0346954,0
0.900328,1.98083,-0.0259305,0
0.900415,1.97692,-0.0172524,0
0.900503,1.96998,-0.00859577,0
0.90059,1.965,-4.75813e-08,0
0.900677,1.95898,0.00854768,0
0.900764,1.90393,0.0166153,0
0.900852,1.70385,0.0223046,0
0.900939,1.66975,0.0291455,0
0.901026,1.6746,0.0365399,0
0.901113,1.67343,0.0438202,0
0.901201,1.67522,0.0511825,0
0.901288,1.65899,0.0579331,0
0.901375,1.65972,0.0652105,0
0.901463,1.65243,0.0721464,0
0.90155,1.65309,0.0794038,0
0.901637,1.66272,0.0871393,0
0.901724,1.66033,0.0942801,0
0.901812,1.65491,0.101218,0
0.901899,1.65245,0.108308,0
0.901986,1.65695,0.115865,0
0.902073,1.65843,0.123242,0
0.902161,1.65987,0.130634,0
0.902248,1.66526,0.138372,0
0.902335,1.66763,0.145899,0
0.902422,1.661,0.152625,0
0.90251,1.67326,0.161117,0
0.902597,1.68946,0.170119,0
0.902684,1.7792,0.187001,0
0.902772,1.94338,0.212835,0
0.902859,1.96827,0.224256,0
0.902946,1.97521,0.233782,0
0.903033,1.98311,0.243495,0
0.903121,1.98004,0.251893,0
0.903208,1.97992,0.260661,0
0.903295,1.9857,0.270241,0
0.903382,1.98549,0.279042,0
0.90347,1.98029,0.287129,0
0.903557,1.98001,0.295914,0
0.903644,1.97771,0.304399,0
0.903731,1.96748,0.311617,0
0.903819,1.98386,0.323092,0
0.903906,1.97454,0.330425,0
0.903993,1.97505,0.339376,0
0.904081,1.98143,0.34938,0
0.904168,1.98087,0.3582,0
0.904255,1.98323,0.367569,0
0.904342,1.98258,0.376405,0
0.90443,1.97503,0.383908,0
0.904517,1.97824,0.393497,0
0.904604,1.96573,0.399932,0
0.904691,1.96494,0.408709,0
0.904779,1.9739,0.419566,0
0.904866,1.98085,0.430084,0
0.904953,1.97505,0.437857,0
0.90504,1.97409,0.446692,0
0.905128,1.97895,0.456876,0
0.905215,1.97791,0.465735,0
0.905302,1.97197,0.473427,0
0.90539,1.97474,0.483215,0
0.905477,1.98134,0.494004,0
0.905564,1.98111,0.503137,0
0.905651,1.97696,0.511276,0
0.905739,1.98244,0.521934,0
0.905826,1.97628,0.529544,0
0.905913,1.96913,0.536847,0
0.906,1.97448,0.547571,0
0.906088,1.97303,0.556453,0
0.906175,1.97635,0.56671,0
0.906262,1.9777,0.576448,0
0.906349,1.9838,0.587628,0
0.906437,1.97643,0.594837,0
0.906524,1.97573,0.60404,0
0.906611,1.97785,0.614138,0
0.906699,1.97515,0.622762,0
0.906786,1.97146,0.631069,0
0.906873,1.97439,0.641519,0
0.90696,1.97917,0.652633,0
0.907048,1.97062,0.659359,0
0.907135,1.97624,0.670844,0
0.907222,1.98086,0.682065,0
0.907309,1.98164,0.692021,0
0.907397,1.97766,0.700327,0
0.907484,1.97741,0.709963,0
0.907571,1.97899,0.720294,0
0.907658,1.98615,0.73273,0
0.907746,1.97919,0.739988,0
0.907833,1.9722,0.7472,0
0.90792,1.97919,0.75974,0
0.908008,1.97492,0.768006,0
0.908095,1.98272,0.781014,0
0.908182,1.97836,0.789287,0
0.908269,1.97212,0.796788,0
0.908357,1.97325,0.807279,0
0.908444,1.96879,0.815498,0
0.908531,1.97259,0.827175,0
0.908618,1.97448,0.838118,0
0.908706,1.9754,0.848699,0
0.908793,1.9726,0.857709,0
0.90888,1.967,0.865503,0
0.908967,1.96778,0.876111,0
0.909055,1.97123,0.887974,0
0.909142,1.97189,0.89864,0
0.909229,1.97521,0.910585,0
0.909317,1.97575,0.921308,0
0.909404,1.97171,0.92992,0
0.909491,1.97305,0.941097,0
0.909578,1.97163,0.951001,0
0.909666,1.96746,0.959594,0
0.909753,1.97581,0.974362,0
0.90984,1.97602,0.985205,0
0.909927,1.96813,0.992017,0
0.910015,1.96289,1.00014,0
0.910102,1.96384,1.01144,0
0.910189,1.97271,1.02693,0
0.910276,1.97087,1.03692,0
0.910364,1.97427,1.04974,0
0.910451,1.97055,1.05882,0
0.910538,1.97207,1.07074,0
0.910625,1.97264,1.08222,0
0.910713,1.97227,1.09325,0
0.9108,1.97271,1.10477,0
0.910887,1.97571,1.1178,0
0.910975,1.98123,1.13237,0
0.911062,1.97367,1.1395,0
0.911149,1.97214,1.15012,0
0.911236,1.97485,1.16328,0
0.911324,1.97406,1.17444,0
0.911411,1.97063,1.18407,0
0.911498,1.96459,1.19214,0
0.911585,1.96789,1.20593,0
0.911673,1.97707,1.22345,0
0.91176,1.96747,1.22941,0
0.911847,1.96716,1.24119,0
0.911934,1.96763,1.25352,0
0.912022,1.9756,1.27075,0
0.912109,1.96417,1.27554,0
0.912196,1.97029,1.29178,0
0.912284,1.97047,1.30423,0
0.912371,1.97141,1.31726,0
0.912458,1.96814,1.32752,0
0.912545,1.96811,1.34004,0
0.912633,1.97296,1.35598,0
0.91272,1.9736,1.36913,0
0.912807,1.97252,1.38117,0
0.912894,1.97137,1.39323,0
0.912982,1.97504,1.40879,0
0.913069,1.97294,1.42031,0
0.913156,1.97886,1.43772,0
0.913243,1.97095,1.44516,0
0.913331,1.97266,1.4597,0
0.913418,1.97589,1.47547,0
0.913505,1.97662,1.48949,0
0.913593,1.9701,1.4981,0
0.91368,1.96434,1.50729,0
0.913767,1.96486,1.52136,0
0.913854,1.96766,1.53731,0
0.913942,1.96879,1.55207,0
0.914029,1.96591,1.56376,0
0.914116,1.97077,1.58171,0
0.914203,1.96773,1.59344,0
0.914291,1.96541,1.60581,0
0.914378,1.96533,1.62009,0
0.914465,1.95901,1.62929,0
0.914552,1.96414,1.64811,0
0.91464,1.96609,1.66442,0
0.914727,1.95881,1.67298,0
0.914814,1.95755,1.68673,0
0.914902,1.96375,1.70707,0
0.914989,1.96756,1.72551,0
0.915076,1.95702,1.73143,0
0.915163,1.96362,1.7526,0
0.915251,1.9567,1.76182,0
0.915338,1.95566,1.77639,0
0.915425,1.96411,1.79977,0
0.915512,1.96211,1.81376,0
0.9156,1.9593,1.82707,0
0.915687,1.96296,1.84657,0
0.915774,1.96286,1.86269,0
0.915861,1.95977,1.87607,0
0.915949,1.96164,1.89433,0
0.916036,1.96553,1.91474,0
0.916123,1.96857,1.93451,0
0.916211,1.95869,1.94167,0
0.916298,1.95869,1.95869,0
0.916385,1.96702,1.98426,0
0.916472,1.96325,1.99781,0
0.91656,1.96219,2.01424,0
0.916647,1.96241,2.03214,0
0.916734,1.9639,2.05151,0
0.916821,1.96181,2.06732,0
0.916909,1.96442,2.08824,0
0.916996,1.9662,2.10849,0
0.917083,1.96106,2.12146,0
0.91717,1.95921,2.1381,0
0.917258,1.96533,2.16366,0
0.917345,1.95988,2.17667,0
0.917432,1.96435,2.20087,0
0.91752,1.96202,2.21766,0
0.917607,1.96419,2.23973,0
0.917694,1.96227,2.25734,0
0.917781,1.95958,2.27421,0
0.917869,1.95938,2.29414,0
0.917956,1.96034,2.31565,0
0.918043,1.95665,2.33184,0
0.91813,1.95668,2.35266,0
0.918218,1.95912,2.3766,0
0.918305,1.95506,2.39287,0
0.918392,1.95719,2.41692,0
0.918479,1.96164,2.44416,0
0.918567,1.96217,2.46678,0
0.918654,1.96067,2.4871,0
0.918741,1.95903,2.50745,0
0.918829,1.95542,2.52546,0
0.918916,1.95899,2.55301,0
0.919003,1.96599,2.58541,0
0.91909,1.96192,2.60355,0
0.919178,1.96609,2.63292,0
0.919265,1.95994,2.64871,0
0.919352,1.9661,2.68143,0
0.919439,1.96144,2.69969,0
0.919527,1.96191,2.72527,0
0.919614,1.95987,2.74764,0
0.919701,1.95883,2.77168,0
0.919788,1.95704,2.79495,0
0.919876,1.96136,2.82729,0
0.919963,1.96203,2.85477,0
0.92005,1.96419,2.8848,0
0.920138,1.96836,2.91821,0
0.920225,1.96227,2.93675,0
0.920312,1.96545,2.96947,0
0.920399,1.9607,2.99056,0
0.920487,1.9558,3.01167,0
0.920574,1.94318,3.02101,0
0.920661,1.92568,3.02272,0
0.920748,1.905,3.01925,0
0.920836,1.88651,3.01905,0
0.920923,1.87332,3.02725,0
0.92101,1.85017,3.0192,0
0.921097,1.83231,3.01955,0
0.921185,1.80881,3.01037,0
0.921272,1.79822,3.02253,0
0.921359,1.78146,3.02432,0
0.921447,1.76371,3.02429,0
0.921534,1.746,3.02416,0
0.921621,1.72832,3.02394,0
0.921708,1.71117,3.02449,0
0.921796,1.68721,3.01273,0
0.921883,1.67647,3.02443,0
0.92197,1.65556,3.01769,0
0.922057,1.63999,3.02049,0
0.922145,1.62301,3.02057,0
0.922232,1.60512,3.0188,0
0.922319,1.58495,3.0125,0
0.922406,1.56625,3.00874,0
0.922494,1.55402,3.01732,0
0.922581,1.5354,3.01338,0
0.922668,1.51998,3.01559,0
0.922756,1.50146,3.01145,0
0.922843,1.48476,3.0108,0
0.92293,1.46679,3.00736,0
0.923017,1.44844,3.00293,0
0.923105,1.43403,3.00651,0
0.923192,1.42005,3.01093,0
0.923279,1.40647,3.01619,0
0.923366,1.38828,3.0114,0
0.923454,1.37305,3.01288,0
0.923541,1.35414,3.00608,0
0.923628,1.34426,3.01927,0
0.923715,1.32544,3.01229,0
0.923803,1.31069,3.01438,0
0.92389,1.2916,3.00628,0
0.923977,1.2773,3.00913,0
0.924065,1.263,3.01191,0
0.924152,1.24449,3.00446,0
0.924239,1.23212,3.01171,0
0.924326,1.21447,3.00593,0
0.924414,1.19949,3.00656,0
0.924501,1.1794,2.99408,0
0.924588,1.16886,3.00573,0
0.924675,1.15215,3.00146,0
0.924763,1.13515,2.99617,0
0.92485,1.12136,2.99922,0
0.924937,1.10965,3.00784,0
0.925024,1.09686,3.01359,0
0.925112,1.07897,3.00518,0
0.925199,1.06651,3.01174,0
0.925286,1.05105,3.00976,0
0.925374,1.03466,3.00486,0
0.925461,1.01961,3.00366,0
0.925548,1.0049,3.00334,0
0.925635,0.989911,3.002,0
0.925723,0.979893,3.0158,0
0.92581,0.960932,3.00195,0
0.925897,0.946923,3.00325,0
0.925984,0.934106,3.00831,0
0.926072,0.918632,3.00471,0
0.926159,0.905513,3.00869,0
0.926246,0.8884,2.99919,0
0.926333,0.874746,3.00112,0
0.926421,0.861367,3.00394,0
0.926508,0.846623,3.0019,0
0.926595,0.835655,3.01327,0
0.926683,0.817501,2.99856,0
0.92677,0.805704,3.00693,0
0.926857,0.790285,3.00171,0
0.926944,0.778181,3.009,0
0.927032,0.762091,3.00074,0
0.927119,0.747055,2.99627,0
0.927206,0.7354,3.00533,0
0.927293,0.721346,3.00462,0
0.927381,0.708,3.00677,0
0.927468,0.693974,3.00593,0
0.927555,0.681735,3.01283,0
0.927642,0.66447,2.99723,0
0.92773,0.652871,3.00694,0
0.927817,0.637665,2.99998,0
0.927904,0.621718,2.98903,0
0.927992,0.609667,2.99661,0
0.928079,0.596001,2.9963,0
0.928166,0.582922,2.99887,0
0.928253,0.569645,3.0004,0
0.928341,0.557276,3.00679,0
0.928428,0.541838,2.9964,0
0.928515,0.528585,2.99775,0
0.928602,0.515669,3.00102,0
0.92869,0.502735,3.00423,0
0.928777,0.487372,2.99257,0
0.928864,0.474466,2.99566,0
0.928951,0.461238,2.99671,0
0.929039,0.44801,2.99771,0
0.929126,0.434496,2.99666,0
0.929213,0.421695,3.00051,0
0.929301,0.40725,2.99241,0
0.929388,0.393928,2.99218,0
0.929475,0.380869,2.99387,0
0.929562,0.366461,2.98459,0
0.92965,0.354728,2.99708,0
0.929737,0.341647,2.9986,0
0.929824,0.327363,2.98913,0
0.929911,0.314422,2.99152,0
0.929999,0.301767,2.99685,0
0.930086,0.288017,2.99117,0
0.930173,0.274596,2.98841,0
0.93026,0.261729,2.99157,0
0.930348,0.249667,3.00465,0
0.930435,0.235613,2.99374,0
0.930522,0.222474,2.99375,0
0.93061,0.209967,3.00267,0
0.930697,0.196602,2.99956,0
0.930784,0.183451,2.9994,0
0.930871,0.169852,2.99118,0
0.930959,0.157427,3.00388,0
0.931046,0.143071,2.97857,0
0.931133,0.13064,2.99215,0
0.93122,0.117701,2.99569,0
0.931308,0.104594,2.99517,0
0.931395,0.0913103,2.98861,0
0.931482,0.0781383,2.98398,0
0.931569,0.0653793,2.99629,0
0.931657,0.0521479,2.98754,0
0.931744,0.0391642,2.99174,0
0.931831,0.0260488,2.98489,0
0.931919,0.0130508,2.99097,0
0.932006,1.08929e-07,2.994,0
0.932093,-0.0130113,2.98197,0
0.93218,-0.026101,2.99089,0
0.932268,-0.0391247,2.98874,0
0.932355,-0.0522524,2.99354,0
0.932442,-0.0651391,2.98529,0
0.932529,-0.0781904,2.98598,0
0.932617,-0.0911573,2.98361,0
0.932704,-0.104419,2.99018,0
0.932791,-0.117505,2.99069,0
0.932878,-0.130684,2.99315,0
0.932966,-0.143646,2.99055,0
0.933053,-0.157269,3.00088,0
0.93314,-0.169738,2.98918,0
0.933228,-0.182535,2.98442,0
0.933315,-0.195228,2.97861,0
0.933402,-0.208572,2.98272,0
0.933489,-0.222474,2.99375,0
0.933577,-0.234514,2.97979,0
0.933664,-0.248176,2.98671,0
0.933751,-0.261293,2.98659,0
0.933838,-0.274596,2.98841,0
0.933926,-0.287441,2.98519,0
0.934013,-0.299562,2.97496,0
0.9341,-0.313899,2.98655,0
0.934187,-0.326383,2.98018,0
0.934275,-0.339383,2.97873,0
0.934362,-0.352847,2.98119,0
0.934449,-0.366948,2.98856,0
0.934537,-0.379985,2.98693,0
0.934624,-0.393406,2.98821,0
0.934711,-0.405766,2.98152,0
0.934798,-0.420303,2.99061,0
0.934886,-0.4322,2.98083,0
0.934973,-0.445941,2.98386,0
0.93506,-0.458348,2.97793,0
0.935147,-0.473371,2.98874,0
0.935235,-0.485603,2.98172,0
0.935322,-0.497783,2.97464,0
0.935409,-0.513298,2.98722,0
0.935496,-0.524591,2.9751,0
0.935584,-0.540236,2.98755,0
0.935671,-0.553085,2.98418,0
0.935758,-0.564795,2.97486,0
0.935846,-0.577197,2.96942,0
0.935933,-0.593074,2.98159,0
0.93602,-0.605281,2.97505,0
0.936107,-0.620089,2.98119,0
0.936195,-0.633091,2.97846,0
0.936282,-0.646717,2.9786,0
0.936369,-0.660574,2.97966,0
0.936456,-0.674231,2.97967,0
0.936544,-0.68655,2.97378,0
0.936631,-0.700436,2.97465,0
0.936718,-0.71621,2.98323,0
0.936805,-0.728507,2.97716,0
0.936893,-0.742942,2.97978,0
0.93698,-0.756921,2.98039,0
0.937067,-0.768917,2.97318,0
0.937155,-0.782392,2.97173,0
0.937242,-0.79561,2.96926,0
0.937329,-0.809347,2.96865,0
0.937416,-0.822827,2.96702,0
0.937504,-0.838479,2.97302,0
0.937591,-0.850892,2.96741,0
0.937678,-0.86691,2.97423,0
0.937765,-0.881868,2.97714,0
0.937853,-0.895714,2.97613,0
0.93794,-0.909568,2.97506,0
0.938027,-0.92343,2.97393,0
0.938114,-0.937601,2.97369,0
0.938202,-0.950262,2.96862,0
0.938289,-0.968459,2.98061,0
0.938376,-0.980203,2.97256,0
0.938463,-0.99475,2.97299,0
0.938551,-1.00996,2.97525,0
0.938638,-1.01935,2.96042,0
0.938725,-1.03523,2.96444,0
0.938813,-1.04882,2.96178,0
0.9389,-1.05464,2.93741,0
0.938987,-1.05342,2.89425,0
0.939074,-1.06708,2.89244,0
0.939162,-1.08214,2.89432,0
0.939249,-1.09724,2.89611,0
0.939336,-1.11345,2.90063,0
0.939423,-1.12392,2.89016,0
0.939511,-1.12186,2.84801,0
0.939598,-1.12168,2.81151,0
0.939685,-1.12457,2.78341,0
0.939772,-1.1208,2.7396,0
0.93986,-1.12126,2.70697,0
0.939947,-1.1234,2.67899,0
0.940034,-1.11827,2.63449,0
0.940122,-1.11949,2.60569,0
0.940209,-1.12088,2.57786,0
0.940296,-1.11682,2.53816,0
0.940383,-1.11812,2.51134,0
0.940471,-1.11592,2.47726,0
0.940558,-1.1176,2.45235,0
0.940645,-1.11866,2.42656,0
0.940732,-1.11783,2.39718,0
0.94082,-1.11377,2.36153,0
0.940907,-1.11502,2.3377,0
0.940994,-1.11566,2.31299,0
0.941081,-1.11609,2.28833,0
0.941169,-1.1128,2.25653,0
0.941256,-1.11505,2.23644,0
0.941343,-1.11264,2.20744,0
0.941431,-1.11228,2.18297,0
0.941518,-1.10897,2.1532,0
0.941605,-1.11143,2.13504,0
0.941692,-1.10677,2.10362,0
0.94178,-1.11218,2.0917,0
0.941867,-1.10993,2.06569,0
0.941954,-1.10749,2.03973,0
0.942041,-1.10435,2.01296,0
0.942129,-1.10634,1.99588,0
0.942216,-1.11112,1.98406,0
0.942303,-1.11386,1.96874,0
0.94239,-1.10656,1.93608,0
0.942478,-1.111,1.92431,0
0.942565,-1.10931,1.90217,0
0.942652,-1.11252,1.88869,0
0.94274,-1.10593,1.8589,0
0.942827,-1.1063,1.8412,0
0.942914,-1.10706,1.82438,0
0.943001,-1.10352,1.80078,0
0.943089,-1.11136,1.79594,0
0.943176,-1.10435,1.76733,0
0.943263,-1.10138,1.74558,0
0.94335,-1.10146,1.72895,0
0.943438,-1.10196,1.7132,0
0.943525,-1.10289,1.69831,0
0.943612,-1.10207,1.68094,0
0.943699,-1.0978,1.6586,0
0.943787,-1.10003,1.64631,0
0.943874,-1.10105,1.63238,0
0.943961,-1.10197,1.61846,0
0.944049,-1.10336,1.6054,0
0.944136,-1.09667,1.58085,0
0.944223,-1.09553,1.56458,0
0.94431,-1.09773,1.55325,0
0.944398,-1.09753,1.53868,0
0.944485,-1.09722,1.52414,0
0.944572,-1.09739,1.51043,0
0.944659,-1.0957,1.49434,0
0.944747,-1.09626,1.48151,0
0.944834,-1.09254,1.46309,0
0.944921,-1.09771,1.45671,0
0.945008,-1.09558,1.44076,0
0.945096,-1.09699,1.42962,0
0.945183,-1.09097,1.40901,0
0.94527,-1.09465,1.40108,0
0.945358,-1.0927,1.38608,0
0.945445,-1.09998,1.38287,0
0.945532,-1.09286,1.36168,0
0.945619,-1.09502,1.35223,0
0.945707,-1.09268,1.33738,0
0.945794,-1.09151,1.32411,0
0.945881,-1.09792,1.3201,0
0.945968,-1.0966,1.30687,0
0.946056,-1.09518,1.29368,0
0.946143,-1.09692,1.28433,0
0.94623,-1.10055,1.27725,0
0.946317,-1.10218,1.26791,0
0.946405,-1.1044,1.25933,0
0.946492,-1.10127,1.24476,0
0.946579,-1.10337,1.23622,0
0.946667,-1.09938,1.22099,0
0.946754,-1.09932,1.21026,0
0.946841,-1.09919,1.19955,0
0.946928,-0.0448008,0.0484653,0
0.947016,-0.0402379,0.0431499,0
0.947103,-0.0452221,0.0480725,0
0.94719,-1.09861,1.1577,0
0.947277,-0.0456399,0.047676,0
0.947365,-0.0382062,0.0395637,0
0.947452,-0.030005,0.030801,0
0.947539,-0.0315409,0.0320963,0
0.947626,-1.10742,1.11712,0
0.947714,-1.15612,1.15612,0
