7200
5148
4.4855
4.5012,-0.0360624,-0.0360624,0
4.50138,-0.0315409,-0.0320963,0
4.50147,-1.10181,-1.13104,0
4.50155,-0.0166718,-0.0172642,0
4.50164,-0.028352,-0.0296169,0
4.50173,-0.0268458,-0.0282896,0
4.50181,-1.07985,-1.14791,0
4.5019,-0.0354639,-0.0380304,0
4.50199,-1.07251,-1.16023,0
4.50208,-1.07824,-1.17669,0
4.50216,-1.08318,-1.19249,0
4.50225,-1.08533,-1.20538,0
4.50234,-1.09005,-1.2213,0
4.50243,-1.08935,-1.23128,0
4.50251,-1.08594,-1.23828,0
4.5026,-1.08709,-1.25055,0
4.50269,-1.08228,-1.25604,0
4.50277,-1.08328,-1.26836,0
4.50286,-1.08484,-1.28147,0
4.50295,-1.08053,-1.28772,0
4.50304,-1.07873,-1.29704,0
4.50312,-1.07624,-1.30559,0
4.50321,-1.07433,-1.31492,0
4.5033,-1.07803,-1.33125,0
4.50339,-1.0816,-1.34764,0
4.50347,-1.07882,-1.35626,0
4.50356,-1.07599,-1.36488,0
4.50365,-1.07741,-1.37902,0
4.50373,-1.06954,-1.38133,0
4.50382,-1.07264,-1.39789,0
4.50391,-1.07742,-1.41688,0
4.504,-1.08327,-1.43754,0
4.50408,-1.08117,-1.44787,0
4.50417,-1.07544,-1.45337,0
4.50426,-1.06968,-1.45886,0
4.50435,-1.07271,-1.47646,0
4.50443,-1.07444,-1.49248,0
4.50452,-1.08011,-1.51425,0
4.50461,-1.08446,-1.53447,0
4.50469,-1.08062,-1.54328,0
4.50478,-1.07672,-1.55209,0
4.50487,-1.07391,-1.56254,0
4.50496,-1.08171,-1.58871,0
4.50504,-1.07756,-1.59756,0
4.50513,-1.07392,-1.60723,0
4.50522,-1.07352,-1.62191,0
4.50531,-1.08178,-1.64999,0
4.50539,-1.08274,-1.66728,0
4.50548,-1.076,-1.67283,0
4.50557,-1.07836,-1.69269,0
4.50565,-1.0779,-1.70837,0
4.50574,-1.07521,-1.72069,0
4.50583,-1.08032,-1.74577,0
4.50592,-1.08157,-1.76497,0
4.506,-1.08112,-1.78164,0
4.50609,-1.07437,-1.78805,0
4.50618,-1.07678,-1.80991,0
4.50627,-1.077,-1.82838,0
4.50635,-1.0811,-1.85379,0
4.50644,-1.079,-1.86888,0
4.50653,-1.07927,-1.88833,0
4.50661,-1.08185,-1.91217,0
4.5067,-1.07839,-1.9256,0
4.50679,-1.08016,-1.94865,0
4.50688,-1.08078,-1.97001,0
4.50696,-1.08315,-1.99491,0
4.50705,-1.08154,-2.01284,0
4.50714,-1.08213,-2.03519,0
4.50723,-1.08116,-2.05494,0
4.50731,-1.08511,-2.08448,0
4.5074,-1.07738,-2.09186,0
4.50749,-1.0805,-2.1206,0
4.50757,-1.07889,-2.14047,0
4.50766,-1.08114,-2.16843,0
4.50775,-1.07918,-2.18837,0
4.50784,-1.08102,-2.21643,0
4.50792,-1.08003,-2.23914,0
4.50801,-1.08489,-2.27451,0
4.5081,-1.08263,-2.29551,0
4.50819,-1.0781,-2.31199,0
4.50827,-1.07847,-2.33938,0
4.50836,-1.08484,-2.38046,0
4.50845,-1.08841,-2.41617,0
4.50853,-1.09046,-2.44922,0
4.50862,-1.08581,-2.46768,0
4.50871,-1.08061,-2.48523,0
4.5088,-1.07252,-2.49636,0
4.50888,-1.06123,-2.50009,0
4.50897,-1.04489,-2.49179,0
4.50906,-1.03095,-2.48893,0
4.50915,-1.01856,-2.4897,0
4.50923,-1.00657,-2.49134,0
4.50932,-0.993094,-2.48921,0
4.50941,-0.982223,-2.49352,0
4.50949,-0.969522,-2.49312,0
4.50958,-0.96186,-2.50573,0
4.50967,-0.947374,-2.50055,0
4.50976,-0.930151,-2.4878,0
4.50984,-0.918595,-2.48996,0
4.50993,-0.907037,-2.49206,0
4.51002,-0.892776,-2.48659,0
4.51011,-0.880916,-2.48763,0
4.51019,-0.874669,-2.50467,0
4.51028,-0.854942,-2.48293,0
4.51037,-0.831564,-2.44971,0
4.51045,-0.820867,-2.45331,0
4.51054,-0.808589,-2.45212,0
4.51063,-0.804371,-2.4756,0
4.51072,-0.795086,-2.48385,0
4.5108,-0.787248,-2.49683,0
4.51089,-0.77427,-2.49356,0
4.51098,-0.761921,-2.49213,0
4.51107,-0.752481,-2.50022,0
4.51115,-0.737588,-2.49005,0
4.51124,-0.724757,-2.48653,0
4.51133,-0.712523,-2.48486,0
4.51141,-0.700316,-2.48313,0
4.5115,-0.686803,-2.47653,0
4.51159,-0.679147,-2.49108,0
4.51168,-0.668788,-2.49595,0
4.51176,-0.654836,-2.48724,0
4.51185,-0.641724,-2.48136,0
4.51194,-0.633352,-2.49383,0
4.51203,-0.620772,-2.48978,0
4.51211,-0.608238,-2.48566,0
4.5122,-0.595286,-2.47954,0
4.51229,-0.58469,-2.48309,0
4.51237,-0.57385,-2.48562,0
4.51246,-0.560351,-2.47639,0
4.51255,-0.547592,-2.47003,0
4.51264,-0.534688,-2.46262,0
4.51272,-0.528512,-2.48645,0
4.51281,-0.517454,-2.48775,0
4.5129,-0.509385,-2.50371,0
4.51298,-0.510551,-2.56672,0
4.51307,-0.479885,-2.46879,0
4.51316,-0.465751,-2.45318,0
4.51325,-0.455589,-2.45814,0
4.51333,-0.475999,-2.63231,0
4.51342,-0.518166,-2.93867,0
4.51351,-0.509065,-2.96258,0
4.5136,-0.504551,-3.01507,0
4.51368,-0.492033,-3.0212,0
4.51377,-0.476969,-3.01146,0
4.51386,-0.464281,-3.01648,0
4.51394,-0.450671,-3.01551,0
4.51403,-0.438657,-3.02536,0
4.51412,-0.423504,-3.01339,0
4.51421,-0.41197,-3.0271,0
4.51429,-0.39693,-3.01498,0
4.51438,-0.383771,-3.01669,0
4.51447,-0.371336,-3.02429,0
4.51456,-0.357314,-3.01893,0
4.51464,-0.344025,-3.01946,0
4.51473,-0.330738,-3.01994,0
4.51482,-0.317871,-3.02434,0
4.5149,-0.302668,-3.0058,0
4.51499,-0.290125,-3.01306,0
4.51508,-0.277524,-3.02028,0
4.51517,-0.264082,-3.01847,0
4.51525,-0.250909,-3.01959,0
4.51534,-0.237574,-3.01867,0
4.51543,-0.224401,-3.01967,0
4.51552,-0.211362,-3.02262,0
4.5156,-0.197779,-3.01753,0
4.51569,-0.184855,-3.02235,0
4.51578,-0.171099,-3.01315,0
4.51586,-0.158002,-3.01486,0
4.51595,-0.14475,-3.01353,0
4.51604,-0.131469,-3.01113,0
4.51613,-0.118408,-3.01367,0
4.51621,-0.105397,-3.01816,0
4.5163,-0.092379,-3.02359,0
4.51639,-0.0791068,-3.02096,0
4.51648,-0.0658374,-3.01728,0
4.51656,-0.0527936,-3.02454,0
4.51665,-0.039583,-3.02374,0
4.51674,-0.0263978,-3.02488,0
4.51682,-0.0131772,-3.01997,0
4.51691,-3.64163e-08,-3.023,0
4.517,0.0132121,-3.02797,0
4.51709,0.0264239,-3.02788,0
4.51717,0.0390724,-2.98474,0
4.51726,0.0519209,-2.97455,0
4.51735,0.0653574,-2.99529,0
4.51744,0.0783737,-2.99297,0
4.51752,0.0918293,-3.0056,0
4.51761,0.104384,-2.98918,0
4.5177,0.117662,-2.99469,0
4.51778,0.130858,-2.99714,0
4.51787,0.143886,-2.99555,0
4.51796,0.156851,-2.99289,0
4.51805,0.170305,-2.99917,0
4.51813,0.183207,-2.9954,0
4.51822,0.196602,-2.99956,0
4.51831,0.209409,-2.99469,0
4.5184,0.22151,-2.98078,0
4.51848,0.235456,-2.99175,0
4.51857,0.249915,-3.00763,0
4.51866,0.261729,-2.99157,0
4.51874,0.275877,-3.00235,0
4.51883,0.2884,-2.99515,0
4.51892,0.302468,-3.00381,0
4.51901,0.315467,-3.00147,0
4.51909,0.328996,-3.00404,0
4.51918,0.341987,-3.00158,0
4.51927,0.354845,-2.99807,0
4.51936,0.36768,-2.99451,0
4.51944,0.382257,-3.00478,0
4.51953,0.393928,-2.99218,0
4.51962,0.407924,-2.99737,0
4.5197,0.421277,-2.99754,0
4.51979,0.43507,-3.00062,0
4.51988,0.448454,-3.00067,0
4.51997,0.460477,-2.99177,0
4.52005,0.474779,-2.99763,0
4.52014,0.490104,-3.00935,0
4.52023,0.50224,-3.00127,0
4.52032,0.516177,-3.00397,0
4.5204,0.528759,-2.99874,0
4.52049,0.543262,-3.00428,0
4.52058,0.555089,-2.99499,0
4.52066,0.569271,-2.99844,0
4.52075,0.583494,-3.00182,0
4.52084,0.595221,-2.99238,0
4.52093,0.610265,-2.99955,0
4.52101,0.623551,-2.99784,0
4.5211,0.638081,-3.00194,0
4.52119,0.650749,-2.99717,0
4.52128,0.666634,-3.00699,0
4.52136,0.678865,-3.00015,0
4.52145,0.692174,-2.99814,0
4.52154,0.706625,-3.00093,0
4.52162,0.72228,-3.00851,0
4.52171,0.735162,-3.00436,0
4.5218,0.749716,-3.00695,0
4.52189,0.763321,-3.00559,0
4.52197,0.776929,-3.00416,0
4.52206,0.792576,-3.01041,0
4.52215,0.808033,-3.01562,0
4.52224,0.821972,-3.01496,0
4.52232,0.832448,-3.00171,0
4.52241,0.846894,-3.00286,0
4.5225,0.863021,-3.00971,0
4.52258,0.877544,-3.01072,0
4.52267,0.888968,-3.00111,0
4.52276,0.906089,-3.0106,0
4.52285,0.926234,-3.02957,0
4.52293,0.940926,-3.03028,0
4.52302,0.954741,-3.02805,0
4.52311,0.967944,-3.02386,0
4.5232,0.986382,-3.03577,0
4.52328,0.999306,-3.03049,0
4.52337,1.01347,-3.02895,0
4.52346,1.02668,-3.02449,0
4.52354,1.04214,-3.0266,0
4.52363,1.05435,-3.0192,0
4.52372,1.06985,-3.02117,0
4.52381,1.08539,-3.02306,0
4.52389,1.10096,-3.02487,0
4.52398,1.11692,-3.02754,0
4.52407,1.12977,-3.0217,0
4.52416,1.14542,-3.02329,0
4.52424,1.16219,-3.0276,0
4.52433,1.17575,-3.02343,0
4.52442,1.19259,-3.02758,0
4.5245,1.21098,-3.03535,0
4.52459,1.21785,-3.01427,0
4.52468,1.23667,-3.02282,0
4.52477,1.25252,-3.02386,0
4.52485,1.27073,-3.03035,0
4.52494,1.28472,-3.02662,0
4.52503,1.30463,-3.03661,0
4.52512,1.31707,-3.02905,0
4.5252,1.33551,-3.03517,0
4.52529,1.34711,-3.02566,0
4.52538,1.364,-3.02796,0
4.52546,1.37803,-3.0238,0
4.52555,1.40042,-3.03774,0
4.52564,1.41239,-3.02888,0
4.52573,1.43114,-3.03445,0
4.52581,1.4435,-3.02637,0
4.5259,1.46147,-3.02995,0
4.52599,1.48082,-3.03613,0
4.52607,1.49096,-3.02336,0
4.52616,1.50993,-3.02846,0
4.52625,1.52493,-3.02541,0
4.52634,1.54675,-3.03566,0
4.52642,1.56181,-3.03244,0
4.52651,1.5778,-3.03092,0
4.5266,1.59426,-3.0302,0
4.52669,1.61029,-3.02851,0
4.52677,1.62727,-3.0285,0
4.52686,1.64143,-3.02313,0
4.52695,1.6623,-3.02997,0
4.52703,1.68083,-3.03231,0
4.52712,1.69796,-3.03192,0
4.52721,1.71462,-3.03058,0
4.5273,1.7308,-3.02828,0
4.52738,1.7465,-3.02503,0
4.52747,1.76825,-3.03206,0
4.52756,1.78146,-3.02432,0
4.52765,1.80486,-3.0337,0
4.52773,1.82323,-3.03437,0
4.52782,1.83801,-3.02895,0
4.52791,1.8533,-3.02431,0
4.52799,1.87753,-3.03406,0
4.52808,1.8934,-3.03008,0
4.52817,1.91247,-3.03109,0
4.52826,1.93159,-3.03199,0
4.52834,1.95562,-3.04036,0
4.52843,1.9705,-3.03431,0
4.52852,1.98701,-3.0307,0
4.52861,1.99084,-3.00783,0
4.52869,1.99283,-2.98248,0
4.52878,1.99185,-2.95303,0
4.52887,1.99177,-2.9253,0
4.52895,1.99262,-2.89928,0
4.52904,1.98815,-2.8659,0
4.52913,1.98687,-2.83754,0
4.52922,1.98769,-2.81251,0
4.5293,1.98658,-2.78509,0
4.52939,1.98236,-2.75367,0
4.52948,1.98378,-2.73043,0
4.52957,1.98798,-2.71127,0
4.52965,1.98314,-2.68006,0
4.52974,1.98584,-2.65936,0
4.52983,1.9908,-2.64189,0
4.52991,1.99021,-2.61725,0
4.53,1.98395,-2.58554,0
4.53009,1.98236,-2.56025,0
4.53018,1.98428,-2.53976,0
4.53026,1.98296,-2.51537,0
4.53035,1.9852,-2.49574,0
4.53044,1.9823,-2.46989,0
4.53053,1.98425,-2.45034,0
4.53061,1.9772,-2.41998,0
4.5307,1.9782,-2.39975,0
4.53079,1.97523,-2.37495,0
4.53087,1.97914,-2.35865,0
4.53096,1.97843,-2.33702,0
4.53105,1.97692,-2.31468,0
4.53114,1.98308,-2.30148,0
4.53122,1.97802,-2.27545,0
4.53131,1.97672,-2.25402,0
4.5314,1.97593,-2.23339,0
4.53149,1.98166,-2.22027,0
4.53157,1.97527,-2.19376,0
4.53166,1.98012,-2.17994,0
4.53175,1.9788,-2.15949,0
4.53183,1.98074,-2.14275,0
4.53192,1.97984,-2.12312,0
4.53201,1.98018,-2.10499,0
4.5321,1.98246,-2.08908,0
4.53218,1.97565,-2.06379,0
4.53227,1.97352,-2.04364,0
4.53236,1.98521,-2.03788,0
4.53245,1.98077,-2.01565,0
4.53253,1.97547,-1.99278,0
4.53262,1.97424,-1.97424,0
4.53271,1.97574,-1.95857,0
4.53279,1.97998,-1.94572,0
4.53288,1.97556,-1.92451,0
4.53297,1.97818,-1.91031,0
4.53306,1.97422,-1.88991,0
4.53314,1.97229,-1.87164,0
4.53323,1.97898,-1.86164,0
4.53332,1.97758,-1.84412,0
4.53341,1.97973,-1.83005,0
4.53349,1.98033,-1.81464,0
4.53358,1.96898,-1.7885,0
4.53367,1.97974,-1.78256,0
4.53375,1.97705,-1.76459,0
4.53384,1.97425,-1.74667,0
4.53393,1.97132,-1.7288,0
4.53402,1.97432,-1.71625,0
4.5341,1.97573,-1.7024,0
4.53419,1.96869,-1.68142,0
4.53428,1.97143,-1.66894,0
4.53437,1.98099,-1.66225,0
4.53445,1.98054,-1.64719,0
4.53454,1.97382,-1.62709,0
4.53463,1.9716,-1.61087,0
4.53471,1.96851,-1.59407,0
4.5348,1.97467,-1.58484,0
4.53489,1.96982,-1.56687,0
4.53498,1.97821,-1.5595,0
4.53506,1.97318,-1.54162,0
4.53515,1.97593,-1.52993,0
4.53524,1.97228,-1.51338,0
4.53533,1.97647,-1.50295,0
4.53541,1.97662,-1.48949,0
4.5355,1.9807,-1.47906,0
4.53559,1.97427,-1.46088,0
4.53567,1.96289,-1.43925,0
4.53576,1.97157,-1.43243,0
4.53585,1.97781,-1.42382,0
4.53594,1.984,-1.41517,0
4.53602,1.97791,-1.39785,0
4.53611,1.98235,-1.38806,0
4.5362,1.96867,-1.36571,0
4.53629,1.9779,-1.35938,0
4.53637,1.9739,-1.34398,0
4.53646,1.9814,-1.33647,0
4.53655,1.98222,-1.32448,0
4.53663,1.98798,-1.31582,0
4.53672,1.97447,-1.29452,0
4.53681,1.98597,-1.28971,0
4.5369,1.97644,-1.27129,0
4.53698,1.97522,-1.25836,0
4.53707,1.97308,-1.24492,0
4.53716,1.9785,-1.2363,0
4.53725,1.97622,-1.22292,0
4.53733,1.9713,-1.20802,0
4.53742,1.97399,-1.19785,0
4.53751,1.97406,-1.18613,0
4.53759,1.97749,-1.17649,0
4.53768,1.97485,-1.16328,0
4.53777,1.97386,-1.15112,0
4.53786,1.97194,-1.1385,0
4.53794,1.97863,-1.13088,0
4.53803,1.97571,-1.1178,0
4.53812,1.98057,-1.10917,0
4.5382,1.96702,-1.09034,0
4.53829,1.97702,-1.08463,0
4.53838,1.96943,-1.06931,0
4.53847,1.9776,-1.0626,0
4.53855,1.96986,-1.04739,0
4.53864,1.97706,-1.04018,0
4.53873,1.9736,-1.02739,0
4.53882,1.97806,-1.01877,0
4.5389,1.97803,-1.00786,0
4.53899,1.9717,-0.993817,0
4.53908,1.9778,-0.986097,0
4.53916,1.9785,-0.975689,0
4.53925,1.98633,-0.9688,0
4.53934,1.97433,-0.952304,0
4.53943,1.97756,-0.94325,0
4.53951,1.97262,-0.930346,0
4.5396,1.98028,-0.923421,0
4.53969,1.97884,-0.91226,0
4.53978,1.98372,-0.904031,0
4.53986,1.97396,-0.889206,0
4.53995,1.97234,-0.878144,0
4.54004,1.9844,-0.873155,0
4.54012,1.97993,-0.860899,0
4.54021,1.97173,-0.84712,0
4.5403,1.9754,-0.838509,0
4.54039,1.97812,-0.829495,0
4.54047,1.9771,-0.818943,0
4.54056,1.97233,-0.8069,0
4.54065,1.96656,-0.794541,0
4.54074,1.98022,-0.790029,0
4.54082,1.98086,-0.780281,0
4.54091,1.9917,-0.77453,0
4.541,1.97826,-0.759382,0
4.54108,1.97314,-0.747554,0
4.54117,1.97732,-0.739288,0
4.54126,1.97583,-0.728923,0
4.54135,1.97899,-0.720294,0
4.54143,1.97459,-0.708949,0
4.54152,1.98238,-0.701996,0
4.54161,1.97881,-0.691032,0
4.5417,1.97802,-0.681089,0
4.54178,1.97056,-0.668916,0
4.54187,1.97441,-0.660628,0
4.54196,1.97727,-0.652007,0
4.54204,1.98581,-0.645228,0
4.54213,1.97813,-0.633203,0
4.54222,1.97229,-0.62186,0
4.54231,1.96448,-0.609986,0
4.54239,1.97573,-0.60404,0
4.54248,1.97451,-0.594261,0
4.54257,1.97996,-0.586492,0
4.54266,1.97098,-0.574489,0
4.54274,1.97732,-0.566986,0
4.54283,1.97111,-0.55591,0
4.54292,1.98315,-0.549977,0
4.543,1.97781,-0.539214,0
4.54309,1.97242,-0.528509,0
4.54318,1.96794,-0.518115,0
4.54327,1.97502,-0.510775,0
4.54335,1.98111,-0.503137,0
4.54344,1.96582,-0.490134,0
4.54353,1.98348,-0.485355,0
4.54362,1.97391,-0.473894,0
4.5437,1.97401,-0.464818,0
4.54379,1.9653,-0.453726,0
4.54388,1.96629,-0.444926,0
4.54396,1.977,-0.43829,0
4.54405,1.97401,-0.428599,0
4.54414,1.9739,-0.419566,0
4.54423,1.97571,-0.410949,0
4.54431,1.97749,-0.402325,0
4.5444,1.98119,-0.394082,0
4.54449,1.97209,-0.383335,0
4.54458,1.97276,-0.37454,0
4.54466,1.98028,-0.367022,0
4.54475,1.98481,-0.358912,0
4.54484,1.97355,-0.347991,0
4.54492,1.97801,-0.339884,0
4.54501,1.97257,-0.330095,0
4.5451,1.97991,-0.32245,0
4.54519,1.9813,-0.313808,0
4.54527,1.98166,-0.305007,0
4.54536,1.9721,-0.294732,0
4.54545,1.9793,-0.286985,0
4.54554,1.97757,-0.277929,0
4.54562,1.97876,-0.269297,0
4.54571,1.98091,-0.260791,0
4.5458,1.96715,-0.250253,0
4.54588,1.84514,-0.226555,0
4.54597,1.69715,-0.200871,0
4.54606,1.6851,-0.191993,0
4.54615,1.66902,-0.182788,0
4.54623,1.66582,-0.175085,0
4.54632,1.65662,-0.166813,0
4.54641,1.66032,-0.159871,0
4.5465,1.65602,-0.152167,0
4.54658,1.65169,-0.144504,0
4.54667,1.65031,-0.13713,0
4.54676,1.64591,-0.129536,0
4.54684,1.64746,-0.122427,0
4.54693,1.64598,-0.115098,0
4.54702,1.65944,-0.108765,0
4.54711,1.64992,-0.100913,0
4.54719,1.65334,-0.0938833,0
4.54728,1.64175,-0.0860404,0
4.54737,1.6491,-0.0792119,0
4.54746,1.65542,-0.0722774,0
4.54754,1.65872,-0.0651713,0
4.54763,1.65899,-0.0579332,0
4.54772,1.66023,-0.0507245,0
4.5478,1.66743,-0.0436632,0
4.54789,1.6616,-0.0362564,0
4.54798,1.66875,-0.0291281,0
4.54807,1.69985,-0.0222524,0
4.54815,1.84593,-0.0161092,0
4.54824,1.96698,-0.00858268,0
4.54833,1.985,-4.80656e-08,0
4.54842,1.97298,0.00860876,0
4.5485,1.98092,0.0172872,0
4.54859,1.97383,0.0258388,0
4.54868,1.9877,0.0346953,0
4.54876,1.97953,0.0431934,0
4.54885,1.97532,0.0517256,0
4.54894,1.97808,0.0604357,0
4.54903,1.9758,0.0689963,0
4.54911,1.97448,0.0775773,0
4.5492,1.97312,0.0861482,0
4.54929,1.98072,0.0951406,0
4.54938,1.98128,0.103834,0
4.54946,1.98081,0.112478,0
4.54955,1.97531,0.120815,0
4.54964,1.97776,0.129629,0
4.54972,1.98415,0.138746,0
4.54981,1.97655,0.146883,0
4.5499,1.97689,0.155584,0
4.54999,1.97918,0.164457,0
4.55007,1.98342,0.173527,0
4.55016,1.97866,0.181814,0
4.55025,1.98283,0.190925,0
4.55034,1.97501,0.198873,0
4.55042,1.96915,0.206966,0
4.55051,1.97618,0.216427,0
4.5506,1.98416,0.226067,0
4.55068,1.9772,0.234017,0
4.55077,1.97715,0.242764,0
4.55086,1.98897,0.253029,0
4.55095,1.97992,0.260661,0
4.55103,1.9956,0.27159,0
4.55112,1.97955,0.278207,0
4.55121,1.97732,0.286698,0
4.55129,1.98397,0.296506,0
4.55138,1.98166,0.305007,0
4.55147,1.98723,0.314746,0
4.55156,1.97893,0.322289,0
4.55164,1.97849,0.331085,0
4.55173,1.98294,0.340731,0
4.55182,1.98242,0.349554,0
4.55191,1.98678,0.359268,0
4.55199,1.98224,0.367387,0
4.55208,1.98455,0.376778,0
4.55217,1.98092,0.385052,0
4.55225,1.98903,0.395643,0
4.55234,1.98729,0.404318,0
4.55243,1.97865,0.41156,0
4.55252,1.9876,0.422477,0
4.5526,1.98182,0.430296,0
4.55269,1.99262,0.441753,0
4.55278,1.9858,0.44934,0
4.55287,1.99064,0.459575,0
4.55295,1.99932,0.470778,0
4.55304,1.98169,0.475762,0
4.55313,1.99222,0.487494,0
4.55321,1.98717,0.495456,0
4.5533,1.99468,0.506583,0
4.55339,1.9818,0.512528,0
4.55348,1.99211,0.52448,0
4.55356,1.98305,0.531355,0
4.55365,1.98457,0.541055,0
4.55374,1.98315,0.549977,0
4.55383,1.98458,0.55971,0
4.55391,1.98693,0.569742,0
4.554,1.99018,0.580085,0
4.55409,1.98955,0.589332,0
4.55417,1.99079,0.59916,0
4.55426,1.98816,0.607841,0
4.55435,1.9788,0.614434,0
4.55444,1.98755,0.626671,0
4.55452,1.9867,0.635947,0
4.55461,1.99532,0.648318,0
4.5547,1.98772,0.655452,0
4.55479,1.98863,0.665388,0
4.55487,1.98287,0.673094,0
4.55496,1.99221,0.685972,0
4.55505,1.99108,0.695318,0
4.55513,1.98803,0.703999,0
4.55522,1.98212,0.711653,0
4.55531,1.99121,0.724741,0
4.5554,1.99647,0.736537,0
4.55548,1.99699,0.746642,0
4.55557,1.99277,0.754994,0
4.55566,1.99413,0.765474,0
4.55575,1.98331,0.771268,0
4.55583,1.9883,0.783213,0
4.55592,1.99137,0.794475,0
4.55601,1.99252,0.80503,0
4.55609,1.98343,0.811444,0
4.55618,1.99281,0.825448,0
4.55627,1.99011,0.834522,0
4.55636,1.99381,0.846324,0
4.55644,1.9901,0.855015,0
4.55653,1.99369,0.86688,0
4.55662,1.98897,0.875169,0
4.55671,1.98422,0.883432,0
4.55679,1.98491,0.894135,0
4.55688,1.98736,0.90569,0
4.55697,1.99247,0.918539,0
4.55705,1.99478,0.930183,0
4.55714,2.00156,0.943997,0
4.55723,2.00464,0.956165,0
4.55732,2.00405,0.966641,0
4.5574,1.99892,0.974937,0
4.55749,1.99464,0.98365,0
4.55758,1.99033,0.992344,0
4.55767,1.98956,1.00282,0
4.55775,1.98784,1.01285,0
4.55784,1.9914,1.02564,0
4.55793,1.99666,1.0394,0
4.55801,1.99476,1.0495,0
4.5581,1.99458,1.06054,0
4.55819,1.98993,1.06923,0
4.55828,1.99052,1.08076,0
4.55836,1.99455,1.09425,0
4.55845,1.99238,1.1044,0
4.55854,1.99365,1.1165,0
4.55863,1.99311,1.12765,0
4.55871,1.99425,1.13981,0
4.5588,1.98926,1.1485,0
4.55889,2.00151,1.16724,0
4.55897,1.99295,1.17394,0
4.55906,1.99554,1.18722,0
4.55915,1.99206,1.19695,0
4.55924,2.0022,1.21497,0
4.55932,1.98921,1.21899,0
4.55941,1.99578,1.23502,0
4.5595,1.98698,1.2416,0
4.55959,1.99338,1.25773,0
4.55967,1.98956,1.26749,0
4.55976,1.99915,1.2859,0
4.55985,1.98513,1.28916,0
4.55993,1.98534,1.30165,0
4.56002,2.00133,1.32465,0
4.56011,1.99137,1.33059,0
4.5602,1.99218,1.34374,0
4.56028,1.99291,1.35692,0
4.56037,1.98862,1.36674,0
4.56046,1.99085,1.3811,0
4.56055,1.98399,1.3892,0
4.56063,1.99342,1.40881,0
4.56072,1.99295,1.42156,0
4.56081,1.99323,1.43492,0
4.56089,1.99827,1.45183,0
4.56098,1.99595,1.46349,0
4.56107,1.99115,1.47338,0
4.56116,1.98631,1.48325,0
4.56124,1.9886,1.49852,0
4.56133,1.99399,1.51626,0
4.56142,1.98497,1.52312,0
4.56151,1.98463,1.53667,0
4.56159,1.98421,1.55024,0
4.56168,1.99785,1.57497,0
4.56177,1.98704,1.58056,0
4.56185,1.98949,1.59673,0
4.56194,1.99571,1.61609,0
4.56203,1.98941,1.62542,0
4.56212,2.00005,1.64871,0
4.5622,1.99361,1.65807,0
4.56229,1.99938,1.67768,0
4.56238,1.99738,1.69091,0
4.56247,1.99531,1.70415,0
4.56255,1.99846,1.72198,0
4.56264,1.99998,1.73856,0
4.56273,1.99689,1.75122,0
4.56281,1.99747,1.76721,0
4.5629,1.99421,1.7799,0
4.56299,1.99237,1.79394,0
4.56308,1.98749,1.8053,0
4.56316,1.99507,1.82815,0
4.56325,1.99369,1.84294,0
4.56334,1.99952,1.86458,0
4.56342,1.99865,1.88014,0
4.56351,1.99768,1.89573,0
4.5636,1.99589,1.91065,0
4.56369,1.99545,1.92698,0
4.56377,1.99418,1.94265,0
4.56386,1.9971,1.96255,0
4.56395,1.99917,1.9818,0
4.56404,2.00041,2.00041,0
4.56412,1.99659,2.01409,0
4.56421,1.99829,2.03348,0
4.5643,2.00126,2.05435,0
4.56438,2.00062,2.0717,0
4.56447,2.00331,2.09269,0
4.56456,2.00518,2.11302,0
4.56465,1.99936,2.12539,0
4.56473,2.05009,2.19845,0
4.56482,2.26109,2.44603,0
4.56491,2.26052,2.46693,0
4.565,2.26789,2.49676,0
4.56508,2.27237,2.52372,0
4.56517,2.27332,2.54704,0
4.56526,2.27279,2.56892,0
4.56534,2.27013,2.58858,0
4.56543,2.25225,2.59092,0
4.56552,2.23505,2.5939,0
4.56561,2.20293,2.5793,0
4.56569,2.19424,2.59194,0
4.56578,2.16298,2.57774,0
4.56587,2.14532,2.57946,0
4.56596,2.13213,2.58649,0
4.56604,2.11197,2.58492,0
4.56613,2.09627,2.58867,0
4.56622,2.07368,2.58376,0
4.5663,2.05492,2.58339,0
4.56639,2.03496,2.58134,0
4.56648,2.02368,2.59019,0
4.56657,2.00256,2.58635,0
4.56665,1.987,2.58951,0
4.56674,1.96297,2.58143,0
4.56683,1.9547,2.59397,0
4.56692,1.92541,2.57843,0
4.567,1.91057,2.58199,0
4.56709,1.89574,2.58546,0
4.56718,1.87974,2.58724,0
4.56726,1.86317,2.58811,0
4.56735,1.84083,2.58075,0
4.56744,1.82782,2.5863,0
4.56753,1.81135,2.58688,0
4.56761,1.80974,2.60873,0
4.5677,1.79664,2.61413,0
4.56779,1.84656,2.71204,0
4.56788,1.63172,2.41913,0
4.56796,1.61504,2.41708,0
4.56805,1.63594,2.47164,0
4.56814,1.60814,2.45283,0
4.56822,1.59525,2.45647,0
4.56831,1.4747,2.29267,0
4.5684,1.46092,2.29318,0
4.56849,1.4477,2.29446,0
4.56857,1.43608,2.29821,0
4.56866,1.41867,2.29255,0
4.56875,1.41388,2.30724,0
4.56884,1.39965,2.30655,0
4.56892,1.39112,2.31521,0
4.56901,1.37845,2.31696,0
4.5691,1.36832,2.32295,0
4.56918,1.83223,3.14177,0
4.56927,1.829,3.16792,0
4.56936,1.83302,3.20713,0
4.56945,1.83083,3.23598,0
4.56953,1.83282,3.27273,0
4.56962,1.83113,3.30344,0
4.56971,1.83834,3.35085,0
4.5698,1.83038,3.37114,0
4.56988,1.83601,3.41698,0
4.56997,1.82953,3.44085,0
4.57006,1.8294,3.47712,0
4.57014,1.83268,3.52055,0
4.57023,1.8315,3.55607,0
4.57032,1.83231,3.5961,0
4.57041,1.8328,3.63621,0
4.57049,1.83789,3.68623,0
4.57058,1.83683,3.72471,0
4.57067,1.83941,3.77134,0
4.57076,1.84031,3.81536,0
4.57084,1.84388,3.86577,0
4.57093,1.83211,3.88463,0
4.57102,1.81515,3.89259,0
4.5711,1.79228,3.88776,0
4.57119,1.77489,3.89463,0
4.57128,1.75582,3.89778,0
4.57137,1.73229,3.89079,0
4.57145,1.7161,3.90014,0
4.57154,1.69628,3.90117,0
4.57163,1.67727,3.90394,0
4.57172,1.65279,3.89374,0
4.5718,1.63656,3.90275,0
4.57189,1.61339,3.89508,0
4.57198,1.59638,3.90208,0
4.57206,1.57709,3.90344,0
4.57215,1.55931,3.90843,0
4.57224,1.53601,3.89938,0
4.57233,1.51608,3.89859,0
4.57241,1.49834,3.9033,0
4.5725,1.4781,3.90138,0
4.57259,1.45966,3.90405,0
4.57268,1.4395,3.90194,0
4.57276,1.41802,3.89597,0
4.57285,1.39796,3.89365,0
4.57294,1.3833,3.90631,0
4.57302,1.36195,3.90003,0
4.57311,1.34297,3.90026,0
4.5732,1.32337,3.89851,0
4.57329,1.30856,3.91089,0
4.57337,1.28554,3.89851,0
4.57346,1.27068,3.91074,0
4.57355,1.24964,3.90387,0
4.57364,1.22989,3.9007,0
4.57372,1.21108,3.9003,0
4.57381,1.19229,3.89981,0
4.5739,1.17181,3.89349,0
4.57398,1.15537,3.90048,0
4.57407,0.68726,2.35788,0
4.57416,1.12047,3.90753,0
4.57425,1.10069,3.90276,0
4.57433,0.636295,2.2944,0
4.57442,1.05975,3.88713,0
4.57451,0.629189,2.34817,0
4.5746,0.604171,2.2948,0
4.57468,1.00903,3.90164,0
4.57477,0.989536,3.89631,0
4.57486,0.586177,2.35103,0
4.57494,0.56284,2.30014,0
4.57503,0.559802,2.33174,0
4.57512,0.540225,2.29426,0
4.57521,0.536283,2.3229,0
4.57529,0.521508,2.30473,0
4.57538,0.518157,2.33725,0
4.57547,0.504771,2.32483,0
4.57556,0.488593,2.29865,0
4.57564,0.486908,2.3409,0
4.57573,0.473898,2.32928,0
4.57582,0.460413,2.31465,0
4.5759,0.449737,2.3137,0
4.57599,0.433482,2.28321,0
4.57608,0.427342,2.30573,0
4.57617,0.418345,2.31348,0
4.57625,0.688341,3.90378,0
4.57634,0.396109,2.30522,0
4.57643,0.654744,3.9126,0
4.57651,0.374209,2.29773,0
4.5766,0.371376,2.34477,0
4.57669,0.355817,2.31178,0
4.57678,0.347352,2.32419,0
4.57686,0.336777,2.32271,0
4.57695,0.328588,2.33802,0
4.57704,0.312854,2.29881,0
4.57713,0.306998,2.33188,0
4.57721,0.293791,2.30939,0
4.5773,0.281031,2.28881,0
4.57739,0.270806,2.28803,0
4.57747,0.26082,2.28919,0
4.57756,0.252354,2.30422,0
4.57765,0.245747,2.33812,0
4.57774,0.23434,2.32723,0
4.57782,0.2238,2.32425,0
4.57791,0.212741,2.31525,0
4.578,0.197408,2.25638,0
4.57809,0.187643,2.25822,0
4.57817,0.175513,2.2301,0
4.57826,0.0462437,0.622284,0
4.57835,0.0454812,0.650412,0
4.57843,0.0431007,0.657589,0
4.57852,0.0400479,0.654776,0
4.57861,0.0357165,0.628987,0
4.5787,0.033338,0.636127,0
4.57878,0.0303702,0.632271,0
4.57887,0.0277856,0.636394,0
4.57896,0.0250478,0.637508,0
4.57905,0.0218471,0.625619,0
4.57913,0.0187201,0.612714,0
4.57922,0.0158371,0.604793,0
4.57931,0.0134598,0.616853,0
4.57939,0.0106634,0.610907,0
4.57948,0.00802394,0.612947,0
4.57957,0.0052534,0.601977,0
4.57966,0.00268782,0.615994,0
4.57974,2.24843e-08,0.618,0
4.57983,-0.00273141,0.625994,0
4.57992,-0.00545406,0.624976,0
4.58001,-0.00820715,0.626946,0
4.58009,-0.0108554,0.621905,0
4.58018,-0.0132852,0.608855,0
4.58027,-0.0158894,0.606792,0
4.58035,-0.0185369,0.606717,0
4.58044,-0.0211142,0.604631,0
4.58053,-0.0236344,0.601536,0
4.58062,-0.0267387,0.612417,0
4.5807,-0.0288348,0.600308,0
4.58079,-0.0317679,0.606168,0
4.58088,-0.0335054,0.59005,0
4.58097,-0.0358355,0.585905,0
4.58105,-0.0387186,0.590733,0
4.58114,-0.0430397,0.615497,0
4.58123,-0.0440945,0.593364,0
4.58131,-0.0477816,0.607123,0
4.5814,-0.0520863,0.62684,0
4.58149,-0.0545595,0.623618,0
4.58158,-0.05545,0.603458,0
4.58166,-0.0618205,0.642031,0
4.58175,-0.0617158,0.612901,0
4.58184,-0.0640759,0.609642,0
4.58193,-0.0709812,0.648125,0
4.58201,-0.0733557,0.643835,0
4.5821,-0.0763993,0.645494,0
4.58219,-0.0744621,0.606446,0
4.58227,-0.0826603,0.649763,0
4.58236,-0.084842,0.644439,0
4.58245,-0.0848212,0.623255,0
4.58254,-0.087679,0.623869,0
4.58262,-0.0951356,0.656139,0
4.58271,-0.0982932,0.657696,0
4.5828,-0.101771,0.661214,0
4.58289,-0.100587,0.635084,0
4.58297,-0.106412,0.653392,0
4.58306,-0.109757,0.65588,0
4.58315,-0.115496,0.672149,0
4.58323,-0.118602,0.672624,0
4.58332,-0.124027,0.685876,0
4.58341,-0.125196,0.675496,0
4.5835,-0.127582,0.671996,0
4.58358,-0.132803,0.683213,0
4.58367,-0.136758,0.68753,0
4.58376,-0.140554,0.690847,0
4.58385,-0.145807,0.700997,0
4.58393,-0.152399,0.716982,0
4.58402,-0.154465,0.711424,0
4.58411,-0.157352,0.709767,0
4.58419,-0.15824,0.69932,0
4.58428,-0.175237,0.759034,0
4.58437,-0.180381,0.76605,0
4.58446,-0.187223,0.779841,0
4.58454,-0.188723,0.771246,0
4.58463,-0.193054,0.774296,0
4.58472,-0.197415,0.777323,0
4.58481,-0.209818,0.811308,0
4.58489,-0.277516,1.05408,0
4.58498,-0.312395,1.16587,0
4.58507,-0.282759,1.03715,0
4.58515,-0.206842,0.74585,0
4.58524,-0.196251,0.695855,0
4.58533,-0.1946,0.678651,0
4.58542,-0.193082,0.662434,0
4.5855,-0.195971,0.661586,0
4.58559,-0.199144,0.661682,0
4.58568,-0.197351,0.645506,0
4.58577,-0.198979,0.640818,0
4.58585,-0.198466,0.629453,0
4.58594,-0.199991,0.624772,0
4.58603,-0.20117,0.619138,0
4.58611,-0.207001,0.627751,0
4.5862,-0.208152,0.6221,0
4.58629,-0.213114,0.627815,0
4.58638,-0.207061,0.60135,0
4.58646,-0.214958,0.615546,0
4.58655,-0.209964,0.592921,0
4.58664,-0.216267,0.602353,0
4.58673,-0.217525,0.597645,0
4.58681,-0.224284,0.607948,0
4.5869,-0.224483,0.600407,0
4.58699,-0.228872,0.604097,0
4.58707,-0.226847,0.590956,0
4.58716,-0.23196,0.596485,0
4.58725,-0.237126,0.60198,0
4.58734,-0.235304,0.589794,0
4.58742,-0.243494,0.602669,0
4.58751,-0.240442,0.587718,0
4.5876,-0.247596,0.59775,0
4.58769,-0.253682,0.604964,0
4.58777,-0.257492,0.606613,0
4.58786,-0.258557,0.601808,0
4.58795,-0.262776,0.604343,0
4.58803,-0.262994,0.597698,0
4.58812,-0.270887,0.608421,0
4.58821,-0.270664,0.600851,0
4.5883,-0.280747,0.616044,0
4.58838,-0.282177,0.612089,0
4.58847,-0.28738,0.616289,0
4.58856,-0.291346,0.617743,0
4.58865,-0.293178,0.614661,0
4.58873,-0.291947,0.605269,0
4.58882,-0.296777,0.608484,0
4.58891,-0.298545,0.605389,0
4.58899,-0.298953,0.599606,0
4.58908,-0.296615,0.588473,0
4.58917,-0.296002,0.580936,0
4.58926,-0.304486,0.591196,0
4.58934,-0.299213,0.574783,0
4.58943,-0.297528,0.565507,0
4.58952,-0.294828,0.554491,0
4.5896,-0.297245,0.553199,0
4.58969,-0.30061,0.553655,0
4.58978,-0.30158,0.549708,0
4.58987,-0.302036,0.544888,0
4.58995,-0.293173,0.523498,0
4.59004,-0.296931,0.524825,0
4.59013,-0.304181,0.532206,0
4.59022,-0.312,0.5404,0
4.5903,-0.30831,0.528667,0
4.59039,-0.309598,0.525594,0
4.59048,-0.30831,0.518222,0
4.59056,-0.310053,0.516015,0
4.59065,-0.30452,0.501833,0
4.59074,-0.305662,0.498794,0
4.59083,-0.308361,0.498306,0
4.59091,-0.308943,0.494412,0
4.591,-0.306295,0.485448,0
4.59109,-0.312708,0.490854,0
4.59118,-0.309978,0.481915,0
4.59126,-0.308266,0.474688,0
4.59135,-0.307592,0.469157,0
4.59144,-0.315156,0.476149,0
4.59152,-0.30723,0.459803,0
4.59161,-0.302523,0.448509,0
4.5917,-0.300538,0.441399,0
4.59179,-0.308125,0.448325,0
4.59187,-0.307798,0.443689,0
4.59196,-0.316041,0.451353,0
4.59205,-0.307618,0.43527,0
4.59214,-0.308934,0.433109,0
4.59222,-0.302641,0.420395,0
4.59231,-0.309763,0.426352,0
4.5924,-0.308664,0.420964,0
4.59248,-0.314066,0.424436,0
4.59257,-0.308137,0.412646,0
4.59266,-0.309935,0.411297,0
4.59275,-0.309911,0.407553,0
4.59283,-0.308642,0.40223,0
4.59292,-0.311619,0.402461,0
4.59301,-0.312756,0.40031,0
4.5931,-0.306451,0.388732,0
4.59318,-0.293827,0.369391,0
4.59327,-0.29481,0.367326,0
4.59336,-0.295781,0.365259,0
4.59344,-0.303699,0.371708,0
4.59353,-0.289416,0.351089,0
4.59362,-0.293502,0.352898,0
4.59371,-0.30211,0.360041,0
4.59379,-0.304971,0.360246,0
4.59388,-0.310436,0.363474,0
4.59397,-0.304186,0.353025,0
4.59406,-0.295883,0.340374,0
4.59414,-0.295387,0.336824,0
4.59423,-0.288902,0.326545,0
4.59432,-0.27967,0.313344,0
4.5944,-0.275682,0.306176,0
4.59449,-0.258861,0.284984,0
4.59458,-0.299286,0.326614,0
4.59467,-0.164949,0.17844,0
4.59475,-0.154814,0.166017,0
4.59484,-0.161018,0.171167,0
4.59493,-0.15488,0.163209,0
4.59502,-0.152824,0.159642,0
4.5951,-0.13129,0.135955,0
4.59519,-0.13258,0.136097,0
4.59528,-0.119855,0.121966,0
4.59536,-0.111234,0.112209,0
4.59545,-0.0940452,0.0940452,0
