7200
4506
3.92699
3.9427,-0.0403051,-0.0403051,0
3.94279,-0.0619533,-0.0624963,0
3.94287,-0.05397,-0.0549203,0
3.94296,-0.0516365,-0.0530063,0
3.94305,-0.0486261,-0.0503538,0
3.94314,-0.0456399,-0.047676,0
3.94322,-0.044743,-0.0471493,0
3.94331,-0.0698887,-0.0742938,0
3.9434,-0.0450119,-0.0482693,0
3.94348,-0.0733105,-0.0793068,0
3.94357,-0.0466157,-0.0508721,0
3.94366,-0.0632025,-0.0695805,0
3.94375,-0.06156,-0.0683693,0
3.94383,-0.0685858,-0.0768439,0
3.94392,-0.0622863,-0.0704018,0
3.94401,-0.0527477,-0.0601472,0
3.94409,-0.0623256,-0.0716974,0
3.94418,-0.0600539,-0.069696,0
3.94427,-0.0578009,-0.0676761,0
3.94436,-0.052336,-0.0618218,0
3.94444,-0.0578509,-0.068944,0
3.94453,-0.0537129,-0.0645827,0
3.94462,-0.057247,-0.0694462,0
3.94471,-0.0550454,-0.0673722,0
3.94479,-0.0591561,-0.0730517,0
3.94488,-0.0544553,-0.0678499,0
3.94497,-0.0659866,-0.0829565,0
3.94505,-0.0612903,-0.0777464,0
3.94514,-0.0646445,-0.0827411,0
3.94523,-0.0575484,-0.0743248,0
3.94532,-0.0566148,-0.0737819,0
3.9454,-0.0599241,-0.0788042,0
3.94549,-0.0668015,-0.0886485,0
3.94558,-0.0568408,-0.0761191,0
3.94567,-0.0594823,-0.0803857,0
3.94575,-0.0603136,-0.0822573,0
3.94584,-0.0652442,-0.0898009,0
3.94593,-0.0642675,-0.0892731,0
3.94601,-0.0679422,-0.0952515,0
3.9461,-0.0629088,-0.0890139,0
3.94619,-0.0619463,-0.0884684,0
3.94628,-0.0541497,-0.0780565,0
3.94636,-0.0594727,-0.0865332,0
3.94645,-0.0545921,-0.0801792,0
3.94654,-0.063748,-0.0945103,0
3.94663,-0.0483346,-0.0723379,0
3.94671,-0.0430511,-0.0650431,0
3.9468,-0.0520879,-0.0794472,0
3.94689,-0.0615442,-0.0947698,0
3.94697,-0.0557204,-0.086627,0
3.94706,-0.037611,-0.0590374,0
3.94715,-0.0346849,-0.0549723,0
3.94724,-0.0535218,-0.0856529,0
3.94732,-1.06558,-1.72196,0
3.94741,-1.06172,-1.73256,0
3.9475,-1.06349,-1.75257,0
3.94759,-1.06201,-1.76748,0
3.94767,-1.06298,-1.78671,0
3.94776,-1.06025,-1.79994,0
3.94785,-1.06599,-1.82788,0
3.94793,-1.0615,-1.83857,0
3.94802,-1.0629,-1.85968,0
3.94811,-1.06167,-1.87649,0
3.9482,-1.06324,-1.89855,0
3.94828,-1.06513,-1.92154,0
3.94837,-1.06635,-1.9437,0
3.94846,-1.0655,-1.9624,0
3.94855,-1.06308,-1.97848,0
3.94863,-1.06852,-2.00959,0
3.94872,-1.063,-2.02043,0
3.94881,-1.06572,-2.04722,0
3.94889,-1.06318,-2.0643,0
3.94898,-1.0637,-2.08763,0
3.94907,-1.06133,-2.10564,0
3.94916,-1.06329,-2.13263,0
3.94924,-1.06017,-2.1498,0
3.94933,-1.06612,-2.18587,0
3.94942,-1.06092,-2.19951,0
3.94951,-1.05992,-2.22216,0
3.94959,-1.05874,-2.24486,0
3.94968,-1.06458,-2.28299,0
3.94977,-1.05963,-2.29851,0
3.94985,-1.06079,-2.32768,0
3.94994,-1.06376,-2.36146,0
3.95003,-1.06118,-2.38344,0
3.95012,-1.06124,-2.41185,0
3.9502,-1.05908,-2.43571,0
3.95029,-1.06028,-2.46787,0
3.95038,-1.05771,-2.49181,0
3.95047,-1.05997,-2.52775,0
3.95055,-1.05812,-2.55453,0
3.95064,-1.06097,-2.59336,0
3.95073,-1.05714,-2.61651,0
3.95081,-1.05312,-2.63968,0
3.9509,-1.05149,-2.66937,0
3.95099,-1.04418,-2.68511,0
3.95108,-0.995188,-2.59255,0
3.95116,-0.87687,-2.31446,0
3.95125,-0.846451,-2.26394,0
3.95134,-0.832065,-2.25541,0
3.95143,-0.815718,-2.24117,0
3.95151,-0.805593,-2.24376,0
3.9516,-0.792124,-2.23689,0
3.95169,-0.780048,-2.23371,0
3.95177,-0.768015,-2.23048,0
3.95186,-0.754418,-2.22245,0
3.95195,-0.744714,-2.22572,0
3.95204,-0.731551,-2.2185,0
3.95212,-0.725263,-2.23213,0
3.95221,-0.714297,-2.23146,0
3.9523,-0.706358,-2.24028,0
3.95239,-0.699245,-2.25194,0
3.95247,-0.691459,-2.26166,0
3.95256,-0.682449,-2.26753,0
3.95265,-0.677945,-2.2887,0
3.95273,-0.667672,-2.29068,0
3.95282,-0.664562,-2.3176,0
3.95291,-0.665301,-2.35898,0
3.953,-1.06281,-3.83236,0
3.95308,-1.06002,-3.88809,0
3.95317,-1.06064,-3.95836,0
3.95326,-1.06042,-4.02775,0
3.95335,-1.05986,-4.09817,0
3.95343,-1.05797,-4.16575,0
3.95352,-1.06252,-4.26154,0
3.95361,-1.05913,-4.3283,0
3.95369,-1.05657,-4.40095,0
3.95378,-1.05936,-4.49896,0
3.95387,-1.05727,-4.57954,0
3.95396,-1.05184,-4.64848,0
3.95404,-1.05623,-4.76432,0
3.95413,-1.0611,-4.88713,0
3.95422,-1.05286,-4.95334,0
3.95431,-1.05262,-5.06069,0
3.95439,-1.04688,-5.14558,0
3.95448,-1.06285,-5.34332,0
3.95457,-1.06185,-5.46276,0
3.95465,-1.06207,-5.59407,0
3.95474,-1.07209,-5.78449,0
3.95483,-1.06197,-5.87275,0
3.95492,-1.05335,-5.97384,0
3.955,-1.0249,-5.96459,0
3.95509,-0.997383,-5.96012,0
3.95518,-0.977315,-6.00094,0
3.95527,-0.944864,-5.96564,0
3.95535,-0.92415,-6.0043,0
3.95544,-0.897203,-6.00333,0
3.95553,-0.870139,-6.00125,0
3.95561,-0.84325,-6.00003,0
3.9557,-0.817062,-6.00366,0
3.95579,-0.789422,-5.99626,0
3.95588,-0.764009,-6.0056,0
3.95596,-0.735847,-5.99299,0
3.95605,-0.709221,-5.99218,0
3.95614,-0.683974,-6.00316,0
3.95623,-0.656576,-5.99515,0
3.95631,-0.631247,-6.00592,0
3.9564,-0.604134,-5.99966,0
3.95649,-0.577758,-6.00025,0
3.95657,-0.550748,-5.99375,0
3.95666,-0.525375,-6.00506,0
3.95675,-0.49834,-5.99733,0
3.95684,-0.472402,-6.00244,0
3.95692,-0.445763,-5.99846,0
3.95701,-0.420004,-6.00633,0
3.9571,-0.393989,-6.0111,0
3.95718,-0.366719,-5.9958,0
3.95727,-0.340327,-5.99334,0
3.95736,-0.31433,-5.99777,0
3.95745,-0.287917,-5.99409,0
3.95753,-0.261847,-5.99729,0
3.95762,-0.235127,-5.98438,0
3.95771,-0.209153,-5.98935,0
3.9578,-0.183048,-5.9912,0
3.95788,-0.156983,-5.99495,0
3.95797,-0.130846,-5.99657,0
3.95806,-0.104889,-6.00908,0
3.95814,-0.07859,-6.00349,0
3.95823,-0.0523855,-6.00277,0
3.95832,-0.0261712,-5.99794,0
3.95841,-7.22785e-08,-6,0
3.95849,0.0261841,-6.00094,0
3.95858,0.0522719,-5.98977,0
3.95867,0.0786291,-6.00649,0
3.95876,0.104662,-5.99609,0
3.95884,0.130998,-6.00357,0
3.95893,0.1568,-5.98795,0
3.95902,0.1832,-5.9962,0
3.9591,0.209257,-5.99235,0
3.95919,0.235127,-5.98438,0
3.95928,0.26176,-5.99529,0
3.95937,0.288253,-6.00108,0
3.95945,0.313911,-5.98978,0
3.95954,0.340383,-5.99434,0
3.95963,0.366352,-5.98981,0
3.95972,0.393465,-6.00312,0
3.9598,0.419446,-5.99835,0
3.95989,0.445318,-5.99248,0
3.95998,0.471696,-5.99347,0
3.96006,0.498174,-5.99534,0
3.96015,0.525026,-6.00108,0
3.96024,0.550474,-5.99076,0
3.96033,0.577566,-5.99826,0
3.96041,0.604034,-5.99866,0
3.9605,0.630202,-5.99597,0
3.96059,0.656358,-5.99317,0
3.96068,0.683294,-5.9972,0
3.96076,0.708633,-5.98721,0
3.96085,0.73475,-5.98406,0
3.96094,0.762999,-5.99766,0
3.96102,0.78394,-5.95462,0
3.96111,0.811398,-5.96204,0
3.9612,0.836013,-5.94854,0
3.96129,0.863682,-5.95671,0
3.96137,0.888187,-5.943,0
3.96146,0.917152,-5.95883,0
3.96155,0.945803,-5.97156,0
3.96164,0.976993,-5.99896,0
3.96172,1.00349,-5.99662,0
3.96181,1.03032,-5.99612,0
3.9619,1.05613,-5.9896,0
3.96198,1.08296,-5.98887,0
3.96207,1.11073,-5.99294,0
3.96216,1.13761,-5.99196,0
3.96225,1.16546,-5.99578,0
3.96233,1.19103,-5.98769,0
3.96242,1.21913,-5.99224,0
3.96251,1.24629,-5.99176,0
3.9626,1.27533,-5.99996,0
3.96268,1.30065,-5.99043,0
3.96277,1.32937,-5.99641,0
3.96286,1.35619,-5.99348,0
3.96294,1.38277,-5.98945,0
3.96303,1.41279,-5.99991,0
3.96312,1.43849,-5.99174,0
3.96321,1.46676,-5.99415,0
3.96329,1.49508,-5.99643,0
3.96338,1.52295,-5.99663,0
3.96347,1.55035,-5.99477,0
3.96356,1.57828,-5.99472,0
3.96364,1.60597,-5.99357,0
3.96373,1.63474,-5.99615,0
3.96382,1.66276,-5.99571,0
3.9639,1.68673,-5.9807,0
3.96399,1.72053,-6.0002,0
3.96408,1.74809,-5.99743,0
3.96417,1.77566,-5.99454,0
3.96425,1.80151,-5.98578,0
3.96434,1.82937,-5.9836,0
3.96443,1.84152,-5.93067,0
3.96452,1.83521,-5.82053,0
3.9646,1.83986,-5.74771,0
3.96469,1.83432,-5.64547,0
3.96478,1.83952,-5.57853,0
3.96486,1.08677,-3.24801,0
3.96495,1.09547,-3.22714,0
3.96504,1.10921,-3.22138,0
3.96513,1.11699,-3.19857,0
3.96521,1.13628,-3.20875,0
3.9653,1.14655,-3.19341,0
3.96539,1.1745,-3.2269,0
3.96548,1.18926,-3.22363,0
3.96556,1.83754,-4.91472,0
3.96565,1.82814,-4.8253,0
3.96574,1.82481,-4.75379,0
3.96582,1.83249,-4.71223,0
3.96591,1.83837,-4.66697,0
3.966,1.8413,-4.61525,0
3.96609,1.8367,-4.54598,0
3.96617,1.83947,-4.49628,0
3.96626,1.83497,-4.43,0
3.96635,1.83842,-4.38414,0
3.96644,1.83839,-4.33098,0
3.96652,1.83398,-4.2687,0
3.96661,1.83385,-4.21756,0
3.9667,1.83371,-4.16741,0
3.96678,1.83723,-4.12648,0
3.96687,1.83057,-4.06372,0
3.96696,1.8317,-4.0193,0
3.96705,1.83122,-3.97222,0
3.96713,1.82402,-3.91162,0
3.96722,1.82017,-3.85931,0
3.96731,1.8103,-3.79537,0
3.9674,1.80512,-3.7424,0
3.96748,1.85212,-3.7974,0
3.96757,1.709,-3.46552,0
3.96766,1.66789,-3.34526,0
3.96774,1.66671,-3.3067,0
3.96783,1.66842,-3.27445,0
3.96792,1.67124,-3.24491,0
3.96801,1.68307,-3.23315,0
3.96809,1.68832,-3.20897,0
3.96818,1.69479,-3.18744,0
3.96827,1.70774,-3.17825,0
3.96836,1.71682,-3.16198,0
3.96844,1.74166,-3.17463,0
3.96853,1.75743,-3.1705,0
3.96862,1.77565,-3.17065,0
3.9687,1.80129,-3.18376,0
3.96879,1.81963,-3.18369,0
3.96888,1.8305,-3.17052,0
3.96897,1.8554,-3.18151,0
3.96905,1.87383,-3.18113,0
3.96914,1.89536,-3.18582,0
3.96923,1.91131,-3.18095,0
3.96931,1.93347,-3.18626,0
3.9694,1.94996,-3.18205,0
3.96949,1.96751,-3.17947,0
3.96958,1.98508,-3.17679,0
3.96966,2.00426,-3.17655,0
3.96975,2.0224,-3.17453,0
3.96984,2.01621,-3.13455,0
3.96993,2.0217,-3.11315,0
3.97001,2.01607,-3.07502,0
3.9701,2.01623,-3.04619,0
3.97019,2.01116,-3.00992,0
3.97027,2.01421,-2.98619,0
3.97036,2.01034,-2.95258,0
3.97045,2.00451,-2.91658,0
3.97054,2.00354,-2.88809,0
3.97062,2.00924,-2.86949,0
3.97071,2.00443,-2.8362,0
3.9708,2.00691,-2.81358,0
3.97089,2.00281,-2.78208,0
3.97097,2.01963,-2.77978,0
3.97106,2.0211,-2.75643,0
3.97115,2.02656,-2.73874,0
3.97123,2.03909,-2.73067,0
3.97132,2.04858,-2.71856,0
3.97141,2.04892,-2.69447,0
3.9715,2.05396,-2.67677,0
3.97158,2.09072,-2.7002,0
3.97167,2.07416,-2.65481,0
3.97176,2.07025,-2.6261,0
3.97185,2.03936,-2.56382,0
3.97193,2.04051,-2.54242,0
3.97202,2.05158,-2.5335,0
3.97211,2.05629,-2.51678,0
3.97219,2.05708,-2.49543,0
3.97228,2.09288,-2.51642,0
3.97237,2.09292,-2.49424,0
3.97246,2.06049,-2.43395,0
3.97254,2.03472,-2.38235,0
3.97263,2.00985,-2.33254,0
3.97272,1.99967,-2.30035,0
3.97281,1.99584,-2.27582,0
3.97289,1.99912,-2.2596,0
3.97298,1.99232,-2.2322,0
3.97307,1.99936,-2.22052,0
3.97315,1.9976,-2.19919,0
3.97324,2.00785,-2.19119,0
3.97333,1.99635,-2.15964,0
3.97342,2.00098,-2.14579,0
3.9735,1.99731,-2.1232,0
3.97359,1.98797,-2.09488,0
3.97368,1.99225,-2.08113,0
3.97377,1.99367,-2.06451,0
3.97385,2.00126,-2.05435,0
3.97394,1.98638,-2.02135,0
3.97403,1.99588,-2.01338,0
3.97411,1.9898,-1.9898,0
3.9742,1.99136,-1.97406,0
3.97429,1.98212,-1.94783,0
3.97438,1.99347,-1.94195,0
3.97446,1.98538,-1.91726,0
3.97455,1.98217,-1.89751,0
3.97464,1.98753,-1.88609,0
3.97473,1.98481,-1.86712,0
3.97481,1.98197,-1.84822,0
3.9749,1.98194,-1.83208,0
3.97499,1.9818,-1.81599,0
3.97507,1.97712,-1.79589,0
3.97516,1.98122,-1.7839,0
3.97525,1.98078,-1.76792,0
3.97534,1.98249,-1.75396,0
3.97542,1.98185,-1.73804,0
3.97551,1.98715,-1.7274,0
3.9756,1.98634,-1.71154,0
3.97569,1.9839,-1.69441,0
3.97577,1.98059,-1.67669,0
3.97586,1.98252,-1.66353,0
3.97595,1.98822,-1.65359,0
3.97603,1.98308,-1.63472,0
3.97612,1.98709,-1.62352,0
3.97621,1.98017,-1.60351,0
3.9763,1.98481,-1.59298,0
3.97638,1.97765,-1.57309,0
3.97647,1.97821,-1.5595,0
3.97656,1.98421,-1.55024,0
3.97665,1.98858,-1.53973,0
3.97673,1.97862,-1.51825,0
3.97682,1.98921,-1.51263,0
3.97691,1.98541,-1.49611,0
3.97699,1.98791,-1.48444,0
3.97708,1.98472,-1.46862,0
3.97717,1.99676,-1.46408,0
3.97726,1.98047,-1.4389,0
3.97734,1.98511,-1.42907,0
3.97743,1.98237,-1.41401,0
3.97752,1.98199,-1.40073,0
3.97761,1.98808,-1.39207,0
3.97769,1.98346,-1.37597,0
3.97778,1.98697,-1.36561,0
3.97787,1.98216,-1.34961,0
3.97795,1.97974,-1.33535,0
3.97804,1.9764,-1.32059,0
3.97813,1.97714,-1.30864,0
3.97822,1.97782,-1.29671,0
3.9783,1.98178,-1.28698,0
3.97839,1.98401,-1.27616,0
3.97848,1.98872,-1.26695,0
3.97857,1.98831,-1.25453,0
3.97865,1.99291,-1.24531,0
3.97874,1.98472,-1.22818,0
3.97883,1.9858,-1.2169,0
3.97891,1.9834,-1.20355,0
3.979,1.98348,-1.1918,0
3.97909,1.98609,-1.1816,0
3.97918,1.97916,-1.16582,0
3.97926,1.97646,-1.15263,0
3.97935,1.97887,-1.1425,0
3.97944,1.98731,-1.13584,0
3.97953,1.9818,-1.12125,0
3.97961,1.98493,-1.11161,0
3.9797,1.98189,-1.09858,0
3.97979,1.9814,-1.08703,0
3.97987,1.97734,-1.07361,0
3.97996,1.98289,-1.06544,0
3.98005,1.97604,-1.05068,0
3.98014,1.98414,-1.04391,0
3.98022,1.98158,-1.03155,0
3.98031,1.98695,-1.02335,0
3.9804,1.98071,-1.00922,0
3.98049,1.9842,-1.00012,0
3.98057,1.9778,-0.986097,0
3.98066,1.98119,-0.977016,0
3.98075,1.99173,-0.971431,0
3.98083,1.98964,-0.95969,0
3.98092,1.9884,-0.948416,0
3.98101,1.9889,-0.938025,0
3.9811,1.98663,-0.926379,0
3.98118,1.98248,-0.913934,0
3.98127,1.98008,-0.902373,0
3.98136,1.98946,-0.896189,0
3.98145,1.98787,-0.885059,0
3.98153,1.97982,-0.871141,0
3.98162,1.9836,-0.862494,0
3.98171,1.97264,-0.847515,0
3.98179,1.98921,-0.84437,0
3.98188,1.98827,-0.833749,0
3.98197,1.98911,-0.823918,0
3.98206,1.98899,-0.813716,0
3.98214,1.98046,-0.80016,0
3.98223,1.98208,-0.79077,0
3.98232,1.9883,-0.783213,0
3.9824,1.99636,-0.776342,0
3.98249,1.98573,-0.762249,0
3.98258,1.97688,-0.748971,0
3.98267,1.98855,-0.74349,0
3.98275,1.97489,-0.728576,0
3.98284,1.99027,-0.724399,0
3.98293,1.98494,-0.712666,0
3.98302,1.98332,-0.70233,0
3.9831,1.99297,-0.695977,0
3.98319,1.99032,-0.685321,0
3.98328,1.99139,-0.675987,0
3.98336,1.99053,-0.666023,0
3.98345,1.99627,-0.65827,0
3.98354,1.98961,-0.646464,0
3.98363,1.98289,-0.634728,0
3.98371,1.97801,-0.623664,0
3.9838,1.98453,-0.616213,0
3.98389,1.98911,-0.608133,0
3.98398,1.98505,-0.597431,0
3.98406,1.97613,-0.585356,0
3.98415,1.9729,-0.575049,0
3.98424,1.98885,-0.570294,0
3.98432,1.98843,-0.560796,0
3.98441,1.98701,-0.551046,0
3.9845,1.98457,-0.541055,0
3.98459,1.98305,-0.531356,0
3.98467,1.99115,-0.524225,0
3.98476,1.99148,-0.515032,0
3.98485,1.98498,-0.504122,0
3.98494,1.98425,-0.49473,0
3.98502,1.98251,-0.485117,0
3.98511,1.98363,-0.476229,0
3.9852,1.9818,-0.466652,0
3.98528,1.97407,-0.455751,0
3.98537,1.97994,-0.448016,0
3.98546,1.98481,-0.440022,0
3.98555,1.98867,-0.431782,0
3.98563,1.99053,-0.4231,0
3.98572,1.98648,-0.413189,0
3.98581,1.98631,-0.404119,0
3.9859,1.9753,-0.392912,0
3.98598,1.97209,-0.383335,0
3.98607,1.96195,-0.372489,0
3.98616,1.94488,-0.360462,0
3.98624,1.83425,-0.331687,0
3.98633,1.71061,-0.301627,0
3.98642,1.69319,-0.290942,0
3.98651,1.68063,-0.281241,0
3.98659,1.69566,-0.276156,0
3.98668,1.7008,-0.26938,0
3.98677,1.70295,-0.262109,0
3.98686,1.69814,-0.253789,0
3.98694,1.70715,-0.247525,0
3.98703,1.70029,-0.23896,0
3.98712,1.70528,-0.232078,0
3.9872,1.70033,-0.223852,0
3.98729,1.69831,-0.216053,0
3.98738,1.70222,-0.209006,0
3.98747,1.69715,-0.200871,0
3.98755,1.69603,-0.193238,0
3.98764,1.6889,-0.184965,0
3.98773,1.68671,-0.17728,0
3.98782,1.68846,-0.170019,0
3.9879,1.69616,-0.163321,0
3.98799,1.69088,-0.15537,0
3.98808,1.68755,-0.147642,0
3.98816,1.68818,-0.140277,0
3.98825,1.68479,-0.132596,0
3.98834,1.68236,-0.125021,0
3.98843,1.68688,-0.117958,0
3.98851,1.73228,-0.11354,0
3.9886,1.90244,-0.116359,0
3.98869,1.97482,-0.112138,0
3.98878,1.97429,-0.103468,0
3.98886,1.97872,-0.0950447,0
3.98895,1.9901,-0.0868899,0
3.98904,1.98747,-0.0780878,0
3.98912,1.98379,-0.0692756,0
3.98921,1.98108,-0.0605274,0
3.9893,1.98132,-0.0518828,0
3.98939,1.98453,-0.0433026,0
3.98947,1.9847,-0.0346431,0
3.98956,1.98383,-0.0259698,0
3.98965,1.98092,-0.0172873,0
3.98974,1.98698,-0.00866994,0
3.98982,1.978,-4.78961e-08,0
3.98991,1.97598,0.00862185,0
3.99,1.97892,0.0172698,0
3.99008,1.96483,0.025721,0
3.99017,1.9637,0.0342765,0
3.99026,1.95553,0.0426699,0
3.99035,1.86736,0.0488985,0
3.99043,1.74619,0.0533507,0
3.99052,1.70796,0.0596432,0
3.99061,1.69569,0.0666239,0
3.9907,1.68939,0.0737603,0
3.99078,1.69005,0.081179,0
3.99087,1.69967,0.0890758,0
3.99096,1.70126,0.0966045,0
3.99104,1.69383,0.103599,0
3.99113,1.69237,0.110924,0
3.99122,1.70883,0.119493,0
3.99131,1.69931,0.126281,0
3.99139,1.70473,0.134165,0
3.99148,1.69715,0.141022,0
3.99157,1.70449,0.149123,0
3.99166,1.69884,0.156102,0
3.99174,1.70113,0.1638,0
3.99183,1.69941,0.171121,0
3.99192,1.70362,0.179057,0
3.992,1.70481,0.186707,0
3.99209,1.70795,0.194596,0
3.99218,1.6912,0.200166,0
3.99227,1.69428,0.208031,0
3.99235,1.70327,0.216684,0
3.99244,1.70429,0.224374,0
3.99253,1.70033,0.231404,0
3.99262,1.69039,0.237568,0
3.9927,1.6923,0.245372,0
3.99279,1.7021,0.25438,0
3.99288,1.70492,0.262413,0
3.99296,1.70277,0.269693,0
3.99305,1.70158,0.27712,0
3.99314,1.70036,0.284542,0
3.99323,1.70206,0.292467,0
3.99331,1.69879,0.299543,0
3.9934,1.68763,0.305173,0
3.99349,1.6853,0.312352,0
3.99358,1.6908,0.321008,0
3.99366,1.69527,0.329527,0
3.99375,1.6948,0.337116,0
3.99384,1.69723,0.345305,0
3.99392,1.69864,0.353318,0
3.99401,1.70296,0.361974,0
3.9941,1.6867,0.366219,0
3.99419,1.69778,0.376388,0
3.99427,1.74001,0.393724,0
3.99436,1.93607,0.446978,0
3.99445,1.95844,0.461151,0
3.99453,1.96224,0.471093,0
3.99462,1.9728,0.48274,0
3.99471,1.98037,0.493763,0
3.9948,1.9782,0.502399,0
3.99488,1.9847,0.513279,0
3.99497,1.98244,0.521934,0
3.99506,1.98498,0.531873,0
3.99515,1.9836,0.540792,0
3.99523,1.98122,0.549442,0
3.99532,1.98555,0.559982,0
3.99541,1.98885,0.570294,0
3.99549,1.9873,0.579246,0
3.99558,1.98763,0.588764,0
3.99567,1.98313,0.596854,0
3.99576,1.99007,0.608425,0
3.99584,1.99695,0.620068,0
3.99593,1.9885,0.626972,0
3.99602,1.9867,0.635947,0
3.99611,1.98105,0.643682,0
3.99619,1.98487,0.654512,0
3.99628,1.99148,0.66634,0
3.99637,1.98855,0.675023,0
3.99645,1.97992,0.68174,0
3.99654,1.97975,0.691361,0
3.99663,1.98709,0.703665,0
3.99672,1.98776,0.71368,0
3.9968,1.99027,0.724399,0
3.99689,1.98803,0.733422,0
3.99698,1.98949,0.74384,0
3.99707,1.98436,0.751806,0
3.99715,1.99226,0.764757,0
3.99724,1.9889,0.773443,0
3.99733,1.98365,0.781381,0
3.99741,1.98579,0.792252,0
3.9975,1.98417,0.801658,0
3.99759,1.98621,0.81258,0
3.99768,1.98357,0.821621,0
3.99776,1.98365,0.831815,0
3.99785,1.98737,0.843588,0
3.99794,1.98367,0.852252,0
3.99803,1.97351,0.858108,0
3.99811,1.98531,0.873558,0
3.9982,1.98605,0.884245,0
3.99829,1.98764,0.895367,0
3.99837,1.98645,0.905275,0
3.99846,1.99156,0.918121,0
3.99855,1.983,0.924689,0
3.99864,1.98618,0.936745,0
3.99872,1.98569,0.947124,0
3.99881,1.98964,0.95969,0
3.9989,1.98633,0.9688,0
3.99899,1.99106,0.981881,0
3.99907,1.98944,0.991898,0
3.99916,2.00831,1.01227,0
3.99925,1.98784,1.01285,0
3.99933,1.98962,1.02472,0
3.99942,1.98247,1.03201,0
3.99951,1.98768,1.04577,0
3.9996,1.9831,1.05443,0
3.99968,1.98905,1.06876,0
3.99977,1.98349,1.07695,0
3.99986,1.98842,1.09088,0
3.99995,1.98451,1.10003,0
4.00003,1.98493,1.11161,0
4.00012,1.98963,1.12568,0
4.00021,1.99078,1.13782,0
4.00029,1.98493,1.146,0
4.00038,1.98509,1.15767,0
4.00047,1.98692,1.17038,0
4.00056,1.9921,1.18518,0
4.00064,1.98091,1.19025,0
4.00073,1.98511,1.20459,0
4.00082,1.98836,1.21847,0
4.00091,1.98897,1.23081,0
4.00099,1.97934,1.23683,0
4.00108,1.97731,1.24759,0
4.00117,1.98619,1.26534,0
4.00125,1.98317,1.27562,0
4.00134,1.97842,1.2848,0
4.00143,1.98283,1.3,0
4.00152,1.98548,1.31416,0
4.0016,1.99054,1.33004,0
4.00169,1.98057,1.33591,0
4.00178,1.98382,1.35073,0
4.00187,1.9845,1.36391,0
4.00195,1.98674,1.37825,0
4.00204,1.98071,1.38691,0
4.00213,1.97627,1.39669,0
4.00221,1.98726,1.4175,0
4.0023,1.98268,1.42732,0
4.00239,1.98371,1.44125,0
4.00248,1.98466,1.45521,0
4.00256,1.98231,1.46683,0
4.00265,1.9831,1.48085,0
4.00274,1.98062,1.4925,0
4.00283,1.98523,1.5096,0
4.00291,1.98021,1.51947,0
4.003,1.98621,1.53789,0
4.00309,1.98027,1.54716,0
4.00317,1.99235,1.57064,0
4.00326,1.97765,1.57309,0
4.00335,1.98013,1.58922,0
4.00344,1.98639,1.60854,0
4.00352,1.98709,1.62352,0
4.00361,1.98385,1.63536,0
4.0037,1.98822,1.65359,0
4.00379,1.98865,1.66868,0
4.00387,1.98746,1.68251,0
4.00396,1.98542,1.69571,0
4.00405,1.99012,1.7148,0
4.00413,1.99017,1.73003,0
4.00422,1.98335,1.73935,0
4.00431,1.98024,1.75197,0
4.0044,1.99272,1.77857,0
4.00448,1.98717,1.78926,0
4.00457,1.98601,1.80396,0
4.00466,1.98623,1.82004,0
4.00475,1.98781,1.83751,0
4.00483,1.97977,1.84617,0
4.00492,1.99137,1.87329,0
4.00501,1.98535,1.88403,0
4.00509,1.98939,1.90443,0
4.00518,1.98034,1.91239,0
4.00527,1.99132,1.93986,0
4.00536,1.98783,1.95343,0
4.00544,1.98852,1.97124,0
4.00553,1.98131,1.98131,0
4.00562,1.99236,2.00982,0
4.00571,1.98638,2.02135,0
4.00579,1.97614,2.02857,0
4.00588,1.98811,2.05875,0
4.00597,1.99017,2.07896,0
4.00605,1.98866,2.09561,0
4.00614,1.99114,2.11665,0
4.00623,1.99757,2.14213,0
4.00632,2.00857,2.17286,0
4.0064,2.15716,2.35413,0
4.00649,2.24839,2.47529,0
4.00658,2.24694,2.49548,0
4.00667,2.24402,2.51421,0
4.00675,2.23899,2.53072,0
4.00684,2.24375,2.55851,0
4.00693,2.23257,2.56828,0
4.00701,2.23179,2.59011,0
4.0071,2.21332,2.59146,0
4.00719,2.19424,2.59194,0
4.00728,2.17198,2.58846,0
4.00736,2.15107,2.58638,0
4.00745,2.12514,2.578,0
4.00754,2.1183,2.59267,0
4.00762,2.09375,2.58556,0
4.00771,2.14754,2.67578,0
4.0078,2.06177,2.592,0
4.00789,2.04177,2.58998,0
4.00797,2.02676,2.59413,0
4.00806,1.99767,2.58002,0
4.00815,1.99065,2.59427,0
4.00824,1.97023,2.59099,0
4.00832,1.9571,2.59716,0
4.00841,1.93379,2.58965,0
4.0085,1.91771,2.59163,0
4.00858,1.89692,2.58707,0
4.00867,1.87797,2.58481,0
4.00876,1.86551,2.59136,0
4.00885,1.85186,2.59621,0
4.00893,1.88322,2.6647,0
4.00902,1.81021,2.58524,0
4.00911,1.79264,2.58408,0
4.0092,1.77908,2.58858,0
4.00928,1.76552,2.59301,0
4.00937,1.82241,2.70183,0
4.00946,1.8206,2.72473,0
4.00954,1.6111,2.43411,0
4.00963,1.74741,2.66524,0
4.00972,1.60995,2.47911,0
4.00981,1.62725,2.52985,0
4.00989,1.48886,2.33704,0
4.00998,1.45623,2.30799,0
4.01007,1.44456,2.31178,0
4.01016,1.43078,2.31211,0
4.01024,1.41493,2.30895,0
4.01033,1.40484,2.3151,0
4.01042,1.40605,2.34007,0
4.0105,1.40401,2.35993,0
4.01059,1.39218,2.36345,0
4.01068,1.37127,2.35136,0
4.01077,1.366,2.36598,0
4.01085,1.35219,2.36584,0
4.01094,1.80326,3.18724,0
4.01103,1.80204,3.21777,0
4.01112,1.80979,3.26496,0
4.0112,1.80178,3.28422,0
4.01129,1.7965,3.30875,0
4.01138,1.79956,3.34915,0
4.01146,1.80653,3.39758,0
4.01155,1.80333,3.42756,0
4.01164,1.80036,3.45846,0
4.01173,1.80036,3.49562,0
4.01181,1.80189,3.5364,0
4.0119,1.80399,3.57906,0
4.01199,1.79907,3.60838,0
4.01208,1.80056,3.65117,0
4.01216,1.79557,3.68146,0
4.01225,1.79513,3.72168,0
4.01234,1.79781,3.7692,0
4.01242,1.79457,3.80504,0
4.01251,1.79486,3.84909,0
4.0126,1.7994,3.9032,0
4.01269,1.79687,3.94286,0
4.01277,1.79197,3.97802,0
4.01286,1.7929,4.02691,0
4.01295,1.7894,4.06673,0
4.01304,1.79078,4.11852,0
4.01312,1.79569,4.17958,0
4.01321,1.79111,4.21959,0
4.0133,1.79047,4.26979,0
4.01338,1.79364,4.33022,0
4.01347,1.79479,4.38706,0
4.01356,1.79362,4.43936,0
4.01365,2.45939,6.16451,0
4.01373,2.43503,6.18169,0
4.01382,2.39137,6.14939,0
4.01391,2.36272,6.1551,0
4.014,2.33407,6.16067,0
4.01408,2.29771,6.14551,0
4.01417,2.28195,6.1855,0
4.01426,2.2375,6.14747,0
4.01434,2.21369,6.16564,0
4.01443,2.18243,6.16299,0
4.01452,2.16079,6.18756,0
4.01461,2.12205,6.16289,0
4.01469,2.08646,6.14652,0
4.01478,2.0628,6.16505,0
4.01487,2.03744,6.17874,0
4.01496,2.0015,6.15999,0
4.01504,1.97339,6.16486,0
4.01513,1.94376,6.16483,0
4.01522,1.93375,6.22768,0
4.0153,1.37298,4.49081,0
4.01539,0.716744,2.38148,0
4.01548,1.32209,4.46331,0
4.01557,0.695935,2.38764,0
4.01565,1.29357,4.5112,0
4.01574,0.663401,2.35224,0
4.01583,0.667829,2.40811,0
4.01592,2.35834,8.65028,0
4.016,0.647824,2.41771,0
4.01609,0.630649,2.39537,0
4.01618,0.62595,2.42037,0
4.01626,2.36701,9.32012,0
4.01635,2.3331,9.35753,0
4.01644,0.57829,2.36328,0
4.01653,0.560969,2.33661,0
4.01661,0.561541,2.38478,0
4.0167,2.16156,9.36272,0
4.01679,0.538723,2.38081,0
4.01688,0.531792,2.39876,0
4.01696,2.03224,9.35992,0
4.01705,1.98868,9.35598,0
4.01714,0.496886,2.38887,0
4.01722,0.489249,2.40474,0
4.01731,0.468607,2.35585,0
4.01749,0.451388,2.37753,0
4.01757,0.437365,2.35981,0
4.01766,0.425641,2.35383,0
4.01775,1.9789,11.2229,0
4.01784,0.404745,2.35548,0
4.01792,0.39727,2.37399,0
4.01801,0.381281,2.34116,0
4.0181,0.371688,2.34675,0
4.01818,0.355817,2.31178,0
4.01827,0.361246,2.41715,0
4.0188,0.29273,2.3841,0
4.01941,0.221526,2.41084,0
4.01949,0.210656,2.4078,0
4.01958,0.197166,2.37282,0
4.01967,0.186184,2.36568,0
4.01975,0.181788,2.44625,0
4.01993,0.154678,2.35994,0
4.02002,0.14499,2.37057,0
4.0201,0.134305,2.36519,0
4.02019,0.123147,2.34978,0
4.02028,0.111357,2.31833,0
4.02037,0.100019,2.29082,0
4.02045,0.0720811,1.83458,0
4.02054,0.0632728,1.8119,0
4.02063,0.0539005,1.76418,0
4.02071,0.0458097,1.7494,0
4.0208,0.0377616,1.73059,0
4.02089,0.0298437,1.70974,0
4.02098,0.0221084,1.68886,0
4.02106,0.0147566,1.69094,0
4.02115,0.00731733,1.67698,0
4.02124,6.05766e-08,1.665,0
4.02133,-0.00725176,1.66198,0
4.02141,-0.0144685,1.65794,0
4.0215,-0.021624,1.65186,0
4.02159,-0.028779,1.64875,0
4.02167,-0.0362781,1.6626,0
4.02176,-0.0432704,1.65243,0
4.02185,-0.0507855,1.66222,0
4.02194,-0.0578284,1.65599,0
4.02202,-0.065132,1.65772,0
4.02211,-0.0722336,1.65442,0
4.0222,-0.0791159,1.6471,0
4.02229,-0.0863019,1.64674,0
4.02237,-0.0938265,1.65234,0
4.02246,-0.101035,1.65191,0
4.02255,-0.108765,1.65944,0
4.02263,-0.115517,1.65197,0
4.02272,-0.122575,1.64945,0
4.02281,-0.129536,1.64591,0
4.0229,-0.137213,1.65131,0
4.02298,-0.142761,1.63177,0
4.02307,-0.148873,1.62017,0
4.02316,-0.155462,1.61453,0
4.02325,-0.162505,1.61384,0
4.02333,-0.169545,1.61311,0
4.02342,-0.175929,1.6064,0
4.02351,-0.183502,1.61058,0
4.02359,-0.189823,1.60381,0
4.02368,-0.19755,1.60892,0
4.02377,-0.204064,1.60407,0
4.02386,-0.21093,1.60217,0
4.02394,-0.218189,1.60322,0
4.02403,-0.226852,1.61414,0
4.02412,-0.233462,1.61016,0
4.02421,-0.241816,1.61803,0
4.02429,-0.247961,1.61103,0
4.02438,-0.255614,1.61388,0
4.02447,-0.262814,1.61374,0
4.02455,-0.268697,1.60567,0
4.02464,-0.275701,1.60449,0
4.02473,-0.283741,1.60918,0
4.02482,-0.289336,1.60005,0
4.0249,-0.28939,1.56141,0
4.02499,-0.287247,1.51297,0
4.02508,-0.29003,1.49207,0
4.02517,-0.293416,1.4751,0
4.02525,-0.291675,1.43363,0
4.02534,-0.1957,0.940863,0
4.02543,-0.186289,0.87642,0
4.02551,-0.189687,0.873645,0
4.0256,-0.194146,0.875738,0
4.02569,-0.199731,0.882685,0
4.02578,-0.20673,0.895446,0
4.02586,-0.236764,1.0055,0
4.02595,-0.281302,1.17171,0
4.02604,-0.299009,1.22195,0
4.02613,-0.310386,1.24489,0
4.02621,-0.271999,1.071,0
4.0263,-0.260395,1.00687,0
4.02639,-0.267587,1.01637,0
4.02647,-0.297124,1.10888,0
4.02656,-0.306431,1.12398,0
4.02665,-0.311867,1.12456,0
4.02674,-0.308356,1.09335,0
4.02682,-0.288868,1.0074,0
4.02691,-0.275072,0.943729,0
4.027,-0.275495,0.930055,0
4.02709,-0.287908,0.956614,0
4.02717,-0.312253,1.02133,0
4.02726,-0.314334,1.01232,0
4.02735,-0.313636,0.994727,0
4.02743,-0.304559,0.951443,0
4.02752,-0.28615,0.880678,0
4.02761,-0.285292,0.865176,0
4.0277,-0.283353,0.846853,0
4.02778,-0.288331,0.849396,0
4.02787,-0.293011,0.850967,0
4.02796,-0.294084,0.842127,0
4.02805,-0.300092,0.847435,0
4.02813,-0.300746,0.837647,0
4.02822,-0.306108,0.841025,0
4.02831,-0.311159,0.843434,0
4.02839,-0.281567,0.753084,0
4.02848,-0.271387,0.716314,0
4.02857,-0.274151,0.714189,0
4.02866,-0.276178,0.71019,0
4.02874,-0.278174,0.706187,0
4.02883,-0.281994,0.706824,0
4.02892,-0.294441,0.728767,0
4.02901,-0.314657,0.769124,0
4.02909,-0.310739,0.75019,0
4.02918,-0.313236,0.746983,0
4.02927,-0.310631,0.731801,0
4.02935,-0.3079,0.716657,0
4.02944,-0.300258,0.690546,0
4.02953,-0.295616,0.671839,0
4.02962,-0.297324,0.667802,0
4.0297,-0.290789,0.645528,0
4.02979,-0.29692,0.651532,0
4.02988,-0.295155,0.640241,0
4.02997,-0.302172,0.64801,0
4.03005,-0.300731,0.637641,0
4.03014,-0.306954,0.643543,0
4.03023,-0.304546,0.631389,0
4.03031,-0.309052,0.63365,0
4.0304,-0.305621,0.619739,0
4.03049,-0.306092,0.613925,0
4.03058,-0.305167,0.60544,0
4.03066,-0.299634,0.588064,0
4.03075,-0.301739,0.585862,0
4.03084,-0.303369,0.582766,0
4.03093,-0.305909,0.581437,0
4.03101,-0.307504,0.578331,0
4.0311,-0.306711,0.570817,0
4.03119,-0.308722,0.568595,0
4.03127,-0.308314,0.561982,0
4.03136,-0.309793,0.558882,0
4.03145,-0.294639,0.526115,0
4.03154,-0.284621,0.503066,0
4.03162,-0.274408,0.480114,0
4.03171,-0.279,0.483242,0
4.0318,-0.281106,0.48202,0
4.03189,-0.298433,0.506638,0
4.03197,-0.306776,0.515644,0
4.03206,-0.301812,0.5023,0
4.03215,-0.311783,0.513802,0
4.03223,-0.309319,0.504763,0
4.03232,-0.311519,0.503409,0
4.03241,-0.308943,0.494412,0
4.0325,-0.307896,0.487985,0
4.03258,-0.306798,0.481577,0
4.03267,-0.312142,0.48528,0
4.03276,-0.305542,0.470494,0
4.03284,-0.313075,0.477519,0
4.03293,-0.309637,0.46781,0
4.03302,-0.312786,0.468117,0
4.03311,-0.305319,0.452655,0
4.03319,-0.308417,0.452971,0
4.03328,-0.310957,0.452445,0
4.03337,-0.310078,0.446976,0
4.03346,-0.30629,0.437427,0
4.03354,-0.303001,0.428737,0
4.03363,-0.296158,0.415199,0
4.03372,-0.309068,0.429323,0
4.0338,-0.305061,0.41988,0
4.03389,-0.311029,0.42419,0
4.03398,-0.309903,0.418809,0
4.03407,-0.308735,0.413447,0
4.03415,-0.308129,0.408901,0
4.03424,-0.308095,0.405165,0
4.03433,-0.308642,0.40223,0
4.03442,-0.310394,0.40088,0
4.0345,-0.313372,0.401097,0
4.03459,-0.305832,0.387947,0
4.03468,-0.30441,0.382695,0
4.03476,-0.29794,0.371225,0
4.03485,-0.295151,0.364481,0
4.03494,-0.295473,0.361641,0
4.03503,-0.301501,0.36575,0
4.03511,-0.305652,0.367506,0
4.0352,-0.309824,0.369233,0
4.03529,-0.312078,0.368641,0
4.03538,-0.314333,0.368037,0
4.03546,-0.309408,0.359086,0
4.03555,-0.314908,0.362261,0
4.03564,-0.313849,0.357876,0
4.03572,-0.310769,0.35126,0
4.03581,-0.309635,0.346917,0
4.0359,-0.305124,0.338874,0
4.03599,-0.290462,0.319774,0
4.03607,-0.281721,0.307445,0
4.03616,-0.133045,0.143927,0
4.03625,-0.118668,0.127256,0
4.03634,-0.109629,0.116539,0
4.03642,-0.266393,0.28072,0
4.03651,-0.214369,0.223933,0
4.0366,-0.179917,0.186309,0
4.03668,-0.135371,0.138963,0
4.03677,-0.0953237,0.0970021,0
4.03686,-0.0584332,0.0589454,0
4.03695,-0.0360624,0.0360624,0
