7200
3619
3.14159
3.1573,-0.033234,-0.033234,0
3.15739,-0.0542091,-0.0546843,0
3.15747,-0.0364473,-0.037089,0
3.15756,-0.0390763,-0.0401129,0
3.15765,-0.0555727,-0.0575472,0
3.15774,-0.052555,-0.0548997,0
3.15782,-0.0344177,-0.0362687,0
3.15791,-0.0438517,-0.0466157,0
3.158,-0.0675178,-0.072404,0
3.15809,-0.0705953,-0.0763695,0
3.15817,-0.0486425,-0.053084,0
3.15826,-0.0457209,-0.0503348,0
3.15835,-0.0722661,-0.0802596,0
3.15843,-0.0679199,-0.0760979,0
3.15852,-0.0636115,-0.0718997,0
3.15861,-0.0494509,-0.056388,0
3.1587,-0.0583893,-0.0671692,0
3.15878,-0.048957,-0.0568174,0
3.15887,-0.0675426,-0.0790822,0
3.15896,-0.0562128,-0.0664012,0
3.15905,-0.0520658,-0.0620496,0
3.15913,-0.0530734,-0.0638139,0
3.15922,-0.0585192,-0.0709895,0
3.15931,-0.0594743,-0.0727929,0
3.15939,-0.0503456,-0.0621717,0
3.15948,-0.0538294,-0.0670701,0
3.15957,-0.0610064,-0.0766956,0
3.15966,-0.0612903,-0.0777464,0
3.15974,-0.0671071,-0.0858932,0
3.15983,-0.0630584,-0.081441,0
3.15992,-0.0584411,-0.0761619,0
3.16001,-0.0647665,-0.0851722,0
3.16009,-0.0661997,-0.0878499,0
3.16018,-0.0634224,-0.0849329,0
3.16027,-0.0624564,-0.084405,0
3.16035,-0.0632701,-0.0862896,0
3.16044,-0.0652442,-0.0898009,0
3.16053,-0.0636832,-0.0884616,0
3.16062,-0.0621352,-0.0871104,0
3.1607,-0.0657945,-0.0930971,0
3.16079,-0.0619463,-0.0884684,0
3.16088,-0.0672596,-0.0969543,0
3.16097,-0.0674023,-0.098071,0
3.16105,-0.089486,-0.131428,0
3.16114,-0.095622,-0.141765,0
3.16123,-0.130559,-0.195395,0
3.16131,-0.13964,-0.210973,0
3.1614,-0.147491,-0.224961,0
3.16149,-0.133437,-0.205474,0
3.16158,-0.114687,-0.1783,0
3.16166,-0.0832814,-0.130726,0
3.16175,-0.058164,-0.0921843,0
3.16184,-0.674057,-1.07872,0
3.16193,-0.675659,-1.09185,0
3.16201,-0.672978,-1.0982,0
3.1621,-0.662992,-1.09258,0
3.16219,-0.661309,-1.1006,0
3.16227,-0.662636,-1.11379,0
3.16236,-0.66589,-1.13046,0
3.16245,-0.669012,-1.14717,0
3.16254,-0.6685,-1.15788,0
3.16262,-0.665923,-1.16512,0
3.16271,-0.67462,-1.19239,0
3.1628,-0.665991,-1.18921,0
3.16289,-0.665644,-1.20085,0
3.16297,-0.668574,-1.21865,0
3.16306,-0.671362,-1.2365,0
3.16315,-0.668327,-1.24382,0
3.16323,-0.66618,-1.2529,0
3.16332,-0.667226,-1.26819,0
3.16341,-0.670921,-1.28883,0
3.1635,-0.66758,-1.29619,0
3.16358,-0.666458,-1.308,0
3.16367,-0.668396,-1.32607,0
3.16376,-0.66305,-1.32987,0
3.16385,-0.666087,-1.35069,0
3.16393,-0.664571,-1.36257,0
3.16402,-0.664701,-1.37807,0
3.16411,-0.66514,-1.39449,0
3.16419,-0.665021,-1.41005,0
3.16428,-0.661398,-1.41837,0
3.16437,-0.66525,-1.44304,0
3.16446,-0.661021,-1.45048,0
3.16454,-0.658382,-1.46155,0
3.16463,-0.649965,-1.45985,0
3.16472,-0.639562,-1.45351,0
3.16481,-0.635207,-1.46088,0
3.16489,-0.628827,-1.46363,0
3.16498,-0.617746,-1.45532,0
3.16507,-0.60675,-1.44693,0
3.16515,-0.60043,-1.44957,0
3.16524,-0.595236,-1.45495,0
3.16533,-0.585136,-1.44826,0
3.16542,-0.580293,-1.45452,0
3.1655,-0.574674,-1.45889,0
3.16559,-0.56794,-1.46046,0
3.16568,-0.566938,-1.47692,0
3.16577,-0.557654,-1.4719,0
3.16585,-0.554378,-1.48275,0
3.16594,-0.548942,-1.48797,0
3.16603,-0.54518,-1.49787,0
3.16611,-0.539653,-1.50306,0
3.1662,-0.537429,-1.51765,0
3.16629,-0.532121,-1.52376,0
3.16638,-0.527746,-1.53269,0
3.16646,-0.525232,-1.54728,0
3.16655,-0.521014,-1.55715,0
3.16664,-0.516094,-1.5651,0
3.16673,-0.512968,-1.57875,0
3.16681,-0.50577,-1.58002,0
3.1669,-0.497969,-1.57936,0
3.16699,-0.492259,-1.58533,0
3.16707,-0.48943,-1.60085,0
3.16716,-0.485323,-1.61255,0
3.16725,-0.479134,-1.61753,0
3.16734,-0.476269,-1.634,0
3.16742,-0.470513,-1.64087,0
3.16751,-0.469049,-1.66312,0
3.1676,-0.463124,-1.66997,0
3.16769,-0.466354,-1.71057,0
3.16777,-0.490203,-1.82946,0
3.16786,-0.532118,-2.02113,0
3.16795,-0.528302,-2.04279,0
3.16803,-0.529968,-2.08675,0
3.16812,-0.52618,-2.11039,0
3.16821,-0.521007,-2.12918,0
3.1683,-0.517081,-2.1538,0
3.16838,-0.523035,-2.22125,0
3.16847,-0.542582,-2.35018,0
3.16856,-0.536736,-2.37203,0
3.16865,-0.526598,-2.37533,0
3.16873,-0.516653,-2.37956,0
3.16882,-0.505225,-2.3769,0
3.16891,-0.493628,-2.37321,0
3.16899,-0.483268,-2.37534,0
3.16908,-0.471924,-2.37252,0
3.16917,-0.462903,-2.38143,0
3.16926,-0.450829,-2.37458,0
3.16934,-0.440281,-2.37554,0
3.16943,-0.4292,-2.37351,0
3.16952,-0.419013,-2.37634,0
3.16961,-0.408302,-2.37618,0
3.16969,-0.398755,-2.38287,0
3.16978,-0.388676,-2.38656,0
3.16987,-0.376694,-2.37835,0
3.16995,-0.365096,-2.37207,0
3.17004,-0.354447,-2.37166,0
3.17013,-0.343521,-2.36923,0
3.17022,-0.332624,-2.36674,0
3.1703,-0.322698,-2.37114,0
3.17039,-0.31248,-2.37352,0
3.17048,-0.301616,-2.37089,0
3.17056,-0.29273,-2.3841,0
3.17065,-0.281972,-2.38237,0
3.17074,-0.271348,-2.38159,0
3.17083,-0.259539,-2.36983,0
3.17091,-0.2493,-2.37193,0
3.171,-0.239049,-2.37399,0
3.17109,-0.2284,-2.37203,0
3.17118,-0.217865,-2.37101,0
3.17126,-0.208128,-2.37891,0
3.17135,-0.197084,-2.37183,0
3.17144,-0.186576,-2.37067,0
3.17152,-0.175711,-2.36448,0
3.17161,-0.165183,-2.36223,0
3.1717,-0.155267,-2.36892,0
3.17179,-0.144014,-2.3546,0
3.17187,-0.134192,-2.36319,0
3.17196,-0.124403,-2.37374,0
3.17205,-0.113564,-2.36427,0
3.17214,-0.102985,-2.35875,0
3.17222,-0.0931636,-2.37117,0
3.17231,-0.0826769,-2.36756,0
3.1724,-0.0725595,-2.37489,0
3.17248,-0.0621179,-2.37219,0
3.17257,-0.0517231,-2.37044,0
3.17266,-0.0413971,-2.37164,0
3.17275,-0.0310093,-2.3688,0
3.17283,-0.0206208,-2.36291,0
3.17292,-0.0103062,-2.36198,0
3.17301,-2.84657e-08,-2.363,0
3.1731,0.010293,-2.35898,0
3.17318,0.0206382,-2.36491,0
3.17327,0.030983,-2.3668,0
3.17336,0.0411178,-2.35564,0
3.17344,0.0515049,-2.36044,0
3.17353,0.061987,-2.36719,0
3.17362,0.0724984,-2.37289,0
3.17371,0.0826769,-2.36756,0
3.17379,0.0931243,-2.37017,0
3.17388,0.10364,-2.37374,0
3.17397,0.113708,-2.36727,0
3.17406,0.12435,-2.37274,0
3.17414,0.134022,-2.3602,0
3.17423,0.144746,-2.36658,0
3.17432,0.155071,-2.36592,0
3.1744,0.165672,-2.36921,0
3.17449,0.175859,-2.36647,0
3.17458,0.186733,-2.37266,0
3.17467,0.196752,-2.36784,0
3.17475,0.206646,-2.36198,0
3.17484,0.21631,-2.35408,0
3.17493,0.22725,-2.36008,0
3.17502,0.238548,-2.36902,0
3.1751,0.248569,-2.36497,0
3.17519,0.259647,-2.37082,0
3.17528,0.269424,-2.3647,0
3.17536,0.279974,-2.36549,0
3.17545,0.290658,-2.36722,0
3.17554,0.300732,-2.36395,0
3.17563,0.311566,-2.36658,0
3.17571,0.32135,-2.36123,0
3.1758,0.331371,-2.35783,0
3.17589,0.342947,-2.36527,0
3.17598,0.352525,-2.3588,0
3.17606,0.361901,-2.35131,0
3.17615,0.373722,-2.35959,0
3.17624,0.384496,-2.3609,0
3.17632,0.393804,-2.35328,0
3.17641,0.404068,-2.35154,0
3.1765,0.416061,-2.3596,0
3.17659,0.425819,-2.35481,0
3.17667,0.437001,-2.35785,0
3.17676,0.447471,-2.3569,0
3.17685,0.45756,-2.35394,0
3.17694,0.468802,-2.35683,0
3.17702,0.479081,-2.35476,0
3.17711,0.488333,-2.34775,0
3.1772,0.500235,-2.35342,0
3.17728,0.511348,-2.35513,0
3.17737,0.523351,-2.36068,0
3.17746,0.530557,-2.34472,0
3.17755,0.543932,-2.35603,0
3.17763,0.554894,-2.35655,0
3.17772,0.56237,-2.34244,0
3.17781,0.574724,-2.34871,0
3.1779,0.587386,-2.35588,0
3.17798,0.599876,-2.36202,0
3.17807,0.610176,-2.35938,0
3.17816,0.620719,-2.35766,0
3.17824,0.63126,-2.35589,0
3.17833,0.642322,-2.35601,0
3.17842,0.652329,-2.35222,0
3.17851,0.662586,-2.34935,0
3.17859,0.675036,-2.35413,0
3.17868,0.68782,-2.3598,0
3.17877,0.69669,-2.35198,0
3.17886,0.709539,-2.35754,0
3.17894,0.719527,-2.35347,0
3.17903,0.730382,-2.35221,0
3.17912,0.740037,-2.3471,0
3.1792,0.752405,-2.35051,0
3.17929,0.765435,-2.35577,0
3.17938,0.774767,-2.34956,0
3.17947,0.786598,-2.35089,0
3.17955,0.797491,-2.34933,0
3.17964,0.810014,-2.35245,0
3.17973,0.821259,-2.35173,0
3.17982,0.834183,-2.35566,0
3.1799,0.845468,-2.35482,0
3.17999,0.85676,-2.35393,0
3.18008,0.865639,-2.34642,0
3.18016,0.881122,-2.35667,0
3.18025,0.892105,-2.35467,0
3.18034,0.904162,-2.35542,0
3.18043,0.916606,-2.35705,0
3.18051,0.923583,-2.34465,0
3.1806,0.937881,-2.35082,0
3.18069,0.944383,-2.33743,0
3.18078,0.964418,-2.35735,0
3.18086,0.976608,-2.35774,0
3.18095,0.984179,-2.347,0
3.18104,0.998709,-2.35281,0
3.18112,1.00857,-2.34751,0
3.18121,1.02518,-2.35776,0
3.1813,1.03546,-2.35327,0
3.18139,1.04735,-2.35238,0
3.18147,1.0576,-2.34779,0
3.18156,1.0724,-2.35316,0
3.18165,1.08182,-2.34664,0
3.18174,1.09627,-2.35096,0
3.18182,1.10737,-2.34797,0
3.18191,1.12449,-2.35755,0
3.182,1.13347,-2.34992,0
3.18208,1.14546,-2.34855,0
3.18217,1.15526,-2.34263,0
3.18226,1.16502,-2.33667,0
3.18235,1.18511,-2.35121,0
3.18243,1.20307,-2.36117,0
3.18252,1.21062,-2.35056,0
3.18261,1.21532,-2.33461,0
3.1827,1.23574,-2.34876,0
3.18278,1.24926,-2.34952,0
3.18287,1.26187,-2.34845,0
3.18296,1.27401,-2.34644,0
3.18304,1.28713,-2.34612,0
3.18313,1.2988,-2.34311,0
3.18322,1.31195,-2.34265,0
3.18331,1.3256,-2.343,0
3.18339,1.34375,-2.35108,0
3.18348,1.3565,-2.34953,0
3.18357,1.36573,-2.34186,0
3.18365,1.38253,-2.34708,0
3.18374,1.3943,-2.3436,0
3.18383,1.40554,-2.33921,0
3.18392,1.4204,-2.34075,0
3.184,1.43896,-2.34817,0
3.18409,1.44972,-2.34272,0
3.18418,1.46099,-2.33807,0
3.18427,1.48185,-2.34859,0
3.18435,1.49154,-2.34125,0
3.18444,1.51094,-2.34902,0
3.18453,1.52118,-2.34241,0
3.18461,1.53906,-2.34746,0
3.1847,1.55039,-2.34239,0
3.18479,1.56282,-2.33892,0
3.18488,1.57916,-2.3412,0
3.18496,1.59724,-2.34586,0
3.18505,1.61426,-2.34876,0
3.18514,1.62962,-2.34909,0
3.18523,1.641,-2.34359,0
3.18531,1.65352,-2.33968,0
3.1854,1.66604,-2.3357,0
3.18549,1.69023,-2.34788,0
3.18557,1.70517,-2.34696,0
3.18566,1.72249,-2.34917,0
3.18575,1.73688,-2.34726,0
3.18584,1.7513,-2.34527,0
3.18592,1.76573,-2.3432,0
3.18601,1.78259,-2.34423,0
3.1861,1.79828,-2.34357,0
3.18619,1.81216,-2.34044,0
3.18627,1.82913,-2.34118,0
3.18636,1.85047,-2.34731,0
3.18645,1.86754,-2.34782,0
3.18653,1.8784,-2.34043,0
3.18662,1.8974,-2.3431,0
3.18671,1.91646,-2.34564,0
3.1868,1.92795,-2.33879,0
3.18688,1.94965,-2.3442,0
3.18697,1.96436,-2.34103,0
3.18706,1.98618,-2.34618,0
3.18715,2.00355,-2.34585,0
3.18723,2.01964,-2.34391,0
3.18732,2.0305,-2.33583,0
3.18741,2.03144,-2.31642,0
3.18749,2.03093,-2.29555,0
3.18758,2.02761,-2.27174,0
3.18767,2.02613,-2.25024,0
3.18776,2.03256,-2.23768,0
3.18784,2.03082,-2.21626,0
3.18793,2.02215,-2.18755,0
3.18802,2.03031,-2.17724,0
3.18811,2.02335,-2.15088,0
3.18819,2.02307,-2.13188,0
3.18828,2.02268,-2.11291,0
3.18837,2.01937,-2.09112,0
3.18845,2.01731,-2.07083,0
3.18854,2.01511,-2.0506,0
3.18863,2.017,-2.03468,0
3.18872,2.01455,-2.01455,0
3.1888,2.01764,-2.00011,0
3.18889,2.02135,-1.98638,0
3.18898,2.01567,-1.96358,0
3.18907,2.01415,-1.94504,0
3.18915,2.01395,-1.92794,0
3.18924,2.01219,-1.9095,0
3.18933,2.01759,-1.89796,0
3.18941,2.01195,-1.87618,0
3.1895,2.01278,-1.86059,0
3.18959,2.01056,-1.84233,0
3.18968,2.00969,-1.82548,0
3.18976,2.01467,-1.81401,0
3.18985,2.0151,-1.79855,0
3.18994,2.00945,-1.77781,0
3.19003,2.00816,-1.76111,0
3.19011,2.00904,-1.74643,0
3.1902,2.01209,-1.73373,0
3.19029,2.01432,-1.72039,0
3.19037,2.01799,-1.70835,0
3.19046,2.01087,-1.68732,0
3.19055,2.00745,-1.66958,0
3.19064,2.00931,-1.65635,0
3.19072,2.00877,-1.64124,0
3.19081,2.00892,-1.62679,0
3.1909,2.00976,-1.613,0
3.19099,2.00504,-1.59488,0
3.19107,2.00413,-1.57993,0
3.19116,2.00706,-1.56809,0
3.19125,2.00756,-1.55442,0
3.19133,2.0175,-1.54808,0
3.19142,2.00831,-1.52716,0
3.19151,2.00298,-1.50935,0
3.1916,1.99833,-1.49222,0
3.19168,1.99678,-1.47754,0
3.19177,1.99837,-1.46527,0
3.19186,1.99989,-1.45301,0
3.19195,2.00053,-1.44018,0
3.19203,2.00517,-1.43027,0
3.19212,1.99996,-1.41343,0
3.19221,2.00365,-1.40297,0
3.19229,1.99907,-1.3868,0
3.19238,2.0018,-1.3758,0
3.19247,1.99456,-1.35805,0
3.19256,1.99964,-1.34877,0
3.19264,1.99802,-1.33504,0
3.19273,1.99049,-1.31747,0
3.19282,1.99287,-1.30658,0
3.19291,1.99855,-1.29787,0
3.19299,1.99158,-1.28103,0
3.19308,1.99125,-1.26856,0
3.19317,1.9993,-1.26146,0
3.19325,1.99206,-1.24478,0
3.19334,1.99323,-1.23345,0
3.19343,1.98409,-1.21585,0
3.19352,1.99109,-1.20822,0
3.1936,1.99291,-1.19746,0
3.19369,1.99382,-1.1862,0
3.19378,1.9895,-1.17191,0
3.19387,1.98941,-1.16019,0
3.19395,1.99965,-1.1545,0
3.19404,1.99946,-1.14279,0
3.19413,1.99747,-1.13011,0
3.19421,1.98842,-1.11357,0
3.1943,1.99413,-1.10537,0
3.19439,1.99192,-1.09281,0
3.19448,1.99667,-1.0841,0
3.19456,1.98641,-1.06734,0
3.19465,1.99281,-1.0596,0
3.19474,1.9983,-1.05136,0
3.19483,1.99045,-1.03616,0
3.19491,1.98873,-1.02426,0
3.195,1.9914,-1.01467,0
3.19509,2.00474,-1.01047,0
3.19517,2.00286,-0.998591,0
3.19526,1.99285,-0.982765,0
3.19535,1.98993,-0.970554,0
3.19544,1.99415,-0.961862,0
3.19552,1.98659,-0.947555,0
3.19561,1.98347,-0.935465,0
3.1957,1.98935,-0.927647,0
3.19578,1.98974,-0.917284,0
3.19587,1.99282,-0.908178,0
3.19596,1.98764,-0.895367,0
3.19605,1.9897,-0.885872,0
3.19613,1.98531,-0.873558,0
3.19622,1.99002,-0.865286,0
3.19631,1.9901,-0.855015,0
3.1964,1.99842,-0.848277,0
3.19648,1.98458,-0.832202,0
3.19657,1.97987,-0.820091,0
3.19666,1.99084,-0.814473,0
3.19674,1.99345,-0.805404,0
3.19683,1.98858,-0.793364,0
3.19692,1.98923,-0.78358,0
3.19701,1.98611,-0.772355,0
3.19709,1.99319,-0.765116,0
3.19718,1.98623,-0.752514,0
3.19727,1.99605,-0.746292,0
3.19736,1.98427,-0.732038,0
3.19744,1.98463,-0.722347,0
3.19753,1.984,-0.712328,0
3.19762,1.98049,-0.701328,0
3.1977,1.98542,-0.693339,0
3.19779,1.98559,-0.683693,0
3.19788,1.98382,-0.673416,0
3.19797,1.98579,-0.664436,0
3.19805,1.98392,-0.654199,0
3.19814,1.97344,-0.64121,0
3.19823,1.99051,-0.637166,0
3.19832,1.99136,-0.627874,0
3.1984,1.98835,-0.6174,0
3.19849,1.98051,-0.605502,0
3.19858,1.98217,-0.596566,0
3.19866,1.99051,-0.589616,0
3.19875,1.99114,-0.580365,0
3.19884,1.98981,-0.570569,0
3.19893,1.98555,-0.559982,0
3.19901,1.98893,-0.55158,0
3.1991,1.9865,-0.541581,0
3.19919,1.99174,-0.533685,0
3.19928,1.98728,-0.523207,0
3.19936,1.98373,-0.513029,0
3.19945,1.98014,-0.502891,0
3.19954,1.98231,-0.494246,0
3.19962,1.98154,-0.484879,0
3.19971,1.97975,-0.475295,0
3.1998,1.99056,-0.468715,0
3.19989,1.98869,-0.459125,0
3.19997,1.99067,-0.450443,0
3.20006,1.98969,-0.441104,0
3.20015,1.99062,-0.432206,0
3.20024,1.98368,-0.421645,0
3.20032,1.98844,-0.413596,0
3.20041,1.98435,-0.40372,0
3.2005,1.98903,-0.395643,0
3.20058,1.98976,-0.38677,0
3.20067,1.98946,-0.377711,0
3.20076,1.98912,-0.368663,0
3.20085,1.9976,-0.361225,0
3.20093,1.99325,-0.351464,0
3.20102,2.00068,-0.34378,0
3.20111,1.98243,-0.331746,0
3.2012,1.98485,-0.323253,0
3.20128,1.97735,-0.313182,0
3.20137,1.98364,-0.305312,0
3.20146,1.99188,-0.297688,0
3.20154,1.98722,-0.288133,0
3.20163,1.97856,-0.278068,0
3.20172,1.98867,-0.270646,0
3.20181,1.9938,-0.262488,0
3.20189,1.98599,-0.25265,0
3.20198,1.99105,-0.24447,0
3.20207,1.98216,-0.234605,0
3.20216,1.99012,-0.226746,0
3.20224,1.98513,-0.217407,0
3.20233,1.98507,-0.208639,0
3.20242,1.98496,-0.199875,0
3.2025,1.99079,-0.191692,0
3.20259,1.98165,-0.182088,0
3.20268,1.98741,-0.173876,0
3.20277,1.98018,-0.16454,0
3.20285,1.98586,-0.156291,0
3.20294,1.98852,-0.147772,0
3.20303,1.98715,-0.138955,0
3.20312,1.97975,-0.12976,0
3.2032,1.9803,-0.12112,0
3.20329,1.96683,-0.111685,0
3.20338,1.94833,-0.102107,0
3.20346,1.75198,-0.0841537,0
3.20355,1.69738,-0.0741094,0
3.20364,1.6897,-0.0663884,0
3.20373,1.69297,-0.0591198,0
3.20381,1.69021,-0.0516407,0
3.2039,1.68742,-0.0441867,0
3.20399,1.6896,-0.0368672,0
3.20408,1.69074,-0.0295121,0
3.20416,1.69685,-0.0222131,0
3.20425,1.68494,-0.0147043,0
3.20434,1.69298,-0.00738712,0
3.20442,1.675,-4.05591e-08,0
3.20451,1.68198,0.00733905,0
3.2046,1.68494,0.0147042,0
3.20469,1.68586,0.022069,0
3.20477,1.68174,0.0293549,0
3.20486,1.6886,0.0368453,0
3.20495,1.68042,0.0440034,0
3.20504,1.69421,0.0517627,0
3.20512,1.76093,0.0614929,0
3.20521,1.9455,0.0764388,0
3.2053,1.98311,0.0865844,0
3.20538,1.97672,0.0949487,0
3.20547,1.98627,0.104096,0
3.20556,1.97881,0.112365,0
3.20565,1.9793,0.121059,0
3.20573,1.97377,0.129367,0
3.20582,1.97917,0.138397,0
3.20591,1.97655,0.146883,0
3.206,1.9719,0.155192,0
3.20608,1.9732,0.16396,0
3.20617,1.97545,0.17283,0
3.20626,1.98265,0.18218,0
3.20634,1.97984,0.190637,0
3.20643,1.98496,0.199875,0
3.20652,1.97711,0.207803,0
3.20661,1.97618,0.216427,0
3.20669,1.97721,0.225274,0
3.20678,1.98415,0.23484,0
3.20687,1.98112,0.243251,0
3.20696,1.97211,0.250884,0
3.20704,1.97793,0.2604,0
3.20713,1.98272,0.269837,0
3.20722,1.97558,0.27765,0
3.2073,1.97534,0.286411,0
3.20739,1.98397,0.296506,0
3.20748,1.9787,0.304551,0
3.20757,1.98525,0.314433,0
3.20765,1.97301,0.321324,0
3.20774,1.96961,0.3296,0
3.20783,1.9859,0.341239,0
3.20792,1.98242,0.349554,0
3.208,1.98481,0.358912,0
3.20809,1.97634,0.366293,0
3.20818,1.97669,0.375286,0
3.20826,1.98191,0.385243,0
3.20835,1.99394,0.396619,0
3.20844,1.98533,0.403919,0
3.20853,1.98453,0.412782,0
3.20861,1.97977,0.420813,0
3.2087,1.9828,0.430508,0
3.20879,1.97798,0.438507,0
3.20887,1.97312,0.446471,0
3.20896,1.98382,0.458,0
3.20905,1.97499,0.465048,0
3.20914,1.97002,0.47296,0
3.20922,1.97571,0.483453,0
3.20931,1.97843,0.493279,0
3.2094,1.98305,0.50363,0
3.20949,1.97115,0.509774,0
3.20957,1.98438,0.522443,0
3.20966,1.98498,0.531873,0
3.20975,1.97781,0.539214,0
3.20983,1.97352,0.547304,0
3.20992,1.97496,0.556996,0
3.21001,1.97443,0.566159,0
3.2101,1.97962,0.577007,0
3.21018,1.97805,0.585924,0
3.21027,1.98026,0.59599,0
3.21036,1.97286,0.603163,0
3.21045,1.97307,0.612655,0
3.21053,1.97706,0.623363,0
3.21062,1.97146,0.631069,0
3.21071,1.97059,0.640283,0
3.21079,1.95923,0.646057,0
3.21088,1.9801,0.662532,0
3.21097,1.98192,0.672773,0
3.21106,1.98464,0.683367,0
3.21114,1.97787,0.690702,0
3.21123,1.97955,0.700994,0
3.21132,1.97176,0.707935,0
3.21141,1.97335,0.718242,0
3.21149,1.98052,0.730653,0
3.21158,1.97451,0.738237,0
3.21167,1.97127,0.746845,0
3.21175,1.97639,0.758665,0
3.21184,1.98238,0.770906,0
3.21193,1.97993,0.779915,0
3.21202,1.97929,0.789658,0
3.2121,1.98881,0.803531,0
3.21219,1.9751,0.808036,0
3.21228,1.9808,0.820473,0
3.21237,1.97074,0.826401,0
3.21245,1.97724,0.83929,0
3.21254,1.98091,0.851068,0
3.21263,1.9781,0.860102,0
3.21271,1.97158,0.867516,0
3.2128,1.97783,0.880585,0
3.21289,1.97761,0.890849,0
3.21298,1.97735,0.901128,0
3.21306,1.97158,0.90891,0
3.21315,1.97666,0.92173,0
3.21324,1.98166,0.934612,0
3.21333,1.97034,0.939806,0
3.21341,1.97613,0.953173,0
3.2135,1.97645,0.963978,0
3.21359,1.98388,0.978342,0
3.21367,1.97602,0.985205,0
3.21376,1.97438,0.995168,0
3.21385,1.9718,1.00468,0
3.21394,1.97717,1.01831,0
3.21402,1.97094,1.02601,0
3.21411,1.97441,1.03879,0
3.2142,1.98045,1.05302,0
3.21429,1.96967,1.05834,0
3.21437,1.97558,1.07265,0
3.21446,1.97527,1.08367,0
3.21455,1.98014,1.09761,0
3.21463,1.98318,1.11064,0
3.21472,1.98441,1.12273,0
3.21481,2.0038,1.14527,0
3.2149,2.00138,1.1555,0
3.21498,2.0041,1.16876,0
3.21507,2.01277,1.18561,0
3.21516,2.02218,1.20307,0
3.21525,2.04177,1.22682,0
3.21533,2.06205,1.25128,0
3.21542,2.07533,1.27176,0
3.21551,2.0621,1.27607,0
3.21559,2.04295,1.27658,0
3.21568,2.06104,1.30042,0
3.21577,2.068,1.31746,0
3.21586,2.05634,1.32268,0
3.21594,2.04216,1.3262,0
3.21603,2.03803,1.33619,0
3.21612,2.04552,1.3539,0
3.21621,2.0504,1.37004,0
3.21629,2.05021,1.38288,0
3.21638,2.0425,1.39069,0
3.21647,2.06608,1.41998,0
3.21655,2.06398,1.43183,0
3.21664,2.06672,1.44713,0
3.21673,2.06039,1.45614,0
3.21682,2.04669,1.45989,0
3.2169,2.03867,1.46764,0
3.21699,2.03225,1.47652,0
3.21708,2.01531,1.47768,0
3.21717,2.01205,1.48884,0
3.21725,2.00313,1.49581,0
3.21734,2.00857,1.51356,0
3.21743,2.01787,1.53442,0
3.21751,2.0286,1.5566,0
3.2176,2.05184,1.5887,0
3.21769,2.07089,1.61796,0
3.21778,2.02926,1.59974,0
3.21786,2.04496,1.62663,0
3.21795,2.06903,1.66058,0
3.21804,2.05944,1.6677,0
3.21813,2.04595,1.67161,0
3.21821,2.04326,1.68434,0
3.2183,2.04589,1.70155,0
3.21839,2.0507,1.72074,0
3.21847,2.03478,1.72257,0
3.21856,2.05842,1.75806,0
3.21865,2.06285,1.77746,0
3.21874,2.04526,1.77792,0
3.21882,2.03598,1.78551,0
3.21891,2.02742,1.79371,0
3.219,2.01734,1.80054,0
3.21909,2.00946,1.80933,0
3.21917,2.00525,1.82144,0
3.21926,1.98549,1.81936,0
3.21935,1.97973,1.83005,0
3.21943,1.97758,1.84412,0
3.21952,1.97753,1.86027,0
3.21961,1.98172,1.88058,0
3.2197,1.97783,1.89336,0
3.21978,1.97747,1.90962,0
3.21987,1.97628,1.9252,0
3.21996,1.97856,1.94432,0
3.22005,1.97503,1.95786,0
3.22013,1.97071,1.97071,0
3.22022,1.97195,1.98923,0
3.22031,1.97656,2.01137,0
3.22039,1.97684,2.02928,0
3.22048,1.977,2.04724,0
3.22057,1.96943,2.05729,0
3.22066,1.97558,2.08182,0
3.22074,1.97607,2.10062,0
3.22083,1.97711,2.12019,0
3.22092,1.97735,2.13908,0
3.221,1.97543,2.1558,0
3.22109,1.97609,2.1755,0
3.22118,1.97527,2.19376,0
3.22127,1.977,2.21504,0
3.22135,1.97925,2.23713,0
3.22144,1.97474,2.25176,0
3.22153,1.97539,2.27243,0
3.22162,1.97917,2.29694,0
3.2217,1.97952,2.31772,0
3.22179,1.97585,2.33396,0
3.22188,1.97657,2.35559,0
3.22196,1.98162,2.38264,0
3.22205,1.97757,2.39898,0
3.22214,1.98037,2.42385,0
3.22223,1.97858,2.44335,0
3.22231,1.97416,2.45976,0
3.2224,1.98146,2.49104,0
3.22249,1.97986,2.51144,0
3.22258,1.97504,2.52794,0
3.22266,1.96828,2.54207,0
3.22275,1.95412,2.54666,0
3.22284,1.93997,2.55119,0
3.22292,1.91798,2.54525,0
3.22301,1.90447,2.55039,0
3.2231,1.88083,2.5418,0
3.22319,1.86499,2.54353,0
3.22327,1.84094,2.53384,0
3.22336,1.82636,2.53698,0
3.22345,1.8176,2.54818,0
3.22354,1.79896,2.54547,0
3.22362,1.78268,2.54592,0
3.22371,1.76357,2.54218,0
3.2238,1.74396,2.53748,0
3.22388,1.72837,2.53846,0
3.22397,1.70833,2.53271,0
3.22406,1.69116,2.53099,0
3.22415,1.67844,2.53585,0
3.22423,1.66571,2.54064,0
3.22432,1.64862,2.53866,0
3.22441,1.63537,2.54246,0
3.2245,1.61888,2.54114,0
3.22458,1.60244,2.53972,0
3.22467,1.58976,2.54414,0
3.22476,1.5718,2.54,0
3.22484,1.55496,2.53746,0
3.22493,1.53764,2.53396,0
3.22502,1.52142,2.53207,0
3.22511,1.51138,2.54041,0
3.22519,1.49825,2.54353,0
3.22528,1.47958,2.53708,0
3.22537,1.4635,2.53486,0
3.22546,1.45094,2.53861,0
3.22554,1.43345,2.53361,0
3.22563,1.41505,2.52675,0
3.22572,1.40498,2.53465,0
3.2258,1.38717,2.52848,0
3.22589,1.37326,2.52924,0
3.22598,1.36316,2.53697,0
3.22607,1.34457,2.52876,0
3.22615,1.33212,2.53195,0
3.22624,1.31875,2.5333,0
3.22633,1.30357,2.53103,0
3.22642,1.29024,2.53224,0
3.2265,1.27873,2.53695,0
3.22659,1.25917,2.5255,0
3.22668,1.2477,2.53008,0
3.22676,1.23445,2.531,0
3.22685,1.21949,2.52826,0
3.22694,1.21017,2.53717,0
3.22703,1.19482,2.53338,0
3.22711,1.1808,2.53222,0
3.2272,1.16304,2.52282,0
3.22729,1.15119,2.52605,0
3.22738,1.13769,2.52558,0
3.22746,1.12422,2.52504,0
3.22755,1.114,2.53175,0
3.22764,1.09816,2.52558,0
3.22772,1.08594,2.52759,0
3.22781,1.07334,2.52863,0
3.2279,1.06152,2.53144,0
3.22799,1.04511,2.52311,0
3.22807,1.0356,2.53135,0
3.22816,1.02043,2.52565,0
3.22825,1.00273,2.51336,0
3.22834,0.98992,2.51306,0
3.22842,0.98257,2.52667,0
3.22851,0.972252,2.5328,0
3.2286,0.956232,2.52393,0
3.22868,0.943459,2.52339,0
3.22877,0.928286,2.51623,0
3.22886,0.917298,2.52026,0
3.22895,0.905279,2.52141,0
3.22903,0.893267,2.52251,0
3.22912,0.882582,2.52733,0
3.22921,0.868616,2.52264,0
3.2293,0.855029,2.51883,0
3.22938,0.843079,2.5197,0
3.22947,0.83145,2.52145,0
3.22956,0.821367,2.52791,0
3.22964,0.805756,2.51718,0
3.22973,0.794164,2.51877,0
3.22982,0.78198,2.51839,0
3.22991,0.771569,2.52369,0
3.22999,0.756515,2.51362,0
3.23008,0.746676,2.52074,0
3.23017,0.735671,2.52397,0
3.23026,0.721343,2.51562,0
3.23034,0.71036,2.51875,0
3.23043,0.699096,2.52086,0
3.23052,0.685459,2.51424,0
3.2306,0.675259,2.5201,0
3.23069,0.663238,2.51915,0
3.23078,0.651239,2.51815,0
3.23087,0.639014,2.51612,0
3.23095,0.628029,2.51889,0
3.23104,0.616557,2.51966,0
3.23113,0.60369,2.51455,0
3.23122,0.592254,2.51521,0
3.2313,0.581948,2.5207,0
3.23139,0.568958,2.51443,0
3.23148,0.558631,2.51982,0
3.23156,0.547206,2.52028,0
3.23165,0.535788,2.52069,0
3.23174,0.521934,2.50929,0
3.23183,0.512176,2.51743,0
3.23191,0.499431,2.51081,0
3.232,0.48809,2.511,0
3.23209,0.477875,2.51704,0
3.23218,0.465247,2.51025,0
3.23226,0.453756,2.5093,0
3.23235,0.441587,2.50437,0
3.23244,0.431164,2.50923,0
3.23252,0.420871,2.51503,0
3.23261,0.40909,2.51191,0
3.2327,0.397969,2.51268,0
3.23279,0.386546,2.51143,0
3.23287,0.375732,2.51408,0
3.23296,0.364902,2.51668,0
3.23305,0.353639,2.51627,0
3.23314,0.341847,2.51185,0
3.23322,0.330362,2.50935,0
3.23331,0.319031,2.50779,0
3.2334,0.307842,2.50717,0
3.23348,0.297017,2.50948,0
3.23357,0.286291,2.51274,0
3.23366,0.274236,2.50403,0
3.23375,0.263725,2.50918,0
3.23383,0.253175,2.51429,0
3.23392,0.241915,2.51238,0
3.23401,0.230401,2.50744,0
3.23409,0.219371,2.50742,0
3.23418,0.208097,2.50437,0
3.23427,0.197325,2.50725,0
3.23436,0.186309,2.50709,0
3.23444,0.175368,2.50788,0
3.23453,0.16377,2.49864,0
3.23462,0.153476,2.50931,0
3.23471,0.141902,2.49897,0
3.23479,0.13152,2.50956,0
3.23488,0.119897,2.49612,0
3.23497,0.109223,2.50162,0
3.23505,0.0985422,2.50806,0
3.23514,0.087877,2.51647,0
3.23523,0.0764991,2.50383,0
3.23532,0.0654948,2.50114,0
3.2354,0.05469,2.5064,0
3.23549,0.0437358,2.50562,0
3.23558,0.0328419,2.50879,0
3.23567,0.0218164,2.4999,0
3.23575,0.010952,2.50998,0
3.23584,9.11014e-08,2.504,0
3.23593,-0.0109344,2.50598,0
3.23601,-0.0218599,2.5049,0
3.2361,-0.0328548,2.50978,0
3.23619,-0.0437182,2.50462,0
3.23628,-0.0546244,2.5034,0
3.23636,-0.0654946,2.50114,0
3.23645,-0.0760103,2.48784,0
3.23654,-0.0873533,2.50148,0
3.23663,-0.0981494,2.49807,0
3.23671,-0.10931,2.50361,0
3.2368,-0.120041,2.49912,0
3.23689,-0.131101,2.50157,0
3.23697,-0.141959,2.49997,0
3.23706,-0.153049,2.50232,0
3.23715,-0.164227,2.50562,0
3.23724,-0.175647,2.51187,0
3.23732,-0.186457,2.50908,0
3.23741,-0.196932,2.50226,0
3.2375,-0.208677,2.51135,0
3.23759,-0.0508989,0.581778,0
3.23767,-0.0547179,0.595491,0
3.23776,-0.0582742,0.605201,0
3.23785,-0.0611147,0.606931,0
3.23793,-0.0635533,0.604669,0
3.23802,-0.0647758,0.591464,0
3.23811,-0.0689407,0.605085,0
3.2382,-0.0727556,0.614709,0
3.23828,-0.0748278,0.609423,0
3.23837,-0.0779909,0.613059,0
3.23846,-0.0792294,0.601807,0
3.23855,-0.0840121,0.61731,0
3.23863,-0.0861481,0.612976,0
3.23872,-0.0869565,0.599729,0
3.23881,-0.0900159,0.602311,0
3.23889,-0.0946207,0.614761,0
3.23898,-0.0973022,0.614342,0
3.23907,-0.0988567,0.607003,0
3.23916,-0.100514,0.600648,0
3.23924,-0.104658,0.609074,0
3.23933,-0.108009,0.61255,0
3.23942,-0.111571,0.616993,0
3.23951,-0.113897,0.614534,0
3.23959,-0.117697,0.619926,0
3.23968,-0.116584,0.599774,0
3.23977,-0.121736,0.61201,0
3.23985,-0.125203,0.615393,0
3.23994,-0.12972,0.623652,0
3.24003,-0.1314,0.618189,0
3.24012,-0.134308,0.618587,0
3.2402,-0.136573,0.616043,0
3.24029,-0.141246,0.624219,0
3.24038,-0.143294,0.620674,0
3.24047,-0.146459,0.621989,0
3.24055,-0.147771,0.61551,0
3.24064,-0.153307,0.626516,0
3.24073,-0.155314,0.62293,0
3.24081,-0.158769,0.625154,0
3.2409,-0.163248,0.631232,0
3.24099,-0.166255,0.631481,0
3.24108,-0.169268,0.631715,0
3.24116,-0.172548,0.632901,0
3.24125,-0.173705,0.62636,0
3.24134,-0.175079,0.620784,0
3.24143,-0.180818,0.630588,0
3.24151,-0.183568,0.629793,0
3.2416,-0.189154,0.638574,0
3.24169,-0.190786,0.633912,0
3.24177,-0.195012,0.637855,0
3.24186,-0.199869,0.643683,0
3.24195,-0.204781,0.649481,0
3.24204,-0.20304,0.634296,0
3.24212,-0.20735,0.638159,0
3.24221,-0.211072,0.640097,0
3.2423,-0.217671,0.65055,0
3.24239,-0.217614,0.641072,0
3.24247,-0.219433,0.63728,0
3.24256,-0.22353,0.640092,0
3.24265,-0.228658,0.645709,0
3.24273,-0.233163,0.649411,0
3.24282,-0.233258,0.64087,0
3.24291,-0.23709,0.642661,0
3.243,-0.244445,0.653797,0
3.24308,-0.244107,0.644308,0
3.24317,-0.250858,0.653506,0
3.24326,-0.255881,0.657998,0
3.24335,-0.255085,0.647571,0
3.24343,-0.257537,0.645523,0
3.24352,-0.263348,0.65181,0
3.24361,-0.265811,0.649729,0
3.24369,-0.269409,0.650411,0
3.24378,-0.276112,0.658451,0
3.24387,-0.280545,0.660922,0
3.24396,-0.279084,0.649585,0
3.24404,-0.285903,0.657532,0
3.24413,-0.292797,0.665431,0
3.24422,-0.298545,0.670542,0
3.24431,-0.293253,0.650998,0
3.24439,-0.297335,0.652442,0
3.24448,-0.298923,0.648414,0
3.24457,-0.30513,0.654354,0
3.24465,-0.293479,0.622265,0
3.24474,-0.300497,0.630005,0
3.24483,-0.306718,0.635893,0
3.24492,-0.302914,0.621067,0
3.245,-0.30341,0.615255,0
3.24509,-0.308769,0.619295,0
3.24518,-0.311018,0.617048,0
3.24527,-0.327327,0.642416,0
3.24535,-0.32738,0.635647,0
3.24544,-0.323686,0.621795,0
3.24553,-0.323602,0.615066,0
3.24561,-0.327691,0.616297,0
3.2457,-0.322804,0.600767,0
3.24579,-0.322082,0.593202,0
3.24588,-0.323224,0.58916,0
3.24596,-0.31949,0.576374,0
3.24605,-0.311252,0.55578,0
3.24614,-0.314659,0.556157,0
3.24622,-0.323037,0.565197,0
3.24631,-0.319,0.552524,0
3.2464,-0.321912,0.551991,0
3.24649,-0.313151,0.531625,0
3.24657,-0.314445,0.528535,0
3.24666,-0.312113,0.519443,0
3.24675,-0.313339,0.516367,0
3.24684,-0.311409,0.508174,0
3.24692,-0.313097,0.50596,0
3.24701,-0.305233,0.488476,0
3.2471,-0.320169,0.507437,0
3.24718,-0.314858,0.494227,0
3.24727,-0.317552,0.49369,0
3.24736,-0.315891,0.486429,0
3.24745,-0.3213,0.490064,0
3.24753,-0.307981,0.465308,0
3.24762,-0.308897,0.462297,0
3.24771,-0.299168,0.443535,0
3.2478,-0.275774,0.405029,0
3.24788,-0.267344,0.388988,0
3.24797,-0.261628,0.377136,0
3.24806,-0.261551,0.373533,0
3.24814,-0.263178,0.372389,0
3.24823,-0.26422,0.370423,0
3.24832,-0.0812107,0.112809,0
3.24841,-0.252748,0.347877,0
3.24849,-0.299794,0.408867,0
3.24858,-0.221869,0.299839,0
3.24867,-0.131631,0.176276,0
3.24876,-0.0776341,0.103024,0
3.24884,-0.0956364,0.125768,0
3.24893,-0.119317,0.155497,0
3.24902,-0.119382,0.154184,0
3.2491,-0.0794203,0.101653,0
3.24919,-0.0625285,0.079317,0
3.24928,-0.0709667,0.0892173,0
3.24937,-0.0707293,0.0881269,0
3.24945,-0.0597854,0.0738289,0
3.24954,-0.0620051,0.0758905,0
3.24963,-0.0547027,0.0663597,0
3.24972,-0.0549918,0.0661204,0
3.2498,-0.0597792,0.0712421,0
3.24989,-0.0549205,0.0648748,0
3.24998,-0.0597492,0.0699574,0
3.25006,-0.0600539,0.069696,0
3.25015,-0.0656059,0.075471,0
3.25024,-0.0738467,0.0842061,0
3.25033,-0.0709003,0.0801383,0
3.25041,-0.0679199,0.0760979,0
3.2505,-0.0649057,0.0720851,0
3.25059,-0.060513,0.0666196,0
3.25068,-0.0540472,0.0589822,0
3.25076,-0.0543041,0.0587458,0
3.25085,-0.0525139,0.0563142,0
3.25094,-0.0575554,0.0611832,0
3.25102,-0.0474965,0.0500508,0
3.25111,-0.0601616,0.0628457,0
3.2512,-0.059046,0.0611439,0
3.25129,-0.0355873,0.0365314,0
3.25137,-0.0728946,0.0741781,0
3.25146,-0.0668814,0.0674676,0
3.25155,-0.0247487,0.0247487,0
