7200
1942
1.69297
1.70868,-0.0579828,-0.0579828,0
1.70876,-0.0675854,-0.0681778,0
1.70885,-0.0911182,-0.0927226,0
1.70894,-0.106762,-0.109594,0
1.70903,-0.131985,-0.136675,0
1.70911,-0.147292,-0.153864,0
1.7092,-0.148685,-0.156681,0
1.70929,-0.141833,-0.150773,0
1.70938,-0.154814,-0.166017,0
1.70946,-0.155445,-0.16816,0
1.70955,-0.153359,-0.167362,0
1.70964,-0.168764,-0.185795,0
1.70972,-0.166614,-0.185043,0
1.70981,-0.16647,-0.186514,0
1.7099,-0.168306,-0.190235,0
1.70999,-0.156265,-0.178186,0
1.71007,-0.162047,-0.186413,0
1.71016,-0.167759,-0.194694,0
1.71025,-0.174702,-0.204549,0
1.71034,-0.182207,-0.215232,0
1.71042,-0.249402,-0.297225,0
1.71051,-0.292863,-0.35213,0
1.7106,-0.288143,-0.349546,0
1.71068,-0.277125,-0.339184,0
1.71077,-0.263685,-0.325624,0
1.71086,-0.266643,-0.332231,0
1.71095,-0.262079,-0.329478,0
1.71103,-0.260019,-0.329833,0
1.71112,-0.257347,-0.329388,0
1.71121,-0.271212,-0.350275,0
1.7113,-0.268464,-0.349869,0
1.71138,-0.262698,-0.345465,0
1.71147,-0.270817,-0.359386,0
1.71156,-0.259075,-0.346943,0
1.71164,-0.265291,-0.35852,0
1.71173,-0.272594,-0.371771,0
1.71182,-0.275671,-0.379429,0
1.71191,-0.288619,-0.400918,0
1.71199,-0.286867,-0.402173,0
1.71208,-0.296653,-0.419754,0
1.71217,-0.297113,-0.424321,0
1.71226,-0.296968,-0.428078,0
1.71234,-0.282637,-0.411239,0
1.71243,-0.269021,-0.39511,0
1.71252,-0.259466,-0.384673,0
1.7126,-0.264451,-0.39578,0
1.71269,-0.262722,-0.39693,0
1.71278,-0.272502,-0.415634,0
1.71287,-0.278311,-0.428561,0
1.71295,-0.296995,-0.46173,0
1.71304,-0.299813,-0.470612,0
1.71313,-0.303627,-0.481219,0
1.71322,-0.295695,-0.473211,0
1.7133,-0.302047,-0.488102,0
1.71339,-0.302004,-0.492826,0
1.71348,-0.302445,-0.498414,0
1.71356,-0.295117,-0.491157,0
1.71365,-0.299618,-0.503612,0
1.71374,-0.301985,-0.512669,0
1.71383,-0.305287,-0.523484,0
1.71391,-0.3,-0.519615,0
1.714,-0.300707,-0.526128,0
1.71409,-0.297916,-0.526565,0
1.71418,-0.298548,-0.533095,0
1.71426,-0.293795,-0.53002,0
1.71435,-0.299175,-0.545324,0
1.71444,-0.301564,-0.555412,0
1.71452,-0.293932,-0.547033,0
1.71461,-0.295767,-0.556257,0
1.7147,-0.293803,-0.558427,0
1.71479,-0.302907,-0.581879,0
1.71487,-0.298534,-0.579639,0
1.71496,-0.298272,-0.585391,0
1.71505,-0.295265,-0.585794,0
1.71514,-0.294044,-0.589762,0
1.71522,-0.300756,-0.609873,0
1.71531,-0.299408,-0.613876,0
1.7154,-0.302374,-0.626886,0
1.71548,-0.295331,-0.619173,0
1.71557,-0.287934,-0.610507,0
1.71566,-0.288648,-0.619008,0
1.71575,-0.283851,-0.615721,0
1.71583,-0.286968,-0.629693,0
1.71592,-0.2912,-0.646439,0
1.71601,-0.301799,-0.677851,0
1.71609,-0.298838,-0.679161,0
1.71618,-0.300258,-0.690546,0
1.71627,-0.298426,-0.694606,0
1.71636,-0.301254,-0.709709,0
1.71644,-0.291193,-0.694417,0
1.71653,-0.312652,-0.75481,0
1.71662,-0.214315,-0.523856,0
1.71671,-0.185056,-0.458029,0
1.71679,-0.177497,-0.4449,0
1.71688,-0.175188,-0.44474,0
1.71697,-0.184481,-0.474392,0
1.71705,-0.1756,-0.457454,0
1.71714,-0.180334,-0.475984,0
1.71723,-0.172652,-0.461779,0
1.71732,-0.174789,-0.473787,0
1.7174,-0.165196,-0.453872,0
1.71749,-0.168283,-0.468706,0
1.71758,-0.166236,-0.469435,0
1.71767,-0.168142,-0.481485,0
1.71775,-0.159528,-0.463304,0
1.71784,-0.152362,-0.448845,0
1.71793,-0.158652,-0.474162,0
1.71801,-0.151884,-0.460604,0
1.7181,-0.148637,-0.457458,0
1.71819,-0.150298,-0.469531,0
1.71828,-0.148849,-0.47209,0
1.71836,-0.141747,-0.4565,0
1.71845,-0.144139,-0.471458,0
1.71854,-0.13574,-0.451016,0
1.71863,-0.132351,-0.44681,0
1.71871,-0.13152,-0.451223,0
1.7188,-0.127069,-0.443142,0
1.71889,-0.129749,-0.460054,0
1.71897,-0.125602,-0.452906,0
1.71906,-0.123625,-0.45345,0
1.71915,-0.121904,-0.454951,0
1.71924,-0.120681,-0.45838,0
1.71932,-0.120433,-0.465679,0
1.71941,-0.122092,-0.480739,0
1.7195,-0.115397,-0.462831,0
1.71959,-0.112663,-0.460416,0
1.71967,-0.106451,-0.443401,0
1.71976,-0.105661,-0.448728,0
1.71985,-0.102803,-0.445287,0
1.71993,-0.102624,-0.453534,0
1.72002,-0.100212,-0.452025,0
1.72011,-0.0978139,-0.450504,0
1.7202,-0.0973027,-0.457773,0
1.72028,-0.0963226,-0.463089,0
1.72037,-0.0923074,-0.453705,0
1.72046,-0.0953992,-0.479604,0
1.72055,-0.373986,-1.92399,0
1.72063,-0.359245,-1.8922,0
1.72072,-0.352808,-1.90358,0
1.72081,-0.345211,-1.90904,0
1.72089,-0.337051,-1.91151,0
1.72098,-0.328538,-1.91198,0
1.72107,-0.317056,-1.89465,0
1.72116,-0.30959,-1.90095,0
1.72124,-0.300198,-1.89537,0
1.72133,-0.290099,-1.88481,0
1.72142,-0.282612,-1.891,0
1.72151,-0.272636,-1.88034,0
1.72159,-0.263872,-1.87755,0
1.72168,-0.257161,-1.88958,0
1.72177,-0.247608,-1.88077,0
1.72185,-0.239652,-1.88382,0
1.72194,-0.231674,-1.88683,0
1.72203,-0.222851,-1.88286,0
1.72212,-0.214633,-1.88381,0
1.7222,-0.206194,-1.88274,0
1.72229,-0.1985,-1.8886,0
1.72238,-0.189957,-1.88646,0
1.72247,-0.180861,-1.87831,0
1.72255,-0.172755,-1.88008,0
1.72264,-0.164637,-1.88181,0
1.72273,-0.156176,-1.87952,0
1.72281,-0.148052,-1.88118,0
1.7229,-0.140065,-1.8848,0
1.72299,-0.13177,-1.8844,0
1.72308,-0.123416,-1.88296,0
1.72316,-0.115809,-1.89346,0
1.72325,-0.107093,-1.88596,0
1.72334,-0.100485,-1.91737,0
1.72343,-0.0920221,-1.91579,0
1.72351,-0.0835311,-1.91318,0
1.7236,-0.0748685,-1.90553,0
1.72369,-0.0665534,-1.90584,0
1.72377,-0.0581454,-1.90311,0
1.72386,-0.0499718,-1.90835,0
1.72395,-0.0414047,-1.89755,0
1.72404,-0.0332992,-1.90771,0
1.72412,-0.0249881,-1.90884,0
1.72421,-0.0168422,-1.92993,0
1.7243,-0.00846484,-1.93998,0
1.72439,-2.33942e-08,-1.942,0
1.72447,0.00859133,-1.96898,0
1.72456,0.0174618,-2.00092,0
1.72465,0.0262315,-2.00383,0
1.72473,0.0352189,-2.01769,0
1.72482,0.0442187,-2.02652,0
1.72491,0.0531654,-2.0303,0
1.725,0.0622375,-2.03705,0
1.72508,0.0707762,-2.02676,0
1.72517,0.0795404,-2.02444,0
1.72526,0.0888963,-2.03606,0
1.72535,0.0977314,-2.03465,0
1.72543,0.106608,-2.03421,0
1.72552,0.115256,-2.02973,0
1.72561,0.123745,-2.02322,0
1.72569,0.132638,-2.02366,0
1.72578,0.141675,-2.02605,0
1.72587,0.150885,-2.0304,0
1.72596,0.159193,-2.02275,0
1.72604,0.16868,-2.03,0
1.72613,0.177449,-2.02825,0
1.72622,0.184925,-2.01252,0
1.72631,0.194567,-2.02065,0
1.72639,0.203582,-2.02178,0
1.72648,0.213134,-2.02783,0
1.72657,0.221544,-2.0229,0
1.72665,0.231048,-2.02788,0
1.72674,0.239894,-2.02685,0
1.72683,0.249101,-2.02876,0
1.72692,0.257824,-2.02667,0
1.727,0.268101,-2.03643,0
1.72709,0.276175,-2.02929,0
1.72718,0.286279,-2.03698,0
1.72727,0.299756,-2.06738,0
1.72735,0.310843,-2.0799,0
1.72744,0.32098,-2.08544,0
1.72753,0.329451,-2.08007,0
1.72761,0.338202,-2.07664,0
1.7277,0.348085,-2.08008,0
1.72779,0.359529,-2.09234,0
1.72788,0.371781,-2.10847,0
1.72796,0.381155,-2.10782,0
1.72805,0.390348,-2.10613,0
1.72814,0.398788,-2.10048,0
1.72822,0.409094,-2.10461,0
1.72831,0.419249,-2.10771,0
1.7284,0.426847,-2.09802,0
1.72849,0.435793,-2.09516,0
1.72857,0.445347,-2.09519,0
1.72866,0.455333,-2.09714,0
1.72875,0.46686,-2.10587,0
1.72884,0.476044,-2.10381,0
1.72892,0.486794,-2.10854,0
1.72901,0.495073,-2.1025,0
1.7291,0.503775,-2.09837,0
1.72918,0.515778,-2.10781,0
1.72927,0.524003,-2.10166,0
1.72936,0.53366,-2.10129,0
1.72945,0.543575,-2.10185,0
1.72953,0.553505,-2.10236,0
1.72962,0.560084,-2.09026,0
1.72971,0.570515,-2.09262,0
1.7298,0.580709,-2.09397,0
1.72988,0.590926,-2.09527,0
1.72997,0.616049,-2.14842,0
1.73006,0.695375,-2.38572,0
1.73014,0.744972,-2.51498,0
1.73023,0.763144,-2.53565,0
1.73032,0.77537,-2.53612,0
1.73041,0.792656,-2.55277,0
1.73049,0.803787,-2.54929,0
1.73058,0.818561,-2.55718,0
1.73067,0.834037,-2.5669,0
1.73076,0.84429,-2.56039,0
1.73084,0.857992,-2.56427,0
1.73093,0.869815,-2.56239,0
1.73102,0.886196,-2.5737,0
1.7311,0.898077,-2.5717,0
1.73119,0.908622,-2.56587,0
1.73128,0.923526,-2.57223,0
1.73137,0.935767,-2.571,0
1.73145,0.949399,-2.57346,0
1.73154,0.96272,-2.57491,0
1.73163,0.974655,-2.57256,0
1.73172,0.989812,-2.57855,0
1.7318,1.00105,-2.57421,0
1.73189,1.01081,-2.56609,0
1.73198,1.02496,-2.56909,0
1.73206,1.03916,-2.57201,0
1.73215,1.04924,-2.56467,0
1.73224,1.06424,-2.56931,0
1.73233,1.08124,-2.57847,0
1.73241,1.09053,-2.56913,0
1.7325,1.10568,-2.57353,0
1.73259,1.1157,-2.56593,0
1.73268,1.13091,-2.57019,0
1.73276,1.14618,-2.57437,0
1.73285,1.15946,-2.5739,0
1.73294,1.17275,-2.57337,0
1.73302,1.18271,-2.5655,0
1.73311,1.1977,-2.56848,0
1.7332,1.21231,-2.57046,0
1.73329,1.22437,-2.56695,0
1.73337,1.236,-2.56249,0
1.73346,1.25067,-2.56426,0
1.73355,1.26583,-2.56685,0
1.73364,1.27613,-2.55951,0
1.73372,1.28953,-2.55838,0
1.73381,1.30114,-2.55362,0
1.7339,1.32005,-2.56304,0
1.73398,1.3363,-2.56701,0
1.73407,1.34889,-2.56381,0
1.73416,1.36569,-2.56849,0
1.73425,1.37736,-2.56339,0
1.73433,1.38901,-2.55824,0
1.73442,1.40737,-2.5653,0
1.73451,1.41904,-2.56001,0
1.7346,1.43215,-2.55729,0
1.73468,1.44723,-2.55798,0
1.73477,1.46433,-2.56205,0
1.73486,1.4805,-2.5643,0
1.73494,1.49268,-2.55954,0
1.73503,1.51043,-2.56421,0
1.73512,1.52416,-2.56189,0
1.73521,1.5343,-2.5535,0
1.73529,1.5475,-2.5502,0
1.73538,1.56959,-2.56133,0
1.73547,1.58706,-2.56466,0
1.73556,1.60142,-2.5628,0
1.73564,1.61578,-2.56086,0
1.73573,1.63232,-2.56222,0
1.73582,1.64564,-2.55844,0
1.7359,1.66605,-2.56549,0
1.73599,1.68162,-2.56489,0
1.73608,1.69776,-2.56503,0
1.73617,1.71616,-2.56841,0
1.73625,1.72791,-2.56173,0
1.73634,1.74695,-2.56573,0
1.73643,1.76945,-2.57457,0
1.73652,1.78808,-2.57751,0
1.7366,1.80906,-2.58361,0
1.73669,1.82147,-2.57732,0
1.73678,1.83386,-2.57098,0
1.73686,1.85499,-2.57675,0
1.73695,1.88268,-2.59128,0
1.73704,1.89633,-2.58627,0
1.73713,1.91949,-2.59405,0
1.73721,1.93618,-2.59286,0
1.7373,1.96312,-2.60515,0
1.73739,1.97386,-2.59576,0
1.73748,1.98943,-2.59268,0
1.73756,2.00991,-2.59583,0
1.73765,2.03353,-2.6028,0
1.73774,2.06034,-2.61353,0
1.73782,2.07795,-2.61235,0
1.73791,2.09872,-2.61495,0
1.738,2.12018,-2.6182,0
1.73809,2.08476,-2.55162,0
1.73817,2.06026,-2.49929,0
1.73826,2.05771,-2.47413,0
1.73835,2.05242,-2.44598,0
1.73844,2.04821,-2.41945,0
1.73852,2.04836,-2.39832,0
1.73861,2.05228,-2.38178,0
1.7387,2.04822,-2.3562,0
1.73878,2.04068,-2.32694,0
1.73887,2.04219,-2.30828,0
1.73896,2.04492,-2.29114,0
1.73905,2.03884,-2.26436,0
1.73913,2.04265,-2.24878,0
1.73922,2.05042,-2.23764,0
1.73931,2.04048,-2.20737,0
1.7394,2.04463,-2.1926,0
1.73948,2.04527,-2.17419,0
1.73957,2.04579,-2.15581,0
1.73966,2.0372,-2.12808,0
1.73974,2.03674,-2.1091,0
1.73983,2.03615,-2.09017,0
1.73992,2.02913,-2.06486,0
1.74001,2.0346,-2.05244,0
1.74009,2.04071,-2.04071,0
1.74018,2.04107,-2.02334,0
1.74027,2.04703,-2.01161,0
1.74036,2.04003,-1.98731,0
1.74044,2.03573,-1.96588,0
1.74053,2.03923,-1.95214,0
1.74062,2.02815,-1.92464,0
1.7407,2.03143,-1.91098,0
1.74079,2.03243,-1.89527,0
1.74088,2.02746,-1.87417,0
1.74097,2.02751,-1.85787,0
1.74105,2.02672,-1.84094,0
1.74114,2.03027,-1.82806,0
1.74123,2.02704,-1.8092,0
1.74131,2.02443,-1.79106,0
1.7414,2.02621,-1.77694,0
1.74149,2.02564,-1.76086,0
1.74158,2.02346,-1.74352,0
1.74166,2.02268,-1.72753,0
1.74175,2.02867,-1.7174,0
1.74184,2.02466,-1.69889,0
1.74193,2.02359,-1.683,0
1.74201,2.02088,-1.66589,0
1.7421,2.02426,-1.65389,0
1.74219,2.02213,-1.63749,0
1.74227,2.02614,-1.62615,0
1.74236,2.02226,-1.60858,0
1.74245,2.02298,-1.59479,0
1.74254,2.02519,-1.58225,0
1.74262,2.02812,-1.57034,0
1.74271,2.02464,-1.55356,0
1.7428,2.02583,-1.54047,0
1.74289,2.02454,-1.5256,0
1.74297,2.02156,-1.50957,0
1.74306,2.03376,-1.5049,0
1.74315,2.02176,-1.48241,0
1.74323,2.02092,-1.46829,0
1.74332,2.0192,-1.45361,0
1.74341,2.02471,-1.44421,0
1.7435,2.02445,-1.43074,0
1.74358,2.01511,-1.411,0
1.74367,2.01632,-1.39877,0
1.74376,2.01746,-1.38656,0
1.74385,2.02597,-1.37943,0
1.74393,2.02036,-1.36275,0
1.74402,2.01881,-1.34892,0
1.74411,2.01634,-1.33458,0
1.74419,2.01629,-1.32194,0
1.74428,2.01616,-1.30931,0
1.74437,2.01261,-1.29455,0
1.74446,2.01318,-1.28253,0
1.74454,2.0086,-1.26733,0
1.74463,2.01666,-1.26015,0
1.74472,2.01789,-1.24871,0
1.74481,2.01138,-1.23257,0
1.74489,2.01332,-1.22171,0
1.74498,2.01863,-1.21291,0
1.74507,2.01531,-1.19898,0
1.74515,2.01277,-1.18561,0
1.74524,2.01274,-1.17379,0
1.74533,2.01697,-1.1645,0
1.74542,2.01856,-1.1537,0
1.7455,2.01661,-1.14095,0
1.74559,2.01285,-1.12725,0
1.74568,2.01163,-1.11506,0
1.74577,2.01209,-1.10387,0
1.74585,2.00546,-1.08888,0
1.74594,2.00843,-1.07917,0
1.74603,2.01312,-1.0704,0
1.74611,2.00538,-1.05508,0
1.7462,2.00464,-1.04355,0
1.74629,2.01362,-1.03708,0
1.74638,2.00833,-1.02329,0
1.74646,2.00563,-1.01092,0
1.74655,2.01002,-1.00216,0
1.74664,2.01079,-0.991611,0
1.74673,2.00431,-0.977568,0
1.74681,2.00856,-0.968813,0
1.7469,2.00013,-0.954013,0
1.74699,2.00518,-0.945703,0
1.74707,2.0111,-0.93779,0
1.74716,2.01154,-0.927331,0
1.74725,2.00282,-0.91274,0
1.74734,2.00679,-0.903992,0
1.74742,2.00341,-0.891974,0
1.74751,1.99904,-0.879599,0
1.7476,1.99644,-0.868077,0
1.74769,1.99929,-0.858963,0
1.74777,2.0021,-0.84984,0
1.74786,2.00486,-0.84071,0
1.74795,2.00851,-0.831954,0
1.74803,2.00287,-0.819396,0
1.74812,2.00179,-0.808776,0
1.74821,2.00809,-0.801145,0
1.7483,2.00319,-0.789077,0
1.74838,2.00568,-0.779967,0
1.74847,1.99973,-0.767624,0
1.74856,1.99558,-0.756057,0
1.74865,2.00635,-0.750144,0
1.74873,2.00398,-0.739306,0
1.74882,2.00155,-0.728503,0
1.74891,1.99718,-0.717059,0
1.74899,1.9984,-0.707671,0
1.74908,2.00336,-0.699604,0
1.74917,1.99221,-0.685972,0
1.74926,1.99329,-0.67663,0
1.74934,1.99812,-0.668561,0
1.74943,1.99817,-0.658897,0
1.74952,2.00483,-0.651408,0
1.74961,2.00289,-0.64113,0
1.74969,2.00281,-0.631482,0
1.74978,2.00172,-0.621551,0
1.74987,1.99868,-0.611057,0
1.74995,2.00228,-0.602618,0
1.75004,2.00393,-0.593592,0
1.75013,2.0017,-0.583444,0
1.75022,2.00135,-0.573877,0
1.7503,1.99806,-0.56351,0
1.75039,2.0005,-0.554787,0
1.75048,2.01062,-0.548157,0
1.75057,1.9985,-0.535497,0
1.75065,1.99792,-0.526008,0
1.75074,1.99729,-0.516534,0
1.75083,1.99952,-0.507814,0
1.75091,2.00269,-0.499327,0
1.751,2.00874,-0.491535,0
1.75109,2.0167,-0.484166,0
1.75118,2.00419,-0.471924,0
1.75126,1.99259,-0.460025,0
1.75135,1.99945,-0.45243,0
1.75144,2.00238,-0.443918,0
1.75153,1.99648,-0.433479,0
1.75161,1.99053,-0.4231,0
1.7517,1.99334,-0.414615,0
1.75179,1.99415,-0.405714,0
1.75187,1.99982,-0.397789,0
1.75196,1.99467,-0.387724,0
1.75205,1.98946,-0.377711,0
1.75214,1.99896,-0.370485,0
1.75222,1.99859,-0.361403,0
1.75231,1.98931,-0.350769,0
1.7524,1.98885,-0.341747,0
1.75249,1.99131,-0.333231,0
1.75257,1.99176,-0.324379,0
1.75266,1.99414,-0.315841,0
1.75275,1.98661,-0.305768,0
1.75283,1.99682,-0.298427,0
1.75292,1.99019,-0.288564,0
1.75301,1.99143,-0.279877,0
1.7531,1.99065,-0.270916,0
1.75318,1.98983,-0.261966,0
1.75327,1.98203,-0.252146,0
1.75336,1.98311,-0.243495,0
1.75344,1.98812,-0.23531,0
1.75353,1.98913,-0.226633,0
1.75362,1.98712,-0.217625,0
1.75371,1.98904,-0.209057,0
1.75379,1.97302,-0.198673,0
1.75388,1.98283,-0.190925,0
1.75397,1.98663,-0.182546,0
1.75406,1.98542,-0.173701,0
1.75414,1.98815,-0.165202,0
1.75423,1.98686,-0.156369,0
1.75432,1.9935,-0.148143,0
1.7544,1.98415,-0.138746,0
1.75449,1.98873,-0.130348,0
1.75458,1.9823,-0.121242,0
1.75467,1.9848,-0.112705,0
1.75475,1.98727,-0.104149,0
1.75484,1.98671,-0.0954285,0
1.75493,1.97812,-0.0863664,0
1.75502,1.98547,-0.0780093,0
1.7551,1.98079,-0.0691708,0
1.75519,1.97208,-0.0602525,0
1.75528,1.97232,-0.0516472,0
1.75536,1.96953,-0.0429754,0
1.75545,1.9737,-0.0344511,0
1.75554,1.97883,-0.0259044,0
1.75563,1.98292,-0.0173048,0
1.75571,1.97598,-0.00862195,0
1.7558,1.975,-4.78234e-08,0
1.75589,1.97798,0.00863058,0
1.75598,1.98092,0.0172872,0
1.75606,1.96683,0.0257472,0
1.75615,1.88771,0.0329501,0
1.75624,1.6976,0.0370416,0
1.75632,1.67643,0.0438987,0
1.75641,1.66822,0.0509687,0
1.7565,1.66099,0.0580029,0
1.75659,1.65672,0.0650927,0
1.75667,1.66541,0.0727135,0
1.75676,1.65809,0.0796437,0
1.75685,1.65972,0.0869823,0
1.75694,1.65334,0.0938832,0
1.75702,1.64193,0.100425,0
1.75711,1.64747,0.107981,0
1.7572,1.65396,0.115656,0
1.75728,1.64746,0.122427,0
1.75737,1.64691,0.129614,0
1.75746,1.65031,0.13713,0
1.75755,1.64771,0.144156,0
1.75763,1.65005,0.151618,0
1.75772,1.65534,0.159391,0
1.75781,1.65662,0.166813,0
1.7579,1.65488,0.173935,0
1.75798,1.65212,0.180937,0
1.75807,1.65529,0.188597,0
1.75816,1.65346,0.1957,0
1.75824,1.65954,0.203766,0
1.75833,1.6626,0.211509,0
1.75842,1.67752,0.22085,0
1.75851,1.68645,0.229516,0
1.75859,1.78743,0.251207,0
1.75868,1.94862,0.282537,0
1.75877,1.97803,0.295619,0
1.75886,1.97672,0.304247,0
1.75894,1.97834,0.313338,0
1.75903,1.97103,0.321003,0
1.75912,1.98342,0.331911,0
1.7592,1.979,0.340054,0
1.75929,1.9834,0.349727,0
1.75938,1.97497,0.357133,0
1.75947,1.97044,0.3652,0
1.75955,1.97276,0.37454,0
1.75964,1.97013,0.382954,0
1.75973,1.98315,0.394473,0
1.75982,1.97357,0.401527,0
1.7599,1.9855,0.412985,0
1.75999,1.97977,0.420813,0
1.76008,1.97303,0.428387,0
1.76016,1.97602,0.438074,0
1.76025,1.97604,0.447133,0
1.76034,1.98577,0.45845,0
1.76043,1.97985,0.466194,0
1.76051,1.97294,0.473661,0
1.7606,1.97571,0.483453,0
1.76069,1.97164,0.491585,0
1.76078,1.97917,0.502645,0
1.76086,1.97405,0.510525,0
1.76095,1.97471,0.519897,0
1.76104,1.97435,0.529026,0
1.76112,1.97588,0.538688,0
1.76121,1.9687,0.545968,0
1.7613,1.97015,0.555639,0
1.76139,1.97059,0.565057,0
1.76147,1.9777,0.576448,0
1.76156,1.97133,0.583935,0
1.76165,1.97164,0.593396,0
1.76174,1.96042,0.599362,0
1.76182,1.97307,0.612655,0
1.76191,1.97419,0.622461,0
1.762,1.96765,0.62985,0
1.76208,1.97154,0.640592,0
1.76217,1.96303,0.647309,0
1.76226,1.96777,0.658407,0
1.76235,1.96677,0.66763,0
1.76243,1.96573,0.676856,0
1.76252,1.96276,0.685427,0
1.76261,1.95692,0.692983,0
1.7627,1.97082,0.707598,0
1.76278,1.96772,0.71619,0
1.76287,1.96833,0.726154,0
1.76296,1.96233,0.733684,0
1.76304,1.97127,0.746845,0
1.76313,1.97079,0.756515,0
1.76322,1.96094,0.76257,0
1.76331,1.96132,0.772585,0
1.76339,1.96908,0.785582,0
1.76348,1.96656,0.794541,0
1.76357,1.96677,0.804628,0
1.76366,1.96786,0.815116,0
1.76374,1.96429,0.823694,0
1.76383,1.95975,0.831867,0
1.76392,1.96529,0.844357,0
1.764,1.96343,0.853722,0
1.76409,1.96609,0.8651,0
1.76418,1.96778,0.876111,0
1.76427,1.96394,0.884688,0
1.76435,1.96279,0.894493,0
1.76444,1.96976,0.908073,0
1.76453,1.97213,0.919617,0
1.76462,1.96448,0.926507,0
1.7647,1.96132,0.935501,0
1.76479,1.96532,0.947959,0
1.76488,1.96386,0.957841,0
1.76496,1.95967,0.966401,0
1.76505,1.96528,0.97985,0
1.76514,1.96813,0.992017,0
1.76523,1.97091,1.00423,0
1.76531,1.96562,1.01236,0
1.7654,1.9736,1.02739,0
1.76549,1.9691,1.03599,0
1.76558,1.96721,1.04598,0
1.76566,1.96615,1.05645,0
1.76575,1.96943,1.06931,0
1.76584,1.97088,1.08126,0
1.76592,1.96615,1.08985,0
1.76601,1.96573,1.10086,0
1.7661,1.96613,1.11238,0
1.76619,1.95866,1.11946,0
1.76627,1.95982,1.1315,0
1.76636,1.96091,1.14357,0
1.76645,1.96193,1.15566,0
1.76653,1.95257,1.16166,0
1.76662,1.95777,1.17635,0
1.76671,1.97057,1.19577,0
1.7668,1.96619,1.20488,0
1.76688,1.96772,1.21766,0
1.76697,1.96578,1.22835,0
1.76706,1.95955,1.23638,0
1.76715,1.9651,1.25191,0
1.76723,1.96635,1.2648,0
1.76732,1.96333,1.275,0
1.76741,1.95189,1.27972,0
1.76749,1.9613,1.29816,0
1.76758,1.95728,1.30781,0
1.76767,1.9615,1.32305,0
1.76776,1.96563,1.33835,0
1.76784,1.9606,1.34748,0
1.76793,1.96209,1.36115,0
1.76802,1.96597,1.37658,0
1.76811,1.95994,1.38515,0
1.76819,1.95795,1.39659,0
1.76828,1.95752,1.40921,0
1.76837,1.95863,1.42303,0
1.76845,1.95724,1.43511,0
1.76854,1.96382,1.45315,0
1.76863,1.96548,1.46769,0
1.76872,1.96225,1.47866,0
1.7688,1.95737,1.48842,0
1.76889,1.95641,1.50121,0
1.76898,1.95379,1.51279,0
1.76907,1.95742,1.5293,0
1.76915,1.95151,1.53845,0
1.76924,1.95574,1.55566,0
1.76933,1.95439,1.56856,0
1.76941,1.95141,1.58022,0
1.7695,1.9476,1.59125,0
1.76959,1.95453,1.61119,0
1.76968,1.95593,1.62673,0
1.76976,1.95265,1.63847,0
1.76985,1.94395,1.64568,0
1.76994,1.94512,1.66129,0
1.77003,1.96058,1.68934,0
1.77011,1.95923,1.70313,0
1.7702,1.95629,1.71562,0
1.77029,1.95403,1.72878,0
1.77037,1.94796,1.73862,0
1.77046,1.95076,1.75647,0
1.77055,1.95714,1.77774,0
1.77064,1.95231,1.78896,0
1.77072,1.95183,1.80425,0
1.77081,1.9593,1.82707,0
1.7709,1.94621,1.83081,0
1.77099,1.94763,1.84823,0
1.77107,1.94966,1.86639,0
1.77116,1.94869,1.88183,0
1.77125,1.95264,1.90218,0
1.77133,1.94147,1.90787,0
1.77142,1.95017,1.93322,0
1.77151,1.94313,1.94313,0
1.7716,1.94801,1.96508,0
1.77168,1.95063,1.98498,0
1.77177,1.95102,2.00278,0
1.77186,1.94643,2.01559,0
1.77195,1.94523,2.03201,0
1.77203,1.94942,2.05426,0
1.77212,1.94455,2.06712,0
1.77221,1.94506,2.08582,0
1.77229,1.94612,2.1053,0
1.77238,1.9403,2.11746,0
1.77247,1.94314,2.13923,0
1.77256,1.94382,2.15884,0
1.77264,1.94504,2.17923,0
1.77273,1.94214,2.19519,0
1.77282,1.94375,2.21642,0
1.77291,1.94128,2.23319,0
1.77299,1.93739,2.24845,0
1.77308,1.93925,2.27057,0
1.77317,1.94225,2.29428,0
1.77325,1.94058,2.31269,0
1.77334,1.94326,2.33651,0
1.77343,1.94894,2.36426,0
1.77352,1.94114,2.37584,0
1.7736,1.94838,2.40604,0
1.77369,1.94787,2.427,0
1.77378,1.95034,2.45191,0
1.77387,1.94767,2.47061,0
1.77395,1.94364,2.48775,0
1.77404,1.95359,2.52309,0
1.77413,1.94865,2.53952,0
1.77421,1.94723,2.56074,0
1.7743,1.93905,2.5732,0
1.77439,1.94575,2.60568,0
1.77448,1.93793,2.61897,0
1.77456,1.93358,2.63707,0
1.77465,1.93558,2.66409,0
1.77474,1.93912,2.69361,0
1.77483,1.93548,2.71345,0
1.77491,1.93517,2.7382,0
1.775,1.93869,2.76873,0
1.77509,1.93229,2.78538,0
1.77517,1.93654,2.81769,0
1.77526,1.93436,2.84099,0
1.77535,1.93816,2.87344,0
1.77544,1.93672,2.8985,0
1.77552,1.9362,2.92527,0
1.77561,1.93657,2.95376,0
1.7757,1.93837,2.98483,0
1.77579,1.93344,3.00587,0
1.77587,1.9332,3.03452,0
1.77596,1.93542,3.06745,0
1.77605,1.93474,3.09622,0
1.77613,1.93436,3.12589,0
1.77622,1.93429,3.15647,0
1.77631,1.93969,3.19652,0
1.7764,1.93654,3.22295,0
1.77648,1.93576,3.25371,0
1.77657,1.93778,3.2897,0
1.77666,1.92996,3.30935,0
1.77675,1.922,3.329,0
1.77683,1.902,3.32781,0
1.77692,1.88155,3.32563,0
1.77701,1.86262,3.32595,0
1.77709,1.84131,3.32181,0
1.77718,1.8191,3.31578,0
1.77727,1.80271,3.32017,0
1.77736,1.78347,3.3192,0
1.77744,1.76474,3.319,0
1.77753,1.74792,3.32224,0
1.77762,1.72602,3.31565,0
1.77771,1.70695,3.31426,0
1.77779,1.68567,3.30831,0
1.77788,1.67257,3.31831,0
1.77797,1.65629,3.322,0
1.77805,1.63956,3.32471,0
1.77814,1.6189,3.31925,0
1.77823,1.59876,3.31457,0
1.77832,1.58127,3.3152,0
1.7784,1.56124,3.31031,0
1.77849,1.54382,3.31074,0
1.77858,1.52936,3.31745,0
1.77866,1.51239,3.31863,0
1.77875,1.49625,3.32155,0
1.77884,1.47483,3.31252,0
1.77893,1.45875,3.31526,0
1.77901,1.44148,3.31517,0
1.7791,1.42581,3.31867,0
1.77919,1.4039,3.30737,0
1.77928,1.38636,3.30609,0
1.77936,1.37001,3.30749,0
1.77945,1.35102,3.30233,0
1.77954,1.3321,3.29707,0
1.77962,1.31733,3.30192,0
1.77971,1.30108,3.30298,0
1.7798,1.2881,3.31236,0
1.77989,1.2697,3.30768,0
1.77997,1.2549,3.31225,0
1.78006,1.23343,3.29896,0
1.78015,1.22075,3.309,0
1.78024,1.20049,3.29832,0
1.78032,1.18474,3.29976,0
1.78041,1.17166,3.30867,0
1.7805,1.15326,3.30242,0
1.78058,1.13819,3.30553,0
1.78067,1.12054,3.301,0
1.78076,1.10612,3.30586,0
1.78085,1.0873,3.29736,0
1.78093,1.07291,3.30207,0
1.78102,1.05727,3.30291,0
1.78111,1.03774,3.29128,0
1.7812,1.02425,3.29864,0
1.78128,1.00839,3.2983,0
1.78137,0.994565,3.30458,0
1.78146,0.978149,3.30218,0
1.78154,0.962052,3.30065,0
1.78163,0.945161,3.29617,0
1.78172,0.931041,3.30122,0
1.78181,0.913421,3.29369,0
1.78189,0.899041,3.29764,0
1.78198,0.882314,3.29284,0
1.78207,0.86972,3.30343,0
1.78216,0.851793,3.29364,0
1.78224,0.837906,3.29926,0
1.78233,0.822293,3.29804,0
1.78242,0.806944,3.29771,0
1.7825,0.793014,3.30314,0
1.78259,0.777219,3.30073,0
1.78268,0.75831,3.2846,0
1.78277,0.744854,3.29178,0
1.78285,0.73135,3.2989,0
1.78294,0.714615,3.29131,0
1.78303,0.698791,3.28755,0
1.78312,0.68668,3.30134,0
1.7832,0.668082,3.28373,0
1.78329,0.654723,3.29152,0
1.78338,0.640737,3.2963,0
1.78346,0.625788,3.29612,0
1.78355,0.609942,3.29095,0
1.78364,0.594865,3.28965,0
1.78373,0.57929,3.28532,0
1.78381,0.565289,3.28979,0
1.7839,0.550104,3.28729,0
1.78399,0.536559,3.29459,0
1.78408,0.520301,3.28505,0
1.78416,0.507332,3.29619,0
1.78425,0.490284,3.28057,0
1.78434,0.475965,3.28267,0
1.78442,0.461637,3.28472,0
1.78451,0.447975,3.29166,0
1.7846,0.432303,3.28367,0
1.78469,0.418855,3.29246,0
1.78477,0.404241,3.29228,0
1.78486,0.389637,3.29202,0
1.78495,0.374024,3.28276,0
1.78504,0.360241,3.28933,0
1.78512,0.344944,3.28192,0
1.78521,0.33022,3.27942,0
1.7853,0.316674,3.28879,0
1.78538,0.301498,3.28118,0
1.78547,0.287353,3.28445,0
1.78556,0.272439,3.2787,0
1.78565,0.258758,3.28783,0
1.78573,0.243447,3.27597,0
1.78582,0.229638,3.28398,0
1.78591,0.214326,3.26998,0
1.786,0.200361,3.27588,0
1.78608,0.186066,3.27672,0
1.78617,0.172133,3.28449,0
1.78626,0.15732,3.27522,0
1.78634,0.14329,3.28187,0
1.78643,0.128812,3.27847,0
1.78652,0.114505,3.279,0
1.78661,0.100258,3.28147,0
1.78669,0.0858082,3.27688,0
1.78678,0.0712912,3.26722,0
1.78687,0.0571218,3.2725,0
1.78696,0.0429209,3.27872,0
1.78704,0.0285272,3.26888,0
1.78713,0.0142856,3.27397,0
1.78722,1.18861e-07,3.267,0
1.7873,-0.0142679,3.26997,0
1.78739,-0.0284484,3.25988,0
1.78748,-0.0427112,3.26272,0
1.78757,-0.0571042,3.2715,0
1.78765,-0.0713564,3.27022,0
1.78774,-0.0857032,3.27288,0
1.78783,-0.0999524,3.27147,0
1.78792,-0.114017,3.26501,0
1.788,-0.128183,3.26248,0
1.78809,-0.142679,3.26789,0
1.78818,-0.156936,3.26723,0
1.78826,-0.171662,3.2755,0
1.78835,-0.185272,3.26274,0
1.78844,-0.199873,3.26789,0
1.78853,-0.213803,3.262,0
1.78861,-0.228592,3.26902,0
1.7887,-0.242112,3.25802,0
1.78879,-0.25711,3.2669,0
1.78888,-0.270369,3.25379,0
1.78896,-0.285522,3.26353,0
1.78905,-0.298661,3.25031,0
1.78914,-0.314182,3.26291,0
1.78922,-0.327915,3.25653,0
1.78931,-0.340345,3.23816,0
1.7894,-0.316694,2.89171,0
1.78949,-0.294894,2.58825,0
1.78957,-0.299485,2.53034,0
1.78966,-0.310279,2.52702,0
1.78975,-0.330136,2.59508,0
1.78984,-0.347591,2.64022,0
1.78992,-0.359108,2.63868,0
1.79001,-0.371731,2.64501,0
1.7901,-0.386426,2.66513,0
1.79018,-0.399972,2.67628,0
1.79027,-0.413319,2.68538,0
1.79036,-0.428005,2.70232,0
1.79045,-0.445257,2.73398,0
1.79053,-0.467745,2.79513,0
1.79062,-0.487726,2.8384,0
1.79071,-0.508268,2.88253,0
1.7908,-0.535254,2.95999,0
1.79088,-0.565477,3.05104,0
1.79097,-0.523386,2.75676,0
1.79106,-0.531975,2.73678,0
1.79114,-0.168363,0.846418,0
1.79123,-0.173649,0.853514,0
1.79132,-0.172281,0.828272,0
1.79141,-0.177557,0.835338,0
1.79149,-0.178866,0.823806,0
1.79158,-0.184407,0.831804,0
1.79167,-0.190903,0.843671,0
1.79175,-0.193233,0.836984,0
1.79184,-0.189549,0.804985,0
1.79193,-0.642442,2.67596,0
1.79202,-0.654825,2.67605,0
1.7921,-0.662624,2.65764,0
1.79219,-0.675198,2.6586,0
1.79228,-0.686792,2.65563,0
1.79237,-0.6971,2.64777,0
1.79245,-0.710717,2.65243,0
1.79254,-0.719653,2.63966,0
1.79263,-0.733836,2.64613,0
1.79271,-0.74429,2.63905,0
1.7928,-0.756624,2.63866,0
1.79289,-0.769809,2.6411,0
1.79298,-0.780758,2.6358,0
1.79306,-0.792828,2.63428,0
1.79315,-0.803437,2.62793,0
1.79324,-0.810152,2.60911,0
1.79333,-0.823032,2.61032,0
1.79341,-0.83045,2.59433,0
1.7935,-0.841453,2.58973,0
1.79359,-0.85619,2.59648,0
1.79367,-0.87354,2.61074,0
1.79376,-0.878815,2.58891,0
1.79385,-0.893359,2.5945,0
1.79394,-0.90599,2.59436,0
1.79402,-0.919304,2.59603,0
1.79411,-0.929947,2.59012,0
1.7942,-0.943633,2.59261,0
1.79429,-0.95113,2.57815,0
1.79437,-0.96342,2.57679,0
1.79446,-0.981032,2.58939,0
1.79455,-0.990887,2.58135,0
1.79463,-0.356277,0.916164,0
1.79472,-0.355506,0.902505,0
1.79481,-0.358329,0.898159,0
1.7949,-1.04403,2.58406,0
1.79498,-0.324123,0.792263,0
1.79507,-0.331404,0.80008,0
1.79516,-0.331411,0.790326,0
1.79525,-0.334075,0.787032,0
1.79533,-0.334743,0.779135,0
1.79542,-0.341329,0.785003,0
1.79551,-0.338307,0.768862,0
1.79559,-0.339625,0.76281,0
1.79568,-0.341307,0.757674,0
1.79577,-0.346269,0.759818,0
1.79586,-0.355861,0.771922,0
1.79594,-0.363452,0.779425,0
1.79603,-0.389457,0.825768,0
1.79612,-0.396931,0.832184,0
1.79621,-0.398821,0.826841,0
1.79629,-0.409877,0.840372,0
1.79638,-0.41354,0.838576,0
1.79647,-0.41541,0.833184,0
1.79655,-0.424893,0.842972,0
1.79664,-0.429021,0.842001,0
1.79673,-0.433607,0.841899,0
1.79682,-0.432658,0.831129,0
1.7969,-0.43209,0.821268,0
1.79699,-0.428627,0.806131,0
1.79708,-0.425041,0.79104,0
1.79717,-0.42992,0.791814,0
1.79725,-0.429042,0.78204,0
1.79734,-0.431965,0.779286,0
1.79743,-0.438293,0.782629,0
1.79751,-0.430378,0.760691,0
1.7976,-0.441136,0.771829,0
1.79769,-0.459,0.795011,0
1.79778,-0.461961,0.792137,0
1.79786,-0.457292,0.776328,0
1.79795,-0.451472,0.758856,0
1.79804,-0.448598,0.746593,0
1.79813,-0.450295,0.742064,0
1.79821,-0.460321,0.751176,0
1.7983,-0.47675,0.770419,0
1.79839,-0.464739,0.743738,0
1.79847,-0.449837,0.712949,0
1.79856,-0.442735,0.694955,0
1.79865,-0.444681,0.691334,0
1.79874,-0.450961,0.694419,0
1.79882,-0.45618,0.69579,0
1.79891,-0.45314,0.68462,0
1.799,-0.458345,0.685962,0
1.79909,-0.465248,0.689759,0
1.79917,-0.46544,0.68359,0
1.79926,-0.468418,0.681552,0
1.79935,-0.479367,0.691005,0
1.79943,-0.498438,0.711843,0
1.79952,-0.505579,0.715378,0
1.79961,-0.522633,0.732704,0
1.7997,-0.53751,0.746648,0
1.79978,-0.545465,0.750768,0
1.79987,-0.54637,0.745155,0
1.79996,-0.547832,0.740352,0
1.80005,-0.545074,0.729942,0
1.80013,-0.542837,0.720369,0
1.80022,-0.54537,0.717198,0
1.80031,-0.54058,0.704498,0
1.80039,-0.542424,0.700551,0
1.80048,-0.551633,0.706058,0
1.80057,-0.550375,0.698147,0
1.80066,-0.557773,0.701217,0
1.80074,-0.567713,0.707355,0
1.80083,-0.57394,0.708757,0
1.80092,-0.583354,0.71399,0
1.80101,-0.617632,0.749247,0
1.80109,-0.640078,0.769611,0
1.80118,-0.640859,0.763746,0
1.80127,-0.649355,0.767049,0
1.80135,-0.650747,0.761927,0
1.80144,-0.655371,0.760595,0
1.80153,-0.654747,0.7532,0
1.80162,-0.650774,0.742066,0
1.8017,-0.652018,0.736972,0
1.80179,-0.648569,0.72666,0
1.80188,-0.659763,0.732741,0
1.80197,-0.715398,0.787592,0
1.80205,-0.697885,0.761608,0
1.80231,-0.041111,0.0437023,0
1.8024,-0.0185856,0.0195851,0
1.80249,-0.025586,0.0267275,0
1.80258,-0.026397,0.0273349,0
1.80266,-0.0704768,0.0723465,0
1.80275,-0.0778009,0.0791708,0
1.80284,-0.0929299,0.0937445,0
1.80293,-0.0898026,0.0898026,0
