7200
54
0.0349066
0.0506145,-0.0629325,-0.0629325,0
0.0507018,-0.0394248,-0.0397704,0
0.0507891,-0.05397,-0.0549203,0
0.0508763,-0.0530321,-0.0544389,0
0.0509636,-0.0486261,-0.0503538,0
0.0510509,-0.0463314,-0.0483984,0
0.0511381,-0.0289109,-0.0304657,0
0.0512254,-0.0356295,-0.0378753,0
0.0513127,-0.0654718,-0.07021,0
0.0513999,-0.0672013,-0.0726979,0
0.0514872,-0.0655323,-0.0715159,0
0.0515745,-0.0510999,-0.0562566,0
0.0516617,-0.0535304,-0.0594516,0
0.051749,-0.0685858,-0.0768439,0
0.0518363,-0.0742134,-0.083883,0
0.0519235,-0.0481322,-0.0548843,0
0.0520108,-0.0498605,-0.0573579,0
0.0520981,-0.0613594,-0.0712111,0
0.0521853,-0.0603987,-0.0707178,0
0.0522726,-0.0671969,-0.0793762,0
0.0523599,-0.060422,-0.0720082,0
0.0524471,-0.0569101,-0.0684269,0
0.0525344,-0.0616996,-0.0748476,0
0.0526217,-0.060107,-0.0735673,0
0.0527089,-0.0597854,-0.0738289,0
0.0527962,-0.0519516,-0.0647304,0
0.0528835,-0.0529137,-0.0665217,0
0.0529707,-0.0637667,-0.0808876,0
0.053058,-0.0603348,-0.0772251,0
0.0531453,-0.0606095,-0.0782783,0
0.0532325,-0.0578323,-0.0753686,0
0.0533198,-0.0575029,-0.0756202,0
0.0534071,-0.0559688,-0.0742731,0
0.0534943,-0.0514559,-0.0689078,0
0.0535816,-0.0678098,-0.0916397,0
0.0536689,-0.083966,-0.114515,0
0.0537561,-0.100511,-0.138342,0
0.0538434,-0.126782,-0.176112,0
0.0539307,-0.153886,-0.215741,0
0.0540179,-0.169681,-0.240093,0
0.0541052,-0.201325,-0.287522,0
0.0541925,-0.212039,-0.305653,0
0.0542797,-0.284336,-0.413711,0
0.054367,-0.283091,-0.415775,0
0.0544543,-0.232624,-0.34488,0
0.0545415,-0.236673,-0.354206,0
0.0546288,-0.239541,-0.361906,0
0.0547161,-0.236863,-0.361276,0
0.0548033,-0.251079,-0.386627,0
0.0548906,-0.259668,-0.403699,0
0.0549779,-0.260053,-0.408201,0
0.0550651,-0.272677,-0.432167,0
0.0551524,-0.281917,-0.451162,0
0.0552397,-0.295206,-0.477048,0
0.0553269,-0.297302,-0.485152,0
0.0554142,-0.295701,-0.4873,0
0.0555015,-0.308508,-0.513443,0
0.0555887,-0.307287,-0.516503,0
0.055676,-0.303,-0.514393,0
0.0557633,-0.306295,-0.525212,0
0.0558505,-0.305,-0.528275,0
0.0559378,-0.31212,-0.546097,0
0.0560251,-0.308257,-0.544843,0
0.0561123,-0.308809,-0.551417,0
0.0561996,-0.303976,-0.548387,0
0.0562869,-0.305428,-0.556722,0
0.0563741,-0.305382,-0.562443,0
0.0564614,-0.312391,-0.581388,0
0.0565487,-0.311729,-0.586277,0
0.0566359,-0.313359,-0.595597,0
0.0567232,-0.309833,-0.595184,0
0.0568105,-0.313644,-0.608977,0
0.0568977,-0.309168,-0.606775,0
0.056985,-0.306067,-0.607226,0
0.0570723,-0.300291,-0.602291,0
0.0571595,-0.28793,-0.583864,0
0.0572468,-0.288448,-0.591406,0
0.0573341,-0.290209,-0.601666,0
0.0574213,-0.281124,-0.589388,0
0.0575086,-0.287934,-0.610507,0
0.0575959,-0.289494,-0.620821,0
0.0576831,-0.293062,-0.6357,0
0.0577704,-0.28448,-0.624233,0
0.0578577,-0.287092,-0.637322,0
0.0579449,-0.275767,-0.619384,0
0.0580322,-0.271451,-0.61692,0
0.0581195,-0.269953,-0.62085,0
0.0582067,-0.265268,-0.617428,0
0.058294,-0.262962,-0.6195,0
0.0583813,-0.260256,-0.620641,0
0.0584685,-0.255633,-0.617151,0
0.0585558,-0.255209,-0.623814,0
0.0586431,-0.252485,-0.624922,0
0.0587303,-0.244938,-0.613943,0
0.0588176,-0.244456,-0.620589,0
0.0589049,-0.242471,-0.623513,0
0.0589921,-0.235806,-0.614296,0
0.0590794,-0.234895,-0.619995,0
0.0591667,-0.228335,-0.61071,0
0.0592539,-0.227745,-0.61733,0
0.0593412,-0.222997,-0.61268,0
0.0594285,-0.220998,-0.615529,0
0.0595157,-0.21831,-0.616488,0
0.059603,-0.217926,-0.624043,0
0.0596903,-0.214549,-0.623097,0
0.0597775,-0.210864,-0.621186,0
0.0598648,-0.207835,-0.621152,0
0.0599521,-0.202617,-0.614455,0
0.0600393,-0.198389,-0.610578,0
0.0601266,-0.197552,-0.617152,0
0.0602139,-0.19606,-0.621823,0
0.0603011,-0.190083,-0.612168,0
0.0603884,-0.187118,-0.612035,0
0.0604757,-0.185598,-0.616676,0
0.0605629,-0.180918,-0.610768,0
0.0606502,-0.181329,-0.622112,0
0.0607375,-0.176684,-0.616169,0
0.0608247,-0.173722,-0.615971,0
0.060912,-0.170498,-0.614796,0
0.0609993,-0.164658,-0.603957,0
0.0610865,-0.163315,-0.609499,0
0.0611738,-0.157344,-0.597634,0
0.0612611,-0.155236,-0.600252,0
0.0613483,-0.1536,-0.6048,0
0.0614356,-0.14733,-0.59091,0
0.0615229,-0.145701,-0.595433,0
0.0616101,-0.147071,-0.612593,0
0.0616974,-0.142333,-0.604469,0
0.0617847,-0.13812,-0.598263,0
0.0618719,-0.135508,-0.59886,0
0.0619592,-0.133327,-0.601398,0
0.0620465,-0.128155,-0.590248,0
0.0621337,-0.127658,-0.600583,0
0.062221,-0.123611,-0.594281,0
0.0623083,-0.121814,-0.598734,0
0.0623955,-0.118615,-0.596317,0
0.0624828,-0.11563,-0.594866,0
0.0625701,-0.111728,-0.588488,0
0.0626573,-0.10843,-0.585037,0
0.0627446,-0.106232,-0.587472,0
0.0628319,-0.102452,-0.581037,0
0.0629191,-0.102964,-0.599218,0
0.0630064,-0.0986985,-0.589799,0
0.0630937,-0.0964456,-0.592198,0
0.0631809,-0.0924528,-0.583724,0
0.0632682,-0.0911219,-0.592028,0
0.0633555,-0.0864685,-0.578574,0
0.0634427,-0.0843737,-0.581915,0
0.06353,-0.0812771,-0.578317,0
0.0636173,-0.0799666,-0.587583,0
0.0637045,-0.0764884,-0.580987,0
0.0637918,-0.0738264,-0.580323,0
0.063879,-0.0703186,-0.572699,0
0.0639663,-0.0698172,-0.589883,0
0.0640536,-0.0654315,-0.574285,0
0.0641408,-0.0632517,-0.577547,0
0.0642281,-0.0601039,-0.57185,0
0.0643154,-0.0578085,-0.574097,0
0.0644026,-0.0552072,-0.573348,0
0.0644899,-0.0527964,-0.574579,0
0.0645772,-0.0505503,-0.577793,0
0.0646644,-0.050513,-0.607905,0
0.0647517,-0.0435448,-0.553289,0
0.064839,-0.0421677,-0.567435,0
0.0649262,-0.132398,-1.89338,0
0.0650135,-0.124397,-1.89793,0
0.0651008,-0.11526,-1.88448,0
0.065188,-0.108113,-1.90393,0
0.0652753,-0.0998047,-1.90439,0
0.0653626,-0.0913984,-1.90281,0
0.0654498,-0.0832258,-1.90618,0
0.0655371,-0.074947,-1.90753,0
0.0656244,-0.0664487,-1.90284,0
0.0657116,-0.0581148,-1.90211,0
0.0657989,-0.0498671,-1.90435,0
0.0658862,-0.0415356,-1.90355,0
0.0659734,-0.033177,-1.90071,0
0.0660607,-0.0249488,-1.90584,0
0.066148,-0.0166066,-1.90293,0
0.0662352,-0.00836885,-1.91798,0
0.0663225,-2.29605e-08,-1.906,0
0.0664098,0.00831208,-1.90498,0
0.066497,0.0166502,-1.90793,0
0.0665843,0.0249226,-1.90384,0
0.0666716,0.0333515,-1.91071,0
0.0667588,0.0417537,-1.91354,0
0.0668461,0.050155,-1.91534,0
0.0669334,0.0581148,-1.90211,0
0.0670206,0.0666929,-1.90984,0
0.0671079,0.0750647,-1.91053,0
0.0671952,0.0836183,-1.91518,0
0.0672824,0.0918301,-1.9118,0
0.0673697,0.100433,-1.91637,0
0.067457,0.108056,-1.90293,0
0.0675442,0.116603,-1.90644,0
0.0676315,0.125247,-1.9109,0
0.0677188,0.133793,-1.91333,0
0.067806,0.142437,-1.91671,0
0.0678933,0.150563,-1.91308,0
0.0679806,0.158743,-1.91042,0
0.0680678,0.166903,-1.90771,0
0.0681551,0.175866,-1.91394,0
0.0682424,0.183928,-1.91017,0
0.0683296,0.192361,-1.91034,0
0.0684169,0.200486,-1.90749,0
0.0685042,0.208916,-1.90759,0
0.0685914,0.217124,-1.90567,0
0.0686787,0.225437,-1.90471,0
0.068766,0.234355,-1.90867,0
0.0688532,0.242681,-1.90763,0
0.0689405,0.251263,-1.90853,0
0.0690278,0.261071,-1.91832,0
0.069115,0.269161,-1.91518,0
0.0692023,0.278663,-1.9219,0
0.0692896,0.288081,-1.92759,0
0.0693768,0.296488,-1.92632,0
0.0694641,0.305829,-1.93093,0
0.0695514,0.313287,-1.92366,0
0.0696386,0.322008,-1.92424,0
0.0697259,0.328877,-1.91395,0
0.0698132,0.338093,-1.91742,0
0.0699004,0.34788,-1.9238,0
0.0699877,0.356453,-1.92325,0
0.070075,0.366893,-1.93248,0
0.0701622,0.37494,-1.9289,0
0.0702495,0.381792,-1.9194,0
0.0703368,0.389964,-1.91673,0
0.070424,0.397712,-1.91208,0
0.0705113,0.407715,-1.91815,0
0.0705986,0.414595,-1.90951,0
0.0706858,0.423356,-1.90963,0
0.0707731,0.43345,-1.91557,0
0.0708604,0.442254,-1.91561,0
0.0709476,0.449233,-1.90782,0
0.0710349,0.458487,-1.90973,0
0.0711222,0.468717,-1.91549,0
0.0712094,0.479005,-1.92119,0
0.0712967,0.48763,-1.92005,0
0.071384,0.496003,-1.9179,0
0.0714712,0.505894,-1.92152,0
0.0715585,0.512979,-1.91446,0
0.0716458,0.521591,-1.91317,0
0.071733,0.531003,-1.91473,0
0.0718203,0.541795,-1.92106,0
0.0719076,0.549896,-1.91772,0
0.0719948,0.559378,-1.91914,0
0.0720821,0.569167,-1.92147,0
0.0721694,0.576681,-1.9161,0
0.0722566,0.585913,-1.91643,0
0.0723439,0.595159,-1.91673,0
0.0724312,0.605621,-1.92079,0
0.0725184,0.61674,-1.9267,0
0.0726057,0.623287,-1.91828,0
0.072693,0.633217,-1.92029,0
0.0727802,0.642859,-1.9213,0
0.0728675,0.649951,-1.91469,0
0.0729548,0.661229,-1.92035,0
0.073042,0.669931,-1.91839,0
0.0731293,0.680632,-1.92205,0
0.0732166,0.688336,-1.91718,0
0.0733038,0.697721,-1.91697,0
0.0733911,0.707463,-1.91766,0
0.0734784,0.716874,-1.91737,0
0.0735656,0.727359,-1.91983,0
0.0736529,0.736804,-1.91944,0
0.0737402,0.741911,-1.90782,0
0.0738274,0.74473,-1.89061,0
0.0739147,0.754455,-1.89106,0
0.074002,0.772064,-1.91093,0
0.0740892,0.797813,-1.95011,0
0.0741765,0.827362,-1.99743,0
0.0742638,0.841483,-2.00671,0
0.074351,0.850622,-2.00394,0
0.0744383,0.863699,-2.01032,0
0.0745256,0.868475,-1.99736,0
0.0746128,0.883626,-2.00819,0
0.0747001,0.892787,-2.00523,0
0.0747874,0.903581,-2.00588,0
0.0748746,0.913569,-2.00464,0
0.0749619,0.926913,-2.01063,0
0.0750492,0.938635,-2.01291,0
0.0751364,0.948689,-2.01151,0
0.0752237,0.957026,-2.00645,0
0.075311,0.972723,-2.01666,0
0.0753982,0.979321,-2.00791,0
0.0754855,0.99338,-2.01438,0
0.0755728,1.00841,-2.02255,0
0.07566,1.02442,-2.03242,0
0.0757473,1.0292,-2.01991,0
0.0758346,1.04349,-2.02607,0
0.0759218,1.05602,-2.02859,0
0.0760091,1.06672,-2.02751,0
0.0760964,1.08072,-2.03255,0
0.0761836,1.09006,-2.02869,0
0.0762709,1.09937,-2.02479,0
0.0763582,1.11157,-2.02612,0
0.0764454,1.11118,-2.00463,0
0.0765327,1.10673,-1.9762,0
0.07662,1.10549,-1.95395,0
0.0767072,1.1021,-1.92827,0
0.0767945,1.094,-1.89486,0
0.0768818,1.09218,-1.8728,0
0.076969,1.10796,-1.88094,0
0.0770563,1.13507,-1.90788,0
0.0771436,1.31489,-2.18835,0
0.0772308,1.43908,-2.37153,0
0.0773181,1.46038,-2.38313,0
0.0774054,1.47445,-2.38269,0
0.0774926,1.49119,-2.38641,0
0.0775799,1.49892,-2.37565,0
0.0776672,1.52432,-2.3927,0
0.0777544,1.53529,-2.38687,0
0.0778417,1.54732,-2.38266,0
0.0779289,1.56593,-2.38843,0
0.0780162,1.57964,-2.38658,0
0.0781035,1.59504,-2.38715,0
0.0781907,1.61271,-2.39094,0
0.078278,1.62651,-2.38884,0
0.0783653,1.64031,-2.38667,0
0.0784525,1.6547,-2.38524,0
0.0785398,1.66681,-2.38046,0
0.0786271,1.687,-2.38704,0
0.0787143,1.70262,-2.38699,0
0.0788016,1.72178,-2.39171,0
0.0788889,1.73808,-2.39226,0
0.0789761,1.75323,-2.39111,0
0.0790634,1.77019,-2.39228,0
0.0791507,1.78959,-2.39655,0
0.0792379,1.79943,-2.38792,0
0.0793252,1.8177,-2.39039,0
0.0794125,1.83237,-2.38799,0
0.0794997,1.85685,-2.39816,0
0.079587,1.86607,-2.38846,0
0.0796743,1.89071,-2.39836,0
0.0797615,1.90178,-2.39087,0
0.0798488,1.92659,-2.40048,0
0.0799361,1.93579,-2.3905,0
0.0800233,1.95379,-2.39132,0
0.0801106,1.97121,-2.39126,0
0.0801979,1.9861,-2.38802,0
0.0802851,1.99971,-2.38316,0
0.0803724,2.00686,-2.3706,0
0.0804597,2.0003,-2.34205,0
0.0805469,2.00528,-2.32724,0
0.0806342,2.0036,-2.30488,0
0.0807215,2.00639,-2.28785,0
0.0808087,2.00178,-2.2626,0
0.080896,2.00364,-2.24489,0
0.0809833,1.99802,-2.21903,0
0.0810705,2.00029,-2.20215,0
0.0811578,1.99907,-2.1816,0
0.0812451,2.00586,-2.16992,0
0.0813323,2.00917,-2.15457,0
0.0814196,2.00553,-2.13194,0
0.0815069,2.00036,-2.10794,0
0.0815941,2.0047,-2.09413,0
0.0816814,1.99714,-2.0681,0
0.0817687,1.99498,-2.04791,0
0.0818559,1.99128,-2.02634,0
0.0819432,1.99659,-2.01409,0
0.0820305,2.00041,-2.00041,0
0.0821177,1.99207,-1.97476,0
0.082205,1.99567,-1.96114,0
0.0822923,1.99347,-1.94195,0
0.0823795,1.99473,-1.92629,0
0.0824668,1.9995,-1.91411,0
0.0825541,1.99841,-1.89642,0
0.0826413,1.99282,-1.87466,0
0.0827286,1.99733,-1.86254,0
0.0828159,1.98928,-1.83887,0
0.0829031,1.99212,-1.82544,0
0.0829904,1.99563,-1.8127,0
0.0830777,1.99163,-1.79327,0
0.0831649,1.98824,-1.77457,0
0.0832522,1.98848,-1.75926,0
0.0833395,1.98711,-1.74265,0
0.0834267,1.9864,-1.72675,0
0.083514,1.99997,-1.72329,0
0.0836013,1.99683,-1.70545,0
0.0836885,2.01493,-1.70577,0
0.0837758,2.02542,-1.69953,0
0.0838631,2.02897,-1.68748,0
0.0839503,2.03709,-1.67925,0
0.0840376,2.04749,-1.67287,0
0.0841249,2.054,-1.66329,0
0.0842121,2.07527,-1.66558,0
0.0842994,2.04574,-1.62725,0
0.0843867,2.04968,-1.61584,0
0.0844739,2.07326,-1.61981,0
0.0845612,2.08268,-1.61258,0
0.0846485,2.0889,-1.60287,0
0.0847357,2.0903,-1.5895,0
0.084823,2.07486,-1.56352,0
0.0849103,2.05682,-1.5359,0
0.0849975,2.04983,-1.5168,0
0.0850848,2.05563,-1.50725,0
0.0851721,2.06057,-1.49709,0
0.0852593,2.08412,-1.50035,0
0.0853466,2.08576,-1.48776,0
0.0854339,2.0857,-1.47403,0
0.0855211,2.08392,-1.45918,0
0.0856084,2.08205,-1.44437,0
0.0856957,2.0257,-1.39223,0
0.0857829,2.02432,-1.37831,0
0.0858702,2.03529,-1.37282,0
0.0859575,2.0238,-1.35226,0
0.0860447,2.00883,-1.32962,0
0.086132,2.02632,-1.32851,0
0.0862193,2.02287,-1.31367,0
0.0863065,2.03952,-1.31186,0
0.0863938,2.01908,-1.2863,0
0.0864811,2.03228,-1.28228,0
0.0865683,2.03532,-1.27181,0
0.0866556,2.05105,-1.26923,0
0.0867429,2.05742,-1.26079,0
0.0868301,2.06889,-1.25543,0
0.0869174,2.07949,-1.24948,0
0.0870047,2.08836,-1.24244,0
0.0870919,2.08083,-1.22571,0
0.0871792,2.0758,-1.21057,0
0.0872665,2.0724,-1.1965,0
0.0873537,2.07152,-1.18397,0
0.087441,2.08015,-1.17689,0
0.0875283,2.05386,-1.15021,0
0.0876155,2.04923,-1.13591,0
0.0877028,2.0454,-1.12215,0
0.0877901,2.05467,-1.1156,0
0.0878773,2.06833,-1.11135,0
0.0879646,2.06698,-1.09903,0
0.0880519,2.00627,-1.05555,0
0.0881391,1.98868,-1.03524,0
0.0882264,1.98518,-1.02243,0
0.0883137,1.9816,-1.00967,0
0.0884009,1.9842,-1.00012,0
0.0884882,1.98944,-0.991898,0
0.0885755,1.98568,-0.979227,0
0.0886627,1.98813,-0.969677,0
0.08875,1.98154,-0.95578,0
0.0888373,1.9884,-0.948416,0
0.0889245,1.98528,-0.936318,0
0.0890118,1.98753,-0.926802,0
0.0890991,1.98793,-0.916446,0
0.0891863,2.01374,-0.917716,0
0.0892736,1.98582,-0.894546,0
0.0893609,1.97783,-0.880585,0
0.0894481,1.98806,-0.874766,0
0.0895354,1.97535,-0.858906,0
0.0896227,1.97448,-0.848305,0
0.0897099,1.97816,-0.839681,0
0.0897972,1.98365,-0.831815,0
0.0898845,1.97987,-0.820091,0
0.0899717,1.98251,-0.811065,0
0.090059,1.97583,-0.798287,0
0.0901463,1.98115,-0.790399,0
0.0902335,1.98737,-0.782847,0
0.0903208,1.98611,-0.772355,0
0.0904081,1.98199,-0.760815,0
0.0904953,1.98529,-0.75216,0
0.0905826,1.98574,-0.74244,0
0.0906699,1.98427,-0.732038,0
0.0907571,1.98557,-0.722689,0
0.0908444,1.97647,-0.709625,0
0.0909317,1.97955,-0.700994,0
0.0910189,1.96843,-0.687405,0
0.0911062,1.97897,-0.681414,0
0.0911935,1.98192,-0.672773,0
0.0912807,1.98294,-0.663484,0
0.091368,1.97917,-0.652633,0
0.0914553,1.98295,-0.6443,0
0.0915425,1.98098,-0.634118,0
0.0916298,1.97896,-0.623965,0
0.0917171,1.9788,-0.614434,0
0.0918043,1.97573,-0.60404,0
0.0918916,1.9793,-0.595702,0
0.0919789,1.97805,-0.585924,0
0.0920661,1.97962,-0.577007,0
0.0921534,1.97347,-0.565884,0
0.0922406,1.98362,-0.559439,0
0.0923279,1.98122,-0.549442,0
0.0924152,1.9836,-0.540792,0
0.0925024,1.97435,-0.529026,0
0.0925897,1.97567,-0.520152,0
0.092677,1.96824,-0.509023,0
0.0927642,1.98208,-0.503384,0
0.0928515,1.98134,-0.494005,0
0.0929388,1.98737,-0.486305,0
0.093026,1.98363,-0.476229,0
0.0931133,1.97791,-0.465735,0
0.0932006,1.98382,-0.458,0
0.0932878,1.98482,-0.449119,0
0.0933751,1.98286,-0.439589,0
0.0934624,1.9828,-0.430509,0
0.0935496,1.97977,-0.420813,0
0.0936369,1.99236,-0.414411,0
0.0937242,1.99317,-0.405514,0
0.0938114,1.99001,-0.395838,0
0.0938987,1.9878,-0.386388,0
0.093986,1.98258,-0.376406,0
0.0940732,1.98421,-0.367751,0
0.0941605,1.97792,-0.357667,0
0.0942478,1.9903,-0.350943,0
0.094335,1.98984,-0.341917,0
0.0944223,1.98835,-0.332736,0
0.0945096,1.99176,-0.324379,0
0.0945968,1.99019,-0.315215,0
0.0946841,1.99056,-0.306377,0
0.0947714,1.9899,-0.297393,0
0.0948586,1.99217,-0.288851,0
0.0949459,1.9845,-0.278903,0
0.0950332,1.97975,-0.269432,0
0.0951204,1.98388,-0.261183,0
0.0952077,1.98897,-0.253029,0
0.095295,1.99105,-0.24447,0
0.0953822,1.98514,-0.234957,0
0.0954695,1.98118,-0.225727,0
0.0955568,1.99109,-0.21806,0
0.095644,1.9791,-0.208012,0
0.0957313,1.97302,-0.198673,0
0.0958186,1.97088,-0.189775,0
0.0959058,1.98066,-0.181997,0
0.0959931,1.97745,-0.173004,0
0.0960804,1.97121,-0.163795,0
0.0961676,1.97689,-0.155584,0
0.0962549,1.97356,-0.146661,0
0.0963422,1.97917,-0.138397,0
0.0964294,1.98275,-0.129956,0
0.0965167,1.9823,-0.121242,0
0.096604,1.97382,-0.112082,0
0.0966912,1.9693,-0.103207,0
0.0967785,1.82689,-0.087752,0
0.0968658,1.70737,-0.0745456,0
0.096953,1.6837,-0.0661528,0
0.0970403,1.68098,-0.058701,0
0.0971276,1.69321,-0.0517323,0
0.0972148,1.7404,-0.0455741,0
0.0973021,1.71759,-0.037478,0
0.0973894,1.68974,-0.0294946,0
0.0974766,1.69585,-0.0222,0
0.0975639,1.68894,-0.0147392,0
0.0976512,1.68898,-0.00736967,0
0.0977384,1.692,-4.09707e-08,0
0.0978257,1.69998,0.00741758,0
0.097913,1.68794,0.0147304,0
0.0980002,1.70485,0.0223177,0
0.0980875,1.73874,0.0303497,0
0.0981748,1.88455,0.041121,0
0.098262,1.92734,0.0504691,0
0.0983493,1.94309,0.0593668,0
0.0984366,1.95281,0.0681936,0
0.0985238,1.96049,0.0770277,0
0.0986111,1.96713,0.0858865,0
0.0986984,1.97572,0.0949007,0
0.0987856,1.97129,0.103311,0
0.0988729,1.97582,0.112195,0
0.0989602,1.98329,0.121303,0
0.0990474,1.97476,0.129433,0
0.0991347,1.98415,0.138746,0
0.099222,1.97954,0.147105,0
0.0993092,1.98387,0.156134,0
0.0993965,1.9742,0.164043,0
0.0994838,1.98143,0.173353,0
0.099571,1.98265,0.18218,0
0.0996583,1.97387,0.190062,0
0.0997456,1.98397,0.199775,0
0.0998328,1.9781,0.207907,0
0.0999201,1.99109,0.21806,0
0.100007,1.98317,0.225954,0
0.100095,1.97919,0.234252,0
0.100182,1.98311,0.243495,0
0.100269,1.97806,0.251641,0
0.100356,1.9819,0.260922,0
0.100444,1.97975,0.269432,0
0.100531,1.99143,0.279877,0
0.100618,1.99415,0.289138,0
0.100705,1.98891,0.297245,0
0.100793,1.98364,0.305312,0
0.10088,1.98229,0.313964,0
0.100967,1.9888,0.323896,0
0.101055,1.98046,0.331416,0
0.101142,1.98195,0.340562,0
0.101229,1.98045,0.349206,0
0.101316,1.98284,0.358556,0
0.101404,1.97929,0.36684,0
0.101491,1.9816,0.376219,0
0.101578,1.98387,0.385625,0
0.101665,1.98805,0.395448,0
0.101753,1.97749,0.402324,0
0.10184,1.98159,0.412171,0
0.101927,1.97684,0.420189,0
0.102014,1.97401,0.428599,0
0.102102,1.97309,0.437424,0
0.102189,1.97994,0.448016,0
0.102276,1.98284,0.457775,0
0.102364,1.96428,0.462526,0
0.102451,1.97391,0.473894,0
0.102538,1.97571,0.483453,0
0.102625,1.97843,0.493279,0
0.102713,1.97142,0.500676,0
0.1028,1.98083,0.512277,0
0.102887,1.97761,0.520661,0
0.102974,1.97339,0.528767,0
0.103062,1.9701,0.53711,0
0.103149,1.97159,0.54677,0
0.103236,1.97496,0.556996,0
0.103323,1.97443,0.566159,0
0.103411,1.98058,0.577287,0
0.103498,1.979,0.586208,0
0.103585,1.98313,0.596854,0
0.103673,1.97477,0.603748,0
0.10376,1.97689,0.613841,0
0.103847,1.97324,0.62216,0
0.103934,1.97146,0.631069,0
0.104022,1.97154,0.640592,0
0.104109,1.98582,0.654826,0
0.104196,1.97062,0.659359,0
0.104283,1.98098,0.672451,0
0.104371,1.97141,0.67881,0
0.104458,1.98164,0.692021,0
0.104545,1.97578,0.699659,0
0.104632,1.97929,0.710639,0
0.10472,1.97241,0.7179,0
0.104807,1.97395,0.72823,0
0.104894,1.97544,0.738587,0
0.104982,1.98062,0.750388,0
0.105069,1.97359,0.75759,0
0.105156,1.97213,0.766919,0
0.105243,1.96969,0.775883,0
0.105331,1.97651,0.788546,0
0.105418,1.9749,0.797912,0
0.105505,1.97233,0.8069,0
0.105592,1.97803,0.819325,0
0.10568,1.98089,0.830655,0
0.105767,1.97909,0.840072,0
0.105854,1.98367,0.852252,0
0.105941,1.97718,0.859703,0
0.106029,1.97707,0.869933,0
0.106116,1.97234,0.878144,0
0.106203,1.9767,0.890438,0
0.106291,1.97098,0.898225,0
0.106378,1.98066,0.913097,0
0.106465,1.97847,0.922576,0
0.106552,1.98166,0.934612,0
0.10664,1.97486,0.941958,0
0.106727,1.97523,0.952738,0
0.106814,1.98454,0.967923,0
0.106901,1.9776,0.975246,0
0.106989,1.97154,0.982974,0
0.107076,1.96634,0.991117,0
0.107163,1.97982,1.00877,0
0.10725,1.98251,1.02106,0
0.107338,1.97981,1.03062,0
0.107425,1.99122,1.04763,0
0.107512,1.98663,1.05631,0
0.1076,1.98553,1.06686,0
0.107687,1.98349,1.07695,0
0.107774,1.9814,1.08703,0
0.107861,1.98189,1.09858,0
0.107949,1.97882,1.10819,0
0.108036,1.98354,1.12223,0
0.108123,1.9821,1.13286,0
0.10821,1.98926,1.1485,0
0.108298,1.98164,1.15566,0
0.108385,1.98433,1.16886,0
0.108472,1.97749,1.17649,0
0.108559,1.98349,1.1918,0
0.108647,1.96972,1.19525,0
0.108734,1.97386,1.20958,0
0.108821,1.98302,1.22713,0
0.108909,1.98528,1.24054,0
0.108996,1.98492,1.25239,0
0.109083,1.97607,1.25889,0
0.10917,1.98485,1.2767,0
0.109258,1.98346,1.28807,0
0.109345,1.98618,1.3022,0
0.109432,1.97548,1.30754,0
0.109519,1.98139,1.32392,0
0.109607,1.97974,1.33535,0
0.109694,1.97886,1.34736,0
0.109781,1.97543,1.35768,0
0.109868,1.97442,1.3697,0
0.109956,1.98399,1.3892,0
0.110043,1.98852,1.40535,0
0.11013,1.984,1.41517,0
0.110218,1.98268,1.42732,0
0.110305,1.98533,1.44242,0
0.110392,1.98627,1.4564,0
0.110479,1.99276,1.47457,0
0.110567,1.9815,1.47966,0
0.110654,1.98221,1.4937,0
0.110741,1.98205,1.50718,0
0.110828,1.97862,1.51825,0
0.110916,1.98226,1.53483,0
0.111003,1.97948,1.54654,0
0.11109,1.97978,1.56074,0
0.111177,1.97687,1.57247,0
0.111265,1.98559,1.5936,0
0.111352,1.98095,1.60414,0
0.111439,1.9809,1.61846,0
0.111527,1.97922,1.63154,0
0.111614,1.98207,1.64847,0
0.111701,1.98559,1.66611,0
0.111788,1.97601,1.67281,0
0.111876,1.97706,1.68856,0
0.111963,1.98558,1.71088,0
0.11205,1.98489,1.72544,0
0.112137,1.98862,1.74397,0
0.112225,1.98923,1.75992,0
0.112312,1.98526,1.77191,0
0.112399,1.98197,1.78457,0
0.112486,1.9823,1.8006,0
0.112574,1.98549,1.81936,0
0.112661,1.98487,1.8348,0
0.112748,1.99148,1.85708,0
0.112836,1.98263,1.86507,0
0.112923,1.99188,1.89022,0
0.11301,1.98578,1.90097,0
0.113097,1.98394,1.91587,0
0.113185,1.98272,1.93148,0
0.113272,1.98355,1.94923,0
0.113359,1.98284,1.96561,0
0.113446,1.97848,1.97848,0
0.113534,1.98603,2.00343,0
0.113621,1.98778,2.02278,0
0.113708,1.9908,2.04361,0
0.113795,1.98256,2.053,0
0.113883,1.98395,2.07246,0
0.11397,1.98797,2.09488,0
0.114057,1.98566,2.11082,0
0.114145,1.98871,2.13263,0
0.114232,1.98617,2.14863,0
0.114319,1.99299,2.17497,0
0.114406,1.98684,2.18734,0
0.114494,1.99602,2.2168,0
0.114581,1.99298,2.23295,0
0.114668,1.99184,2.25136,0
0.114755,1.99188,2.27131,0
0.114843,1.98786,2.28677,0
0.11493,1.987,2.30603,0
0.115017,1.99186,2.33217,0
0.115104,1.99911,2.36144,0
0.115192,1.99521,2.3778,0
0.115279,1.98993,2.39264,0
0.115366,1.98838,2.4121,0
0.115454,1.97847,2.42153,0
0.115541,1.95719,2.41692,0
0.115628,1.93974,2.41686,0
0.115715,1.92606,2.42139,0
0.115803,1.90929,2.42192,0
0.11589,1.89254,2.42234,0
0.115977,1.87277,2.41872,0
0.116064,1.86281,2.42766,0
0.116152,1.84009,2.41985,0
0.116239,1.82169,2.41747,0
0.116326,1.80814,2.42139,0
0.116413,1.78744,2.41559,0
0.116501,1.77629,2.42256,0
0.116588,1.75454,2.41492,0
0.116675,1.74165,2.4193,0
0.116763,1.72643,2.42037,0
0.11685,1.71124,2.42134,0
0.116937,1.68861,2.41158,0
0.117024,1.67579,2.41564,0
0.117112,1.6607,2.41634,0
0.117199,1.65296,2.42769,0
0.117286,1.63564,2.42493,0
0.117373,1.61838,2.42207,0
0.117461,1.59675,2.41243,0
0.117548,1.5895,2.42439,0
0.117635,1.56965,2.41705,0
0.117722,1.55692,2.42051,0
0.11781,1.53936,2.41632,0
0.117897,1.52667,2.41963,0
0.117984,1.50974,2.41609,0
0.118072,1.49182,2.41075,0
0.118159,1.48285,2.41979,0
0.118246,1.46605,2.41598,0
0.118333,1.45859,2.4275,0
0.118421,1.44287,2.42524,0
0.118508,1.42872,2.42549,0
0.118595,1.41359,2.42392,0
0.118682,1.404,2.4318,0
0.11877,1.38494,2.42314,0
0.118857,1.3714,2.42394,0
0.118944,1.35788,2.42467,0
0.119031,1.3405,2.41832,0
0.119119,1.32705,2.41889,0
0.119206,1.31839,2.42817,0
0.119293,1.30068,2.42069,0
0.119381,1.28823,2.42281,0
0.119468,1.27625,2.42575,0
0.119555,1.25734,2.41533,0
0.119642,1.24542,2.41813,0
0.11973,1.23758,2.42888,0
0.119817,1.22067,2.42176,0
0.119904,1.20786,2.42259,0
0.119991,1.19728,2.42783,0
0.120079,1.18579,2.43124,0
0.120166,1.16822,2.42198,0
0.120253,1.15764,2.42705,0
0.12034,1.14448,2.42665,0
0.120428,1.13558,2.43525,0
0.120515,1.11824,2.42565,0
0.120602,1.10557,2.42596,0
0.12069,1.09046,2.42073,0
0.120777,1.07663,2.41815,0
0.120864,1.06808,2.42741,0
0.120951,1.05429,2.42471,0
0.121039,1.0441,2.4302,0
0.121126,1.0288,2.42369,0
0.121213,1.01937,2.43092,0
0.1213,1.00493,2.42611,0
0.121388,0.992059,2.42492,0
0.121475,0.978472,2.4218,0
0.121562,0.96382,2.41583,0
0.121649,0.957301,2.43025,0
0.121737,0.943426,2.42602,0
0.121824,0.931398,2.42638,0
0.121911,0.917968,2.42294,0
0.121999,0.908438,2.42973,0
0.122086,0.894713,2.42522,0
0.122173,0.883438,2.42723,0
0.12226,0.873515,2.43294,0
0.122348,0.859553,2.4273,0
0.122435,0.847305,2.42631,0
0.122522,0.836059,2.42809,0
0.122609,0.827064,2.43645,0
0.122697,0.813252,2.43055,0
0.122784,0.80076,2.42838,0
0.122871,0.789847,2.4309,0
0.122958,0.780453,2.43813,0
0.123046,0.766499,2.43102,0
0.123133,0.75114,2.41907,0
0.12322,0.74204,2.4271,0
0.123308,0.732883,2.4351,0
0.123395,0.719411,2.42869,0
0.123482,0.708247,2.42989,0
0.123569,0.69626,2.42815,0
0.123657,0.68783,2.43886,0
0.123744,0.673174,2.42739,0
0.123831,0.663365,2.43319,0
0.123918,0.652224,2.43413,0
0.124006,0.640833,2.43405,0
0.124093,0.628204,2.42908,0
0.12418,0.616614,2.42792,0
0.124267,0.608434,2.44029,0
0.124355,0.593977,2.42738,0
0.124442,0.583614,2.43092,0
0.124529,0.572084,2.42955,0
0.124617,0.559228,2.42228,0
0.124704,0.549095,2.42665,0
0.124791,0.539151,2.43195,0
0.124878,0.527898,2.43135,0
0.124966,0.514997,2.42287,0
0.125053,0.506864,2.43684,0
0.12514,0.494831,2.43217,0
0.125227,0.483629,2.43137,0
0.125315,0.472634,2.43149,0
0.125402,0.463699,2.44237,0
0.125489,0.450486,2.43061,0
0.125576,0.440054,2.43353,0
0.125664,0.42839,2.42952,0
0.125751,0.418293,2.43432,0
0.125838,0.407503,2.43514,0
0.125926,0.395909,2.43097,0
0.126013,0.385767,2.43564,0
0.1261,0.373767,2.4284,0
0.126187,0.361985,2.4221,0
0.126275,0.353422,2.43751,0
0.126362,0.342783,2.43903,0
0.126449,0.332003,2.43951,0
0.126536,0.320703,2.43598,0
0.126624,0.310702,2.44232,0
0.126711,0.298214,2.42876,0
0.126798,0.288202,2.435,0
0.126885,0.27848,2.44419,0
0.126973,0.266506,2.43345,0
0.12706,0.255154,2.42763,0
0.127147,0.24526,2.43568,0
0.127234,0.23396,2.42976,0
0.127322,0.224271,2.44072,0
0.127409,0.21327,2.43769,0
0.127496,0.203211,2.44557,0
0.127584,0.191126,2.42849,0
0.127671,0.180751,2.43229,0
0.127758,0.169857,2.42907,0
0.127845,0.160172,2.44376,0
0.127933,0.149325,2.44144,0
0.12802,0.138727,2.44306,0
0.128107,0.127595,2.43466,0
0.128194,0.116923,2.43419,0
0.128282,0.106388,2.43668,0
0.128369,0.095794,2.43812,0
0.128456,0.0849804,2.43352,0
0.128543,0.0747584,2.44686,0
0.128631,0.0637148,2.43317,0
0.128718,0.0532284,2.43942,0
0.128805,0.042584,2.43963,0
0.128893,0.0320958,2.45179,0
0.12898,0.021319,2.44291,0
0.129067,0.0106509,2.44098,0
0.129154,8.86274e-08,2.436,0
0.129242,-0.0106289,2.43598,0
0.129329,-0.0213799,2.44991,0
0.129416,-0.0320171,2.44579,0
0.129503,-0.0427059,2.44663,0
0.129591,-0.053141,2.43542,0
0.129678,-0.063924,2.44116,0
0.129765,-0.0746055,2.44186,0
0.129852,-0.0855386,2.44951,0
0.12994,-0.0958331,2.43912,0
0.130027,-0.106955,2.44967,0
0.130114,-0.116971,2.43519,0
0.130202,-0.128275,2.44764,0
0.130289,-0.1385,2.43907,0
0.130376,-0.14908,2.43745,0
0.130463,-0.160041,2.44176,0
0.130551,-0.170554,2.43904,0
0.130638,-0.182455,2.45523,0
0.130725,-0.191989,2.43946,0
0.130812,-0.202963,2.44258,0
0.1309,-0.213531,2.44068,0
0.130987,-0.224728,2.4457,0
0.131074,-0.236451,2.45564,0
0.131161,-0.245661,2.43966,0
0.131249,-0.257558,2.4505,0
0.131336,-0.267812,2.44538,0
0.131423,-0.279046,2.44915,0
0.131511,-0.2902,2.45189,0
0.131598,-0.300286,2.44563,0
0.131685,-0.31108,2.44529,0
0.131772,-0.321094,2.43895,0
0.13186,-0.333217,2.44843,0
0.131947,-0.342922,2.44002,0
0.132034,-0.355575,2.45236,0
0.132121,-0.365237,2.44386,0
0.132209,-0.377418,2.45212,0
0.132296,-0.38608,2.43761,0
0.132383,-0.398159,2.44479,0
0.13247,-0.409483,2.44697,0
0.132558,-0.421511,2.45305,0
0.132645,-0.431168,2.44528,0
0.132732,-0.441656,2.44239,0
0.13282,-0.454678,2.45322,0
0.132907,-0.464445,2.4463,0
0.132994,-0.476259,2.45014,0
0.133081,-0.486165,2.44412,0
0.133169,-0.499217,2.45373,0
0.133256,-0.508901,2.44663,0
0.133343,-0.519987,2.44635,0
0.13343,-0.529808,2.44015,0
0.133518,-0.538502,2.42902,0
0.133605,-0.543578,2.40227,0
0.133692,-0.554279,2.40085,0
0.133779,-0.564062,2.39549,0
0.133867,-0.572408,2.38425,0
0.133954,-0.580904,2.37396,0
0.134041,-0.580612,2.32871,0
0.134129,-0.575506,2.26606,0
0.134216,-0.572118,2.21222,0
0.134303,-0.579983,2.20293,0
0.13439,-0.574837,2.14532,0
0.134478,-0.563413,2.06657,0
0.134565,-0.551847,1.9899,0
0.134652,-0.55401,1.96437,0
0.134739,-0.560646,1.95521,0
0.134827,-0.571131,1.95946,0
0.134914,-0.580243,1.95887,0
0.135001,-0.56717,1.8845,0
0.135088,-0.544688,1.7816,0
0.135176,-0.537333,1.7305,0
0.135263,-0.538263,1.70715,0
0.13535,-0.535951,1.67431,0
0.135438,-0.541707,1.6672,0
0.135525,-0.545844,1.65533,0
0.135612,-0.549572,1.6425,0
0.135699,-0.551911,1.62588,0
0.135787,-0.560954,1.62913,0
0.135874,-0.564101,1.61534,0
0.135961,-0.568807,1.60626,0
0.136048,-0.572431,1.59435,0
0.136136,-0.576646,1.58432,0
0.136223,-0.580784,1.57429,0
0.13631,-0.585897,1.56705,0
0.136397,-0.591666,1.56168,0
0.136485,-0.595607,1.55161,0
0.136572,-0.596573,1.53409,0
0.136659,-0.600329,1.52402,0
0.136747,-0.595486,1.4926,0
0.136834,-0.582888,1.4427,0
0.136921,-0.589177,1.44014,0
0.137008,-0.589715,1.4237,0
0.137096,-0.595148,1.41927,0
0.137183,-0.599382,1.41205,0
0.13727,-0.613432,1.4278,0
0.137357,-0.625637,1.43887,0
0.137445,-0.644797,1.46541,0
0.137532,-0.657286,1.47629,0
0.137619,-0.664954,1.47614,0
0.137706,-0.679267,1.49052,0
0.137794,-0.684927,1.48572,0
0.137881,-0.689713,1.47909,0
0.137968,-0.695307,1.47426,0
0.138056,-0.687526,1.44143,0
0.138143,-0.655143,1.35825,0
0.13823,-0.668078,1.36976,0
0.138317,-0.670952,1.36056,0
0.138405,-0.684021,1.37193,0
0.138492,-0.697202,1.38322,0
0.138579,-0.697329,1.36859,0
0.138666,-0.695968,1.35131,0
0.138754,-0.693546,1.33229,0
0.138841,-0.692834,1.31686,0
0.138928,-0.694818,1.30676,0
0.139015,-0.69152,1.28698,0
0.139103,-0.694266,1.27868,0
0.13919,-0.694548,1.26599,0
0.139277,-0.692793,1.24983,0
0.139365,-0.689933,1.23196,0
0.139452,-0.689885,1.21937,0
0.139539,-0.690733,1.20853,0
0.139626,-0.6895,1.19425,0
0.139714,-0.687651,1.17914,0
0.139801,-0.684162,1.16148,0
0.139888,-0.68411,1.14989,0
0.139975,-0.688091,1.14518,0
0.140063,-0.685818,1.13019,0
0.14015,-0.689698,1.12549,0
0.140237,-0.691445,1.11736,0
0.140324,-0.682536,1.09229,0
0.140412,-0.681426,1.07999,0
0.140499,-0.689893,1.08291,0
0.140586,-0.691365,1.07485,0
0.140674,-0.694415,1.0693,0
0.140761,-0.696881,1.06292,0
0.140848,-0.694337,1.04903,0
0.140935,-0.698352,1.04516,0
0.141023,-0.70682,1.0479,0
0.14111,-0.711385,1.04481,0
0.141197,-0.710273,1.03345,0
0.141284,-0.716486,1.03281,0
0.141372,-0.0694027,0.0991174,0
0.141459,-0.0600231,0.0849307,0
0.141546,-0.0592317,0.0830398,0
0.141633,-0.058425,0.0811574,0
0.141721,-0.0593663,0.0817107,0
0.141808,-0.0721398,0.0983862,0
0.141895,-0.0606719,0.0819934,0
0.141983,-0.0538492,0.0721129,0
0.14207,-0.0680051,0.0902458,0
0.142157,-0.0774776,0.101888,0
0.142244,-0.0627024,0.0817154,0
0.142332,-0.0673439,0.0869759,0
0.142419,-0.0664914,0.0851052,0
0.142506,-0.0730531,0.0926674,0
0.142593,-0.064119,0.0806086,0
0.142681,-0.0694775,0.0865672,0
0.142768,-0.0572682,0.0707203,0
0.142855,-0.0658014,0.0805368,0
0.142942,-0.0674243,0.0817922,0
0.14303,-0.0620256,0.0745777,0
0.143117,-0.0623504,0.0743063,0
0.143204,-0.0607357,0.0717439,0
0.143292,-0.0675426,0.0790822,0
0.143379,-0.0685398,0.0795443,0
0.143466,-0.0649498,0.0747162,0
0.143553,-0.0758248,0.0864616,0
0.143641,-0.0649368,0.0733977,0
0.143728,-0.0605952,0.0678912,0
0.143815,-0.0655748,0.0728282,0
0.143902,-0.0544617,0.0599577,0
0.14399,-0.0587763,0.0641431,0
0.144077,-0.0556617,0.0602144,0
0.144164,-0.0566059,0.0607024,0
0.144251,-0.0554998,0.0589981,0
0.144339,-0.0564451,0.0594807,0
0.144426,-0.0504805,0.0527326,0
0.144513,-0.0500154,0.0517925,0
0.144601,-0.0655923,0.0673324,0
0.144688,-0.0364473,0.037089,0
0.144775,-0.0204164,0.0205954,0
0.144862,-0.039598,0.039598,0
