7200
6311
5.49779
5.51349,-0.0608112,-0.0608112,0
5.51367,-0.0322418,-0.0328095,0
5.51376,-0.0390763,-0.0401129,0
5.51384,-0.0673819,-0.069776,0
5.51393,-0.0643107,-0.0671799,0
5.51402,-0.106695,-0.112433,0
5.51411,-0.0993515,-0.105614,0
5.51419,-0.135036,-0.144808,0
5.51428,-0.223325,-0.241592,0
5.51437,-0.122282,-0.133447,0
5.51445,-0.337528,-0.371589,0
5.51454,-0.134495,-0.149372,0
5.51463,-0.285663,-0.320059,0
5.51472,-0.299504,-0.338528,0
5.5148,-0.296046,-0.337576,0
5.51489,-0.293914,-0.33811,0
5.51498,-0.304186,-0.353025,0
5.51507,-0.303942,-0.35587,0
5.51515,-0.299802,-0.35414,0
5.51524,-0.300182,-0.357743,0
5.51533,-0.306931,-0.369044,0
5.51541,-0.300229,-0.364207,0
5.5155,-0.303699,-0.371708,0
5.51559,-0.307108,-0.379247,0
5.51568,-0.306077,-0.381364,0
5.51576,-0.290092,-0.364695,0
5.51585,-0.282926,-0.35889,0
5.51594,-0.307215,-0.393217,0
5.51603,-0.307945,-0.397717,0
5.51611,-0.309251,-0.403024,0
5.5162,-0.302647,-0.398001,0
5.51629,-0.303315,-0.402512,0
5.51637,-0.309932,-0.415049,0
5.51646,-0.311687,-0.421221,0
5.51655,-0.313394,-0.427416,0
5.51664,-0.307999,-0.423925,0
5.51672,-0.313158,-0.435004,0
5.51681,-0.309515,-0.433924,0
5.5169,-0.315121,-0.445886,0
5.51699,-0.305716,-0.436608,0
5.51707,-0.309508,-0.446154,0
5.51716,-0.308691,-0.449149,0
5.51725,-0.310106,-0.455451,0
5.51733,-0.317622,-0.470893,0
5.51742,-0.315008,-0.471443,0
5.51751,-0.311844,-0.471145,0
5.5176,-0.312527,-0.476683,0
5.51768,-0.315891,-0.486429,0
5.51777,-0.307814,-0.478551,0
5.51786,-0.313783,-0.492541,0
5.51795,-0.311097,-0.493059,0
5.51803,-0.313712,-0.502044,0
5.51812,-0.307835,-0.497456,0
5.51821,-0.311932,-0.509026,0
5.51829,-0.314895,-0.518932,0
5.51838,-0.310568,-0.516872,0
5.51847,-0.309844,-0.5208,0
5.51856,-0.303508,-0.515254,0
5.51864,-0.315363,-0.540761,0
5.51873,-0.3155,-0.546462,0
5.51882,-0.313113,-0.547833,0
5.51891,-0.31909,-0.56399,0
5.51899,-0.311252,-0.55578,0
5.51908,-0.308339,-0.556258,0
5.51917,-0.314567,-0.573379,0
5.51925,-0.313016,-0.576504,0
5.51934,-0.310971,-0.578745,0
5.51943,-0.313138,-0.588926,0
5.51952,-0.313824,-0.596482,0
5.5196,-0.310757,-0.596958,0
5.51969,-0.312728,-0.607199,0
5.51978,-0.311437,-0.61123,0
5.51987,-0.313269,-0.621513,0
5.51995,-0.314569,-0.630929,0
5.52004,-0.31491,-0.638573,0
5.52013,-0.311244,-0.638144,0
5.52021,-0.323227,-0.67012,0
5.5203,-0.330633,-0.693186,0
5.52039,-0.316087,-0.670201,0
5.52048,-0.305553,-0.655261,0
5.52056,-0.308971,-0.67021,0
5.52065,-0.312264,-0.685201,0
5.52074,-0.305164,-0.677439,0
5.52083,-0.83259,-1.87003,0
5.52091,-0.822006,-1.86815,0
5.521,-0.811853,-1.86713,0
5.52109,-0.803304,-1.86974,0
5.52117,-0.792012,-1.86586,0
5.52126,-0.78193,-1.86469,0
5.52135,-0.772255,-1.86439,0
5.52144,-0.765628,-1.87144,0
5.52152,-0.75708,-1.87384,0
5.52161,-0.74482,-1.86691,0
5.5217,-0.734102,-1.86363,0
5.52179,-0.726326,-1.86774,0
5.52187,-0.716378,-1.86623,0
5.52196,-0.708936,-1.87121,0
5.52205,-0.698314,-1.86772,0
5.52213,-0.688081,-1.86512,0
5.52222,-0.678226,-1.86341,0
5.52231,-0.669413,-1.86447,0
5.5224,-0.664276,-1.87586,0
5.52248,-0.652128,-1.86741,0
5.52257,-0.643323,-1.86834,0
5.52266,-0.635807,-1.87303,0
5.52275,-0.626042,-1.87104,0
5.52283,-0.616306,-1.86901,0
5.52292,-0.607527,-1.86978,0
5.52301,-0.597229,-1.86574,0
5.52309,-0.591188,-1.87501,0
5.52318,-0.581518,-1.87279,0
5.52327,-0.570125,-1.86479,0
5.52336,-0.559965,-1.86056,0
5.52344,-0.556102,-1.87737,0
5.52353,-0.545667,-1.8721,0
5.52362,-0.537217,-1.8735,0
5.52371,-0.529037,-1.87583,0
5.52379,-0.518977,-1.87137,0
5.52388,-0.510544,-1.87265,0
5.52397,-0.501074,-1.87003,0
5.52405,-0.491382,-1.8664,0
5.52414,-0.485236,-1.87627,0
5.52423,-0.474337,-1.86771,0
5.52432,-0.466909,-1.87267,0
5.5244,-0.455168,-1.86012,0
5.52449,-0.449382,-1.87181,0
5.52458,-0.440065,-1.86889,0
5.52467,-0.432581,-1.87371,0
5.52475,-0.42396,-1.87363,0
5.52484,-0.411885,-1.85789,0
5.52493,-0.403774,-1.85967,0
5.52501,-0.397527,-1.87022,0
5.5251,-0.389974,-1.87487,0
5.52519,-0.380195,-1.86872,0
5.52528,-0.372037,-1.87036,0
5.52536,-0.362919,-1.86705,0
5.52545,-0.354209,-1.86567,0
5.52554,-0.345883,-1.86622,0
5.52562,-0.339338,-1.87657,0
5.52571,-0.329758,-1.87015,0
5.5258,-0.321087,-1.86861,0
5.52589,-0.312435,-1.86704,0
5.52597,-0.304125,-1.8674,0
5.52606,-0.296287,-1.87068,0
5.52615,-0.288882,-1.8769,0
5.52624,-0.279951,-1.8732,0
5.52632,-0.272206,-1.87737,0
5.52641,-0.26248,-1.86765,0
5.5265,-0.254194,-1.86778,0
5.52658,-0.245781,-1.86689,0
5.52667,-0.238137,-1.87191,0
5.52676,-0.229236,-1.86698,0
5.52685,-0.22144,-1.87094,0
5.52693,-0.213048,-1.8699,0
5.52702,-0.20565,-1.87777,0
5.52711,-0.196723,-1.87169,0
5.5272,-0.188654,-1.87353,0
5.52728,-0.180286,-1.87234,0
5.52737,-0.172389,-1.8761,0
5.52746,-0.164376,-1.87882,0
5.52754,-0.15659,-1.88451,0
5.52763,-0.150406,-1.91109,0
5.52772,-0.146661,-1.97356,0
5.52781,-0.139443,-1.99413,0
5.52789,-0.135319,-2.06457,0
5.52798,-0.130278,-2.13002,0
5.52807,-0.1224,-2.15553,0
5.52816,-0.114406,-2.183,0
5.52824,-0.105552,-2.19747,0
5.52833,-0.0953956,-2.18492,0
5.52842,-0.0854294,-2.17432,0
5.5285,-0.074999,-2.14769,0
5.52859,-0.0648333,-2.12201,0
5.52868,-0.0559925,-2.13827,0
5.52877,-0.0476655,-2.18448,0
5.52885,-0.0382557,-2.19167,0
5.52894,-0.028784,-2.19881,0
5.52903,-0.0190675,-2.18492,0
5.52912,-0.00958185,-2.19598,0
5.5292,-2.6466e-08,-2.197,0
5.52929,0.00959489,-2.19898,0
5.52938,0.0191547,-2.19492,0
5.52946,0.0287578,-2.19681,0
5.52955,0.0381858,-2.18767,0
5.52964,0.0479055,-2.19548,0
5.52973,0.057406,-2.19225,0
5.52981,0.0670625,-2.19498,0
5.5299,0.0766393,-2.19466,0
5.52999,0.0866856,-2.2063,0
5.53008,0.0958318,-2.19491,0
5.53016,0.10608,-2.20845,0
5.53025,0.11404,-2.17601,0
5.53034,0.118091,-2.07965,0
5.53042,0.12399,-2.02721,0
5.53051,0.139243,-2.12444,0
5.5306,0.154232,-2.20561,0
5.53069,0.163557,-2.20093,0
5.53077,0.173159,-2.2002,0
5.53086,0.18342,-2.20739,0
5.53095,0.192353,-2.1986,0
5.53104,0.202219,-2.20073,0
5.53112,0.211436,-2.19584,0
5.53121,0.221115,-2.1959,0
5.5313,0.230485,-2.19292,0
5.53138,0.241684,-2.2068,0
5.53147,0.250405,-2.19778,0
5.53156,0.260698,-2.20263,0
5.53165,0.269697,-2.1965,0
5.53173,0.279404,-2.1963,0
5.53182,0.289768,-2.20101,0
5.53191,0.300718,-2.20963,0
5.532,0.310078,-2.20632,0
5.53208,0.319271,-2.20197,0
5.53217,0.328728,-2.19957,0
5.53226,0.337562,-2.19317,0
5.53234,0.348536,-2.20057,0
5.53243,0.357652,-2.19607,0
5.53252,0.367561,-2.19646,0
5.53261,0.378157,-2.20075,0
5.53269,0.387235,-2.19612,0
5.53278,0.397348,-2.19736,0
5.53287,0.409119,-2.20741,0
5.53296,0.418933,-2.20658,0
5.53304,0.429511,-2.20964,0
5.53313,0.439538,-2.20971,0
5.53322,0.44778,-2.20091,0
5.5333,0.460027,-2.21166,0
5.53339,0.468217,-2.20279,0
5.53348,0.479309,-2.20757,0
5.53357,0.490669,-2.21326,0
5.53365,0.500542,-2.21208,0
5.53374,0.509064,-2.205,0
5.53383,0.520056,-2.2086,0
5.53392,0.530621,-2.2102,0
5.534,0.540022,-2.20689,0
5.53409,0.549405,-2.20354,0
5.53418,0.559014,-2.20112,0
5.53426,0.568112,-2.19673,0
5.53435,0.57871,-2.1981,0
5.53444,0.590884,-2.20521,0
5.53453,0.601026,-2.20454,0
5.53461,0.614648,-2.21635,0
5.5347,0.621599,-2.20402,0
5.53479,0.632036,-2.20417,0
5.53488,0.644166,-2.21003,0
5.53496,0.650963,-2.19761,0
5.53505,0.660546,-2.19475,0
5.53514,0.673917,-2.20428,0
5.53522,0.685604,-2.20801,0
5.53531,0.69433,-2.20213,0
5.5354,0.70698,-2.20861,0
5.53549,0.715992,-2.2036,0
5.53557,0.727479,-2.20615,0
5.53566,0.737099,-2.20296,0
5.53575,0.747668,-2.20256,0
5.53584,0.757271,-2.19928,0
5.53592,0.76686,-2.19595,0
5.53601,0.780107,-2.20295,0
5.5361,0.792415,-2.20706,0
5.53618,0.802037,-2.20358,0
5.53627,0.813029,-2.20381,0
5.53636,0.822287,-2.19931,0
5.53645,0.835418,-2.20505,0
5.53653,0.847182,-2.20698,0
5.53662,0.853542,-2.19488,0
5.53671,0.866409,-2.19951,0
5.5368,0.880074,-2.20592,0
5.53688,0.887818,-2.19743,0
5.53697,0.900805,-2.20186,0
5.53706,0.911169,-2.19976,0
5.53714,0.921919,-2.19853,0
5.53723,0.935019,-2.20277,0
5.53732,0.950148,-2.21153,0
5.53741,0.9562,-2.19911,0
5.53749,0.970619,-2.2059,0
5.53758,0.976575,-2.19342,0
5.53767,0.997225,-2.21376,0
5.53776,1.00107,-2.19665,0
5.53784,1.01609,-2.20406,0
5.53793,1.0295,-2.20777,0
5.53802,1.03827,-2.20144,0
5.5381,1.05389,-2.20953,0
5.53819,1.06352,-2.20491,0
5.53828,1.0762,-2.20654,0
5.53837,1.08936,-2.209,0
5.53845,1.09988,-2.20601,0
5.53854,1.11219,-2.20655,0
5.53863,1.12499,-2.20791,0
5.53871,1.13232,-2.19854,0
5.5388,1.14791,-2.20511,0
5.53889,1.16311,-2.2107,0
5.53898,1.17556,-2.2109,0
5.53906,1.18614,-2.20751,0
5.53915,1.19624,-2.20319,0
5.53924,1.2068,-2.19971,0
5.53933,1.22366,-2.20754,0
5.53941,1.23328,-2.20218,0
5.5395,1.2478,-2.20548,0
5.53959,1.26386,-2.2113,0
5.53967,1.277,-2.21183,0
5.53976,1.28714,-2.2071,0
5.53985,1.30082,-2.20836,0
5.53994,1.3176,-2.21469,0
5.54002,1.32571,-2.20635,0
5.54011,1.33895,-2.20653,0
5.5402,1.35536,-2.21175,0
5.54029,1.36447,-2.20496,0
5.54037,1.38097,-2.21001,0
5.54046,1.39487,-2.21073,0
5.54055,1.40396,-2.20378,0
5.54063,1.41681,-2.20268,0
5.54072,1.42478,-2.19396,0
5.54081,1.44256,-2.20027,0
5.5409,1.46208,-2.20896,0
5.54098,1.47226,-2.20339,0
5.54107,1.4936,-2.21436,0
5.54116,1.49988,-2.20286,0
5.54125,1.51967,-2.21113,0
5.54133,1.53272,-2.20941,0
5.54142,1.54694,-2.20925,0
5.54151,1.56349,-2.21228,0
5.54159,1.58009,-2.21521,0
5.54168,1.59675,-2.21803,0
5.54177,1.60583,-2.21023,0
5.54186,1.62078,-2.21046,0
5.54194,1.62922,-2.20176,0
5.54203,1.64659,-2.20505,0
5.54212,1.66883,-2.21462,0
5.54221,1.68393,-2.21448,0
5.54229,1.6881,-2.19997,0
5.54238,1.71421,-2.21393,0
5.54247,1.72939,-2.21352,0
5.54255,1.74708,-2.21616,0
5.54264,1.75985,-2.21243,0
5.54273,1.77825,-2.21565,0
5.54282,1.79482,-2.21642,0
5.5429,1.8108,-2.21631,0
5.54299,1.82936,-2.21919,0
5.54308,1.83839,-2.21042,0
5.54317,1.85637,-2.21234,0
5.54325,1.87699,-2.21719,0
5.54334,1.89574,-2.21962,0
5.54343,1.90802,-2.21436,0
5.54351,1.92225,-2.2113,0
5.5436,1.94177,-2.21417,0
5.54369,1.96467,-2.22065,0
5.54378,1.977,-2.21504,0
5.54386,1.97728,-2.19599,0
5.54395,1.98415,-2.18438,0
5.54404,1.98421,-2.16538,0
5.54413,1.98753,-2.1501,0
5.54421,1.98939,-2.13336,0
5.5443,1.98703,-2.11228,0
5.54439,1.99003,-2.09706,0
5.54447,1.98049,-2.06885,0
5.54456,1.98186,-2.05228,0
5.54465,1.98731,-2.04003,0
5.54474,1.98147,-2.01636,0
5.54482,1.98321,-2.00059,0
5.54491,1.97707,-1.97707,0
5.545,1.98071,-1.9635,0
5.54509,1.98355,-1.94923,0
5.54517,1.98057,-1.92939,0
5.54526,1.9825,-1.91448,0
5.54535,1.98217,-1.89751,0
5.54543,1.98027,-1.87921,0
5.54552,1.97389,-1.85685,0
5.54561,1.98416,-1.85026,0
5.5457,1.97386,-1.82462,0
5.54578,1.98328,-1.81734,0
5.54587,1.98304,-1.80127,0
5.54596,1.97974,-1.78256,0
5.54605,1.97631,-1.76392,0
5.54613,1.96526,-1.73872,0
5.54622,1.97358,-1.73078,0
5.54631,1.97206,-1.71428,0
5.54639,1.97952,-1.70566,0
5.54648,1.98314,-1.69376,0
5.54657,1.98135,-1.67734,0
5.54666,1.97946,-1.66096,0
5.54674,1.98054,-1.64719,0
5.54683,1.98076,-1.63281,0
5.54692,1.9747,-1.6134,0
5.54701,1.97084,-1.59596,0
5.54709,1.97623,-1.58609,0
5.54718,1.97922,-1.57434,0
5.54727,1.97821,-1.5595,0
5.54735,1.97633,-1.54408,0
5.54744,1.97751,-1.53116,0
5.54753,1.98021,-1.51947,0
5.54762,1.97647,-1.50295,0
5.5477,1.97263,-1.48648,0
5.54779,1.9783,-1.47726,0
5.54788,1.96945,-1.45732,0
5.54797,1.9774,-1.44989,0
5.54805,1.97805,-1.43713,0
5.54814,1.97943,-1.42498,0
5.54823,1.9726,-1.40704,0
5.54831,1.96892,-1.3915,0
5.5484,1.9717,-1.3806,0
5.54849,1.97606,-1.37084,0
5.54858,1.97873,-1.35994,0
5.54866,1.96315,-1.33666,0
5.54875,1.97062,-1.3292,0
5.54884,1.98139,-1.32392,0
5.54893,1.96797,-1.30257,0
5.54901,1.97196,-1.29288,0
5.5491,1.97255,-1.28099,0
5.54919,1.97476,-1.27021,0
5.54927,1.97691,-1.25943,0
5.54936,1.97985,-1.24919,0
5.54945,1.9785,-1.2363,0
5.54954,1.98217,-1.2266,0
5.54962,1.97813,-1.2122,0
5.54971,1.97314,-1.19733,0
5.5498,1.97406,-1.18613,0
5.54989,1.96976,-1.17188,0
5.54997,1.97399,-1.16277,0
5.55006,1.97559,-1.15213,0
5.55015,1.978,-1.142,0
5.55023,1.97081,-1.12641,0
5.55032,1.97223,-1.11583,0
5.55041,1.97882,-1.10819,0
5.5505,1.97314,-1.09373,0
5.55058,1.97088,-1.08126,0
5.55067,1.98173,-1.07599,0
5.55076,1.98112,-1.0645,0
5.55085,1.9778,-1.05162,0
5.55093,1.97264,-1.03785,0
5.55102,1.98513,-1.03339,0
5.55111,1.97451,-1.01694,0
5.55119,1.97982,-1.00877,0
5.55128,1.9842,-1.00012,0
5.55137,1.98049,-0.987436,0
5.55146,1.98209,-0.977458,0
5.55154,1.98454,-0.967924,0
5.55163,1.98784,-0.958821,0
5.55172,1.98117,-0.944972,0
5.5518,1.97714,-0.932479,0
5.55189,1.9821,-0.924266,0
5.55198,1.97975,-0.912678,0
5.55207,1.98372,-0.904031,0
5.55215,1.98399,-0.893724,0
5.55224,1.98239,-0.882619,0
5.55233,1.98256,-0.872349,0
5.55242,1.97626,-0.859304,0
5.5525,1.97908,-0.850278,0
5.55259,1.97356,-0.837728,0
5.55268,1.97628,-0.828722,0
5.55276,1.97803,-0.819325,0
5.55285,1.97788,-0.809172,0
5.55294,1.97768,-0.799036,0
5.55303,1.98022,-0.790029,0
5.55311,1.98365,-0.781381,0
5.5532,1.98145,-0.770543,0
5.55329,1.97359,-0.75759,0
5.55338,1.97688,-0.748971,0
5.55346,1.98013,-0.740339,0
5.55355,1.98521,-0.732384,0
5.55364,1.98369,-0.722005,0
5.55372,1.97647,-0.709625,0
5.55381,1.9786,-0.700661,0
5.5539,1.97881,-0.691032,0
5.55399,1.97897,-0.681414,0
5.55407,1.97908,-0.671808,0
5.55416,1.97441,-0.660628,0
5.55425,1.97917,-0.652633,0
5.55434,1.97249,-0.640901,0
5.55442,1.9867,-0.635947,0
5.55451,1.96943,-0.620958,0
5.5546,1.98262,-0.61562,0
5.55468,1.9719,-0.602871,0
5.55477,1.98217,-0.596566,0
5.55486,1.97133,-0.583936,0
5.55495,1.97098,-0.574489,0
5.55503,1.97251,-0.565608,0
5.55512,1.98843,-0.560796,0
5.55521,1.97544,-0.547839,0
5.5553,1.98264,-0.540529,0
5.55538,1.97822,-0.530061,0
5.55547,1.98535,-0.522698,0
5.55556,1.98373,-0.513029,0
5.55564,1.98595,-0.504368,0
5.55573,1.98717,-0.495456,0
5.55582,1.98445,-0.485592,0
5.55591,1.98947,-0.477629,0
5.55599,1.98861,-0.468256,0
5.55608,1.977,-0.456426,0
5.55617,1.97994,-0.448016,0
5.55626,1.97309,-0.437424,0
5.55634,1.96619,-0.426902,0
5.55643,1.91717,-0.407507,0
5.55652,1.76816,-0.367777,0
5.5566,1.71487,-0.348894,0
5.55669,1.69676,-0.337506,0
5.55678,1.69331,-0.329146,0
5.55687,1.69473,-0.321754,0
5.55695,1.6912,-0.313445,0
5.55704,1.69353,-0.306241,0
5.55713,1.6919,-0.298328,0
5.55722,1.70403,-0.292805,0
5.5573,1.68951,-0.282727,0
5.55739,1.69862,-0.276638,0
5.55748,1.68993,-0.267659,0
5.55756,1.69899,-0.2615,0
5.55765,1.69221,-0.252902,0
5.55774,1.6923,-0.245372,0
5.55783,1.69138,-0.237708,0
5.55791,1.68844,-0.229786,0
5.558,1.69339,-0.222939,0
5.55809,1.68839,-0.214791,0
5.55818,1.69328,-0.207909,0
5.55826,1.69318,-0.200401,0
5.55835,1.69801,-0.193464,0
5.55844,1.70083,-0.186271,0
5.55852,1.70461,-0.179162,0
5.55861,1.69244,-0.17042,0
5.5587,1.6862,-0.162363,0
5.55879,1.67295,-0.153723,0
5.55887,1.66962,-0.146073,0
5.55896,1.66626,-0.138455,0
5.55905,1.66086,-0.130713,0
5.55914,1.65843,-0.123242,0
5.55922,1.65995,-0.116075,0
5.55931,1.66543,-0.109158,0
5.5594,1.65191,-0.101035,0
5.55948,1.65134,-0.0937699,0
5.55957,1.64474,-0.0861974,0
5.55966,1.65709,-0.0795958,0
5.55975,1.64443,-0.0717975,0
5.55983,1.64573,-0.064661,0
5.55992,1.65599,-0.0578285,0
5.56001,1.66722,-0.0509383,0
5.5601,1.65943,-0.0434538,0
5.56018,1.65361,-0.0360819,0
5.56027,1.67075,-0.029163,0
5.56036,1.66886,-0.0218466,0
5.56044,1.66894,-0.0145646,0
5.56053,1.67698,-0.00731731,0
5.56062,1.689,-4.08981e-08,0
5.56071,1.68498,0.00735214,0
5.56079,1.68994,0.0147478,0
5.56088,1.68786,0.0220952,0
5.56097,1.69774,0.0296341,0
5.56106,1.6946,0.0369762,0
5.56114,1.68842,0.0442128,0
5.56123,1.68621,0.0515184,0
5.56132,1.68697,0.0589103,0
5.5614,1.69269,0.0665061,0
5.56149,1.68739,0.0736731,0
5.56158,1.69505,0.0814188,0
5.56167,1.68868,0.0885001,0
5.56175,1.69327,0.0961509,0
5.56184,1.68585,0.103111,0
5.56193,1.69337,0.110989,0
5.56202,1.69087,0.118237,0
5.5621,1.68136,0.124947,0
5.56219,1.69077,0.133067,0
5.56228,1.70114,0.141354,0
5.56236,1.73139,0.151477,0
5.56245,1.81834,0.167082,0
5.56254,1.95894,0.188624,0
5.56263,1.97899,0.199274,0
5.56271,1.98606,0.208743,0
5.5628,1.98016,0.216863,0
5.56289,1.97721,0.225274,0
5.56298,1.96826,0.232959,0
5.56306,1.98608,0.24386,0
5.56315,1.98302,0.252272,0
5.56324,1.98091,0.260791,0
5.56332,1.97678,0.269028,0
5.56341,1.98747,0.27932,0
5.5635,1.99019,0.288564,0
5.56359,1.99089,0.29754,0
5.56367,1.98068,0.304855,0
5.56376,1.97834,0.313338,0
5.56385,1.98781,0.323735,0
5.56393,1.98835,0.332736,0
5.56402,1.9859,0.341239,0
5.56411,1.98537,0.350075,0
5.5642,1.98776,0.359446,0
5.56428,1.98912,0.368662,0
5.56437,1.98258,0.376405,0
5.56446,1.97994,0.384862,0
5.56455,1.97628,0.393107,0
5.56463,1.98337,0.403521,0
5.56472,1.98355,0.412578,0
5.56481,1.98662,0.422269,0
5.56489,1.9828,0.430508,0
5.56498,1.99164,0.441537,0
5.56507,1.98677,0.449561,0
5.56516,1.97992,0.457101,0
5.56524,1.98764,0.468027,0
5.56533,1.98558,0.476695,0
5.56542,1.97668,0.483691,0
5.56551,1.98231,0.494246,0
5.56559,1.98305,0.50363,0
5.56568,1.97889,0.511777,0
5.56577,1.98341,0.522189,0
5.56585,1.97532,0.529285,0
5.56594,1.98071,0.540003,0
5.56603,1.97833,0.54864,0
5.56612,1.98073,0.558624,0
5.5662,1.97828,0.567262,0
5.56629,1.97386,0.575328,0
5.56638,1.98476,0.587912,0
5.56647,1.97834,0.595413,0
5.56655,1.98433,0.606671,0
5.56664,1.98262,0.61562,0
5.56673,1.97801,0.623664,0
5.56681,1.98003,0.633813,0
5.5669,1.98295,0.6443,0
5.56699,1.99057,0.656391,0
5.56708,1.98579,0.664436,0
5.56716,1.98571,0.674058,0
5.56725,1.98181,0.682391,0
5.56734,1.9892,0.694658,0
5.56743,1.98426,0.702663,0
5.56751,1.98494,0.712666,0
5.5676,1.97899,0.720294,0
5.56769,1.98427,0.732038,0
5.56777,1.98668,0.74279,0
5.56786,1.99464,0.755703,0
5.56795,1.98666,0.762607,0
5.56804,1.99356,0.775255,0
5.56812,1.99482,0.785779,0
5.56821,1.99601,0.796328,0
5.5683,1.99994,0.808026,0
5.56839,1.98899,0.813716,0
5.56847,1.99281,0.825448,0
5.56856,1.9938,0.836069,0
5.56865,1.9975,0.847887,0
5.56873,1.98918,0.85462,0
5.56882,1.9891,0.864887,0
5.56891,1.98256,0.872349,0
5.569,1.98148,0.882212,0
5.56908,1.99767,0.899885,0
5.56917,1.99464,0.909007,0
5.56926,1.99973,0.921889,0
5.56935,1.99206,0.928915,0
5.56943,1.99251,0.939731,0
5.56952,1.99381,0.950999,0
5.56961,1.99685,0.963165,0
5.56969,1.99442,0.972746,0
5.56978,1.99464,0.98365,0
5.56987,1.99749,0.995914,0
5.56996,1.99492,1.00552,0
5.57004,1.99764,1.01785,0
5.57013,1.99495,1.02747,0
5.57022,1.99577,1.03893,0
5.57031,1.98503,1.04437,0
5.57039,1.99105,1.05866,0
5.57048,1.99434,1.0716,0
5.57057,1.9914,1.08124,0
5.57065,1.99017,1.09184,0
5.57074,1.99413,1.10537,0
5.57083,1.99714,1.11845,0
5.57092,1.99311,1.12765,0
5.571,1.99078,1.13782,0
5.57109,1.99186,1.15,0
5.57118,1.99805,1.16523,0
5.57127,1.99036,1.17241,0
5.57135,1.99124,1.18467,0
5.57144,1.99377,1.19798,0
5.57153,1.9928,1.20926,0
5.57161,1.99262,1.22108,0
5.5717,1.99238,1.23292,0
5.57179,1.99546,1.2469,0
5.57188,1.98408,1.25186,0
5.57196,1.9845,1.26427,0
5.57205,1.99747,1.28481,0
5.57214,1.99771,1.29733,0
5.57223,1.99705,1.30932,0
5.57231,1.99215,1.31858,0
5.5724,1.99636,1.33392,0
5.57249,1.99715,1.3471,0
5.57257,1.99291,1.35692,0
5.57266,1.99191,1.369,0
5.57275,1.99989,1.38737,0
5.57284,2.00037,1.40067,0
5.57292,1.99832,1.41227,0
5.57301,1.99784,1.42505,0
5.5731,2.00134,1.44076,0
5.57319,1.99423,1.44889,0
5.57327,1.99756,1.46467,0
5.57336,1.99839,1.47873,0
5.57345,1.98551,1.48265,0
5.57353,1.9918,1.50093,0
5.57362,1.99797,1.51929,0
5.57371,2.00639,1.53956,0
5.5738,2.00124,1.54952,0
5.57388,1.99367,1.55762,0
5.57397,2.00491,1.58055,0
5.57406,1.99643,1.58803,0
5.57415,1.99884,1.60424,0
5.57423,1.9996,1.61924,0
5.57432,2.01032,1.6425,0
5.57441,2.00777,1.65508,0
5.57449,2.00745,1.66958,0
5.57458,2.01929,1.69439,0
5.57467,2.00883,1.7006,0
5.57476,2.01051,1.71714,0
5.57484,2.00679,1.72916,0
5.57493,1.99847,1.73724,0
5.57502,2.0014,1.75518,0
5.57511,1.99971,1.7692,0
5.57519,2.0054,1.78989,0
5.57528,2.01244,1.81201,0
5.57537,2.00377,1.8201,0
5.57545,2.00834,1.84031,0
5.57554,2.00764,1.85584,0
5.57563,2.0061,1.87072,0
5.57572,2.00593,1.88699,0
5.5758,2.00131,1.89917,0
5.57589,2.006,1.92033,0
5.57598,2.00768,1.93879,0
5.57607,2.00493,1.95312,0
5.57615,2.00495,1.97026,0
5.57624,2.00982,1.99236,0
5.57633,2.01101,2.01101,0
5.57641,2.00785,2.02545,0
5.5765,2.01231,2.04774,0
5.57659,2.00196,2.05507,0
5.57668,2.00478,2.07601,0
5.57676,2.00954,2.09919,0
5.57685,2.00793,2.11592,0
5.57694,1.9932,2.11883,0
5.57702,1.97575,2.11873,0
5.57711,1.96038,2.12072,0
5.5772,1.9403,2.11746,0
5.57729,1.93037,2.12517,0
5.57737,1.91371,2.12539,0
5.57746,1.88911,2.11656,0
5.57755,1.87323,2.1173,0
5.57764,1.85474,2.11493,0
5.57772,1.84221,2.11922,0
5.57781,1.82512,2.11815,0
5.5779,1.80612,2.11469,0
5.57798,1.79558,2.12102,0
5.57807,1.77731,2.11811,0
5.57816,1.76229,2.11893,0
5.57825,1.74222,2.11348,0
5.57833,1.73425,2.12261,0
5.57842,1.71804,2.12161,0
5.57851,1.70439,2.12363,0
5.5786,1.68639,2.12009,0
5.57868,1.67093,2.11957,0
5.57877,1.65675,2.12054,0
5.57886,1.64197,2.12063,0
5.57894,1.62661,2.11984,0
5.57903,1.61069,2.11816,0
5.57912,1.60263,2.12677,0
5.57921,1.58436,2.12172,0
5.57929,1.56914,2.12057,0
5.57938,1.55751,2.12418,0
5.57947,1.53706,2.11558,0
5.57956,1.52255,2.11496,0
5.57964,1.50692,2.11263,0
5.57973,1.50346,2.12735,0
5.57982,1.48499,2.12078,0
5.5799,1.47116,2.12067,0
5.57999,1.45736,2.12048,0
5.58008,1.44359,2.1202,0
5.58017,1.42874,2.11819,0
5.58025,1.4167,2.12025,0
5.58034,1.40358,2.12057,0
5.58043,1.39102,2.12166,0
5.58052,1.37794,2.12184,0
5.5806,1.36542,2.12278,0
5.58069,1.35238,2.12282,0
5.58078,1.33937,2.12278,0
5.58086,1.32003,2.11249,0
5.58095,1.31027,2.11738,0
5.58104,1.30259,2.12563,0
5.58113,1.28708,2.12104,0
5.58121,1.27369,2.11977,0
5.5813,1.26801,2.13133,0
5.58139,1.24956,2.12133,0
5.58148,1.23525,2.11812,0
5.58156,1.2235,2.11916,0
5.58165,1.20878,2.11493,0
5.58174,1.20299,2.12628,0
5.58182,1.18784,2.12104,0
5.58191,1.17566,2.12095,0
5.582,1.16399,2.12168,0
5.58209,1.15329,2.1241,0
5.58217,1.13549,2.11326,0
5.58226,1.12908,2.12349,0
5.58235,1.11794,2.12486,0
5.58244,1.10219,2.11729,0
5.58252,1.09111,2.11853,0
5.58261,1.08549,2.1304,0
5.5827,1.07033,2.1235,0
5.58278,1.0566,2.1192,0
5.58287,1.04867,2.12649,0
5.58296,1.03324,2.11846,0
5.58305,1.02659,2.12835,0
5.58313,1.01471,2.12739,0
5.58322,1.0003,2.12095,0
5.58331,0.987236,2.11713,0
5.5834,0.979664,2.12505,0
5.58348,0.968309,2.12476,0
5.58357,0.956564,2.12349,0
5.58366,0.945663,2.12399,0
5.58374,0.933164,2.12078,0
5.58383,0.923104,2.12299,0
5.58392,0.910279,2.11873,0
5.58401,0.901417,2.1236,0
5.58409,0.889049,2.12014,0
5.58418,0.879789,2.124,0
5.58427,0.867105,2.11949,0
5.58436,0.854103,2.11398,0
5.58444,0.849688,2.12976,0
5.58453,0.836722,2.12414,0
5.58462,0.825996,2.12405,0
5.5847,0.813854,2.12016,0
5.58479,0.804595,2.12369,0
5.58488,0.795321,2.12718,0
5.58497,0.783955,2.125,0
5.58505,0.772966,2.12371,0
5.58514,0.76234,2.12329,0
5.58523,0.754404,2.13037,0
5.58532,0.740485,2.12042,0
5.5854,0.731552,2.12458,0
5.58549,0.72131,2.12491,0
5.58558,0.71108,2.12519,0
5.58566,0.699608,2.12163,0
5.58575,0.690344,2.12466,0
5.58584,0.678628,2.12003,0
5.58593,0.669371,2.12297,0
5.58601,0.659509,2.12396,0
5.5861,0.651112,2.12969,0
5.58619,0.639508,2.12485,0
5.58628,0.628526,2.12187,0
5.58636,0.618702,2.12267,0
5.58645,0.609434,2.12535,0
5.58654,0.601241,2.13184,0
5.58662,0.589795,2.12673,0
5.58671,0.579984,2.12736,0
5.5868,0.568884,2.1231,0
5.58689,0.561652,2.1333,0
5.58697,0.550335,2.12799,0
5.58706,0.541291,2.13134,0
5.58715,0.530293,2.12689,0
5.58724,0.520294,2.12627,0
5.58732,0.512646,2.13532,0
5.58741,0.499199,2.12002,0
5.5875,0.489719,2.1212,0
5.58758,0.483548,2.13698,0
5.58767,0.473786,2.13711,0
5.58776,0.46085,2.12255,0
5.58785,0.453248,2.13236,0
5.58793,0.442717,2.12844,0
5.58802,0.433426,2.13036,0
5.58811,0.422371,2.1234,0
5.5882,0.413483,2.12719,0
5.58828,0.404757,2.13192,0
5.58837,0.394358,2.12776,0
5.58846,0.385604,2.13242,0
5.58854,0.375948,2.13211,0
5.58863,0.365795,2.1288,0
5.58872,0.356173,2.1284,0
5.58881,0.346079,2.125,0
5.58889,0.336334,2.12353,0
5.58898,0.326457,2.12102,0
5.58907,0.31646,2.11748,0
5.58915,0.307648,2.12181,0
5.58924,0.299779,2.13304,0
5.58933,0.290199,2.13234,0
5.58942,0.279979,2.12665,0
5.5895,0.271075,2.13083,0
5.58959,0.26275,2.13993,0
5.58968,0.252235,2.13112,0
5.58977,0.242368,2.12724,0
5.58985,0.233302,2.13026,0
5.58994,0.223586,2.12728,0
5.59003,0.214202,2.12724,0
5.59011,0.205877,2.13811,0
5.5902,0.196363,2.137,0
5.59029,0.186688,2.13385,0
5.59038,0.177044,2.13066,0
5.59046,0.167589,2.12942,0
5.59055,0.157555,2.12015,0
5.59064,0.148302,2.12082,0
5.59073,0.139636,2.13043,0
5.59081,0.130522,2.13401,0
5.5909,0.120812,2.12757,0
5.59099,0.111423,2.12608,0
5.59107,0.102385,2.13154,0
5.59116,0.0932147,2.13497,0
5.59125,0.0840161,2.13835,0
5.59134,0.0744058,2.1307,0
5.59142,0.0653525,2.139,0
5.59151,0.0558879,2.13427,0
5.5916,0.046553,2.13349,0
5.59169,0.0371912,2.13068,0
5.59177,0.0279856,2.13782,0
5.59186,0.0186051,2.13192,0
5.59195,0.00927647,2.12598,0
5.59203,7.76399e-08,2.134,0
5.59212,-0.00930686,2.13298,0
5.59221,-0.0185176,2.12192,0
5.5923,-0.027776,2.12182,0
5.59238,-0.0372259,2.13267,0
5.59247,-0.0466183,2.13649,0
5.59256,-0.0558615,2.13327,0
5.59265,-0.0650775,2.13001,0
5.59273,-0.0742312,2.1257,0
5.59282,-0.08327,2.11936,0
5.59291,-0.0929528,2.12897,0
5.59299,-0.102577,2.13554,0
5.59308,-0.111633,2.13008,0
5.59317,-0.120756,2.12657,0
5.59326,-0.130522,2.13401,0
5.59334,-0.139505,2.12843,0
5.59343,-0.148232,2.11982,0
5.59352,-0.157777,2.12315,0
5.59361,-0.167353,2.12642,0
5.59369,-0.176464,2.12368,0
5.59378,-0.185554,2.1209,0
5.59387,-0.194807,2.12007,0
5.59395,-0.20511,2.13015,0
5.59404,-0.214503,2.13023,0
5.59413,-0.223586,2.12728,0
5.59422,-0.232866,2.12629,0
5.5943,-0.242368,2.12724,0
5.59439,-0.251883,2.12815,0
5.59448,-0.2608,2.12405,0
5.59457,-0.26994,2.1219,0
5.59465,-0.28024,2.12863,0
5.59474,-0.289525,2.12739,0
5.59483,-0.298109,2.12115,0
5.59491,-0.309514,2.13468,0
5.595,-0.318086,2.12836,0
5.59509,-0.327674,2.12893,0
5.59518,-0.337273,2.12946,0
5.59526,-0.347365,2.1329,0
5.59535,-0.355182,2.12249,0
5.59544,-0.365117,2.12486,0
5.59553,-0.374733,2.12522,0
5.59561,-0.385426,2.13143,0
5.5957,-0.394904,2.13071,0
5.59579,-0.402705,2.12111,0
5.59587,-0.412529,2.12228,0
5.59596,-0.422566,2.12438,0
5.59605,-0.432628,2.12644,0
5.59614,-0.441495,2.12257,0
5.59622,-0.452832,2.13041,0
5.59631,-0.461062,2.12352,0
5.5964,-0.471622,2.12735,0
5.59649,-0.4809,2.12527,0
5.59657,-0.492193,2.13192,0
5.59666,-0.499886,2.12294,0
5.59675,-0.509144,2.12074,0
5.59683,-0.518631,2.11947,0
5.59692,-0.529083,2.12204,0
5.59701,-0.538583,2.12068,0
5.5971,-0.549334,2.12412,0
5.59718,-0.558087,2.11976,0
5.59727,-0.570955,2.13083,0
5.59736,-0.578932,2.1235,0
5.59745,-0.591398,2.13251,0
5.59753,-0.59744,2.11836,0
5.59762,-0.609434,2.12535,0
5.59771,-0.619821,2.12651,0
5.59779,-0.62881,2.12283,0
5.59788,-0.642389,2.13443,0
5.59797,-0.64848,2.12108,0
5.59806,-0.66277,2.13447,0
5.59814,-0.661853,2.09913,0
5.59823,-0.230477,0.720011,0
5.59832,-0.222492,0.684761,0
5.59841,-0.236439,0.717023,0
5.59849,-0.224652,0.671413,0
5.59858,-0.222758,0.656223,0
5.59867,-0.225293,0.654299,0
5.59875,-0.226168,0.647645,0
5.59884,-0.224652,0.634398,0
5.59893,-0.224377,0.624941,0
5.59902,-0.226759,0.623016,0
5.5991,-0.223245,0.605133,0
5.59919,-0.22028,0.589167,0
5.59928,-0.22214,0.58633,0
5.59937,-0.225413,0.587222,0
5.59945,-0.227611,0.585301,0
5.59954,-0.225398,0.572207,0
5.59963,-0.224558,0.562859,0
5.59971,-0.222891,0.551674,0
5.5998,-0.225296,0.550697,0
5.59989,-0.224635,0.542317,0
5.59998,-0.224679,0.535799,0
5.60006,-0.225061,0.530211,0
5.60015,-0.216714,0.504416,0
5.60024,-0.223698,0.514471,0
5.60033,-0.221913,0.504337,0
5.60041,-0.227773,0.511585,0
5.6005,-0.221377,0.49144,0
5.60059,-0.223934,0.491379,0
5.60067,-0.224402,0.486765,0
5.60076,-0.221875,0.475812,0
5.60085,-0.21883,0.463986,0
5.60094,-0.215686,0.452195,0
5.60102,-0.211575,0.43864,0
5.60111,-0.209103,0.428725,0
5.6012,-0.212741,0.431396,0
5.60129,-0.208374,0.417934,0
5.60137,-0.207945,0.412556,0
5.60146,-0.212014,0.4161,0
5.60155,-0.211538,0.410726,0
5.60163,-0.209634,0.402703,0
5.60172,-0.208595,0.396474,0
5.60181,-0.20469,0.384965,0
5.6019,-0.2182,0.406091,0
5.60198,-0.22331,0.411286,0
5.60207,-0.222217,0.405048,0
5.60216,-0.219134,0.395328,0
5.60224,-0.225254,0.402221,0
5.60233,-0.234394,0.414289,0
5.60242,-0.231237,0.404581,0
5.60251,-0.2315,0.40097,0
5.60259,-0.23627,0.405139,0
5.60268,-0.231945,0.393765,0
5.60277,-0.238263,0.400483,0
5.60286,-0.230737,0.384011,0
5.60294,-0.233967,0.385565,0
5.60303,-0.238782,0.389657,0
5.60312,-0.254161,0.41072,0
5.6032,-0.246412,0.394342,0
5.60329,-0.248131,0.393263,0
5.60338,-0.230502,0.361815,0
5.60347,-0.237488,0.369216,0
5.60355,-0.234739,0.361467,0
5.60364,-0.235766,0.359603,0
5.60373,-0.232917,0.3519,0
5.60382,-0.230006,0.344228,0
5.6039,-0.223118,0.330786,0
5.60399,-0.222871,0.32733,0
5.60408,-0.222598,0.323882,0
5.60416,-0.226859,0.327015,0
5.60425,-0.224268,0.320288,0
5.60434,-0.233744,0.33074,0
5.60443,-0.228216,0.319947,0
5.60451,-0.222015,0.308398,0
5.6046,-0.218068,0.300145,0
5.60469,-0.232976,0.317739,0
5.60478,-0.234955,0.317523,0
5.60486,-0.22138,0.296464,0
5.60495,-0.225079,0.29869,0
5.60504,-0.226985,0.298501,0
5.60512,-0.22585,0.294334,0
5.60521,-0.221623,0.28623,0
5.6053,-0.230873,0.295504,0
5.60539,-0.221017,0.280358,0
5.60547,-0.239046,0.300522,0
5.60556,-0.229714,0.286218,0
5.60565,-0.229073,0.282881,0
5.60574,-0.232203,0.284202,0
5.60582,-0.22708,0.27547,0
5.60591,-0.22764,0.273708,0
5.606,-0.233975,0.27884,0
5.60608,-0.235835,0.27858,0
5.60617,-0.229255,0.268423,0
5.60626,-0.230424,0.26742,0
5.60635,-0.230277,0.264903,0
5.60643,-0.237364,0.270662,0
5.60652,-0.225291,0.254645,0
5.60661,-0.235722,0.264104,0
5.6067,-0.231519,0.257128,0
5.60678,-0.229949,0.253155,0
5.60687,-0.214162,0.233717,0
5.60696,-0.21518,0.23278,0
5.60704,-0.204599,0.219406,0
5.60713,-0.199388,0.211956,0
5.60722,-0.299434,0.315538,0
5.60731,-0.184634,0.192871,0
5.60739,-0.135458,0.140271,0
5.60748,-0.124207,0.127502,0
5.60757,-0.101632,0.103421,0
5.60766,-0.0908179,0.0916139,0
5.60774,-0.0615183,0.0615183,0
