7200
1889
1.64061
1.65632,-0.086267,-0.086267,0
1.6564,-0.0718095,-0.0724389,0
1.65649,-0.108641,-0.110554,0
1.65658,-0.112344,-0.115325,0
1.65667,-0.116008,-0.12013,0
1.65675,-0.11894,-0.124247,0
1.65684,-0.149373,-0.157406,0
1.65693,-0.133611,-0.142032,0
1.65702,-0.14322,-0.153584,0
1.6571,-0.139154,-0.150536,0
1.65719,-0.152683,-0.166625,0
1.65728,-0.16204,-0.178393,0
1.65736,-0.165275,-0.183557,0
1.65745,-0.161143,-0.180546,0
1.65754,-0.161017,-0.181996,0
1.65763,-0.166155,-0.189464,0
1.65771,-0.167951,-0.193206,0
1.6578,-0.176245,-0.204543,0
1.65789,-0.170155,-0.199226,0
1.65798,-0.184145,-0.217521,0
1.65806,-0.248759,-0.296459,0
1.65815,-0.274959,-0.330602,0
1.65824,-0.260156,-0.315594,0
1.65832,-0.257511,-0.315178,0
1.65841,-0.224667,-0.277441,0
1.6585,-0.251621,-0.313514,0
1.65859,-0.277019,-0.348261,0
1.65867,-0.292212,-0.37067,0
1.65876,-0.295518,-0.378245,0
1.65885,-0.297538,-0.384275,0
1.65894,-0.299511,-0.39033,0
1.65902,-0.28812,-0.378897,0
1.65911,-0.276233,-0.366574,0
1.6592,-0.259075,-0.346943,0
1.65928,-0.271239,-0.366559,0
1.65937,-0.274959,-0.374997,0
1.65946,-0.279198,-0.384283,0
1.65955,-0.285114,-0.396048,0
1.65963,-0.300804,-0.421712,0
1.65972,-0.294921,-0.417304,0
1.65981,-0.296539,-0.423502,0
1.6599,-0.274738,-0.396034,0
1.65998,-0.258848,-0.376626,0
1.66007,-0.261141,-0.383538,0
1.66016,-0.260025,-0.385502,0
1.66024,-0.263896,-0.394948,0
1.66033,-0.283696,-0.428617,0
1.66042,-0.293885,-0.448249,0
1.66051,-0.295739,-0.455398,0
1.66059,-0.294831,-0.458366,0
1.66068,-0.305723,-0.47989,0
1.66077,-0.303627,-0.481219,0
1.66086,-0.306293,-0.490172,0
1.66094,-0.299416,-0.48385,0
1.66103,-0.299392,-0.488563,0
1.66112,-0.297776,-0.490719,0
1.6612,-0.295632,-0.492014,0
1.66129,-0.293994,-0.494159,0
1.66138,-0.293865,-0.498883,0
1.66147,-0.2937,-0.503616,0
1.66155,-0.3045,-0.527409,0
1.66164,-0.296241,-0.518315,0
1.66173,-0.297916,-0.526565,0
1.66182,-0.298059,-0.532223,0
1.6619,-0.298643,-0.538766,0
1.66199,-0.295808,-0.539187,0
1.66208,-0.292975,-0.539594,0
1.66216,-0.299138,-0.556723,0
1.66225,-0.301401,-0.566852,0
1.66234,-0.299856,-0.569932,0
1.66243,-0.296443,-0.569461,0
1.66251,-0.300823,-0.584084,0
1.6626,-0.300088,-0.588955,0
1.66269,-0.298415,-0.592045,0
1.66278,-0.300737,-0.603186,0
1.66286,-0.305179,-0.618842,0
1.66295,-0.30423,-0.623763,0
1.66304,-0.296292,-0.614276,0
1.66312,-0.295331,-0.619173,0
1.66321,-0.293906,-0.62317,0
1.6633,-0.288648,-0.619008,0
1.66339,-0.288038,-0.624803,0
1.66347,-0.294432,-0.646073,0
1.66356,-0.302289,-0.671057,0
1.66365,-0.297325,-0.667802,0
1.66374,-0.299241,-0.680076,0
1.66382,-0.295872,-0.680459,0
1.66391,-0.296453,-0.690012,0
1.664,-0.296565,-0.698663,0
1.66408,-0.292353,-0.697184,0
1.66417,-0.29658,-0.716007,0
1.66426,-0.302919,-0.740432,0
1.66435,-0.293692,-0.726912,0
1.66443,-0.297187,-0.744905,0
1.66452,-0.296866,-0.753638,0
1.66461,-0.293937,-0.755858,0
1.6647,-0.288486,-0.751532,0
1.66478,-0.273867,-0.72286,0
1.66487,-0.213276,-0.570433,0
1.66496,-0.191057,-0.517882,0
1.66504,-0.171352,-0.470786,0
1.66513,-0.168283,-0.468706,0
1.66522,-0.170242,-0.480747,0
1.66531,-0.166494,-0.476765,0
1.66539,-0.161807,-0.469923,0
1.66548,-0.162327,-0.4782,0
1.66557,-0.164998,-0.493128,0
1.66565,-0.154077,-0.467252,0
1.66574,-0.151109,-0.465067,0
1.66583,-0.152127,-0.475246,0
1.66592,-0.150353,-0.476858,0
1.666,-0.143823,-0.463185,0
1.66609,-0.142677,-0.466677,0
1.66618,-0.138334,-0.459634,0
1.66627,-0.138315,-0.466945,0
1.66635,-0.137116,-0.470424,0
1.66644,-0.132306,-0.461406,0
1.66653,-0.13382,-0.47449,0
1.66661,-0.125068,-0.450979,0
1.6667,-0.128096,-0.469851,0
1.66679,-0.11828,-0.441428,0
1.66688,-0.123227,-0.46805,0
1.66696,-0.123437,-0.477297,0
1.66705,-0.118646,-0.467169,0
1.66714,-0.111042,-0.445366,0
1.66723,-0.108622,-0.443903,0
1.66731,-0.105517,-0.439511,0
1.6674,-0.106349,-0.451648,0
1.66749,-0.101003,-0.437492,0
1.66757,-0.101079,-0.446707,0
1.66766,-0.0978307,-0.441286,0
1.66775,-0.0984504,-0.453435,0
1.66784,-0.0933524,-0.439188,0
1.66792,-0.095508,-0.459172,0
1.66801,-0.0935036,-0.459585,0
1.6681,-0.0895465,-0.45018,0
1.66819,-0.08491,-0.436824,0
1.66827,-0.0846819,-0.446032,0
1.66836,-0.0834639,-0.450331,0
1.66845,-0.0813202,-0.449707,0
1.66853,-0.0767525,-0.435285,0
1.66862,-0.0773927,-0.450399,0
1.66871,-0.0759219,-0.453691,0
1.6688,-0.074906,-0.45994,0
1.66888,-0.0721163,-0.455324,0
1.66897,-0.0667822,-0.433891,0
1.66906,-0.0672533,-0.450002,0
1.66915,-0.0611279,-0.421591,0
1.66923,-0.0629062,-0.447601,0
1.66932,-0.0623011,-0.45778,0
1.66941,-0.0593894,-0.451107,0
1.66949,-0.0560323,-0.44045,0
1.66958,-0.0528913,-0.430765,0
1.66967,-0.0505411,-0.427019,0
1.66976,-0.0493566,-0.433197,0
1.66984,-0.0479014,-0.437385,0
1.66993,-0.0473514,-0.450518,0
1.67002,-0.0448843,-0.445746,0
1.67011,-0.0416929,-0.432997,0
1.67019,-0.0397117,-0.432179,0
1.67028,-0.03861,-0.441314,0
1.67037,-0.0363528,-0.437492,0
1.67045,-0.0342866,-0.435653,0
1.67054,-0.0332747,-0.447765,0
1.67063,-0.032088,-0.458879,0
1.67072,-0.0287774,-0.439058,0
1.6708,-0.0262509,-0.429198,0
1.67089,-0.0258519,-0.455267,0
1.67098,-0.0230802,-0.440396,0
1.67107,-0.0211104,-0.439493,0
1.67115,-0.0198032,-0.453568,0
1.67124,-0.0175491,-0.446655,0
1.67133,-0.0157397,-0.450725,0
1.67141,-0.0137423,-0.44979,0
1.6715,-0.0118058,-0.450845,0
1.67159,-0.00964218,-0.441895,0
1.67168,-0.00785359,-0.449931,0
1.67176,-0.00602122,-0.459961,0
1.67185,-0.00399676,-0.457983,0
1.67194,-0.00198531,-0.454996,0
1.67203,-5.3968e-09,-0.448,0
1.67211,0.00197657,-0.452996,0
1.6722,0.00378731,-0.433983,0
1.67229,0.0057856,-0.441962,0
1.67237,0.00767905,-0.439933,0
1.67246,0.00962036,-0.440895,0
1.67255,0.0114393,-0.43685,0
1.67264,0.0133148,-0.435797,0
1.67272,0.015286,-0.437733,0
1.67281,0.0171173,-0.435664,0
1.6729,0.0193234,-0.442578,0
1.67299,0.0211104,-0.439493,0
1.67307,0.0232895,-0.44439,0
1.67316,0.0253984,-0.447279,0
1.67325,0.0274718,-0.449161,0
1.67333,0.0296276,-0.45203,0
1.67342,0.032088,-0.458879,0
1.67351,0.0324595,-0.436796,0
1.6736,0.0342082,-0.434656,0
1.67368,0.0358559,-0.431513,0
1.67377,0.0388715,-0.444303,0
1.67386,0.0392542,-0.4272,0
1.67395,0.0424597,-0.44096,0
1.67403,0.041578,-0.412912,0
1.67412,0.0450518,-0.428639,0
1.67421,0.0476837,-0.435397,0
1.67429,0.042904,-0.376564,0
1.67438,0.265164,-2.24036,0
1.67447,0.275303,-2.24216,0
1.67456,0.284831,-2.23896,0
1.67464,0.287288,-2.18217,0
1.67473,0.282917,-2.07884,0
1.67482,0.285583,-2.03203,0
1.67491,0.295308,-2.0367,0
1.67499,0.304487,-2.03737,0
1.67508,0.311244,-2.02219,0
1.67517,0.316467,-1.99809,0
1.67525,0.328558,-2.01742,0
1.67534,0.335872,-2.00709,0
1.67543,0.344965,-2.00758,0
1.67552,0.354937,-2.01295,0
1.6756,0.367275,-2.03106,0
1.67569,0.378139,-2.04025,0
1.67578,0.38741,-2.04055,0
1.67587,0.396883,-2.04178,0
1.67595,0.405788,-2.04003,0
1.67604,0.414486,-2.03726,0
1.67613,0.423168,-2.03446,0
1.67621,0.433496,-2.03944,0
1.6763,0.44621,-2.05512,0
1.67639,0.457337,-2.06291,0
1.67648,0.461258,-2.03847,0
1.67656,0.477121,-2.06664,0
1.67665,0.48728,-2.0694,0
1.67674,0.49327,-2.05462,0
1.67683,0.503181,-2.05633,0
1.67691,0.512391,-2.05509,0
1.677,0.522337,-2.05671,0
1.67709,0.530054,-2.04957,0
1.67717,0.537974,-2.04337,0
1.67726,0.548438,-2.0468,0
1.67735,0.558152,-2.04728,0
1.67744,0.567614,-2.04675,0
1.67752,0.571382,-2.02597,0
1.67761,0.57939,-2.02057,0
1.6777,0.592398,-2.03243,0
1.67779,0.604669,-2.04133,0
1.67787,0.633167,-2.10378,0
1.67796,0.770399,-2.51986,0
1.67805,0.765374,-2.46491,0
1.67813,0.778227,-2.46822,0
1.67822,0.790513,-2.46956,0
1.67831,0.800045,-2.46229,0
1.6784,0.812034,-2.46257,0
1.67848,0.823088,-2.45995,0
1.67857,0.834778,-2.45918,0
1.67866,0.846477,-2.45835,0
1.67874,0.860822,-2.46502,0
1.67883,0.870568,-2.45841,0
1.67892,0.882301,-2.45741,0
1.67901,0.894725,-2.45824,0
1.67909,0.909249,-2.46463,0
1.67918,0.917894,-2.45502,0
1.67927,0.931077,-2.45754,0
1.67936,0.944658,-2.46092,0
1.67944,0.955749,-2.4577,0
1.67953,0.968296,-2.45816,0
1.67962,0.980866,-2.45856,0
1.6797,0.991209,-2.45333,0
1.67979,1.00645,-2.46009,0
1.67988,1.01832,-2.45844,0
1.67997,1.03174,-2.46043,0
1.68005,1.04325,-2.45775,0
1.68014,1.05949,-2.46604,0
1.68023,1.06865,-2.45772,0
1.68032,1.08137,-2.45761,0
1.6804,1.09371,-2.45652,0
1.68049,1.10483,-2.45264,0
1.68058,1.12009,-2.45781,0
1.68066,1.13541,-2.46288,0
1.68075,1.14825,-2.46244,0
1.68084,1.16027,-2.46012,0
1.68093,1.17357,-2.46045,0
1.68101,1.18777,-2.46251,0
1.6811,1.19807,-2.4564,0
1.68119,1.21143,-2.45653,0
1.68128,1.22615,-2.45928,0
1.68136,1.23462,-2.44944,0
1.68145,1.25165,-2.45651,0
1.68154,1.26236,-2.45102,0
1.68162,1.27673,-2.45258,0
1.68171,1.28929,-2.45053,0
1.6818,1.30278,-2.45018,0
1.68189,1.32056,-2.45769,0
1.68197,1.32984,-2.44926,0
1.68206,1.33859,-2.43993,0
1.68215,1.3565,-2.44719,0
1.68224,1.37009,-2.44648,0
1.68232,1.38174,-2.44222,0
1.68241,1.39784,-2.44572,0
1.6825,1.415,-2.45085,0
1.68258,1.42215,-2.43861,0
1.68267,1.4409,-2.44617,0
1.68276,1.45463,-2.44501,0
1.68285,1.46322,-2.43521,0
1.68293,1.47643,-2.43308,0
1.68302,1.49226,-2.43514,0
1.68311,1.50339,-2.42946,0
1.6832,1.51769,-2.42881,0
1.68328,1.53307,-2.42978,0
1.68337,1.54366,-2.42306,0
1.68346,1.55855,-2.42303,0
1.68354,1.57019,-2.41789,0
1.68363,1.59279,-2.42941,0
1.68372,1.60448,-2.42411,0
1.68381,1.62004,-2.42457,0
1.68389,1.62725,-2.4125,0
1.68398,1.64564,-2.41695,0
1.68407,1.66354,-2.42046,0
1.68416,1.68149,-2.42386,0
1.68424,1.69033,-2.41404,0
1.68433,1.71412,-2.42543,0
1.68442,1.73166,-2.42769,0
1.6845,1.75041,-2.43148,0
1.68459,1.75924,-2.42139,0
1.68468,1.77866,-2.42579,0
1.68477,1.79636,-2.42765,0
1.68485,1.81472,-2.4302,0
1.68494,1.82892,-2.42705,0
1.68503,1.84736,-2.4294,0
1.68512,1.87072,-2.43797,0
1.6852,1.88502,-2.43453,0
1.68529,1.89808,-2.42944,0
1.68538,1.913,-2.42663,0
1.68546,1.93478,-2.43235,0
1.68555,1.95538,-2.43636,0
1.68564,1.97355,-2.43713,0
1.68573,1.99049,-2.43624,0
1.68581,2.017,-2.44682,0
1.6859,2.03469,-2.44645,0
1.68599,2.05306,-2.44675,0
1.68608,2.0663,-2.44082,0
1.68616,2.08343,-2.43938,0
1.68625,2.05489,-2.38481,0
1.68634,2.04428,-2.35168,0
1.68642,2.04002,-2.32619,0
1.68651,2.04551,-2.31203,0
1.6866,2.0376,-2.28294,0
1.68669,2.03951,-2.26511,0
1.68677,2.03727,-2.24286,0
1.68686,2.03826,-2.22437,0
1.68695,2.03029,-2.19636,0
1.68704,2.02963,-2.17651,0
1.68712,2.03705,-2.16545,0
1.68721,2.03891,-2.14856,0
1.6873,2.03236,-2.12303,0
1.68738,2.03118,-2.10335,0
1.68747,2.02987,-2.08372,0
1.68756,2.02983,-2.06557,0
1.68765,2.02967,-2.04746,0
1.68773,2.02728,-2.02728,0
1.68782,2.03255,-2.01489,0
1.68791,2.02848,-1.99339,0
1.688,2.03215,-1.97963,0
1.68808,2.03214,-1.96241,0
1.68817,2.02912,-1.94246,0
1.68826,2.02379,-1.92051,0
1.68834,2.02706,-1.90686,0
1.68843,2.03024,-1.89323,0
1.68852,2.02086,-1.86806,0
1.68861,2.02825,-1.85855,0
1.68869,2.02598,-1.84027,0
1.68878,2.02358,-1.82204,0
1.68887,2.02107,-1.80387,0
1.68896,2.02368,-1.7904,0
1.68904,2.01944,-1.771,0
1.68913,2.02187,-1.75758,0
1.68922,2.02194,-1.74222,0
1.6893,2.02116,-1.72623,0
1.68939,2.02791,-1.71675,0
1.68948,2.02083,-1.69567,0
1.68957,2.0282,-1.68684,0
1.68965,2.02937,-1.67289,0
1.68974,2.01807,-1.64883,0
1.68983,2.01825,-1.63435,0
1.68992,2.01522,-1.61739,0
1.69,2.02304,-1.6092,0
1.69009,2.01277,-1.58674,0
1.69018,2.00785,-1.56871,0
1.69026,2.01231,-1.55809,0
1.69035,2.00877,-1.54138,0
1.69044,2.01627,-1.53321,0
1.69053,2.01336,-1.51718,0
1.69061,2.02156,-1.50957,0
1.6907,2.01205,-1.48884,0
1.69079,2.01531,-1.47768,0
1.69087,2.01283,-1.46241,0
1.69096,2.01676,-1.45186,0
1.69105,2.01331,-1.43608,0
1.69114,2.01384,-1.42324,0
1.69122,2.00856,-1.40641,0
1.69131,2.01221,-1.39592,0
1.6914,2.01169,-1.3826,0
1.69149,2.01357,-1.37099,0
1.69157,2.01622,-1.35996,0
1.69166,2.01049,-1.34337,0
1.69175,2.00966,-1.33017,0
1.69183,2.0004,-1.31152,0
1.69192,2.01281,-1.30713,0
1.69201,2.01177,-1.29401,0
1.6921,2.01318,-1.28253,0
1.69218,2.0103,-1.2684,0
1.69227,2.00987,-1.25591,0
1.69236,2.01363,-1.24607,0
1.69245,2.01138,-1.23257,0
1.69253,2.01417,-1.22223,0
1.69262,2.01177,-1.20879,0
1.69271,2.01789,-1.20052,0
1.69279,2.01535,-1.18713,0
1.69288,2.00755,-1.17077,0
1.69297,2.00138,-1.1555,0
1.69306,2.01075,-1.14924,0
1.69314,2.00878,-1.13651,0
1.69323,2.00936,-1.12529,0
1.69332,2.002,-1.10973,0
1.69341,2.00069,-1.09762,0
1.69349,1.99755,-1.08458,0
1.69358,2.00579,-1.07775,0
1.69367,1.99899,-1.06288,0
1.69375,2.00892,-1.05694,0
1.69384,1.99932,-1.04078,0
1.69393,2.00384,-1.03205,0
1.69402,2.00566,-1.02193,0
1.6941,2.00563,-1.01092,0
1.69419,2.00376,-0.999037,0
1.69428,2.00003,-0.986304,0
1.69437,2.00341,-0.977129,0
1.69445,1.99865,-0.964034,0
1.69454,2.00645,-0.957026,0
1.69463,1.99975,-0.943143,0
1.69471,2.00203,-0.933564,0
1.6948,1.99337,-0.918958,0
1.69489,1.99191,-0.907763,0
1.69498,2.00223,-0.901939,0
1.69506,2.00066,-0.890753,0
1.69515,1.99538,-0.877988,0
1.69524,2.00194,-0.870469,0
1.69533,1.99745,-0.858173,0
1.69541,2.00026,-0.849059,0
1.6955,1.99657,-0.837229,0
1.69559,2.00482,-0.830423,0
1.69567,1.99269,-0.815231,0
1.69576,1.99808,-0.807277,0
1.69585,1.99323,-0.795216,0
1.69594,1.99854,-0.787245,0
1.69602,1.99729,-0.776705,0
1.69611,1.99413,-0.765474,0
1.6962,1.99838,-0.75712,0
1.69629,1.99324,-0.745241,0
1.69637,2.00022,-0.737922,0
1.69646,1.99403,-0.725767,0
1.69655,1.99623,-0.716721,0
1.69663,2.00311,-0.70934,0
1.69672,1.99769,-0.697625,0
1.69681,1.99126,-0.685647,0
1.6969,1.9895,-0.675344,0
1.69698,1.99148,-0.66634,0
1.69707,2.00007,-0.659523,0
1.69716,1.99627,-0.648627,0
1.69725,2.00384,-0.641435,0
1.69733,1.99136,-0.627874,0
1.69742,1.99981,-0.620958,0
1.69751,1.99772,-0.610765,0
1.69759,1.99462,-0.600313,0
1.69768,1.98859,-0.589048,0
1.69777,1.99018,-0.580086,0
1.69786,1.99846,-0.57305,0
1.69794,1.99709,-0.563239,0
1.69803,2.00146,-0.555054,0
1.69812,1.99904,-0.545001,0
1.69821,2.00043,-0.536014,0
1.69829,1.99018,-0.523971,0
1.69838,1.99148,-0.515032,0
1.69847,2.00049,-0.50806,0
1.69855,2.00463,-0.499811,0
1.69864,1.99708,-0.488682,0
1.69873,1.98461,-0.476462,0
1.69882,1.99348,-0.469402,0
1.6989,1.99161,-0.4598,0
1.69899,1.99653,-0.451768,0
1.69908,1.99262,-0.441753,0
1.69917,1.99355,-0.432842,0
1.69925,1.99933,-0.424972,0
1.69934,1.9855,-0.412986,0
1.69943,1.98827,-0.404518,0
1.69951,1.98805,-0.395448,0
1.6996,1.99172,-0.387152,0
1.69969,1.9875,-0.377338,0
1.69978,1.98912,-0.368663,0
1.69986,1.99367,-0.360514,0
1.69995,1.98537,-0.350075,0
1.70004,1.98984,-0.341917,0
1.70013,1.99821,-0.334386,0
1.70021,1.99077,-0.324218,0
1.7003,1.99019,-0.315215,0
1.70039,1.98759,-0.30592,0
1.70047,1.98001,-0.295915,0
1.70056,1.98623,-0.28799,0
1.70065,1.98945,-0.279599,0
1.70074,1.9857,-0.270241,0
1.70082,1.98091,-0.260791,0
1.70091,1.97012,-0.250631,0
1.701,1.9702,-0.241911,0
1.70109,1.96925,-0.233077,0
1.70117,1.96429,-0.223803,0
1.70126,1.9563,-0.21425,0
1.70135,1.94628,-0.204562,0
1.70143,1.93223,-0.194565,0
1.70152,1.91216,-0.18412,0
1.70161,1.77154,-0.162781,0
1.7017,1.71246,-0.149821,0
1.70178,1.69117,-0.140526,0
1.70187,1.68678,-0.132753,0
1.70196,1.68635,-0.125317,0
1.70205,1.68389,-0.117749,0
1.70213,1.68339,-0.110335,0
1.70222,1.69583,-0.103722,0
1.70231,1.69227,-0.0960943,0
1.70239,1.69567,-0.0888665,0
1.70248,1.68606,-0.0809871,0
1.70257,1.68639,-0.0736296,0
1.70266,1.6847,-0.0661921,0
1.70274,1.68497,-0.0588406,0
1.70283,1.68821,-0.0515796,0
1.70292,1.68342,-0.044082,0
1.70301,1.6796,-0.036649,0
1.70309,1.67574,-0.0292503,0
1.70318,1.69086,-0.0221345,0
1.70327,1.68294,-0.0146868,0
1.70335,1.68798,-0.00736531,0
1.70344,1.695,-4.10434e-08,0
1.70353,1.69298,0.00738704,0
1.70362,1.69294,0.014774,0
1.7037,1.68786,0.0220952,0
1.70379,1.68574,0.0294247,0
1.70388,1.6846,0.036758,0
1.70396,1.66343,0.0435584,0
1.70405,1.66722,0.0509382,0
1.70414,1.66698,0.0582123,0
1.70423,1.65472,0.0650142,0
1.70431,1.65342,0.07219,0
1.7044,1.65609,0.0795477,0
1.70449,1.65872,0.08693,0
1.70458,1.64635,0.0934864,0
1.70466,1.64592,0.100669,0
1.70475,1.65645,0.108569,0
1.70484,1.65396,0.115656,0
1.70492,1.65544,0.12302,0
1.70501,1.66186,0.130791,0
1.7051,1.65729,0.13771,0
1.70519,1.65667,0.14494,0
1.70527,1.65602,0.152167,0
1.70536,1.65435,0.159296,0
1.70545,1.65065,0.166212,0
1.70554,1.65091,0.173517,0
1.70562,1.65312,0.181046,0
1.70571,1.65827,0.188936,0
1.7058,1.65247,0.195582,0
1.70588,1.65457,0.203156,0
1.70597,1.66855,0.212267,0
1.70606,1.66761,0.219545,0
1.70615,1.67357,0.227763,0
1.70623,1.71911,0.241604,0
1.70632,1.88924,0.273927,0
1.70641,1.95331,0.291924,0
1.7065,1.953,0.300596,0
1.70658,1.95957,0.310366,0
1.70667,1.96412,0.319878,0
1.70676,1.96961,0.3296,0
1.70684,1.97505,0.339376,0
1.70693,1.97651,0.348512,0
1.70702,1.97399,0.356955,0
1.70711,1.97929,0.36684,0
1.70719,1.9816,0.376219,0
1.70728,1.98387,0.385625,0
1.70737,1.98119,0.394082,0
1.70746,1.98337,0.403521,0
1.70754,1.97767,0.411356,0
1.70763,1.9739,0.419566,0
1.70772,1.96912,0.427538,0
1.7078,1.97407,0.437641,0
1.70789,1.98287,0.448678,0
1.70798,1.97505,0.455976,0
1.70807,1.97791,0.465735,0
1.70815,1.98266,0.475995,0
1.70824,1.97377,0.482978,0
1.70833,1.9794,0.493521,0
1.70842,1.97529,0.50166,0
1.7085,1.97986,0.512027,0
1.70859,1.97374,0.519642,0
1.70868,1.98111,0.530838,0
1.70876,1.97878,0.539477,0
1.70885,1.98026,0.549175,0
1.70894,1.98651,0.560253,0
1.70903,1.98693,0.569742,0
1.70911,1.98346,0.578127,0
1.7092,1.97421,0.584788,0
1.70929,1.96685,0.591955,0
1.70938,1.9719,0.60287,0
1.70946,1.97116,0.612062,0
1.70955,1.97038,0.621258,0
1.70964,1.9667,0.629545,0
1.70972,1.97344,0.64121,0
1.70981,1.97632,0.651694,0
1.7099,1.97346,0.660311,0
1.70999,1.9734,0.66988,0
1.71007,1.96952,0.678158,0
1.71016,1.9807,0.691691,0
1.71025,1.97106,0.69799,0
1.71034,1.97835,0.710301,0
1.71042,1.97148,0.717558,0
1.71051,1.97395,0.72823,0
1.7106,1.96888,0.736136,0
1.71068,1.97407,0.747908,0
1.71077,1.96705,0.755081,0
1.71086,1.96933,0.765831,0
1.71095,1.96318,0.773318,0
1.71103,1.97093,0.786323,0
1.71112,1.96841,0.79529,0
1.71121,1.96862,0.805386,0
1.7113,1.96694,0.814733,0
1.71138,1.96798,0.825241,0
1.71147,1.96804,0.835383,0
1.71156,1.96346,0.843568,0
1.71164,1.96434,0.85412,0
1.71173,1.96151,0.863086,0
1.71182,1.9623,0.87367,0
1.71191,1.95938,0.882635,0
1.71199,1.96916,0.897396,0
1.71208,1.96522,0.90598,0
1.71217,1.95944,0.913701,0
1.71226,1.96357,0.926081,0
1.71234,1.97666,0.942819,0
1.71243,1.96262,0.946656,0
1.71252,1.96297,0.957403,0
1.7126,1.96325,0.96817,0
1.71269,1.96349,0.978958,0
1.71278,1.96634,0.991117,0
1.71287,1.96467,1.00105,0
1.71295,1.95762,1.00824,0
1.71304,1.96473,1.02277,0
1.71313,1.96379,1.0332,0
1.71322,1.95661,1.04035,0
1.7133,1.96791,1.0574,0
1.71339,1.96064,1.06454,0
1.71348,1.96036,1.07549,0
1.71356,1.96177,1.08743,0
1.71365,1.95788,1.09647,0
1.71374,1.96526,1.11189,0
1.71383,1.94477,1.11152,0
1.71391,1.95462,1.1285,0
1.714,1.94881,1.13651,0
1.71409,1.94987,1.14856,0
1.71418,1.94999,1.16012,0
1.71426,1.96034,1.17789,0
1.71435,1.95689,1.18747,0
1.71444,1.95425,1.19757,0
1.71452,1.95751,1.21134,0
1.71461,1.94712,1.21669,0
1.7147,1.95532,1.23372,0
1.71479,1.95751,1.24707,0
1.71487,1.95542,1.25777,0
1.71496,1.95326,1.26846,0
1.71505,1.95942,1.28465,0
1.71514,1.9563,1.29484,0
1.71522,1.95728,1.30781,0
1.71531,1.96067,1.32249,0
1.7154,1.95488,1.33103,0
1.71548,1.94741,1.33842,0
1.71557,1.94895,1.35203,0
1.71566,1.95204,1.36683,0
1.71575,1.95422,1.38111,0
1.71583,1.95225,1.39253,0
1.71592,1.96076,1.41155,0
1.71601,1.95458,1.42009,0
1.71609,1.95402,1.43274,0
1.71618,1.95337,1.44542,0
1.71627,1.96147,1.4647,0
1.71636,1.95426,1.47264,0
1.71644,1.95737,1.48842,0
1.71653,1.95958,1.50364,0
1.71662,1.95458,1.5134,0
1.71671,1.95111,1.52438,0
1.71679,1.95701,1.54278,0
1.71688,1.95965,1.55878,0
1.71697,1.95673,1.57044,0
1.71705,1.94753,1.57708,0
1.71714,1.94915,1.59252,0
1.71723,1.9607,1.61627,0
1.71732,1.96516,1.63441,0
1.7174,1.95954,1.64425,0
1.71749,1.95311,1.65343,0
1.71758,1.96261,1.67623,0
1.71767,1.96058,1.68934,0
1.71775,1.95394,1.69854,0
1.71784,1.95253,1.71232,0
1.71793,1.95477,1.72944,0
1.71801,1.94945,1.73995,0
1.7181,1.95224,1.75781,0
1.71819,1.94529,1.76698,0
1.71828,1.94567,1.78288,0
1.71836,1.94669,1.7995,0
1.71845,1.94833,1.81684,0
1.71854,1.94839,1.83286,0
1.71863,1.94038,1.84135,0
1.71871,1.94244,1.85948,0
1.7188,1.95085,1.88391,0
1.71889,1.94691,1.89659,0
1.71897,1.94503,1.91138,0
1.71906,1.95585,1.93886,0
1.71915,1.94879,1.94879,0
1.71924,1.94519,1.96224,0
1.71932,1.94572,1.97998,0
1.71941,1.94753,1.9992,0
1.7195,1.94157,2.01055,0
1.71959,1.94661,2.03345,0
1.71967,1.94736,2.05208,0
1.71976,1.94181,2.0642,0
1.71985,1.94029,2.0807,0
1.71993,1.93933,2.09796,0
1.72002,1.9457,2.12336,0
1.72011,1.94112,2.13701,0
1.7202,1.93847,2.15289,0
1.72028,1.94238,2.17625,0
1.72037,1.94413,2.19744,0
1.72046,1.94507,2.21793,0
1.72055,1.94325,2.23545,0
1.72063,1.94261,2.25451,0
1.72072,1.9412,2.27285,0
1.72081,1.94483,2.29733,0
1.72089,1.9425,2.31499,0
1.72098,1.94389,2.33728,0
1.72107,1.94195,2.35577,0
1.72116,1.94114,2.37584,0
1.72124,1.94019,2.39594,0
1.72133,1.96853,2.45274,0
1.72142,2.01321,2.53095,0
1.72151,2.00401,2.54207,0
1.72159,2.02984,2.59807,0
1.72168,2.02521,2.6156,0
1.72177,2.0083,2.61727,0
1.72185,1.99384,2.62203,0
1.72194,1.98358,2.6323,0
1.72203,1.9655,2.63212,0
1.72212,1.96054,2.64951,0
1.7222,1.94718,2.65562,0
1.72229,1.94733,2.68027,0
1.72238,1.94205,2.69767,0
1.72247,1.93664,2.71508,0
1.72255,1.93632,2.73983,0
1.72264,1.93869,2.76873,0
1.72273,1.93286,2.7862,0
1.72281,1.93938,2.82181,0
1.7229,1.93492,2.84182,0
1.72299,1.93481,2.86847,0
1.72308,1.93172,2.89102,0
1.72316,1.93288,2.92027,0
1.72325,1.93164,2.94624,0
1.72334,1.93347,2.97728,0
1.72343,1.93182,3.00335,0
1.72351,1.93965,3.04464,0
1.7236,1.93916,3.07337,0
1.72369,1.93474,3.09622,0
1.72377,1.93331,3.12419,0
1.72386,1.9275,3.14539,0
1.72395,1.9122,3.15121,0
1.72404,1.89173,3.14838,0
1.72412,1.86878,3.14113,0
1.72421,1.85759,3.15356,0
1.7243,1.83575,3.14782,0
1.72439,1.819,3.1506,0
1.72447,1.7968,3.14375,0
1.72456,1.77666,3.14024,0
1.72465,1.76197,3.14622,0
1.72473,1.73901,3.13726,0
1.72482,1.72242,3.13956,0
1.72491,1.70441,3.13913,0
1.725,1.68644,3.13861,0
1.72508,1.6685,3.138,0
1.72517,1.65479,3.14525,0
1.72526,1.63459,3.14002,0
1.72535,1.61904,3.14356,0
1.72543,1.60032,3.1408,0
1.72552,1.5839,3.14239,0
1.72561,1.56392,3.13674,0
1.72569,1.54978,3.14264,0
1.72578,1.52816,3.1332,0
1.72587,1.51057,3.13173,0
1.72596,1.49775,3.14009,0
1.72604,1.48233,3.14298,0
1.72613,1.4631,3.13764,0
1.72622,1.44479,3.134,0
1.72631,1.43028,3.13846,0
1.72639,1.41534,3.14193,0
1.72648,1.39348,3.12981,0
1.72657,1.3778,3.13128,0
1.72665,1.36253,3.13359,0
1.72674,1.34608,3.13308,0
1.72683,1.33239,3.13892,0
1.72692,1.3152,3.13641,0
1.727,1.29998,3.13842,0
1.72709,1.28551,3.14221,0
1.72718,1.26842,3.13944,0
1.72727,1.25026,3.1338,0
1.72735,1.23658,3.13923,0
1.72744,1.21924,3.13527,0
1.72753,1.20161,3.1303,0
1.72761,1.18794,3.13551,0
1.7277,1.17004,3.12942,0
1.72779,1.15534,3.13168,0
1.72788,1.13893,3.12918,0
1.72796,1.12661,3.13788,0
1.72805,1.11124,3.13805,0
1.72814,1.09424,3.13343,0
1.72823,1.07828,3.13156,0
1.72831,1.06107,3.12582,0
1.7284,1.04679,3.12852,0
1.72849,1.03062,3.12546,0
1.72857,1.01667,3.12898,0
1.72866,1.00361,3.13529,0
1.72875,0.986315,3.12819,0
1.72884,0.973546,3.13533,0
1.72892,0.957517,3.1319,0
1.72901,0.942402,3.13126,0
1.7291,0.92589,3.12575,0
1.72918,0.910844,3.12496,0
1.72927,0.896924,3.12795,0
1.72936,0.882182,3.12798,0
1.72945,0.86799,3.12987,0
1.72953,0.850906,3.12109,0
1.72962,0.834692,3.11511,0
1.72971,0.821346,3.11969,0
1.7298,0.806975,3.12034,0
1.72988,0.794583,3.12868,0
1.72997,0.778263,3.12144,0
1.73006,0.76321,3.11898,0
1.73014,0.75006,3.12422,0
1.73023,0.736192,3.12649,0
1.73032,0.721193,3.12383,0
1.73041,0.707335,3.12597,0
1.73049,0.693689,3.12903,0
1.73058,0.678332,3.12421,0
1.73067,0.663446,3.12127,0
1.73076,0.650839,3.12903,0
1.73084,0.633392,3.11322,0
1.73093,0.619802,3.11595,0
1.73102,0.605246,3.11372,0
1.7311,0.592587,3.12124,0
1.73119,0.579691,3.12773,0
1.73128,0.563013,3.1135,0
1.73137,0.549944,3.11889,0
1.73145,0.537685,3.12914,0
1.73154,0.523366,3.12751,0
1.73163,0.508429,3.12187,0
1.73172,0.495428,3.12801,0
1.7318,0.480862,3.12421,0
1.73189,0.467226,3.12628,0
1.73198,0.452432,3.12037,0
1.73206,0.438535,3.12033,0
1.73215,0.424781,3.12123,0
1.73224,0.410505,3.11809,0
1.73233,0.396265,3.1149,0
1.73241,0.383767,3.12553,0
1.7325,0.368832,3.11625,0
1.73259,0.354326,3.10988,0
1.73268,0.341624,3.11935,0
1.73276,0.327592,3.11683,0
1.73285,0.313989,3.11823,0
1.73294,0.299806,3.1136,0
1.73302,0.286217,3.11488,0
1.73311,0.272362,3.11311,0
1.7332,0.259024,3.11726,0
1.73329,0.245577,3.12035,0
1.73337,0.232108,3.12339,0
1.73346,0.218198,3.12038,0
1.73355,0.204189,3.11532,0
1.73364,0.190472,3.11418,0
1.73372,0.177392,3.12397,0
1.73381,0.163393,3.11772,0
1.7339,0.1495,3.11241,0
1.73398,0.136485,3.12602,0
1.73407,0.122569,3.11959,0
1.73416,0.109096,3.1241,0
1.73425,0.0953108,3.11954,0
1.73433,0.0817507,3.12193,0
1.73442,0.0679535,3.11426,0
1.73451,0.0542596,3.10853,0
1.7346,0.0407611,3.11373,0
1.73468,0.027288,3.12688,0
1.73477,0.0136224,3.12197,0
1.73486,1.13367e-07,3.116,0
1.73494,-0.0136265,3.12297,0
1.73503,-0.0272354,3.12088,0
1.73512,-0.0408787,3.12273,0
1.73521,-0.0543467,3.11353,0
1.73529,-0.067866,3.11026,0
1.73538,-0.0817505,3.12193,0
1.73547,-0.0951579,3.11455,0
1.73556,-0.108817,3.1161,0
1.73564,-0.122412,3.1156,0
1.73573,-0.136092,3.11703,0
1.73582,-0.149548,3.11341,0
1.7359,-0.163288,3.11572,0
1.73599,-0.177051,3.11798,0
1.73608,-0.190349,3.11218,0
1.73617,-0.203992,3.11232,0
1.73625,-0.217989,3.11739,0
1.73634,-0.231959,3.12139,0
1.73643,-0.245577,3.12035,0
1.73652,-0.259604,3.12423,0
1.7366,-0.272797,3.11809,0
1.73669,-0.285759,3.1099,0
1.73678,-0.299901,3.11459,0
1.73686,-0.31429,3.12122,0
1.73695,-0.327697,3.11783,0
1.73704,-0.340753,3.1114,0
1.73713,-0.354666,3.11286,0
1.73721,-0.36848,3.11327,0
1.7373,-0.382304,3.11362,0
1.73739,-0.397022,3.12085,0
1.73748,-0.409852,3.11314,0
1.73756,-0.424376,3.11826,0
1.73765,-0.436447,3.10548,0
1.73774,-0.449275,3.0986,0
1.73782,-0.46693,3.1243,0
1.73791,-0.480406,3.12125,0
1.738,-0.491673,3.1043,0
1.73809,-0.507303,3.11496,0
1.73817,-0.524686,3.1354,0
1.73826,-0.53633,3.12126,0
1.73835,-0.549944,3.11889,0
1.73844,-0.564615,3.12236,0
1.73852,-0.578962,3.1238,0
1.73861,-0.590721,3.11142,0
1.7387,-0.605818,3.11667,0
1.73878,-0.618436,3.10909,0
1.73887,-0.634787,3.12008,0
1.73896,-0.64697,3.11043,0
1.73905,-0.661367,3.11149,0
1.73913,-0.675998,3.11346,0
1.73922,-0.688494,3.1056,0
1.73931,-0.703363,3.10842,0
1.7394,-0.718718,3.11311,0
1.73948,-0.73367,3.11579,0
1.73957,-0.747492,3.11353,0
1.73966,-0.761783,3.11315,0
1.73974,-0.776327,3.11368,0
1.73983,-0.790152,3.11123,0
1.73992,-0.80397,3.10872,0
1.74001,-0.820582,3.11679,0
1.74009,-0.835468,3.11801,0
1.74018,-0.848802,3.11337,0
1.74027,-0.863714,3.11445,0
1.74036,-0.878381,3.11451,0
1.74044,-0.892238,3.1116,0
1.74053,-0.908045,3.11536,0
1.74062,-0.919642,3.10466,0
1.7407,-0.935485,3.10828,0
1.74079,-0.948454,3.10225,0
1.74088,-0.963463,3.10286,0
1.74097,-0.977594,3.10053,0
1.74105,-0.996601,3.11338,0
1.74114,-1.01049,3.10995,0
1.74123,-1.02624,3.11216,0
1.74131,-1.04044,3.10955,0
1.7414,-1.05079,3.09551,0
1.74149,-1.06168,3.08334,0
1.74158,-1.07545,3.07962,0
1.74166,-1.09021,3.07867,0
1.74175,-1.10837,3.08706,0
1.74184,-1.12217,3.08313,0
1.74193,-1.1408,3.09228,0
1.74201,-1.15043,3.07697,0
1.7421,-1.15215,3.04106,0
1.74219,-1.15072,2.99773,0
1.74227,-1.1482,2.9526,0
1.74236,-1.14055,2.89546,0
1.74245,-1.08314,2.71491,0
1.74254,-1.07287,2.65545,0
1.74262,-1.08331,2.64797,0
1.74271,-1.0918,2.63583,0
1.7428,-1.11295,2.65409,0
1.74289,-1.12452,2.64921,0
1.74297,-1.13449,2.64061,0
1.74306,-1.14042,2.62279,0
1.74315,-1.13413,2.57752,0
1.74323,-1.13764,2.55519,0
1.74332,-1.13974,2.53014,0
1.74341,-1.14289,2.50785,0
1.7435,-1.14169,2.47651,0
1.74358,-1.14276,2.45066,0
1.74367,-1.13766,2.41218,0
1.74376,-1.13956,2.38914,0
1.74385,-1.13998,2.36343,0
1.74393,-0.419083,0.859247,0
1.74402,-0.430347,0.872657,0
1.74411,-0.427904,0.858242,0
1.74419,-0.429844,0.852795,0
1.74428,-0.428113,0.840219,0
1.74437,-0.431317,0.837454,0
1.74446,-0.429888,0.825807,0
1.74454,-0.425572,0.808879,0
1.74463,-0.429566,0.807897,0
1.74472,-0.428354,0.797206,0
1.74481,-0.432306,0.796208,0
1.74489,-0.429523,0.782917,0
1.74498,-0.430026,0.775788,0
1.74507,-0.43585,0.778266,0
1.74515,-0.43678,0.772006,0
1.74524,-0.441136,0.771829,0
1.74533,-0.445,0.770763,0
1.74542,-0.448863,0.769677,0
1.7455,-0.454247,0.771158,0
1.74559,-0.453517,0.762294,0
1.74568,-0.446023,0.742307,0
1.74577,-0.434213,0.715561,0
1.74585,-0.435241,0.710249,0
1.74594,-0.43781,0.707493,0
1.74603,-0.443012,0.708968,0
1.74611,-0.451438,0.715486,0
1.7462,-0.459928,0.721943,0
1.74629,-0.466861,0.725817,0
1.74638,-0.464032,0.714547,0
1.74646,-0.474274,0.723388,0
1.74655,-0.496191,0.749663,0
1.74664,-0.537236,0.804031,0
1.74673,-0.549127,0.814115,0
1.74681,-0.545358,0.800965,0
1.7469,-0.548281,0.797754,0
1.74699,-0.543777,0.783851,0
1.74707,-0.544324,0.777375,0
1.74716,-0.551751,0.780709,0
1.74725,-0.56212,0.788064,0
1.74734,-0.567306,0.788038,0
1.74742,-0.566625,0.779892,0
1.74751,-0.585397,0.79838,0
1.7476,-0.590064,0.797426,0
1.74769,-0.593538,0.794844,0
1.74777,-0.601815,0.798636,0
1.74786,-0.616189,0.81033,0
1.74795,-0.619719,0.807634,0
1.74803,-0.625074,0.807294,0
1.74812,-0.623665,0.798255,0
1.74821,-0.637048,0.808091,0
1.7483,-0.638077,0.802173,0
1.74838,-0.640946,0.798602,0
1.74847,-0.645683,0.797352,0
1.74856,-0.670035,0.820082,0
1.74865,-0.725129,0.879652,0
1.74873,-0.794183,0.954902,0
1.74882,-1.09467,1.30457,0
1.74891,-1.11198,1.31352,0
1.74899,-1.11705,1.3079,0
1.74908,-1.10839,1.28635,0
1.74917,-1.11333,1.28074,0
1.74926,-1.11627,1.27286,0
1.74934,-1.10856,1.253,0
1.74943,-1.11469,1.2489,0
1.74952,-1.11678,1.24031,0
1.74961,-1.11344,1.2258,0
1.74969,-1.11607,1.21798,0
1.74978,-1.11731,1.20869,0
1.74987,-1.11575,1.19649,0
1.74995,-1.11205,1.18215,0
1.75004,-0.0247808,0.0261135,0
1.75013,-0.028352,0.0296169,0
1.75022,-0.0208397,0.0215802,0
1.7503,-0.0544277,0.0558716,0
1.75039,-0.0392509,0.039942,0
1.75048,-1.12572,1.13559,0
1.75057,-0.0629325,0.0629325,0
