7200
5614
4.88692
4.90263,-0.0487904,-0.0487904,0
4.90272,-0.0218245,-0.0220157,0
4.9028,-0.0609791,-0.0620528,0
4.90289,-0.0614056,-0.0630346,0
4.90298,-0.059046,-0.0611439,0
4.90307,-0.028352,-0.0296169,0
4.90315,-0.0316643,-0.0333672,0
4.90324,-0.0322036,-0.0342334,0
4.90333,-0.0327359,-0.035105,0
4.90342,-0.0217216,-0.0234983,0
4.9035,-1.08365,-1.18259,0
4.90359,-1.08654,-1.19619,0
4.90368,-1.08466,-1.20464,0
4.90376,-1.09071,-1.22204,0
4.90385,-1.09067,-1.23278,0
4.90394,-1.08331,-1.23527,0
4.90403,-1.08184,-1.24452,0
4.90411,-1.08358,-1.25756,0
4.9042,-1.08912,-1.2752,0
4.90429,-1.08226,-1.27841,0
4.90438,-0.784844,-0.93534,0
4.90446,-0.697628,-0.838806,0
4.90455,-0.644347,-0.781656,0
4.90464,-0.642829,-0.786783,0
4.90472,-0.624286,-0.770929,0
4.90481,-0.628427,-0.783004,0
4.9049,-0.62376,-0.784173,0
4.90499,-0.619713,-0.786102,0
4.90507,-0.629206,-0.805347,0
4.90516,-0.624462,-0.806503,0
4.90525,-0.633112,-0.825087,0
4.90534,-0.623453,-0.819882,0
4.90542,-0.618666,-0.820997,0
4.90551,-0.581572,-0.778819,0
4.9056,-0.560323,-0.757233,0
4.90568,-0.556422,-0.758864,0
4.90577,-0.552518,-0.760476,0
4.90586,-0.534588,-0.74259,0
4.90595,-0.530182,-0.743287,0
4.90603,-0.528665,-0.748044,0
4.90612,-0.526543,-0.751982,0
4.90621,-0.528957,-0.762488,0
4.9063,-0.531855,-0.773854,0
4.90638,-0.526223,-0.772861,0
4.90647,-0.528437,-0.78344,0
4.90656,-0.527236,-0.789065,0
4.90664,-0.530963,-0.802198,0
4.90673,-0.524168,-0.79949,0
4.90682,-0.503791,-0.77577,0
4.90691,-0.478221,-0.743478,0
4.90699,-0.467451,-0.733751,0
4.90708,-0.465845,-0.73832,0
4.90717,-0.46209,-0.739498,0
4.90725,-0.454649,-0.734704,0
4.90734,-0.457186,-0.74606,0
4.90743,-0.44407,-0.731805,0
4.90752,-0.438297,-0.729449,0
4.9076,-0.433065,-0.727917,0
4.90769,-0.431915,-0.733246,0
4.90778,-0.428208,-0.73426,0
4.90787,-0.4255,-0.736988,0
4.90795,-0.419303,-0.733628,0
4.90804,-0.428901,-0.75808,0
4.90813,-0.431941,-0.771286,0
4.90821,-0.442631,-0.798528,0
4.9083,-0.446839,-0.814479,0
4.90839,-0.4366,-0.804118,0
4.90848,-0.426934,-0.794563,0
4.90856,-0.433322,-0.814961,0
4.90865,-0.427434,-0.812419,0
4.90874,-0.42527,-0.816937,0
4.90883,-0.417581,-0.810784,0
4.90891,-0.408591,-0.801906,0
4.909,-0.414091,-0.821541,0
4.90909,-0.425227,-0.852872,0
4.90917,-0.427251,-0.866379,0
4.90926,-0.413384,-0.847563,0
4.90935,-0.407944,-0.845756,0
4.90944,-0.411569,-0.862872,0
4.90952,-0.40652,-0.861946,0
4.90961,-0.406981,-0.872774,0
4.9097,-0.406937,-0.882715,0
4.90979,-0.403082,-0.884482,0
4.90987,-0.403737,-0.896262,0
4.90996,-0.403076,-0.905324,0
4.91005,-1.09305,-2.48416,0
4.91013,-1.09098,-2.50908,0
4.91022,-1.08002,-2.51381,0
4.91031,-1.07764,-2.53875,0
4.9104,-1.07003,-2.55173,0
4.91048,-1.06424,-2.56931,0
4.91057,-1.05302,-2.57393,0
4.91066,-1.03579,-2.56366,0
4.91075,-1.03274,-2.58859,0
4.91083,-1.03976,-2.63959,0
4.91092,-1.04201,-2.67952,0
4.91101,-1.02529,-2.67097,0
4.91109,-1.0317,-2.72311,0
4.91118,-1.03031,-2.75569,0
4.91127,-1.06189,-2.87837,0
4.91136,-0.332786,-0.914321,0
4.91144,-0.333186,-0.928,0
4.91153,-1.03146,-2.91276,0
4.91162,-1.01479,-2.90591,0
4.91171,-0.99396,-2.88667,0
4.91179,-0.982319,-2.89382,0
4.91188,-0.963972,-2.88101,0
4.91197,-0.953897,-2.89278,0
4.91205,-0.947755,-2.91689,0
4.91214,-0.928922,-2.90195,0
4.91223,-0.910537,-2.88786,0
4.91232,-0.899707,-2.89753,0
4.9124,-0.91103,-2.97985,0
4.91249,-0.885627,-2.94262,0
4.91258,-0.885844,-2.99056,0
4.91267,-0.910004,-3.12208,0
4.91275,-0.926417,-3.2308,0
4.91284,-0.913669,-3.23962,0
4.91293,-0.897921,-3.2378,0
4.91301,-0.882733,-3.23783,0
4.9131,-0.867303,-3.23682,0
4.91319,-0.851898,-3.23574,0
4.91328,-0.83652,-3.23458,0
4.91336,-0.818706,-3.22366,0
4.91345,-0.804148,-3.22526,0
4.91354,-0.792682,-3.23943,0
4.91363,-0.776906,-3.23605,0
4.91371,-0.760945,-3.23162,0
4.9138,-0.748862,-3.24368,0
4.91389,-0.732274,-3.23619,0
4.91397,-0.717064,-3.23447,0
4.91406,-0.702945,-3.23757,0
4.91415,-0.688396,-3.23865,0
4.91424,-0.671407,-3.22791,0
4.91432,-0.659509,-3.24159,0
4.91441,-0.642628,-3.23071,0
4.9145,-0.628906,-3.23544,0
4.91459,-0.614224,-3.23521,0
4.91467,-0.598644,-3.22999,0
4.91476,-0.5849,-3.23454,0
4.91485,-0.571129,-3.23903,0
4.91493,-0.555805,-3.2346,0
4.91502,-0.542181,-3.23995,0
4.91511,-0.528361,-3.24426,0
4.9152,-0.5142,-3.24653,0
4.91528,-0.499117,-3.24281,0
4.91537,-0.484371,-3.241,0
4.91546,-0.469364,-3.23715,0
4.91555,-0.454539,-3.23422,0
4.91563,-0.440558,-3.23716,0
4.91572,-0.42656,-3.24004,0
4.91581,-0.413049,-3.24683,0
4.91589,-0.399,-3.2496,0
4.91598,-0.384112,-3.24535,0
4.91607,-0.369382,-3.24202,0
4.91616,-0.354688,-3.23864,0
4.91624,-0.34139,-3.24811,0
4.91633,-0.326313,-3.24061,0
4.91642,-0.312457,-3.24499,0
4.91651,-0.297746,-3.24035,0
4.91659,-0.283082,-3.23564,0
4.91668,-0.268547,-3.23186,0
4.91677,-0.254992,-3.23998,0
4.91685,-0.241075,-3.24405,0
4.91694,-0.226778,-3.24308,0
4.91703,-0.212691,-3.24504,0
4.91712,-0.198591,-3.24693,0
4.9172,-0.184252,-3.24477,0
4.91729,-0.16983,-3.24055,0
4.91738,-0.155737,-3.24226,0
4.91747,-0.141545,-3.24191,0
4.91755,-0.127437,-3.2435,0
4.91764,-0.113214,-3.24202,0
4.91773,-0.0992502,-3.24848,0
4.91781,-0.0849966,-3.24589,0
4.9179,-0.0708766,-3.24823,0
4.91799,-0.056668,-3.24651,0
4.91808,-0.0422925,-3.23072,0
4.91816,-0.028274,-3.23988,0
4.91825,-0.0141328,-3.23897,0
4.91834,-3.90786e-08,-3.244,0
4.91843,0.0141589,-3.24497,0
4.91851,0.0283001,-3.24288,0
4.9186,0.0424757,-3.24472,0
4.91869,0.0564759,-3.23551,0
4.91877,0.0708329,-3.24623,0
4.91886,0.0846562,-3.23289,0
4.91895,0.0991891,-3.24648,0
4.91904,0.113214,-3.24202,0
4.91912,0.127359,-3.2415,0
4.91921,0.141545,-3.24191,0
4.9193,0.155785,-3.24326,0
4.91939,0.169568,-3.23556,0
4.91947,0.183911,-3.23878,0
4.91956,0.198041,-3.23795,0
4.91965,0.212691,-3.24504,0
4.91973,0.225802,-3.22911,0
4.91982,0.241223,-3.24605,0
4.91991,0.256169,-3.25494,0
4.92,0.270286,-3.25279,0
4.92008,0.283169,-3.23664,0
4.92017,0.297655,-3.23935,0
4.92026,0.312074,-3.24101,0
4.92034,0.326312,-3.24061,0
4.92043,0.341181,-3.24612,0
4.92052,0.354906,-3.24062,0
4.92061,0.368816,-3.23706,0
4.92069,0.384582,-3.24932,0
4.92078,0.398513,-3.24563,0
4.92087,0.413428,-3.24981,0
4.92096,0.427734,-3.24896,0
4.92104,0.442041,-3.24806,0
4.92113,0.457601,-3.256,0
4.92122,0.471373,-3.251,0
4.9213,0.484963,-3.24496,0
4.92139,0.499725,-3.24677,0
4.92148,0.514044,-3.24554,0
4.92157,0.53029,-3.2561,0
4.92165,0.543667,-3.24882,0
4.92174,0.558345,-3.24938,0
4.92183,0.572518,-3.24691,0
4.92192,0.587036,-3.24635,0
4.922,0.603746,-3.25752,0
4.92209,0.616275,-3.24602,0
4.92218,0.631005,-3.24624,0
4.92226,0.645164,-3.24346,0
4.92235,0.660307,-3.24551,0
4.92244,0.673851,-3.23966,0
4.92253,0.690475,-3.24843,0
4.92261,0.705491,-3.24929,0
4.9227,0.722692,-3.25985,0
4.92279,0.735805,-3.25179,0
4.92288,0.749312,-3.24563,0
4.92296,0.765988,-3.25303,0
4.92305,0.782742,-3.26036,0
4.92314,0.796723,-3.25594,0
4.92322,0.81189,-3.25631,0
4.92331,0.825844,-3.25177,0
4.9234,0.840025,-3.24814,0
4.92349,0.857245,-3.25604,0
4.92357,0.873255,-3.25903,0
4.92366,0.886941,-3.25326,0
4.92375,0.901929,-3.25225,0
4.92384,0.917197,-3.25214,0
4.92392,0.930276,-3.24426,0
4.92401,0.94974,-3.25841,0
4.9241,0.963948,-3.25423,0
4.92418,0.979291,-3.25383,0
4.92427,0.997572,-3.26291,0
4.92436,1.0118,-3.25853,0
4.92445,1.02902,-3.26362,0
4.92453,1.04325,-3.2591,0
4.92462,1.05962,-3.26117,0
4.92471,1.07666,-3.26507,0
4.9248,1.09185,-3.26318,0
4.92488,1.10864,-3.26596,0
4.92497,1.12321,-3.26204,0
4.92506,1.13611,-3.25333,0
4.92514,1.15364,-3.25777,0
4.92523,1.16919,-3.25647,0
4.92532,1.18647,-3.25979,0
4.92541,1.20137,-3.25646,0
4.92549,1.21592,-3.25213,0
4.92558,1.23081,-3.24866,0
4.92567,1.25035,-3.25726,0
4.92576,1.26563,-3.25457,0
4.92584,1.28605,-3.26484,0
4.92593,1.29806,-3.25362,0
4.92602,1.31524,-3.25534,0
4.9261,1.33057,-3.25235,0
4.92619,1.34934,-3.2576,0
4.92628,1.36625,-3.25814,0
4.92637,1.38514,-3.26319,0
4.92645,1.40134,-3.26171,0
4.92654,1.41556,-3.25556,0
4.92663,1.43499,-3.26125,0
4.92672,1.45368,-3.26501,0
4.9268,1.47243,-3.26867,0
4.92689,1.48709,-3.26312,0
4.92698,1.50257,-3.25933,0
4.92706,1.52354,-3.26724,0
4.92715,1.53821,-3.26147,0
4.92724,1.55845,-3.26736,0
4.92733,1.57313,-3.26143,0
4.92741,1.59216,-3.26442,0
4.9275,1.60772,-3.26013,0
4.92759,1.62773,-3.26472,0
4.92768,1.64556,-3.26473,0
4.92776,1.66388,-3.26554,0
4.92785,1.6836,-3.26892,0
4.92794,1.69739,-3.26065,0
4.92802,1.72324,-3.27534,0
4.92811,1.73564,-3.26426,0
4.9282,1.75696,-3.26987,0
4.92829,1.77598,-3.27096,0
4.92837,1.79505,-3.27194,0
4.92846,1.81222,-3.26933,0
4.92855,1.83184,-3.27099,0
4.92864,1.84757,-3.26557,0
4.92872,1.86478,-3.26269,0
4.92881,1.886,-3.26665,0
4.9289,1.91081,-3.27653,0
4.92898,1.92459,-3.2673,0
4.92907,1.94752,-3.27348,0
4.92916,1.9659,-3.27181,0
4.92925,1.98119,-3.26491,0
4.92933,1.98027,-3.23151,0
4.92942,1.98751,-3.21178,0
4.92951,1.98614,-3.17848,0
4.9296,1.98291,-3.14272,0
4.92968,1.97726,-3.10368,0
4.92977,1.97834,-3.07568,0
4.92986,1.97867,-3.04689,0
4.92994,1.98044,-3.02067,0
4.93003,1.97538,-2.98448,0
4.93012,1.98061,-2.96419,0
4.93021,1.97451,-2.92733,0
4.93029,1.9777,-2.90464,0
4.93038,1.97506,-2.87373,0
4.93047,1.97276,-2.84372,0
4.93056,1.97253,-2.81706,0
4.93064,1.97441,-2.79373,0
4.93073,1.97497,-2.76881,0
4.93082,1.98294,-2.75448,0
4.9309,1.97731,-2.72153,0
4.93099,1.97911,-2.69917,0
4.93108,1.97303,-2.66639,0
4.93117,1.97926,-2.65055,0
4.93125,1.97275,-2.61793,0
4.93134,1.97628,-2.59895,0
4.93143,1.973,-2.57126,0
4.93152,1.97746,-2.55393,0
4.9316,1.97812,-2.53188,0
4.93169,1.97677,-2.50752,0
4.93178,1.9796,-2.48869,0
4.93186,1.97792,-2.46444,0
4.93195,1.98425,-2.45034,0
4.93204,1.97784,-2.42075,0
4.93213,1.98138,-2.40361,0
4.93221,1.97523,-2.37495,0
4.9323,1.97914,-2.35865,0
4.93239,1.97585,-2.33397,0
4.93247,1.97887,-2.31696,0
4.93256,1.97264,-2.28936,0
4.93265,1.97408,-2.27092,0
4.93274,1.97078,-2.24725,0
4.93282,1.9766,-2.23413,0
4.93291,1.97234,-2.20982,0
4.933,1.97126,-2.1893,0
4.93309,1.97071,-2.16958,0
4.93317,1.97002,-2.1499,0
4.93326,1.96852,-2.12954,0
4.93335,1.96961,-2.11215,0
4.93343,1.97127,-2.09552,0
4.93352,1.97627,-2.08255,0
4.93361,1.96943,-2.05729,0
4.9337,1.96658,-2.03645,0
4.93378,1.96498,-2.01711,0
4.93387,1.97166,-2.00637,0
4.93396,1.96279,-1.98,0
4.93405,1.97424,-1.97424,0
4.93413,1.96721,-1.95012,0
4.93422,1.97214,-1.93801,0
4.93431,1.96983,-1.91892,0
4.93439,1.97171,-1.90406,0
4.93448,1.97567,-1.89129,0
4.93457,1.97374,-1.87301,0
4.93466,1.97024,-1.85342,0
4.93474,1.97466,-1.8414,0
4.93483,1.97019,-1.82122,0
4.93492,1.97738,-1.81193,0
4.93501,1.97564,-1.79455,0
4.93509,1.97231,-1.77587,0
4.93518,1.96735,-1.75593,0
4.93527,1.97874,-1.75064,0
4.93535,1.97132,-1.7288,0
4.93544,1.9713,-1.71363,0
4.93553,1.97421,-1.70109,0
4.93562,1.97325,-1.68532,0
4.9357,1.97219,-1.66958,0
4.93579,1.96873,-1.65196,0
4.93588,1.97285,-1.6408,0
4.93597,1.9661,-1.62073,0
4.93605,1.96618,-1.60644,0
4.93614,1.96851,-1.59407,0
4.93623,1.97077,-1.58171,0
4.93631,1.97374,-1.56998,0
4.9364,1.97507,-1.55702,0
4.93649,1.96766,-1.53731,0
4.93658,1.97198,-1.52687,0
4.93666,1.96593,-1.50851,0
4.93675,1.96533,-1.49447,0
4.93684,1.96704,-1.48227,0
4.93693,1.97349,-1.47367,0
4.93701,1.97668,-1.46267,0
4.9371,1.97821,-1.45048,0
4.93719,1.97319,-1.43361,0
4.93727,1.9705,-1.41856,0
4.93736,1.97342,-1.40762,0
4.93745,1.96974,-1.39207,0
4.93754,1.9676,-1.37773,0
4.93762,1.97031,-1.36685,0
4.93771,1.96884,-1.35314,0
4.9378,1.97307,-1.34342,0
4.93789,1.9756,-1.33256,0
4.93797,1.97225,-1.31781,0
4.93806,1.96463,-1.30036,0
4.93815,1.97196,-1.29288,0
4.93823,1.97255,-1.28099,0
4.93832,1.97055,-1.2675,0
4.93841,1.97101,-1.25567,0
4.9385,1.96547,-1.24012,0
4.93858,1.97595,-1.23471,0
4.93867,1.96942,-1.21871,0
4.93876,1.9713,-1.20802,0
4.93885,1.97143,-1.19629,0
4.93893,1.96291,-1.17944,0
4.93902,1.97148,-1.17291,0
4.93911,1.97399,-1.16277,0
4.93919,1.97646,-1.15263,0
4.93928,1.96501,-1.1345,0
4.93937,1.97515,-1.12889,0
4.93946,1.97223,-1.11583,0
4.93954,1.97359,-1.10526,0
4.93963,1.96352,-1.0884,0
4.93972,1.96737,-1.07934,0
4.93981,1.97119,-1.07027,0
4.93989,1.97848,-1.06308,0
4.93998,1.97692,-1.05115,0
4.94007,1.97087,-1.03692,0
4.94015,1.97271,-1.02693,0
4.94024,1.97629,-1.01785,0
4.94033,1.97002,-1.00377,0
4.94042,1.97973,-0.997868,0
4.9405,1.96886,-0.981635,0
4.94059,1.97671,-0.974804,0
4.94068,1.98184,-0.966608,0
4.94077,1.98604,-0.957952,0
4.94085,1.96854,-0.938945,0
4.94094,1.96538,-0.926934,0
4.94103,1.96759,-0.917504,0
4.94111,1.97249,-0.909329,0
4.9412,1.97735,-0.901128,0
4.94129,1.97032,-0.887563,0
4.94138,1.97783,-0.880585,0
4.94146,1.9725,-0.867919,0
4.94155,1.97718,-0.859703,0
4.94164,1.97356,-0.84791,0
4.94173,1.97909,-0.840072,0
4.94181,1.97167,-0.826788,0
4.9419,1.97895,-0.819708,0
4.94199,1.98158,-0.810687,0
4.94207,1.97768,-0.799036,0
4.94216,1.97744,-0.788917,0
4.94225,1.97155,-0.776616,0
4.94234,1.97213,-0.766919,0
4.94242,1.97826,-0.759382,0
4.94251,1.9722,-0.7472,0
4.9426,1.96888,-0.736136,0
4.94269,1.97208,-0.727538,0
4.94277,1.97617,-0.719268,0
4.94286,1.96706,-0.706246,0
4.94295,1.97672,-0.699993,0
4.94303,1.97503,-0.689713,0
4.94312,1.97613,-0.680437,0
4.94321,1.98098,-0.672451,0
4.9433,1.97725,-0.66158,0
4.94338,1.97253,-0.650441,0
4.94347,1.97534,-0.641828,0
4.94356,1.97432,-0.631984,0
4.94365,1.97992,-0.624265,0
4.94373,1.97594,-0.613545,0
4.94382,1.9719,-0.602871,0
4.94391,1.97547,-0.594549,0
4.94399,1.97229,-0.58422,0
4.94408,1.97194,-0.574769,0
4.94417,1.97443,-0.566159,0
4.94426,1.98458,-0.55971,0
4.94434,1.97544,-0.547839,0
4.94443,1.97203,-0.537636,0
4.94452,1.97918,-0.53032,0
4.94461,1.98631,-0.522952,0
4.94469,1.98277,-0.512778,0
4.94478,1.98789,-0.50486,0
4.94487,1.97455,-0.492311,0
4.94495,1.9728,-0.48274,0
4.94504,1.97683,-0.474594,0
4.94513,1.97888,-0.465964,0
4.94522,1.97895,-0.456876,0
4.9453,1.97702,-0.447354,0
4.94539,1.977,-0.43829,0
4.94548,1.98085,-0.430084,0
4.94556,1.98955,-0.422892,0
4.94565,1.97473,-0.410745,0
4.94574,1.97749,-0.402325,0
4.94583,1.9753,-0.392912,0
4.94591,1.97896,-0.384671,0
4.946,1.98258,-0.376406,0
4.94609,1.97634,-0.366293,0
4.94618,1.97694,-0.357489,0
4.94626,1.97946,-0.349033,0
4.94635,1.98195,-0.340562,0
4.94644,1.98243,-0.331746,0
4.94652,1.97794,-0.322128,0
4.94661,1.97439,-0.312713,0
4.9467,1.97475,-0.303943,0
4.94679,1.97506,-0.295175,0
4.94687,1.98128,-0.287272,0
4.94696,1.97459,-0.277511,0
4.94705,1.96291,-0.26714,0
4.94714,1.78361,-0.234817,0
4.94722,1.67748,-0.213402,0
4.94731,1.66946,-0.204984,0
4.9474,1.66835,-0.197463,0
4.94748,1.65827,-0.188936,0
4.94757,1.66206,-0.182025,0
4.94766,1.66384,-0.174876,0
4.94775,1.65961,-0.167114,0
4.94783,1.65733,-0.159583,0
4.94792,1.662,-0.152716,0
4.94801,1.66265,-0.145463,0
4.9481,1.65829,-0.137793,0
4.94818,1.65588,-0.130321,0
4.94827,1.65444,-0.122946,0
4.94836,1.65496,-0.115726,0
4.94844,1.65944,-0.108765,0
4.94853,1.6599,-0.101524,0
4.94862,1.65134,-0.0937699,0
4.94871,1.64275,-0.0860927,0
4.94879,1.63711,-0.0786362,0
4.94888,1.65542,-0.0722774,0
4.94897,1.64873,-0.0647787,0
4.94906,1.64999,-0.0576191,0
4.94914,1.64923,-0.0503886,0
4.94923,1.66143,-0.0435061,0
4.94932,1.6706,-0.0364527,0
4.9494,1.67175,-0.0291805,0
4.94949,1.67386,-0.021912,0
4.94958,1.68494,-0.0147043,0
4.94967,1.70098,-0.00742203,0
4.94975,1.703,-4.12371e-08,0
4.94984,1.69598,0.00740013,0
4.94993,1.69094,0.0147565,0
4.95002,1.69086,0.0221345,0
4.9501,1.69274,0.0295469,0
4.95019,1.6956,0.036998,0
4.95028,1.68242,0.0440558,0
4.95036,1.68521,0.0514879,0
4.95045,1.68897,0.0589801,0
4.95054,1.70468,0.0669772,0
4.95063,1.69838,0.0741529,0
4.95071,1.69604,0.0814668,0
4.9508,1.70266,0.0892328,0
4.95089,1.69826,0.0964344,0
4.95098,1.68984,0.103355,0
4.95106,1.69935,0.111381,0
4.95115,1.69985,0.118865,0
4.95124,1.69632,0.126059,0
4.95132,1.69775,0.133616,0
4.95141,1.69516,0.140857,0
4.9515,1.69752,0.148513,0
4.95159,1.69287,0.155553,0
4.95167,1.69416,0.163129,0
4.95176,1.69344,0.17052,0
4.95185,1.69467,0.178116,0
4.95194,1.69089,0.185183,0
4.95202,1.68808,0.192332,0
4.95211,1.69318,0.200401,0
4.9522,1.68931,0.207422,0
4.95228,1.69236,0.215295,0
4.95237,1.69537,0.2232,0
4.95246,1.69141,0.230191,0
4.95255,1.69237,0.237847,0
4.95263,1.69032,0.245085,0
4.95272,1.69221,0.252902,0
4.95281,1.69603,0.261044,0
4.9529,1.69191,0.267972,0
4.95298,1.68678,0.274709,0
4.95307,1.6974,0.284047,0
4.95316,1.70304,0.292636,0
4.95324,1.69682,0.299196,0
4.95333,1.69747,0.306953,0
4.95342,1.68825,0.312898,0
4.95351,1.69276,0.321381,0
4.95359,1.70312,0.331054,0
4.95368,1.69382,0.336921,0
4.95377,1.70507,0.3469,0
4.95386,1.69375,0.3523,0
4.95394,1.6922,0.359687,0
4.95403,1.68475,0.365794,0
4.95412,1.68606,0.373791,0
4.9542,1.68832,0.382027,0
4.95429,1.69443,0.39119,0
4.95438,1.68784,0.397433,0
4.95447,1.69873,0.407829,0
4.95455,1.69596,0.415,0
4.95464,1.69996,0.423847,0
4.95473,1.69325,0.43003,0
4.95482,1.69619,0.438666,0
4.9549,1.7049,0.448863,0
4.95499,1.69713,0.454745,0
4.95508,1.70092,0.463724,0
4.95516,1.71526,0.475684,0
4.95525,1.72087,0.485335,0
4.95534,1.73123,0.496423,0
4.95543,1.73097,0.504532,0
4.95551,1.75272,0.51918,0
4.9556,1.75331,0.527687,0
4.95569,1.79116,0.547612,0
4.95578,1.82313,0.566098,0
4.95586,1.87405,0.590887,0
4.95595,1.90479,0.609729,0
4.95604,1.93255,0.627922,0
4.95612,1.95543,0.644804,0
4.95621,1.97251,0.659994,0
4.9563,1.98287,0.673094,0
4.95639,1.97897,0.681414,0
4.95647,1.9958,0.696966,0
4.95656,1.98143,0.701662,0
4.95665,1.98306,0.711991,0
4.95674,1.98651,0.723031,0
4.95682,1.9824,0.731345,0
4.95691,1.99418,0.745591,0
4.957,1.98903,0.753577,0
4.95708,1.98573,0.762249,0
4.95717,1.97772,0.769093,0
4.95726,1.98737,0.782847,0
4.95735,1.98579,0.792252,0
4.95743,1.98788,0.803156,0
4.95752,1.98714,0.812959,0
4.95761,1.98911,0.823917,0
4.95769,1.99011,0.834522,0
4.95778,1.98737,0.843588,0
4.95787,1.9901,0.855015,0
4.95796,1.98452,0.862893,0
4.95804,1.99263,0.876779,0
4.95813,1.98422,0.883432,0
4.95822,1.97761,0.890849,0
4.95831,1.98372,0.904031,0
4.95839,1.98974,0.917283,0
4.95848,1.99116,0.928492,0
4.95857,1.98528,0.936318,0
4.95865,1.9884,0.948416,0
4.95874,1.98964,0.95969,0
4.95883,1.99712,0.974061,0
4.95892,1.98209,0.977458,0
4.959,1.9957,0.995021,0
4.95909,1.98866,1.00237,0
4.95918,1.99407,1.01603,0
4.95927,1.98873,1.02426,0
4.95935,1.99489,1.03847,0
4.95944,1.99211,1.0481,0
4.95953,1.98928,1.05772,0
4.95961,1.99434,1.0716,0
4.9597,1.99404,1.08267,0
4.95979,1.98053,1.08655,0
4.95988,1.98539,1.10052,0
4.95996,1.98929,1.11406,0
4.96005,1.99573,1.12913,0
4.96014,1.99599,1.1408,0
4.96023,1.99619,1.1525,0
4.96031,1.99632,1.16422,0
4.9604,1.99553,1.17546,0
4.96049,1.99382,1.1862,0
4.96057,1.9972,1.20004,0
4.96066,1.99365,1.20978,0
4.96075,1.99603,1.22317,0
4.96084,1.99323,1.23345,0
4.96092,1.99885,1.24902,0
4.96101,2.00015,1.262,0
4.9611,1.99293,1.26964,0
4.96119,1.99326,1.28211,0
4.96127,1.99268,1.29406,0
4.96136,2.00625,1.31536,0
4.96145,1.99799,1.32244,0
4.96153,2.01216,1.34448,0
4.96162,2.03363,1.3717,0
4.96171,2.02597,1.37943,0
4.9618,2.01581,1.38543,0
4.96188,2.00811,1.39307,0
4.96197,2.00774,1.40584,0
4.96206,1.99832,1.41227,0
4.96215,2.00191,1.42795,0
4.96223,1.99972,1.43959,0
4.96232,2.00394,1.45594,0
4.96241,1.99192,1.46053,0
4.96249,1.99839,1.47873,0
4.96258,1.99913,1.49282,0
4.96267,2.00298,1.50935,0
4.96276,1.99319,1.51566,0
4.96284,1.99608,1.53164,0
4.96293,1.99175,1.54218,0
4.96302,1.99367,1.55762,0
4.96311,1.99156,1.57002,0
4.96319,1.99878,1.5899,0
4.96328,1.99572,1.60174,0
4.96337,1.99804,1.61798,0
4.96345,2.00026,1.63428,0
4.96354,1.99851,1.64744,0
4.96363,1.99976,1.66318,0
4.96372,1.99478,1.67382,0
4.9638,1.99662,1.69026,0
4.96389,2.00139,1.70935,0
4.96398,1.99846,1.72198,0
4.96407,2.003,1.74118,0
4.96415,1.99613,1.75056,0
4.96424,1.99971,1.7692,0
4.96433,1.99794,1.78323,0
4.96441,1.99832,1.79929,0
4.9645,2.00229,1.81875,0
4.96459,1.99212,1.82544,0
4.96468,1.99956,1.84837,0
4.96476,2.0083,1.87277,0
4.96485,1.99501,1.87672,0
4.96494,2.00058,1.89848,0
4.96503,2.00023,1.9148,0
4.96511,2.00408,1.93532,0
4.9652,2.00421,1.95242,0
4.96529,2.00138,1.96675,0
4.96537,2.00272,1.98532,0
4.96546,2.00535,2.00535,0
4.96555,2.00222,2.01977,0
4.96564,2.00951,2.04489,0
4.96572,2.00754,2.0608,0
4.96581,2.00756,2.07889,0
4.9659,2.00746,2.09702,0
4.96599,2.01413,2.12245,0
4.96607,2.00622,2.13267,0
4.96616,2.00849,2.15384,0
4.96625,2.01468,2.17947,0
4.96633,2.00515,2.18824,0
4.96642,2.01508,2.21843,0
4.96651,2.01274,2.23538,0
4.9666,2.01429,2.25682,0
4.96668,2.01238,2.27458,0
4.96677,2.01628,2.29913,0
4.96686,2.00557,2.30715,0
4.96695,2.01572,2.33936,0
4.96703,2.01719,2.36182,0
4.96712,2.01526,2.38052,0
4.96721,2.01,2.39542,0
4.96729,2.01487,2.42262,0
4.96738,2.01319,2.44219,0
4.96747,2.01327,2.46412,0
4.96756,2.01068,2.48298,0
4.96764,2.01297,2.50811,0
4.96773,2.01446,2.53252,0
4.96782,2.00958,2.54914,0
4.96791,2.01444,2.57837,0
4.96799,2.01726,2.60532,0
4.96808,2.01622,2.62759,0
4.96817,2.01623,2.65148,0
4.96825,2.0239,2.68581,0
4.96834,2.01695,2.70103,0
4.96843,2.02121,2.73151,0
4.96852,2.01932,2.75401,0
4.9686,2.0355,2.80163,0
4.96869,2.01917,2.8048,0
4.96878,1.99878,2.80219,0
4.96887,1.97961,2.80108,0
4.96895,1.96737,2.80969,0
4.96904,1.95053,2.81168,0
4.96913,1.93484,2.81521,0
4.96921,1.91579,2.81371,0
4.9693,1.90573,2.82536,0
4.96939,1.88505,2.82118,0
4.96948,1.86941,2.82437,0
4.96956,1.84939,2.82079,0
4.96965,1.84034,2.83387,0
4.96974,1.82092,2.83094,0
4.96983,1.80425,2.83211,0
4.96991,1.79081,2.83826,0
4.97,1.76887,2.83078,0
4.97009,1.75387,2.83422,0
4.97017,1.73679,2.83418,0
4.97026,1.72129,2.8366,0
4.97035,1.70272,2.8338,0
4.97044,1.68369,2.83003,0
4.97052,1.66676,2.82959,0
4.97061,1.65339,2.83511,0
4.9707,1.6375,2.83623,0
4.97078,1.61965,2.8338,0
4.97087,1.60826,2.84258,0
4.97096,1.59388,2.84608,0
4.97105,1.57321,2.83814,0
4.97113,1.55456,2.83358,0
4.97122,1.54647,2.84825,0
4.97131,1.52598,2.83999,0
4.9714,1.51592,2.85104,0
4.97148,1.49649,2.84435,0
4.97157,1.48083,2.84464,0
4.97166,1.4597,2.83419,0
4.97174,1.44914,2.84409,0
4.97183,1.43131,2.83967,0
4.97192,1.41936,2.84679,0
4.97201,1.40471,2.84847,0
4.97209,1.38481,2.83929,0
4.97218,1.36937,2.839,0
4.97227,1.35482,2.84044,0
4.97236,1.34028,2.8418,0
4.97244,1.32618,2.84399,0
4.97253,1.3125,2.84703,0
4.97262,1.29633,2.84454,0
4.9727,1.28432,2.85108,0
4.97279,1.26739,2.84661,0
4.97288,1.24851,2.83747,0
4.97297,1.23692,2.84472,0
4.97305,1.22173,2.84366,0
4.97314,1.20658,2.84252,0
4.97323,1.19068,2.83946,0
4.97332,1.17981,2.84832,0
4.9734,1.16094,2.83771,0
4.97349,1.14854,2.84275,0
4.97358,1.13094,2.83473,0
4.97366,1.11966,2.84243,0
4.97375,1.10254,2.83517,0
4.97384,1.08908,2.83715,0
4.97393,1.07669,2.84188,0
4.97401,1.06218,2.84093,0
4.9741,1.04839,2.84178,0
4.97419,1.03324,2.83881,0
4.97428,1.01983,2.84047,0
4.97436,1.00743,2.84489,0
4.97445,0.992369,2.84171,0
4.97454,0.975402,2.83277,0
4.97462,0.964961,2.84268,0
4.97471,0.951279,2.84307,0
4.9748,0.936047,2.83865,0
4.97489,0.92118,2.8351,0
4.97497,0.909715,2.84195,0
4.97506,0.892796,2.83159,0
4.97515,0.871832,2.80776,0
4.97524,0.730637,2.38981,0
4.97532,0.702046,2.33264,0
4.97541,0.66914,2.25898,0
4.9755,0.650603,2.23212,0
4.97558,0.644165,2.24647,0
4.97567,0.631099,2.23771,0
4.97576,0.622665,2.24526,0
4.97585,0.608654,2.23252,0
4.97593,0.600978,2.24288,0
4.97602,0.586348,2.22711,0
4.97611,0.571117,2.20834,0
4.9762,0.563937,2.22051,0
4.97628,0.550856,2.20936,0
4.97637,0.544063,2.2234,0
4.97646,0.532722,2.21895,0
4.97654,0.523952,2.22514,0
4.97663,0.511089,2.21377,0
4.97672,0.502087,2.2189,0
4.97681,0.491102,2.21522,0
4.97689,0.481219,2.21636,0
4.97698,0.471128,2.21648,0
4.97707,0.462878,2.22537,0
4.97716,0.45117,2.21757,0
4.97724,0.440904,2.21657,0
4.97733,0.432564,2.22535,0
4.97742,0.421731,2.22132,0
4.9775,0.411306,2.21921,0
4.97759,0.399483,2.20917,0
4.97768,0.391577,2.22074,0
4.97777,0.381036,2.2175,0
4.97785,0.371852,2.2221,0
4.97794,0.362635,2.22666,0
4.97803,0.352603,2.22625,0
4.97812,0.342278,2.22381,0
4.9782,0.33331,2.23023,0
4.97829,0.323289,2.22968,0
4.97838,0.313,2.22711,0
4.97846,0.304224,2.23539,0
4.97855,0.294728,2.23868,0
4.97864,0.283822,2.23102,0
4.97873,0.273597,2.22827,0
4.97881,0.263754,2.22845,0
4.9789,0.253236,2.22262,0
4.97899,0.24408,2.22867,0
4.97908,0.236234,2.24762,0
4.97916,0.227527,2.25957,0
4.97925,0.217762,2.26154,0
4.97934,0.207983,2.26346,0
4.97942,0.197844,2.26136,0
4.97951,0.187395,2.25523,0
4.9796,0.177161,2.25104,0
4.97969,0.167633,2.25578,0
4.97977,0.157301,2.24951,0
4.97986,0.147877,2.25616,0
4.97995,0.137481,2.2478,0
4.98004,0.128296,2.25936,0
4.98012,0.117913,2.24991,0
4.98021,0.108671,2.26239,0
4.9803,0.0985363,2.25685,0
4.98038,0.0886095,2.25526,0
4.98047,0.0788031,2.25662,0
4.98056,0.0689866,2.25795,0
4.98065,0.0590291,2.25423,0
4.98073,0.0489745,2.24447,0
4.98082,0.0393902,2.25666,0
4.98091,0.0296087,2.26181,0
4.981,0.0198006,2.26891,0
4.98108,0.00984807,2.25698,0
4.98117,8.23696e-08,2.264,0
4.98126,-0.00989154,2.26698,0
4.98134,-0.0198266,2.27191,0
4.98143,-0.0296217,2.26281,0
4.98152,-0.0394249,2.25866,0
4.98161,-0.0494106,2.26446,0
4.98169,-0.0593431,2.26622,0
4.98178,-0.0690475,2.25995,0
4.98187,-0.0787332,2.25463,0
4.98196,-0.0888449,2.26126,0
4.98204,-0.0987542,2.26185,0
4.98213,-0.108526,2.2594,0
4.98222,-0.117651,2.24492,0
4.9823,-0.126878,2.2344,0
4.98239,-0.130644,2.13601,0
4.98248,-0.138197,2.10848,0
4.98257,-0.145791,2.08491,0
4.98265,-0.155035,2.08625,0
4.98274,-0.164293,2.08754,0
4.98283,-0.173897,2.09279,0
4.98291,-0.182243,2.08304,0
4.983,-0.192885,2.09916,0
4.98309,-0.200893,2.08635,0
4.98318,-0.210194,2.08744,0
4.98326,-0.219196,2.08551,0
4.98335,-0.228511,2.08652,0
4.98344,-0.2375,2.08451,0
4.98353,-0.246123,2.07949,0
4.98361,-0.257144,2.09427,0
4.9837,-0.265523,2.08718,0
4.98379,-0.274888,2.08798,0
4.98387,-0.282917,2.07884,0
4.98396,-0.29282,2.08352,0
4.98405,-0.3032,2.09113,0
4.98414,-0.31306,2.09474,0
4.98422,-0.320676,2.08347,0
4.98431,-0.331797,2.09489,0
4.9844,-0.341256,2.09539,0
4.98449,-0.350231,2.0929,0
4.98457,-0.359529,2.09234,0
4.98466,-0.368308,2.08878,0
4.98475,-0.37724,2.08617,0
4.98483,-0.38725,2.08942,0
4.98492,-0.398975,2.10146,0
4.98501,-0.40566,2.08694,0
4.9851,-0.417493,2.09888,0
4.98518,-0.424654,2.08724,0
4.98527,-0.433757,2.08537,0
4.98536,-0.444099,2.08932,0
4.98545,-0.452787,2.08541,0
4.98553,-0.462748,2.08732,0
4.98562,-0.472734,2.08918,0
4.98571,-0.484994,2.10074,0
4.98579,-0.491635,2.0879,0
4.98588,-0.501907,2.0906,0
4.98597,-0.5115,2.09033,0
4.98606,-0.522551,2.09584,0
4.98614,-0.532183,2.09548,0
4.98623,-0.541572,2.0941,0
4.98632,-0.552741,2.09946,0
4.98641,-0.560602,2.0922,0
4.98649,-0.570778,2.09359,0
4.98658,-0.579373,2.08915,0
4.98667,-0.590926,2.09527,0
4.98675,-0.600062,2.09267,0
4.98684,-0.610027,2.09291,0
4.98693,-0.620289,2.09406,0
4.98702,-0.312981,1.03992,0
4.9871,-0.304651,0.99647,0
4.98719,-0.309293,0.996086,0
4.98728,-0.303111,0.961347,0
4.98737,-0.311876,0.974301,0
4.98745,-0.305,0.938693,0
4.98754,-0.303769,0.921208,0
4.98763,-0.307468,0.918926,0
4.98771,-0.309868,0.912841,0
4.9878,-0.309615,0.899188,0
4.98789,-0.30859,0.883667,0
4.98798,-0.306768,0.866288,0
4.98806,-0.302773,0.843294,0
4.98815,-0.301662,0.828809,0
4.98824,-0.301468,0.817165,0
4.98833,-0.286119,0.765261,0
4.98841,-0.282724,0.746238,0
4.9885,-0.283111,0.737529,0
4.98859,-0.282339,0.726034,0
4.98867,-0.284771,0.722934,0
4.98876,-0.278659,0.698465,0
4.98885,-0.28133,0.696315,0
4.98894,-0.279064,0.682123,0
4.98902,-0.283951,0.685519,0
4.98911,-0.279592,0.666751,0
4.9892,-0.278201,0.6554,0
4.98929,-0.280268,0.652342,0
4.98937,-0.283909,0.652947,0
4.98946,-0.282728,0.642549,0
4.98955,-0.274954,0.617557,0
4.98963,-0.275182,0.610881,0
4.98972,-0.274942,0.603304,0
4.98981,-0.27799,0.603007,0
4.9899,-0.278505,0.597257,0
4.98998,-0.278123,0.589705,0
4.99007,-0.275958,0.578557,0
4.99016,-0.281955,0.584553,0
4.99025,-0.289763,0.594103,0
4.99033,-0.301641,0.611667,0
4.99042,-0.30163,0.604976,0
4.99051,-0.299766,0.594724,0
4.99059,-0.30599,0.600538,0
4.99068,-0.304486,0.591196,0
4.99077,-0.301984,0.580105,0
4.99086,-0.29939,0.569047,0
4.99094,-0.303748,0.571267,0
4.99103,-0.301505,0.561127,0
4.99112,-0.302519,0.55717,0
4.99121,-0.296289,0.540064,0
4.99129,-0.307369,0.554509,0
4.99138,-0.291707,0.52088,0
4.99147,-0.242272,0.428215,0
4.99155,-0.222305,0.388953,0
4.99164,-0.2175,0.376721,0
4.99173,-0.212089,0.363675,0
4.99182,-0.217734,0.369639,0
4.9919,-0.218322,0.366967,0
4.99199,-0.220436,0.366868,0
4.99208,-0.215291,0.354788,0
4.99217,-0.218927,0.357256,0
4.99225,-0.220484,0.356298,0
4.99234,-0.220976,0.353636,0
4.99243,-0.213979,0.339137,0
4.99251,-0.217069,0.34073,0
4.9926,-0.21639,0.336416,0
4.99269,-0.21949,0.337984,0
4.99278,-0.2248,0.342877,0
4.99286,-0.224638,0.339392,0
4.99295,-0.225006,0.336745,0
4.99304,-0.233743,0.346538,0
4.99313,-0.231313,0.339728,0
4.99321,-0.234492,0.341188,0
4.9933,-0.234269,0.337697,0
4.99339,-0.24377,0.34814,0
4.99347,-0.241824,0.342173,0
4.99356,-0.246799,0.345999,0
4.99365,-0.235453,0.327064,0
4.99374,-0.244519,0.336551,0
4.99382,-0.250124,0.341126,0
4.99391,-0.255774,0.345658,0
4.994,-0.259673,0.347744,0
4.99409,-0.256975,0.341017,0
4.99417,-0.260882,0.343077,0
4.99426,-0.249592,0.325275,0
4.99435,-0.255295,0.329718,0
4.99443,-0.255499,0.327024,0
4.99452,-0.256924,0.325907,0
4.99461,-0.253363,0.318522,0
4.9947,-0.258506,0.322092,0
4.99478,-0.260539,0.321738,0
4.99487,-0.265736,0.325245,0
4.99496,-0.261428,0.317138,0
4.99505,-0.263449,0.316763,0
4.99513,-0.27447,0.327101,0
4.99522,-0.277833,0.32819,0
4.99531,-0.276015,0.323173,0
4.99539,-0.273506,0.31742,0
4.99548,-0.277513,0.319242,0
4.99557,-0.282859,0.322539,0
4.99566,-0.285589,0.3228,0
4.99574,-0.282334,0.316328,0
4.99583,-0.283042,0.31435,0
4.99592,-0.282394,0.310892,0
4.996,-0.281721,0.307445,0
4.99609,-0.359086,0.388457,0
4.99618,-0.351229,0.376647,0
4.99627,-0.265851,0.282608,0
4.99635,-0.337982,0.356159,0
4.99644,-0.332618,0.347457,0
4.99653,-0.154214,0.159693,0
4.99662,-0.103971,0.106729,0
4.9967,-0.0883146,0.0898696,0
4.99679,-0.0598412,0.0603658,0
4.99688,-0.072832,0.072832,0
