7200
6959
6.05629
6.072,-0.0318198,-0.0318198,0
6.07209,-0.0260485,-0.0262769,0
6.07218,-0.0252327,-0.025677,0
6.07226,-0.0307028,-0.0315173,0
6.07235,-0.0764124,-0.0791274,0
6.07244,-0.0304266,-0.031784,0
6.07252,-0.0564451,-0.0594807,0
6.07261,-0.0349443,-0.0371469,0
6.0727,-0.0491039,-0.0526575,0
6.07279,-0.0332612,-0.0359818,0
6.07287,-0.0533716,-0.0582449,0
6.07296,-0.0497551,-0.0547761,0
6.07305,-0.04617,-0.051277,0
6.07313,-0.0559341,-0.0626688,0
6.07322,-0.0536722,-0.0606654,0
6.07331,-0.0791215,-0.0902208,0
6.0734,-0.0715104,-0.0822633,0
6.07348,-0.0731091,-0.0848473,0
6.07357,-0.0902733,-0.105696,0
6.07366,-0.0846422,-0.0999835,0
6.07375,-0.0932042,-0.111076,0
6.07383,-0.106147,-0.127628,0
6.07392,-0.120855,-0.146609,0
6.07401,-0.111356,-0.136293,0
6.07409,-0.12083,-0.149212,0
6.07418,-0.122681,-0.152857,0
6.07427,-0.140066,-0.176087,0
6.07436,-0.159726,-0.202612,0
6.07444,-0.169307,-0.216703,0
6.07453,-0.191012,-0.246695,0
6.07462,-0.221589,-0.288781,0
6.07471,-0.252408,-0.331933,0
6.07479,-0.271419,-0.360185,0
6.07488,-0.276426,-0.370179,0
6.07497,-0.271834,-0.367363,0
6.07505,-0.269637,-0.367739,0
6.07514,-0.279786,-0.385092,0
6.07523,-0.27635,-0.383874,0
6.07532,-0.290932,-0.407872,0
6.0754,-0.302424,-0.42792,0
6.07549,-0.309731,-0.442342,0
6.07558,-0.306658,-0.442046,0
6.07567,-0.306426,-0.445852,0
6.07575,-0.305603,-0.448838,0
6.07584,-0.303642,-0.450167,0
6.07593,-0.306675,-0.458971,0
6.07601,-0.299702,-0.4528,0
6.0761,-0.288402,-0.439887,0
6.07619,-0.290837,-0.44785,0
6.07628,-0.289962,-0.450797,0
6.07636,-0.290142,-0.455431,0
6.07645,-0.291887,-0.462613,0
6.07654,-0.295165,-0.472363,0
6.07663,-0.284682,-0.460041,0
6.07671,-0.286329,-0.467247,0
6.0768,-0.285844,-0.471056,0
6.07689,-0.299237,-0.498014,0
6.07697,-0.303708,-0.510487,0
6.07706,-0.307061,-0.521286,0
6.07715,-0.309821,-0.531259,0
6.07724,-0.309,-0.535204,0
6.07732,-0.311128,-0.544361,0
6.07741,-0.306287,-0.541361,0
6.0775,-0.300991,-0.537458,0
6.07759,-0.30543,-0.55101,0
6.07767,-0.305909,-0.557598,0
6.07776,-0.301564,-0.555412,0
6.07785,-0.300085,-0.558485,0
6.07793,-0.292481,-0.550076,0
6.07802,-0.297993,-0.566392,0
6.07811,-0.295519,-0.567687,0
6.0782,-0.300823,-0.584084,0
6.07828,-0.291916,-0.572917,0
6.07837,-0.295265,-0.585794,0
6.07846,-0.28869,-0.579023,0
6.07855,-0.290141,-0.588349,0
6.07863,-0.291078,-0.596799,0
6.07872,-0.279783,-0.58005,0
6.07881,-0.275527,-0.577655,0
6.07889,-0.273857,-0.58066,0
6.07898,-0.271744,-0.582756,0
6.07907,-0.264174,-0.573038,0
6.07916,-0.267892,-0.587835,0
6.07924,-0.258342,-0.573498,0
6.07933,-0.257464,-0.578274,0
6.07942,-0.246884,-0.561086,0
6.07951,-0.248022,-0.570411,0
6.07959,-0.243952,-0.567813,0
6.07968,-0.242644,-0.571634,0
6.07977,-0.242854,-0.579142,0
6.07985,-0.245683,-0.593131,0
6.07994,-0.23817,-0.582165,0
6.08003,-0.241247,-0.597106,0
6.08012,-0.230857,-0.578648,0
6.0802,-0.231995,-0.588954,0
6.08029,-0.227249,-0.584369,0
6.08038,-0.222905,-0.580687,0
6.08047,-0.218598,-0.576978,0
6.08055,-0.21993,-0.58823,0
6.08064,-0.212862,-0.576988,0
6.08073,-0.21171,-0.58167,0
6.08081,-0.202412,-0.563764,0
6.0809,-0.205959,-0.58161,0
6.08099,-0.201771,-0.577782,0
6.08108,-0.199573,-0.579603,0
6.08116,-0.193828,-0.570999,0
6.08125,-0.191652,-0.572787,0
6.08134,-0.189777,-0.575518,0
6.08143,-0.185719,-0.571585,0
6.08151,-0.184443,-0.576199,0
6.0816,-0.179822,-0.570323,0
6.08169,-0.176442,-0.568237,0
6.08177,-0.176008,-0.575695,0
6.08186,-0.170036,-0.564967,0
6.08195,-0.168705,-0.569539,0
6.08204,-0.162301,-0.556829,0
6.08212,-0.164004,-0.571951,0
6.08221,-0.159336,-0.564961,0
6.0823,-0.158472,-0.571433,0
6.08239,-0.153873,-0.564401,0
6.08247,-0.150374,-0.561203,0
6.08256,-0.148942,-0.565722,0
6.08265,-0.145471,-0.562494,0
6.08273,-0.144984,-0.570877,0
6.08282,-0.142976,-0.573445,0
6.08291,-0.142374,-0.581834,0
6.083,-0.136332,-0.567864,0
6.08308,-0.131561,-0.55872,0
6.08317,-0.130922,-0.567083,0
6.08326,-0.125577,-0.55497,0
6.08335,-0.125751,-0.567228,0
6.08343,-0.120517,-0.555067,0
6.08352,-0.119341,-0.561457,0
6.08361,-0.115465,-0.555119,0
6.08369,-0.111447,-0.547778,0
6.08378,-0.109836,-0.552182,0
6.08387,-0.107044,-0.550693,0
6.08396,-0.106505,-0.560979,0
6.08404,-0.100958,-0.544723,0
6.08413,-0.10036,-0.554999,0
6.08422,-0.0986322,-0.559371,0
6.08431,-0.0960212,-0.55881,0
6.08439,-0.0916014,-0.547388,0
6.08448,-0.0895336,-0.549757,0
6.08457,-0.0851004,-0.537302,0
6.08465,-0.0824509,-0.535692,0
6.08474,-0.0796693,-0.53308,0
6.08483,-0.0764816,-0.527484,0
6.08492,-0.0757102,-0.538706,0
6.085,-0.0716059,-0.52615,0
6.08509,-0.0712673,-0.541329,0
6.08518,-0.0689046,-0.541635,0
6.08526,-0.0662969,-0.539945,0
6.08535,-0.0638228,-0.539236,0
6.08544,-0.0610165,-0.535535,0
6.08553,-0.0594413,-0.542755,0
6.08561,-0.0571771,-0.544003,0
6.0857,-0.0549031,-0.545243,0
6.08579,-0.0532902,-0.55344,0
6.08588,-0.058195,-0.633332,0
6.08596,-0.0668485,-0.764081,0
6.08605,-0.0583798,-0.702579,0
6.08614,-0.0898357,-1.14147,0
6.08622,-0.0852989,-1.14784,0
6.08631,-0.0808478,-1.15618,0
6.0864,-0.0769795,-1.17448,0
6.08649,-0.0727699,-1.18978,0
6.08657,-0.0697321,-1.22802,0
6.08666,-0.0872964,-1.66571,0
6.08675,-0.0879439,-1.83089,0
6.08684,-0.0807395,-1.84924,0
6.08692,-0.0730625,-1.85957,0
6.08701,-0.0653668,-1.87186,0
6.0871,-0.0572292,-1.87313,0
6.08718,-0.0494483,-1.88835,0
6.08727,-0.0411429,-1.88555,0
6.08736,-0.0329153,-1.88571,0
6.08745,-0.0248048,-1.89484,0
6.08753,-0.0165281,-1.89393,0
6.08762,-0.00824231,-1.88898,0
6.08771,-2.28159e-08,-1.894,0
6.0878,0.00824227,-1.88898,0
6.08788,0.0164757,-1.88793,0
6.08797,0.0245561,-1.87584,0
6.08806,0.0326011,-1.86772,0
6.08814,0.0405757,-1.85956,0
6.08823,0.0495529,-1.89235,0
6.08832,0.062665,-2.05104,0
6.08841,0.0741614,-2.12371,0
6.08849,0.0832308,-2.11837,0
6.08858,0.0930401,-2.13097,0
6.08867,0.102673,-2.13754,0
6.08876,0.111737,-2.13207,0
6.08884,0.121379,-2.13756,0
6.08893,0.129972,-2.12503,0
6.08902,0.139701,-2.13143,0
6.0891,0.148651,-2.12581,0
6.08919,0.157777,-2.12315,0
6.08928,0.168216,-2.13739,0
6.08937,0.177789,-2.13963,0
6.08945,0.186426,-2.13086,0
6.08954,0.195996,-2.13301,0
6.08963,0.205685,-2.13612,0
6.08972,0.214803,-2.13321,0
6.0898,0.224109,-2.13226,0
6.08989,0.233302,-2.13026,0
6.08998,0.24316,-2.13419,0
6.09006,0.250237,-2.11424,0
6.09015,0.260313,-2.12008,0
6.09024,0.271075,-2.13083,0
6.09033,0.280892,-2.13359,0
6.09041,0.290064,-2.13135,0
6.0905,0.300614,-2.13898,0
6.09059,0.30937,-2.13369,0
6.09068,0.319416,-2.13726,0
6.09076,0.328739,-2.13585,0
6.09085,0.337742,-2.13242,0
6.09094,0.347686,-2.13487,0
6.09102,0.355843,-2.12643,0
6.09111,0.365626,-2.12782,0
6.0912,0.376122,-2.13309,0
6.09129,0.386493,-2.13734,0
6.09137,0.39454,-2.12875,0
6.09146,0.403638,-2.12602,0
6.09155,0.413101,-2.12522,0
6.09164,0.415542,-2.08907,0
6.09172,0.399135,-1.96181,0
6.09181,0.406062,-1.95222,0
6.0919,0.410626,-1.93184,0
6.09198,0.397197,-1.82938,0
6.09207,0.404742,-1.82567,0
6.09216,0.414249,-1.83072,0
6.09225,0.434605,-1.88248,0
6.09233,0.44717,-1.89906,0
6.09242,0.453818,-1.89029,0
6.09251,0.468717,-1.91549,0
6.0926,0.494246,-1.98231,0
6.09268,0.533168,-2.09935,0
6.09277,0.551838,-2.1338,0
6.09286,0.560633,-2.12944,0
6.09294,0.571472,-2.13276,0
6.09303,0.582877,-2.13797,0
6.09312,0.592735,-2.13733,0
6.09321,0.601783,-2.13376,0
6.09329,0.609159,-2.12439,0
6.09338,0.6215,-2.13227,0
6.09347,0.63307,-2.13721,0
6.09356,0.641237,-2.1306,0
6.09364,0.653743,-2.1383,0
6.09373,0.663957,-2.13829,0
6.09382,0.673581,-2.13633,0
6.0939,0.68442,-2.13813,0
6.09399,0.693125,-2.13322,0
6.09408,0.703053,-2.13207,0
6.09417,0.714887,-2.13657,0
6.09425,0.72356,-2.13154,0
6.09434,0.735784,-2.13687,0
6.09443,0.747409,-2.14025,0
6.09452,0.756406,-2.13603,0
6.0946,0.766733,-2.13553,0
6.09469,0.773992,-2.12652,0
6.09478,0.778071,-2.10905,0
6.09486,0.77641,-2.0766,0
6.09495,0.779086,-2.05636,0
6.09504,0.775508,-2.02027,0
6.09513,0.775255,-1.99356,0
6.09521,0.774417,-1.96597,0
6.0953,0.776688,-1.94678,0
6.09539,0.775061,-1.91834,0
6.09548,0.756919,-1.85016,0
6.09556,0.74164,-1.79048,0
6.09565,0.742872,-1.77155,0
6.09574,0.744343,-1.75356,0
6.09582,0.742118,-1.72733,0
6.09591,0.753636,-1.73324,0
6.096,0.761191,-1.72994,0
6.09609,0.778494,-1.74853,0
6.09617,0.792277,-1.75879,0
6.09626,0.806578,-1.76987,0
6.09635,0.83104,-1.80266,0
6.09644,0.83932,-1.79993,0
6.09652,0.847592,-1.79715,0
6.09661,0.859731,-1.80246,0
6.0967,0.86889,-1.8014,0
6.09678,0.876304,-1.79669,0
6.09687,0.887231,-1.79913,0
6.09696,0.895073,-1.79524,0
6.09705,0.906948,-1.79935,0
6.09713,0.913429,-1.79271,0
6.09722,0.923532,-1.79315,0
6.09731,0.934579,-1.79531,0
6.0974,0.940076,-1.78679,0
6.09748,0.970398,-1.82505,0
6.09757,1.03657,-1.92915,0
6.09766,1.05786,-1.94834,0
6.09774,1.06828,-1.94721,0
6.09783,1.07919,-1.9469,0
6.09792,1.08816,-1.94305,0
6.09801,1.09515,-1.93567,0
6.09809,1.09664,-1.91872,0
6.09818,1.1035,-1.91132,0
6.09827,1.11133,-1.90562,0
6.09835,1.10136,-1.86974,0
6.09844,1.10184,-1.85202,0
6.09853,1.10064,-1.83177,0
6.09862,1.09721,-1.80814,0
6.0987,1.09934,-1.79395,0
6.09879,1.09873,-1.77554,0
6.09888,1.09481,-1.75207,0
6.09897,1.11472,-1.76673,0
6.09905,1.17185,-1.83944,0
6.09914,1.36542,-2.12278,0
6.09923,1.39482,-2.14784,0
6.09931,1.41021,-2.15093,0
6.0994,1.42841,-2.1581,0
6.09949,1.43782,-2.15184,0
6.09958,1.45446,-2.15633,0
6.09966,1.4678,-2.15575,0
6.09975,1.47662,-2.1485,0
6.09984,1.49282,-2.15189,0
6.09993,1.50908,-2.15519,0
6.10001,1.52193,-2.15348,0
6.1001,1.53886,-2.15741,0
6.10019,1.55294,-2.15716,0
6.10027,1.56586,-2.15522,0
6.10036,1.58294,-2.15885,0
6.10045,1.59531,-2.15594,0
6.10054,1.61368,-2.16098,0
6.10062,1.62911,-2.16191,0
6.10071,1.64216,-2.15955,0
6.1008,1.65887,-2.16189,0
6.10089,1.67258,-2.16016,0
6.10097,1.6863,-2.15836,0
6.10106,1.70251,-2.15962,0
6.10115,1.71254,-2.15296,0
6.10123,1.73005,-2.1556,0
6.10132,1.74762,-2.15813,0
6.10141,1.76525,-2.16056,0
6.1015,1.78102,-2.16055,0
6.10158,1.79427,-2.15737,0
6.10167,1.80816,-2.15488,0
6.10176,1.82788,-2.15918,0
6.10185,1.84768,-2.16336,0
6.10193,1.86363,-2.16285,0
6.10202,1.88355,-2.16677,0
6.10211,1.90023,-2.1668,0
6.10219,1.91232,-2.16149,0
6.10228,1.93439,-2.1673,0
6.10237,1.9552,-2.17147,0
6.10246,1.96802,-2.16662,0
6.10254,1.98353,-2.16465,0
6.10263,1.99567,-2.15891,0
6.10272,1.99485,-2.13921,0
6.10281,1.99662,-2.12247,0
6.10289,1.9976,-2.10504,0
6.10298,1.99847,-2.08763,0
6.10307,1.99297,-2.06379,0
6.10315,1.9894,-2.04218,0
6.10324,1.99549,-2.03062,0
6.10333,1.99659,-2.01409,0
6.10342,1.99051,-1.99051,0
6.1035,1.99136,-1.97406,0
6.10359,1.99425,-1.95974,0
6.10368,1.99562,-1.94404,0
6.10377,1.99185,-1.92351,0
6.10385,1.98867,-1.90374,0
6.10394,1.9839,-1.88265,0
6.10403,1.99792,-1.87946,0
6.10411,2.00391,-1.86868,0
6.1042,1.99883,-1.8477,0
6.10429,1.98917,-1.82274,0
6.10438,1.98601,-1.80396,0
6.10446,1.98643,-1.78859,0
6.10455,1.986,-1.77258,0
6.10464,1.98473,-1.75594,0
6.10473,1.98411,-1.74001,0
6.10481,1.98715,-1.7274,0
6.1049,1.98406,-1.70958,0
6.10499,1.98466,-1.69506,0
6.10507,1.99204,-1.68638,0
6.10516,1.98099,-1.66225,0
6.10525,1.98592,-1.65167,0
6.10534,1.9877,-1.63854,0
6.10542,1.98941,-1.62542,0
6.10551,1.98716,-1.60917,0
6.1056,1.99182,-1.59861,0
6.10569,1.98861,-1.58181,0
6.10577,1.98293,-1.56321,0
6.10586,1.98736,-1.5527,0
6.10595,1.99491,-1.54462,0
6.10603,1.98814,-1.52556,0
6.10612,1.98284,-1.50779,0
6.10621,1.97343,-1.48708,0
6.1063,1.98791,-1.48444,0
6.10638,1.98231,-1.46683,0
6.10647,1.98063,-1.45226,0
6.10656,1.98775,-1.44419,0
6.10665,1.97618,-1.42265,0
6.10673,1.98074,-1.41285,0
6.10682,1.97954,-1.399,0
6.10691,1.98399,-1.3892,0
6.10699,1.98099,-1.37426,0
6.10708,1.98367,-1.36334,0
6.10717,1.98547,-1.35186,0
6.10726,1.97725,-1.33368,0
6.10734,1.98305,-1.32504,0
6.10743,1.98215,-1.31195,0
6.10752,1.97364,-1.29397,0
6.10761,1.97423,-1.28208,0
6.10769,1.98233,-1.27508,0
6.10778,1.97691,-1.25943,0
6.10787,1.98577,-1.25293,0
6.10795,1.97934,-1.23683,0
6.10804,1.97877,-1.2245,0
6.10813,1.97471,-1.21011,0
6.10822,1.97741,-1.19992,0
6.1083,1.98348,-1.1918,0
6.10839,1.97578,-1.17546,0
6.10848,1.98347,-1.16835,0
6.10857,1.97818,-1.15364,0
6.10865,1.98233,-1.1445,0
6.10874,1.98297,-1.13336,0
6.10883,1.98528,-1.12322,0
6.10891,1.98755,-1.11308,0
6.109,1.98451,-1.10003,0
6.10909,1.98666,-1.08992,0
6.10918,1.98173,-1.07599,0
6.10926,1.98377,-1.06592,0
6.10935,1.98398,-1.0549,0
6.10944,1.97883,-1.04111,0
6.10953,1.98513,-1.03339,0
6.10961,1.98784,-1.02381,0
6.1097,1.97803,-1.00786,0
6.10979,1.97706,-0.996518,0
6.10987,1.98049,-0.987436,0
6.10996,1.98568,-0.979227,0
6.11005,1.98633,-0.9688,0
6.11014,1.98514,-0.957517,0
6.11022,1.99201,-0.950138,0
6.11031,1.99071,-0.938878,0
6.1104,1.98753,-0.926802,0
6.11049,1.97612,-0.911004,0
6.11057,1.9819,-0.903202,0
6.11066,1.98764,-0.895367,0
6.11075,1.99062,-0.886279,0
6.11083,1.97982,-0.871141,0
6.11092,1.97718,-0.859703,0
6.11101,1.98735,-0.853831,0
6.1111,1.98369,-0.842026,0
6.11118,1.98919,-0.834136,0
6.11127,1.98911,-0.823918,0
6.11136,1.98528,-0.812201,0
6.11144,1.97676,-0.798661,0
6.11153,1.97836,-0.789287,0
6.11162,1.97155,-0.776616,0
6.11171,1.98238,-0.770906,0
6.11179,1.97919,-0.75974,0
6.11188,1.98062,-0.750388,0
6.11197,1.97732,-0.739288,0
6.11206,1.98334,-0.731692,0
6.11214,1.98369,-0.722005,0
6.11223,1.98494,-0.712666,0
6.11232,1.98615,-0.703331,0
6.1124,1.97787,-0.690702,0
6.11249,1.96762,-0.677507,0
6.11258,1.97814,-0.671487,0
6.11267,1.98389,-0.663801,0
6.11275,1.98107,-0.65326,0
6.11284,1.98485,-0.644919,0
6.11293,1.98479,-0.635337,0
6.11302,1.98182,-0.624867,0
6.1131,1.98453,-0.616213,0
6.11319,1.97381,-0.603455,0
6.11328,1.97451,-0.594261,0
6.11336,1.98476,-0.587912,0
6.11345,1.9825,-0.577847,0
6.11354,1.97828,-0.567262,0
6.11363,1.97592,-0.557267,0
6.11371,1.98026,-0.549175,0
6.1138,1.98843,-0.542107,0
6.11389,1.98015,-0.530579,0
6.11398,1.97664,-0.520406,0
6.11406,1.9818,-0.512528,0
6.11415,1.98789,-0.50486,0
6.11424,1.98911,-0.49594,0
6.11432,1.98154,-0.484879,0
6.11441,1.97975,-0.475295,0
6.1145,1.97596,-0.465277,0
6.11459,1.98382,-0.458,0
6.11467,1.9858,-0.44934,0
6.11476,1.97407,-0.437641,0
6.11485,1.96717,-0.427114,0
6.11494,1.92793,-0.409794,0
6.11502,1.79263,-0.372868,0
6.11511,1.71977,-0.349891,0
6.1152,1.70951,-0.340042,0
6.11528,1.70116,-0.330672,0
6.11537,1.69571,-0.321941,0
6.11546,1.68923,-0.313081,0
6.11555,1.69157,-0.305885,0
6.11563,1.70175,-0.300064,0
6.11572,1.69713,-0.29162,0
6.11581,1.70332,-0.285037,0
6.1159,1.70257,-0.277281,0
6.11598,1.70475,-0.270006,0
6.11607,1.69109,-0.260283,0
6.11616,1.69913,-0.253937,0
6.11624,1.69824,-0.246233,0
6.11633,1.69138,-0.237708,0
6.11642,1.69438,-0.230595,0
6.11651,1.7033,-0.224244,0
6.11659,1.70228,-0.216557,0
6.11668,1.70321,-0.209128,0
6.11677,1.70013,-0.201224,0
6.11686,1.70398,-0.194144,0
6.11694,1.69785,-0.185945,0
6.11703,1.69864,-0.178535,0
6.11712,1.68647,-0.169819,0
6.1172,1.69217,-0.162938,0
6.11729,1.70482,-0.156651,0
6.11738,1.69951,-0.148688,0
6.11747,1.69615,-0.14094,0
6.11755,1.69675,-0.133537,0
6.11764,1.69732,-0.126133,0
6.11773,1.69486,-0.118516,0
6.11782,1.68538,-0.110466,0
6.1179,1.68785,-0.103233,0
6.11799,1.69427,-0.0962077,0
6.11808,1.73961,-0.0911693,0
6.11816,1.88782,-0.0906787,0
6.11825,1.93815,-0.0846217,0
6.11834,1.93451,-0.076007,0
6.11843,1.92982,-0.067391,0
6.11851,1.89212,-0.0578094,0
6.1186,1.81038,-0.0474065,0
6.11869,1.72559,-0.0376525,0
6.11878,1.69674,-0.0296168,0
6.11886,1.71285,-0.0224225,0
6.11895,1.71993,-0.0150097,0
6.11904,1.77498,-0.00774492,0
6.11912,1.855,-4.49177e-08,0
6.11921,1.90598,0.00831642,0
6.1193,1.92693,0.016816,0
6.11939,1.93583,0.0253414,0
6.11947,1.85972,0.0324614,0
6.11956,1.71759,0.0374779,0
6.11965,1.68742,0.0441866,0
6.11974,1.68421,0.0514574,0
6.11982,1.68797,0.0589452,0
6.11991,1.6807,0.066035,0
6.12,1.68739,0.0736731,0
6.12008,1.67807,0.0806032,0
6.12017,1.68369,0.0882384,0
6.12026,1.68728,0.0958108,0
6.12035,1.68685,0.103172,0
6.12043,1.68339,0.110335,0
6.12052,1.69885,0.118795,0
6.12061,1.69034,0.125614,0
6.1207,1.69177,0.133145,0
6.12078,1.69018,0.140443,0
6.12087,1.69453,0.148252,0
6.12096,1.68988,0.155278,0
6.12104,1.69616,0.163321,0
6.12113,1.69742,0.170921,0
6.12122,1.69665,0.178326,0
6.12131,1.69188,0.185291,0
6.12139,1.69305,0.192898,0
6.12148,1.69219,0.200284,0
6.12157,1.69031,0.207543,0
6.12166,1.68839,0.214791,0
6.12174,1.6924,0.222808,0
6.12183,1.6815,0.228842,0
6.12192,1.69534,0.238264,0
6.122,1.6923,0.245372,0
6.12209,1.70407,0.254676,0
6.12218,1.7237,0.265303,0
6.12227,1.79661,0.284554,0
6.12235,1.93056,0.314412,0
6.12244,1.98342,0.331911,0
6.12253,1.98688,0.341409,0
6.12262,1.9903,0.350943,0
6.1227,1.97792,0.357666,0
6.12279,1.98421,0.367751,0
6.12288,1.9816,0.376219,0
6.12296,1.98387,0.385625,0
6.12305,1.99001,0.395838,0
6.12314,1.97651,0.402125,0
6.12323,1.98942,0.4138,0
6.12331,1.98368,0.421645,0
6.1234,1.98085,0.430084,0
6.12349,1.97993,0.43894,0
6.12357,1.98385,0.448899,0
6.12366,1.98577,0.45845,0
6.12375,1.99056,0.468715,0
6.12384,1.98169,0.475762,0
6.12392,1.99222,0.487494,0
6.12401,1.98037,0.493763,0
6.1241,1.98305,0.50363,0
6.12419,1.98858,0.51428,0
6.12427,1.99018,0.523971,0
6.12436,1.9956,0.53472,0
6.12445,2.00097,0.545527,0
6.12453,1.99279,0.552649,0
6.12462,1.98458,0.55971,0
6.12471,1.98501,0.569191,0
6.1248,1.98346,0.578127,0
6.12488,1.97996,0.586492,0
6.12497,1.97164,0.593396,0
6.12506,1.98911,0.608133,0
6.12515,1.98071,0.615027,0
6.12523,1.99708,0.629678,0
6.12532,1.98194,0.634423,0
6.12541,1.982,0.643991,0
6.12549,1.98012,0.652946,0
6.12558,1.982,0.663167,0
6.12567,1.9895,0.675344,0
6.12576,1.9837,0.683042,0
6.12584,1.99203,0.695647,0
6.12593,1.98238,0.701996,0
6.12602,1.98023,0.710977,0
6.12611,1.99215,0.725083,0
6.12619,1.98897,0.733768,0
6.12628,1.98762,0.74314,0
6.12637,1.97968,0.750034,0
6.12645,1.98386,0.761532,0
6.12654,1.98704,0.772718,0
6.12663,1.98458,0.781747,0
6.12672,1.98301,0.79114,0
6.1268,1.98139,0.800534,0
6.12689,1.99176,0.814852,0
6.12698,1.98726,0.823152,0
6.12707,1.98642,0.832975,0
6.12715,1.98369,0.842026,0
6.12724,1.98551,0.853041,0
6.12733,1.9836,0.862494,0
6.12741,1.98897,0.875169,0
6.1275,1.98696,0.884652,0
6.12759,1.98673,0.894956,0
6.12768,1.9819,0.903202,0
6.12776,1.98338,0.914353,0
6.12785,1.9966,0.931028,0
6.12794,1.9898,0.938451,0
6.12803,1.97937,0.944111,0
6.12811,1.96983,0.950132,0
6.1282,1.98993,0.970554,0
6.12829,1.98388,0.978342,0
6.12837,1.98228,0.988328,0
6.12846,1.98241,0.999219,0
6.12855,1.98427,1.01104,0
6.12864,1.98606,1.02289,0
6.12872,1.98158,1.03155,0
6.12881,1.97618,1.03972,0
6.1289,1.98398,1.0549,0
6.12899,1.98553,1.06686,0
6.12907,1.98349,1.07695,0
6.12916,1.97877,1.08559,0
6.12925,1.98101,1.09809,0
6.12933,1.98406,1.11112,0
6.12942,1.98702,1.1242,0
6.12951,1.97863,1.13088,0
6.1296,1.98147,1.144,0
6.12968,1.98077,1.15515,0
6.12977,1.98175,1.16734,0
6.12986,1.98867,1.18313,0
6.12995,1.98777,1.19437,0
6.13003,1.98169,1.20252,0
6.13012,1.98154,1.21429,0
6.13021,1.99067,1.23187,0
6.13029,1.98952,1.24319,0
6.13038,1.98323,1.25133,0
6.13047,1.97944,1.26104,0
6.13056,1.97812,1.27237,0
6.13064,1.98597,1.28971,0
6.13073,1.98534,1.30165,0
6.13082,1.97965,1.3103,0
6.13091,1.98056,1.32337,0
6.13099,1.98223,1.33703,0
6.13108,1.97968,1.34792,0
6.13117,1.9812,1.36164,0
6.13125,1.98017,1.37369,0
6.13134,1.9889,1.39264,0
6.13143,1.98444,1.40246,0
6.13152,1.9897,1.41924,0
6.1316,1.98836,1.43141,0
6.13169,1.98047,1.4389,0
6.13178,1.98305,1.45403,0
6.13187,1.98955,1.47219,0
6.13195,1.98951,1.48564,0
6.13204,1.98141,1.4931,0
6.13213,1.98523,1.5096,0
6.13221,1.98814,1.52556,0
6.1323,1.99096,1.54156,0
6.13239,1.99288,1.55701,0
6.13248,1.98999,1.56878,0
6.13256,1.98939,1.58243,0
6.13265,1.98715,1.59485,0
6.13274,1.98172,1.60477,0
6.13283,1.98167,1.61909,0
6.13291,1.99311,1.64299,0
6.133,1.98899,1.65423,0
6.13309,1.99555,1.67446,0
6.13317,1.99051,1.68509,0
6.13326,1.99378,1.70285,0
6.13335,1.98558,1.71088,0
6.13344,1.99319,1.73265,0
6.13352,1.9826,1.73869,0
6.13361,1.98923,1.75992,0
6.1337,1.9875,1.77391,0
6.13379,1.99237,1.79394,0
6.13387,1.99341,1.81068,0
6.13396,1.98844,1.82207,0
6.13405,1.99442,1.84362,0
6.13413,1.99001,1.85572,0
6.13422,1.98554,1.86781,0
6.13431,1.9926,1.89091,0
6.1344,1.98939,1.90443,0
6.13448,1.99545,1.92698,0
6.13457,1.9906,1.93916,0
6.13466,1.99354,1.95904,0
6.13475,1.99491,1.97758,0
6.13483,2.00111,2.00111,0
6.13492,1.99518,2.01267,0
6.13501,1.99549,2.03062,0
6.13509,1.99638,2.04934,0
6.13518,2.00131,2.07242,0
6.13527,1.99709,2.08619,0
6.13536,1.99898,2.10649,0
6.13544,2.00073,2.12684,0
6.13553,1.99621,2.14067,0
6.13562,1.98142,2.14349,0
6.13571,1.96191,2.14105,0
6.13579,1.95121,2.14811,0
6.13588,1.92576,2.13877,0
6.13597,1.90442,2.13372,0
6.13605,1.89311,2.13977,0
6.13614,1.88243,2.1465,0
6.13623,1.86321,2.14338,0
6.13632,1.84535,2.14164,0
6.1364,1.83469,2.14815,0
6.13649,1.80915,2.13705,0
6.13658,1.80238,2.14799,0
6.13666,1.77956,2.13969,0
6.13675,1.76384,2.13971,0
6.13684,1.75259,2.14507,0
6.13693,1.73063,2.13715,0
6.13701,1.72004,2.14312,0
6.1371,1.70196,2.13965,0
6.13719,1.68765,2.14077,0
6.13728,1.6746,2.14339,0
6.13736,1.65666,2.13961,0
6.13745,1.64,2.13729,0
6.13754,1.62521,2.13727,0
6.13762,1.61286,2.14034,0
6.13771,1.59813,2.14015,0
6.1378,1.58223,2.13826,0
6.13789,1.56579,2.13547,0
6.13797,1.55763,2.1439,0
6.13806,1.54125,2.14093,0
6.13815,1.52667,2.14031,0
6.13824,1.51327,2.14123,0
6.13832,1.50048,2.1429,0
6.13841,1.48313,2.13793,0
6.1385,1.47436,2.1452,0
6.13858,1.45654,2.13921,0
6.13867,1.44607,2.14389,0
6.13876,1.43282,2.14436,0
6.13885,1.41627,2.13975,0
6.13893,1.41021,2.15093,0
6.13902,1.39046,2.14113,0
6.13911,1.37678,2.14044,0
6.1392,1.36635,2.14474,0
6.13928,1.35485,2.1473,0
6.13937,1.3407,2.14556,0
6.13946,1.32922,2.14799,0
6.13954,1.31722,2.14951,0
6.13963,1.29849,2.13984,0
6.13972,1.28863,2.14463,0
6.13981,1.27312,2.13992,0
6.13989,1.26326,2.14459,0
6.13998,1.2554,2.15268,0
6.14007,1.24,2.14774,0
6.14016,1.22665,2.14619,0
6.14024,1.21284,2.14369,0
6.14033,1.20347,2.14896,0
6.14042,1.18778,2.14282,0
6.1405,1.1765,2.14447,0
6.14059,1.16474,2.14519,0
6.14068,1.14875,2.13792,0
6.14077,1.13894,2.14203,0
6.14085,1.13191,2.1514,0
6.14094,1.11836,2.14834,0
6.14103,1.10485,2.1452,0
6.14112,1.09593,2.15089,0
6.1412,1.07979,2.14226,0
6.14129,1.06686,2.13979,0
6.14138,1.05972,2.14891,0
6.14146,1.04464,2.14183,0
6.14155,1.03441,2.14456,0
6.14164,1.02376,2.14635,0
6.14173,1.0131,2.14808,0
6.14181,0.997802,2.13979,0
6.1419,0.9872,2.1414,0
6.14199,0.974529,2.13841,0
6.14208,0.969707,2.15267,0
6.14216,0.955018,2.145,0
6.14225,0.944441,2.14641,0
6.14234,0.930282,2.1395,0
6.14242,0.922122,2.1463,0
6.14251,0.909231,2.14201,0
6.1426,0.897556,2.14043,0
6.14269,0.890122,2.14894,0
6.14277,0.878844,2.14818,0
6.14286,0.868713,2.15014,0
6.14295,0.855617,2.14462,0
6.14304,0.846251,2.14833,0
6.14312,0.83397,2.14455,0
6.14321,0.824246,2.14723,0
6.1433,0.813098,2.14614,0
6.14338,0.803726,2.14966,0
6.14347,0.79157,2.14564,0
6.14356,0.781858,2.14814,0
6.14365,0.770112,2.14494,0
6.14373,0.760746,2.14828,0
6.14382,0.751035,2.15063,0
6.14391,0.738063,2.14349,0
6.144,0.728382,2.14574,0
6.14408,0.71806,2.14606,0
6.14417,0.70869,2.14917,0
6.14426,0.696215,2.14273,0
6.14434,0.690213,2.15622,0
6.14443,0.678092,2.15063,0
6.14452,0.668405,2.15261,0
6.14461,0.660468,2.16029,0
6.14469,0.650747,2.1622,0
6.14478,0.63733,2.15159,0
6.14487,0.628496,2.15627,0
6.14496,0.615774,2.14746,0
6.14504,0.608841,2.15879,0
6.14513,0.597545,2.15468,0
6.14522,0.588401,2.15823,0
6.1453,0.576908,2.15305,0
6.14539,0.565726,2.14878,0
6.14548,0.558347,2.15897,0
6.14557,0.544983,2.14588,0
6.14565,0.535131,2.14629,0
6.14574,0.525048,2.14569,0
6.14583,0.517782,2.15672,0
6.14592,0.505387,2.1463,0
6.146,0.498267,2.15823,0
6.14609,0.487521,2.15453,0
6.14618,0.475734,2.1459,0
6.14626,0.467427,2.15284,0
6.14635,0.45803,2.15486,0
6.14644,0.447401,2.15096,0
6.14653,0.438211,2.15387,0
6.14661,0.429004,2.15675,0
6.1467,0.418444,2.15271,0
6.14679,0.409793,2.15844,0
6.14688,0.399825,2.15726,0
6.14696,0.391654,2.16587,0
6.14705,0.379421,2.1518,0
6.14714,0.371214,2.16034,0
6.14722,0.359804,2.1501,0
6.14731,0.349454,2.14573,0
6.1474,0.340558,2.1502,0
6.14749,0.331629,2.15463,0
6.14757,0.323703,2.16594,0
6.14766,0.311666,2.14952,0
6.14775,0.304093,2.16374,0
6.14784,0.292492,2.14919,0
6.14792,0.283111,2.15044,0
6.14801,0.274483,2.15761,0
6.1481,0.264944,2.1578,0
6.14818,0.255526,2.15893,0
6.14827,0.246104,2.16003,0
6.14836,0.235915,2.15412,0
6.14845,0.226095,2.15115,0
6.14853,0.217208,2.15709,0
6.14862,0.207123,2.15105,0
6.14871,0.197644,2.15094,0
6.14879,0.188169,2.15078,0
6.14888,0.17986,2.16454,0
6.14897,0.170099,2.16132,0
6.14906,0.160519,2.16004,0
6.14914,0.150256,2.14875,0
6.14923,0.140878,2.14939,0
6.14932,0.132048,2.15897,0
6.14941,0.122173,2.15153,0
6.14949,0.112732,2.15105,0
6.14958,0.103345,2.15152,0
6.14967,0.0943488,2.16094,0
6.14975,0.0845657,2.15234,0
6.14984,0.0753481,2.15768,0
6.14993,0.0659938,2.15999,0
6.15002,0.0564638,2.15626,0
6.1501,0.0469675,2.15249,0
6.15019,0.0376624,2.15767,0
6.15028,0.0282605,2.15881,0
6.15037,0.018736,2.14692,0
6.15045,0.00938556,2.15098,0
6.15054,7.87314e-08,2.164,0
6.15063,-0.00947267,2.17098,0
6.15071,-0.018858,2.16092,0
6.1508,-0.0283127,2.16281,0
6.15089,-0.0378542,2.16867,0
6.15098,-0.047011,2.15449,0
6.15106,-0.056516,2.15826,0
6.15115,-0.0660547,2.16199,0
6.15124,-0.0752432,2.15469,0
6.15133,-0.0847226,2.15634,0
6.15141,-0.0943487,2.16094,0
6.1515,-0.103825,2.16151,0
6.15159,-0.113464,2.16503,0
6.15167,-0.12325,2.1705,0
6.15176,-0.132353,2.16396,0
6.15185,-0.14199,2.16635,0
6.15194,-0.151511,2.16671,0
6.15202,-0.160222,2.15605,0
6.15211,-0.169942,2.15932,0
6.1522,-0.179611,2.16155,0
6.15229,-0.188692,2.15676,0
6.15237,-0.198924,2.16488,0
6.15246,-0.20856,2.16598,0
6.15255,-0.217508,2.16008,0
6.15263,-0.22714,2.1611,0
6.15272,-0.236785,2.16207,0
6.15281,-0.24667,2.16499,0
6.1529,-0.256231,2.16489,0
6.15298,-0.265309,2.16077,0
6.15307,-0.27524,2.16356,0
6.15316,-0.284547,2.16135,0
6.15325,-0.295189,2.16901,0
6.15333,-0.303815,2.16176,0
6.15342,-0.313818,2.16437,0
6.15351,-0.324442,2.17089,0
6.15359,-0.334215,2.17143,0
6.15368,-0.342122,2.16007,0
6.15377,-0.351544,2.15856,0
6.15386,-0.362114,2.16391,0
6.15394,-0.372399,2.16724,0
6.15403,-0.382721,2.17052,0
6.15412,-0.39201,2.16784,0
6.15421,-0.400007,2.15824,0
6.15429,-0.410539,2.16237,0
6.15438,-0.420925,2.16547,0
6.15447,-0.430174,2.16263,0
6.15455,-0.441002,2.16759,0
6.15464,-0.450863,2.16761,0
6.15473,-0.459693,2.16268,0
6.15482,-0.471883,2.17336,0
6.1549,-0.481145,2.17031,0
6.15499,-0.490169,2.16624,0
6.15508,-0.499841,2.16505,0
6.15517,-0.5102,2.16674,0
6.15525,-0.520583,2.16839,0
6.15534,-0.528613,2.16026,0
6.15543,-0.53876,2.16085,0
6.15551,-0.550152,2.16623,0
6.1556,-0.5601,2.16575,0
6.15569,-0.569544,2.16328,0
6.15578,-0.579496,2.16271,0
6.15586,-0.58919,2.16112,0
6.15595,-0.593536,2.14022,0
6.15604,-0.539081,1.91144,0
6.15613,-0.511032,1.78218,0
6.15621,-0.50649,1.73769,0
6.1563,-0.51066,1.72396,0
6.15639,-0.515295,1.71214,0
6.15647,-0.51779,1.69362,0
6.15656,-0.521913,1.68084,0
6.15665,-0.526536,1.66996,0
6.15674,-0.529854,1.65526,0
6.15682,-0.532745,1.63962,0
6.15691,-0.53645,1.62683,0
6.157,-0.539101,1.6112,0
6.15709,-0.54484,1.60505,0
6.15717,-0.551187,1.60076,0
6.15726,-0.555199,1.58985,0
6.15735,-0.560462,1.5827,0
6.15743,-0.565335,1.57459,0
6.15752,-0.568779,1.56271,0
6.15761,-0.573516,1.55458,0
6.1577,-0.581694,1.55581,0
6.15778,-0.588477,1.55326,0
6.15787,-0.595966,1.55254,0
6.15796,-0.601647,1.54713,0
6.15805,-0.601795,1.52775,0
6.15813,-0.602897,1.51117,0
6.15822,-0.608361,1.50575,0
6.15831,-0.612275,1.4966,0
6.15839,-0.609615,1.47174,0
6.15848,-0.61371,1.46353,0
6.15857,-0.622435,1.46636,0
6.15866,-0.625669,1.45628,0
6.15874,-0.63441,1.45904,0
6.15883,-0.641173,1.45718,0
6.15892,-0.653626,1.46807,0
6.15901,-0.662489,1.47067,0
6.15909,-0.226008,0.495929,0
6.15918,-0.232775,0.504928,0
6.15927,-0.226946,0.486687,0
6.15935,-0.232907,0.493833,0
6.15944,-0.23592,0.494617,0
6.15953,-0.235035,0.487278,0
6.15962,-0.237597,0.487146,0
6.1597,-0.229548,0.465477,0
6.15979,-0.2347,0.470735,0
6.15988,-0.231351,0.458991,0
6.15997,-0.231989,0.455304,0
6.16005,-0.220695,0.428506,0
6.16014,-0.219331,0.42133,0
6.16023,-0.223961,0.425679,0
6.16031,-0.225816,0.424698,0
6.1604,-0.229087,0.426351,0
6.16049,-0.227605,0.419196,0
6.16058,-0.235684,0.429596,0
6.16066,-0.223012,0.402325,0
6.16075,-0.227697,0.406583,0
6.16084,-0.228485,0.403845,0
6.16093,-0.229252,0.401108,0
6.16101,-0.2305,0.399238,0
6.1611,-0.2403,0.41205,0
6.16119,-0.225347,0.382563,0
6.16127,-0.244909,0.411656,0
6.16136,-0.227647,0.378868,0
6.16145,-0.229817,0.378726,0
6.16154,-0.221017,0.360667,0
6.16162,-0.221536,0.357998,0
6.16171,-0.210908,0.337523,0
6.1618,-0.226253,0.358589,0
6.16188,-0.215457,0.3382,0
6.16197,-0.219636,0.341462,0
6.16206,-0.21132,0.325404,0
6.16215,-0.285661,0.435705,0
6.16223,-0.215807,0.326049,0
6.16232,-0.223895,0.335082,0
6.16241,-0.232065,0.344051,0
6.1625,-0.229062,0.336422,0
6.16258,-0.225996,0.328826,0
6.16267,-0.213749,0.308118,0
6.16276,-0.218533,0.312097,0
6.16284,-0.214698,0.303791,0
6.16293,-0.226474,0.317505,0
6.16302,-0.219678,0.305152,0
6.16311,-0.218656,0.300954,0
6.16319,-0.214645,0.292739,0
6.16328,-0.221869,0.299839,0
6.16337,-0.21061,0.282041,0
6.16346,-0.199803,0.265147,0
6.16354,-0.180983,0.238005,0
6.16363,-0.136971,0.178504,0
6.16372,-0.11877,0.153394,0
6.1638,-0.0751107,0.0961373,0
6.16389,-0.0643858,0.081673,0
6.16398,-0.0715892,0.0899999,0
6.16407,-0.0594627,0.074089,0
6.16415,-0.0585268,0.0722746,0
6.16424,-0.0620051,0.0758905,0
6.16433,-0.056611,0.0686746,0
6.16442,-0.0799299,0.0961052,0
6.1645,-0.0488519,0.0582194,0
6.16459,-0.057505,0.0679277,0
6.16468,-0.0629965,0.0737594,0
6.16476,-0.0554846,0.064393,0
6.16485,-0.0531408,0.0611315,0
6.16494,-0.0639565,0.0729285,0
6.16503,-0.0530096,0.0599165,0
6.16511,-0.0645905,0.0723676,0
6.1652,-0.0521922,0.0579653,0
6.16529,-0.0571512,0.0629185,0
6.16538,-0.0459401,0.0501349,0
6.16546,-0.0481949,0.0521369,0
6.16555,-0.0470579,0.0504634,0
6.16564,-0.0513887,0.0546278,0
6.16572,-0.0282225,0.0297404,0
6.16581,-0.0352672,0.0368406,0
6.1659,-0.0458474,0.0474764,0
6.16599,-0.0293072,0.0300847,0
6.16607,-0.0371482,0.0378023,0
6.16616,-0.0528011,0.0532639,0
6.16625,-0.033234,0.033234,0
