7200
6727
5.86431
5.88001,-0.0212132,-0.0212132,0
5.8801,-0.0577292,-0.0582352,0
5.88019,-0.0560727,-0.05706,0
5.88028,-0.0662901,-0.0680487,0
5.88036,-0.0694658,-0.071934,0
5.88045,-0.119632,-0.124969,0
5.88054,-0.174154,-0.18352,0
5.88062,-0.200073,-0.212684,0
5.88071,-0.15004,-0.160898,0
5.8808,-0.160197,-0.1733,0
5.88089,-0.185787,-0.202751,0
5.88097,-0.318029,-0.350123,0
5.88106,-0.271667,-0.301717,0
5.88115,-0.27168,-0.304391,0
5.88124,-0.2783,-0.314561,0
5.88132,-0.278244,-0.317276,0
5.88141,-0.289322,-0.332827,0
5.8815,-0.295047,-0.342419,0
5.88158,-0.306539,-0.358912,0
5.88167,-0.305617,-0.361009,0
5.88176,-0.313038,-0.373064,0
5.88185,-0.302455,-0.363662,0
5.88193,-0.297685,-0.36112,0
5.88202,-0.299902,-0.367062,0
5.88211,-0.307738,-0.380024,0
5.8822,-0.313588,-0.390722,0
5.88228,-0.307522,-0.386608,0
5.88237,-0.303356,-0.384805,0
5.88246,-0.304137,-0.389277,0
5.88254,-0.302435,-0.390601,0
5.88263,-0.303163,-0.39509,0
5.88272,-0.307489,-0.404369,0
5.88281,-0.313546,-0.416089,0
5.88289,-0.305146,-0.408639,0
5.88298,-0.30336,-0.409967,0
5.88307,-0.298611,-0.407255,0
5.88316,-0.296832,-0.408554,0
5.88324,-0.309068,-0.429323,0
5.88333,-0.309515,-0.433924,0
5.88342,-0.311081,-0.44017,0
5.8835,-0.306863,-0.438246,0
5.88359,-0.306088,-0.441224,0
5.88368,-0.309824,-0.450797,0
5.88377,-0.306729,-0.450491,0
5.88385,-0.30476,-0.451825,0
5.88394,-0.301675,-0.451488,0
5.88403,-0.306325,-0.462807,0
5.88412,-0.303754,-0.463303,0
5.8842,-0.312078,-0.480558,0
5.88429,-0.31106,-0.483597,0
5.88438,-0.305186,-0.479046,0
5.88446,-0.311631,-0.493905,0
5.88455,-0.316362,-0.506285,0
5.88464,-0.309414,-0.500007,0
5.88473,-0.306184,-0.499647,0
5.88481,-0.306595,-0.505253,0
5.8849,-0.304903,-0.507443,0
5.88499,-0.307287,-0.516503,0
5.88508,-0.307061,-0.521286,0
5.88516,-0.31234,-0.535578,0
5.88525,-0.314,-0.543864,0
5.88534,-0.310135,-0.542624,0
5.88542,-0.310227,-0.548324,0
5.88551,-0.31174,-0.556652,0
5.8856,-0.311733,-0.56238,0
5.88569,-0.308314,-0.561982,0
5.88577,-0.304904,-0.561564,0
5.88586,-0.296298,-0.551438,0
5.88595,-0.299053,-0.562438,0
5.88604,-0.291009,-0.553117,0
5.88612,-0.300137,-0.576557,0
5.88621,-0.302197,-0.586751,0
5.8863,-0.298272,-0.585391,0
5.88638,-0.299315,-0.593831,0
5.88647,-0.302522,-0.606765,0
5.88656,-0.298987,-0.606286,0
5.88665,-0.297654,-0.610281,0
5.88673,-0.292382,-0.60617,0
5.88682,-0.292317,-0.612855,0
5.88691,-0.286228,-0.606889,0
5.887,-0.284845,-0.610851,0
5.88708,-0.281758,-0.61118,0
5.88717,-0.285724,-0.626963,0
5.88726,-0.28011,-0.621822,0
5.88734,-0.276174,-0.620297,0
5.88743,-0.273062,-0.620581,0
5.88752,-0.273941,-0.63002,0
5.88761,-0.266057,-0.619265,0
5.88769,-0.269214,-0.634228,0
5.88778,-0.261417,-0.623408,0
5.88787,-0.258694,-0.624543,0
5.88796,-0.255966,-0.625665,0
5.88804,-0.256231,-0.634194,0
5.88813,-0.256426,-0.642736,0
5.88822,-0.254352,-0.64571,0
5.8883,-0.250082,-0.643085,0
5.88839,-0.248349,-0.646971,0
5.88848,-0.245878,-0.648984,0
5.88857,-0.242344,-0.648177,0
5.88865,-0.230168,-0.623897,0
5.88874,-0.224365,-0.616438,0
5.88883,-0.21897,-0.609882,0
5.88892,-0.215973,-0.609889,0
5.889,-0.216936,-0.621211,0
5.88909,-0.211945,-0.615533,0
5.88918,-0.207971,-0.612664,0
5.88926,-0.204344,-0.61072,0
5.88935,-0.201051,-0.609707,0
5.88944,-0.201788,-0.62104,0
5.88953,-0.196942,-0.615248,0
5.88961,-0.193955,-0.615147,0
5.8897,-0.187711,-0.604528,0
5.88979,-0.191503,-0.62638,0
5.88988,-0.18214,-0.605185,0
5.88996,-0.18035,-0.608851,0
5.89005,-0.176572,-0.605791,0
5.89014,-0.174203,-0.607517,0
5.89022,-0.172365,-0.611159,0
5.89031,-0.167291,-0.603233,0
5.8904,-0.167551,-0.61457,0
5.89049,-0.164609,-0.614329,0
5.89057,-0.160654,-0.610206,0
5.89066,-0.158741,-0.613806,0
5.89075,-0.155815,-0.613523,0
5.89083,-0.15362,-0.616138,0
5.89092,-0.152119,-0.621659,0
5.89101,-0.148705,-0.6194,0
5.8911,-0.148522,-0.63075,0
5.89118,-0.143744,-0.622622,0
5.89127,-0.13926,-0.615441,0
5.89136,-0.137872,-0.621901,0
5.89145,-0.13346,-0.614678,0
5.89153,-0.445347,-2.09519,0
5.89162,-0.434572,-2.08928,0
5.89171,-0.425651,-2.09214,0
5.89179,-0.416128,-2.09201,0
5.89188,-0.406423,-2.09087,0
5.89197,-0.395244,-2.08181,0
5.89206,-0.386886,-2.08745,0
5.89214,-0.378486,-2.09305,0
5.89223,-0.368308,-2.08878,0
5.89232,-0.358682,-2.08741,0
5.89241,-0.349736,-2.08994,0
5.89249,-0.339649,-2.08552,0
5.89258,-0.331172,-2.09094,0
5.89267,-0.320828,-2.08445,0
5.89275,-0.309956,-2.07397,0
5.89284,-0.301622,-2.08025,0
5.89293,-0.292542,-2.08154,0
5.89302,-0.283996,-2.08676,0
5.8931,-0.27541,-2.09195,0
5.89319,-0.266027,-2.09115,0
5.89328,-0.256048,-2.08534,0
5.89337,-0.247064,-2.08743,0
5.89345,-0.237727,-2.0865,0
5.89354,-0.228729,-2.08851,0
5.89363,-0.219092,-2.08452,0
5.89371,-0.210495,-2.09043,0
5.8938,-0.200413,-2.08137,0
5.89389,-0.192062,-2.09019,0
5.89398,-0.182243,-2.08304,0
5.89406,-0.173483,-2.0878,0
5.89415,-0.16445,-2.08954,0
5.89424,-0.155257,-2.08924,0
5.89433,-0.145442,-2.07992,0
5.89441,-0.136431,-2.08153,0
5.8945,-0.127897,-2.09109,0
5.89459,-0.118771,-2.09163,0
5.89467,-0.109539,-2.09013,0
5.89476,-0.10061,-2.09458,0
5.89485,-0.0912082,-2.08901,0
5.89494,-0.0824064,-2.09738,0
5.89502,-0.0727655,-2.08373,0
5.89511,-0.0639477,-2.09302,0
5.8952,-0.0549978,-2.10028,0
5.89529,-0.0456368,-2.0915,0
5.89537,-0.0365454,-2.09368,0
5.89546,-0.0274096,-2.09382,0
5.89555,-0.0182036,-2.08592,0
5.89563,-0.00911934,-2.08998,0
5.89572,-2.52252e-08,-2.094,0
5.89581,0.00906693,-2.07798,0
5.8959,0.0181599,-2.08092,0
5.89598,0.0272787,-2.08382,0
5.89607,0.0365104,-2.09168,0
5.89616,0.0455495,-2.0875,0
5.89625,0.0546313,-2.08628,0
5.89633,0.063856,-2.09002,0
5.89642,0.0730795,-2.09272,0
5.89651,0.08221,-2.09239,0
5.89659,0.0912517,-2.09001,0
5.89668,0.100466,-2.09159,0
5.89677,0.109853,-2.09612,0
5.89686,0.118715,-2.09063,0
5.89694,0.128385,-2.09908,0
5.89703,0.137216,-2.09351,0
5.89712,0.14621,-2.09089,0
5.89721,0.155628,-2.09423,0
5.89729,0.164686,-2.09253,0
5.89738,0.17398,-2.09378,0
5.89747,0.182678,-2.08802,0
5.89755,0.191238,-2.08123,0
5.89764,0.200893,-2.08635,0
5.89773,0.211196,-2.09739,0
5.89782,0.219301,-2.08651,0
5.8979,0.22862,-2.08752,0
5.89799,0.238972,-2.09743,0
5.89808,0.247181,-2.08842,0
5.89817,0.257388,-2.09626,0
5.89825,0.26628,-2.09313,0
5.89834,0.275671,-2.09393,0
5.89843,0.285884,-2.10064,0
5.89851,0.293934,-2.09145,0
5.8986,0.303487,-2.09311,0
5.89869,0.31306,-2.09474,0
5.89878,0.321132,-2.08643,0
5.89886,0.33039,-2.086,0
5.89895,0.339006,-2.08158,0
5.89904,0.348746,-2.08402,0
5.89913,0.358005,-2.08347,0
5.89921,0.368829,-2.09173,0
5.8993,0.379198,-2.09699,0
5.89939,0.387797,-2.09237,0
5.89947,0.397296,-2.09262,0
5.89956,0.408522,-2.10166,0
5.89965,0.415737,-2.09005,0
5.89974,0.425252,-2.09018,0
5.89982,0.435386,-2.0932,0
5.89991,0.445971,-2.09813,0
5.9,0.45406,-2.09127,0
5.90009,0.464263,-2.09415,0
5.90017,0.474058,-2.09504,0
5.90026,0.482745,-2.091,0
5.90035,0.492322,-2.09082,0
5.90043,0.503542,-2.0974,0
5.90052,0.513164,-2.09713,0
5.90061,0.520132,-2.08614,0
5.9007,0.528983,-2.08288,0
5.90078,0.541071,-2.09217,0
5.90087,0.549686,-2.08785,0
5.90096,0.559308,-2.08737,0
5.90105,0.568937,-2.08684,0
5.90113,0.579907,-2.09108,0
5.90122,0.588211,-2.08564,0
5.90131,0.600889,-2.09555,0
5.90139,0.608068,-2.08619,0
5.90148,0.618585,-2.08831,0
5.90157,0.630285,-2.09421,0
5.90166,0.639709,-2.09239,0
5.90174,0.648833,-2.08958,0
5.90183,0.659448,-2.0915,0
5.90192,0.669787,-2.09241,0
5.90201,0.679219,-2.09042,0
5.90209,0.690839,-2.09504,0
5.90218,0.700926,-2.09485,0
5.90227,0.70781,-2.08514,0
5.90235,0.721459,-2.09527,0
5.90244,0.733562,-2.1006,0
5.90253,0.742386,-2.09643,0
5.90262,0.753892,-2.09976,0
5.9027,0.763047,-2.09645,0
5.90279,0.774956,-2.10061,0
5.90288,0.784114,-2.09721,0
5.90297,0.792549,-2.0919,0
5.90305,0.80597,-2.09962,0
5.90314,0.813673,-2.09236,0
5.90323,0.824261,-2.09251,0
5.90331,0.83783,-2.10004,0
5.9034,0.848484,-2.10007,0
5.90349,0.856503,-2.09357,0
5.90358,0.866395,-2.09166,0
5.90366,0.875514,-2.08786,0
5.90375,0.883834,-2.08218,0
5.90384,0.897253,-2.08841,0
5.90392,0.909148,-2.0909,0
5.90401,0.920276,-2.09149,0
5.9041,0.931834,-2.09293,0
5.90419,0.944243,-2.09614,0
5.90427,0.954209,-2.09382,0
5.90436,0.965429,-2.09418,0
5.90445,0.974558,-2.08995,0
5.90454,0.987507,-2.09381,0
5.90462,0.997494,-2.09129,0
5.90471,1.00835,-2.09052,0
5.9048,1.0214,-2.09419,0
5.90488,1.03186,-2.0924,0
5.90497,1.04455,-2.09504,0
5.90506,1.05593,-2.09493,0
5.90515,1.06779,-2.09565,0
5.90523,1.08196,-2.10075,0
5.90532,1.08742,-2.08891,0
5.90541,1.09838,-2.08769,0
5.9055,1.11499,-2.097,0
5.90558,1.12508,-2.09388,0
5.90567,1.13755,-2.0951,0
5.90576,1.14956,-2.09538,0
5.90584,1.16451,-2.10084,0
5.90593,1.17367,-2.09574,0
5.90602,1.18773,-2.0993,0
5.90611,1.19985,-2.0993,0
5.90619,1.206,-2.08885,0
5.90628,1.22165,-2.0948,0
5.90637,1.23738,-2.10065,0
5.90646,1.24551,-2.09351,0
5.90654,1.2603,-2.09749,0
5.90663,1.27722,-2.10479,0
5.90672,1.28012,-2.08897,0
5.9068,1.28975,-2.08421,0
5.90689,1.30625,-2.09044,0
5.90698,1.3191,-2.09064,0
5.90707,1.3325,-2.09161,0
5.90715,1.34757,-2.09503,0
5.90724,1.36595,-2.10339,0
5.90733,1.37841,-2.10242,0
5.90742,1.38647,-2.09472,0
5.9075,1.4017,-2.0978,0
5.90759,1.41252,-2.09415,0
5.90768,1.42446,-2.0921,0
5.90776,1.44037,-2.09575,0
5.90785,1.45634,-2.09931,0
5.90794,1.47237,-2.10276,0
5.90803,1.48557,-2.10204,0
5.90811,1.49763,-2.0996,0
5.9082,1.51029,-2.09792,0
5.90829,1.5206,-2.09293,0
5.90838,1.53622,-2.09514,0
5.90846,1.55189,-2.09726,0
5.90855,1.55983,-2.08887,0
5.90864,1.58157,-2.09881,0
5.90872,1.60221,-2.10702,0
5.90881,1.61078,-2.09921,0
5.9089,1.63095,-2.1064,0
5.90899,1.63889,-2.09768,0
5.90907,1.65236,-2.09601,0
5.90916,1.67145,-2.1013,0
5.90925,1.68373,-2.09789,0
5.90934,1.70231,-2.10218,0
5.90942,1.71273,-2.09628,0
5.90951,1.7295,-2.09805,0
5.9096,1.74503,-2.09817,0
5.90968,1.7606,-2.0982,0
5.90977,1.78007,-2.10271,0
5.90986,1.79053,-2.09644,0
5.90995,1.81206,-2.103,0
5.91003,1.82056,-2.09432,0
5.91012,1.84221,-2.10064,0
5.91021,1.85931,-2.10157,0
5.9103,1.87179,-2.09717,0
5.91038,1.8923,-2.10161,0
5.91047,1.90414,-2.0963,0
5.91056,1.92273,-2.09829,0
5.91064,1.94341,-2.10237,0
5.91073,1.96484,-2.10703,0
5.91082,1.98086,-2.10572,0
5.91091,1.98934,-2.09633,0
5.91099,1.9881,-2.0768,0
5.91108,1.9895,-2.06019,0
5.91117,1.98382,-2.03645,0
5.91126,1.98357,-2.0185,0
5.91134,1.98743,-2.00485,0
5.91143,1.9898,-1.9898,0
5.91152,1.98639,-1.96913,0
5.9116,1.98355,-1.94923,0
5.91169,1.98344,-1.93218,0
5.91178,1.98897,-1.92073,0
5.91187,1.97928,-1.89475,0
5.91195,1.9868,-1.8854,0
5.91204,1.98845,-1.87055,0
5.91213,1.97319,-1.84003,0
5.91222,1.97826,-1.82869,0
5.9123,1.98328,-1.81734,0
5.91239,1.98304,-1.80127,0
5.91248,1.98494,-1.78725,0
5.91256,1.9778,-1.76525,0
5.91265,1.98398,-1.75528,0
5.91274,1.97208,-1.72946,0
5.91283,1.97885,-1.72019,0
5.91291,1.978,-1.70436,0
5.913,1.97934,-1.69051,0
5.91309,1.98211,-1.67798,0
5.91318,1.98406,-1.66482,0
5.91326,1.98515,-1.65103,0
5.91335,1.98385,-1.63536,0
5.91344,1.9809,-1.61846,0
5.91352,1.98172,-1.60477,0
5.91361,1.97467,-1.58484,0
5.9137,1.98235,-1.57683,0
5.91379,1.9845,-1.56445,0
5.91387,1.98106,-1.54777,0
5.91396,1.98305,-1.53544,0
5.91405,1.98656,-1.52434,0
5.91414,1.98762,-1.51142,0
5.91422,1.98301,-1.49431,0
5.91431,1.98471,-1.48205,0
5.9144,1.97427,-1.46088,0
5.91448,1.9766,-1.4493,0
5.91457,1.97724,-1.43655,0
5.91466,1.97618,-1.42265,0
5.91475,1.98563,-1.41633,0
5.91483,1.98036,-1.39958,0
5.91492,1.97088,-1.38002,0
5.91501,1.97195,-1.36799,0
5.9151,1.96636,-1.35145,0
5.91518,1.97307,-1.34342,0
5.91527,1.96731,-1.32696,0
5.91536,1.9764,-1.32059,0
5.91544,1.97548,-1.30754,0
5.91553,1.98116,-1.29891,0
5.91562,1.98262,-1.28753,0
5.91571,1.98065,-1.27399,0
5.91579,1.97438,-1.25782,0
5.91588,1.97562,-1.24652,0
5.91597,1.97002,-1.231,0
5.91605,1.97707,-1.22345,0
5.91614,1.97301,-1.20906,0
5.91623,1.9834,-1.20355,0
5.91632,1.9792,-1.18922,0
5.9164,1.97749,-1.17649,0
5.91649,1.97313,-1.16226,0
5.91658,1.97386,-1.15112,0
5.91667,1.98147,-1.144,0
5.91675,1.96473,-1.12294,0
5.91684,1.96961,-1.11435,0
5.91693,1.97271,-1.10477,0
5.91701,1.98276,-1.09906,0
5.9171,1.98053,-1.08655,0
5.91719,1.97734,-1.07361,0
5.91728,1.9776,-1.0626,0
5.91736,1.98751,-1.05678,0
5.91745,1.9806,-1.04205,0
5.91754,1.98336,-1.03247,0
5.91763,1.98251,-1.02106,0
5.91771,1.97803,-1.00786,0
5.9178,1.97884,-0.997418,0
5.91789,1.97691,-0.985651,0
5.91797,1.98029,-0.976573,0
5.91806,1.98544,-0.968362,0
5.91815,1.98334,-0.956648,0
5.91824,1.97305,-0.941097,0
5.91832,1.97804,-0.932906,0
5.91841,1.983,-0.924689,0
5.9185,1.9852,-0.91519,0
5.91859,1.991,-0.907349,0
5.91867,1.98035,-0.892081,0
5.91876,1.98696,-0.884652,0
5.91885,1.97341,-0.868322,0
5.91893,1.9781,-0.860102,0
5.91902,1.98091,-0.851068,0
5.91911,1.98461,-0.842416,0
5.9192,1.98827,-0.833749,0
5.91928,1.98172,-0.820856,0
5.91937,1.98806,-0.813337,0
5.91946,1.98603,-0.802407,0
5.91955,1.98115,-0.790399,0
5.91963,1.979,-0.779548,0
5.91972,1.96747,-0.765107,0
5.91981,1.98292,-0.761174,0
5.91989,1.96846,-0.745783,0
5.91998,1.98481,-0.742089,0
5.92007,1.9824,-0.731345,0
5.92016,1.98275,-0.721663,0
5.92024,1.97835,-0.710301,0
5.92033,1.97766,-0.700327,0
5.92042,1.9892,-0.694658,0
5.92051,1.98937,-0.684995,0
5.92059,1.98477,-0.673737,0
5.92068,1.98389,-0.663801,0
5.92077,1.98677,-0.655139,0
5.92085,1.9839,-0.64461,0
5.92094,1.98003,-0.633813,0
5.92103,1.97801,-0.623664,0
5.92112,1.98167,-0.615324,0
5.9212,1.98911,-0.608133,0
5.92129,1.98313,-0.596855,0
5.92138,1.979,-0.586208,0
5.92147,1.96138,-0.571691,0
5.92155,1.97635,-0.56671,0
5.92164,1.97592,-0.557267,0
5.92173,1.96099,-0.54383,0
5.92181,1.88809,-0.514752,0
5.9219,1.78503,-0.478298,0
5.92199,1.73585,-0.457011,0
5.92208,1.71556,-0.443673,0
5.92216,1.70875,-0.433968,0
5.92225,1.70481,-0.425057,0
5.92234,1.70956,-0.418327,0
5.92243,1.70748,-0.40993,0
5.92251,1.69952,-0.400184,0
5.9226,1.70612,-0.393889,0
5.92269,1.70978,-0.386883,0
5.92277,1.70364,-0.377687,0
5.92286,1.7082,-0.370887,0
5.92295,1.701,-0.361558,0
5.92304,1.69375,-0.3523,0
5.92312,1.70311,-0.346502,0
5.92321,1.70068,-0.338287,0
5.9233,1.7041,-0.331244,0
5.92339,1.70652,-0.323992,0
5.92347,1.70496,-0.315996,0
5.92356,1.70239,-0.307842,0
5.92365,1.70569,-0.300759,0
5.92373,1.7129,-0.294329,0
5.92382,1.70923,-0.286028,0
5.92391,1.70948,-0.278406,0
5.924,1.70574,-0.270162,0
5.92408,1.70591,-0.262565,0
5.92417,1.70407,-0.254676,0
5.92426,1.70121,-0.246664,0
5.92435,1.69435,-0.238125,0
5.92443,1.70726,-0.232348,0
5.92452,1.71024,-0.225158,0
5.92461,1.7003,-0.216305,0
5.92469,1.69924,-0.20864,0
5.92478,1.70013,-0.201224,0
5.92487,1.70099,-0.193804,0
5.92496,1.69586,-0.185727,0
5.92504,1.70362,-0.179057,0
5.92513,1.69543,-0.170721,0
5.92522,1.69317,-0.163034,0
5.92531,1.69287,-0.155553,0
5.92539,1.69851,-0.148601,0
5.92548,1.69117,-0.140526,0
5.92557,1.69875,-0.133694,0
5.92565,1.72225,-0.127985,0
5.92574,1.81756,-0.127096,0
5.92583,1.94283,-0.12734,0
5.92592,1.9284,-0.117946,0
5.926,1.82905,-0.103861,0
5.92609,1.70166,-0.0891805,0
5.92618,1.67107,-0.0802674,0
5.92627,1.67241,-0.0730189,0
5.92635,1.67571,-0.0658388,0
5.92644,1.67198,-0.0583869,0
5.92653,1.67322,-0.0511215,0
5.92661,1.66443,-0.0435847,0
5.9267,1.6686,-0.0364091,0
5.92679,1.66875,-0.0291281,0
5.92688,1.66686,-0.0218204,0
5.92696,1.67394,-0.0146083,0
5.92705,1.68298,-0.00734349,0
5.92714,1.78,-4.31016e-08,0
5.92723,1.87798,0.00819425,0
5.92731,1.82593,0.0159346,0
5.9274,1.71385,0.0224355,0
5.92749,1.68474,0.0294073,0
5.92757,1.6896,0.0368671,0
5.92766,1.69242,0.0443175,0
5.92775,1.68621,0.0515184,0
5.92784,1.68397,0.0588056,0
5.92792,1.6907,0.0664276,0
5.92801,1.68739,0.0736731,0
5.9281,1.68306,0.0808431,0
5.92819,1.69068,0.0886047,0
5.92827,1.68728,0.0958108,0
5.92836,1.69483,0.10366,0
5.92845,1.68838,0.110662,0
5.92853,1.70085,0.118935,0
5.92862,1.68735,0.125392,0
5.92871,1.69177,0.133145,0
5.9288,1.68818,0.140277,0
5.92888,1.68556,0.147467,0
5.92897,1.6849,0.154821,0
5.92906,1.68819,0.162554,0
5.92914,1.71632,0.172824,0
5.92923,1.74439,0.183343,0
5.92932,1.87777,0.205649,0
5.92941,1.98118,0.225727,0
5.92949,1.97919,0.234252,0
5.92958,1.97517,0.24252,0
5.92967,1.97707,0.251514,0
5.92976,1.97694,0.260269,0
5.92984,1.98371,0.269972,0
5.92993,1.98054,0.278346,0
5.93002,1.99118,0.288707,0
5.9301,1.98693,0.296949,0
5.93019,1.98364,0.305312,0
5.93028,1.98427,0.314277,0
5.93037,1.98978,0.324057,0
5.93045,1.98638,0.332406,0
5.93054,1.97604,0.339546,0
5.93063,1.98833,0.350596,0
5.93072,1.98678,0.359268,0
5.9308,1.98716,0.368298,0
5.93089,1.98651,0.377152,0
5.93098,1.97994,0.384862,0
5.93106,1.98511,0.394863,0
5.93115,1.97945,0.402723,0
5.93124,1.98061,0.411967,0
5.93133,1.98075,0.421021,0
5.93141,1.98476,0.430933,0
5.9315,1.98481,0.440022,0
5.93159,1.97409,0.446692,0
5.93168,1.98479,0.458225,0
5.93176,1.98472,0.46734,0
5.93185,1.98363,0.476228,0
5.93194,1.97862,0.484166,0
5.93202,1.98523,0.494972,0
5.93211,1.98886,0.505107,0
5.9322,1.97986,0.512027,0
5.93229,1.98051,0.521425,0
5.93237,1.98015,0.530579,0
5.93246,1.98457,0.541055,0
5.93255,1.98412,0.550244,0
5.93264,1.98555,0.559982,0
5.93272,1.97828,0.567262,0
5.93281,1.97386,0.575328,0
5.9329,1.97517,0.585072,0
5.93298,1.98505,0.597431,0
5.93307,1.98911,0.608133,0
5.93316,1.98453,0.616213,0
5.93325,1.98564,0.626069,0
5.93333,1.98384,0.635032,0
5.93342,1.99246,0.647391,0
5.93351,1.98202,0.653573,0
5.9336,1.98294,0.663484,0
5.93368,1.97624,0.670844,0
5.93377,1.98937,0.684995,0
5.93386,1.99108,0.695318,0
5.93394,1.98897,0.704332,0
5.93403,1.98588,0.713004,0
5.93412,1.97523,0.718926,0
5.93421,1.9824,0.731345,0
5.93429,1.982,0.741039,0
5.93438,1.98062,0.750388,0
5.93447,1.97266,0.757231,0
5.93456,1.98518,0.771993,0
5.93464,1.99016,0.783946,0
5.93473,1.99415,0.795587,0
5.93482,1.99159,0.804655,0
5.9349,1.98899,0.813716,0
5.93499,1.98634,0.822769,0
5.93508,1.9938,0.836069,0
5.93517,1.99289,0.845933,0
5.93525,1.98643,0.853436,0
5.93534,1.98727,0.864089,0
5.93543,1.98989,0.875571,0
5.93552,1.9897,0.885872,0
5.9356,1.98764,0.895367,0
5.93569,1.99191,0.907763,0
5.93578,1.9852,0.91519,0
5.93586,1.98481,0.925534,0
5.93595,1.98257,0.935039,0
5.93604,1.98117,0.944972,0
5.93613,1.98514,0.957517,0
5.93621,1.97914,0.965293,0
5.9363,1.99016,0.981439,0
5.93639,1.98675,0.990559,0
5.93648,1.99402,1.00507,0
5.93656,1.98605,1.01194,0
5.93665,1.99051,1.02518,0
5.93674,1.98779,1.03478,0
5.93682,1.9806,1.04205,0
5.93691,1.98575,1.05584,0
5.937,1.98465,1.06639,0
5.93709,1.98964,1.08029,0
5.93717,1.98403,1.08848,0
5.93726,1.98364,1.09955,0
5.93735,1.98493,1.11161,0
5.93744,1.98615,1.12371,0
5.93752,1.98123,1.13237,0
5.93761,1.97714,1.1415,0
5.9377,1.98769,1.15918,0
5.93778,1.99123,1.17292,0
5.93787,1.98609,1.1816,0
5.93796,1.98691,1.19386,0
5.93805,1.98425,1.20407,0
5.93813,1.99347,1.2216,0
5.93822,1.98897,1.23081,0
5.93831,1.98782,1.24213,0
5.9384,1.99,1.25559,0
5.93848,1.99125,1.26856,0
5.93857,1.98317,1.27562,0
5.93866,1.98597,1.28971,0
5.93874,1.98534,1.30165,0
5.93883,1.99465,1.32023,0
5.93892,1.98638,1.32726,0
5.93901,1.99135,1.34318,0
5.93909,1.98877,1.35411,0
5.93918,1.98779,1.36617,0
5.93927,1.99167,1.38167,0
5.93936,1.98972,1.39322,0
5.93944,1.99342,1.40881,0
5.93953,1.99214,1.42098,0
5.93962,1.9916,1.43375,0
5.9397,1.99423,1.44889,0
5.93979,1.98869,1.45817,0
5.93988,1.98553,1.46921,0
5.93997,1.99352,1.48863,0
5.94005,1.991,1.50032,0
5.94014,1.99478,1.51687,0
5.94023,1.9929,1.52921,0
5.94032,1.99807,1.54707,0
5.9404,1.9984,1.56132,0
5.94049,1.99706,1.57436,0
5.94058,1.99565,1.58741,0
5.94066,1.98559,1.5936,0
5.94075,2.00037,1.61987,0
5.94084,1.99251,1.62795,0
5.94093,2.00005,1.64871,0
5.94101,2.00745,1.66958,0
5.9411,2.0078,1.68475,0
5.94119,2.00425,1.69672,0
5.94127,2.00671,1.71389,0
5.94136,2.00906,1.73112,0
5.94145,2.00904,1.74643,0
5.94154,2.00065,1.75452,0
5.94162,2.00645,1.77516,0
5.94171,2.00093,1.78589,0
5.9418,1.99832,1.79929,0
5.94189,1.99711,1.81405,0
5.94197,2.00023,1.83288,0
5.94206,2.00543,1.8538,0
5.94215,2.00098,1.86595,0
5.94223,2.00084,1.8822,0
5.94232,1.99696,1.89504,0
5.94241,2.00239,1.91687,0
5.9425,2.00192,1.93323,0
5.94258,2.00636,1.95451,0
5.94267,2.00495,1.97026,0
5.94276,2.00272,1.98532,0
5.94285,2.00323,2.00323,0
5.94293,2.00926,2.02687,0
5.94302,2.0067,2.04204,0
5.94311,1.99777,2.05077,0
5.94319,1.99159,2.06235,0
5.94328,1.97427,2.06235,0
5.94337,1.95768,2.06296,0
5.94346,1.93564,2.05765,0
5.94354,1.9246,2.06388,0
5.94363,1.90539,2.06124,0
5.94372,1.8849,2.057,0
5.94381,1.8759,2.06521,0
5.94389,1.85215,2.05702,0
5.94398,1.83717,2.05837,0
5.94407,1.81558,2.05214,0
5.94415,1.81122,2.0653,0
5.94424,1.79039,2.0596,0
5.94433,1.78073,2.06664,0
5.94442,1.76,2.0607,0
5.9445,1.7426,2.05844,0
5.94459,1.72653,2.0576,0
5.94468,1.71434,2.06126,0
5.94477,1.6996,2.06178,0
5.94485,1.6792,2.05524,0
5.94494,1.67273,2.06565,0
5.94503,1.65306,2.05967,0
5.94511,1.63535,2.05591,0
5.9452,1.62203,2.05753,0
5.94529,1.60195,2.0504,0
5.94538,1.59605,2.06133,0
5.94546,1.57426,2.05161,0
5.94555,1.5659,2.05926,0
5.94564,1.54907,2.05569,0
5.94573,1.54009,2.06243,0
5.94581,1.52453,2.06029,0
5.9459,1.50725,2.05563,0
5.94599,1.50179,2.06704,0
5.94607,1.48107,2.05734,0
5.94616,1.4715,2.06297,0
5.94625,1.45267,2.05549,0
5.94634,1.44656,2.0659,0
5.94642,1.4324,2.0648,0
5.94651,1.41998,2.06608,0
5.9466,1.40138,2.05821,0
5.94669,1.39071,2.06182,0
5.94677,1.3817,2.06786,0
5.94686,1.36384,2.06053,0
5.94695,1.35374,2.06479,0
5.94703,1.33927,2.06229,0
5.94712,1.31944,2.05129,0
5.94721,1.31746,2.068,0
5.9473,1.30362,2.06611,0
5.94738,1.28982,2.06415,0
5.94747,1.27554,2.06125,0
5.94756,1.26654,2.0668,0
5.94765,1.24972,2.05948,0
5.94773,1.24073,2.06492,0
5.94782,1.22659,2.06172,0
5.94791,1.21403,2.06102,0
5.94799,1.20049,2.05852,0
5.94808,1.1925,2.06547,0
5.94817,1.17752,2.06024,0
5.94826,1.16704,2.06274,0
5.94834,1.15363,2.05996,0
5.94843,1.14706,2.06935,0
5.94852,1.13369,2.06645,0
5.94861,1.12228,2.06698,0
5.94869,1.10662,2.05952,0
5.94878,1.09528,2.05992,0
5.94887,1.08721,2.06645,0
5.94895,1.0731,2.06141,0
5.94904,1.06364,2.06519,0
5.94913,1.05689,2.07426,0
5.94922,1.04018,2.06367,0
5.9493,1.02804,2.06193,0
5.94939,1.01992,2.06819,0
5.94948,1.01001,2.07082,0
5.94957,0.994445,2.0617,0
5.94965,0.987162,2.06963,0
5.94974,0.977269,2.07211,0
5.94983,0.960189,2.05913,0
5.94991,0.952032,2.06512,0
5.95,0.938451,2.05924,0
5.95009,0.931921,2.06879,0
5.95018,0.919225,2.06461,0
5.95026,0.91061,2.06952,0
5.95035,0.899578,2.06889,0
5.95044,0.886595,2.06361,0
5.95053,0.876019,2.06377,0
5.95061,0.866233,2.06573,0
5.9507,0.855298,2.06487,0
5.95079,0.845144,2.06581,0
5.95087,0.836497,2.0704,0
5.95096,0.823008,2.06289,0
5.95105,0.8118,2.06087,0
5.95114,0.804975,2.06999,0
5.95122,0.793068,2.06601,0
5.95131,0.78192,2.06384,0
5.9514,0.772908,2.06724,0
5.95149,0.762842,2.06777,0
5.95157,0.755181,2.07484,0
5.95166,0.741389,2.06494,0
5.95175,0.732039,2.06721,0
5.95183,0.724001,2.07322,0
5.95192,0.711692,2.0669,0
5.95201,0.702024,2.0681,0
5.9521,0.690138,2.0626,0
5.95218,0.682384,2.06939,0
5.95227,0.672421,2.0695,0
5.95236,0.660031,2.06194,0
5.95245,0.654336,2.07529,0
5.95253,0.640826,2.0638,0
5.95262,0.628892,2.05701,0
5.95271,0.621928,2.06644,0
5.95279,0.612337,2.06722,0
5.95288,0.602752,2.06795,0
5.95297,0.592896,2.06767,0
5.95306,0.580883,2.05965,0
5.95314,0.573226,2.06699,0
5.95323,0.563676,2.06754,0
5.95332,0.553873,2.06708,0
5.95341,0.543321,2.06368,0
5.95349,0.534061,2.06506,0
5.95358,0.525537,2.06931,0
5.95367,0.513842,2.06091,0
5.95375,0.506271,2.06896,0
5.95384,0.496071,2.06629,0
5.95393,0.487739,2.07135,0
5.95402,0.478471,2.07249,0
5.9541,0.469424,2.07455,0
5.95419,0.458419,2.0678,0
5.95428,0.448544,2.06587,0
5.95436,0.441812,2.07856,0
5.95445,0.429888,2.06677,0
5.95454,0.421264,2.07058,0
5.95463,0.411446,2.06848,0
5.95471,0.402225,2.06927,0
5.9548,0.391887,2.06413,0
5.95489,0.384517,2.07467,0
5.95498,0.374749,2.07239,0
5.95506,0.365529,2.07302,0
5.95515,0.355465,2.06868,0
5.95524,0.34627,2.06923,0
5.95532,0.337238,2.07072,0
5.95541,0.328043,2.07118,0
5.9555,0.320068,2.07951,0
5.95559,0.309217,2.06902,0
5.95567,0.299756,2.06738,0
5.95576,0.290594,2.06768,0
5.95585,0.282782,2.07785,0
5.95594,0.272278,2.06815,0
5.95602,0.26363,2.0723,0
5.95611,0.254707,2.07442,0
5.9562,0.245183,2.07154,0
5.95628,0.236368,2.07458,0
5.95637,0.226552,2.06863,0
5.95646,0.217942,2.07358,0
5.95655,0.208391,2.06953,0
5.95663,0.20003,2.07739,0
5.95672,0.190049,2.06829,0
5.95681,0.180674,2.06511,0
5.9569,0.17191,2.06887,0
5.95698,0.16296,2.0706,0
5.95707,0.154442,2.07827,0
5.95716,0.144954,2.07294,0
5.95724,0.1363,2.07954,0
5.95733,0.126859,2.07412,0
5.95742,0.117864,2.07566,0
5.95751,0.108283,2.06616,0
5.95759,0.0997466,2.07661,0
5.95768,0.0905975,2.07502,0
5.95777,0.0815035,2.0744,0
5.95786,0.0724863,2.07573,0
5.95794,0.0633675,2.07403,0
5.95803,0.0543172,2.07429,0
5.95812,0.0451787,2.07051,0
5.9582,0.036144,2.07068,0
5.95829,0.0271217,2.07182,0
5.95838,0.017968,2.05892,0
5.95847,0.00899722,2.06198,0
5.95855,7.53479e-08,2.071,0
5.95864,-0.00906252,2.07698,0
5.95873,-0.0180289,2.06592,0
5.95882,-0.0272001,2.07782,0
5.9589,-0.0361264,2.06968,0
5.95899,-0.0453531,2.07851,0
5.95908,-0.0545003,2.08129,0
5.95916,-0.0633673,2.07403,0
5.95925,-0.0722768,2.06974,0
5.95934,-0.0814248,2.0724,0
5.95943,-0.0905102,2.07303,0
5.95951,-0.0996985,2.07561,0
5.9596,-0.108859,2.07715,0
5.95969,-0.117354,2.06667,0
5.95978,-0.12637,2.06614,0
5.95986,-0.136038,2.07555,0
5.95995,-0.144954,2.07294,0
5.96004,-0.153553,2.0663,0
5.96012,-0.163038,2.07159,0
5.96021,-0.172572,2.07684,0
5.9603,-0.181284,2.07208,0
5.96039,-0.190415,2.07227,0
5.96047,-0.199551,2.07241,0
5.96056,-0.208892,2.07451,0
5.96065,-0.219405,2.0875,0
5.96074,-0.22677,2.07062,0
5.96082,-0.235236,2.06464,0
5.96091,-0.24483,2.06856,0
5.961,-0.253854,2.06747,0
5.96108,-0.264387,2.07825,0
5.96117,-0.271625,2.0632,0
5.96126,-0.282917,2.07884,0
5.96135,-0.291707,2.0756,0
5.96143,-0.301191,2.07728,0
5.96152,-0.309217,2.06902,0
5.96161,-0.319611,2.07655,0
5.9617,-0.328356,2.07316,0
5.96178,-0.336273,2.0648,0
5.96187,-0.34627,2.06923,0
5.96196,-0.355973,2.07164,0
5.96204,-0.366398,2.07794,0
5.96213,-0.374571,2.07141,0
5.96222,-0.382877,2.06582,0
5.96231,-0.393193,2.07101,0
5.96239,-0.402798,2.07222,0
5.96248,-0.412421,2.07338,0
5.96257,-0.421663,2.07254,0
5.96266,-0.433553,2.08439,0
5.96274,-0.440773,2.07367,0
5.96283,-0.451726,2.08052,0
5.96292,-0.459285,2.0717,0
5.963,-0.470968,2.08138,0
5.96309,-0.478921,2.07443,0
5.96318,-0.488197,2.0733,0
5.96327,-0.497472,2.07212,0
5.96335,-0.504607,2.06216,0
5.96344,-0.517955,2.0774,0
5.96353,-0.527506,2.07706,0
5.96362,-0.536063,2.0728,0
5.9637,-0.544084,2.06658,0
5.96379,-0.554908,2.07095,0
5.96388,-0.566306,2.07719,0
5.96396,-0.574295,2.07084,0
5.96405,-0.585226,2.07505,0
5.96414,-0.594274,2.07248,0
5.96423,-0.60583,2.07851,0
5.96431,-0.615177,2.0768,0
5.9644,-0.625386,2.07793,0
5.96449,-0.637078,2.08379,0
5.96458,-0.224185,0.721995,0
5.96466,-0.22162,0.702889,0
5.96475,-0.237794,0.742869,0
5.96484,-0.232381,0.715194,0
5.96492,-0.230802,0.699928,0
5.96501,-0.227507,0.679948,0
5.9651,-0.226293,0.666639,0
5.96519,-0.226921,0.659027,0
5.96527,-0.230124,0.658974,0
5.96536,-0.226655,0.640054,0
5.96545,-0.230459,0.641882,0
5.96554,-0.228127,0.626775,0
5.96562,-0.226014,0.612639,0
5.96571,-0.230086,0.615394,0
5.9658,-0.226392,0.597551,0
5.96588,-0.227205,0.59189,0
5.96597,-0.228698,0.588097,0
5.96606,-0.229796,0.583372,0
5.96615,-0.228634,0.573075,0
5.96623,-0.230758,0.571145,0
5.96632,-0.232112,0.567356,0
5.96641,-0.22961,0.554328,0
5.96649,-0.226226,0.539488,0
5.96658,-0.227796,0.536654,0
5.96667,-0.226978,0.528305,0
5.96676,-0.233667,0.537397,0
5.96684,-0.232788,0.52905,0
5.96693,-0.23184,0.520721,0
5.96702,-0.235753,0.523351,0
5.96711,-0.237205,0.520498,0
5.96719,-0.238636,0.517642,0
5.96728,-0.235398,0.504813,0
5.96737,-0.23376,0.495641,0
5.96745,-0.235059,0.492812,0
5.96754,-0.236338,0.48998,0
5.96763,-0.240227,0.492539,0
5.96772,-0.237951,0.482518,0
5.9678,-0.239162,0.479685,0
5.96789,-0.245754,0.487567,0
5.96798,-0.246063,0.482926,0
5.96807,-0.231226,0.448954,0
5.96815,-0.235954,0.453263,0
5.96824,-0.230945,0.438954,0
5.96833,-0.234266,0.440591,0
5.96841,-0.23666,0.440445,0
5.9685,-0.230468,0.424469,0
5.96859,-0.236165,0.430473,0
5.96868,-0.236587,0.426814,0
5.96876,-0.236493,0.422288,0
5.96885,-0.232424,0.410808,0
5.96894,-0.240169,0.420208,0
5.96903,-0.226,0.391443,0
5.96911,-0.228713,0.392181,0
5.9692,-0.229407,0.389456,0
5.96929,-0.236729,0.397905,0
5.96937,-0.232797,0.38744,0
5.96946,-0.23241,0.383001,0
5.96955,-0.234079,0.381983,0
5.96964,-0.23206,0.375005,0
5.96972,-0.225746,0.361268,0
5.96981,-0.232122,0.367892,0
5.9699,-0.227278,0.356755,0
5.96999,-0.234242,0.36417,0
5.97007,-0.230382,0.354758,0
5.97016,-0.23138,0.352913,0
5.97025,-0.228502,0.345229,0
5.97033,-0.228895,0.342565,0
5.97042,-0.234302,0.347367,0
5.97051,-0.231313,0.339728,0
5.9706,-0.233359,0.33954,0
5.97068,-0.227999,0.328659,0
5.97077,-0.22771,0.325203,0
5.97086,-0.226241,0.320123,0
5.97095,-0.23112,0.324018,0
5.97103,-0.222599,0.30921,0
5.97112,-0.232763,0.320371,0
5.97121,-0.227654,0.310481,0
5.97129,-0.230791,0.311896,0
5.97138,-0.233347,0.312489,0
5.97147,-0.245541,0.325843,0
5.97156,-0.243933,0.320789,0
5.97164,-0.242896,0.316548,0
5.97173,-0.23754,0.306788,0
5.97182,-0.238261,0.30496,0
5.97191,-0.239589,0.303918,0
5.97199,-0.239668,0.301304,0
5.97208,-0.237225,0.295576,0
5.97217,-0.242288,0.299201,0
5.97225,-0.242959,0.297367,0
5.97234,-0.234713,0.284729,0
5.97243,-0.241068,0.289853,0
5.97252,-0.237831,0.283436,0
5.9726,-0.240358,0.283922,0
5.97269,-0.237049,0.277548,0
5.97278,-0.233035,0.270451,0
5.97287,-0.233557,0.268677,0
5.97295,-0.240002,0.27367,0
5.97304,-0.235893,0.266628,0
5.97313,-0.23772,0.266342,0
5.97321,-0.234196,0.260101,0
5.9733,-0.233984,0.257596,0
5.97339,-0.219567,0.239615,0
5.97348,-0.222647,0.240858,0
5.97356,-0.207327,0.222332,0
5.97365,-0.202814,0.215598,0
5.97374,-0.170024,0.179167,0
5.97383,-0.163197,0.170478,0
5.97391,-0.154909,0.160413,0
5.974,-0.0969929,0.099566,0
5.97409,-0.0210273,0.0213975,0
5.97417,-0.046465,0.0468722,0
