7200
2803
2.44346
2.45917,-0.0431335,-0.0431335,0
2.45926,-0.0443529,-0.0447417,0
2.45934,-0.0771,-0.0784575,0
2.45943,-0.0579166,-0.0594531,0
2.45952,-0.0972522,-0.100708,0
2.45961,-0.0975033,-0.101853,0
2.45969,-0.126657,-0.133469,0
2.45978,-0.134296,-0.142761,0
2.45987,-0.179366,-0.192346,0
2.45995,-0.287812,-0.311353,0
2.46004,-0.198624,-0.21676,0
2.46013,-0.201038,-0.221325,0
2.46022,-0.205423,-0.228145,0
2.4603,-0.224402,-0.251421,0
2.46039,-0.223966,-0.253147,0
2.46048,-0.219562,-0.250363,0
2.46057,-0.223716,-0.257356,0
2.46065,-0.226508,-0.262875,0
2.46074,-0.22341,-0.26158,0
2.46083,-0.226143,-0.267131,0
2.46091,-0.22369,-0.266583,0
2.461,-0.224443,-0.269863,0
2.46109,-0.231532,-0.280871,0
2.46118,-0.22461,-0.274909,0
2.46126,-0.227185,-0.28055,0
2.46135,-0.226584,-0.282318,0
2.46144,-0.225973,-0.284087,0
2.46153,-0.225969,-0.286641,0
2.46161,-0.224716,-0.287624,0
2.4617,-0.217337,-0.280695,0
2.46179,-0.219763,-0.286401,0
2.46187,-0.220932,-0.290541,0
2.46196,-0.226282,-0.300287,0
2.46205,-0.225568,-0.302073,0
2.46214,-0.217705,-0.294212,0
2.46222,-0.205776,-0.280643,0
2.46231,-0.210427,-0.289628,0
2.4624,-0.227857,-0.316514,0
2.46249,-0.221829,-0.310992,0
2.46257,-0.220469,-0.311957,0
2.46266,-0.236313,-0.337491,0
2.46275,-0.217739,-0.313869,0
2.46283,-0.215234,-0.313168,0
2.46292,-0.222871,-0.32733,0
2.46301,-0.225914,-0.334931,0
2.4631,-0.21445,-0.320947,0
2.46318,-0.218015,-0.329385,0
2.46327,-0.218221,-0.332842,0
2.46336,-0.217311,-0.33463,0
2.46344,-0.224504,-0.349031,0
2.46353,-0.223517,-0.350851,0
2.46362,-0.213979,-0.339137,0
2.46371,-0.220976,-0.353636,0
2.46379,-0.225746,-0.364801,0
2.46388,-0.228854,-0.373456,0
2.46397,-0.223591,-0.368467,0
2.46406,-0.228677,-0.380582,0
2.46414,-0.231616,-0.389311,0
2.46423,-0.237528,-0.403242,0
2.46432,-0.237278,-0.406867,0
2.4644,-0.2295,-0.397506,0
2.46449,-0.223297,-0.390689,0
2.46458,-0.218636,-0.386438,0
2.46467,-0.21988,-0.392623,0
2.46475,-0.222528,-0.40145,0
2.46484,-0.21885,-0.398911,0
2.46493,-0.219016,-0.403377,0
2.46502,-0.21678,-0.403448,0
2.4651,-0.219713,-0.413219,0
2.46519,-0.211855,-0.402669,0
2.46528,-0.211019,-0.405364,0
2.46536,-0.210164,-0.408059,0
2.46545,-0.203388,-0.399171,0
2.46554,-0.202094,-0.400948,0
2.46563,-0.201235,-0.403615,0
2.46571,-0.199914,-0.405386,0
2.4658,-0.200774,-0.411648,0
2.46589,-0.199845,-0.414321,0
2.46598,-0.201479,-0.42241,0
2.46606,-0.204753,-0.434138,0
2.46615,-0.198208,-0.425058,0
2.46624,-0.200119,-0.434092,0
2.46632,-0.202785,-0.444971,0
2.46641,-0.202895,-0.45041,0
2.4665,-0.208249,-0.467735,0
2.46659,-0.204998,-0.465894,0
2.46667,-0.208945,-0.480539,0
2.46676,-0.213951,-0.497985,0
2.46685,-0.210213,-0.495232,0
2.46694,-0.216171,-0.51551,0
2.46702,-0.214303,-0.517373,0
2.46711,-0.216587,-0.529409,0
2.4672,-0.212777,-0.52664,0
2.46728,-0.221223,-0.554499,0
2.46737,-0.220267,-0.559181,0
2.46746,-0.220725,-0.567593,0
2.46755,-0.218963,-0.570418,0
2.46763,-0.221432,-0.584459,0
2.46772,-0.217479,-0.581673,0
2.46781,-0.222899,-0.604195,0
2.4679,-0.213763,-0.587308,0
2.46798,-0.226066,-0.629647,0
2.46807,-0.219311,-0.619315,0
2.46816,-0.218915,-0.626875,0
2.46824,-0.216828,-0.629715,0
2.46833,-0.217293,-0.640125,0
2.46842,-0.21894,-0.654343,0
2.46851,-0.210759,-0.639147,0
2.46859,-0.233617,-0.718999,0
2.46868,-0.62924,-1.96574,0
2.46877,-0.634189,-2.01139,0
2.46886,-0.635489,-2.04661,0
2.46894,-0.638832,-2.08953,0
2.46903,-0.638355,-2.12102,0
2.46912,-0.635626,-2.14584,0
2.4692,-0.628216,-2.15531,0
2.46929,-0.616876,-2.1513,0
2.46938,-0.605855,-2.1482,0
2.46947,-0.596743,-2.15179,0
2.46955,-0.586823,-2.15244,0
2.46964,-0.578719,-2.15981,0
2.46973,-0.566999,-2.15361,0
2.46982,-0.557346,-2.1551,0
2.4699,-0.547199,-2.1546,0
2.46999,-0.533438,-2.1395,0
2.47008,-0.525524,-2.14764,0
2.47016,-0.518015,-2.15769,0
2.47025,-0.508366,-2.15896,0
2.47034,-0.498492,-2.1592,0
2.47043,-0.487079,-2.15258,0
2.47051,-0.478332,-2.15761,0
2.4706,-0.465942,-2.146,0
2.47069,-0.456574,-2.14801,0
2.47078,-0.447808,-2.15292,0
2.47086,-0.436217,-2.14408,0
2.47095,-0.428223,-2.15282,0
2.47104,-0.41749,-2.1478,0
2.47112,-0.410353,-2.16139,0
2.47121,-0.397638,-2.14546,0
2.4713,-0.38934,-2.15308,0
2.47139,-0.379421,-2.1518,0
2.47147,-0.370029,-2.15344,0
2.47156,-0.360299,-2.15306,0
2.47165,-0.349294,-2.14474,0
2.47174,-0.340245,-2.14822,0
2.47182,-0.332085,-2.15759,0
2.47191,-0.321781,-2.15309,0
2.472,-0.310662,-2.1426,0
2.47208,-0.301588,-2.14591,0
2.47217,-0.292222,-2.14721,0
2.47226,-0.281676,-2.13954,0
2.47235,-0.273599,-2.15067,0
2.47243,-0.263603,-2.14688,0
2.47252,-0.253881,-2.14503,0
2.47261,-0.244745,-2.1481,0
2.4727,-0.235261,-2.14816,0
2.47278,-0.225677,-2.14717,0
2.47287,-0.215705,-2.14217,0
2.47296,-0.206356,-2.14309,0
2.47304,-0.197278,-2.14696,0
2.47313,-0.187821,-2.1468,0
2.47322,-0.177955,-2.14162,0
2.47331,-0.167589,-2.12942,0
2.47339,-0.159556,-2.14708,0
2.47348,-0.149837,-2.14277,0
2.47357,-0.140944,-2.15039,0
2.47366,-0.130888,-2.14,0
2.47374,-0.121606,-2.14155,0
2.47383,-0.112104,-2.13906,0
2.47392,-0.102913,-2.14253,0
2.474,-0.0933019,-2.13696,0
2.47409,-0.0841338,-2.14135,0
2.47418,-0.07465,-2.1377,0
2.47427,-0.0653524,-2.139,0
2.47435,-0.0561234,-2.14327,0
2.47444,-0.0468148,-2.14549,0
2.47453,-0.0373831,-2.14167,0
2.47462,-0.0280641,-2.14382,0
2.4747,-0.0185701,-2.12792,0
2.47479,-0.00929387,-2.12998,0
2.47488,-2.56709e-08,-2.131,0
2.47496,0.00935927,-2.14498,0
2.47505,0.0186573,-2.13792,0
2.47514,0.0280117,-2.13982,0
2.47523,0.0374005,-2.14267,0
2.47531,0.0467056,-2.14049,0
2.4754,0.0559401,-2.13627,0
2.47549,0.0653829,-2.14,0
2.47557,0.0744406,-2.1317,0
2.47566,0.0840552,-2.13935,0
2.47575,0.0932146,-2.13497,0
2.47584,0.102817,-2.14053,0
2.47592,0.111947,-2.13607,0
2.47601,0.121266,-2.13556,0
2.4761,0.130583,-2.13501,0
2.47619,0.14042,-2.1424,0
2.47627,0.149,-2.1308,0
2.47636,0.157851,-2.12414,0
2.47645,0.167196,-2.12443,0
2.47653,0.176961,-2.12966,0
2.47662,0.187036,-2.13783,0
2.47671,0.195813,-2.13102,0
2.4768,0.205493,-2.13413,0
2.47688,0.214202,-2.12724,0
2.47697,0.223586,-2.12728,0
2.47706,0.233519,-2.13225,0
2.47715,0.243727,-2.13916,0
2.47723,0.252,-2.12914,0
2.47732,0.262019,-2.13397,0
2.47741,0.270318,-2.12487,0
2.47749,0.280892,-2.13359,0
2.47758,0.289525,-2.12739,0
2.47767,0.299779,-2.13304,0
2.47776,0.308509,-2.12775,0
2.47784,0.318529,-2.13133,0
2.47793,0.326305,-2.12004,0
2.47802,0.336647,-2.12551,0
2.47811,0.346239,-2.12599,0
2.47819,0.356998,-2.13334,0
2.47828,0.36444,-2.12092,0
2.47837,0.375948,-2.13211,0
2.47845,0.384002,-2.12356,0
2.47854,0.393446,-2.12285,0
2.47863,0.404571,-2.13093,0
2.47872,0.414819,-2.13406,0
2.4788,0.423931,-2.13125,0
2.47889,0.434223,-2.13428,0
2.47898,0.442717,-2.12844,0
2.47907,0.452832,-2.13041,0
2.47915,0.461911,-2.12743,0
2.47924,0.47054,-2.12247,0
2.47933,0.481341,-2.12722,0
2.47941,0.490618,-2.1251,0
2.4795,0.497823,-2.11418,0
2.47959,0.509378,-2.12171,0
2.47968,0.52172,-2.1321,0
2.47976,0.531502,-2.13174,0
2.47985,0.542768,-2.13715,0
2.47994,0.550335,-2.12799,0
2.48003,0.560379,-2.12847,0
2.48011,0.571472,-2.13276,0
2.4802,0.577617,-2.11867,0
2.48029,0.589795,-2.12673,0
2.48037,0.601241,-2.13184,0
2.48046,0.609985,-2.12727,0
2.48055,0.620941,-2.13035,0
2.48064,0.63307,-2.13721,0
2.48072,0.641237,-2.1306,0
2.48081,0.647896,-2.11917,0
2.4809,0.658619,-2.1211,0
2.48099,0.669371,-2.12297,0
2.48107,0.67436,-2.1067,0
2.48116,0.686945,-2.1142,0
2.48125,0.701487,-2.12733,0
2.48133,0.712666,-2.12994,0
2.48142,0.720667,-2.12302,0
2.48151,0.733505,-2.13025,0
2.4816,0.742793,-2.12703,0
2.48168,0.752734,-2.12566,0
2.48177,0.763016,-2.12518,0
2.48186,0.774676,-2.1284,0
2.48195,0.785686,-2.12969,0
2.48203,0.792869,-2.12063,0
2.48212,0.802115,-2.11715,0
2.48221,0.812778,-2.11736,0
2.48229,0.825271,-2.12218,0
2.48238,0.835623,-2.12135,0
2.48247,0.845612,-2.11954,0
2.48256,0.8571,-2.1214,0
2.48264,0.865212,-2.11486,0
2.48273,0.873666,-2.10922,0
2.48282,0.887502,-2.11645,0
2.48291,0.900244,-2.12084,0
2.48299,0.909885,-2.11781,0
2.48308,0.921509,-2.11933,0
2.48317,0.933567,-2.12169,0
2.48325,0.942409,-2.11668,0
2.48334,0.9541,-2.11802,0
2.48343,0.965821,-2.1193,0
2.48352,0.974221,-2.11325,0
2.4836,0.986391,-2.11532,0
2.48369,0.999451,-2.11914,0
2.48378,1.00912,-2.11566,0
2.48387,1.02138,-2.11754,0
2.48395,1.03149,-2.11486,0
2.48404,1.04159,-2.11214,0
2.48413,1.05258,-2.11115,0
2.48421,1.06493,-2.11279,0
2.4843,1.07641,-2.11258,0
2.48439,1.08882,-2.11408,0
2.48448,1.10127,-2.11552,0
2.48456,1.11096,-2.11158,0
2.48465,1.12204,-2.11024,0
2.48474,1.13407,-2.11061,0
2.48483,1.14566,-2.11004,0
2.48491,1.15774,-2.11028,0
2.485,1.17324,-2.11658,0
2.48509,1.18295,-2.11231,0
2.48517,1.19659,-2.11496,0
2.48526,1.20878,-2.11493,0
2.48535,1.217,-2.10791,0
2.48544,1.22971,-2.10862,0
2.48552,1.2455,-2.11444,0
2.48561,1.25574,-2.1107,0
2.4857,1.26751,-2.10949,0
2.48579,1.28189,-2.11249,0
2.48587,1.28796,-2.10176,0
2.48596,1.30659,-2.11142,0
2.48605,1.31897,-2.11079,0
2.48613,1.33457,-2.11517,0
2.48622,1.34164,-2.10595,0
2.48631,1.35839,-2.11185,0
2.4864,1.36541,-2.10255,0
2.48648,1.38115,-2.1066,0
2.48657,1.39199,-2.10306,0
2.48666,1.4067,-2.10528,0
2.48675,1.42315,-2.1099,0
2.48683,1.4329,-2.1045,0
2.48692,1.4483,-2.10729,0
2.48701,1.46318,-2.10917,0
2.48709,1.47352,-2.1044,0
2.48718,1.48673,-2.10367,0
2.48727,1.5046,-2.10937,0
2.48736,1.51438,-2.1036,0
2.48744,1.53,-2.10587,0
2.48753,1.54273,-2.10401,0
2.48762,1.55903,-2.10691,0
2.48771,1.5706,-2.10329,0
2.48779,1.58338,-2.10121,0
2.48788,1.59919,-2.10304,0
2.48797,1.61809,-2.10873,0
2.48805,1.62727,-2.10165,0
2.48814,1.64936,-2.11108,0
2.48823,1.65731,-2.10229,0
2.48832,1.67394,-2.10443,0
2.4884,1.68624,-2.10101,0
2.48849,1.70231,-2.10218,0
2.48858,1.72222,-2.1079,0
2.48866,1.73077,-2.09959,0
2.48875,1.75142,-2.10586,0
2.48884,1.76445,-2.10279,0
2.48893,1.78007,-2.10271,0
2.48901,1.79378,-2.10024,0
2.4891,1.80619,-2.09618,0
2.48919,1.82647,-2.10111,0
2.48928,1.84617,-2.10515,0
2.48936,1.85931,-2.10157,0
2.48945,1.87845,-2.10463,0
2.48954,1.89029,-2.09938,0
2.48962,1.91087,-2.1037,0
2.48971,1.92205,-2.09755,0
2.4898,1.94001,-2.09869,0
2.48989,1.95734,-2.09898,0
2.48997,1.98018,-2.10499,0
2.49006,1.99279,-2.09996,0
2.49015,2.01714,-2.10714,0
2.49024,2.0284,-2.10047,0
2.49032,2.03685,-2.09089,0
2.49041,2.03544,-2.07128,0
2.4905,2.03531,-2.05315,0
2.49058,2.03788,-2.03788,0
2.49067,2.029,-2.01137,0
2.49076,2.02848,-1.99339,0
2.49085,2.0343,-1.98172,0
2.49093,2.03861,-1.96866,0
2.49102,2.03057,-1.94384,0
2.49111,2.03613,-1.93221,0
2.4912,2.02924,-1.90892,0
2.49128,2.02951,-1.89255,0
2.49137,2.026,-1.87281,0
2.49146,2.0312,-1.86125,0
2.49154,2.02598,-1.84027,0
2.49163,2.03101,-1.82873,0
2.49172,2.02331,-1.80587,0
2.49181,2.03042,-1.79636,0
2.49189,2.02395,-1.77496,0
2.49198,2.02715,-1.76217,0
2.49207,2.02497,-1.74483,0
2.49216,2.028,-1.73208,0
2.49224,2.02028,-1.71029,0
2.49233,2.01546,-1.69117,0
2.49242,2.0259,-1.68492,0
2.4925,2.02243,-1.66716,0
2.49259,2.02271,-1.65263,0
2.49268,2.02524,-1.64001,0
2.49277,2.03238,-1.63116,0
2.49285,2.02774,-1.61294,0
2.49294,2.02062,-1.59293,0
2.49303,2.02519,-1.58225,0
2.49312,2.01547,-1.56054,0
2.4932,2.0167,-1.54747,0
2.49329,2.01389,-1.53139,0
2.49338,2.02454,-1.5256,0
2.49346,2.01435,-1.50419,0
2.49355,2.01527,-1.49122,0
2.49364,2.00805,-1.47236,0
2.49373,2.01688,-1.46535,0
2.49381,2.0127,-1.44894,0
2.4939,2.01005,-1.43376,0
2.49399,2.01547,-1.42439,0
2.49408,2.01266,-1.40928,0
2.49416,2.01221,-1.39592,0
2.49425,2.00263,-1.37637,0
2.49434,2.00944,-1.36818,0
2.49442,2.0129,-1.35772,0
2.49451,2.00883,-1.34226,0
2.4946,2.008,-1.32906,0
2.49469,2.01629,-1.32194,0
2.49477,2.00526,-1.30223,0
2.49486,2.00756,-1.29131,0
2.49495,2.00474,-1.27716,0
2.49504,2.01368,-1.27054,0
2.49512,2.00394,-1.2522,0
2.49521,2.01193,-1.24502,0
2.4953,2.00626,-1.22944,0
2.49538,2.00904,-1.21912,0
2.49547,1.99377,-1.19798,0
2.49556,2.01015,-1.19591,0
2.49565,2.00932,-1.18358,0
2.49573,2.00928,-1.17178,0
2.49582,2.01264,-1.162,0
2.49591,2.00554,-1.14626,0
2.496,2.00878,-1.13651,0
2.49608,2.00151,-1.1209,0
2.49617,1.99938,-1.10827,0
2.49626,1.99894,-1.09665,0
2.49634,2.00634,-1.08935,0
2.49643,2.00491,-1.07728,0
2.49652,1.99281,-1.0596,0
2.49661,2.00096,-1.05275,0
2.49669,1.99755,-1.03986,0
2.49678,2.01273,-1.03663,0
2.49687,1.99942,-1.01875,0
2.49696,2.00563,-1.01092,0
2.49704,1.98944,-0.991898,0
2.49713,2.00003,-0.986304,0
2.49722,2.00521,-0.978006,0
2.4973,2.00766,-0.968379,0
2.49739,2.00193,-0.954874,0
2.49748,2.00065,-0.94357,0
2.49757,1.99932,-0.932296,0
2.49765,1.99973,-0.921889,0
2.49774,2.001,-0.91191,0
2.49783,2.00952,-0.905224,0
2.49792,2.00889,-0.894414,0
2.498,1.99904,-0.879599,0
2.49809,1.99919,-0.869273,0
2.49818,1.99378,-0.856594,0
2.49826,2.00394,-0.850622,0
2.49835,1.99472,-0.836456,0
2.49844,2.00851,-0.831954,0
2.49853,1.99824,-0.817502,0
2.49861,1.98695,-0.802782,0
2.4987,1.99601,-0.796328,0
2.49879,1.99575,-0.786145,0
2.49888,2.00009,-0.777792,0
2.49896,1.99039,-0.764041,0
2.49905,1.99745,-0.756766,0
2.49914,1.98949,-0.743841,0
2.49922,1.99459,-0.735845,0
2.49931,1.99403,-0.725767,0
2.4994,1.9887,-0.714018,0
2.49949,1.98615,-0.703331,0
2.49957,1.98731,-0.693999,0
2.49966,1.99504,-0.686949,0
2.49975,1.99234,-0.676309,0
2.49984,1.99243,-0.666657,0
2.49992,1.99437,-0.657644,0
2.50001,1.99437,-0.648009,0
2.5001,1.9867,-0.635947,0
2.50018,1.98469,-0.625769,0
2.50027,1.9788,-0.614434,0
2.50036,1.99294,-0.609303,0
2.50045,1.98888,-0.598584,0
2.50053,1.99339,-0.590468,0
2.50062,1.98538,-0.578686,0
2.50071,1.9927,-0.571396,0
2.5008,1.99228,-0.561882,0
2.50088,1.99182,-0.552382,0
2.50097,1.9836,-0.540792,0
2.50106,1.98691,-0.532391,0
2.50114,1.98148,-0.521679,0
2.50123,1.9847,-0.513279,0
2.50132,1.9908,-0.505599,0
2.50141,1.98814,-0.495698,0
2.50149,1.98931,-0.486781,0
2.50158,1.98072,-0.475528,0
2.50167,1.98667,-0.467798,0
2.50175,1.98284,-0.457775,0
2.50184,1.99067,-0.450443,0
2.50193,1.98969,-0.441104,0
2.50202,1.9916,-0.432418,0
2.5021,1.9964,-0.424348,0
2.50219,1.98942,-0.4138,0
2.50228,1.98925,-0.404717,0
2.50237,1.98805,-0.395448,0
2.50245,1.99565,-0.387915,0
2.50254,1.98258,-0.376406,0
2.50263,1.98912,-0.368663,0
2.50271,1.98481,-0.358912,0
2.5028,1.98833,-0.350596,0
2.50289,1.98984,-0.341917,0
2.50298,1.9923,-0.333396,0
2.50306,1.98386,-0.323093,0
2.50315,1.98427,-0.314277,0
2.50324,1.99056,-0.306377,0
2.50333,1.98298,-0.296358,0
2.50341,1.99019,-0.288564,0
2.5035,1.9944,-0.280295,0
2.50359,1.99461,-0.271455,0
2.50367,1.98983,-0.261966,0
2.50376,1.99195,-0.253408,0
2.50385,1.99006,-0.244348,0
2.50394,1.98415,-0.23484,0
2.50402,1.98913,-0.226633,0
2.50411,1.99408,-0.218387,0
2.5042,1.99103,-0.209266,0
2.50429,1.98297,-0.199675,0
2.50437,1.98183,-0.190829,0
2.50446,1.98763,-0.182637,0
2.50455,1.99139,-0.174224,0
2.50463,1.98018,-0.16454,0
2.50472,1.97888,-0.155741,0
2.50481,1.98553,-0.14755,0
2.5049,1.98715,-0.138955,0
2.50498,1.98374,-0.130021,0
2.50507,1.9793,-0.121059,0
2.50516,1.9838,-0.112649,0
2.50525,1.98328,-0.103939,0
2.50533,1.97872,-0.0950447,0
2.50542,1.9901,-0.0868899,0
2.50551,1.98247,-0.0778915,0
2.50559,1.98679,-0.0693802,0
2.50568,1.98108,-0.0605274,0
2.50577,1.98032,-0.0518566,0
2.50586,1.97253,-0.0430408,0
2.50594,1.9637,-0.0342766,0
2.50603,1.94283,-0.0254331,0
2.50612,1.75093,-0.0152802,0
2.50621,1.70398,-0.00743512,0
2.50629,1.7,-4.11645e-08,0
2.50638,1.68898,0.00736959,0
2.50647,1.69594,0.0148002,0
2.50655,1.69186,0.0221476,0
2.50664,1.68574,0.0294247,0
2.50673,1.6876,0.0368235,0
2.50682,1.68942,0.044239,0
2.5069,1.69721,0.0518544,0
2.50699,1.69497,0.0591895,0
2.50708,1.69569,0.0666239,0
2.50717,1.69239,0.0738912,0
2.50725,1.69305,0.0813229,0
2.50734,1.71864,0.0900701,0
2.50743,1.81208,0.102897,0
2.50751,1.91842,0.117335,0
2.5076,1.95181,0.127928,0
2.50769,1.95423,0.136653,0
2.50778,1.97456,0.146735,0
2.50786,1.97689,0.155584,0
2.50795,1.98117,0.164623,0
2.50804,1.98044,0.173266,0
2.50813,1.97966,0.181905,0
2.50821,1.97387,0.190062,0
2.5083,1.98397,0.199775,0
2.50839,1.98507,0.208639,0
2.50847,1.97718,0.216536,0
2.50856,1.9792,0.225501,0
2.50865,1.98216,0.234605,0
2.50874,1.98807,0.244104,0
2.50882,1.98401,0.252398,0
2.50891,1.98289,0.261052,0
2.509,1.98272,0.269837,0
2.50909,1.98054,0.278346,0
2.50917,1.99217,0.288851,0
2.50926,1.98594,0.296801,0
2.50935,1.98166,0.305007,0
2.50943,1.98328,0.31412,0
2.50952,1.98485,0.323253,0
2.50961,1.98737,0.332571,0
2.5097,1.98294,0.340731,0
2.50978,1.97749,0.348685,0
2.50987,1.98186,0.358378,0
2.50996,1.98617,0.368116,0
2.51005,1.98848,0.377525,0
2.51013,1.98191,0.385243,0
2.51022,1.97726,0.393302,0
2.51031,1.98141,0.403122,0
2.51039,1.97963,0.411764,0
2.51048,1.97488,0.419774,0
2.51057,1.97792,0.429448,0
2.51066,1.98286,0.439589,0
2.51074,1.97604,0.447133,0
2.51083,1.97602,0.456201,0
2.51092,1.97693,0.465506,0
2.51101,1.97197,0.473427,0
2.51109,1.96697,0.481314,0
2.51118,1.97746,0.493037,0
2.51127,1.98014,0.502891,0
2.51135,1.97793,0.511526,0
2.51144,1.96697,0.51786,0
2.51153,1.97628,0.529544,0
2.51162,1.97974,0.53974,0
2.5117,1.98122,0.549442,0
2.51179,1.97592,0.557267,0
2.51188,1.97635,0.56671,0
2.51197,1.97482,0.575608,0
2.51205,1.97421,0.584788,0
2.51214,1.97738,0.595125,0
2.51223,1.97668,0.604332,0
2.51231,1.98071,0.615027,0
2.5124,1.97419,0.622461,0
2.51249,1.98289,0.634727,0
2.51258,1.97725,0.642446,0
2.51266,1.97347,0.650754,0
2.51275,1.97156,0.659676,0
2.51284,1.96867,0.668273,0
2.51293,1.96762,0.677507,0
2.51301,1.96843,0.687405,0
2.5131,1.97389,0.698992,0
2.51319,1.97647,0.709625,0
2.51327,1.96772,0.71619,0
2.51336,1.97395,0.72823,0
2.51345,1.98106,0.740689,0
2.51354,1.97407,0.747908,0
2.51362,1.97359,0.75759,0
2.51371,1.97492,0.768006,0
2.5138,1.97714,0.778815,0
2.51388,1.97651,0.788546,0
2.51397,1.97397,0.797537,0
2.51406,1.98158,0.810687,0
2.51415,1.98172,0.820856,0
2.51423,1.98458,0.832202,0
2.51432,1.9975,0.847887,0
2.51441,1.99745,0.858173,0
2.5145,1.9836,0.862494,0
2.51458,1.96883,0.866308,0
2.51467,1.96595,0.875297,0
2.51476,1.97944,0.891671,0
2.51484,1.98281,0.903616,0
2.51493,1.97158,0.90891,0
2.51502,1.96578,0.916659,0
2.51511,1.97533,0.931626,0
2.51519,1.98208,0.945402,0
2.51528,1.97973,0.954911,0
2.51537,1.96656,0.959156,0
2.51546,1.97491,0.97392,0
2.51554,1.97333,0.983866,0
2.51563,1.9708,0.993367,0
2.51572,1.96645,1.00196,0
2.5158,1.97273,1.01602,0
2.51589,1.96739,1.02416,0
2.51598,1.97087,1.03692,0
2.51607,1.97339,1.04927,0
2.51615,1.96879,1.05787,0
2.51624,1.96152,1.06502,0
2.51633,1.97001,1.08078,0
2.51642,1.97314,1.09373,0
2.5165,1.97359,1.10526,0
2.51659,1.96613,1.11238,0
2.51668,1.96734,1.12443,0
2.51676,1.97281,1.139,0
2.51685,1.97041,1.14911,0
2.51694,1.97141,1.16125,0
2.51703,1.96804,1.17086,0
2.51711,1.97148,1.18459,0
2.5172,1.96202,1.19058,0
2.51729,1.96619,1.20488,0
2.51738,1.97112,1.21976,0
2.51746,1.96578,1.22835,0
2.51755,1.96716,1.24119,0
2.51764,1.9651,1.25191,0
2.51772,1.95962,1.26047,0
2.51781,1.95578,1.2701,0
2.5179,1.96444,1.28794,0
2.51799,1.96797,1.30257,0
2.51807,1.96144,1.31059,0
2.51816,1.96482,1.32529,0
2.51825,1.95984,1.33441,0
2.51834,1.96307,1.34918,0
2.51842,1.96045,1.36001,0
2.51851,1.96269,1.37429,0
2.5186,1.96239,1.38688,0
2.51868,1.96039,1.39833,0
2.51877,1.96076,1.41155,0
2.51886,1.96106,1.42479,0
2.51895,1.9645,1.44043,0
2.51903,1.95659,1.4478,0
2.51912,1.96227,1.4653,0
2.51921,1.96145,1.47806,0
2.5193,1.96055,1.49084,0
2.51938,1.95086,1.49694,0
2.51947,1.96091,1.5183,0
2.51956,1.96293,1.53361,0
2.51964,1.95858,1.54402,0
2.51973,1.96748,1.565,0
2.51982,1.96375,1.57608,0
2.51991,1.95841,1.58589,0
2.51999,1.96076,1.60201,0
2.52008,1.95838,1.61437,0
2.52017,1.96055,1.63057,0
2.52026,1.95801,1.64297,0
2.52034,1.9638,1.66248,0
2.52043,1.96033,1.67428,0
2.52052,1.96285,1.6913,0
2.5206,1.9547,1.69919,0
2.52069,1.9608,1.71957,0
2.52078,1.96301,1.73673,0
2.52087,1.9584,1.74794,0
2.52095,1.95001,1.7558,0
2.52104,1.94973,1.77101,0
2.52113,1.95673,1.79302,0
2.52122,1.95477,1.80697,0
2.5213,1.95052,1.81889,0
2.52139,1.95786,1.84177,0
2.52148,1.95779,1.85787,0
2.52156,1.95688,1.87331,0
2.52165,1.95157,1.88461,0
2.52174,1.9555,1.90497,0
2.52183,1.95573,1.92189,0
2.52191,1.95159,1.93463,0
2.522,1.95091,1.95091,0
2.52209,1.95786,1.97503,0
2.52218,1.95694,1.9914,0
2.52226,1.958,2.00994,0
2.52235,1.96102,2.0307,0
2.52244,1.95837,2.04573,0
2.52252,1.95906,2.06442,0
2.52261,1.95757,2.08096,0
2.5227,1.95052,2.09167,0
2.52279,1.95291,2.11265,0
2.52287,1.95786,2.13663,0
2.52296,1.95928,2.157,0
2.52305,1.94918,2.16478,0
2.52314,1.93638,2.16953,0
2.52322,1.92889,2.18021,0
2.52331,1.91012,2.17808,0
2.5234,1.88814,2.17205,0
2.52348,1.87342,2.17421,0
2.52357,1.85288,2.16944,0
2.52366,1.83887,2.17216,0
2.52375,1.82102,2.1702,0
2.52383,1.80642,2.17198,0
2.52392,1.78929,2.17058,0
2.52401,1.77284,2.16985,0
2.5241,1.75895,2.17212,0
2.52418,1.73756,2.16496,0
2.52427,1.72312,2.16626,0
2.52436,1.71118,2.17062,0
2.52444,1.68876,2.16151,0
2.52453,1.67809,2.16728,0
2.52462,1.66131,2.16506,0
2.52471,1.64822,2.16751,0
2.52479,1.63152,2.1651,0
2.52488,1.61548,2.16339,0
2.52497,1.60067,2.16318,0
2.52506,1.58944,2.16772,0
2.52514,1.56586,2.15522,0
2.52523,1.55644,2.16203,0
2.52532,1.54235,2.16229,0
2.5254,1.52886,2.16328,0
2.52549,1.51023,2.15683,0
2.52558,1.50365,2.1675,0
2.52567,1.48229,2.15674,0
2.52575,1.4723,2.16236,0
2.52584,1.4567,2.15964,0
2.52593,1.44004,2.15517,0
2.52602,1.42731,2.15643,0
2.5261,1.41021,2.15093,0
2.52619,1.39809,2.15287,0
2.52628,1.38922,2.15979,0
2.52636,1.37441,2.1574,0
2.52645,1.36072,2.15661,0
2.52654,1.3497,2.15998,0
2.52663,1.33816,2.16245,0
2.52671,1.32192,2.15718,0
2.5268,1.30886,2.15694,0
2.52689,1.29841,2.16092,0
2.52697,1.28079,2.15281,0
2.52706,1.27189,2.15924,0
2.52715,1.25591,2.15354,0
2.52724,1.246,2.15814,0
2.52732,1.23359,2.15834,0
2.52741,1.22121,2.15848,0
2.5275,1.20934,2.15943,0
2.52759,1.19603,2.15769,0
2.52767,1.17746,2.14623,0
2.52776,1.16713,2.14959,0
2.52785,1.15821,2.15554,0
2.52793,1.14786,2.15881,0
2.52802,1.13517,2.1576,0
2.52811,1.12205,2.15544,0
2.5282,1.10668,2.14875,0
2.52828,1.09866,2.15624,0
2.52837,1.08519,2.15297,0
2.52846,1.07355,2.15321,0
2.52855,1.06149,2.15249,0
2.52863,1.05078,2.15441,0
2.52872,1.04006,2.15627,0
2.52881,1.02289,2.14454,0
2.52889,1.01523,2.1526,0
2.52898,1.00499,2.1552,0
2.52907,0.993898,2.15593,0
2.52916,0.98075,2.15206,0
2.52924,0.967243,2.1472,0
2.52933,0.959492,2.15505,0
2.52942,0.94726,2.15281,0
2.52951,0.931079,2.14134,0
2.52959,0.919358,2.13986,0
2.52968,0.915092,2.15582,0
2.52977,0.899876,2.14596,0
2.52985,0.888974,2.14617,0
2.52994,0.878086,2.14633,0
2.53003,0.866091,2.14365,0
2.53012,0.851912,2.13533,0
2.5302,0.844419,2.14368,0
2.53029,0.834695,2.14641,0
2.53038,0.82353,2.14537,0
2.53047,0.812744,2.1452,0
2.53055,0.799524,2.13842,0
2.53064,0.791916,2.14658,0
2.53073,0.782884,2.15096,0
2.53081,0.771802,2.14965,0
2.5309,0.759411,2.14451,0
2.53099,0.748728,2.14403,0
2.53108,0.738063,2.14349,0
2.53116,0.723239,2.13059,0
2.53125,0.716474,2.14131,0
2.53134,0.709942,2.15297,0
2.53143,0.697451,2.14653,0
2.53151,0.688079,2.14956,0
2.5316,0.677791,2.14968,0
2.53169,0.666625,2.14688,0
2.53177,0.654328,2.14021,0
2.53186,0.647289,2.15071,0
2.53195,0.636194,2.14776,0
2.53204,0.625418,2.14571,0
2.53212,0.614671,2.14361,0
2.53221,0.604769,2.14435,0
2.5323,0.595942,2.1489,0
2.53239,0.585771,2.14858,0
2.53247,0.574578,2.14436,0
2.53256,0.565216,2.14684,0
2.53265,0.553841,2.14154,0
2.53273,0.544491,2.14394,0
2.53282,0.534164,2.14241,0
2.53291,0.525286,2.14667,0
2.533,0.515681,2.14797,0
2.53308,0.505158,2.14533,0
2.53317,0.493543,2.13777,0
2.53326,0.483548,2.13698,0
2.53335,0.474219,2.13906,0
2.53343,0.464457,2.13916,0
2.53352,0.454079,2.13627,0
2.53361,0.445161,2.14019,0
2.53369,0.436018,2.1431,0
2.53378,0.425297,2.13811,0
2.53387,0.415773,2.13897,0
2.53396,0.406436,2.14076,0
2.53404,0.395998,2.13661,0
2.53413,0.386493,2.13734,0
2.53422,0.377685,2.14196,0
2.53431,0.366642,2.13373,0
2.53439,0.356338,2.12939,0
2.53448,0.347686,2.13487,0
2.53457,0.340089,2.14723,0
2.53465,0.329651,2.14178,0
2.53474,0.319416,2.13726,0
2.53483,0.309801,2.13666,0
2.53492,0.299083,2.12809,0
2.535,0.290469,2.13433,0
2.53509,0.281937,2.14152,0
2.53518,0.271959,2.13777,0
2.53527,0.262994,2.14191,0
2.53535,0.25247,2.13311,0
2.53544,0.243387,2.13618,0
2.53553,0.233955,2.13623,0
2.53561,0.224841,2.13922,0
2.5357,0.213902,2.12426,0
2.53579,0.204631,2.12517,0
2.53588,0.196363,2.137,0
2.53596,0.187995,2.14879,0
2.53605,0.177541,2.13664,0
2.53614,0.168687,2.14337,0
2.53623,0.159482,2.14608,0
2.53631,0.149488,2.13778,0
2.5364,0.139832,2.13342,0
2.53649,0.130827,2.139,0
2.53657,0.121096,2.13256,0
2.53666,0.111633,2.13008,0
2.53675,0.102241,2.12855,0
2.53684,0.0930839,2.13197,0
2.53692,0.0839768,2.13735,0
2.53701,0.0744407,2.1317,0
2.5371,0.0652609,2.136,0
2.53719,0.0558879,2.13427,0
2.53727,0.0464658,2.12949,0
2.53736,0.0370166,2.12068,0
2.53745,0.0278286,2.12582,0
2.53753,0.0186574,2.13792,0
2.53762,0.00929829,2.13098,0
2.53771,7.73489e-08,2.126,0
2.5378,-0.0093025,2.13198,0
2.53788,-0.01857,2.12792,0
2.53797,-0.02792,2.13282,0
2.53806,-0.0371561,2.12868,0
2.53815,-0.0464874,2.13049,0
2.53823,-0.0557045,2.12727,0
2.53832,-0.0649248,2.12501,0
2.53841,-0.0742661,2.1267,0
2.53849,-0.0836233,2.12836,0
2.53858,-0.0930401,2.13097,0
2.53867,-0.102769,2.13953,0
2.53876,-0.111633,2.13008,0
2.53884,-0.121039,2.13157,0
2.53893,-0.130094,2.12703,0
2.53902,-0.139374,2.12644,0
2.5391,-0.148511,2.12381,0
2.53919,-0.158518,2.13312,0
2.53928,-0.167745,2.13141,0
2.53937,-0.177872,2.14062,0
2.53945,-0.186252,2.12887,0
2.53954,-0.195447,2.12704,0
2.53963,-0.204247,2.12119,0
2.53972,-0.214603,2.13122,0
2.5398,-0.223795,2.12927,0
2.53989,-0.232975,2.12728,0
2.53998,-0.242934,2.13221,0
2.54006,-0.251883,2.12815,0
2.54015,-0.260922,2.12504,0
2.54024,-0.270318,2.12487,0
2.54033,-0.28024,2.12863,0
2.54041,-0.289525,2.12739,0
2.5405,-0.297274,2.11521,0
2.54059,-0.306787,2.11587,0
2.54068,-0.317642,2.1254,0
2.54076,-0.326152,2.11905,0
2.54085,-0.335395,2.1176,0
2.54094,-0.344793,2.11711,0
2.54102,-0.356668,2.13136,0
2.54111,-0.364779,2.12289,0
2.5412,-0.374733,2.12522,0
2.54129,-0.38329,2.11962,0
2.54137,-0.391989,2.11498,0
2.54146,-0.401586,2.11522,0
2.54155,-0.411957,2.11933,0
2.54164,-0.421785,2.12046,0
2.54172,-0.430037,2.1137,0
2.54181,-0.440884,2.11963,0
2.5419,-0.450545,2.11965,0
2.54198,-0.461699,2.12646,0
2.54207,-0.468808,2.11466,0
2.54216,-0.477589,2.11064,0
2.54225,-0.487469,2.11146,0
2.54233,-0.500803,2.12683,0
2.54242,-0.50751,2.11393,0
2.54251,-0.518393,2.1185,0
2.5426,-0.528841,2.12107,0
2.54268,-0.536614,2.11292,0
2.54277,-0.545578,2.10959,0
2.54286,-0.557069,2.1159,0
2.54294,-0.568108,2.12021,0
2.54303,-0.574986,2.10903,0
2.54312,-0.586855,2.11613,0
2.54321,-0.595269,2.11066,0
2.54329,-0.605851,2.11285,0
2.54338,-0.618702,2.12267,0
2.54347,-0.626822,2.11612,0
2.54356,-0.636049,2.11336,0
2.54364,-0.647018,2.1163,0
2.54373,-0.655653,2.11155,0
2.54382,-0.662755,2.10199,0
2.5439,-0.676799,2.11432,0
2.54399,-0.686327,2.1123,0
2.54408,-0.696476,2.11213,0
2.54417,-0.709176,2.1195,0
2.54425,-0.715524,2.10787,0
2.54434,-0.727645,2.11323,0
2.54443,-0.738507,2.11476,0
2.54452,-0.749396,2.11623,0
2.5446,-0.757609,2.11012,0
2.54469,-0.769887,2.11525,0
2.54478,-0.778071,2.10905,0
2.54486,-0.791118,2.11594,0
2.54495,-0.799635,2.1106,0
2.54504,-0.311422,0.811281,0
2.54513,-0.327644,0.842535,0
2.54521,-0.331317,0.841097,0
2.5453,-0.330537,0.828498,0
2.54539,-0.346511,0.857645,0
2.54548,-0.351386,0.858902,0
2.54556,-0.349007,0.842578,0
2.54565,-0.344559,0.821681,0
2.54574,-0.342671,0.807283,0
2.54582,-0.345401,0.803942,0
2.54591,-0.342924,0.788672,0
2.546,-0.337904,0.767946,0
2.54609,-0.338405,0.76007,0
2.54617,-0.335968,0.745821,0
2.54626,-0.335072,0.735249,0
2.54635,-0.334509,0.725606,0
2.54644,-0.333023,0.714171,0
2.54652,-0.33187,0.703666,0
2.54661,-0.330633,0.693186,0
2.5467,-0.328006,0.680027,0
2.54678,-0.336669,0.690274,0
2.54687,-0.333486,0.676242,0
2.54696,-0.332417,0.666726,0
2.54705,-0.328572,0.651875,0
2.54713,-0.329143,0.64598,0
2.54722,-0.329669,0.640092,0
2.54731,-0.326918,0.628004,0
2.5474,-0.325465,0.618606,0
2.54748,-0.326752,0.614532,0
2.54757,-0.330377,0.614862,0
2.54766,-0.330194,0.608141,0
2.54774,-0.326591,0.595298,0
2.54783,-0.323853,0.584246,0
2.54792,-0.320047,0.571485,0
2.54801,-0.318106,0.56225,0
2.54809,-0.319563,0.55912,0
2.54818,-0.319,0.552524,0
2.54827,-0.32443,0.55631,0
2.54836,-0.323302,0.548858,0
2.54844,-0.325694,0.547442,0
2.54853,-0.328594,0.546873,0
2.54862,-0.323196,0.53261,0
2.5487,-0.320814,0.523521,0
2.54879,-0.318886,0.515313,0
2.54888,-0.320601,0.513069,0
2.54897,-0.321236,0.509128,0
2.54905,-0.320231,0.502661,0
2.54914,-0.315929,0.491167,0
2.54923,-0.322426,0.496493,0
2.54932,-0.324041,0.494245,0
2.5494,-0.321227,0.485322,0
2.54949,-0.323342,0.483915,0
2.54958,-0.319858,0.47421,0
2.54966,-0.32699,0.480249,0
2.54975,-0.316055,0.459862,0
2.54984,-0.310078,0.446976,0
2.54993,-0.316614,0.452172,0
2.55001,-0.319161,0.451603,0
2.5501,-0.32229,0.451834,0
2.55019,-0.318416,0.442308,0
2.55028,-0.319755,0.440105,0
2.55036,-0.322264,0.439512,0
2.55045,-0.316446,0.427652,0
2.55054,-0.317112,0.424664,0
2.55062,-0.319564,0.424075,0
2.55071,-0.325043,0.427453,0
2.5508,-0.325687,0.424444,0
2.55089,-0.32019,0.413531,0
2.55097,-0.313372,0.401097,0
2.55106,-0.303356,0.384805,0
2.55115,-0.291337,0.366261,0
2.55124,-0.281666,0.350948,0
2.55132,-0.285082,0.352047,0
2.55141,-0.298004,0.364739,0
2.5515,-0.313587,0.380411,0
2.55158,-0.321638,0.386727,0
2.55167,-0.313038,0.373064,0
2.55176,-0.317247,0.374747,0
2.55185,-0.316931,0.371078,0
2.55193,-0.318547,0.369692,0
2.55202,-0.317533,0.365279,0
2.55211,-0.309893,0.353365,0
2.55219,-0.314082,0.355005,0
2.55228,-0.307637,0.344679,0
2.55237,-0.297094,0.329956,0
2.55246,-0.274326,0.302009,0
2.55254,-0.131065,0.143032,0
2.55263,-0.11879,0.128506,0
2.55272,-0.369643,0.396394,0
2.55281,-0.248721,0.264399,0
2.55289,-0.236794,0.249529,0
2.55298,-0.217827,0.227545,0
2.55307,-0.220207,0.228031,0
2.55315,-0.220502,0.226351,0
2.55324,-0.147191,0.149783,0
2.55333,-0.135171,0.136356,0
2.55342,-0.0756604,0.0756604,0
