7200
3490
3.03687
3.05258,-0.0459619,-0.0459619,0
3.05267,-0.0436489,-0.0440315,0
3.05276,-0.03084,-0.031383,0
3.05284,-0.0188403,-0.0193402,0
3.05293,-0.0437635,-0.0453184,0
3.05302,-0.0601616,-0.0628457,0
3.0531,-0.044743,-0.0471493,0
3.05319,-0.0328888,-0.0349618,0
3.05328,-0.0272799,-0.0292541,0
3.05337,-0.0400492,-0.043325,0
3.05345,-0.0655323,-0.0715159,0
3.05354,-0.053117,-0.0584772,0
3.05363,-0.0455009,-0.0505338,0
3.05372,-0.0579317,-0.064907,0
3.0538,-0.0503591,-0.0569206,0
3.05389,-0.053407,-0.060899,0
3.05398,-0.0498605,-0.0573579,0
3.05406,-0.065276,-0.0757565,0
3.05415,-0.0590998,-0.0691969,0
3.05424,-0.0749504,-0.088535,0
3.05433,-0.0655643,-0.0781365,0
3.05441,-0.0601073,-0.0722711,0
3.0545,-0.0725129,-0.0879652,0
3.05459,-0.0588416,-0.0720185,0
3.05468,-0.047199,-0.0582859,0
3.05476,-0.057585,-0.0717494,0
3.05485,-0.0622515,-0.0782608,0
3.05494,-0.0612903,-0.0777464,0
3.05502,-0.0621818,-0.0795891,0
3.05511,-0.056324,-0.0727434,0
3.0552,-0.06879,-0.0896489,0
3.05529,-0.055687,-0.0732322,0
3.05537,-0.0710142,-0.094239,0
3.05546,-0.0670124,-0.0897404,0
3.05555,-0.067215,-0.0908358,0
3.05564,-0.0685919,-0.0935476,0
3.05572,-0.0623052,-0.0857558,0
3.05581,-0.0718627,-0.0998236,0
3.0559,-0.0789756,-0.11072,0
3.05598,-0.0698346,-0.0988136,0
3.05607,-0.114715,-0.16383,0
3.05616,-0.0997494,-0.143788,0
3.05625,-0.0792969,-0.115378,0
3.05651,-0.181671,-0.271891,0
3.0566,-0.188762,-0.285189,0
3.05668,-0.201772,-0.307753,0
3.05677,-0.222213,-0.342178,0
3.05686,-0.217472,-0.338098,0
3.05694,-0.22674,-0.355911,0
3.05703,-0.229454,-0.363663,0
3.05712,-0.218857,-0.350244,0
3.05721,-0.222588,-0.359699,0
3.05729,-0.223107,-0.364077,0
3.05738,-0.222035,-0.365902,0
3.05747,-0.218891,-0.364296,0
3.05756,-0.232638,-0.39103,0
3.05764,-0.223317,-0.379117,0
3.05773,-0.229721,-0.393909,0
3.05782,-0.218,-0.377587,0
3.0579,-0.22032,-0.38548,0
3.05799,-0.228485,-0.403845,0
3.05808,-0.223789,-0.399603,0
3.05817,-0.220588,-0.397952,0
3.05825,-0.227989,-0.415569,0
3.05834,-0.219493,-0.404256,0
3.05843,-0.225773,-0.420185,0
3.05851,-0.226285,-0.425581,0
3.0586,-0.22722,-0.431874,0
3.05869,-0.221178,-0.424878,0
3.05878,-0.228937,-0.444509,0
3.05886,-0.219277,-0.430356,0
3.05895,-0.222799,-0.442025,0
3.05904,-0.231577,-0.464471,0
3.05913,-0.224683,-0.455611,0
3.05921,-0.216555,-0.444004,0
3.0593,-0.660791,-1.36996,0
3.05939,-0.661696,-1.38727,0
3.05947,-0.658622,-1.39648,0
3.05956,-0.647451,-1.38846,0
3.05965,-0.639712,-1.38764,0
3.05974,-0.633651,-1.39042,0
3.05982,-0.614846,-1.36491,0
3.05991,-0.602377,-1.35296,0
3.06,-0.594051,-1.35008,0
3.06009,-0.584566,-1.34441,0
3.06017,-0.579484,-1.34879,0
3.06026,-0.573203,-1.35038,0
3.06035,-0.566532,-1.35102,0
3.06043,-0.562162,-1.35718,0
3.06052,-0.555856,-1.35869,0
3.06061,-0.545802,-1.35091,0
3.0607,-0.543978,-1.36349,0
3.06078,-0.538757,-1.36771,0
3.06087,-0.534959,-1.37564,0
3.06096,-0.527876,-1.37516,0
3.06105,-0.520454,-1.37371,0
3.06113,-0.516556,-1.38159,0
3.06122,-0.513638,-1.39228,0
3.06131,-0.509952,-1.40108,0
3.06139,-0.502144,-1.39859,0
3.06148,-0.49804,-1.40642,0
3.06157,-0.493217,-1.41236,0
3.06166,-0.486724,-1.41355,0
3.06174,-0.483124,-1.42324,0
3.06183,-0.476274,-1.42343,0
3.06192,-0.473191,-1.435,0
3.06201,-0.465998,-1.43419,0
3.06209,-0.459735,-1.43621,0
3.06218,-0.456772,-1.4487,0
3.06227,-0.452226,-1.45641,0
3.06235,-0.449083,-1.46888,0
3.06244,-0.44584,-1.48136,0
3.06253,-0.437668,-1.47754,0
3.06262,-0.435414,-1.49384,0
3.0627,-0.429719,-1.49861,0
3.06279,-0.428062,-1.51779,0
3.06288,-0.423038,-1.52543,0
3.06297,-0.418746,-1.53594,0
3.06305,-0.41644,-1.55417,0
3.06314,-0.414747,-1.57532,0
3.06323,-0.434159,-1.67877,0
3.06331,-0.46203,-1.81925,0
3.0634,-0.551098,-2.21033,0
3.06349,-0.542162,-2.21563,0
3.06358,-0.532722,-2.21895,0
3.06366,-0.522119,-2.21736,0
3.06375,-0.511989,-2.21767,0
3.06384,-0.501425,-2.21598,0
3.06393,-0.490885,-2.21424,0
3.06401,-0.481431,-2.21734,0
3.0641,-0.46988,-2.21061,0
3.06419,-0.459212,-2.20775,0
3.06427,-0.45097,-2.21659,0
3.06436,-0.441294,-2.21854,0
3.06445,-0.431992,-2.2224,0
3.06454,-0.420612,-2.21543,0
3.06462,-0.410941,-2.21724,0
3.06471,-0.401263,-2.21901,0
3.0648,-0.390187,-2.21286,0
3.06489,-0.381544,-2.22046,0
3.06497,-0.370862,-2.21618,0
3.06506,-0.359903,-2.20988,0
3.06515,-0.35057,-2.21341,0
3.06523,-0.339539,-2.20602,0
3.06532,-0.329615,-2.20551,0
3.06541,-0.321997,-2.22078,0
3.0655,-0.31133,-2.21523,0
3.06558,-0.300852,-2.21062,0
3.06567,-0.291204,-2.21191,0
3.06576,-0.281424,-2.21217,0
3.06585,-0.273353,-2.22628,0
3.06593,-0.262696,-2.21951,0
3.06602,-0.251877,-2.2107,0
3.06611,-0.241902,-2.20879,0
3.06619,-0.232262,-2.20983,0
3.06628,-0.22352,-2.21977,0
3.06637,-0.213161,-2.21376,0
3.06646,-0.203134,-2.21069,0
3.06654,-0.193922,-2.21653,0
3.06663,-0.184165,-2.21636,0
3.06672,-0.174022,-2.21116,0
3.06681,-0.164224,-2.20991,0
3.06689,-0.154371,-2.20761,0
3.06698,-0.145195,-2.21525,0
3.06707,-0.135345,-2.21286,0
3.06715,-0.125858,-2.21643,0
3.06724,-0.116186,-2.21696,0
3.06733,-0.106128,-2.20945,0
3.06742,-0.096268,-2.2049,0
3.0675,-0.0863324,-2.1973,0
3.06759,-0.0774769,-2.21865,0
3.06768,-0.067368,-2.20497,0
3.06777,-0.0580605,-2.21724,0
3.06785,-0.0482327,-2.21047,0
3.06794,-0.0385349,-2.20766,0
3.06803,-0.028928,-2.20981,0
3.06811,-0.0192944,-2.21092,0
3.0682,-0.00963858,-2.20898,0
3.06829,-2.65262e-08,-2.202,0
3.06838,0.00965161,-2.21198,0
3.06846,0.0192682,-2.20792,0
3.06855,0.0288494,-2.20381,0
3.06864,0.0385349,-2.20766,0
3.06873,0.0480582,-2.20248,0
3.06881,0.0578249,-2.20824,0
3.0689,0.0674901,-2.20897,0
3.06899,0.077093,-2.20765,0
3.06907,0.0867642,-2.2083,0
3.06916,0.0963116,-2.2059,0
3.06925,0.106176,-2.21045,0
3.06934,0.115715,-2.20797,0
3.06942,0.124951,-2.20046,0
3.06951,0.134917,-2.20588,0
3.0696,0.144606,-2.20627,0
3.06969,0.154301,-2.20661,0
3.06977,0.163928,-2.20592,0
3.06986,0.173238,-2.20119,0
3.06995,0.183089,-2.20341,0
3.07003,0.192527,-2.20059,0
3.07012,0.202402,-2.20272,0
3.07021,0.212202,-2.20381,0
3.0703,0.222618,-2.21082,0
3.07038,0.231321,-2.20088,0
3.07047,0.24114,-2.20183,0
3.07056,0.251311,-2.20573,0
3.07064,0.259287,-2.19071,0
3.07073,0.270062,-2.19948,0
3.07082,0.280288,-2.20324,0
3.07091,0.29016,-2.20398,0
3.07099,0.300987,-2.21161,0
3.07108,0.30799,-2.19146,0
3.07117,0.319271,-2.20197,0
3.07126,0.329319,-2.20353,0
3.07134,0.338018,-2.19614,0
3.07143,0.348536,-2.20057,0
3.07152,0.358938,-2.20396,0
3.0716,0.368551,-2.20238,0
3.07169,0.376972,-2.19385,0
3.07178,0.388625,-2.204,0
3.07187,0.398416,-2.20327,0
3.07195,0.407114,-2.19659,0
3.07204,0.417254,-2.19774,0
3.07213,0.427603,-2.19983,0
3.07222,0.435051,-2.18715,0
3.0723,0.44778,-2.20091,0
3.07239,0.457583,-2.19992,0
3.07248,0.467385,-2.19888,0
3.07256,0.477612,-2.19975,0
3.07265,0.487638,-2.19959,0
3.07274,0.497231,-2.19745,0
3.07283,0.507715,-2.19915,0
3.07291,0.517534,-2.19789,0
3.073,0.528754,-2.20242,0
3.07309,0.538596,-2.20106,0
3.07318,0.547227,-2.19481,0
3.07326,0.558029,-2.19725,0
3.07335,0.567361,-2.19382,0
3.07344,0.578456,-2.19713,0
3.07352,0.58726,-2.19169,0
3.07361,0.598922,-2.19682,0
3.0737,0.610372,-2.20093,0
3.07379,0.617256,-2.18862,0
3.07387,0.627351,-2.18783,0
3.07396,0.640529,-2.19755,0
3.07405,0.648407,-2.18899,0
3.07414,0.660834,-2.19571,0
3.07422,0.670408,-2.19281,0
3.07431,0.682046,-2.19655,0
3.0744,0.691924,-2.1945,0
3.07448,0.701798,-2.19242,0
3.07457,0.714138,-2.19789,0
3.07466,0.723408,-2.1938,0
3.07475,0.734878,-2.19632,0
3.07483,0.744132,-2.19214,0
3.07492,0.757597,-2.20022,0
3.07501,0.763893,-2.18745,0
3.0751,0.777436,-2.19541,0
3.07518,0.785656,-2.18823,0
3.07527,0.798959,-2.19512,0
3.07536,0.808876,-2.19255,0
3.07544,0.817384,-2.18619,0
3.07553,0.827978,-2.18541,0
3.07562,0.839298,-2.18645,0
3.07571,0.853904,-2.19581,0
3.07579,0.860911,-2.18555,0
3.07588,0.876368,-2.19663,0
3.07597,0.884821,-2.19001,0
3.07606,0.895125,-2.18798,0
3.07614,0.905429,-2.1859,0
3.07623,0.919599,-2.19299,0
3.07632,0.928377,-2.18712,0
3.0764,0.942648,-2.19407,0
3.07649,0.947827,-2.17985,0
3.07658,0.964981,-2.19309,0
3.07667,0.976168,-2.19251,0
3.07675,0.984082,-2.18458,0
3.07684,0.998581,-2.19119,0
3.07693,1.00604,-2.18227,0
3.07702,1.01978,-2.18692,0
3.0771,1.0323,-2.18878,0
3.07719,1.04528,-2.19148,0
3.07728,1.05396,-2.18509,0
3.07736,1.0648,-2.18317,0
3.07745,1.07963,-2.18927,0
3.07754,1.09006,-2.18632,0
3.07763,1.10094,-2.18423,0
3.07771,1.115,-2.18831,0
3.0778,1.12591,-2.18609,0
3.07789,1.1396,-2.18914,0
3.07798,1.14821,-2.18238,0
3.07806,1.16241,-2.18618,0
3.07815,1.17241,-2.18197,0
3.07824,1.18813,-2.18825,0
3.07832,1.19911,-2.18568,0
3.07841,1.21445,-2.19092,0
3.0785,1.22595,-2.18909,0
3.07859,1.23155,-2.17676,0
3.07867,1.2455,-2.17918,0
3.07876,1.2625,-2.18671,0
3.07885,1.27052,-2.17859,0
3.07894,1.28559,-2.18251,0
3.07902,1.2992,-2.18375,0
3.07911,1.31489,-2.18835,0
3.0792,1.32235,-2.17917,0
3.07928,1.3376,-2.18276,0
3.07937,1.34711,-2.1769,0
3.07946,1.36613,-2.18627,0
3.07955,1.37566,-2.18029,0
3.07963,1.39161,-2.18438,0
3.07972,1.40221,-2.17997,0
3.07981,1.41824,-2.1839,0
3.0799,1.43105,-2.18271,0
3.07998,1.44276,-2.17978,0
3.08007,1.45726,-2.18094,0
3.08016,1.46844,-2.17705,0
3.08024,1.48355,-2.17889,0
3.08033,1.49758,-2.17899,0
3.08042,1.51733,-2.18722,0
3.08051,1.53145,-2.18714,0
3.08059,1.54444,-2.18533,0
3.08068,1.55396,-2.17857,0
3.08077,1.56754,-2.17745,0
3.08086,1.58055,-2.17545,0
3.08094,1.60008,-2.18224,0
3.08103,1.61494,-2.18247,0
3.08112,1.62625,-2.17781,0
3.0812,1.64717,-2.18587,0
3.08129,1.65548,-2.17707,0
3.08138,1.67349,-2.18093,0
3.08147,1.68237,-2.17281,0
3.08155,1.70354,-2.18043,0
3.08164,1.7186,-2.18004,0
3.08173,1.72997,-2.17487,0
3.08182,1.74257,-2.1712,0
3.0819,1.76713,-2.18223,0
3.08199,1.77664,-2.17449,0
3.08208,1.79501,-2.17752,0
3.08216,1.81153,-2.17813,0
3.08225,1.82745,-2.17786,0
3.08234,1.83951,-2.17292,0
3.08243,1.86262,-2.18084,0
3.08251,1.87668,-2.178,0
3.0826,1.89601,-2.18111,0
3.08269,1.91012,-2.17808,0
3.08278,1.92292,-2.17347,0
3.08286,1.94371,-2.17774,0
3.08295,1.95587,-2.17221,0
3.08304,1.97676,-2.17624,0
3.08312,1.99299,-2.17497,0
3.08321,2.01061,-2.17506,0
3.0833,2.02076,-2.167,0
3.08339,2.03499,-2.16326,0
3.08347,2.03409,-2.14348,0
3.08356,2.03789,-2.12881,0
3.08365,2.0423,-2.11486,0
3.08373,2.03685,-2.09089,0
3.08382,2.01932,-2.05487,0
3.08391,2.02545,-2.0432,0
3.084,2.02869,-2.02869,0
3.08408,2.02758,-2.00996,0
3.08417,2.02135,-1.98638,0
3.08426,2.02284,-1.97056,0
3.08435,2.02206,-1.95268,0
3.08443,2.02334,-1.93693,0
3.08452,2.02017,-1.91707,0
3.08461,2.01904,-1.89933,0
3.08469,2.01122,-1.8755,0
3.08478,2.01572,-1.86331,0
3.08487,2.01277,-1.84436,0
3.08496,2.02228,-1.83691,0
3.08504,2.01467,-1.81401,0
3.08513,2.01585,-1.79921,0
3.08522,2.01469,-1.78245,0
3.08531,2.01794,-1.76968,0
3.08539,2.01885,-1.75496,0
3.08548,2.00906,-1.73112,0
3.08557,2.01584,-1.72169,0
3.08565,2.01646,-1.70706,0
3.08574,2.0124,-1.6886,0
3.08583,2.00821,-1.67021,0
3.08592,2.01008,-1.65698,0
3.086,2.01265,-1.6444,0
3.08609,2.00892,-1.62679,0
3.08618,2.01132,-1.61426,0
3.08627,2.00896,-1.598,0
3.08635,2.01512,-1.5886,0
3.08644,2.01416,-1.57363,0
3.08653,2.01151,-1.55748,0
3.08661,2.00401,-1.53773,0
3.0867,2.00831,-1.52716,0
3.08679,2.01336,-1.51718,0
3.08688,2.00634,-1.4982,0
3.08696,2.00643,-1.48468,0
3.08705,2.00563,-1.47059,0
3.08714,2.00394,-1.45594,0
3.08723,2.00296,-1.44193,0
3.08731,2.00354,-1.42911,0
3.0874,2.0024,-1.41516,0
3.08749,2.00447,-1.40354,0
3.08757,2.00071,-1.38794,0
3.08766,2.0018,-1.3758,0
3.08775,1.99043,-1.35523,0
3.08784,1.9872,-1.34039,0
3.08792,2.00218,-1.33781,0
3.08801,1.99966,-1.32354,0
3.0881,1.99956,-1.31097,0
3.08819,1.991,-1.29297,0
3.08827,1.99494,-1.28319,0
3.08836,2.00137,-1.27501,0
3.08845,2.00268,-1.2636,0
3.08853,1.998,-1.24849,0
3.08862,1.99493,-1.2345,0
3.08871,2.00029,-1.22578,0
3.0888,1.99964,-1.21341,0
3.08888,2.00491,-1.20467,0
3.08897,1.99812,-1.18876,0
3.08906,1.99639,-1.17597,0
3.08915,1.99892,-1.16573,0
3.08923,2.00052,-1.155,0
3.08932,1.99599,-1.1408,0
3.08941,1.98963,-1.12568,0
3.08949,1.99627,-1.11797,0
3.08958,1.99938,-1.10827,0
3.08967,2.00069,-1.09762,0
3.08976,2.00195,-1.08697,0
3.08984,2.00403,-1.0768,0
3.08993,2.00164,-1.06429,0
3.09002,2.00184,-1.05322,0
3.09011,1.99134,-1.03663,0
3.09019,1.99762,-1.02884,0
3.09028,1.99942,-1.01875,0
3.09037,1.99134,-1.00372,0
3.09045,2.00018,-0.997252,0
3.09054,2.00092,-0.986746,0
3.09063,1.99892,-0.974937,0
3.09072,1.99955,-0.964469,0
3.0908,1.99832,-0.953152,0
3.09089,1.99523,-0.941011,0
3.09098,2.00747,-0.936099,0
3.09107,2.00336,-0.923563,0
3.09115,1.99736,-0.910252,0
3.09124,1.99676,-0.899474,0
3.09133,1.98879,-0.885466,0
3.09141,1.9908,-0.875974,0
3.0915,2.00011,-0.869672,0
3.09159,1.99653,-0.857778,0
3.09168,1.99934,-0.848668,0
3.09176,1.99657,-0.837229,0
3.09185,1.99188,-0.825065,0
3.09194,1.98991,-0.814095,0
3.09203,2.00086,-0.808401,0
3.09211,1.99044,-0.794105,0
3.0922,1.99482,-0.785779,0
3.09229,1.99729,-0.776705,0
3.09237,1.99319,-0.765116,0
3.09246,1.99838,-0.75712,0
3.09255,1.99324,-0.745241,0
3.09264,1.99647,-0.736537,0
3.09272,1.99497,-0.726109,0
3.09281,1.99435,-0.716046,0
3.0929,1.98897,-0.704332,0
3.09299,1.99014,-0.694988,0
3.09307,1.99694,-0.6876,0
3.09316,1.99897,-0.678559,0
3.09325,1.99717,-0.668244,0
3.09333,1.99342,-0.657331,0
3.09342,1.99056,-0.646773,0
3.09351,1.99241,-0.637776,0
3.0936,1.99231,-0.628174,0
3.09368,1.99122,-0.618289,0
3.09377,1.99103,-0.608718,0
3.09386,1.98313,-0.596855,0
3.09395,1.99243,-0.590184,0
3.09403,1.99114,-0.580365,0
3.09412,1.99462,-0.571948,0
3.09421,1.99421,-0.562425,0
3.09429,1.98893,-0.55158,0
3.09438,1.97974,-0.53974,0
3.09447,1.97145,-0.52825,0
3.09456,1.97761,-0.520661,0
3.09464,1.96437,-0.508021,0
3.09473,1.95688,-0.496984,0
3.09482,1.94156,-0.484086,0
3.09491,1.79795,-0.439957,0
3.09499,1.71429,-0.411564,0
3.09508,1.70925,-0.402476,0
3.09517,1.70807,-0.394339,0
3.09525,1.7049,-0.385779,0
3.09534,1.69876,-0.376605,0
3.09543,1.69647,-0.36834,0
3.09552,1.70687,-0.362806,0
3.0956,1.70256,-0.354133,0
3.09569,1.69723,-0.345305,0
3.09578,1.70068,-0.338287,0
3.09586,1.70312,-0.331054,0
3.09595,1.70946,-0.324552,0
3.09604,1.70791,-0.316543,0
3.09613,1.69944,-0.307309,0
3.09621,1.7047,-0.300585,0
3.0963,1.69811,-0.291789,0
3.09639,1.70529,-0.285367,0
3.09648,1.69467,-0.275995,0
3.09656,1.69784,-0.268911,0
3.09665,1.69405,-0.26074,0
3.09674,1.69814,-0.253789,0
3.09682,1.69824,-0.246233,0
3.09691,1.68742,-0.237151,0
3.097,1.68348,-0.229112,0
3.09709,1.69339,-0.222939,0
3.09717,1.68938,-0.214917,0
3.09726,1.69825,-0.208518,0
3.09735,1.6902,-0.200049,0
3.09744,1.68708,-0.192219,0
3.09752,1.68691,-0.184747,0
3.09761,1.69765,-0.17843,0
3.0977,1.68548,-0.169719,0
3.09778,1.6862,-0.162363,0
3.09787,1.69386,-0.155644,0
3.09796,1.69652,-0.148426,0
3.09805,1.72107,-0.14301,0
3.09813,1.80542,-0.142089,0
3.09822,1.94962,-0.144882,0
3.09831,1.97218,-0.137909,0
3.0984,1.97277,-0.129302,0
3.09848,1.9773,-0.120937,0
3.09857,1.97881,-0.112365,0
3.09866,1.99426,-0.104515,0
3.09874,1.9917,-0.0956684,0
3.09883,1.98311,-0.0865845,0
3.09892,1.98847,-0.0781271,0
3.09901,1.98079,-0.0691708,0
3.09909,1.98307,-0.0605885,0
3.09918,1.98132,-0.0518828,0
3.09927,1.98853,-0.0433899,0
3.09936,1.9927,-0.0347827,0
3.09944,1.98583,-0.025996,0
3.09953,1.98292,-0.0173048,0
3.09962,1.98798,-0.00867431,0
3.0997,1.984,-4.80413e-08,0
3.09979,1.98598,0.00866548,0
3.09988,1.97892,0.0172698,0
3.09997,1.96683,0.0257472,0
3.10005,1.9697,0.0343812,0
3.10014,1.98353,0.0432807,0
3.10023,1.99232,0.0521706,0
3.10032,1.98407,0.0606189,0
3.1004,1.98579,0.0693453,0
3.10049,1.97548,0.0776166,0
3.10058,1.98011,0.0864536,0
3.10066,1.96873,0.0945648,0
3.10075,1.95032,0.102212,0
3.10084,1.84702,0.104882,0
3.10093,1.72078,0.105248,0
3.10101,1.69436,0.111054,0
3.1011,1.69287,0.118377,0
3.10119,1.69832,0.126207,0
3.10128,1.69476,0.13338,0
3.10136,1.69117,0.140525,0
3.10145,1.68755,0.147642,0
3.10154,1.68191,0.154546,0
3.10162,1.69914,0.163609,0
3.10171,1.70438,0.171622,0
3.1018,1.69566,0.178221,0
3.10189,1.69586,0.185727,0
3.10197,1.701,0.193804,0
3.10206,1.70113,0.201342,0
3.10215,1.70619,0.209493,0
3.10224,1.7003,0.216305,0
3.10232,1.69438,0.223069,0
3.10241,1.69735,0.231,0
3.1025,1.69534,0.238264,0
3.10258,1.6923,0.245372,0
3.10267,1.70407,0.254676,0
3.10276,1.69603,0.261044,0
3.10285,1.69191,0.267972,0
3.10293,1.68875,0.27503,0
3.10302,1.67964,0.281076,0
3.10311,1.6784,0.288402,0
3.1032,1.69091,0.298154,0
3.10328,1.70141,0.307664,0
3.10337,1.82984,0.33914,0
3.10346,1.94525,0.369318,0
3.10354,1.96718,0.382381,0
3.10363,1.98021,0.393887,0
3.10372,1.97161,0.401128,0
3.10381,1.97767,0.411356,0
3.10389,1.9739,0.419566,0
3.10398,1.9916,0.432418,0
3.10407,1.97602,0.438074,0
3.10416,1.9819,0.448457,0
3.10424,1.97797,0.456651,0
3.10433,1.98375,0.46711,0
3.10442,1.96419,0.47156,0
3.1045,1.97571,0.483453,0
3.10459,1.98134,0.494004,0
3.10468,1.98014,0.502891,0
3.10477,1.97405,0.510525,0
3.10485,1.98051,0.521425,0
3.10494,1.98208,0.531097,0
3.10503,1.97588,0.538688,0
3.10512,1.9793,0.548908,0
3.1052,1.97207,0.556181,0
3.10529,1.96963,0.564781,0
3.10538,1.96906,0.573929,0
3.10546,1.97517,0.585072,0
3.10555,1.97355,0.593973,0
3.10564,1.98146,0.605794,0
3.10573,1.97307,0.612655,0
3.10581,1.97419,0.622461,0
3.1059,1.97146,0.631069,0
3.10599,1.96774,0.639356,0
3.10608,1.97253,0.650441,0
3.10616,1.97346,0.660311,0
3.10625,1.97151,0.669237,0
3.10634,1.96762,0.677507,0
3.10642,1.97975,0.691361,0
3.10651,1.97389,0.698992,0
3.1066,1.98118,0.711315,0
3.10669,1.97054,0.717216,0
3.10677,1.97865,0.729961,0
3.10686,1.97919,0.739988,0
3.10695,1.97594,0.748617,0
3.10704,1.97172,0.756873,0
3.10712,1.97306,0.767281,0
3.10721,1.97155,0.776616,0
3.1073,1.97558,0.788176,0
3.10738,1.97119,0.796414,0
3.10747,1.97048,0.806143,0
3.10756,1.96971,0.815881,0
3.10765,1.97443,0.827948,0
3.10773,1.96988,0.836165,0
3.10782,1.96897,0.845936,0
3.10791,1.97626,0.859304,0
3.108,1.98531,0.873558,0
3.10808,1.97326,0.878551,0
3.10817,1.97579,0.890028,0
3.10826,1.9728,0.899055,0
3.10834,1.97884,0.912259,0
3.10843,1.97847,0.922576,0
3.10852,1.969,0.92864,0
3.10861,1.98569,0.947124,0
3.10869,1.97703,0.953607,0
3.10878,1.97465,0.963101,0
3.10887,1.9794,0.976131,0
3.10895,1.97244,0.98342,0
3.10904,1.98063,0.998318,0
3.10913,1.96378,1.00059,0
3.10922,1.9754,1.0174,0
3.1093,1.98513,1.03339,0
3.10939,1.98326,1.04344,0
3.10948,1.97869,1.05209,0
3.10957,1.98465,1.06639,0
3.10965,1.99052,1.08076,0
3.10974,1.99894,1.09665,0
3.10983,2.00113,1.10924,0
3.10991,2.02506,1.13409,0
3.11,2.03924,1.15375,0
3.11009,2.02551,1.15767,0
3.11018,2.01091,1.161,0
3.11026,2.0542,1.19797,0
3.11035,2.08342,1.22723,0
3.11044,2.06945,1.23119,0
3.11053,2.06663,1.24176,0
3.11061,2.06461,1.25284,0
3.1107,2.06254,1.26392,0
3.11079,2.05785,1.27344,0
3.11087,2.04634,1.2787,0
3.11096,2.03567,1.28441,0
3.11105,2.04101,1.30027,0
3.11114,2.02943,1.30537,0
3.11122,2.04468,1.32783,0
3.11131,2.05057,1.34441,0
3.1114,2.05636,1.36108,0
3.11149,2.0529,1.3717,0
3.11157,2.04772,1.38121,0
3.11166,2.04333,1.39125,0
3.11175,2.06361,1.41828,0
3.11183,2.05576,1.42613,0
3.11192,2.06262,1.44427,0
3.11201,2.05385,1.45152,0
3.1121,2.05239,1.46395,0
3.11218,2.04111,1.46939,0
3.11227,2.01364,1.463,0
3.11236,2.00885,1.47295,0
3.11245,2.01205,1.48884,0
3.11253,2.02236,1.51017,0
3.11262,2.01256,1.51657,0
3.11271,2.0115,1.52958,0
3.11279,2.00401,1.53773,0
3.11288,2.0131,1.55871,0
3.11297,2.00391,1.56563,0
3.11306,2.02219,1.59417,0
3.11314,2.03478,1.61854,0
3.11323,2.05422,1.64868,0
3.11332,2.02913,1.64316,0
3.11341,2.03123,1.65959,0
3.11349,2.02088,1.66589,0
3.11358,2.01206,1.67341,0
3.11367,1.99401,1.67318,0
3.11375,1.97296,1.67023,0
3.11384,1.97173,1.68402,0
3.11393,1.96891,1.69652,0
3.11402,1.97508,1.71691,0
3.1141,1.97132,1.7288,0
3.11419,1.969,1.74203,0
3.11428,1.97034,1.75859,0
3.11437,1.96785,1.77186,0
3.11445,1.96972,1.78917,0
3.11454,1.97001,1.80518,0
3.11463,1.96725,1.81851,0
3.11471,1.96661,1.83389,0
3.1148,1.96733,1.85068,0
3.11489,1.96794,1.86751,0
3.11498,1.96339,1.87953,0
3.11506,1.96668,1.8992,0
3.11515,1.96697,1.91613,0
3.11524,1.97,1.93591,0
3.11533,1.96082,1.94378,0
3.11541,1.96081,1.96081,0
3.1155,1.96279,1.98,0
3.11559,1.96675,2.00138,0
3.11567,1.96637,2.01854,0
3.11576,1.97075,2.04077,0
3.11585,1.96874,2.05657,0
3.11594,1.96594,2.07167,0
3.11602,1.96236,2.08605,0
3.11611,1.96825,2.11069,0
3.1162,1.97192,2.13321,0
3.11629,1.97002,2.1499,0
3.11637,1.96936,2.1681,0
3.11646,1.97661,2.19525,0
3.11655,1.96568,2.20236,0
3.11663,1.96997,2.22665,0
3.11672,1.9721,2.24875,0
3.11681,1.96818,2.26413,0
3.1169,1.96938,2.28557,0
3.11698,1.96978,2.30631,0
3.11707,1.97003,2.3271,0
3.11716,1.96307,2.3395,0
3.11725,1.95413,2.34958,0
3.11733,1.9305,2.34188,0
3.11742,1.90508,2.3317,0
3.11751,1.89237,2.33688,0
3.11759,1.87652,2.33809,0
3.11768,1.86132,2.34,0
3.11777,1.83933,2.33318,0
3.11786,1.83036,2.34276,0
3.11794,1.80849,2.3357,0
3.11803,1.7928,2.33643,0
3.11812,1.77533,2.33467,0
3.11821,1.76332,2.34,0
3.11829,1.74412,2.33565,0
3.11838,1.73093,2.33922,0
3.11847,1.71302,2.33627,0
3.11855,1.69635,2.33482,0
3.11864,1.67504,2.32678,0
3.11873,1.66604,2.3357,0
3.11882,1.6489,2.33314,0
3.1189,1.641,2.34359,0
3.11899,1.61822,2.33266,0
3.11908,1.60746,2.33887,0
3.11917,1.58542,2.3285,0
3.11925,1.57636,2.33706,0
3.11934,1.5606,2.3356,0
3.11943,1.54266,2.33071,0
3.11951,1.52974,2.33324,0
3.1196,1.51355,2.33067,0
3.11969,1.49904,2.33052,0
3.11978,1.48187,2.32607,0
3.11986,1.47011,2.32998,0
3.11995,1.45357,2.3262,0
3.12004,1.43551,2.31976,0
3.12013,1.40291,2.28934,0
3.12021,1.1413,1.88081,0
3.1203,1.09137,1.81634,0
3.12039,1.06247,1.78585,0
3.12047,1.06532,1.80856,0
3.12056,1.07052,1.83565,0
3.12065,1.0755,1.86282,0
3.12074,1.07679,1.88399,0
3.12082,1.08038,1.90956,0
3.12091,1.07643,1.92211,0
3.121,1.07191,1.93378,0
3.12108,1.05914,1.93055,0
3.12117,1.05261,1.93867,0
3.12126,1.03988,1.93532,0
3.12135,1.03049,1.93807,0
3.12143,1.0183,1.93547,0
3.12152,1.00661,1.93368,0
3.12161,0.998165,1.93806,0
3.1217,0.986067,1.93527,0
3.12178,0.970412,1.92526,0
3.12187,0.962895,1.93127,0
3.12196,0.956228,1.93904,0
3.12204,0.942936,1.93331,0
3.12213,0.933623,1.9356,0
3.12222,0.923877,1.93695,0
3.12231,0.912431,1.93463,0
3.12239,0.90229,1.93497,0
3.12248,0.895513,1.94252,0
3.12257,0.878735,1.92821,0
3.12266,0.870724,1.93294,0
3.12274,0.860655,1.93306,0
3.12283,0.851809,1.93588,0
3.12292,0.840563,1.93316,0
3.123,0.826988,1.92487,0
3.12309,0.820145,1.93214,0
3.12318,0.811706,1.9357,0
3.12327,0.798278,1.92721,0
3.12335,0.790997,1.93345,0
3.12344,0.770191,1.90629,0
3.12353,0.741856,1.85948,0
3.12362,0.731903,1.85804,0
3.1237,0.726326,1.86774,0
3.12379,0.721753,1.88023,0
3.12388,0.713188,1.88243,0
3.12396,0.702516,1.87896,0
3.12405,0.693619,1.88014,0
3.12414,0.684382,1.88032,0
3.12423,0.67482,1.87953,0
3.12431,0.663608,1.87397,0
3.1244,0.656414,1.87968,0
3.12449,0.659927,1.91657,0
3.12458,0.68563,2.0198,0
3.12466,0.707272,2.11381,0
3.12475,0.750027,2.27453,0
3.12484,0.741332,2.28158,0
3.12492,0.706066,2.20575,0
3.12501,0.722897,2.29274,0
3.1251,0.681749,2.19559,0
3.12519,0.697891,2.2827,0
3.12527,0.689942,2.29243,0
3.12536,0.680785,2.29829,0
3.12545,0.667952,2.29164,0
3.12554,0.658222,2.29549,0
3.12562,0.617527,2.18959,0
3.12571,0.637898,2.30019,0
3.1258,0.628382,2.30488,0
3.12588,0.586484,2.18879,0
3.12597,0.573364,2.17779,0
3.12606,0.563856,2.18027,0
3.12615,0.55286,2.17689,0
3.12623,0.544324,2.18317,0
3.12632,0.537408,2.1962,0
3.12641,0.526886,2.19464,0
3.1265,0.516389,2.19302,0
3.12658,0.506365,2.19331,0
3.12667,0.496349,2.19354,0
3.12676,0.484176,2.18397,0
3.12684,0.494162,2.27597,0
3.12693,0.482563,2.27028,0
3.12702,0.471634,2.26747,0
3.12711,0.417277,2.05098,0
3.12719,0.394863,1.98511,0
3.12728,0.383908,1.97503,0
3.12737,0.376033,1.98062,0
3.12746,0.381784,2.05992,0
3.12754,0.37813,2.09109,0
3.12763,0.370392,2.10059,0
3.12772,0.368843,2.14654,0
3.1278,0.364425,2.17772,0
3.12789,0.371798,2.28292,0
3.12798,0.363241,2.29341,0
3.12807,0.352014,2.28707,0
3.12815,0.342622,2.29254,0
3.12824,0.332472,2.29302,0
3.12833,0.322464,2.29445,0
3.12842,0.311775,2.29088,0
3.1285,0.301516,2.29024,0
3.12859,0.279783,2.19928,0
3.12868,0.272378,2.21834,0
3.12876,0.261051,2.20561,0
3.12885,0.252443,2.21567,0
3.12894,0.242664,2.21575,0
3.12903,0.242088,2.30331,0
3.12911,0.231935,2.30335,0
3.1292,0.222362,2.30932,0
3.12929,0.211369,2.30031,0
3.12938,0.200981,2.29722,0
3.12946,0.182841,2.20042,0
3.12955,0.181319,2.30388,0
3.12964,0.17082,2.29866,0
3.12972,0.152488,2.18068,0
3.12981,0.150885,2.30206,0
3.1299,0.140839,2.3027,0
3.12999,0.123647,2.17749,0
3.13007,0.100223,1.91238,0
3.13016,0.10536,2.19347,0
3.13025,0.0948722,2.17293,0
3.13034,0.0857828,2.18332,0
3.13042,0.0758367,2.17168,0
3.13051,0.0640699,2.09702,0
3.1306,0.0534272,2.0403,0
3.13068,0.0443061,2.03052,0
3.13077,0.035062,2.00869,0
3.13086,0.0260091,1.98683,0
3.13095,0.0172263,1.97392,0
3.13103,0.00853034,1.95498,0
3.13112,7.03271e-08,1.933,0
3.13121,-0.0084822,1.94398,0
3.1313,-0.0171476,1.96493,0
3.13138,-0.0256948,1.96283,0
3.13147,-0.0343986,1.9707,0
3.13156,-0.0439133,2.01252,0
3.13164,-0.054003,2.06229,0
3.13173,-0.0648026,2.12101,0
3.13182,-0.0731842,2.09572,0
3.13191,-0.0740832,1.88555,0
3.13199,-0.0809139,1.85323,0
3.13208,-0.0895751,1.86485,0
3.13217,-0.0981822,1.87343,0
3.13226,-0.106015,1.86699,0
3.13234,-0.113672,1.85853,0
3.13243,-0.121977,1.86101,0
3.13252,-0.130166,1.86145,0
3.1326,-0.137842,1.85489,0
3.13269,-0.146091,1.85626,0
3.13278,-0.153278,1.84464,0
3.13287,-0.161151,1.84196,0
3.13295,-0.0474893,0.516823,0
3.13304,-0.0530985,0.55145,0
3.13313,-0.0563057,0.559172,0
3.13322,-0.0595812,0.566877,0
3.1333,-0.0623807,0.569594,0
3.13339,-0.0650918,0.571304,0
3.13348,-0.0661735,0.559098,0
3.13356,-0.0697092,0.567736,0
3.13365,-0.0724382,0.569411,0
3.13374,-0.0737473,0.560166,0
3.13383,-0.0775393,0.569748,0
3.13391,-0.0797462,0.567424,0
3.134,-0.0832257,0.573998,0
3.13409,-0.0861729,0.576596,0
3.13417,-0.0892964,0.580168,0
3.13426,-0.0908884,0.573847,0
3.13435,-0.0937129,0.575419,0
3.13444,-0.0960577,0.574018,0
3.13452,-0.0990694,0.57655,0
3.13461,-0.102105,0.579067,0
3.1347,-0.103385,0.571728,0
3.13479,-0.104968,0.566355,0
3.13487,-0.108743,0.572769,0
3.13496,-0.109524,0.563454,0
3.13505,-0.115689,0.581606,0
3.13513,-0.119222,0.585995,0
3.13522,-0.122389,0.588406,0
3.13531,-0.124747,0.586889,0
3.1354,-0.127519,0.587316,0
3.13548,-0.129864,0.585778,0
3.13557,-0.131536,0.581304,0
3.13566,-0.134296,0.581699,0
3.13575,-0.140041,0.594735,0
3.13583,-0.1389,0.57856,0
3.13592,-0.142136,0.580863,0
3.13601,-0.14733,0.59091,0
3.13609,-0.152123,0.598985,0
3.13618,-0.15173,0.586697,0
3.13627,-0.153525,0.583129,0
3.13636,-0.158656,0.592113,0
3.13644,-0.161238,0.591415,0
3.13653,-0.165153,0.595524,0
3.13662,-0.166122,0.589023,0
3.13671,-0.167312,0.583486,0
3.13679,-0.174893,0.600031,0
3.13688,-0.177794,0.600221,0
3.13697,-0.177241,0.588906,0
3.13705,-0.183317,0.599603,0
3.13714,-0.185338,0.596887,0
3.13723,-0.190647,0.604657,0
3.13732,-0.189626,0.59239,0
3.1374,-0.192827,0.593459,0
3.13749,-0.198233,0.60116,0
3.13758,-0.20371,0.608824,0
3.13767,-0.2054,0.605088,0
3.13775,-0.207061,0.60135,0
3.13784,-0.212321,0.607993,0
3.13793,-0.215305,0.608004,0
3.13801,-0.216267,0.602353,0
3.1381,-0.215473,0.592006,0
3.13819,-0.219438,0.594813,0
3.13828,-0.230086,0.615394,0
3.13836,-0.227101,0.599422,0
3.13845,-0.231147,0.602159,0
3.13854,-0.23341,0.600213,0
3.13863,-0.240058,0.609424,0
3.13871,-0.243086,0.609299,0
3.1388,-0.24799,0.613796,0
3.13889,-0.248015,0.606229,0
3.13897,-0.254102,0.613456,0
3.13906,-0.256389,0.611419,0
3.13915,-0.258664,0.609374,0
3.13924,-0.262899,0.611915,0
3.13932,-0.265966,0.611679,0
3.13941,-0.269438,0.612343,0
3.1395,-0.27414,0.61573,0
3.13959,-0.277646,0.616351,0
3.13967,-0.279089,0.612404,0
3.13976,-0.280502,0.608456,0
3.13985,-0.288226,0.618102,0
3.13993,-0.293479,0.622265,0
3.14002,-0.296622,0.621881,0
3.14011,-0.298464,0.61878,0
3.1402,-0.305983,0.627358,0
3.14028,-0.307833,0.624223,0
3.14037,-0.302968,0.60766,0
3.14046,-0.293014,0.581329,0
3.14055,-0.301904,0.592519,0
3.14063,-0.307691,0.59742,0
3.14072,-0.313989,0.603167,0
3.14081,-0.305443,0.580552,0
3.14089,-0.312668,0.588043,0
3.14098,-0.325644,0.606053,0
3.14107,-0.325899,0.600232,0
3.14116,-0.31601,0.57601,0
3.14124,-0.315126,0.568503,0
3.14133,-0.314672,0.561887,0
3.14142,-0.315643,0.557898,0
3.14151,-0.313113,0.547833,0
3.14159,-0.3185,0.551658,0
3.14168,-0.317378,0.544216,0
3.14177,-0.318227,0.540241,0
3.14185,-0.320581,0.538848,0
3.14194,-0.316233,0.526301,0
3.14203,-0.311264,0.512947,0
3.14212,-0.315589,0.514995,0
3.1422,-0.307835,0.497456,0
3.14229,-0.282977,0.452858,0
3.14238,-0.276412,0.438087,0
3.14247,-0.279396,0.438564,0
3.14255,-0.284553,0.442387,0
3.14264,-0.302275,0.465462,0
3.14273,-0.308689,0.470829,0
3.14281,-0.297494,0.449464,0
3.1429,-0.301675,0.451488,0
3.14299,-0.312589,0.463432,0
3.14308,-0.310668,0.456278,0
3.14316,-0.306992,0.446676,0
3.14325,-0.297538,0.4289,0
3.14334,-0.117583,0.167926,0
3.14343,-0.343401,0.485902,0
3.14351,-0.105107,0.147355,0
3.1436,-0.252396,0.3506,0
3.14369,-0.223358,0.307426,0
3.14377,-0.178576,0.243546,0
3.14386,-0.11718,0.15836,0
3.14395,-0.0712006,0.0953492,0
3.14404,-0.0668015,0.0886485,0
3.14412,-0.0665823,0.0875602,0
3.14421,-0.06879,0.0896489,0
3.1443,-0.0599973,0.0774876,0
3.14439,-0.0584878,0.074861,0
3.14447,-0.0563375,0.0714638,0
3.14456,-0.064119,0.0806086,0
3.14465,-0.0550813,0.0686298,0
3.14473,-0.062932,0.0777146,0
3.14482,-0.0582089,0.0712441,0
3.14491,-0.0686964,0.0833355,0
3.145,-0.0709777,0.0853414,0
3.14508,-0.0617076,0.0735403,0
3.14517,-0.0549205,0.0648748,0
3.14526,-0.0649448,0.0760406,0
3.14535,-0.0770256,0.0893927,0
3.14543,-0.0695423,0.0799992,0
3.14552,-0.0665939,0.0759358,0
3.14561,-0.0675872,0.0763935,0
3.14569,-0.0705835,0.0790821,0
3.14578,-0.0528613,0.0587084,0
3.14587,-0.0564788,0.0621783,0
3.14596,-0.0628299,0.0685668,0
3.14604,-0.0454796,0.0491996,0
3.14613,-0.0566059,0.0607024,0
3.14622,-0.0315184,0.0335051,0
3.14631,-0.0440547,0.046424,0
3.14639,-0.0532465,0.055622,0
3.14648,-0.0507101,0.0525118,0
3.14657,-0.0509387,0.05229,0
3.14665,-0.0602782,0.0613395,0
3.14674,-0.0218245,0.0220157,0
