7200
5661
4.93928
4.95499,-0.0219203,-0.0219203,0
4.95508,-0.047873,-0.0482926,0
4.95516,-0.0525682,-0.0534938,0
4.95525,-0.0279116,-0.0286521,0
4.95534,-0.0180611,-0.0187028,0
4.95543,-0.0407993,-0.0426195,0
4.95551,-0.030976,-0.0326418,0
4.9556,-0.0369999,-0.039332,0
4.95569,-1.0837,-1.16212,0
4.95577,-0.040728,-0.0440594,0
4.95586,-1.08973,-1.18923,0
4.95595,-1.09125,-1.20137,0
4.95604,-1.09336,-1.2143,0
4.95612,-1.09138,-1.22279,0
4.95621,-1.092,-1.23428,0
4.9563,-1.08858,-1.24129,0
4.95639,-1.07987,-1.24225,0
4.95647,-1.0888,-1.26362,0
4.95656,-1.09237,-1.279,0
4.95665,-1.09066,-1.28834,0
4.95673,-1.0921,-1.30151,0
4.95682,-1.08896,-1.30934,0
4.95691,-1.08451,-1.31562,0
4.957,-1.07813,-1.31957,0
4.95708,-0.790426,-0.976095,0
4.95717,-0.683508,-0.851634,0
4.95726,-0.639945,-0.804521,0
4.95735,-0.624666,-0.792385,0
4.95743,-0.627359,-0.802983,0
4.95752,-0.619564,-0.800178,0
4.95761,-0.613632,-0.7997,0
4.95769,-0.602268,-0.792022,0
4.95778,-0.597,-0.792246,0
4.95787,-0.590546,-0.790838,0
4.95796,-0.579952,-0.78376,0
4.95804,-0.575936,-0.785477,0
4.95813,-0.578968,-0.796882,0
4.95822,-0.569643,-0.791285,0
4.95831,-0.558056,-0.782365,0
4.95839,-0.550019,-0.778259,0
4.95848,-0.548339,-0.783109,0
4.95857,-0.543777,-0.783851,0
4.95865,-0.536953,-0.781272,0
4.95874,-0.536353,-0.78774,0
4.95883,-0.529556,-0.785099,0
4.95892,-0.534459,-0.799874,0
4.959,-0.530963,-0.802198,0
4.95909,-0.530748,-0.809525,0
4.95918,-0.522853,-0.805124,0
4.95927,-0.520417,-0.80908,0
4.95935,-0.497539,-0.78098,0
4.95944,-0.465312,-0.737475,0
4.95953,-0.449901,-0.719993,0
4.95961,-0.439389,-0.710044,0
4.9597,-0.432106,-0.705133,0
4.95979,-0.437845,-0.721546,0
4.95988,-0.430057,-0.715735,0
4.95996,-0.427952,-0.719323,0
4.96005,-0.436483,-0.741001,0
4.96014,-0.428712,-0.735124,0
4.96023,-0.424,-0.73439,0
4.96031,-0.431708,-0.755333,0
4.9604,-0.431363,-0.762432,0
4.96049,-0.43243,-0.772159,0
4.96057,-0.428087,-0.772289,0
4.96066,-0.425194,-0.775026,0
4.96075,-0.433737,-0.798845,0
4.96084,-0.435927,-0.8113,0
4.96092,-0.430036,-0.80878,0
4.96101,-0.423709,-0.805339,0
4.9611,-0.420191,-0.80718,0
4.96119,-0.41346,-0.802782,0
4.96127,-0.407683,-0.800124,0
4.96136,-0.408239,-0.809932,0
4.96145,-0.408717,-0.81976,0
4.96153,-0.408675,-0.82871,0
4.96162,-0.413384,-0.847563,0
4.96171,-0.412723,-0.855663,0
4.9618,-0.407694,-0.854748,0
4.96188,-0.406093,-0.861041,0
4.96197,-0.409094,-0.877306,0
4.96206,-0.404844,-0.878174,0
4.96215,-0.403082,-0.884482,0
4.96223,-1.09416,-2.42893,0
4.96232,-1.09412,-2.45744,0
4.96241,-1.09225,-2.48232,0
4.96249,-1.09217,-2.51183,0
4.96258,-1.09068,-2.53862,0
4.96267,-1.09288,-2.57465,0
4.96276,-1.08627,-2.59046,0
4.96284,-1.08797,-2.62659,0
4.96293,-1.0818,-2.64427,0
4.96302,-1.07737,-2.66658,0
4.96311,-1.06202,-2.66197,0
4.96319,-1.04233,-2.64611,0
4.96328,-1.03222,-2.65436,0
4.96337,-1.02852,-2.67938,0
4.96345,-1.02532,-2.70628,0
4.96354,-1.06078,-2.83718,0
4.96363,-1.08992,-2.95436,0
4.96372,-1.08591,-2.98352,0
4.9638,-1.0766,-2.99859,0
4.96389,-1.06484,-3.00703,0
4.96398,-1.05402,-3.01825,0
4.96407,-1.03661,-3.01053,0
4.96415,-1.01575,-2.9923,0
4.96424,-1.00586,-3.00619,0
4.96433,-0.987406,-2.9944,0
4.96441,-0.972477,-2.99297,0
4.9645,-0.960627,-3.001,0
4.96459,-0.947223,-3.00421,0
4.96468,-0.937071,-3.01786,0
4.96476,-0.930619,-3.04392,0
4.96485,-0.915888,-3.04316,0
4.96494,-0.915097,-3.08932,0
4.96503,-0.906646,-3.11056,0
4.96511,-0.910155,-3.17409,0
4.9652,-0.894125,-3.17033,0
4.96529,-0.879481,-3.17131,0
4.96537,-0.863005,-3.16547,0
4.96546,-0.848926,-3.16824,0
4.96555,-0.834076,-3.16804,0
4.96564,-0.820495,-3.17262,0
4.96572,-0.805414,-3.17132,0
4.96581,-0.790117,-3.16899,0
4.9659,-0.773192,-3.15978,0
4.96599,-0.758464,-3.15923,0
4.96607,-0.746047,-3.16835,0
4.96616,-0.734015,-3.17937,0
4.96625,-0.717708,-3.17181,0
4.96633,-0.704078,-3.17589,0
4.96642,-0.685758,-3.15841,0
4.96651,-0.674881,-3.17507,0
4.9666,-0.657763,-3.16232,0
4.96668,-0.644158,-3.16614,0
4.96677,-0.629166,-3.16303,0
4.96686,-0.61555,-3.16673,0
4.96694,-0.600794,-3.16447,0
4.96703,-0.588074,-3.17296,0
4.96712,-0.572267,-3.16467,0
4.96721,-0.559147,-3.17108,0
4.96729,-0.543273,-3.16166,0
4.96738,-0.530958,-3.17288,0
4.96747,-0.516305,-3.17023,0
4.96756,-0.500747,-3.16159,0
4.96764,-0.488012,-3.17066,0
4.96773,-0.475651,-3.18265,0
4.96782,-0.45932,-3.16787,0
4.9679,-0.445632,-3.17084,0
4.96799,-0.431658,-3.17176,0
4.96808,-0.417031,-3.16767,0
4.96817,-0.40308,-3.16846,0
4.96825,-0.388641,-3.16523,0
4.96834,-0.374474,-3.16392,0
4.96843,-0.361798,-3.17546,0
4.96852,-0.34783,-3.17601,0
4.9686,-0.334073,-3.17849,0
4.96869,-0.3195,-3.17295,0
4.96878,-0.306227,-3.18029,0
4.96886,-0.291616,-3.17363,0
4.96895,-0.27733,-3.16989,0
4.96904,-0.26333,-3.16908,0
4.96913,-0.248951,-3.16322,0
4.96921,-0.235369,-3.16727,0
4.9693,-0.222035,-3.17525,0
4.96939,-0.207917,-3.17219,0
4.96948,-0.194073,-3.17307,0
4.96956,-0.179886,-3.1679,0
4.96965,-0.166533,-3.17764,0
4.96974,-0.15281,-3.18133,0
4.96982,-0.138448,-3.17098,0
4.96991,-0.124807,-3.17655,0
4.97,-0.11098,-3.17806,0
4.97009,-0.0968987,-3.17152,0
4.97017,-0.0829548,-3.16791,0
4.97026,-0.069175,-3.17025,0
4.97035,-0.0554463,-3.17652,0
4.97044,-0.0414548,-3.16673,0
4.97052,-0.027829,-3.18888,0
4.97061,-0.0138492,-3.17397,0
4.9707,-3.82474e-08,-3.175,0
4.97078,0.0138404,-3.17197,0
4.97087,0.0277154,-3.17588,0
4.97096,0.0415463,-3.17373,0
4.97105,0.0555335,-3.18152,0
4.97113,0.069175,-3.17025,0
4.97122,0.083138,-3.17491,0
4.97131,0.0969903,-3.17452,0
4.9714,0.110736,-3.17107,0
4.97148,0.124611,-3.17155,0
4.97157,0.138448,-3.17098,0
4.97166,0.152522,-3.17534,0
4.97174,0.166428,-3.17564,0
4.97183,0.18051,-3.17888,0
4.97192,0.193829,-3.16908,0
4.97201,0.208113,-3.17519,0
4.97209,0.221965,-3.17425,0
4.97218,0.235887,-3.17425,0
4.97227,0.250206,-3.17917,0
4.97236,0.263082,-3.16609,0
4.97244,0.278375,-3.18185,0
4.97253,0.292073,-3.17861,0
4.97262,0.306323,-3.18129,0
4.9727,0.3197,-3.17494,0
4.97279,0.334386,-3.18148,0
4.97288,0.347285,-3.17104,0
4.97297,0.362137,-3.17844,0
4.97305,0.376002,-3.17683,0
4.97314,0.389616,-3.17317,0
4.97323,0.404089,-3.1764,0
4.97332,0.418989,-3.18254,0
4.9734,0.432737,-3.17969,0
4.97349,0.446746,-3.17876,0
4.97358,0.461185,-3.18074,0
4.97366,0.474912,-3.17771,0
4.97375,0.489381,-3.17956,0
4.97384,0.50325,-3.17739,0
4.97393,0.516305,-3.17023,0
4.97401,0.532113,-3.17978,0
4.9741,0.548354,-3.19123,0
4.97419,0.560884,-3.18093,0
4.97428,0.575114,-3.18042,0
4.97436,0.590261,-3.18476,0
4.97445,0.604338,-3.18314,0
4.97454,0.617839,-3.17851,0
4.97462,0.634434,-3.18951,0
4.97471,0.647746,-3.18378,0
4.9748,0.660817,-3.177,0
4.97489,0.675921,-3.17996,0
4.97497,0.69085,-3.18186,0
4.97506,0.70516,-3.18077,0
4.97515,0.721239,-3.18742,0
4.97524,0.735365,-3.18522,0
4.97532,0.748798,-3.18003,0
4.97541,0.761966,-3.17382,0
4.9755,0.777946,-3.1792,0
4.97558,0.793504,-3.18257,0
4.97567,0.81009,-3.18974,0
4.97576,0.82375,-3.18521,0
4.97585,0.838659,-3.18545,0
4.97593,0.854879,-3.19045,0
4.97602,0.868266,-3.18476,0
4.97611,0.882956,-3.18384,0
4.9762,0.898739,-3.18669,0
4.97628,0.913462,-3.18562,0
4.97637,0.925674,-3.17584,0
4.97646,0.943215,-3.18424,0
4.97654,0.9571,-3.18009,0
4.97663,0.974182,-3.18641,0
4.97672,0.989559,-3.1869,0
4.97681,1.00676,-3.19304,0
4.97689,1.02069,-3.18862,0
4.97698,1.03644,-3.18984,0
4.97707,1.0491,-3.18149,0
4.97716,1.06741,-3.19016,0
4.97724,1.08325,-3.19115,0
4.97733,1.10009,-3.19491,0
4.97742,1.11238,-3.18536,0
4.9775,1.1306,-3.19273,0
4.97759,1.1452,-3.18965,0
4.97768,1.16287,-3.19496,0
4.97777,1.17507,-3.18516,0
4.97785,1.19421,-3.19405,0
4.97794,1.20707,-3.18601,0
4.97803,1.22634,-3.19471,0
4.97812,1.24208,-3.19399,0
4.9782,1.2571,-3.19133,0
4.97829,1.2699,-3.18303,0
4.97838,1.28977,-3.19229,0
4.97846,1.30861,-3.19867,0
4.97855,1.32179,-3.19108,0
4.97864,1.33879,-3.19266,0
4.97873,1.35388,-3.18955,0
4.97881,1.3741,-3.19831,0
4.9789,1.38805,-3.19229,0
4.97899,1.4072,-3.1981,0
4.97907,1.42358,-3.19741,0
4.97916,1.44203,-3.2012,0
4.97925,1.45599,-3.19487,0
4.97934,1.47536,-3.2003,0
4.97942,1.49269,-3.20108,0
4.97951,1.50792,-3.19725,0
4.9796,1.52616,-3.19966,0
4.97969,1.54576,-3.20468,0
4.97977,1.56148,-3.2015,0
4.97986,1.58074,-3.20542,0
4.97995,1.59293,-3.19492,0
4.98003,1.6145,-3.20312,0
4.98012,1.62892,-3.19693,0
4.98021,1.6456,-3.19513,0
4.9803,1.6683,-3.20477,0
4.98038,1.68832,-3.20897,0
4.98047,1.70465,-3.20598,0
4.98056,1.72809,-3.21613,0
4.98065,1.74115,-3.2068,0
4.98073,1.76042,-3.20882,0
4.98082,1.77392,-3.20023,0
4.98091,1.79373,-3.20293,0
4.98099,1.81803,-3.21335,0
4.98108,1.83352,-3.20799,0
4.98117,1.8535,-3.21036,0
4.98126,1.87757,-3.21951,0
4.98134,1.89413,-3.2156,0
4.98143,1.91172,-3.21332,0
4.98152,1.92985,-3.21181,0
4.98161,1.94955,-3.21276,0
4.98169,1.96355,-3.20422,0
4.98178,1.97804,-3.19647,0
4.98187,1.98243,-3.17255,0
4.98195,1.98238,-3.14188,0
4.98204,1.98049,-3.10874,0
4.98213,1.97943,-3.07736,0
4.98222,1.98249,-3.05276,0
4.9823,1.98482,-3.02736,0
4.98239,1.97814,-2.98865,0
4.98248,1.9795,-2.96253,0
4.98257,1.97787,-2.93231,0
4.98265,1.97545,-2.90133,0
4.98274,1.98129,-2.88279,0
4.98283,1.97561,-2.84783,0
4.98291,1.98171,-2.83017,0
4.983,1.9773,-2.79781,0
4.98309,1.97845,-2.77369,0
4.98318,1.97184,-2.73906,0
4.98326,1.96908,-2.71021,0
4.98335,1.97438,-2.69272,0
4.98344,1.97124,-2.66398,0
4.98353,1.97806,-2.64895,0
4.98361,1.97516,-2.62112,0
4.9837,1.97689,-2.59974,0
4.98379,1.97969,-2.57999,0
4.98387,1.97869,-2.55551,0
4.98396,1.97812,-2.53188,0
4.98405,1.9842,-2.51694,0
4.98414,1.98395,-2.49417,0
4.98422,1.98731,-2.47613,0
4.98431,1.98488,-2.45112,0
4.9844,1.97214,-2.41378,0
4.98449,1.97184,-2.39204,0
4.98457,1.97715,-2.37726,0
4.98466,1.97593,-2.35482,0
4.98475,1.97132,-2.32862,0
4.98483,1.97627,-2.31392,0
4.98492,1.97656,-2.29391,0
4.98501,1.97671,-2.27394,0
4.9851,1.97342,-2.25026,0
4.98518,1.9766,-2.23413,0
4.98527,1.97234,-2.20982,0
4.98536,1.9746,-2.19302,0
4.98545,1.97205,-2.17106,0
4.98553,1.97407,-2.15432,0
4.98562,1.97327,-2.13468,0
4.98571,1.97234,-2.11507,0
4.98579,1.97538,-2.09989,0
4.98588,1.97214,-2.0782,0
4.98597,1.9639,-2.05151,0
4.98606,1.96727,-2.03717,0
4.98614,1.97614,-2.02857,0
4.98623,1.97797,-2.01279,0
4.98632,1.97476,-1.99207,0
4.98641,1.97424,-1.97424,0
4.98649,1.97147,-1.95434,0
4.98658,1.9757,-1.94152,0
4.98667,1.97126,-1.92032,0
4.98675,1.97099,-1.90336,0
4.98684,1.97567,-1.89129,0
4.98693,1.96576,-1.86544,0
4.98702,1.97024,-1.85342,0
4.9871,1.97173,-1.83867,0
4.98719,1.96505,-1.81647,0
4.98728,1.96484,-1.80045,0
4.98737,1.96898,-1.7885,0
4.98745,1.9671,-1.77119,0
4.98754,1.97705,-1.76459,0
4.98763,1.97724,-1.74932,0
4.98771,1.97583,-1.73276,0
4.9878,1.97055,-1.71297,0
4.98789,1.978,-1.70436,0
4.98798,1.97249,-1.68467,0
4.98806,1.97143,-1.66894,0
4.98815,1.97027,-1.65325,0
4.98824,1.96593,-1.63505,0
4.98833,1.96764,-1.622,0
4.98841,1.97625,-1.61466,0
4.9885,1.96929,-1.5947,0
4.98859,1.97077,-1.58171,0
4.98867,1.96513,-1.56313,0
4.98876,1.97507,-1.55702,0
4.98885,1.9653,-1.53546,0
4.98894,1.97593,-1.52993,0
4.98902,1.97545,-1.51582,0
4.98911,1.98523,-1.5096,0
4.9892,1.97822,-1.4907,0
4.98929,1.96788,-1.46949,0
4.98937,1.97266,-1.4597,0
4.98946,1.96934,-1.44398,0
4.98955,1.97157,-1.43243,0
4.98963,1.97537,-1.42206,0
4.98972,1.96527,-1.40182,0
4.98981,1.96566,-1.38919,0
4.9899,1.97006,-1.37945,0
4.98998,1.97524,-1.37027,0
4.99007,1.97378,-1.35654,0
4.99016,1.97224,-1.34285,0
4.99025,1.9756,-1.33256,0
4.99033,1.97225,-1.31781,0
4.99042,1.9638,-1.29981,0
4.99051,1.96193,-1.2863,0
4.99059,1.97088,-1.2799,0
4.99068,1.97308,-1.26913,0
4.99077,1.96679,-1.25298,0
4.99086,1.97477,-1.24599,0
4.99094,1.96832,-1.22994,0
4.99103,1.97282,-1.22082,0
4.99112,1.96704,-1.2054,0
4.99121,1.96972,-1.19525,0
4.99129,1.96634,-1.1815,0
4.99138,1.97148,-1.17291,0
4.99147,1.9671,-1.15871,0
4.99155,1.9635,-1.14508,0
4.99164,1.96934,-1.137,0
4.99173,1.97342,-1.1279,0
4.99182,1.96961,-1.11435,0
4.9919,1.97271,-1.10477,0
4.99199,1.97314,-1.09373,0
4.99208,1.97088,-1.08126,0
4.99216,1.96943,-1.06931,0
4.99225,1.96967,-1.05834,0
4.99234,1.9778,-1.05162,0
4.99243,1.97529,-1.03925,0
4.99251,1.97626,-1.02878,0
4.9926,1.97006,-1.01465,0
4.99269,1.98071,-1.00922,0
4.99278,1.96813,-0.992017,0
4.99286,1.97959,-0.98699,0
4.99295,1.9785,-0.975689,0
4.99304,1.98004,-0.965732,0
4.99312,1.97343,-0.95187,0
4.99321,1.98208,-0.945402,0
4.9933,1.97804,-0.932906,0
4.99339,1.97847,-0.922576,0
4.99347,1.97612,-0.911004,0
4.99356,1.97644,-0.900714,0
4.99365,1.97032,-0.887563,0
4.99374,1.97326,-0.878551,0
4.99382,1.97341,-0.868322,0
4.99391,1.97902,-0.860501,0
4.994,1.97632,-0.849094,0
4.99408,1.98093,-0.840853,0
4.99417,1.96798,-0.825241,0
4.99426,1.97803,-0.819325,0
4.99435,1.97233,-0.8069,0
4.99443,1.97305,-0.797163,0
4.99452,1.97372,-0.787435,0
4.99461,1.97714,-0.778815,0
4.9947,1.98238,-0.770906,0
4.99478,1.97452,-0.757948,0
4.99487,1.97407,-0.747908,0
4.99496,1.9745,-0.738237,0
4.99504,1.97958,-0.730307,0
4.99513,1.98275,-0.721663,0
4.99522,1.96988,-0.70726,0
4.99531,1.97012,-0.697656,0
4.99539,1.97598,-0.690043,0
4.99548,1.98559,-0.683693,0
4.99557,1.98003,-0.67213,0
4.99566,1.98294,-0.663484,0
4.99574,1.98012,-0.652947,0
4.99583,1.97534,-0.641828,0
4.99592,1.98289,-0.634728,0
4.996,1.98278,-0.625167,0
4.99609,1.97498,-0.613248,0
4.99618,1.98338,-0.606379,0
4.99627,1.97547,-0.594549,0
4.99635,1.98188,-0.58706,0
4.99644,1.98538,-0.578686,0
4.99653,1.98212,-0.568364,0
4.99662,1.97592,-0.557267,0
4.9967,1.9793,-0.548908,0
4.99679,1.97492,-0.538425,0
4.99688,1.98981,-0.533167,0
4.99696,1.99985,-0.526517,0
4.99705,1.98858,-0.514281,0
4.99714,1.98595,-0.504368,0
4.99723,1.98425,-0.49473,0
4.99731,1.98057,-0.484642,0
4.9974,1.97586,-0.474361,0
4.99749,1.98375,-0.46711,0
4.99758,1.98674,-0.458675,0
4.99766,1.99067,-0.450443,0
4.99775,1.98286,-0.439589,0
4.99784,1.97694,-0.429235,0
4.99792,1.97586,-0.419982,0
4.99801,1.98159,-0.412171,0
4.9981,1.98533,-0.403919,0
4.99819,1.98707,-0.395253,0
4.99827,1.97209,-0.383335,0
4.99836,1.97374,-0.374727,0
4.99845,1.96651,-0.364471,0
4.99854,1.98087,-0.3582,0
4.99862,1.98537,-0.350075,0
4.99871,1.98491,-0.34107,0
4.9988,1.98243,-0.331746,0
4.99888,1.98485,-0.323253,0
4.99897,1.98525,-0.314433,0
4.99906,1.98661,-0.305768,0
4.99915,1.98199,-0.29621,0
4.99923,1.98029,-0.287129,0
4.99932,1.97162,-0.277094,0
4.99941,1.96092,-0.26687,0
4.9995,1.78063,-0.234425,0
4.99958,1.7003,-0.216305,0
4.99967,1.67443,-0.205594,0
4.99976,1.66835,-0.197463,0
4.99984,1.66821,-0.190068,0
4.99993,1.65212,-0.180937,0
5.00002,1.65687,-0.174144,0
5.00011,1.65364,-0.166513,0
5.00019,1.65634,-0.159487,0
5.00028,1.65901,-0.152442,0
5.00037,1.65568,-0.144853,0
5.00046,1.6553,-0.137544,0
5.00054,1.6509,-0.129928,0
5.00063,1.65942,-0.123317,0
5.00072,1.66693,-0.116563,0
5.0008,1.66044,-0.108831,0
5.00089,1.6569,-0.101341,0
5.00098,1.64934,-0.0936565,0
5.00107,1.65473,-0.0867207,0
5.00115,1.6511,-0.0793079,0
5.00124,1.64943,-0.0720157,0
5.00133,1.64773,-0.0647395,0
5.00142,1.65299,-0.0577238,0
5.0015,1.65323,-0.0505107,0
5.00159,1.64644,-0.0431135,0
5.00168,1.65661,-0.0361473,0
5.00176,1.66675,-0.0290932,0
5.00185,1.66786,-0.0218335,0
5.00194,1.68494,-0.0147043,0
5.00203,1.69298,-0.00738712,0
5.00211,1.7,-4.11645e-08,0
5.0022,1.69198,0.00738268,0
5.00229,1.69294,0.014774,0
5.00238,1.68786,0.0220952,0
5.00246,1.68674,0.0294422,0
5.00255,1.6866,0.0368017,0
5.00264,1.69142,0.0442914,0
5.00272,1.68721,0.051549,0
5.00281,1.68997,0.059015,0
5.0029,1.69669,0.0666631,0
5.00299,1.69139,0.0738476,0
5.00307,1.68805,0.081083,0
5.00316,1.68469,0.0882907,0
5.00325,1.69826,0.0964344,0
5.00334,1.69184,0.103477,0
5.00342,1.70335,0.111643,0
5.00351,1.68489,0.117819,0
5.0036,1.69034,0.125614,0
5.00368,1.68778,0.132831,0
5.00377,1.69516,0.140857,0
5.00386,1.69353,0.148165,0
5.00395,1.68988,0.155278,0
5.00403,1.69715,0.163417,0
5.00412,1.69941,0.171121,0
5.00421,1.69566,0.178221,0
5.00429,1.68194,0.184203,0
5.00438,1.69007,0.192559,0
5.00447,1.69318,0.200401,0
5.00456,1.69428,0.208031,0
5.00464,1.68145,0.213907,0
5.00473,1.68843,0.222286,0
5.00482,1.69636,0.230865,0
5.00491,1.70029,0.23896,0
5.00499,1.70319,0.246951,0
5.00508,1.69418,0.253197,0
5.00517,1.70591,0.262565,0
5.00525,1.69784,0.268911,0
5.00534,1.69763,0.276477,0
5.00543,1.69444,0.283552,0
5.00552,1.69121,0.290604,0
5.0056,1.70175,0.300064,0
5.00569,1.70928,0.309088,0
5.00578,1.72168,0.319094,0
5.00587,1.72813,0.328096,0
5.00595,1.76006,0.34212,0
5.00604,1.79189,0.35643,0
5.00613,1.8354,0.373416,0
5.00621,1.87585,0.390178,0
5.0063,1.92206,0.408546,0
5.00639,1.95739,0.424992,0
5.00648,1.977,0.43829,0
5.00656,1.97799,0.447574,0
5.00665,1.98187,0.45755,0
5.00674,1.97304,0.464589,0
5.00683,1.98655,0.476929,0
5.00691,1.98348,0.485355,0
5.007,1.99687,0.497875,0
5.00709,1.98402,0.503876,0
5.00717,1.98277,0.512778,0
5.00726,1.98921,0.523716,0
5.00735,1.99077,0.533426,0
5.00744,1.99036,0.542633,0
5.00752,1.98412,0.550244,0
5.00761,1.98555,0.559982,0
5.0077,1.98981,0.570569,0
5.00779,1.98922,0.579806,0
5.00787,1.9953,0.591036,0
5.00796,1.99366,0.600025,0
5.00805,1.99294,0.609303,0
5.00813,1.99504,0.619475,0
5.00822,1.98659,0.62637,0
5.00831,1.99146,0.637471,0
5.0084,1.99341,0.6477,0
5.00848,1.99437,0.657644,0
5.00857,1.98863,0.665388,0
5.00866,1.9895,0.675344,0
5.00875,1.99221,0.685972,0
5.00883,1.98825,0.694328,0
5.00892,1.9984,0.70767,0
5.00901,1.98682,0.713342,0
5.00909,1.99309,0.725425,0
5.00918,1.98897,0.733768,0
5.00927,1.99699,0.746642,0
5.00936,1.98342,0.751451,0
5.00944,1.98012,0.760098,0
5.00953,1.98984,0.773805,0
5.00962,1.99761,0.786878,0
5.00971,1.99415,0.795587,0
5.00979,1.99066,0.80428,0
5.00988,1.99732,0.817124,0
5.00997,1.99004,0.8243,0
5.01005,1.9938,0.836069,0
5.01014,1.98921,0.84437,0
5.01023,1.9947,0.856989,0
5.01032,1.98544,0.863292,0
5.0104,1.99355,0.877182,0
5.01049,1.98239,0.882618,0
5.01058,1.9922,0.897421,0
5.01067,1.98736,0.90569,0
5.01075,1.98793,0.916446,0
5.01084,1.98481,0.925534,0
5.01093,1.99071,0.938878,0
5.01101,1.9884,0.948416,0
5.0111,1.98064,0.955345,0
5.01119,1.98454,0.967923,0
5.01128,1.99554,0.984092,0
5.01136,1.99749,0.995914,0
5.01145,1.99134,1.00372,0
5.01154,1.98427,1.01104,0
5.01163,1.99851,1.0293,0
5.01171,1.99134,1.03663,0
5.0118,1.99122,1.04763,0
5.01189,1.99634,1.06148,0
5.01197,1.98905,1.06876,0
5.01206,1.99755,1.08458,0
5.01215,1.99455,1.09425,0
5.01224,2.002,1.10973,0
5.01232,1.99191,1.11552,0
5.01241,1.99486,1.12863,0
5.0125,1.99599,1.1408,0
5.01259,1.98926,1.1485,0
5.01267,1.99719,1.16473,0
5.01276,1.99467,1.17495,0
5.01285,2.00328,1.19182,0
5.01293,1.99634,1.19952,0
5.01302,1.99878,1.21289,0
5.01311,1.99603,1.22317,0
5.0132,1.99663,1.23555,0
5.01328,2.00394,1.2522,0
5.01337,2.00522,1.2652,0
5.01346,1.99631,1.27179,0
5.01355,2.0042,1.28914,0
5.01363,2.00694,1.30332,0
5.01372,2.0004,1.31152,0
5.01381,2.00216,1.3252,0
5.01389,2.00218,1.33781,0
5.01398,2.0013,1.34989,0
5.01407,2.01027,1.36874,0
5.01416,2.0084,1.38033,0
5.01424,2.00153,1.38851,0
5.01433,1.99627,1.39781,0
5.01442,1.99587,1.41054,0
5.01451,2.0011,1.42737,0
5.01459,1.99891,1.43901,0
5.01468,1.99827,1.45183,0
5.01477,2.0024,1.46822,0
5.01485,1.99517,1.47635,0
5.01494,1.99592,1.49043,0
5.01503,1.99499,1.50333,0
5.01512,1.99558,1.51747,0
5.0152,1.99211,1.5286,0
5.01529,1.99333,1.5434,0
5.01538,1.99288,1.55701,0
5.01547,2.00334,1.57931,0
5.01555,1.99252,1.58492,0
5.01564,1.99806,1.60362,0
5.01573,1.9926,1.61358,0
5.01581,2.00645,1.63934,0
5.0159,1.99002,1.64045,0
5.01599,1.99745,1.66126,0
5.01608,1.99248,1.67189,0
5.01616,1.99662,1.69026,0
5.01625,1.99378,1.70285,0
5.01634,1.99543,1.71937,0
5.01643,1.99621,1.73528,0
5.01651,1.99764,1.75188,0
5.0166,2.00346,1.77251,0
5.01669,2.00093,1.78589,0
5.01677,1.99609,1.79728,0
5.01686,1.99711,1.81405,0
5.01695,2.00613,1.83828,0
5.01704,1.99883,1.8477,0
5.01712,2.00098,1.86595,0
5.01721,2.00812,1.88905,0
5.0173,1.99623,1.89435,0
5.01738,2.00239,1.91687,0
5.01747,1.99761,1.92907,0
5.01756,2.00063,1.94893,0
5.01765,2.00067,1.96605,0
5.01773,2.00982,1.99236,0
5.01782,1.9997,1.9997,0
5.01791,2.00644,2.02403,0
5.018,2.0046,2.0399,0
5.01808,2.01173,2.0651,0
5.01817,2.00617,2.07745,0
5.01826,2.00746,2.09702,0
5.01834,2.01068,2.11882,0
5.01843,2.01649,2.1436,0
5.01852,2.01667,2.16261,0
5.01861,2.00789,2.17213,0
5.01869,2.01799,2.20225,0
5.01878,2.01508,2.21843,0
5.01887,2.01341,2.23612,0
5.01896,2.0063,2.24787,0
5.01904,2.01503,2.27757,0
5.01913,2.01298,2.29537,0
5.01922,2.01213,2.31469,0
5.0193,2.01115,2.33406,0
5.01939,2.01524,2.35954,0
5.01948,2.01074,2.37518,0
5.01957,2.01064,2.39619,0
5.01965,2.00976,2.41647,0
5.01974,2.00683,2.43448,0
5.01983,2.01706,2.46876,0
5.01992,2.0176,2.49153,0
5.02,2.01673,2.51279,0
5.02009,2.01695,2.53565,0
5.02018,2.01763,2.55935,0
5.02026,2.02368,2.59019,0
5.02035,2.01358,2.60058,0
5.02044,2.01865,2.63076,0
5.02053,2.01744,2.65307,0
5.02061,2.02631,2.68901,0
5.0207,2.0367,2.72747,0
5.02079,2.05035,2.77089,0
5.02088,2.0276,2.7653,0
5.02096,2.00552,2.76037,0
5.02105,1.99229,2.76747,0
5.02114,1.968,2.75904,0
5.02122,1.94613,2.75372,0
5.02131,1.92664,2.75153,0
5.0214,1.90607,2.74759,0
5.02149,1.8884,2.74764,0
5.02157,1.8747,2.75337,0
5.02166,1.85932,2.75655,0
5.02175,1.83949,2.753,0
5.02184,1.82029,2.75016,0
5.02192,1.80937,2.75974,0
5.02201,1.78533,2.74916,0
5.0221,1.7679,2.74852,0
5.02218,1.74837,2.7444,0
5.02227,1.73318,2.74692,0
5.02236,1.71906,2.75107,0
5.02245,1.69862,2.74494,0
5.02253,1.68349,2.74721,0
5.02262,1.66371,2.7417,0
5.02271,1.65224,2.74979,0
5.0228,1.63512,2.74838,0
5.02288,1.61752,2.74601,0
5.02297,1.60301,2.74872,0
5.02306,1.5845,2.74443,0
5.02314,1.57251,2.75132,0
5.02323,1.55458,2.74771,0
5.02332,1.5372,2.74487,0
5.02341,1.52085,2.74368,0
5.02349,1.50405,2.74152,0
5.02358,1.48969,2.74367,0
5.02367,1.47723,2.74926,0
5.02376,1.46053,2.74685,0
5.02384,1.4462,2.74877,0
5.02393,1.43327,2.75328,0
5.02402,1.41804,2.75329,0
5.0241,1.40192,2.75143,0
5.02419,1.3899,2.75752,0
5.02428,1.3725,2.75282,0
5.02437,1.35252,2.74264,0
5.02445,1.34098,2.74941,0
5.02454,1.33027,2.75794,0
5.02463,1.31478,2.7565,0
5.02472,1.30146,2.75949,0
5.0248,1.28856,2.76333,0
5.02489,1.27105,2.75712,0
5.02498,1.25362,2.75081,0
5.02506,1.23914,2.75079,0
5.02515,1.22346,2.74794,0
5.02524,1.21388,2.75875,0
5.02533,1.19864,2.75668,0
5.02541,1.18265,2.7527,0
5.0255,1.17024,2.75691,0
5.02559,1.15588,2.75646,0
5.02568,1.14231,2.75778,0
5.02576,1.12837,2.75811,0
5.02585,1.11633,2.76301,0
5.02594,1.1013,2.76042,0
5.02602,1.08631,2.75776,0
5.02611,1.07245,2.75781,0
5.0262,1.06149,2.76526,0
5.02629,1.04232,2.75117,0
5.02637,1.03066,2.75663,0
5.02646,1.01828,2.76016,0
5.02655,1.00451,2.75988,0
5.02664,0.991786,2.76235,0
5.02672,0.97772,2.761,0
5.02681,0.965664,2.76524,0
5.0269,0.950659,2.76091,0
5.02698,0.935389,2.75557,0
5.02707,0.923357,2.75962,0
5.02716,0.913499,2.77027,0
5.02725,0.899858,2.76948,0
5.02733,0.883802,2.761,0
5.02742,0.867837,2.75243,0
5.02751,0.858784,2.76574,0
5.0276,0.841446,2.75225,0
5.02768,0.820495,2.72621,0
5.02777,0.696122,2.35007,0
5.02786,0.700692,2.40396,0
5.02794,0.670901,2.33971,0
5.02803,0.661229,2.34454,0
5.02812,0.649657,2.34259,0
5.02821,0.640218,2.34829,0
5.02829,0.628672,2.34623,0
5.02838,0.620974,2.35862,0
5.02847,0.59966,2.31871,0
5.02856,0.578953,2.27963,0
5.02864,0.565855,2.26952,0
5.02873,0.558087,2.28071,0
5.02882,0.545328,2.27146,0
5.0289,0.535183,2.27284,0
5.02899,0.525261,2.27515,0
5.02908,0.513122,2.26767,0
5.02917,0.501491,2.26208,0
5.02925,0.493313,2.27206,0
5.02934,0.483395,2.27419,0
5.02943,0.470616,2.26257,0
5.02951,0.461537,2.26853,0
5.0296,0.447927,2.25188,0
5.02969,0.439624,2.26167,0
5.02978,0.430871,2.26946,0
5.02986,0.420964,2.27132,0
5.02995,0.40927,2.26329,0
5.03004,0.399044,2.26309,0
5.03013,0.389843,2.26875,0
5.03021,0.379114,2.2655,0
5.0303,0.368904,2.26516,0
5.03039,0.359017,2.26674,0
5.03047,0.34958,2.27125,0
5.03056,0.338336,2.26386,0
5.03065,0.329029,2.26927,0
5.03074,0.319124,2.27068,0
5.03082,0.307325,2.25818,0
5.03091,0.2976,2.26049,0
5.031,0.288239,2.26574,0
5.03109,0.279568,2.2769,0
5.03117,0.268926,2.27214,0
5.03126,0.259009,2.27329,0
5.03135,0.248761,2.27142,0
5.03143,0.240625,2.28939,0
5.03152,0.23444,2.32823,0
5.03161,0.224183,2.32823,0
5.0317,0.213931,2.32819,0
5.03178,0.204206,2.33408,0
5.03187,0.193357,2.32698,0
5.03196,0.182653,2.32082,0
5.03205,0.172451,2.3206,0
5.03213,0.164067,2.34627,0
5.03222,0.15324,2.33798,0
5.03231,0.142548,2.33064,0
5.03239,0.133001,2.34223,0
5.03248,0.122833,2.34378,0
5.03257,0.112413,2.3403,0
5.03266,0.101939,2.33478,0
5.03274,0.0920644,2.34319,0
5.03283,0.0819441,2.34657,0
5.03292,0.0715518,2.34191,0
5.03301,0.0611756,2.3362,0
5.03309,0.0509597,2.33544,0
5.03318,0.0407864,2.33664,0
5.03327,0.0306559,2.3418,0
5.03335,0.0204638,2.34491,0
5.03344,0.0102233,2.34298,0
5.03353,8.48073e-08,2.331,0
5.03362,-0.010149,2.32598,0
5.0337,-0.0203589,2.33291,0
5.03379,-0.0304987,2.3298,0
5.03388,-0.0404197,2.31565,0
5.03397,-0.0505232,2.31545,0
5.03405,-0.060809,2.3222,0
5.03414,-0.0710325,2.32492,0
5.03423,-0.0810365,2.32059,0
5.03431,-0.0917108,2.3342,0
5.0344,-0.101459,2.32379,0
5.03449,-0.111405,2.31933,0
5.03458,-0.120216,2.29385,0
5.03466,-0.126141,2.22142,0
5.03475,-0.128507,2.10107,0
5.03484,-0.134338,2.0496,0
5.03493,-0.143768,2.05598,0
5.03501,-0.151181,2.03439,0
5.0351,-0.160449,2.0387,0
5.03519,-0.169426,2.03897,0
5.03527,-0.178146,2.03622,0
5.03536,-0.186938,2.03443,0
5.03545,-0.196292,2.03857,0
5.03554,-0.204183,2.02775,0
5.03562,-0.214074,2.03678,0
5.03571,-0.223395,2.0398,0
5.0358,-0.233085,2.04576,0
5.03589,-0.241774,2.04274,0
5.03597,-0.24971,2.03373,0
5.03606,-0.258834,2.0346,0
5.03615,-0.268101,2.03643,0
5.03623,-0.276984,2.03524,0
5.03632,-0.287253,2.04391,0
5.03641,-0.295451,2.03769,0
5.0365,-0.304044,2.03441,0
5.03658,-0.312766,2.03207,0
5.03667,-0.322724,2.0376,0
5.03676,-0.331451,2.03519,0
5.03685,-0.341483,2.04062,0
5.03693,-0.350892,2.04207,0
5.03702,-0.358931,2.0356,0
5.03711,-0.368877,2.03992,0
5.03719,-0.37905,2.04517,0
5.03728,-0.388343,2.04546,0
5.03737,-0.396692,2.0408,0
5.03746,-0.406958,2.04592,0
5.03754,-0.415682,2.04314,0
5.03763,-0.425611,2.04621,0
5.03772,-0.432456,2.03455,0
5.03781,-0.4443,2.04632,0
5.03789,-0.453874,2.04729,0
5.03798,-0.462361,2.04334,0
5.03807,-0.471947,2.04423,0
5.03815,-0.481779,2.04604,0
5.03824,-0.491636,2.04781,0
5.03833,-0.499853,2.04273,0
5.03842,-0.508036,2.03762,0
5.0385,-0.52086,2.05089,0
5.03859,-0.528302,2.04279,0
5.03868,-0.536446,2.03757,0
5.03877,-0.546108,2.0381,0
5.03885,-0.559993,2.05403,0
5.03894,-0.56708,2.04482,0
5.03903,-0.577082,2.04618,0
5.03911,-0.586005,2.04364,0
5.0392,-0.596875,2.04779,0
5.03929,-0.308725,1.04224,0
5.03938,-0.307217,1.02077,0
5.03946,-0.310499,1.0156,0
5.03955,-0.311665,1.00373,0
5.03964,-0.308825,0.979467,0
5.03973,-0.306084,0.956205,0
5.03981,-0.309326,0.952008,0
5.0399,-0.305961,0.927856,0
5.03999,-0.308737,0.922719,0
5.04007,-0.305046,0.898637,0
5.04016,-0.309941,0.900134,0
5.04025,-0.303645,0.869506,0
5.04034,-0.301428,0.851205,0
5.04042,-0.306153,0.852705,0
5.04051,-0.290375,0.797799,0
5.0406,-0.282431,0.765564,0
5.04069,-0.284719,0.761515,0
5.04077,-0.285204,0.752784,0
5.04086,-0.283469,0.738462,0
5.04095,-0.281614,0.72417,0
5.04103,-0.285871,0.725726,0
5.04112,-0.281994,0.706824,0
5.04121,-0.282453,0.699097,0
5.0413,-0.281715,0.688602,0
5.04138,-0.282803,0.682747,0
5.04147,-0.286166,0.682429,0
5.04156,-0.282499,0.665525,0
5.04165,-0.281847,0.656017,0
5.04173,-0.278726,0.641025,0
5.04182,-0.275479,0.626073,0
5.04191,-0.280648,0.630346,0
5.04199,-0.28586,0.634586,0
5.04208,-0.284065,0.623324,0
5.04217,-0.278827,0.604823,0
5.04226,-0.280618,0.601788,0
5.04234,-0.290067,0.61503,0
5.04243,-0.297053,0.622784,0
5.04252,-0.310194,0.643099,0
5.0426,-0.307298,0.630055,0
5.04269,-0.302525,0.613461,0
5.04278,-0.308323,0.6184,0
5.04287,-0.310568,0.616156,0
5.04295,-0.301904,0.592519,0
5.04304,-0.304028,0.590307,0
5.04313,-0.304292,0.58454,0
5.04322,-0.31103,0.591172,0
5.0433,-0.310321,0.583628,0
5.04339,-0.304818,0.567294,0
5.04348,-0.30395,0.559807,0
5.04356,-0.299175,0.545324,0
5.04365,-0.296703,0.535267,0
5.04374,-0.29415,0.525243,0
5.04383,-0.266894,0.471733,0
5.04391,-0.22826,0.399371,0
5.044,-0.2215,0.383649,0
5.04409,-0.218134,0.374041,0
5.04418,-0.219764,0.373085,0
5.04426,-0.2173,0.365248,0
5.04435,-0.216831,0.360867,0
5.04444,-0.216847,0.357353,0
5.04452,-0.221017,0.360667,0
5.04461,-0.217326,0.351195,0
5.0447,-0.220446,0.352788,0
5.04479,-0.213979,0.339137,0
5.04487,-0.220293,0.345791,0
5.04496,-0.219095,0.340621,0
5.04505,-0.216766,0.333791,0
5.04514,-0.219317,0.334514,0
5.04522,-0.226846,0.342727,0
5.04531,-0.22445,0.335914,0
5.0454,-0.229828,0.340734,0
5.04548,-0.225685,0.331463,0
5.04557,-0.232227,0.337892,0
5.04566,-0.234269,0.337697,0
5.04575,-0.240902,0.344044,0
5.04583,-0.242978,0.343806,0
5.04592,-0.242153,0.339486,0
5.04601,-0.240127,0.333557,0
5.0461,-0.244519,0.336551,0
5.04618,-0.246576,0.336287,0
5.04627,-0.249826,0.33762,0
5.04636,-0.265656,0.355757,0
5.04644,-0.259984,0.345011,0
5.04653,-0.252408,0.331933,0
5.04662,-0.257506,0.335588,0
5.04671,-0.262641,0.339206,0
5.04679,-0.258578,0.330965,0
5.04688,-0.258162,0.327477,0
5.04697,-0.260834,0.327913,0
5.04706,-0.26101,0.325212,0
5.04714,-0.260539,0.321738,0
5.04723,-0.262573,0.321373,0
5.04732,-0.2627,0.318681,0
5.0474,-0.263449,0.316763,0
5.04749,-0.273185,0.325569,0
5.04758,-0.277187,0.327427,0
5.04767,-0.274067,0.320891,0
5.04775,-0.276117,0.32045,0
5.04784,-0.274889,0.316223,0
5.04793,-0.275607,0.314269,0
5.04802,-0.284264,0.321302,0
5.0481,-0.281002,0.314836,0
5.04819,-0.275013,0.305433,0
5.04828,-0.281722,0.310151,0
5.04836,-0.276992,0.302284,0
5.04845,-0.0936745,0.101337,0
5.04854,-0.353275,0.378841,0
5.04863,-0.350128,0.372198,0
5.04871,-0.340047,0.358335,0
5.0488,-0.331235,0.346012,0
5.04889,-0.227153,0.235224,0
5.04898,-0.106762,0.109594,0
5.04906,-0.0574746,0.0584865,0
5.04915,-0.0830737,0.0838019,0
