7200
1659
1.43117
1.44688,-0.0431335,-0.0431335,0
1.44697,-0.0718095,-0.0724389,0
1.44705,-0.107239,-0.109127,0
1.44714,-0.0851304,-0.0873888,0
1.44723,-0.102809,-0.106462,0
1.44731,-0.117557,-0.122802,0
1.4474,-0.135606,-0.142899,0
1.44749,-0.141833,-0.150773,0
1.44758,-0.147994,-0.158704,0
1.44766,-0.150015,-0.162285,0
1.44775,-0.166871,-0.182107,0
1.44784,-0.171454,-0.188756,0
1.44793,-0.163268,-0.181327,0
1.44801,-0.161143,-0.180546,0
1.4481,-0.182883,-0.206712,0
1.44819,-0.129232,-0.147361,0
1.44827,-0.353616,-0.406788,0
1.44836,-0.278076,-0.322723,0
1.44845,-0.28251,-0.330777,0
1.44854,-0.281064,-0.332006,0
1.44862,-0.288612,-0.343954,0
1.44871,-0.29606,-0.355974,0
1.4488,-0.297049,-0.360349,0
1.44889,-0.29231,-0.357769,0
1.44897,-0.297039,-0.366813,0
1.44906,-0.284795,-0.354847,0
1.44915,-0.286979,-0.360782,0
1.44923,-0.297165,-0.376952,0
1.44932,-0.299211,-0.382973,0
1.44941,-0.302435,-0.390601,0
1.4495,-0.299511,-0.39033,0
1.44958,-0.301436,-0.396409,0
1.44967,-0.296695,-0.393727,0
1.44976,-0.306941,-0.411043,0
1.44985,-0.301575,-0.407555,0
1.44993,-0.301568,-0.411287,0
1.45002,-0.298595,-0.410981,0
1.45011,-0.30381,-0.422018,0
1.45019,-0.302546,-0.424154,0
1.45028,-0.307041,-0.434453,0
1.45037,-0.302848,-0.432512,0
1.45046,-0.302668,-0.436295,0
1.45054,-0.298496,-0.434315,0
1.45063,-0.299975,-0.440572,0
1.45072,-0.307556,-0.455971,0
1.4508,-0.30223,-0.45232,0
1.45089,-0.300806,-0.454468,0
1.45098,-0.302658,-0.46163,0
1.45107,-0.289748,-0.446173,0
1.45115,-0.298618,-0.464254,0
1.45124,-0.301962,-0.473986,0
1.45133,-0.303627,-0.481219,0
1.45142,-0.298874,-0.478299,0
1.4515,-0.304152,-0.491504,0
1.45159,-0.302004,-0.492826,0
1.45168,-0.299851,-0.494139,0
1.45176,-0.301812,-0.5023,0
1.45185,-0.298084,-0.501034,0
1.45194,-0.29691,-0.504053,0
1.45203,-0.296219,-0.507935,0
1.45211,-0.2935,-0.508357,0
1.4522,-0.305173,-0.533942,0
1.45229,-0.294469,-0.520473,0
1.45238,-0.29757,-0.53135,0
1.45246,-0.300097,-0.54139,0
1.45255,-0.300137,-0.547077,0
1.45264,-0.29393,-0.541351,0
1.45272,-0.288725,-0.537343,0
1.45281,-0.284969,-0.535949,0
1.4529,-0.281697,-0.535418,0
1.45299,-0.284437,-0.546399,0
1.45307,-0.285713,-0.554747,0
1.45316,-0.28102,-0.551533,0
1.45325,-0.286263,-0.567935,0
1.45334,-0.283336,-0.568283,0
1.45342,-0.28793,-0.583864,0
1.45351,-0.288448,-0.591406,0
1.4536,-0.289341,-0.599865,0
1.45368,-0.281554,-0.590291,0
1.45377,-0.285801,-0.605985,0
1.45386,-0.286113,-0.61357,0
1.45395,-0.278827,-0.604823,0
1.45403,-0.281577,-0.617864,0
1.45412,-0.2797,-0.62091,0
1.45421,-0.279021,-0.626692,0
1.4543,-0.283534,-0.644379,0
1.45438,-0.279124,-0.641942,0
1.45447,-0.27711,-0.644991,0
1.45456,-0.26726,-0.629625,0
1.45464,-0.263737,-0.628941,0
1.45473,-0.254867,-0.615304,0
1.45482,-0.254452,-0.621963,0
1.45491,-0.246866,-0.611014,0
1.45499,-0.250497,-0.627875,0
1.45508,-0.245922,-0.62431,0
1.45517,-0.247183,-0.635629,0
1.45526,-0.240823,-0.627366,0
1.45534,-0.236312,-0.623735,0
1.45543,-0.237791,-0.636,0
1.45552,-0.236398,-0.640785,0
1.4556,-0.228469,-0.627715,0
1.45569,-0.224377,-0.624941,0
1.45578,-0.223317,-0.630627,0
1.45587,-0.217266,-0.622155,0
1.45595,-0.215201,-0.624988,0
1.45604,-0.218257,-0.642966,0
1.45613,-0.209421,-0.625894,0
1.45622,-0.205435,-0.623003,0
1.4563,-0.206732,-0.636257,0
1.45639,-0.194199,-0.606676,0
1.45648,-0.201473,-0.63899,0
1.45656,-0.201352,-0.648459,0
1.45665,-0.197936,-0.647418,0
1.45674,-0.194821,-0.647318,0
1.45683,-0.19313,-0.651997,0
1.45691,-0.194201,-0.666275,0
1.457,-0.187158,-0.652697,0
1.45709,-0.184851,-0.655432,0
1.45718,-0.187334,-0.675505,0
1.45726,-0.191224,-0.7014,0
1.45735,-0.215079,-0.802684,0
1.45744,-0.319525,-1.21364,0
1.45752,-0.305213,-1.18017,0
1.45761,-0.314092,-1.23674,0
1.4577,-0.320305,-1.28467,0
1.45779,-0.313745,-1.28217,0
1.45787,-0.314684,-1.31075,0
1.45796,-0.310796,-1.3199,0
1.45805,-0.295361,-1.27935,0
1.45814,-0.177882,-0.786126,0
1.45822,-0.169472,-0.76444,0
1.45831,-0.168893,-0.777876,0
1.4584,-0.164666,-0.774693,0
1.45848,-0.160877,-0.773446,0
1.45857,-0.153115,-0.752582,0
1.45875,-0.145396,-0.748,0
1.45883,-0.140453,-0.739785,0
1.45892,-0.144331,-0.778738,0
1.45901,-0.130611,-0.722286,0
1.4591,-0.123638,-0.701183,0
1.45918,-0.121762,-0.708615,0
1.45927,-0.123126,-0.735769,0
1.45936,-0.108501,-0.666223,0
1.45944,-0.112007,-0.707185,0
1.45953,-0.101923,-0.662202,0
1.45962,-0.101545,-0.679454,0
1.45971,-0.0984359,-0.678901,0
1.45979,-0.0997871,-0.710022,0
1.45988,-0.0923729,-0.678743,0
1.45997,-0.0901936,-0.685088,0
1.46006,-0.0872035,-0.685475,0
1.46014,-0.0849429,-0.691805,0
1.46023,-0.0792202,-0.669328,0
1.46032,-0.0748273,-0.656751,0
1.4604,-0.0718521,-0.656077,0
1.46049,-0.0664801,-0.632516,0
1.46058,-0.0663245,-0.658669,0
1.46067,-0.0610538,-0.634067,0
1.46075,-0.0600251,-0.653248,0
1.46084,-0.054821,-0.626606,0
1.46093,-0.0502646,-0.604915,0
1.46102,-0.0488016,-0.620083,0
1.4611,-0.0479482,-0.645221,0
1.46119,-0.0436676,-0.624475,0
1.46128,-0.0431661,-0.658587,0
1.46136,-0.0381553,-0.623834,0
1.46145,-0.0342991,-0.604027,0
1.46154,-0.0326576,-0.623145,0
1.46163,-0.0284031,-0.591318,0
1.46171,-0.0267387,-0.612417,0
1.4618,-0.0239092,-0.608531,0
1.46189,-0.021882,-0.626618,0
1.46198,-0.019056,-0.623709,0
1.46206,-0.0162297,-0.619788,0
1.46215,-0.0138088,-0.632849,0
1.46224,-0.0105238,-0.602908,0
1.46232,-0.00819409,-0.625946,0
1.46241,-0.00533192,-0.610977,0
1.4625,-0.00267035,-0.611994,0
1.46259,-7.69766e-09,-0.639,0
1.46267,0.00276633,-0.633994,0
1.46276,0.00554134,-0.634976,0
1.46285,0.00827262,-0.631946,0
1.46293,0.0108554,-0.621905,0
1.46302,0.0133071,-0.609855,0
1.46311,0.0162297,-0.619788,0
1.4632,0.0189339,-0.619711,0
1.46328,0.0214981,-0.615625,0
1.46337,0.0241055,-0.613527,0
1.46346,0.0272185,-0.623406,0
1.46355,0.0299863,-0.62428,0
1.46363,0.0330763,-0.631134,0
1.46372,0.0368503,-0.648955,0
1.46381,0.0391932,-0.640803,0
1.46389,0.0419888,-0.640625,0
1.46398,0.0442256,-0.632456,0
1.46407,0.0476518,-0.641232,0
1.46416,0.0513907,-0.652981,0
1.46424,0.0543222,-0.653747,0
1.46433,0.0585686,-0.669443,0
1.46442,0.202859,-2.2077,0
1.46451,0.21479,-2.23068,0
1.46459,0.227828,-2.26256,0
1.46468,0.239579,-2.27944,0
1.46477,0.25464,-2.3251,0
1.46485,0.264669,-2.32297,0
1.46494,0.275508,-2.32775,0
1.46503,0.285052,-2.32157,0
1.46512,0.295306,-2.32129,0
1.4652,0.303343,-2.30412,0
1.46529,0.31245,-2.29584,0
1.46538,0.547646,-3.8967,0
1.46547,0.565648,-3.90121,0
1.46555,0.584143,-3.90859,0
1.46564,0.601344,-3.90699,0
1.46573,0.617447,-3.89841,0
1.46581,0.636058,-3.90554,0
1.4659,0.652598,-3.89977,0
1.46599,0.670963,-3.90477,0
1.46608,0.688341,-3.90378,0
1.46616,0.705724,-3.90271,0
1.46625,0.722564,-3.89861,0
1.46634,0.739941,-3.89738,0
1.46643,0.758657,-3.90295,0
1.46651,0.775094,-3.89666,0
1.4666,0.79169,-3.89128,0
1.46669,0.810291,-3.89562,0
1.46677,0.829152,-3.90085,0
1.46686,0.847862,-3.90502,0
1.46695,0.865542,-3.90421,0
1.46704,0.881465,-3.89552,0
1.46712,0.901829,-3.90625,0
1.46721,0.916572,-3.89254,0
1.4673,0.935882,-3.89823,0
1.46739,0.951694,-3.88925,0
1.46747,0.971316,-3.89574,0
1.46756,0.990521,-3.90019,0
1.46765,1.00703,-3.89389,0
1.46773,1.02605,-3.8972,0
1.46782,1.04201,-3.88882,0
1.46791,1.06107,-3.89195,0
1.468,1.07751,-3.88536,0
1.46808,1.09852,-3.89506,0
1.46817,1.11357,-3.8835,0
1.46826,1.13471,-3.893,0
1.46835,1.15481,-3.89856,0
1.46843,1.17267,-3.89636,0
1.46852,1.18995,-3.89216,0
1.46861,1.20811,-3.89075,0
1.46869,1.22808,-3.89498,0
1.46878,1.24629,-3.89339,0
1.46887,1.26233,-3.88507,0
1.46896,1.28178,-3.88712,0
1.46904,1.30095,-3.88813,0
1.46913,1.32144,-3.89283,0
1.46922,1.33971,-3.89081,0
1.46931,1.35734,-3.88681,0
1.46939,1.37829,-3.89217,0
1.46948,1.3956,-3.88706,0
1.46957,1.41665,-3.89221,0
1.46965,1.42981,-3.87567,0
1.46974,1.45406,-3.88906,0
1.46983,1.47491,-3.89297,0
1.46992,1.49332,-3.89023,0
1.47,1.51064,-3.88461,0
1.47009,1.53161,-3.88822,0
1.47018,1.54597,-3.87499,0
1.47027,1.5696,-3.8849,0
1.47035,1.58843,-3.88264,0
1.47044,1.60842,-3.88307,0
1.47053,1.62883,-3.88431,0
1.47061,1.65045,-3.88821,0
1.4707,1.66937,-3.88557,0
1.47079,1.6903,-3.88742,0
1.47088,1.71087,-3.88824,0
1.47096,1.72863,-3.88257,0
1.47105,1.75007,-3.88502,0
1.47114,1.76825,-3.88007,0
1.47123,1.79144,-3.88594,0
1.47131,1.805,-3.87084,0
1.4714,1.83041,-3.88102,0
1.47149,1.85292,-3.88473,0
1.47157,1.87246,-3.88201,0
1.47166,1.89289,-3.88099,0
1.47175,1.89742,-3.84758,0
1.47184,1.89143,-3.79363,0
1.47192,1.89176,-3.75319,0
1.47201,1.88996,-3.70926,0
1.4721,1.88965,-3.66897,0
1.47219,1.8867,-3.62433,0
1.47227,1.88574,-3.5842,0
1.47236,1.88587,-3.5468,0
1.47245,1.88381,-3.50595,0
1.47253,1.88478,-3.47133,0
1.47262,1.88307,-3.43239,0
1.47271,1.88058,-3.39265,0
1.4728,1.88021,-3.35736,0
1.47288,1.87564,-3.31518,0
1.47297,1.87272,-3.27658,0
1.47306,1.8765,-3.25019,0
1.47315,1.87757,-3.21951,0
1.47323,1.87738,-3.18717,0
1.47332,1.87389,-3.14972,0
1.47341,1.87371,-3.11837,0
1.47349,1.40328,-2.31254,0
1.47358,1.41963,-2.31662,0
1.47367,1.41499,-2.2866,0
1.47376,1.43343,-2.29397,0
1.47384,1.43702,-2.27755,0
1.47393,1.45716,-2.28728,0
1.47402,1.46712,-2.2809,0
1.47411,1.48087,-2.28035,0
1.47419,1.49465,-2.27972,0
1.47428,1.51838,-2.29402,0
1.47437,1.65615,-2.47861,0
1.47445,1.65074,-2.44732,0
1.47454,1.6811,-2.46902,0
1.47463,1.88896,-2.74846,0
1.47472,1.8941,-2.73033,0
1.4748,1.90255,-2.71713,0
1.47489,1.84398,-2.60917,0
1.47498,1.84722,-2.5897,0
1.47507,1.86084,-2.58486,0
1.47515,1.87445,-2.57996,0
1.47524,1.88805,-2.57498,0
1.47533,1.90462,-2.57395,0
1.47541,1.9272,-2.58084,0
1.4755,1.94266,-2.578,0
1.47559,1.95389,-2.56949,0
1.47568,1.96934,-2.5665,0
1.47576,1.99644,-2.57844,0
1.47585,2.01444,-2.57837,0
1.47594,2.02072,-2.56327,0
1.47602,2.04621,-2.57243,0
1.47611,2.06179,-2.56894,0
1.4762,2.07802,-2.56614,0
1.47629,2.10438,-2.57563,0
1.47637,2.12832,-2.58186,0
1.47646,2.14468,-2.5787,0
1.47655,2.16041,-2.57468,0
1.47664,2.18325,-2.57896,0
1.47672,2.19903,-2.57473,0
1.47681,2.21024,-2.56511,0
1.4769,2.22798,-2.56299,0
1.47698,2.24903,-2.56453,0
1.47707,2.28008,-2.57716,0
1.47716,2.29996,-2.57688,0
1.47725,2.31385,-2.56979,0
1.47733,2.3116,-2.54487,0
1.47742,2.30106,-2.51117,0
1.47751,2.29503,-2.48274,0
1.4776,2.29697,-2.4632,0
1.47768,2.29262,-2.43713,0
1.47777,2.19241,-2.31032,0
1.47786,2.05241,-2.14398,0
1.47794,2.03813,-2.11054,0
1.47803,2.02848,-2.08229,0
1.47812,2.02913,-2.06486,0
1.47821,2.03179,-2.04959,0
1.47829,2.0294,-2.0294,0
1.47838,2.03184,-2.01419,0
1.47847,2.03276,-1.99759,0
1.47856,2.03286,-1.98033,0
1.47864,2.0271,-1.95755,0
1.47873,2.0284,-1.94177,0
1.47882,2.02597,-1.92257,0
1.4789,2.02706,-1.90686,0
1.47899,2.02292,-1.88641,0
1.47908,2.026,-1.87281,0
1.47917,2.0194,-1.85044,0
1.47925,2.01857,-1.83354,0
1.47934,2.0221,-1.8207,0
1.47943,2.0248,-1.8072,0
1.47952,2.02742,-1.79371,0
1.4796,2.02245,-1.77364,0
1.47969,2.02715,-1.76217,0
1.47978,2.02724,-1.74679,0
1.47986,2.02496,-1.72948,0
1.47995,2.02486,-1.71417,0
1.48004,2.02466,-1.69889,0
1.48013,2.02129,-1.68109,0
1.48021,2.02011,-1.66525,0
1.4803,2.01962,-1.6501,0
1.48039,2.01669,-1.63309,0
1.48048,2.0121,-1.61488,0
1.48056,2.01835,-1.60547,0
1.48065,2.01905,-1.59169,0
1.48074,2.01888,-1.57732,0
1.48082,2.00914,-1.55564,0
1.48091,2.01591,-1.54686,0
1.481,2.01707,-1.53381,0
1.48109,2.01176,-1.51597,0
1.48117,2.01435,-1.50419,0
1.48126,2.01607,-1.49182,0
1.48135,2.00885,-1.47295,0
1.48144,2.01283,-1.46241,0
1.48152,2.01433,-1.45011,0
1.48161,2.01494,-1.43724,0
1.4817,2.0122,-1.42209,0
1.48178,2.00528,-1.40412,0
1.48187,2.01139,-1.39535,0
1.48196,2.01169,-1.3826,0
1.48205,2.0144,-1.37156,0
1.48213,2.00959,-1.35548,0
1.48222,2.00384,-1.33892,0
1.48231,2.01133,-1.33127,0
1.4824,2.00541,-1.31481,0
1.48248,1.99939,-1.29842,0
1.48257,2.00335,-1.2886,0
1.48266,2.01149,-1.28146,0
1.48274,2.01368,-1.27054,0
1.48283,2.01242,-1.2575,0
1.48292,2.00513,-1.24081,0
1.48301,2.00967,-1.23153,0
1.48309,2.01588,-1.22327,0
1.48318,2.00834,-1.20673,0
1.48327,2.01101,-1.19643,0
1.48336,2.01104,-1.18459,0
1.48344,2.00496,-1.16926,0
1.48353,2.01611,-1.164,0
1.48362,2.00554,-1.14626,0
1.4837,2.00704,-1.13553,0
1.48379,2.01198,-1.12676,0
1.48388,2.0125,-1.11555,0
1.48397,2.01121,-1.10339,0
1.48405,2.01776,-1.09556,0
1.48414,2.01724,-1.0839,0
1.48423,2.014,-1.07086,0
1.48432,2.01512,-1.0602,0
1.4844,2.00464,-1.04355,0
1.48449,2.01451,-1.03754,0
1.48458,2.00744,-1.02284,0
1.48466,2.00742,-1.01182,0
1.48475,1.99481,-0.994575,0
1.48484,2.00361,-0.988073,0
1.48493,2.0115,-0.981075,0
1.48501,2.01126,-0.970116,0
1.4851,2.00825,-0.957887,0
1.48519,2.01241,-0.949115,0
1.48528,2.0111,-0.93779,0
1.48536,2.01971,-0.931099,0
1.48545,2.02557,-0.923107,0
1.48554,2.00952,-0.905224,0
1.48562,2.01071,-0.895227,0
1.48571,2.00728,-0.883224,0
1.4858,2.00378,-0.871267,0
1.48589,2.01032,-0.8637,0
1.48597,2.00854,-0.852575,0
1.48606,2.00118,-0.839163,0
1.48615,2.00112,-0.828892,0
1.48624,2.0038,-0.819774,0
1.48632,2.01013,-0.812147,0
1.48641,2.00809,-0.801145,0
1.4865,2.00505,-0.78981,0
1.48658,2.00102,-0.778155,0
1.48667,2.0044,-0.769416,0
1.48676,2.00587,-0.759954,0
1.48685,2.00354,-0.749094,0
1.48693,1.99647,-0.736537,0
1.48702,2.00249,-0.728845,0
1.48711,2.00282,-0.719087,0
1.4872,2.00311,-0.70934,0
1.48728,2.00336,-0.699604,0
1.48737,2.0045,-0.690205,0
1.48746,1.99518,-0.677273,0
1.48754,1.99907,-0.668878,0
1.48763,1.99437,-0.657644,0
1.48772,1.99437,-0.648009,0
1.48781,1.99336,-0.638081,0
1.48789,2.00281,-0.631482,0
1.48798,1.9979,-0.620365,0
1.48807,1.99963,-0.611349,0
1.48815,1.99749,-0.601177,0
1.48824,1.99147,-0.5899,0
1.48833,2.00458,-0.584283,0
1.48842,2.00423,-0.574704,0
1.4885,2.00094,-0.564325,0
1.48859,1.99086,-0.552115,0
1.48868,1.99518,-0.543949,0
1.48877,1.98594,-0.532132,0
1.48885,1.99985,-0.526517,0
1.48894,1.99245,-0.515282,0
1.48903,1.99662,-0.507076,0
1.48911,1.99202,-0.496666,0
1.4892,1.99999,-0.489395,0
1.48929,1.98655,-0.476929,0
1.48938,1.99835,-0.470548,0
1.48946,1.98966,-0.45935,0
1.48955,1.9897,-0.450223,0
1.48964,2.00336,-0.444134,0
1.48973,1.99551,-0.433267,0
1.48981,1.99836,-0.424764,0
1.4899,1.99138,-0.414207,0
1.48999,1.98631,-0.404119,0
1.49007,1.97628,-0.393107,0
1.49016,1.98191,-0.385243,0
1.49025,1.99536,-0.37883,0
1.49034,1.99896,-0.370485,0
1.49042,1.99465,-0.360692,0
1.49051,1.98931,-0.350769,0
1.4906,1.97998,-0.340223,0
1.49069,1.98737,-0.332571,0
1.49077,1.98682,-0.323575,0
1.49086,1.99019,-0.315215,0
1.49095,1.99056,-0.306377,0
1.49103,1.9899,-0.297393,0
1.49112,1.9793,-0.286985,0
1.49121,1.98648,-0.279181,0
1.4913,1.98669,-0.270376,0
1.49138,1.98983,-0.261966,0
1.49147,1.985,-0.252524,0
1.49156,1.97914,-0.243008,0
1.49165,1.97025,-0.233194,0
1.49173,1.99211,-0.226973,0
1.49182,1.98314,-0.217189,0
1.49191,1.98805,-0.208952,0
1.49199,1.978,-0.199174,0
1.49208,1.98781,-0.191404,0
1.49217,1.98066,-0.181997,0
1.49226,1.98342,-0.173527,0
1.49234,1.98018,-0.16454,0
1.49243,1.98985,-0.156604,0
1.49252,1.98353,-0.147402,0
1.49261,1.98415,-0.138746,0
1.49269,1.98275,-0.129956,0
1.49278,1.98629,-0.121487,0
1.49287,1.97682,-0.112252,0
1.49295,1.97629,-0.103573,0
1.49304,1.98771,-0.0954765,0
1.49313,1.97612,-0.0862792,0
1.49322,1.97847,-0.0777345,0
1.4933,1.97779,-0.0690662,0
1.49339,1.98507,-0.0606495,0
1.49348,1.99432,-0.0522231,0
1.49357,1.98353,-0.0432808,0
1.49365,1.9847,-0.0346431,0
1.49374,1.97383,-0.0258389,0
1.49383,1.98192,-0.017296,0
1.49391,1.97998,-0.0086394,0
1.494,1.986,-4.80898e-08,0
1.49409,1.97298,0.00860876,0
1.49418,1.96393,0.0171389,0
1.49426,1.90484,0.0249356,0
1.49435,1.71474,0.0299308,0
1.49444,1.6726,0.0364963,0
1.49453,1.65743,0.0434013,0
1.49461,1.66322,0.050816,0
1.4947,1.65799,0.0578982,0
1.49479,1.64873,0.0647787,0
1.49487,1.65542,0.0722773,0
1.49496,1.6471,0.0791159,0
1.49505,1.65373,0.0866683,0
1.49514,1.64834,0.0935998,0
1.49522,1.6579,0.101402,0
1.49531,1.64946,0.108111,0
1.4954,1.65097,0.115447,0
1.49549,1.65843,0.123242,0
1.49557,1.6509,0.129928,0
1.49566,1.65629,0.137627,0
1.49575,1.65667,0.14494,0
1.49583,1.66299,0.152808,0
1.49592,1.64639,0.158529,0
1.49601,1.65364,0.166513,0
1.4961,1.64494,0.17289,0
1.49618,1.6551,0.181263,0
1.49627,1.64138,0.187012,0
1.49636,1.64651,0.194877,0
1.49645,1.65457,0.203156,0
1.49653,1.67054,0.212519,0
1.49662,1.6686,0.219676,0
1.49671,1.67555,0.228033,0
1.49679,1.69237,0.237847,0
1.49688,1.72496,0.250108,0
1.49697,1.69715,0.253641,0
1.49706,1.68021,0.25861,0
1.49714,1.69092,0.267816,0
1.49723,1.68579,0.274548,0
1.49732,1.69049,0.282892,0
1.49741,1.69023,0.290434,0
1.49749,1.68107,0.296417,0
1.49758,1.68665,0.304995,0
1.49767,1.68923,0.313081,0
1.49775,1.68785,0.320448,0
1.49784,1.68938,0.328382,0
1.49793,1.67812,0.333799,0
1.49802,1.68841,0.343511,0
1.4981,1.68983,0.351486,0
1.49819,1.68339,0.357816,0
1.49828,1.68768,0.366431,0
1.49837,1.68606,0.373791,0
1.49845,1.69612,0.383793,0
1.49854,1.69833,0.39209,0
1.49863,1.7443,0.410727,0
1.49871,1.87959,0.45125,0
1.4988,1.93588,0.473708,0
1.49889,1.93186,0.481666,0
1.49898,1.94428,0.493783,0
1.49906,1.94694,0.503514,0
1.49915,1.9515,0.513787,0
1.49924,1.94924,0.522297,0
1.49933,1.95755,0.53369,0
1.49941,1.96002,0.543563,0
1.4995,1.95282,0.550753,0
1.49959,1.95136,0.559544,0
1.49967,1.97578,0.575888,0
1.49976,1.96558,0.582231,0
1.49985,1.96877,0.592532,0
1.49994,1.96616,0.601116,0
1.50002,1.97212,0.612358,0
1.50011,1.97324,0.62216,0
1.5002,1.98194,0.634423,0
1.50029,1.97915,0.643064,0
1.50037,1.97347,0.650754,0
1.50046,1.97536,0.660946,0
1.50055,1.9734,0.66988,0
1.50063,1.97708,0.680763,0
1.50072,1.97409,0.689383,0
1.50081,1.97766,0.700327,0
1.5009,1.97647,0.709625,0
1.50098,1.96302,0.71448,0
1.50107,1.96645,0.725461,0
1.50116,1.97732,0.739288,0
1.50124,1.9722,0.7472,0
1.50133,1.97826,0.759382,0
1.50142,1.98145,0.770543,0
1.50151,1.97435,0.777716,0
1.50159,1.97744,0.788917,0
1.50168,1.97027,0.796039,0
1.50177,1.9677,0.805007,0
1.50186,1.97895,0.819708,0
1.50194,1.98458,0.832202,0
1.50203,1.98185,0.841244,0
1.50212,1.97356,0.84791,0
1.5022,1.9781,0.860102,0
1.50229,1.98256,0.872349,0
1.50238,1.97965,0.881398,0
1.50247,1.97305,0.888796,0
1.50255,1.96461,0.895323,0
1.50264,1.95705,0.902212,0
1.50273,1.97394,0.920462,0
1.50282,1.97081,0.929493,0
1.5029,1.96403,0.936792,0
1.50299,1.96893,0.949697,0
1.50308,1.96926,0.960471,0
1.50316,1.97043,0.971708,0
1.50325,1.96438,0.979404,0
1.50334,1.96634,0.991117,0
1.50343,1.97091,1.00423,0
1.50351,1.97451,1.01694,0
1.5036,1.97449,1.02785,0
1.50369,1.97441,1.03879,0
1.50378,1.96632,1.04551,0
1.50386,1.96351,1.05503,0
1.50395,1.96591,1.0674,0
1.50404,1.96124,1.07597,0
1.50412,1.95915,1.08597,0
1.50421,1.95875,1.09695,0
1.5043,1.96091,1.10943,0
1.50439,1.97428,1.1284,0
1.50447,1.96415,1.134,0
1.50456,1.96177,1.14407,0
1.50465,1.96624,1.1582,0
1.50474,1.96718,1.17035,0
1.50482,1.95863,1.17686,0
1.50491,1.96202,1.19058,0
1.505,1.96363,1.20331,0
1.50508,1.96006,1.21292,0
1.50517,1.96747,1.22941,0
1.50526,1.96209,1.23799,0
1.50535,1.95835,1.24761,0
1.50543,1.9613,1.26155,0
1.50552,1.96249,1.27446,0
1.50561,1.95942,1.28465,0
1.5057,1.9563,1.29484,0
1.50578,1.96144,1.31059,0
1.50587,1.96316,1.32417,0
1.50596,1.9615,1.33554,0
1.50604,1.96224,1.34861,0
1.50613,1.96291,1.36172,0
1.50622,1.95859,1.37142,0
1.50631,1.95912,1.38457,0
1.50639,1.96365,1.40066,0
1.50648,1.96239,1.41272,0
1.50657,1.96268,1.42597,0
1.50666,1.95966,1.43688,0
1.50674,1.96302,1.45256,0
1.50683,1.96948,1.47068,0
1.50692,1.96624,1.48167,0
1.507,1.96055,1.49084,0
1.50709,1.96276,1.50608,0
1.50718,1.95617,1.51463,0
1.50727,1.95348,1.52622,0
1.50735,1.94602,1.53411,0
1.50744,1.95339,1.5538,0
1.50753,1.95127,1.56606,0
1.50762,1.95918,1.58652,0
1.5077,1.94992,1.59315,0
1.50779,1.95684,1.61309,0
1.50788,1.95363,1.62481,0
1.50796,1.95112,1.63718,0
1.50805,1.95311,1.65343,0
1.50814,1.94816,1.66389,0
1.50823,1.95452,1.68412,0
1.50831,1.95319,1.69788,0
1.5084,1.94576,1.70639,0
1.50849,1.94654,1.72215,0
1.50858,1.94572,1.73662,0
1.50866,1.94927,1.75513,0
1.50875,1.94825,1.76967,0
1.50884,1.9501,1.78694,0
1.50892,1.94375,1.79679,0
1.50901,1.94686,1.81548,0
1.5091,1.94548,1.83012,0
1.50919,1.95126,1.85167,0
1.50927,1.94244,1.85948,0
1.50936,1.94941,1.88252,0
1.50945,1.94404,1.8938,0
1.50954,1.95645,1.92259,0
1.50962,1.94733,1.93041,0
1.50971,1.9502,1.9502,0
1.5098,1.94238,1.9594,0
1.50988,1.94432,1.97856,0
1.50997,1.94404,1.99562,0
1.51006,1.94504,2.01415,0
1.51015,1.95352,2.04068,0
1.51023,1.94598,2.05063,0
1.51032,1.94318,2.06566,0
1.51041,1.94847,2.08948,0
1.5105,1.95495,2.11485,0
1.51058,1.95178,2.12999,0
1.51067,1.95457,2.15181,0
1.51076,1.94851,2.16404,0
1.51084,1.94571,2.17998,0
1.51093,1.9428,2.19594,0
1.51102,1.94507,2.21793,0
1.51111,1.94128,2.23319,0
1.51119,1.94131,2.253,0
1.51128,1.9464,2.27894,0
1.51137,1.94871,2.30191,0
1.51146,1.947,2.32035,0
1.51154,1.94326,2.33651,0
1.51163,1.94704,2.36194,0
1.51172,1.93987,2.37429,0
1.5118,1.94082,2.39672,0
1.51189,1.9316,2.40672,0
1.51198,1.93913,2.43782,0
1.51207,1.93838,2.45883,0
1.51215,1.94303,2.48696,0
1.51224,1.94134,2.50728,0
1.51233,1.94865,2.53952,0
1.51242,1.94541,2.55835,0
1.5125,1.96432,2.60675,0
1.51259,1.96849,2.63612,0
1.51268,1.97481,2.6688,0
1.51276,1.98503,2.70723,0
1.51285,1.97966,2.72477,0
1.51294,1.97652,2.74555,0
1.51303,1.96742,2.75822,0
1.51311,1.95075,2.76025,0
1.5132,1.94098,2.77201,0
1.51329,1.94369,2.80182,0
1.51337,1.93994,2.82263,0
1.51346,1.93999,2.84925,0
1.51355,1.93872,2.87427,0
1.51364,1.94227,2.90682,0
1.51372,1.94392,2.93695,0
1.51381,1.9437,2.96463,0
1.5139,1.94817,2.99992,0
1.51399,1.93939,3.01512,0
1.51407,1.94341,3.05055,0
1.51416,1.94289,3.07929,0
1.51425,1.94427,3.11149,0
1.51433,1.94436,3.14205,0
1.51442,1.94631,3.17608,0
1.51451,1.93139,3.18284,0
1.5146,1.91697,3.19038,0
1.51468,1.89741,3.18926,0
1.51477,1.88398,3.19837,0
1.51486,1.86245,3.1936,0
1.51495,1.843,3.19217,0
1.51503,1.82062,3.18542,0
1.51512,1.80572,3.19159,0
1.51521,1.78347,3.18461,0
1.51529,1.76325,3.18099,0
1.51538,1.74695,3.18427,0
1.51547,1.73065,3.18747,0
1.51556,1.71152,3.1853,0
1.51564,1.69432,3.18656,0
1.51573,1.67994,3.19304,0
1.51582,1.6586,3.18614,0
1.51591,1.64102,3.18624,0
1.51599,1.62302,3.18535,0
1.51608,1.60145,3.17722,0
1.51617,1.58713,3.18328,0
1.51625,1.57101,3.18569,0
1.51634,1.55359,3.18533,0
1.51643,1.53316,3.17856,0
1.51652,1.51626,3.17891,0
1.5166,1.50323,3.1873,0
1.51669,1.48466,3.18386,0
1.51678,1.46824,3.18486,0
1.51687,1.45267,3.18759,0
1.51695,1.433,3.18114,0
1.51704,1.4187,3.18645,0
1.51713,1.40075,3.18345,0
1.51721,1.38406,3.18312,0
1.5173,1.36897,3.18637,0
1.51739,1.34998,3.18034,0
1.51748,1.3357,3.18528,0
1.51756,1.31414,3.1726,0
1.51765,1.30255,3.18386,0
1.51774,1.28602,3.18302,0
1.51783,1.26805,3.17839,0
1.51791,1.25087,3.17552,0
1.518,1.23845,3.18467,0
1.51809,1.22132,3.18164,0
1.51817,1.20176,3.17198,0
1.51826,1.19106,3.18562,0
1.51835,1.1723,3.17765,0
1.51844,1.15774,3.18086,0
1.51852,1.14317,3.184,0
1.51861,1.1276,3.18424,0
1.5187,1.11007,3.17875,0
1.51879,1.0913,3.16938,0
1.51887,1.07972,3.18074,0
1.51896,1.06138,3.17214,0
1.51905,1.04722,3.17579,0
1.51913,1.03119,3.17368,0
1.51922,1.01672,3.17624,0
1.51931,0.997141,3.16253,0
1.5194,0.988966,3.18499,0
1.51948,0.972428,3.18067,0
1.51957,0.955083,3.17339,0
1.51966,0.941511,3.17849,0
1.51975,0.923996,3.17008,0
1.51983,0.910706,3.17601,0
1.51992,0.894125,3.17033,0
1.52001,0.880283,3.1742,0
1.52009,0.858797,3.15003,0
1.52018,0.847115,3.16148,0
1.52027,0.830766,3.15547,0
1.52036,0.81724,3.16003,0
1.52044,0.800244,3.15097,0
1.52053,0.786004,3.15249,0
1.52062,0.768914,3.14229,0
1.52071,0.757997,3.15728,0
1.52079,0.742839,3.15472,0
1.52088,0.727267,3.15014,0
1.52097,0.712632,3.14938,0
1.52105,0.700615,3.16027,0
1.52114,0.685334,3.15646,0
1.52123,0.668228,3.14377,0
1.52132,0.655116,3.14959,0
1.5214,0.640968,3.15046,0
1.52149,0.627216,3.15322,0
1.52158,0.613069,3.15397,0
1.52167,0.597996,3.14974,0
1.52175,0.584794,3.15527,0
1.52184,0.569597,3.14991,0
1.52193,0.557237,3.16025,0
1.52201,0.541749,3.15279,0
1.5221,0.527987,3.15513,0
1.52219,0.513412,3.15247,0
1.52228,0.499652,3.15468,0
1.52236,0.484817,3.14991,0
1.52245,0.468999,3.13815,0
1.52254,0.45645,3.14808,0
1.52263,0.442431,3.14806,0
1.52271,0.428961,3.15194,0
1.5228,0.415073,3.15279,0
1.52289,0.401565,3.15656,0
1.52297,0.386326,3.14637,0
1.52306,0.372594,3.14803,0
1.52315,0.358062,3.14267,0
1.52324,0.344999,3.15016,0
1.52332,0.33031,3.14269,0
1.52341,0.317296,3.15107,0
1.5235,0.303352,3.15043,0
1.52359,0.289237,3.14774,0
1.52367,0.275325,3.14698,0
1.52376,0.261426,3.14616,0
1.52385,0.247931,3.15026,0
1.52393,0.233886,3.14732,0
1.52402,0.219524,3.13933,0
1.52411,0.205889,3.14126,0
1.5242,0.192425,3.14612,0
1.52428,0.178752,3.14793,0
1.52437,0.164806,3.14468,0
1.52446,0.151131,3.14637,0
1.52455,0.137576,3.151,0
1.52463,0.123669,3.14757,0
1.52472,0.109864,3.14608,0
1.52481,0.0961659,3.14753,0
1.52489,0.0824837,3.14992,0
1.52498,0.0685861,3.14325,0
1.52507,0.0548181,3.14052,0
1.52516,0.0411931,3.14673,0
1.52524,0.0274451,3.14488,0
1.52533,0.0137009,3.13997,0
1.52542,1.1435e-07,3.143,0
1.52551,-0.0137225,3.14497,0
1.52559,-0.0276543,3.16888,0
1.52568,-0.0413499,3.15873,0
1.52577,-0.0552717,3.16652,0
1.52585,-0.0691313,3.16825,0
1.52594,-0.0828761,3.16492,0
1.52603,-0.0967764,3.16752,0
1.52612,-0.110771,3.17207,0
1.5262,-0.124611,3.17155,0
1.52629,-0.137968,3.15999,0
1.52638,-0.151707,3.15836,0
1.52646,-0.165696,3.16166,0
1.52655,-0.179886,3.1679,0
1.52664,-0.19328,3.16009,0
1.52673,-0.207655,3.1682,0
1.52681,-0.221756,3.17126,0
1.5269,-0.235294,3.16627,0
1.52699,-0.248715,3.16023,0
1.52708,-0.26275,3.1621,0
1.52716,-0.275674,3.15096,0
1.52725,-0.289694,3.15272,0
1.52734,-0.305364,3.17133,0
1.52742,-0.318798,3.16599,0
1.52751,-0.331982,3.1586,0
1.5276,-0.346523,3.16408,0
1.52769,-0.360213,3.16155,0
1.52777,-0.374239,3.16193,0
1.52786,-0.38791,3.15927,0
1.52795,-0.402196,3.16152,0
1.52804,-0.417423,3.17064,0
1.52812,-0.430039,3.15987,0
1.52821,-0.44438,3.16193,0
1.5283,-0.458315,3.16095,0
1.52838,-0.471955,3.15793,0
1.52847,-0.486186,3.1588,0
1.52856,-0.500903,3.16258,0
1.52865,-0.515019,3.16234,0
1.52873,-0.529308,3.16302,0
1.52882,-0.542765,3.15871,0
1.52891,-0.556542,3.15631,0
1.529,-0.570487,3.15483,0
1.52908,-0.580967,3.13462,0
1.52917,-0.538681,2.83732,0
1.52926,-0.508697,2.61702,0
1.52934,-0.515624,2.59222,0
1.52943,-0.532312,2.6164,0
1.52952,-0.584452,2.80986,0
1.52961,-0.626022,2.9452,0
1.52969,-0.62847,2.89456,0
1.52978,-0.624212,2.81564,0
1.52987,-0.625236,2.76314,0
1.52996,-0.639086,2.76819,0
1.53004,-0.646345,2.74493,0
1.53013,-0.654814,2.7275,0
1.53022,-0.665283,2.71879,0
1.5303,-0.66843,2.68093,0
1.53039,-0.678891,2.67314,0
1.53048,-0.693803,2.68274,0
1.53057,-0.707539,2.68742,0
1.53065,-0.720552,2.68914,0
1.53074,-0.735961,2.69948,0
1.53083,-0.746931,2.69335,0
1.53092,-0.760305,2.69584,0
1.531,-0.767374,2.67615,0
1.53109,-0.802829,2.75438,0
1.53118,-0.811716,2.74031,0
1.53126,-0.806373,2.67928,0
1.53135,-0.821272,2.68626,0
1.53144,-0.831502,2.67788,0
1.53153,-0.845585,2.68185,0
1.53161,-0.8524,2.6629,0
1.5317,-0.863393,2.65725,0
1.53179,-0.869656,2.63731,0
1.53188,-0.863386,2.58039,0
1.53196,-0.869815,2.56239,0
1.53205,-0.870895,2.52926,0
1.53214,-0.834117,2.38855,0
1.53222,-0.827173,2.33587,0
1.53231,-0.81742,2.2767,0
1.5324,-0.810588,2.22707,0
1.53249,-0.810606,2.19724,0
1.53257,-0.805127,2.15341,0
1.53266,-0.799635,2.1106,0
1.53275,-0.807761,2.10429,0
1.53284,-0.809324,2.08117,0
1.53292,-0.817298,2.07483,0
1.53301,-0.803739,2.01459,0
1.5331,-0.814395,2.0157,0
1.53318,-0.805764,1.96955,0
1.53327,-0.807079,1.94846,0
1.53336,-0.807839,1.92648,0
1.53345,-0.808423,1.90452,0
1.53353,-0.825804,1.92211,0
1.53362,-0.839765,1.93133,0
1.53371,-0.846171,1.92307,0
1.5338,-0.848046,1.90474,0
1.53388,-0.865385,1.92108,0
1.53397,-0.875832,1.92184,0
1.53406,-0.881279,1.91164,0
1.53414,-0.896796,1.92319,0
1.53423,-0.907312,1.92378,0
1.53432,-0.914836,1.91799,0
1.53441,-0.923196,1.91398,0
1.53449,-0.938114,1.92342,0
1.53458,-0.951363,1.92917,0
1.53467,-0.963787,1.93306,0
1.53476,-0.965011,1.91455,0
1.53484,-0.975172,1.91388,0
1.53493,-0.983971,1.9105,0
1.53502,-0.993683,1.90885,0
1.5351,-1.00526,1.91069,0
1.53519,-1.01688,1.91246,0
1.53528,-1.02521,1.90801,0
1.53537,-1.04021,1.91582,0
1.53545,-1.04856,1.91126,0
1.53554,-1.05931,1.91104,0
1.53563,-1.06813,1.90728,0
1.53572,-1.11485,1.97049,0
1.5358,-1.11748,1.95518,0
1.53589,-1.1205,1.94076,0
1.53598,-1.11989,1.92031,0
1.53606,-1.12369,1.90765,0
1.53615,-1.11718,1.8778,0
1.53624,-1.11866,1.86177,0
1.53633,-1.11329,1.83464,0
1.53641,-1.11606,1.82124,0
1.5365,-1.11505,1.8019,0
1.53659,-1.11548,1.78514,0
1.53668,-1.11205,1.7625,0
1.53676,-1.11866,1.75594,0
1.53685,-1.11928,1.74011,0
1.53694,-1.11923,1.72347,0
1.53702,-1.11578,1.70184,0
1.53711,-1.11381,1.68278,0
1.5372,-1.11336,1.66627,0
1.53729,-1.11671,1.65559,0
1.53737,-1.1166,1.63995,0
1.53746,-1.11355,1.62023,0
1.53755,-1.11662,1.60961,0
1.53764,-1.11503,1.59243,0
1.53772,-1.11562,1.57857,0
1.53781,-1.11321,1.56066,0
1.5379,-1.10598,1.53631,0
1.53798,-1.10504,1.52095,0
1.53807,-1.1158,1.52176,0
1.53816,-1.11113,1.5016,0
1.53825,-1.11109,1.48793,0
1.53833,-1.10854,1.47109,0
1.53842,-1.11132,1.46146,0
1.53851,-1.10429,1.43914,0
1.53859,-1.10628,1.42878,0
1.53868,-1.10696,1.41684,0
1.53877,-1.10694,1.40415,0
1.53886,-1.10559,1.38991,0
1.53894,-1.11227,1.38585,0
1.53903,-1.1076,1.36778,0
1.53912,-1.10597,1.35364,0
1.53921,-1.1125,1.34957,0
1.53929,-1.11326,1.33855,0
1.53938,-1.11138,1.32449,0
1.53947,-1.10875,1.30971,0
1.53955,-1.10861,1.29801,0
1.53964,-1.10969,1.28786,0
1.53973,-1.11792,1.28603,0
1.53982,-1.11232,1.26835,0
1.5399,-1.10989,1.2545,0
1.53999,-1.11402,1.24815,0
1.54008,-1.11745,1.24105,0
1.54017,-1.11277,1.22506,0
1.54025,-1.1127,1.2143,0
1.54034,-1.11663,1.20796,0
1.54043,-0.0300079,0.0321796,0
1.54051,-1.11411,1.18433,0
1.5406,-0.030976,0.0326419,0
1.54069,-0.0207454,0.0216709,0
1.54078,-0.0430688,0.0445991,0
1.54086,-1.12205,1.15181,0
1.54095,-0.0315409,0.0320963,0
1.54104,-0.0380168,0.03835,0
1.54113,-1.12147,1.12147,0
