7200
3787
3.29867
3.31438,-0.0601041,-0.0601041,0
3.31447,-0.0183044,-0.0184648,0
3.31455,-0.0525682,-0.0534938,0
3.31464,-0.0593122,-0.0608857,0
3.31473,-0.0465421,-0.0481958,0
3.31482,-0.0532465,-0.055622,0
3.3149,-0.0550684,-0.0580299,0
3.31499,-0.0424813,-0.045159,0
3.31508,-0.0511499,-0.0548515,0
3.31517,-0.0522677,-0.0565428,0
3.31525,-0.0608031,-0.066355,0
3.31534,-0.0665643,-0.0732816,0
3.31543,-0.0481774,-0.0535064,0
3.31551,-0.0625929,-0.0701294,0
3.3156,-0.0602984,-0.068155,0
3.31569,-0.0600005,-0.0684174,0
3.31578,-0.0636377,-0.0732068,0
3.31586,-0.0567901,-0.0659081,0
3.31595,-0.0610481,-0.0714782,0
3.31604,-0.0633202,-0.0747968,0
3.31613,-0.0520658,-0.0620496,0
3.31621,-0.0537129,-0.0645827,0
3.3163,-0.0553388,-0.0671313,0
3.31639,-0.0632705,-0.0774393,0
3.31647,-0.0641907,-0.0792689,0
3.31656,-0.0707294,-0.0881269,0
3.31665,-0.0535363,-0.0673043,0
3.31674,-0.0588139,-0.0746051,0
3.31682,-0.0554095,-0.070921,0
3.31691,-0.0636706,-0.0822317,0
3.317,-0.0596586,-0.0777486,0
3.31709,-0.055687,-0.0732322,0
3.31717,-0.0577742,-0.076669,0
3.31726,-0.0556442,-0.0745166,0
3.31735,-0.0624564,-0.084405,0
3.31743,-0.0555831,-0.0758058,0
3.31752,-0.0781754,-0.107599,0
3.31761,-0.0572565,-0.0795342,0
3.3177,-0.0557475,-0.0781551,0
3.31778,-0.0582917,-0.0824808,0
3.31787,-0.0607991,-0.0868301,0
3.31796,-0.0564297,-0.081343,0
3.31805,-0.0600391,-0.0873574,0
3.31813,-0.0585317,-0.0859653,0
3.31822,-0.063748,-0.0945103,0
3.31831,-0.0577793,-0.0864728,0
3.31839,-0.0507782,-0.0767175,0
3.31848,-0.0520879,-0.0794472,0
3.31857,-0.0539193,-0.0830284,0
3.31866,-0.0589662,-0.0916732,0
3.31874,-0.0607149,-0.0953032,0
3.31883,-0.675022,-1.06985,0
3.31892,-0.670878,-1.07363,0
3.31901,-0.670923,-1.0842,0
3.31909,-0.669321,-1.09223,0
3.31918,-0.669736,-1.10369,0
3.31927,-0.670065,-1.11517,0
3.31935,-0.666726,-1.12067,0
3.31944,-0.663353,-1.12615,0
3.31953,-0.662967,-1.13681,0
3.31962,-0.66,-1.14315,0
3.3197,-0.666915,-1.16686,0
3.31979,-0.665757,-1.17672,0
3.31988,-0.661105,-1.18049,0
3.31997,-0.664674,-1.1991,0
3.32005,-0.665208,-1.21251,0
3.32014,-0.669454,-1.23298,0
3.32023,-0.668801,-1.2447,0
3.32031,-0.661955,-1.24496,0
3.3204,-0.664898,-1.26376,0
3.32049,-0.662148,-1.27197,0
3.32058,-0.658881,-1.2793,0
3.32066,-0.663734,-1.30265,0
3.32075,-0.667946,-1.32518,0
3.32084,-0.66662,-1.33703,0
3.32093,-0.666529,-1.35159,0
3.32101,-0.673776,-1.38145,0
3.3211,-0.668611,-1.38617,0
3.32119,-0.654807,-1.37283,0
3.32127,-0.65137,-1.3811,0
3.32136,-0.63266,-1.35674,0
3.32145,-0.632176,-1.3713,0
3.32154,-0.655215,-1.43774,0
3.32162,-0.671525,-1.49073,0
3.32171,-0.662167,-1.48725,0
3.3218,-0.656477,-1.49196,0
3.32189,-0.653151,-1.50214,0
3.32197,-0.642643,-1.49579,0
3.32206,-0.63064,-1.48569,0
3.32215,-0.617964,-1.47368,0
3.32223,-0.592777,-1.43109,0
3.32232,-0.586905,-1.43459,0
3.32241,-0.576145,-1.42601,0
3.3225,-0.575846,-1.44337,0
3.32258,-0.565511,-1.43563,0
3.32267,-0.559604,-1.43902,0
3.32276,-0.551528,-1.43678,0
3.32285,-0.555883,-1.46723,0
3.32293,-0.571188,-1.52771,0
3.32302,-0.573516,-1.55458,0
3.32311,-0.565701,-1.55425,0
3.32319,-0.562631,-1.56706,0
3.32328,-0.557124,-1.57327,0
3.32337,-0.555529,-1.59079,0
3.32346,-0.551512,-1.60171,0
3.32354,-0.546769,-1.61073,0
3.32363,-0.540053,-1.61405,0
3.32372,-0.539894,-1.63728,0
3.3238,-0.533981,-1.64343,0
3.32389,-0.530159,-1.65622,0
3.32398,-0.52413,-1.66233,0
3.32407,-0.520431,-1.67606,0
3.32415,-0.516036,-1.68788,0
3.32424,-0.509531,-1.69299,0
3.32433,-0.509808,-1.72108,0
3.32442,-0.514606,-1.76553,0
3.3245,-0.521506,-1.81871,0
3.32459,-0.545867,-1.9355,0
3.32468,-0.544899,-1.96484,0
3.32476,-0.533164,-1.95562,0
3.32485,-0.52825,-1.97145,0
3.32494,-0.519897,-1.97471,0
3.32503,-0.530555,-2.0515,0
3.32511,-0.534399,-2.1042,0
3.3252,-0.540937,-2.16958,0
3.32529,-0.542637,-2.21757,0
3.32538,-0.535757,-2.23159,0
3.32546,-0.529453,-2.24851,0
3.32555,-0.533134,-2.30926,0
3.32564,-0.540929,-2.39056,0
3.32572,-0.532225,-2.40071,0
3.32581,-0.521108,-2.40008,0
3.3259,-0.513958,-2.41798,0
3.32599,-0.504624,-2.42607,0
3.32607,-0.500015,-2.45765,0
3.32616,-0.490652,-2.46668,0
3.32625,-0.481411,-2.47665,0
3.32634,-0.469854,-2.47479,0
3.32642,-0.458505,-2.47387,0
3.32651,-0.446638,-2.46994,0
3.3266,-0.435683,-2.47088,0
3.32668,-0.423374,-2.46389,0
3.32677,-0.412289,-2.46374,0
3.32686,-0.402821,-2.47341,0
3.32695,-0.390617,-2.46626,0
3.32703,-0.378939,-2.46201,0
3.32712,-0.368637,-2.46661,0
3.32721,-0.358158,-2.47017,0
3.3273,-0.347376,-2.47171,0
3.32738,-0.335374,-2.46428,0
3.32747,-0.323705,-2.45878,0
3.32756,-0.3131,-2.46116,0
3.32764,-0.303211,-2.46945,0
3.32773,-0.292786,-2.47373,0
3.32782,-0.282442,-2.47896,0
3.32791,-0.270534,-2.47023,0
3.32799,-0.259858,-2.47238,0
3.32808,-0.248967,-2.4725,0
3.32817,-0.238368,-2.47555,0
3.32826,-0.227107,-2.47159,0
3.32834,-0.216146,-2.47056,0
3.32843,-0.20495,-2.4665,0
3.32852,-0.193323,-2.4564,0
3.3286,-0.183641,-2.47119,0
3.32869,-0.172508,-2.46698,0
3.32878,-0.161742,-2.46771,0
3.32887,-0.151034,-2.46939,0
3.32895,-0.140315,-2.47102,0
3.32904,-0.129008,-2.46162,0
3.32913,-0.118698,-2.47115,0
3.32922,-0.108089,-2.47564,0
3.3293,-0.0969325,-2.4671,0
3.32939,-0.0863414,-2.47249,0
3.32948,-0.0757661,-2.47984,0
3.32956,-0.0647356,-2.47215,0
3.32965,-0.0538828,-2.46941,0
3.32974,-0.0430028,-2.46362,0
3.32983,-0.0323052,-2.46779,0
3.32991,-0.0215371,-2.46791,0
3.33,-0.0108036,-2.47598,0
3.33009,-2.96824e-08,-2.464,0
3.33018,0.0107555,-2.46498,0
3.33026,0.0215545,-2.46991,0
3.33035,0.0322004,-2.45979,0
3.33044,0.0430376,-2.46562,0
3.33052,0.0538827,-2.46941,0
3.33061,0.0641858,-2.45116,0
3.3307,0.0752469,-2.46285,0
3.33079,0.0859923,-2.4625,0
3.33087,0.0968147,-2.4641,0
3.33096,0.107609,-2.46465,0
3.33105,0.118458,-2.46616,0
3.33114,0.129008,-2.46162,0
3.33122,0.139408,-2.45505,0
3.33131,0.151034,-2.46939,0
3.3314,0.161742,-2.46771,0
3.33148,0.172089,-2.46099,0
3.33157,0.1829,-2.46121,0
3.33166,0.193637,-2.46039,0
3.33175,0.204536,-2.46152,0
3.33183,0.215013,-2.45761,0
3.33192,0.225643,-2.45566,0
3.33201,0.236835,-2.45962,0
3.3321,0.248667,-2.46951,0
3.33218,0.257767,-2.45249,0
3.33227,0.269119,-2.45731,0
3.33236,0.280518,-2.46207,0
3.33244,0.291728,-2.4648,0
3.33253,0.302602,-2.46449,0
3.33262,0.3131,-2.46116,0
3.33271,0.323705,-2.45878,0
3.33279,0.3347,-2.45933,0
3.33288,0.345428,-2.45785,0
3.33297,0.357153,-2.46324,0
3.33306,0.367306,-2.4577,0
3.33314,0.378939,-2.46201,0
3.33323,0.38827,-2.45144,0
3.33332,0.400731,-2.46058,0
3.3334,0.410969,-2.45585,0
3.33349,0.421511,-2.45305,0
3.33358,0.434294,-2.463,0
3.33367,0.444503,-2.45813,0
3.33375,0.453766,-2.4483,0
3.33384,0.465191,-2.45023,0
3.33393,0.475878,-2.44818,0
3.33402,0.487336,-2.45,0
3.3341,0.499417,-2.45471,0
3.33419,0.511955,-2.46132,0
3.33428,0.52165,-2.45417,0
3.33436,0.531717,-2.44894,0
3.33445,0.544562,-2.45636,0
3.33454,0.554833,-2.45201,0
3.33463,0.567327,-2.45736,0
3.33471,0.579189,-2.45973,0
3.3348,0.588749,-2.45232,0
3.33489,0.600157,-2.45264,0
3.33498,0.609885,-2.44612,0
3.33506,0.621291,-2.44634,0
3.33515,0.634713,-2.45425,0
3.33524,0.644907,-2.44953,0
3.33532,0.65533,-2.44572,0
3.33541,0.668625,-2.45249,0
3.3355,0.683061,-2.46304,0
3.33559,0.692716,-2.45619,0
3.33567,0.708388,-2.47044,0
3.33576,0.722239,-2.47789,0
3.33585,0.737588,-2.49005,0
3.33593,0.741529,-2.46383,0
3.33602,0.748179,-2.44718,0
3.33611,0.763298,-2.45822,0
3.3362,0.774618,-2.45677,0
3.33628,0.787769,-2.46099,0
3.33637,0.796337,-2.45087,0
3.33646,0.808276,-2.45117,0
3.33655,0.818963,-2.44762,0
3.33663,0.829314,-2.44308,0
3.33672,0.840943,-2.44227,0
3.33681,0.856207,-2.4518,0
3.33689,0.866563,-2.4471,0
3.33698,0.875542,-2.43859,0
3.33707,0.888568,-2.44132,0
3.33716,0.90475,-2.45243,0
3.33724,0.915092,-2.44752,0
3.33733,0.928597,-2.45099,0
3.33742,0.938566,-2.44505,0
3.33751,0.953212,-2.45118,0
3.33759,0.963532,-2.44607,0
3.33768,0.97753,-2.4502,0
3.33777,0.986714,-2.4422,0
3.33785,1.00228,-2.44991,0
3.33794,1.01564,-2.45198,0
3.33803,1.02788,-2.45121,0
3.33812,1.03934,-2.44854,0
3.3382,1.05239,-2.4495,0
3.33829,1.06227,-2.44305,0
3.33838,1.07976,-2.45395,0
3.33847,1.08721,-2.44191,0
3.33855,1.10442,-2.45173,0
3.33864,1.11967,-2.4569,0
3.33873,1.13289,-2.45744,0
3.33881,1.14234,-2.44975,0
3.3389,1.15813,-2.4556,0
3.33899,1.16496,-2.4424,0
3.33908,1.1843,-2.4553,0
3.33916,1.19368,-2.44742,0
3.33925,1.2101,-2.45384,0
3.33934,1.22035,-2.44765,0
3.33943,1.23282,-2.44587,0
3.33951,1.24711,-2.44759,0
3.3396,1.25686,-2.44035,0
3.33969,1.2772,-2.45347,0
3.33977,1.28556,-2.44345,0
3.33986,1.30138,-2.44753,0
3.33995,1.31204,-2.44183,0
3.34004,1.32793,-2.44575,0
3.34012,1.33715,-2.4373,0
3.34021,1.35989,-2.45331,0
3.3403,1.37107,-2.44822,0
3.34039,1.38125,-2.44135,0
3.34047,1.39387,-2.43877,0
3.34056,1.409,-2.44046,0
3.34065,1.4277,-2.44811,0
3.34073,1.43887,-2.44272,0
3.34082,1.45463,-2.44501,0
3.34091,1.47095,-2.44807,0
3.341,1.48369,-2.44505,0
3.34108,1.49435,-2.43855,0
3.34117,1.5076,-2.43626,0
3.34126,1.52564,-2.44153,0
3.34135,1.54748,-2.45261,0
3.34143,1.55709,-2.44415,0
3.34152,1.57532,-2.44911,0
3.34161,1.58435,-2.43969,0
3.34169,1.59663,-2.43527,0
3.34178,1.61331,-2.43745,0
3.34187,1.63282,-2.44369,0
3.34196,1.65297,-2.45064,0
3.34204,1.66253,-2.44175,0
3.34213,1.68279,-2.44848,0
3.34222,1.68947,-2.43536,0
3.34231,1.70811,-2.43943,0
3.34239,1.72855,-2.44584,0
3.34248,1.74211,-2.44235,0
3.34257,1.75684,-2.4404,0
3.34265,1.77158,-2.43838,0
3.34274,1.79344,-2.44595,0
3.34283,1.80648,-2.44131,0
3.34292,1.8213,-2.43902,0
3.343,1.83554,-2.43584,0
3.34309,1.85159,-2.43497,0
3.34318,1.86403,-2.42925,0
3.34327,1.89236,-2.44402,0
3.34335,1.90855,-2.44283,0
3.34344,1.92352,-2.43998,0
3.34353,1.93789,-2.43626,0
3.34361,1.95664,-2.43792,0
3.3437,1.97418,-2.43791,0
3.34379,1.99112,-2.43701,0
3.34388,2.00683,-2.43448,0
3.34396,2.01999,-2.42877,0
3.34405,2.02928,-2.4184,0
3.34414,2.03271,-2.40113,0
3.34423,2.02953,-2.37627,0
3.34431,2.02943,-2.35527,0
3.3444,2.02591,-2.33054,0
3.34449,2.02221,-2.30589,0
3.34457,2.02298,-2.28656,0
3.34466,2.01829,-2.2613,0
3.34475,2.01609,-2.2391,0
3.34484,2.03324,-2.23842,0
3.34492,2.02542,-2.21036,0
3.34501,2.01875,-2.18388,0
3.3451,2.01531,-2.16115,0
3.34519,2.01307,-2.13995,0
3.34527,2.01826,-2.1268,0
3.34536,2.01092,-2.10063,0
3.34545,2.01381,-2.08537,0
3.34553,2.01801,-2.07155,0
3.34562,2.01932,-2.05487,0
3.34571,2.01559,-2.03326,0
3.3458,2.01667,-2.01667,0
3.34588,2.01693,-1.9994,0
3.34597,2.01493,-1.98007,0
3.34606,2.00851,-1.9566,0
3.34615,2.0084,-1.93949,0
3.34623,2.00239,-1.91687,0
3.34632,2.01001,-1.90743,0
3.34641,2.01249,-1.89316,0
3.34649,2.01122,-1.8755,0
3.34658,2.00397,-1.85245,0
3.34667,2.00687,-1.83896,0
3.34676,2.00377,-1.8201,0
3.34684,2.00798,-1.80799,0
3.34693,2.01137,-1.79522,0
3.34702,2.01095,-1.77913,0
3.34711,2.00741,-1.76045,0
3.34719,2.01432,-1.75102,0
3.34728,2.01133,-1.73308,0
3.34737,2.00367,-1.7113,0
3.34745,2.00425,-1.69672,0
3.34754,1.99938,-1.67768,0
3.34763,1.99976,-1.66318,0
3.34772,1.99311,-1.64299,0
3.3478,1.99638,-1.63111,0
3.34789,1.99338,-1.61421,0
3.34798,2.0004,-1.60549,0
3.34807,1.99565,-1.58741,0
3.34815,2.00413,-1.57993,0
3.34824,1.99446,-1.55824,0
3.34833,1.99886,-1.54769,0
3.34841,1.99766,-1.53286,0
3.3485,1.99796,-1.51929,0
3.34859,1.99819,-1.50574,0
3.34868,2.00153,-1.49461,0
3.34876,1.99598,-1.47695,0
3.34885,1.99756,-1.46467,0
3.34894,1.99827,-1.45183,0
3.34902,1.99972,-1.43959,0
3.34911,1.99458,-1.42272,0
3.3492,1.98934,-1.40593,0
3.34929,2.00119,-1.40125,0
3.34937,2.00646,-1.39193,0
3.34946,2.01087,-1.38203,0
3.34955,1.99787,-1.3603,0
3.34964,2.00213,-1.35045,0
3.34972,1.99386,-1.33226,0
3.34981,1.99882,-1.32299,0
3.3499,1.99956,-1.31097,0
3.34998,1.99184,-1.29352,0
3.35007,1.99074,-1.28049,0
3.35016,1.99884,-1.2734,0
3.35025,1.99338,-1.25773,0
3.35033,1.99631,-1.24743,0
3.35042,1.99238,-1.23292,0
3.35051,1.99433,-1.22212,0
3.3506,1.99023,-1.2077,0
3.35068,1.99206,-1.19695,0
3.35077,1.99039,-1.18415,0
3.35086,1.99639,-1.17597,0
3.35094,1.992,-1.1617,0
3.35103,1.99965,-1.1545,0
3.35112,1.99859,-1.14229,0
3.35121,1.98963,-1.12568,0
3.35129,1.9954,-1.11748,0
3.35138,1.99501,-1.10585,0
3.35147,1.98842,-1.09088,0
3.35156,1.99667,-1.0841,0
3.35164,1.99257,-1.07065,0
3.35173,1.99811,-1.06241,0
3.35182,1.99299,-1.04856,0
3.3519,1.99932,-1.04078,0
3.35199,1.9914,-1.02564,0
3.35208,1.98694,-1.0124,0
3.35217,1.99134,-1.00372,0
3.35225,1.98765,-0.991005,0
3.35234,1.99464,-0.98365,0
3.35243,1.98903,-0.970115,0
3.35252,1.97883,-0.954476,0
3.3526,1.9893,-0.948847,0
3.35269,1.99885,-0.942717,0
3.35278,1.99478,-0.930183,0
3.35286,1.99519,-0.919796,0
3.35295,1.98645,-0.905275,0
3.35304,1.97396,-0.889206,0
3.35313,1.99427,-0.887906,0
3.35321,1.9844,-0.873155,0
3.3533,1.98727,-0.864089,0
3.35339,1.98735,-0.853831,0
3.35348,1.98277,-0.841635,0
3.35356,1.99195,-0.835296,0
3.35365,1.98172,-0.820856,0
3.35374,1.98714,-0.812959,0
3.35382,1.97768,-0.799036,0
3.35391,1.99137,-0.794475,0
3.354,1.98272,-0.781014,0
3.35409,1.98518,-0.771993,0
3.35417,1.98012,-0.760098,0
3.35426,1.98623,-0.752514,0
3.35435,1.98949,-0.743841,0
3.35444,1.98709,-0.733076,0
3.35452,1.97993,-0.720637,0
3.35461,1.984,-0.712328,0
3.3547,1.9786,-0.700661,0
3.35478,1.98448,-0.69301,0
3.35487,1.98464,-0.683368,0
3.35496,1.98098,-0.672451,0
3.35505,1.98579,-0.664436,0
3.35513,1.98582,-0.654826,0
3.35522,1.99246,-0.647391,0
3.35531,1.98194,-0.634423,0
3.3554,1.98373,-0.625468,0
3.35548,1.98644,-0.616807,0
3.35557,1.97955,-0.605209,0
3.35566,1.98792,-0.598296,0
3.35574,1.98284,-0.587344,0
3.35583,1.9825,-0.577847,0
3.35592,1.9802,-0.567813,0
3.35601,1.97592,-0.557267,0
3.35609,1.98893,-0.55158,0
3.35618,1.98746,-0.541844,0
3.35627,1.98691,-0.532391,0
3.35636,1.98148,-0.521679,0
3.35644,1.98083,-0.512278,0
3.35653,1.98692,-0.504614,0
3.35662,1.97746,-0.493037,0
3.3567,1.98251,-0.485117,0
3.35679,1.98461,-0.476462,0
3.35688,1.98764,-0.468027,0
3.35697,1.98869,-0.459125,0
3.35705,1.98872,-0.450002,0
3.35714,1.98188,-0.439372,0
3.35723,1.97889,-0.42966,0
3.35732,1.98173,-0.421229,0
3.3574,1.98746,-0.413393,0
3.35749,1.99317,-0.405514,0
3.35758,1.98707,-0.395253,0
3.35766,1.99074,-0.386961,0
3.35775,1.9816,-0.376219,0
3.35784,1.98519,-0.367934,0
3.35793,1.98186,-0.358378,0
3.35801,1.9903,-0.350943,0
3.3581,1.98097,-0.340393,0
3.35819,1.98342,-0.331911,0
3.35828,1.98386,-0.323093,0
3.35836,1.98525,-0.314433,0
3.35845,2.0123,-0.309723,0
3.35854,1.99188,-0.297688,0
3.35862,1.99217,-0.288851,0
3.35871,1.99044,-0.279738,0
3.3588,1.97876,-0.269297,0
3.35889,1.97793,-0.2604,0
3.35897,1.98699,-0.252777,0
3.35906,1.9841,-0.243617,0
3.35915,1.99408,-0.236015,0
3.35924,1.98913,-0.226633,0
3.35932,1.99905,-0.218931,0
3.35941,1.98606,-0.208743,0
3.3595,1.98894,-0.200276,0
3.35958,1.99079,-0.191692,0
3.35967,1.99559,-0.183369,0
3.35976,1.98542,-0.173701,0
3.35985,1.98516,-0.164954,0
3.35993,1.98686,-0.156369,0
3.36002,1.98752,-0.147698,0
3.36011,1.99014,-0.139164,0
3.3602,1.98873,-0.130348,0
3.36028,1.98828,-0.121609,0
3.36037,1.98281,-0.112592,0
3.36046,1.97329,-0.103416,0
3.36054,1.98371,-0.0952846,0
3.36063,1.98911,-0.0868462,0
3.36072,1.98447,-0.07797,0
3.36081,1.98279,-0.0692406,0
3.36089,1.98108,-0.0605274,0
3.36098,1.97832,-0.0518042,0
3.36107,1.91854,-0.0418628,0
3.36115,1.72674,-0.0301403,0
3.36124,1.69685,-0.0222131,0
3.36133,1.69894,-0.0148264,0
3.36142,1.70098,-0.00742203,0
3.3615,1.691,-4.09465e-08,0
3.36159,1.69498,0.00739577,0
3.36168,1.69194,0.0147653,0
3.36177,1.69985,0.0222523,0
3.36185,1.69674,0.0296167,0
3.36194,1.6926,0.0369326,0
3.36203,1.68142,0.0440296,0
3.36211,1.67922,0.0513047,0
3.3622,1.69896,0.0593291,0
3.36229,1.6887,0.0663491,0
3.36238,1.6844,0.0735422,0
3.36246,1.69105,0.0812269,0
3.36255,1.68669,0.0883954,0
3.36264,1.68728,0.0958108,0
3.36273,1.68286,0.102928,0
3.36281,1.72131,0.11282,0
3.3629,1.90136,0.132956,0
3.36299,1.96359,0.14592,0
3.36307,1.97689,0.155584,0
3.36316,1.98217,0.164705,0
3.36325,1.98442,0.173614,0
3.36334,1.98066,0.181997,0
3.36342,1.97586,0.190254,0
3.36351,1.97004,0.198372,0
3.3636,1.97015,0.207071,0
3.36369,1.96823,0.215556,0
3.36377,1.98118,0.225727,0
3.36386,1.98316,0.234722,0
3.36395,1.98311,0.243495,0
3.36403,1.98401,0.252398,0
3.36412,1.98388,0.261183,0
3.36421,1.98074,0.269567,0
3.3643,1.97658,0.277789,0
3.36438,1.98029,0.287129,0
3.36447,1.98397,0.296506,0
3.36456,1.98068,0.304855,0
3.36465,1.9813,0.313807,0
3.36473,1.97794,0.322128,0
3.36482,1.97158,0.32993,0
3.36491,1.98392,0.340901,0
3.36499,1.9903,0.350943,0
3.36508,1.98284,0.358556,0
3.36517,1.98028,0.367022,0
3.36526,1.96883,0.373794,0
3.36534,1.98387,0.385625,0
3.36543,1.97922,0.393692,0
3.36552,1.99317,0.405514,0
3.36561,1.98355,0.412578,0
3.36569,1.99346,0.423724,0
3.36578,1.98182,0.430296,0
3.36587,1.98188,0.439372,0
3.36595,1.97409,0.446692,0
3.36604,1.97797,0.456651,0
3.36613,1.98277,0.466881,0
3.36622,1.97683,0.474594,0
3.3663,1.98154,0.484879,0
3.36639,1.97746,0.493037,0
3.36648,1.97723,0.502153,0
3.36657,1.97405,0.510525,0
3.36665,1.98438,0.522443,0
3.36674,1.96952,0.527732,0
3.36683,1.9701,0.53711,0
3.36691,1.97159,0.54677,0
3.367,1.97881,0.558082,0
3.36709,1.97732,0.566986,0
3.36718,1.9777,0.576448,0
3.36726,1.97805,0.585924,0
3.36735,1.97547,0.594549,0
3.36744,1.97955,0.605209,0
3.36753,1.97594,0.613544,0
3.36761,1.98182,0.624867,0
3.3677,1.97813,0.633203,0
3.36779,1.97915,0.643064,0
3.36787,1.97442,0.651067,0
3.36796,1.9782,0.661897,0
3.36805,1.98192,0.672773,0
3.36814,1.97897,0.681414,0
3.36822,1.97787,0.690702,0
3.36831,1.98332,0.70233,0
3.3684,1.97741,0.709963,0
3.36849,1.98745,0.723373,0
3.36857,1.98709,0.733076,0
3.36866,1.98294,0.741389,0
3.36875,1.98529,0.75216,0
3.36883,1.98012,0.760098,0
3.36892,1.98331,0.771268,0
3.36901,1.98458,0.781747,0
3.3691,1.98022,0.790028,0
3.36918,1.97305,0.797163,0
3.36927,1.97973,0.809929,0
3.36936,1.97987,0.82009,0
3.36945,1.98089,0.830655,0
3.36953,1.97724,0.83929,0
3.36962,1.96346,0.843568,0
3.36971,1.96343,0.853722,0
3.36979,1.97707,0.869933,0
3.36988,1.976,0.879771,0
3.36997,1.97852,0.89126,0
3.37006,1.97462,0.899884,0
3.37014,1.98157,0.913515,0
3.37023,1.9821,0.924266,0
3.37032,1.97714,0.932479,0
3.37041,1.98117,0.944972,0
3.37049,1.98154,0.95578,0
3.37058,1.97645,0.963978,0
3.37067,1.97402,0.973477,0
3.37075,1.98228,0.988328,0
3.37084,1.97527,0.995618,0
3.37093,1.98071,1.00922,0
3.37102,1.97362,1.01648,0
3.3711,1.97715,1.02924,0
3.37119,1.97175,1.03739,0
3.37128,1.96368,1.0441,0
3.37137,1.97143,1.05929,0
3.37145,1.9791,1.07456,0
3.37154,1.97351,1.08271,0
3.37163,1.97752,1.09615,0
3.37171,1.97795,1.1077,0
3.3718,1.97136,1.11534,0
3.37189,1.97949,1.13137,0
3.37198,1.97887,1.1425,0
3.37206,1.97818,1.15364,0
3.37215,1.97658,1.16429,0
3.37224,1.98867,1.18313,0
3.37233,2.0452,1.22888,0
3.37241,2.05435,1.24661,0
3.3725,2.06339,1.26445,0
3.37259,2.07146,1.28186,0
3.37267,2.07348,1.29565,0
3.37276,2.0695,1.30575,0
3.37285,2.05703,1.31047,0
3.37294,2.0597,1.32485,0
3.37302,2.04384,1.32729,0
3.37311,2.02799,1.32961,0
3.3732,2.03718,1.34838,0
3.37329,2.01964,1.34948,0
3.37337,2.0129,1.35772,0
3.37346,2.00861,1.36762,0
3.37355,2.01416,1.3843,0
3.37363,2.02207,1.40276,0
3.37372,2.03969,1.42821,0
3.37381,2.05059,1.44921,0
3.3739,2.04262,1.45698,0
3.37398,2.06546,1.48692,0
3.37407,2.06542,1.50062,0
3.37416,2.05643,1.50784,0
3.37424,2.04582,1.51382,0
3.37433,2.03679,1.52094,0
3.37442,2.03972,1.53704,0
3.37451,2.05209,1.56045,0
3.37459,2.04526,1.56939,0
3.37468,2.06054,1.59544,0
3.37477,2.06144,1.61057,0
3.37486,2.06695,1.62946,0
3.37494,2.05356,1.63348,0
3.37503,2.0433,1.63992,0
3.37512,2.03301,1.6463,0
3.3752,2.03123,1.65959,0
3.37529,2.0124,1.65889,0
3.37538,2.01052,1.67213,0
3.37547,2.00321,1.68089,0
3.37555,2.00959,1.70124,0
3.37564,1.99378,1.70285,0
3.37573,1.98028,1.70631,0
3.37582,1.97583,1.71756,0
3.3759,1.97433,1.73144,0
3.37599,1.97799,1.74998,0
3.37608,1.96735,1.75593,0
3.37616,1.97008,1.77387,0
3.37625,1.97416,1.7932,0
3.37634,1.97443,1.80923,0
3.37643,1.97239,1.82326,0
3.37651,1.97027,1.8373,0
3.3766,1.97461,1.85753,0
3.37669,1.97084,1.87026,0
3.37678,1.97567,1.89129,0
3.37686,1.97747,1.90962,0
3.37695,1.98272,1.93148,0
3.37704,1.97285,1.93871,0
3.37712,1.97787,1.96068,0
3.37721,1.97424,1.97424,0
3.3773,1.97969,1.99704,0
3.37739,1.97376,2.00851,0
3.37747,1.97265,2.02499,0
3.37756,1.9763,2.04652,0
3.37765,1.97427,2.06235,0
3.37774,1.97902,2.08545,0
3.37782,1.97333,2.09771,0
3.37791,1.97507,2.118,0
3.378,1.97531,2.13688,0
3.37808,1.97948,2.16022,0
3.37817,1.97676,2.17624,0
3.37826,1.97594,2.19451,0
3.37835,1.97501,2.21281,0
3.37843,1.97262,2.22964,0
3.37852,1.97804,2.25552,0
3.37861,1.97211,2.26866,0
3.3787,1.97199,2.2886,0
3.37878,1.97107,2.30783,0
3.37887,1.97649,2.33473,0
3.37896,1.97464,2.35329,0
3.37904,1.97778,2.37803,0
3.37913,1.97248,2.39281,0
3.37922,2.00378,2.4525,0
3.37931,1.99306,2.46122,0
3.37939,1.97291,2.4582,0
3.37948,1.97586,2.484,0
3.37957,1.96377,2.49103,0
3.37966,1.95719,2.50509,0
3.37974,1.93644,2.50095,0
3.37983,1.9176,2.49906,0
3.37992,1.90365,2.50343,0
3.38,1.88308,2.49893,0
3.38009,1.87216,2.50712,0
3.38018,1.85287,2.50401,0
3.38027,1.83661,2.50482,0
3.38035,1.81684,2.50067,0
3.38044,1.80124,2.50208,0
3.38053,1.78334,2.50015,0
3.38062,1.76722,2.50056,0
3.3807,1.74883,2.49759,0
3.38079,1.73336,2.49863,0
3.38088,1.71734,2.49875,0
3.38096,1.69686,2.49217,0
3.38105,1.68485,2.49789,0
3.38114,1.66838,2.4969,0
3.38123,1.6536,2.49832,0
3.38131,1.63775,2.49799,0
3.3814,1.62194,2.49756,0
3.38149,1.60399,2.49368,0
3.38158,1.59202,2.49897,0
3.38166,1.57363,2.49405,0
3.38175,1.55743,2.49241,0
3.38184,1.54602,2.49833,0
3.38192,1.52883,2.49483,0
3.38201,1.51378,2.49463,0
3.3821,1.49722,2.49179,0
3.38219,1.48582,2.49743,0
3.38227,1.46882,2.49355,0
3.38236,1.45238,2.49044,0
3.38245,1.4365,2.48809,0
3.38254,1.42811,2.49868,0
3.38262,1.41079,2.49357,0
3.38271,1.39453,2.4901,0
3.3828,1.37783,2.48567,0
3.38288,1.36216,2.48289,0
3.38297,1.34559,2.47826,0
3.38306,1.33429,2.48323,0
3.38315,1.32344,2.48903,0
3.38323,1.30745,2.48505,0
3.38332,1.29567,2.48895,0
3.38341,1.28434,2.49369,0
3.3835,1.26618,2.48502,0
3.38358,1.25127,2.48248,0
3.38367,1.23998,2.48702,0
3.38376,1.22824,2.49062,0
3.38384,1.21078,2.48247,0
3.38393,1.19603,2.47962,0
3.38402,1.18606,2.48662,0
3.38411,1.17178,2.48454,0
3.38419,1.15586,2.47875,0
3.38428,1.14294,2.47923,0
3.38437,1.13004,2.47964,0
3.38446,1.12167,2.49002,0
3.38454,1.10714,2.48667,0
3.38463,1.09024,2.47775,0
3.38472,1.07902,2.48156,0
3.3848,1.06502,2.4789,0
3.38489,1.04677,2.46603,0
3.38498,1.03484,2.46781,0
3.38507,1.02674,2.47877,0
3.38515,1.0144,2.47952,0
3.38524,0.998327,2.47094,0
3.38533,0.991612,2.48549,0
3.38542,0.974893,2.47491,0
3.3855,0.964448,2.48007,0
3.38559,0.949675,2.47399,0
3.38568,0.941706,2.48559,0
3.38576,0.925598,2.47562,0
3.38585,0.91548,2.48152,0
3.38594,0.899855,2.47233,0
3.38603,0.888721,2.47529,0
3.38611,0.876243,2.47443,0
3.3862,0.862471,2.46974,0
3.38629,0.836385,2.42904,0
3.38637,0.8306,2.44687,0
3.38646,0.82531,2.46659,0
3.38655,0.812034,2.46257,0
3.38664,0.797264,2.45373,0
3.38672,0.790818,2.47051,0
3.38681,0.777926,2.46727,0
3.3869,0.76656,2.46873,0
3.38699,0.755489,2.47109,0
3.38707,0.746717,2.48107,0
3.38716,0.733328,2.47567,0
3.38725,0.717482,2.46157,0
3.38733,0.706459,2.46371,0
3.38742,0.697331,2.47255,0
3.38751,0.686268,2.4746,0
3.3876,0.674412,2.47371,0
3.38768,0.661024,2.46697,0
3.38777,0.64949,2.46693,0
3.38786,0.635715,2.45813,0
3.38795,0.626214,2.46572,0
3.38803,0.614966,2.46649,0
3.38812,0.602296,2.46138,0
3.38821,0.593185,2.47079,0
3.38829,0.582169,2.47238,0
3.38838,0.568676,2.46321,0
3.38847,0.558144,2.46664,0
3.38856,0.546077,2.46319,0
3.38864,0.536597,2.47142,0
3.38873,0.524977,2.46982,0
3.38882,0.51277,2.46524,0
3.38891,0.503005,2.47235,0
3.38899,0.490847,2.46766,0
3.38908,0.478358,2.46094,0
3.38917,0.467243,2.46104,0
3.38925,0.4565,2.46305,0
3.38934,0.444503,2.45813,0
3.38943,0.432905,2.45513,0
3.38952,0.423035,2.46192,0
3.3896,0.412454,2.46473,0
3.38969,0.401053,2.46256,0
3.38978,0.390773,2.46725,0
3.38987,0.378635,2.46003,0
3.38995,0.366863,2.45474,0
3.39004,0.355718,2.45335,0
3.39013,0.345984,2.46181,0
3.39021,0.335105,2.4623,0
3.3903,0.324227,2.46275,0
3.39039,0.313731,2.46612,0
3.39048,0.302236,2.46151,0
3.39056,0.291728,2.4648,0
3.39065,0.280404,2.46108,0
3.39074,0.26901,2.45631,0
3.39083,0.257872,2.45349,0
3.39091,0.248366,2.46653,0
3.391,0.236452,2.45564,0
3.39109,0.225552,2.45466,0
3.39117,0.214752,2.45462,0
3.39126,0.204785,2.46451,0
3.39135,0.193166,2.45441,0
3.39144,0.182307,2.45324,0
3.39152,0.171252,2.44902,0
3.39161,0.161546,2.46471,0
3.3917,0.149874,2.45042,0
3.39179,0.139408,2.45505,0
3.39187,0.12838,2.44964,0
3.39196,0.11769,2.45018,0
3.39205,0.106911,2.44867,0
3.39213,0.0963829,2.45311,0
3.39222,0.0855388,2.44951,0
3.39231,0.0747584,2.44686,0
3.3924,0.0638457,2.43816,0
3.39248,0.053272,2.44142,0
3.39257,0.042392,2.42863,0
3.39266,0.0320172,2.44579,0
3.39275,0.0212056,2.42991,0
3.39283,0.0105898,2.42698,0
3.39292,8.85546e-08,2.434,0
3.39301,-0.0106202,2.43398,0
3.39309,-0.0212578,2.43591,0
3.39318,-0.0318076,2.42979,0
3.39327,-0.0423918,2.42863,0
3.39336,-0.0530319,2.43042,0
3.39344,-0.063767,2.43517,0
3.39353,-0.0746055,2.44186,0
3.39362,-0.0852594,2.44151,0
3.39371,-0.0961865,2.44811,0
3.39379,-0.106824,2.44667,0
3.39388,-0.117402,2.44418,0
3.39397,-0.128118,2.44465,0
3.39405,-0.138784,2.44406,0
3.39414,-0.148958,2.43545,0
3.39423,-0.159584,2.43478,0
3.39432,-0.171392,2.45101,0
3.3944,-0.181714,2.44526,0
3.39449,-0.193009,2.45242,0
3.39458,-0.0507614,0.610895,0
3.39467,-0.053165,0.607679,0
3.39475,-0.057646,0.627357,0
3.39484,-0.0609579,0.633072,0
3.39493,-0.0624171,0.619865,0
3.39501,-0.0655393,0.623565,0
3.3951,-0.069457,0.634208,0
3.39519,-0.0726764,0.637873,0
3.39528,-0.0753414,0.636557,0
3.39536,-0.078362,0.638207,0
3.39545,-0.0810197,0.636867,0
3.39554,-0.0835367,0.634525,0
3.39563,-0.0872485,0.64109,0
3.39571,-0.0880966,0.62684,0
3.3958,-0.0914048,0.630408,0
3.39589,-0.0941546,0.630003,0
3.39597,-0.0973589,0.632551,0
3.39606,-0.0996487,0.629157,0
3.39615,-0.103357,0.634639,0
3.39624,-0.106951,0.639113,0
3.39632,-0.108722,0.632727,0
3.39641,-0.112698,0.63914,0
3.3965,-0.116197,0.642579,0
3.39659,-0.119911,0.646982,0
3.39667,-0.121241,0.638593,0
3.39676,-0.125361,0.644929,0
3.39685,-0.125833,0.632607,0
3.39693,-0.129789,0.637931,0
3.39702,-0.13196,0.634421,0
3.39711,-0.135974,0.639709,0
3.3972,-0.137703,0.634223,0
3.39728,-0.139604,0.629711,0
3.39737,-0.141908,0.627145,0
3.39746,-0.150717,0.652828,0
3.39755,-0.153106,0.650217,0
3.39763,-0.155708,0.648571,0
3.39772,-0.159725,0.652742,0
3.39781,-0.163297,0.65495,0
3.39789,-0.165661,0.652292,0
3.39798,-0.165,0.638009,0
3.39807,-0.172365,0.65469,0
3.39816,-0.175479,0.654898,0
3.39824,-0.17702,0.649302,0
3.39833,-0.183058,0.660087,0
3.39842,-0.184851,0.655432,0
3.39851,-0.187433,0.653658,0
3.39859,-0.190843,0.654754,0
3.39868,-0.191426,0.646245,0
3.39877,-0.196838,0.654021,0
3.39885,-0.197351,0.645506,0
3.39894,-0.203131,0.654189,0
3.39903,-0.20899,0.662833,0
3.39912,-0.211881,0.661915,0
3.3992,-0.220638,0.679054,0
3.39929,-0.213891,0.648645,0
3.39938,-0.220844,0.660033,0
3.39946,-0.225329,0.663798,0
3.39955,-0.2292,0.665645,0
3.39964,-0.230783,0.660862,0
3.39973,-0.236335,0.66739,0
3.39981,-0.238569,0.66447,0
3.3999,-0.24557,0.674699,0
3.39999,-0.24955,0.676436,0
3.40008,-0.246196,0.658481,0
3.40016,-0.254735,0.672362,0
3.40025,-0.2591,0.674979,0
3.40034,-0.261318,0.671978,0
3.40042,-0.261315,0.663388,0
3.40051,-0.268654,0.673387,0
3.4006,-0.272714,0.67499,0
3.40069,-0.2802,0.6849,0
3.40077,-0.284716,0.687366,0
3.40086,-0.29042,0.692573,0
3.40095,-0.28875,0.680253,0
3.40104,-0.291716,0.678987,0
3.40112,-0.296669,0.682293,0
3.40121,-0.299644,0.680992,0
3.4013,-0.306679,0.688813,0
3.40138,-0.307628,0.68291,0
3.40147,-0.313093,0.687021,0
3.40156,-0.319437,0.692913,0
3.40165,-0.316118,0.677918,0
3.40173,-0.323339,0.685577,0
3.40182,-0.321161,0.673329,0
3.40191,-0.321924,0.667417,0
3.402,-0.31212,0.639941,0
3.40208,-0.309602,0.627811,0
3.40217,-0.319924,0.641668,0
3.40226,-0.327222,0.649196,0
3.40234,-0.324603,0.63707,0
3.40243,-0.322343,0.625868,0
3.40252,-0.325071,0.624456,0
3.40261,-0.323136,0.614181,0
3.40269,-0.321588,0.604819,0
3.40278,-0.322331,0.599887,0
3.40287,-0.321605,0.592323,0
3.40296,-0.316491,0.576886,0
3.40304,-0.323853,0.584246,0
3.40313,-0.321024,0.57323,0
3.40322,-0.317121,0.560509,0
3.4033,-0.317082,0.554779,0
3.40339,-0.317,0.54906,0
3.40348,-0.314859,0.539897,0
3.40357,-0.314674,0.53421,0
3.40365,-0.310866,0.522519,0
3.40374,-0.323444,0.538301,0
3.40383,-0.32579,0.536885,0
3.40392,-0.321859,0.525226,0
3.404,-0.316781,0.511912,0
3.40409,-0.320601,0.513069,0
3.40418,-0.318568,0.5049,0
3.40426,-0.319156,0.500975,0
3.40435,-0.317552,0.49369,0
3.40444,-0.320248,0.493138,0
3.40453,-0.31472,0.480028,0
3.40461,-0.316812,0.47865,0
3.4047,-0.312786,0.468117,0
3.40479,-0.312589,0.463432,0
3.40488,-0.308417,0.452971,0
3.40496,-0.305293,0.444204,0
3.40505,-0.305518,0.440403,0
3.40514,-0.285067,0.407119,0
3.40522,-0.263178,0.372389,0
3.40531,-0.248541,0.348441,0
3.4054,-0.25298,0.351412,0
3.40549,-0.251572,0.346259,0
3.40557,-0.299794,0.408867,0
3.40566,-0.236145,0.319131,0
3.40575,-0.222577,0.298066,0
3.40584,-0.202812,0.26914,0
3.40592,-0.172509,0.226861,0
3.40601,-0.138189,0.180091,0
3.4061,-0.098567,0.127301,0
3.40618,-0.0701854,0.0898332,0
3.40627,-0.0687194,0.0871702,0
3.40636,-0.0597614,0.0751304,0
3.40645,-0.056959,0.0709695,0
3.40653,-0.062932,0.0777146,0
3.40662,-0.0588416,0.0720185,0
3.40671,-0.0591553,0.0717611,0
3.4068,-0.062665,0.0753465,0
3.40688,-0.0642788,0.0766044,0
3.40697,-0.0600895,0.0709806,0
3.40706,-0.0655942,0.076801,0
3.40714,-0.0646232,0.0749989,0
3.40723,-0.0715104,0.0822633,0
3.40732,-0.07055,0.0804469,0
3.40741,-0.0682499,0.0771424,0
3.40749,-0.0719152,0.0805742,0
3.40758,-0.0722661,0.0802596,0
3.40767,-0.0658919,0.0725414,0
3.40776,-0.0581008,0.0634059,0
3.40784,-0.0576981,0.0624174,0
3.40793,-0.0416019,0.0446126,0
3.40802,-0.0465924,0.0495292,0
3.4081,-0.0502499,0.0529523,0
3.40819,-0.0504805,0.0527326,0
3.40828,-0.0250077,0.0258962,0
3.40837,-0.043263,0.0444107,0
3.40845,-0.0301391,0.0306698,0
3.40854,-0.0267526,0.026987,0
3.40863,-0.0360624,0.0360624,0
