7200
211
0.174533
0.190241,-0.0431335,-0.0431335,0
0.190328,-0.047873,-0.0482926,0
0.190415,-0.0336436,-0.034236,0
0.190503,-0.0286094,-0.0293684,0
0.19059,-0.0361222,-0.0374057,0
0.190677,-0.055321,-0.0577891,0
0.190764,-0.05438,-0.0573046,0
0.190852,-0.0650924,-0.0691952,0
0.190939,-0.0579699,-0.0621651,0
0.191026,-0.0454797,-0.0491996,0
0.191114,-0.0614787,-0.0670922,0
0.191201,-0.060513,-0.0666196,0
0.191288,-0.0448318,-0.0497907,0
0.191375,-0.0559341,-0.0626688,0
0.191463,-0.0669246,-0.0756445,0
0.19155,-0.0560444,-0.0639064,0
0.191637,-0.0701983,-0.0807539,0
0.191724,-0.0496097,-0.0575749,0
0.191812,-0.0603987,-0.0707178,0
0.191899,-0.0465209,-0.0549527,0
0.191986,-0.0507802,-0.0605175,0
0.192073,-0.0601073,-0.0722711,0
0.192161,-0.0667882,-0.0810206,0
0.192248,-0.0575762,-0.0704697,0
0.192335,-0.0560095,-0.069166,0
0.192423,-0.0513257,-0.0639505,0
0.19251,-0.0616289,-0.0774782,0
0.192597,-0.0600521,-0.0761757,0
0.192684,-0.0658758,-0.0843171,0
0.192772,-0.0642828,-0.0830224,0
0.192859,-0.0572236,-0.0745752,0
0.192946,-0.0623453,-0.0819882,0
0.193033,-0.0595797,-0.0790649,0
0.193121,-0.0981252,-0.131406,0
0.193208,-0.143352,-0.19373,0
0.193295,-0.172662,-0.235482,0
0.193382,-0.168694,-0.232188,0
0.19347,-0.179949,-0.249965,0
0.193557,-0.207892,-0.291453,0
0.193644,-0.221624,-0.31359,0
0.193732,-0.293098,-0.418587,0
0.193819,-0.293548,-0.423148,0
0.193906,-0.235625,-0.342836,0
0.193993,-0.243132,-0.357087,0
0.194081,-0.259466,-0.384673,0
0.194168,-0.276118,-0.41324,0
0.194255,-0.29363,-0.443627,0
0.194342,-0.294982,-0.449922,0
0.19443,-0.291382,-0.448689,0
0.194517,-0.298077,-0.463412,0
0.194604,-0.293903,-0.461335,0
0.194691,-0.29669,-0.470225,0
0.194779,-0.305763,-0.489324,0
0.194866,-0.308888,-0.499157,0
0.194953,-0.305139,-0.497942,0
0.195041,-0.301926,-0.497559,0
0.195128,-0.303872,-0.505729,0
0.195215,-0.301663,-0.50705,0
0.195302,-0.307568,-0.522147,0
0.19539,-0.313347,-0.537306,0
0.195477,-0.312,-0.5404,0
0.195564,-0.302196,-0.528733,0
0.195651,-0.309242,-0.546583,0
0.195739,-0.304411,-0.543565,0
0.195826,-0.30446,-0.549261,0
0.195913,-0.301099,-0.548831,0
0.196,-0.306336,-0.564201,0
0.196088,-0.300085,-0.558485,0
0.196175,-0.307504,-0.578331,0
0.196262,-0.30684,-0.583207,0
0.19635,-0.30891,-0.59341,0
0.196437,-0.309981,-0.601865,0
0.196524,-0.311891,-0.612121,0
0.196611,-0.306067,-0.607226,0
0.196699,-0.302522,-0.606765,0
0.196786,-0.306948,-0.62243,0
0.196873,-0.309052,-0.63365,0
0.19696,-0.314104,-0.651205,0
0.197048,-0.315565,-0.661595,0
0.197135,-0.300304,-0.636736,0
0.197222,-0.309779,-0.664324,0
0.197309,-0.30939,-0.671118,0
0.197397,-0.311849,-0.684291,0
0.197484,-0.311736,-0.692027,0
0.197571,-0.31034,-0.697035,0
0.197659,-0.304476,-0.691975,0
0.197746,-0.301056,-0.69238,0
0.197833,-0.293295,-0.682662,0
0.19792,-0.292267,-0.688538,0
0.198008,-0.29042,-0.692573,0
0.198095,-0.282038,-0.680899,0
0.198182,-0.273384,-0.66824,0
0.198269,-0.266345,-0.659228,0
0.198357,-0.26606,-0.666885,0
0.198444,-0.267179,-0.678274,0
0.198531,-0.267117,-0.68689,0
0.198618,-0.259458,-0.675912,0
0.198706,-0.256507,-0.677038,0
0.198793,-0.251449,-0.672531,0
0.19888,-0.247474,-0.670807,0
0.198968,-0.242492,-0.666242,0
0.199055,-0.241273,-0.672,0
0.199142,-0.239006,-0.674931,0
0.199229,-0.233091,-0.667471,0
0.199317,-0.234409,-0.680773,0
0.199404,-0.230151,-0.678002,0
0.199491,-0.223382,-0.66762,0
0.199578,-0.218275,-0.66194,0
0.199666,-0.21693,-0.667642,0
0.199753,-0.208832,-0.652391,0
0.19984,-0.208088,-0.659972,0
0.199927,-0.202834,-0.653234,0
0.200015,-0.200859,-0.656981,0
0.200102,-0.201737,-0.6703,0
0.200189,-0.193698,-0.653915,0
0.200277,-0.192243,-0.659554,0
0.200364,-0.186055,-0.648852,0
0.200451,-0.185665,-0.658319,0
0.200538,-0.181455,-0.654305,0
0.200626,-0.181492,-0.665703,0
0.200713,-0.174962,-0.652966,0
0.2008,-0.174402,-0.662426,0
0.200887,-0.169758,-0.656404,0
0.200975,-0.166646,-0.656169,0
0.201062,-0.16112,-0.646217,0
0.201149,-0.157348,-0.643028,0
0.201236,-0.155241,-0.646626,0
0.201324,-0.153564,-0.652164,0
0.201411,-0.148243,-0.64211,0
0.201498,-0.14544,-0.642751,0
0.201586,-0.143067,-0.645332,0
0.201673,-0.141523,-0.651813,0
0.20176,-0.136806,-0.643621,0
0.201847,-0.135014,-0.649107,0
0.201935,-0.131583,-0.64675,0
0.202022,-0.129735,-0.652222,0
0.202109,-0.124789,-0.641984,0
0.202196,-0.122919,-0.647435,0
0.202284,-0.118089,-0.637149,0
0.202371,-0.116909,-0.646515,0
0.202458,-0.113219,-0.642095,0
0.202545,-0.111432,-0.648496,0
0.202633,-0.107116,-0.640099,0
0.20272,-0.104322,-0.640561,0
0.202807,-0.100431,-0.634096,0
0.202895,-0.0991845,-0.644412,0
0.202982,-0.0950415,-0.635937,0
0.203069,-0.0915483,-0.631398,0
0.203156,-0.08921,-0.634762,0
0.203244,-0.0876531,-0.644063,0
0.203331,-0.0847115,-0.643448,0
0.203418,-0.0806412,-0.633891,0
0.203505,-0.0778745,-0.634237,0
0.203593,-0.0751064,-0.634571,0
0.20368,-0.0710916,-0.623963,0
0.203767,-0.070328,-0.64216,0
0.203854,-0.0653303,-0.621576,0
0.203942,-0.0636194,-0.631805,0
0.204029,-0.0612454,-0.636058,0
0.204116,-0.057097,-0.621382,0
0.204204,-0.0558668,-0.638561,0
0.204291,-0.0520864,-0.62684,0
0.204378,-0.0489585,-0.622076,0
0.204465,-0.0457991,-0.616301,0
0.204553,-0.0429002,-0.613502,0
0.20464,-0.0402229,-0.613683,0
0.204727,-0.151156,-2.47138,0
0.204814,-0.140598,-2.47601,0
0.204902,-0.129793,-2.4766,0
0.204989,-0.118842,-2.47415,0
0.205076,-0.108132,-2.47664,0
0.205163,-0.096854,-2.4651,0
0.205251,-0.0864112,-2.47449,0
0.205338,-0.0755218,-2.47185,0
0.205425,-0.0648142,-2.47515,0
0.205513,-0.0537955,-2.46541,0
0.2056,-0.0431249,-2.47062,0
0.205687,-0.0322659,-2.46479,0
0.205774,-0.0215371,-2.46791,0
0.205862,-0.0107818,-2.47098,0
0.205949,-2.96101e-08,-2.458,0
0.206036,0.0107163,-2.45598,0
0.206123,0.021572,-2.47191,0
0.206211,0.0322266,-2.46179,0
0.206298,0.0430376,-2.46562,0
0.206385,0.0537737,-2.46441,0
0.206472,0.0645785,-2.46615,0
0.20656,0.0755217,-2.47185,0
0.206647,0.0861319,-2.4665,0
0.206734,0.0966576,-2.4601,0
0.206822,0.107347,-2.45866,0
0.206909,0.11841,-2.46516,0
0.206996,0.129217,-2.46562,0
0.207083,0.139464,-2.45604,0
0.207171,0.150607,-2.4624,0
0.207258,0.161873,-2.4697,0
0.207345,0.172508,-2.46698,0
0.207432,0.182677,-2.45822,0
0.20752,0.194108,-2.46637,0
0.207607,0.203791,-2.45255,0
0.207694,0.214926,-2.45662,0
0.207781,0.226466,-2.46462,0
0.207869,0.236739,-2.45863,0
0.207956,0.247865,-2.46155,0
0.208043,0.258185,-2.45647,0
0.208131,0.269445,-2.46029,0
0.208218,0.280518,-2.46207,0
0.208305,0.291375,-2.46182,0
0.208392,0.301992,-2.45953,0
0.20848,0.311585,-2.44926,0
0.208567,0.322139,-2.44689,0
0.208654,0.333621,-2.4514,0
0.208741,0.345567,-2.45884,0
0.208829,0.355862,-2.45434,0
0.208916,0.367159,-2.45672,0
0.209003,0.379091,-2.463,0
0.20909,0.389365,-2.45836,0
0.209178,0.400249,-2.45762,0
0.209265,0.411464,-2.45881,0
0.209352,0.422527,-2.45896,0
0.20944,0.432384,-2.45217,0
0.209527,0.441122,-2.43944,0
0.209614,0.45322,-2.44535,0
0.209701,0.466497,-2.45711,0
0.209789,0.474733,-2.44229,0
0.209876,0.485385,-2.44019,0
0.209963,0.497423,-2.44491,0
0.21005,0.507068,-2.43782,0
0.210138,0.519363,-2.44341,0
0.210225,0.530444,-2.44308,0
0.210312,0.542614,-2.44757,0
0.210399,0.552847,-2.44323,0
0.210487,0.564177,-2.44372,0
0.210574,0.576668,-2.44902,0
0.210661,0.585014,-2.43676,0
0.210749,0.598731,-2.44681,0
0.210836,0.608192,-2.43932,0
0.210923,0.621537,-2.44731,0
0.21101,0.631959,-2.4436,0
0.211098,0.644143,-2.44663,0
0.211185,0.654036,-2.44089,0
0.211272,0.665732,-2.44188,0
0.211359,0.677449,-2.4428,0
0.211447,0.686201,-2.43309,0
0.211534,0.698465,-2.43584,0
0.211621,0.708527,-2.43085,0
0.211708,0.722819,-2.4402,0
0.211796,0.733459,-2.43702,0
0.211883,0.749349,-2.45101,0
0.21197,0.758257,-2.44199,0
0.212057,0.769205,-2.43961,0
0.212145,0.777709,-2.42956,0
0.212232,0.794174,-2.44422,0
0.212319,0.799507,-2.42458,0
0.212407,0.8123,-2.42771,0
0.212494,0.825457,-2.43172,0
0.212581,0.836059,-2.42809,0
0.212668,0.850602,-2.43575,0
0.212756,0.859886,-2.42824,0
0.212843,0.871825,-2.42823,0
0.21293,0.886174,-2.43474,0
0.213017,0.896789,-2.43085,0
0.213105,0.909839,-2.43347,0
0.213192,0.921157,-2.43135,0
0.213279,0.930681,-2.42451,0
0.213366,0.945963,-2.43254,0
0.213454,0.956202,-2.42746,0
0.213541,0.968637,-2.42791,0
0.213628,0.981469,-2.42922,0
0.213716,0.993574,-2.42862,0
0.213803,1.00952,-2.43719,0
0.21389,1.02169,-2.43646,0
0.213977,1.03387,-2.43566,0
0.214065,1.04133,-2.42377,0
0.214152,1.06067,-2.43938,0
0.214239,1.06688,-2.42466,0
0.214326,1.08639,-2.44008,0
0.214414,1.09662,-2.4344,0
0.214501,1.11013,-2.43597,0
0.214588,1.12075,-2.4311,0
0.214675,1.13135,-2.42619,0
0.214763,1.14576,-2.42937,0
0.21485,1.15764,-2.42705,0
0.214937,1.1704,-2.42648,0
0.215025,1.18053,-2.42045,0
0.215112,1.19904,-2.43142,0
0.215199,1.20875,-2.42438,0
0.215286,1.22517,-2.43069,0
0.215374,1.23258,-2.41908,0
0.215461,1.24954,-2.42613,0
0.215548,1.25919,-2.41888,0
0.215635,1.27718,-2.42752,0
0.215723,1.2887,-2.42369,0
0.21581,1.30352,-2.42597,0
0.215897,1.31934,-2.42993,0
0.215984,1.33138,-2.42678,0
0.216072,1.34098,-2.4192,0
0.216159,1.35495,-2.41943,0
0.216246,1.36697,-2.41611,0
0.216334,1.38544,-2.42401,0
0.216421,1.3955,-2.41708,0
0.216508,1.4151,-2.42651,0
0.216595,1.4338,-2.4341,0
0.216683,1.44236,-2.42439,0
0.21677,1.45395,-2.41978,0
0.216857,1.46605,-2.41598,0
0.216944,1.48651,-2.42576,0
0.217032,1.50181,-2.42691,0
0.217119,1.51663,-2.42711,0
0.217206,1.52987,-2.4247,0
0.217293,1.54044,-2.418,0
0.217381,1.55476,-2.41715,0
0.217468,1.57128,-2.41956,0
0.217555,1.58786,-2.42188,0
0.217643,1.60062,-2.41827,0
0.21773,1.61615,-2.41875,0
0.217817,1.63732,-2.42742,0
0.217904,1.6462,-2.41777,0
0.217992,1.66184,-2.41799,0
0.218079,1.6775,-2.41811,0
0.218166,1.6932,-2.41814,0
0.218253,1.70431,-2.41154,0
0.218341,1.72237,-2.41467,0
0.218428,1.73931,-2.41606,0
0.218515,1.75395,-2.41411,0
0.218602,1.77156,-2.41611,0
0.21869,1.78506,-2.41237,0
0.218777,1.80574,-2.41818,0
0.218864,1.8241,-2.42066,0
0.218952,1.83767,-2.41666,0
0.219039,1.85368,-2.41576,0
0.219126,1.86726,-2.4116,0
0.219213,1.88516,-2.41289,0
0.219301,1.9,-2.41014,0
0.219388,1.91797,-2.41122,0
0.219475,1.93473,-2.41062,0
0.219562,1.95404,-2.41304,0
0.21965,1.96961,-2.41068,0
0.219737,1.99029,-2.41441,0
0.219824,2.00848,-2.41493,0
0.219911,2.01,-2.39542,0
0.219999,2.00815,-2.37213,0
0.220086,2.01329,-2.35726,0
0.220173,2.01246,-2.33557,0
0.220261,2.01345,-2.3162,0
0.220348,2.011,-2.29311,0
0.220435,2.01436,-2.27683,0
0.220522,2.01363,-2.25608,0
0.22061,2.01007,-2.23241,0
0.220697,2.00567,-2.20807,0
0.220784,2.00583,-2.18898,0
0.220871,2.00382,-2.16772,0
0.220959,2.00303,-2.14799,0
0.221046,2.00622,-2.13267,0
0.221133,2.01206,-2.12027,0
0.22122,2.01369,-2.10352,0
0.221308,2.00826,-2.07961,0
0.221395,2.00336,-2.0565,0
0.221482,2.00811,-2.04346,0
0.22157,2.00222,-2.01977,0
0.221657,1.99899,-1.99899,0
0.221744,2.00485,-1.98743,0
0.221831,1.99496,-1.96044,0
0.221919,1.9992,-1.94753,0
0.222006,2.00408,-1.93532,0
0.222093,2.00312,-1.91757,0
0.22218,2.00348,-1.90124,0
0.222268,1.99355,-1.87535,0
0.222355,1.99806,-1.86322,0
0.222442,1.99515,-1.8443,0
0.222529,1.99581,-1.82882,0
0.222617,2.00451,-1.82077,0
0.222704,2.00129,-1.80197,0
0.222791,1.99794,-1.78323,0
0.222879,2.00271,-1.77185,0
0.222966,1.99538,-1.7499,0
0.223053,1.99092,-1.73068,0
0.22314,1.99315,-1.71741,0
0.223228,1.99683,-1.70545,0
0.223315,2.00272,-1.69543,0
0.223402,2.00014,-1.67832,0
0.223489,2.00206,-1.6651,0
0.223577,2.01163,-1.65826,0
0.223664,2.00258,-1.63618,0
0.223751,2.0097,-1.62742,0
0.223838,1.99806,-1.60362,0
0.223926,2.02382,-1.60982,0
0.224013,2.03633,-1.60531,0
0.2241,2.03386,-1.58902,0
0.224188,2.03603,-1.57646,0
0.224275,2.04209,-1.56695,0
0.224362,2.06005,-1.5665,0
0.224449,2.07006,-1.5599,0
0.224537,2.05682,-1.5359,0
0.224624,2.09003,-1.54654,0
0.224711,2.09514,-1.53622,0
0.224798,2.08888,-1.51766,0
0.224886,2.09143,-1.50561,0
0.224973,2.08251,-1.48544,0
0.22506,2.06202,-1.45729,0
0.225147,2.06672,-1.44713,0
0.225235,2.08123,-1.4438,0
0.225322,2.08586,-1.43357,0
0.225409,2.08466,-1.41939,0
0.225497,2.08586,-1.40693,0
0.225584,2.0687,-1.38226,0
0.225671,2.04469,-1.35335,0
0.225758,2.03134,-1.3318,0
0.225846,2.02455,-1.31476,0
0.225933,2.02943,-1.30537,0
0.22602,2.04775,-1.30456,0
0.226107,2.05343,-1.29562,0
0.226195,2.05567,-1.28452,0
0.226282,2.05445,-1.27133,0
0.226369,2.04975,-1.25609,0
0.226456,2.05948,-1.24972,0
0.226544,2.06406,-1.24021,0
0.226631,2.04109,-1.21432,0
0.226718,2.0076,-1.18256,0
0.226806,2.00237,-1.16775,0
0.226893,1.99619,-1.1525,0
0.22698,1.99165,-1.13832,0
0.227067,1.98006,-1.12026,0
0.227155,1.99889,-1.11943,0
0.227242,1.99413,-1.10537,0
0.227329,1.99368,-1.09377,0
0.227416,1.98701,-1.07886,0
0.227504,1.98641,-1.06734,0
0.227591,1.9884,-1.05725,0
0.227678,1.9868,-1.0453,0
0.227765,1.99045,-1.03616,0
0.227853,1.99673,-1.02838,0
0.22794,1.99318,-1.01558,0
0.228027,1.99224,-1.00417,0
0.228115,1.98944,-0.991898,0
0.228202,1.98209,-0.977458,0
0.228289,1.98993,-0.970554,0
0.228376,1.98964,-0.95969,0
0.228464,1.99201,-0.950138,0
0.228551,1.98618,-0.936745,0
0.228638,1.99206,-0.928915,0
0.228725,1.98248,-0.913934,0
0.228813,1.99009,-0.906934,0
0.2289,1.98946,-0.896189,0
0.228987,1.98331,-0.883025,0
0.229074,1.98348,-0.872752,0
0.229162,1.97718,-0.859703,0
0.229249,1.98459,-0.852647,0
0.229336,1.98461,-0.842416,0
0.229424,1.98642,-0.832975,0
0.229511,1.99096,-0.824683,0
0.229598,1.99269,-0.815231,0
0.229685,1.99345,-0.805404,0
0.229773,1.99044,-0.794105,0
0.22986,1.98458,-0.781747,0
0.229947,1.98611,-0.772355,0
0.230034,1.98946,-0.763682,0
0.230122,1.98342,-0.751451,0
0.230209,1.982,-0.741039,0
0.230296,1.99272,-0.735153,0
0.230383,1.99027,-0.724399,0
0.230471,1.99435,-0.716046,0
0.230558,1.99651,-0.707003,0
0.230645,2.00525,-0.700263,0
0.230733,1.99221,-0.685972,0
0.23082,1.98571,-0.674059,0
0.230907,1.99148,-0.66634,0
0.230994,1.98487,-0.654512,0
0.231082,1.98581,-0.645228,0
0.231169,1.99622,-0.638996,0
0.231256,1.98564,-0.62607,0
0.231343,1.98262,-0.61562,0
0.231431,1.98816,-0.607841,0
0.231518,1.986,-0.597719,0
0.231605,1.99243,-0.590184,0
0.231692,1.97674,-0.576168,0
0.23178,1.98212,-0.568364,0
0.231867,1.99036,-0.561339,0
0.231954,1.98701,-0.551046,0
0.232042,1.99325,-0.543423,0
0.232129,1.98981,-0.533167,0
0.232216,1.99985,-0.526517,0
0.232303,1.98664,-0.51378,0
0.232391,1.98402,-0.503876,0
0.232478,1.9862,-0.495214,0
0.232565,1.99417,-0.487969,0
0.232652,1.9885,-0.477396,0
0.23274,1.99056,-0.468715,0
0.232827,1.98771,-0.4589,0
0.232914,1.9858,-0.44934,0
0.233001,1.99457,-0.442186,0
0.233089,1.99257,-0.43263,0
0.233176,1.97977,-0.420813,0
0.233263,1.97767,-0.411356,0
0.233351,1.99023,-0.404916,0
0.233438,1.99786,-0.397399,0
0.233525,1.99467,-0.387724,0
0.233612,1.99143,-0.378084,0
0.2337,1.99207,-0.369209,0
0.233787,1.99465,-0.360692,0
0.233874,1.99818,-0.352332,0
0.233961,1.99279,-0.342425,0
0.234049,1.98638,-0.332406,0
0.234136,1.98485,-0.323253,0
0.234223,1.99019,-0.315215,0
0.23431,1.98562,-0.305616,0
0.234398,1.9899,-0.297393,0
0.234485,1.98821,-0.288277,0
0.234572,1.98351,-0.278764,0
0.23466,1.97975,-0.269432,0
0.234747,1.99082,-0.262097,0
0.234834,1.985,-0.252524,0
0.234921,1.98906,-0.244226,0
0.235009,1.9921,-0.23578,0
0.235096,1.98714,-0.226406,0
0.235183,1.98612,-0.217516,0
0.23527,1.98308,-0.20843,0
0.235358,1.98695,-0.200076,0
0.235445,1.97885,-0.190541,0
0.235532,1.98464,-0.182363,0
0.235619,1.9884,-0.173963,0
0.235707,1.98018,-0.16454,0
0.235794,1.97888,-0.155741,0
0.235881,1.98253,-0.147328,0
0.235969,1.98216,-0.138606,0
0.236056,1.98374,-0.130021,0
0.236143,1.9783,-0.120998,0
0.23623,1.98081,-0.112479,0
0.236318,1.98428,-0.103992,0
0.236405,1.98271,-0.0952366,0
0.236492,1.96912,-0.0859739,0
0.236579,1.97847,-0.0777345,0
0.236667,1.98679,-0.0693802,0
0.236754,1.98407,-0.060619,0
0.236841,1.98232,-0.0519089,0
0.236928,1.96753,-0.0429317,0
0.237016,1.9717,-0.0344162,0
0.237103,1.96383,-0.025708,0
0.23719,1.95093,-0.0170255,0
0.237278,1.94598,-0.00849105,0
0.237365,1.932,-4.67822e-08,0
0.237452,1.91798,0.00836878,0
0.237539,1.90793,0.0166502,0
0.237627,1.90384,0.0249225,0
0.237714,1.87371,0.0327058,0
0.237801,1.72859,0.0377179,0
0.237888,1.70242,0.0445793,0
0.237976,1.69121,0.0516711,0
0.238063,1.70096,0.0593989,0
0.23815,1.69669,0.0666631,0
0.238237,1.69538,0.0740221,0
0.238325,1.69704,0.0815148,0
0.238412,1.69767,0.0889711,0
0.238499,1.68828,0.0958675,0
0.238587,1.69683,0.103782,0
0.238674,1.69137,0.110858,0
0.238761,1.69586,0.118586,0
0.238848,1.68934,0.12554,0
0.238936,1.68977,0.132988,0
0.239023,1.70413,0.141602,0
0.23911,1.75231,0.153307,0
0.239197,1.9239,0.176781,0
0.239285,1.96392,0.189104,0
0.239372,1.97302,0.198673,0
0.239459,1.98308,0.20843,0
0.239546,1.98911,0.217843,0
0.239634,1.98516,0.22618,0
0.239721,1.98812,0.23531,0
0.239808,1.98708,0.243982,0
0.239895,1.99393,0.25366,0
0.239983,1.98686,0.261574,0
0.24007,1.98074,0.269567,0
0.240157,1.98054,0.278346,0
0.240245,1.98425,0.287703,0
0.240332,1.98199,0.29621,0
0.240419,1.98463,0.305464,0
0.240506,1.97735,0.313182,0
0.240594,1.98682,0.323575,0
0.240681,1.98835,0.332736,0
0.240768,1.98097,0.340392,0
0.240855,1.96863,0.347123,0
0.240943,1.98973,0.359802,0
0.24103,1.98519,0.367933,0
0.241117,1.98651,0.377152,0
0.241204,1.98387,0.385625,0
0.241292,1.98021,0.393887,0
0.241379,1.98533,0.403919,0
0.241466,1.9855,0.412985,0
0.241554,1.97879,0.420605,0
0.241641,1.97694,0.429235,0
0.241728,1.97505,0.437857,0
0.241815,1.97897,0.447795,0
0.241903,1.98479,0.458225,0
0.24199,1.97791,0.465735,0
0.242077,1.98461,0.476462,0
0.242164,1.98348,0.485355,0
0.242252,1.98134,0.494004,0
0.242339,1.9782,0.502399,0
0.242426,1.97405,0.510525,0
0.242513,1.97567,0.520152,0
0.242601,1.96856,0.527473,0
0.242688,1.9836,0.540792,0
0.242775,1.97062,0.546502,0
0.242863,1.97881,0.558082,0
0.24295,1.97732,0.566986,0
0.243037,1.97482,0.575608,0
0.243124,1.97325,0.584504,0
0.243212,1.97451,0.594261,0
0.243299,1.97955,0.605209,0
0.243386,1.9788,0.614434,0
0.243473,1.97229,0.62186,0
0.243561,1.97051,0.630764,0
0.243648,1.97439,0.641519,0
0.243735,1.97632,0.651694,0
0.243822,1.98579,0.664436,0
0.24391,1.9734,0.66988,0
0.243997,1.97424,0.679786,0
0.244084,1.96182,0.685097,0
0.244172,1.9786,0.700661,0
0.244259,1.98023,0.710977,0
0.244346,1.98181,0.72132,0
0.244433,1.97302,0.727884,0
0.244521,1.97544,0.738587,0
0.244608,1.97781,0.749326,0
0.244695,1.97639,0.758665,0
0.244782,1.97865,0.769456,0
0.24487,1.96969,0.775883,0
0.244957,1.97651,0.788546,0
0.245044,1.97583,0.798287,0
0.245131,1.9751,0.808036,0
0.245219,1.96971,0.815881,0
0.245306,1.97167,0.826788,0
0.245393,1.97724,0.83929,0
0.245481,1.96713,0.845147,0
0.245568,1.96801,0.855715,0
0.245655,1.96975,0.866711,0
0.245742,1.976,0.879771,0
0.24583,1.97396,0.889206,0
0.245917,1.97917,0.901958,0
0.246004,1.98066,0.913097,0
0.246091,1.97756,0.922153,0
0.246179,1.96809,0.928214,0
0.246266,1.97666,0.942819,0
0.246353,1.98784,0.958821,0
0.24644,1.97465,0.963101,0
0.246528,1.98209,0.977458,0
0.246615,1.97691,0.985651,0
0.246702,1.97706,0.996518,0
0.24679,1.97091,1.00423,0
0.246877,1.98429,1.02197,0
0.246964,1.97626,1.02878,0
0.247051,1.9806,1.04205,0
0.247139,1.9725,1.0488,0
0.247226,1.97055,1.05882,0
0.247313,1.9791,1.07456,0
0.2474,1.97877,1.08559,0
0.247488,1.98101,1.09809,0
0.247575,1.97097,1.1038,0
0.247662,1.98963,1.12568,0
0.247749,1.98383,1.13385,0
0.247837,1.9858,1.1465,0
0.247924,1.98941,1.16019,0
0.248011,1.98175,1.16734,0
0.248099,1.97835,1.177,0
0.248186,1.9852,1.19283,0
0.248273,1.98938,1.20719,0
0.24836,1.98239,1.21481,0
0.248448,1.98557,1.22871,0
0.248535,1.97595,1.23471,0
0.248622,1.98069,1.24973,0
0.248709,1.9845,1.26427,0
0.248797,1.98485,1.2767,0
0.248884,1.97255,1.28099,0
0.248971,1.97614,1.29562,0
0.249058,1.98215,1.31195,0
0.249146,1.98472,1.32615,0
0.249233,1.97725,1.33368,0
0.24932,1.9772,1.34623,0
0.249408,1.98038,1.36107,0
0.249495,1.97935,1.37312,0
0.249582,1.97907,1.38576,0
0.249669,1.97464,1.39554,0
0.249757,1.97993,1.41227,0
0.249844,1.97537,1.42206,0
0.249931,1.97966,1.43831,0
0.250018,1.9766,1.4493,0
0.250106,1.97668,1.46267,0
0.250193,1.9791,1.47786,0
0.25028,1.97742,1.49009,0
0.250367,1.96851,1.49689,0
0.250455,1.9691,1.51095,0
0.250542,1.97672,1.53054,0
0.250629,1.97948,1.54654,0
0.250717,1.97586,1.55764,0
0.250804,1.98078,1.57558,0
0.250891,1.98013,1.58922,0
0.250978,1.97784,1.60162,0
0.251066,1.9747,1.6134,0
0.251153,1.9769,1.62963,0
0.25124,1.97592,1.64336,0
0.251327,1.97333,1.65582,0
0.251415,1.97601,1.67281,0
0.251502,1.97934,1.69051,0
0.251589,1.978,1.70436,0
0.251676,1.97734,1.71887,0
0.251764,1.97358,1.73078,0
0.251851,1.9735,1.746,0
0.251938,1.97407,1.76192,0
0.252026,1.9671,1.77119,0
0.252113,1.97934,1.79791,0
0.2522,1.97959,1.81396,0
0.252287,1.9812,1.8314,0
0.252375,1.97466,1.8414,0
0.252462,1.98117,1.8637,0
0.252549,1.9781,1.87714,0
0.252636,1.97928,1.89475,0
0.252724,1.97675,1.90892,0
0.252811,1.98201,1.93079,0
0.252898,1.98284,1.94853,0
0.252985,1.98355,1.96631,0
0.253073,1.97778,1.97778,0
0.25316,1.98673,2.00414,0
0.253247,1.98147,2.01636,0
0.253335,1.98172,2.0343,0
0.253422,1.98533,2.05587,0
0.253509,1.98395,2.07246,0
0.253596,1.97695,2.08328,0
0.253684,1.97881,2.10354,0
0.253771,1.99007,2.13409,0
0.253858,1.97803,2.13982,0
0.253945,1.98826,2.16981,0
0.254033,1.98617,2.1866,0
0.25412,1.98598,2.20565,0
0.254207,1.97767,2.21579,0
0.254294,1.98256,2.24088,0
0.254382,1.97936,2.25702,0
0.254469,1.97671,2.27394,0
0.254556,1.97982,2.29769,0
0.254644,1.98341,2.32228,0
0.254731,1.97972,2.33854,0
0.254818,1.98557,2.36631,0
0.254905,1.98418,2.38572,0
0.254993,1.97884,2.40052,0
0.25508,1.9772,2.41998,0
0.255167,1.97921,2.44412,0
0.255254,1.97854,2.46521,0
0.255342,1.98395,2.49417,0
0.255429,1.98667,2.52008,0
0.255516,1.98551,2.54133,0
0.255603,1.98909,2.56895,0
0.255691,1.98578,2.58792,0
0.255778,1.98839,2.61487,0
0.255865,1.9878,2.63789,0
0.255953,1.98644,2.66016,0
0.25604,1.9873,2.68569,0
0.256127,1.98857,2.71207,0
0.256214,1.98965,2.73852,0
0.256302,1.98411,2.75611,0
0.256389,1.9802,2.77613,0
0.256476,1.95999,2.77331,0
0.256563,1.94098,2.77201,0
0.256651,1.92089,2.76895,0
0.256738,1.90312,2.76906,0
0.256825,1.88315,2.76577,0
0.256912,1.86435,2.76401,0
0.257,1.84505,2.76131,0
0.257087,1.82857,2.76266,0
0.257174,1.81704,2.77145,0
0.257262,1.79949,2.77097,0
0.257349,1.78359,2.77291,0
0.257436,1.76395,2.76885,0
0.257523,1.74865,2.77145,0
0.257611,1.72701,2.76379,0
0.257698,1.71651,2.77385,0
0.257785,1.69864,2.77193,0
0.257872,1.68134,2.77077,0
0.25796,1.66512,2.77122,0
0.258047,1.64841,2.77073,0
0.258134,1.63377,2.77358,0
0.258221,1.62064,2.77896,0
0.258309,1.5995,2.77042,0
0.258396,1.58392,2.77129,0
0.258483,1.57428,2.78253,0
0.258571,1.55284,2.77279,0
0.258658,1.53491,2.76905,0
0.258745,1.52137,2.77309,0
0.258832,1.50687,2.7753,0
0.25892,1.49048,2.77392,0
0.259007,1.4901,2.80248,0
0.259094,1.4625,2.77975,0
0.259181,1.44666,2.779,0
0.259269,1.42948,2.77551,0
0.259356,1.41736,2.78172,0
0.259443,1.40026,2.77806,0
0.25953,1.38857,2.78504,0
0.259618,1.36888,2.77582,0
0.259705,1.35325,2.77458,0
0.259792,1.33722,2.77235,0
0.25988,1.32425,2.77635,0
0.259967,1.31042,2.77849,0
0.260054,1.29702,2.78146,0
0.260141,1.27649,2.76893,0
0.260229,1.26606,2.77811,0
0.260316,1.25228,2.77996,0
0.260403,1.23729,2.77901,0
0.26049,1.22193,2.77706,0
0.260578,1.211,2.78511,0
0.260665,1.19489,2.78118,0
0.260752,1.18001,2.77992,0
0.260839,1.16284,2.77306,0
0.260927,1.15264,2.78273,0
0.261014,1.13557,2.7757,0
0.261101,1.12045,2.77321,0
0.261189,1.10982,2.78178,0
0.261276,1.09474,2.77916,0
0.261363,1.08079,2.77925,0
0.26145,1.0665,2.77834,0
0.261538,1.0572,2.79044,0
0.261625,1.03977,2.78098,0
0.261712,1.02866,2.7883,0
0.261799,1.01238,2.78149,0
0.261887,0.998206,2.78023,0
0.261974,0.98473,2.78079,0
0.262061,0.97028,2.77845,0
0.262148,0.958798,2.78455,0
0.262236,0.943103,2.77829,0
0.262323,0.932876,2.78807,0
0.26241,0.917883,2.78357,0
0.262498,0.906965,2.79135,0
0.262585,0.890509,2.78195,0
0.262672,0.881068,2.79439,0
0.262759,0.863529,2.78102,0
0.262847,0.851971,2.78667,0
0.262934,0.837787,2.78366,0
0.263021,0.823929,2.78154,0
0.263108,0.811504,2.78414,0
0.263196,0.797695,2.78189,0
0.263283,0.78772,2.79305,0
0.26337,0.771785,2.78296,0
0.263457,0.759108,2.78438,0
0.263545,0.744364,2.778,0
0.263632,0.735291,2.79283,0
0.263719,0.721846,2.79117,0
0.263807,0.708429,2.78945,0
0.263894,0.696493,2.79348,0
0.263981,0.681208,2.78387,0
0.264068,0.670455,2.79265,0
0.264156,0.656201,2.78678,0
0.264243,0.64426,2.7906,0
0.26433,0.630091,2.7846,0
0.264417,0.61945,2.79416,0
0.264505,0.605767,2.78999,0
0.264592,0.593588,2.79261,0
0.264679,0.580379,2.79028,0
0.264766,0.567999,2.79181,0
0.264854,0.554252,2.78641,0
0.264941,0.541707,2.78684,0
0.265028,0.529355,2.78819,0
0.265116,0.51518,2.77966,0
0.265203,0.506427,2.80058,0
0.26529,0.492987,2.79587,0
0.265377,0.480783,2.79799,0
0.265465,0.46692,2.7902,0
0.265552,0.455223,2.79517,0
0.265639,0.442553,2.79417,0
0.265726,0.428075,2.78125,0
0.265814,0.41697,2.79001,0
0.265901,0.404793,2.79181,0
0.265988,0.391216,2.78364,0
0.266075,0.379605,2.78929,0
0.266163,0.367431,2.79092,0
0.26625,0.355629,2.79547,0
0.266337,0.34294,2.79302,0
0.266425,0.331456,2.80045,0
0.266512,0.318214,2.79293,0
0.266599,0.30461,2.78137,0
0.266686,0.293621,2.79361,0
0.266774,0.281428,2.79487,0
0.266861,0.269423,2.79806,0
0.266948,0.256937,2.79622,0
0.267035,0.245431,2.80528,0
0.267123,0.232194,2.79437,0
0.26721,0.219999,2.79536,0
0.267297,0.208171,2.80128,0
0.267384,0.195807,2.80016,0
0.267472,0.183325,2.797,0
0.267559,0.171363,2.80176,0
0.267646,0.15891,2.79849,0
0.267733,0.146384,2.79317,0
0.267821,0.134099,2.79178,0
0.267908,0.122091,2.79634,0
0.267995,0.110045,2.80084,0
0.268083,0.0976838,2.79729,0
0.26817,0.0854469,2.79669,0
0.268257,0.0730076,2.78804,0
0.268344,0.0609727,2.79433,0
0.268432,0.0487796,2.79457,0
0.268519,0.0365855,2.79476,0
0.268606,0.024382,2.79389,0
0.268693,0.0122348,2.80397,0
0.268781,1.01761e-07,2.797,0
0.268868,-0.0122259,2.80197,0
0.268955,-0.0243906,2.79489,0
0.269042,-0.0366639,2.80076,0
0.26913,-0.0488317,2.79757,0
0.269217,-0.0610161,2.79633,0
0.269304,-0.0734786,2.80604,0
0.269392,-0.0855993,2.80169,0
0.269479,-0.0981024,2.80929,0
0.269566,-0.110163,2.80384,0
0.269653,-0.122396,2.80333,0
0.269741,-0.134579,2.80177,0
0.269828,-0.146855,2.80215,0
0.269915,-0.15891,2.79849,0
0.270002,-0.171852,2.80975,0
0.27009,-0.183848,2.80498,0
0.270177,-0.196225,2.80615,0
0.270264,-0.208467,2.80526,0
0.270351,-0.219842,2.79336,0
0.270439,-0.233271,2.80732,0
0.270526,-0.245343,2.80429,0
0.270613,-0.258492,2.81315,0
0.270701,-0.269997,2.80403,0
0.270788,-0.28233,2.80382,0
0.270875,-0.295084,2.80754,0
0.270962,-0.307549,2.80821,0
0.27105,-0.319573,2.80485,0
0.271137,-0.332043,2.80542,0
0.271224,-0.344646,2.80692,0
0.271311,-0.357648,2.81134,0
0.271399,-0.368736,2.80083,0
0.271486,-0.381493,2.80316,0
0.271573,-0.395669,2.81533,0
0.27166,-0.406945,2.80665,0
0.271748,-0.420665,2.81474,0
0.271835,-0.432487,2.80991,0
0.271922,-0.445682,2.81392,0
0.27201,-0.457152,2.80702,0
0.272097,-0.470881,2.81387,0
0.272184,-0.482815,2.80982,0
0.272271,-0.495765,2.81163,0
0.272359,-0.509096,2.81534,0
0.272446,-0.5201,2.80621,0
0.272533,-0.534578,2.8157,0
0.27262,-0.545714,2.80745,0
0.272708,-0.558934,2.80995,0
0.272795,-0.572585,2.81434,0
0.272882,-0.585266,2.81378,0
0.272969,-0.595667,2.80239,0
0.273057,-0.608101,2.80074,0
0.273144,-0.624212,2.81564,0
0.273231,-0.637595,2.81776,0
0.273319,-0.651233,2.8208,0
0.273406,-0.661472,2.80917,0
0.273493,-0.676991,2.81987,0
0.27358,-0.685248,2.80038,0
0.273668,-0.681978,2.73526,0
0.273755,-0.682829,2.68865,0
0.273842,-0.68504,2.64885,0
0.273929,-0.684624,2.60039,0
0.274017,-0.689494,2.57323,0
0.274104,-0.687037,2.52002,0
0.274191,-0.689208,2.4852,0
0.274278,-0.681858,2.41769,0
0.274366,-0.654363,2.28204,0
0.274453,-0.648923,2.22636,0
0.27454,-0.652099,2.20145,0
0.274628,-0.659393,2.19092,0
0.274715,-0.661637,2.16412,0
0.274802,-0.665143,2.14211,0
0.274889,-0.670273,2.12584,0
0.274977,-0.677408,2.11622,0
0.275064,-0.689108,2.12086,0
0.275151,-0.690839,2.09504,0
0.275238,-0.691089,2.06545,0
0.275326,-0.687559,2.02548,0
0.275413,-0.6876,1.99694,0
0.2755,-0.690372,1.97692,0
0.275587,-0.690313,1.94938,0
0.275675,-0.680902,1.89647,0
0.275762,-0.681646,1.87281,0
0.275849,-0.680812,1.84542,0
0.275937,-0.626171,1.67477,0
0.276024,-0.607255,1.60282,0
0.276111,-0.602058,1.56842,0
0.276198,-0.607446,1.56205,0
0.276286,-0.614256,1.55938,0
0.276373,-0.617719,1.54833,0
0.27646,-0.621098,1.53727,0
0.276547,-0.619848,1.51511,0
0.276635,-0.612676,1.47913,0
0.276722,-0.609456,1.45339,0
0.276809,-0.61462,1.44795,0
0.276896,-0.613037,1.42688,0
0.276984,-0.603307,1.38751,0
0.277071,-0.573914,1.30432,0
0.277158,-0.574719,1.29084,0
0.277246,-0.572953,1.27191,0
0.277333,-0.577253,1.26667,0
0.27742,-0.574401,1.24597,0
0.277507,-0.578142,1.23983,0
0.277595,-0.583546,1.23729,0
0.277682,-0.58937,1.23564,0
0.277769,-0.589108,1.22135,0
0.277856,-0.592678,1.21517,0
0.277944,-0.591782,1.20002,0
0.278031,-0.598351,1.20011,0
0.278118,-0.615735,1.2216,0
0.278205,-0.622421,1.22157,0
0.278293,-0.627287,1.21795,0
0.27838,-0.640907,1.23117,0
0.278467,-0.648135,1.2319,0
0.278555,-0.652565,1.2273,0
0.278642,-0.660754,1.22972,0
0.278729,-0.671362,1.2365,0
0.278816,-0.679156,1.23794,0
0.278904,-0.687945,1.24109,0
0.278991,-0.694331,1.23982,0
0.279078,-0.690378,1.22024,0
0.279165,-0.690733,1.20853,0
0.279253,-0.689,1.19338,0
0.27934,-0.696719,1.19468,0
0.279427,-0.70091,1.18991,0
0.279514,-0.706607,1.1877,0
0.279602,-0.705602,1.17432,0
0.279689,-0.71902,1.18491,0
0.279776,-0.716868,1.16982,0
0.279864,-0.725123,1.17179,0
0.279951,-0.730759,1.16946,0
0.280038,-0.73959,1.17218,0
0.280125,-0.740936,1.16304,0
0.280213,-0.748168,1.16316,0
0.2803,-0.75378,1.16072,0
0.280387,-0.763224,1.16411,0
0.280474,-0.7694,1.16244,0
0.280562,-0.777798,1.16406,0
0.280649,-0.783988,1.16231,0
0.280736,-0.795243,1.16797,0
0.280823,-0.794668,1.15625,0
0.280911,-0.0359098,0.0517638,0
0.280998,-0.0435918,0.0622556,0
0.281085,-0.0571374,0.0808475,0
0.281173,-0.0662001,0.0928092,0
0.28126,-0.058425,0.0811574,0
0.281347,-0.0529007,0.0728115,0
0.281434,-0.0709572,0.0967734,0
0.281522,-0.0654305,0.0884243,0
0.281609,-0.0550459,0.0737154,0
0.281696,-0.0625888,0.0830581,0
0.281783,-0.0587135,0.0772122,0
0.281871,-0.0627024,0.0817154,0
0.281958,-0.0753027,0.0972548,0
0.282045,-0.0689541,0.0882572,0
0.282132,-0.0600521,0.0761757,0
0.28222,-0.0572713,0.072,0
0.282307,-0.0644701,0.0803281,0
0.282394,-0.0711132,0.0878175,0
0.282482,-0.0632705,0.0774393,0
0.282569,-0.0655161,0.0794773,0
0.282656,-0.0658622,0.0791907,0
0.282743,-0.0584937,0.06971,0
0.282831,-0.0613818,0.0725071,0
0.282918,-0.068192,0.0798426,0
0.283005,-0.0763729,0.0886351,0
0.283092,-0.0610135,0.070188,0
0.28318,-0.0718687,0.0819505,0
0.283267,-0.0616237,0.0696529,0
0.283354,-0.0725811,0.0813203,0
0.283441,-0.0675822,0.0750576,0
0.283529,-0.0692538,0.0762425,0
0.283616,-0.0628299,0.0685668,0
0.283703,-0.0475161,0.0514026,0
0.283791,-0.0518319,0.0555829,0
0.283878,-0.0459073,0.0488009,0
0.283965,-0.0488732,0.0515016,0
0.284052,-0.0407993,0.0426195,0
0.28414,-0.0368169,0.038125,0
0.284227,-0.030005,0.030801,0
0.284314,-0.0378491,0.0385155,0
0.284401,-0.0401288,0.0404806,0
0.284489,-0.0586899,0.0586899,0
