7200
1749
1.51844
1.53414,-0.066468,-0.066468,0
1.53423,-0.0732175,-0.0738593,0
1.53432,-0.0827073,-0.0841636,0
1.53441,-0.0914105,-0.0938356,0
1.53449,-0.121565,-0.125884,0
1.53458,-0.116866,-0.12208,0
1.53467,-0.123904,-0.130567,0
1.53476,-0.143888,-0.152958,0
1.53484,-0.15345,-0.164555,0
1.53493,-0.162233,-0.175503,0
1.53502,-0.145927,-0.159252,0
1.5351,-0.155317,-0.17099,0
1.53519,-0.156577,-0.173896,0
1.53528,-0.161143,-0.180546,0
1.53537,-0.162342,-0.183494,0
1.53545,-0.203738,-0.232318,0
1.53554,-0.130556,-0.150187,0
1.53563,-0.274159,-0.318177,0
1.53572,-0.274717,-0.321652,0
1.5358,-0.277187,-0.327427,0
1.53589,-0.278327,-0.331697,0
1.53598,-0.283911,-0.341366,0
1.53606,-0.281783,-0.34183,0
1.53615,-0.285983,-0.350025,0
1.53624,-0.29641,-0.366036,0
1.53633,-0.298566,-0.372005,0
1.53641,-0.29943,-0.376435,0
1.5365,-0.295308,-0.374596,0
1.53659,-0.296749,-0.379821,0
1.53668,-0.304272,-0.392973,0
1.53676,-0.304989,-0.39747,0
1.53685,-0.29841,-0.392429,0
1.53694,-0.289473,-0.384144,0
1.53702,-0.287196,-0.384602,0
1.53711,-0.28611,-0.386655,0
1.5372,-0.294472,-0.401609,0
1.53729,-0.29977,-0.412599,0
1.53737,-0.30381,-0.422018,0
1.53746,-0.30545,-0.428225,0
1.53755,-0.300115,-0.424654,0
1.53764,-0.297686,-0.42514,0
1.53772,-0.296398,-0.427256,0
1.53781,-0.297363,-0.432666,0
1.5379,-0.297724,-0.437266,0
1.53798,-0.29805,-0.441877,0
1.53807,-0.303341,-0.453982,0
1.53816,-0.297494,-0.449464,0
1.53825,-0.302658,-0.46163,0
1.53833,-0.302275,-0.465462,0
1.53842,-0.304028,-0.472664,0
1.53851,-0.304112,-0.47736,0
1.53859,-0.300959,-0.47699,0
1.53868,-0.297815,-0.476603,0
1.53877,-0.297311,-0.480449,0
1.53886,-0.293644,-0.479184,0
1.53894,-0.292588,-0.48217,0
1.53903,-0.296147,-0.492871,0
1.53912,-0.301152,-0.50619,0
1.53921,-0.291835,-0.495437,0
1.53929,-0.297227,-0.509663,0
1.53938,-0.299,-0.517883,0
1.53947,-0.300707,-0.526128,0
1.53955,-0.294962,-0.521343,0
1.53964,-0.299525,-0.53484,0
1.53973,-0.29234,-0.527396,0
1.53982,-0.295327,-0.53831,0
1.5399,-0.294407,-0.54223,0
1.53999,-0.296771,-0.552318,0
1.54008,-0.290603,-0.546545,0
1.54017,-0.29939,-0.569047,0
1.54025,-0.295981,-0.568574,0
1.54034,-0.282508,-0.548524,0
1.54043,-0.281928,-0.553315,0
1.54051,-0.288513,-0.572399,0
1.5406,-0.284228,-0.570073,0
1.54069,-0.284392,-0.576689,0
1.54078,-0.284065,-0.582419,0
1.54086,-0.279783,-0.58005,0
1.54095,-0.280263,-0.587583,0
1.54104,-0.287507,-0.609603,0
1.54113,-0.283999,-0.609039,0
1.54121,-0.290131,-0.629343,0
1.5413,-0.284065,-0.623323,0
1.54139,-0.280521,-0.622733,0
1.54147,-0.282275,-0.634001,0
1.54156,-0.281117,-0.638887,0
1.54165,-0.283112,-0.651113,0
1.54174,-0.281058,-0.654179,0
1.54182,-0.278982,-0.65724,0
1.54191,-0.282299,-0.673207,0
1.542,-0.276297,-0.667041,0
1.54209,-0.279064,-0.682123,0
1.54217,-0.261475,-0.647174,0
1.54226,-0.246791,-0.618587,0
1.54235,-0.232362,-0.589885,0
1.54243,-0.227974,-0.586233,0
1.54252,-0.224338,-0.584421,0
1.54261,-0.225683,-0.595681,0
1.5427,-0.225183,-0.60228,0
1.54278,-0.234667,-0.636094,0
1.54287,-0.267802,-0.735779,0
1.54296,-0.292636,-0.815058,0
1.54305,-0.291413,-0.822926,0
1.54313,-0.295403,-0.845904,0
1.54322,-0.290407,-0.843403,0
1.54331,-0.290903,-0.856972,0
1.54339,-0.281449,-0.841163,0
1.54348,-0.288737,-0.875623,0
1.54357,-0.283987,-0.874021,0
1.54366,-0.252428,-0.788584,0
1.54374,-0.205683,-0.652342,0
1.54383,-0.192455,-0.619808,0
1.54392,-0.183317,-0.599603,0
1.54401,-0.180987,-0.601355,0
1.54409,-0.17893,-0.604056,0
1.54418,-0.17993,-0.617312,0
1.54427,-0.174754,-0.60944,0
1.54435,-0.177793,-0.630408,0
1.54444,-0.173438,-0.625396,0
1.54453,-0.170707,-0.626147,0
1.54462,-0.168491,-0.628818,0
1.5447,-0.167273,-0.635349,0
1.54479,-0.167003,-0.645754,0
1.54488,-0.164184,-0.646477,0
1.54497,-0.160878,-0.645247,0
1.54505,-0.1602,-0.654685,0
1.54514,-0.158743,-0.661212,0
1.54523,-0.149897,-0.63659,0
1.54531,-0.13902,-0.602161,0
1.5454,-0.140805,-0.622268,0
1.54549,-0.133327,-0.601398,0
1.54558,-0.125609,-0.578521,0
1.54566,-0.122876,-0.578085,0
1.54575,-0.124832,-0.600155,0
1.54584,-0.120418,-0.591874,0
1.54593,-0.115298,-0.579644,0
1.54601,-0.114295,-0.587995,0
1.5461,-0.109303,-0.575716,0
1.54619,-0.108977,-0.587986,0
1.54627,-0.110859,-0.613057,0
1.54636,-0.105231,-0.596794,0
1.54645,-0.0992388,-0.577536,0
1.54654,-0.0939121,-0.561197,0
1.54662,-0.0927485,-0.569497,0
1.54671,-0.0946429,-0.597551,0
1.5468,-0.0889922,-0.578191,0
1.54689,-0.0830689,-0.555827,0
1.54697,-0.0819343,-0.565091,0
1.54706,-0.0772411,-0.549599,0
1.54715,-0.0787529,-0.578666,0
1.54723,-0.0690484,-0.524474,0
1.54732,-0.0702928,-0.552547,0
1.54741,-0.0642252,-0.523072,0
1.5475,-0.0651157,-0.55016,0
1.54758,-0.0603373,-0.529574,0
1.54767,-0.0627073,-0.572576,0
1.54776,-0.0545639,-0.51914,0
1.54785,-0.0526989,-0.523353,0
1.54793,-0.054057,-0.561403,0
1.54802,-0.0495024,-0.538731,0
1.54811,-0.0467155,-0.53396,0
1.54819,-0.0455445,-0.548111,0
1.54828,-0.0406418,-0.516403,0
1.54837,-0.0387587,-0.521562,0
1.54846,-0.0352968,-0.504767,0
1.54854,-0.0321783,-0.490947,0
1.54863,-0.0297917,-0.48709,0
1.54872,-0.0299338,-0.527151,0
1.54881,-0.0265343,-0.506305,0
1.54889,-0.0236532,-0.492432,0
1.54898,-0.0228566,-0.523501,0
1.54907,-0.0197477,-0.502612,0
1.54915,-0.0188806,-0.54067,0
1.54924,-0.0155746,-0.509762,0
1.54933,-0.0133502,-0.509825,0
1.54942,-0.0110165,-0.50488,0
1.5495,-0.0090229,-0.516921,0
1.54959,-0.00640082,-0.488958,0
1.54968,-0.00473852,-0.542979,0
1.54977,-0.00225584,-0.516995,0
1.54985,-6.31233e-09,-0.524,0
1.54994,0.00221219,-0.506995,0
1.55003,0.00450289,-0.51598,0
1.55011,0.0069113,-0.527955,0
1.5502,0.00891817,-0.510922,0
1.55029,0.0115183,-0.527874,0
1.55038,0.0137952,-0.526819,0
1.55046,0.0156052,-0.510762,0
1.55055,0.0182524,-0.522681,0
1.55064,0.0205721,-0.523596,0
1.55073,0.0229874,-0.526498,0
1.55081,0.0252365,-0.525394,0
1.5509,0.0278951,-0.53227,0
1.55099,0.0300472,-0.529148,0
1.55107,0.0333325,-0.544982,0
1.55116,0.0359717,-0.548822,0
1.55125,0.0378778,-0.541677,0
1.55134,0.0397221,-0.534526,0
1.55142,0.0421325,-0.535345,0
1.55151,0.0455445,-0.548111,0
1.5516,0.0488944,-0.558865,0
1.55168,0.0518814,-0.564621,0
1.55177,0.0541528,-0.562399,0
1.55186,0.0541015,-0.537283,0
1.55195,0.419473,-3.99102,0
1.55203,0.436992,-3.99014,0
1.55212,0.456322,-4.00509,0
1.55221,0.473558,-4.00107,0
1.5523,0.491743,-4.00492,0
1.55238,0.508203,-3.9948,0
1.55247,0.526804,-4.00147,0
1.55256,0.544258,-3.99913,0
1.55264,0.561424,-3.99474,0
1.55273,0.578132,-3.98731,0
1.55282,0.59715,-3.99562,0
1.55291,0.61397,-3.98903,0
1.55299,0.632777,-3.9952,0
1.55308,0.650364,-3.99339,0
1.55317,0.668773,-3.99643,0
1.55326,0.687559,-4.00136,0
1.55334,0.705533,-4.00127,0
1.55343,0.721383,-3.9893,0
1.55352,0.741334,-3.99988,0
1.5536,0.755609,-3.97991,0
1.55369,0.775066,-3.98737,0
1.55378,0.794213,-3.99278,0
1.55387,0.811826,-3.99025,0
1.55395,0.830655,-3.99353,0
1.55404,0.847864,-3.98889,0
1.55413,0.865473,-3.98613,0
1.55422,0.884372,-3.98915,0
1.5543,0.904418,-3.99695,0
1.55439,0.920725,-3.9881,0
1.55448,0.939722,-3.99085,0
1.55456,0.957593,-3.98866,0
1.55465,0.976651,-3.99124,0
1.55474,0.993089,-3.98306,0
1.55483,1.0144,-3.9942,0
1.55491,1.03081,-3.98586,0
1.555,1.05151,-3.9939,0
1.55509,1.06944,-3.99121,0
1.55518,1.08658,-3.98554,0
1.55526,1.10263,-3.97594,0
1.55535,1.12648,-3.99419,0
1.55544,1.14334,-3.98731,0
1.55552,1.16269,-3.98901,0
1.55561,1.18264,-3.99253,0
1.5557,1.20235,-3.99499,0
1.55579,1.21861,-3.98588,0
1.55587,1.23599,-3.98052,0
1.55596,1.25875,-3.99226,0
1.55605,1.27586,-3.98578,0
1.55614,1.29478,-3.98493,0
1.55622,1.31372,-3.98399,0
1.55631,1.33363,-3.9858,0
1.5564,1.35326,-3.98658,0
1.55648,1.36967,-3.9778,0
1.55657,1.39064,-3.98217,0
1.55666,1.40933,-3.97983,0
1.55675,1.42601,-3.97176,0
1.55683,1.44811,-3.97866,0
1.55692,1.47065,-3.98638,0
1.55701,1.48838,-3.98086,0
1.5571,1.50645,-3.97619,0
1.55718,1.52665,-3.97705,0
1.55727,1.54979,-3.98527,0
1.55736,1.56753,-3.9794,0
1.55744,1.58784,-3.97995,0
1.55753,1.60669,-3.97669,0
1.55762,1.63084,-3.9863,0
1.55771,1.64669,-3.97545,0
1.55779,1.66788,-3.97745,0
1.55788,1.68952,-3.98026,0
1.55797,1.70727,-3.97377,0
1.55806,1.73097,-3.98096,0
1.55814,1.75114,-3.97977,0
1.55823,1.77093,-3.97758,0
1.55832,1.79114,-3.97619,0
1.5584,1.81179,-3.97562,0
1.55849,1.83331,-3.97676,0
1.55858,1.85783,-3.98413,0
1.55867,1.87306,-3.97146,0
1.55875,1.8921,-3.96686,0
1.55884,1.89983,-3.93875,0
1.55893,1.89771,-3.89088,0
1.55902,1.88857,-3.82965,0
1.5591,1.89009,-3.79094,0
1.55919,1.88636,-3.74247,0
1.55928,1.88588,-3.70124,0
1.55936,1.88278,-3.65564,0
1.55945,1.88624,-3.62344,0
1.55954,1.88667,-3.58597,0
1.55963,1.88634,-3.54768,0
1.55971,1.88713,-3.51211,0
1.5598,1.88382,-3.46957,0
1.55989,1.88163,-3.42975,0
1.55998,1.86894,-3.37166,0
1.56006,1.87777,-3.353,0
1.56015,1.87712,-3.3178,0
1.56024,1.87967,-3.28874,0
1.56032,1.871,-3.24067,0
1.56041,1.87908,-3.22211,0
1.5605,1.88144,-3.19406,0
1.56059,1.40708,-2.36509,0
1.56067,1.41172,-2.3495,0
1.56076,1.42455,-2.34759,0
1.56085,1.43321,-2.33879,0
1.56094,1.44288,-2.33167,0
1.56102,1.45993,-2.33637,0
1.56111,1.47384,-2.3359,0
1.5612,1.48993,-2.33872,0
1.56128,1.49634,-2.32631,0
1.56137,1.54732,-2.38266,0
1.56146,1.75344,-2.67444,0
1.56155,1.69555,-2.5617,0
1.56163,1.89061,-2.82949,0
1.56172,1.89958,-2.81624,0
1.56181,1.83249,-2.69138,0
1.5619,1.83855,-2.67511,0
1.56198,1.83938,-2.65145,0
1.56207,1.85552,-2.64996,0
1.56216,1.86591,-2.6402,0
1.56224,1.88496,-2.64262,0
1.56233,1.90758,-2.64979,0
1.56242,1.91853,-2.64063,0
1.56251,1.93595,-2.6403,0
1.56259,1.95518,-2.64228,0
1.56268,1.97327,-2.64254,0
1.56277,1.98178,-2.62991,0
1.56286,2.00231,-2.63317,0
1.56294,2.01926,-2.63155,0
1.56303,2.04174,-2.63695,0
1.56312,2.04831,-2.62171,0
1.5632,2.06777,-2.62296,0
1.56329,2.09352,-2.63191,0
1.56338,2.11312,-2.63289,0
1.56347,2.13717,-2.63919,0
1.56355,2.14867,-2.62984,0
1.56364,2.1703,-2.63278,0
1.56373,2.19328,-2.63713,0
1.56381,2.21183,-2.63596,0
1.5639,2.22848,-2.63239,0
1.56399,2.25229,-2.63709,0
1.56408,2.26703,-2.63102,0
1.56416,2.28702,-2.63092,0
1.56425,2.31167,-2.63595,0
1.56434,2.30526,-2.60562,0
1.56443,2.30462,-2.5821,0
1.56451,2.29779,-2.55196,0
1.5646,2.30622,-2.53895,0
1.56469,2.29701,-2.50674,0
1.56477,2.08392,-2.25437,0
1.56486,2.04804,-2.19626,0
1.56495,2.03705,-2.16545,0
1.56504,2.02789,-2.13695,0
1.56512,2.03236,-2.12303,0
1.56521,2.02632,-2.09831,0
1.5653,2.03266,-2.08659,0
1.56539,2.03334,-2.06914,0
1.56547,2.02756,-2.04533,0
1.56556,2.02374,-2.02374,0
1.56565,2.03042,-2.01278,0
1.56573,2.02206,-1.98708,0
1.56582,2.02642,-1.97405,0
1.56591,2.01703,-1.94782,0
1.566,2.02334,-1.93693,0
1.56608,2.02089,-1.91776,0
1.56617,2.01613,-1.89659,0
1.56626,2.01634,-1.88027,0
1.56635,2.01645,-1.86399,0
1.56643,2.0194,-1.85044,0
1.56652,2.01561,-1.83085,0
1.56661,2.02135,-1.82004,0
1.56669,2.01883,-1.80188,0
1.56678,2.02218,-1.78907,0
1.56687,2.0217,-1.77298,0
1.56696,2.02262,-1.75824,0
1.56704,2.02043,-1.74091,0
1.56713,2.02192,-1.72688,0
1.56722,2.01188,-1.70318,0
1.56731,2.01929,-1.69439,0
1.56739,2.0136,-1.67469,0
1.56748,2.01394,-1.66016,0
1.56757,2.01342,-1.64503,0
1.56765,2.01592,-1.63246,0
1.56774,2.01756,-1.61926,0
1.56783,2.01365,-1.60173,0
1.56792,2.00491,-1.58055,0
1.568,2.01337,-1.57302,0
1.56809,2.01468,-1.55993,0
1.56818,2.01432,-1.54565,0
1.56827,2.01548,-1.5326,0
1.56835,2.01496,-1.51838,0
1.56844,2.01195,-1.50239,0
1.56853,2.01447,-1.49063,0
1.56861,2.01369,-1.4765,0
1.5687,2.01203,-1.46182,0
1.56879,1.99891,-1.43901,0
1.56888,2.00598,-1.43085,0
1.56896,2.00894,-1.41978,0
1.56905,2.00938,-1.40698,0
1.56914,2.01057,-1.39478,0
1.56923,2.01499,-1.38486,0
1.56931,2.0144,-1.37156,0
1.5694,2.0071,-1.35381,0
1.56949,1.99719,-1.33448,0
1.56957,1.99966,-1.32354,0
1.56966,2.00625,-1.31536,0
1.56975,2.00694,-1.30332,0
1.56984,2.01008,-1.29293,0
1.56992,2.00896,-1.27985,0
1.57001,2.00522,-1.2652,0
1.5701,2.01327,-1.25803,0
1.57019,2.00768,-1.24239,0
1.57027,2.00797,-1.23048,0
1.57036,2.00049,-1.21393,0
1.57045,2.0092,-1.20725,0
1.57053,2.00929,-1.1954,0
1.57062,1.99812,-1.17698,0
1.57071,2.00064,-1.16674,0
1.5708,2.00485,-1.1575,0
1.57088,2.00814,-1.14775,0
1.57097,2.00443,-1.13405,0
1.57106,2.00674,-1.12383,0
1.57115,2.00288,-1.11021,0
1.57123,2.01822,-1.10724,0
1.57132,2.01337,-1.09317,0
1.57141,2.00226,-1.07586,0
1.57149,2.01047,-1.06899,0
1.57158,2.0045,-1.05462,0
1.57167,2.0011,-1.0417,0
1.57176,2.00651,-1.03342,0
1.57184,2.00476,-1.02148,0
1.57193,2.00384,-1.01002,0
1.57202,2.00555,-0.999929,0
1.57211,2.00272,-0.987631,0
1.57219,1.99982,-0.975376,0
1.57228,2.00495,-0.967075,0
1.57237,1.99923,-0.953582,0
1.57245,2.00608,-0.94613,0
1.57254,1.99841,-0.931873,0
1.57263,2.00064,-0.922307,0
1.57272,1.99555,-0.909422,0
1.5728,2.00679,-0.903992,0
1.57289,2.00797,-0.894007,0
1.57298,2.00087,-0.880404,0
1.57307,1.99461,-0.867279,0
1.57315,1.99653,-0.857778,0
1.57324,2.00118,-0.84945,0
1.57333,2.00302,-0.839936,0
1.57341,2.00112,-0.828892,0
1.5735,2.00009,-0.81826,0
1.57359,2.00086,-0.808401,0
1.57368,1.99787,-0.797069,0
1.57376,2.0004,-0.787978,0
1.57385,1.99729,-0.776705,0
1.57394,2.0072,-0.770491,0
1.57403,2.00867,-0.761017,0
1.57411,2.00354,-0.749094,0
1.5742,1.99366,-0.735499,0
1.57429,1.99497,-0.726109,0
1.57437,1.99529,-0.716383,0
1.57446,1.99934,-0.708004,0
1.57455,1.99769,-0.697625,0
1.57464,1.99883,-0.688251,0
1.57472,1.99518,-0.677273,0
1.57481,1.99812,-0.668561,0
1.5749,1.99627,-0.65827,0
1.57499,1.99722,-0.648936,0
1.57507,1.99527,-0.638691,0
1.57516,1.99041,-0.627573,0
1.57525,1.99217,-0.618586,0
1.57533,1.99581,-0.61018,0
1.57542,1.98792,-0.598296,0
1.57551,2.00297,-0.593308,0
1.5756,1.99114,-0.580365,0
1.57568,1.99366,-0.571672,0
1.57577,1.99613,-0.562967,0
1.57586,1.99279,-0.552649,0
1.57595,2.00193,-0.54579,0
1.57603,2.00043,-0.536014,0
1.57612,1.99792,-0.526008,0
1.57621,1.99051,-0.514781,0
1.57629,1.99952,-0.507814,0
1.57638,2.0056,-0.500053,0
1.57647,2.00291,-0.490108,0
1.57656,1.99141,-0.478096,0
1.57664,1.99251,-0.469173,0
1.57673,1.99356,-0.46025,0
1.57682,2.00238,-0.453092,0
1.5769,1.9936,-0.44197,0
1.57699,1.9916,-0.432418,0
1.57708,1.98173,-0.421229,0
1.57717,1.98648,-0.413189,0
1.57725,1.99121,-0.405116,0
1.57734,1.98609,-0.395058,0
1.57743,1.98976,-0.38677,0
1.57752,1.99241,-0.378271,0
1.5776,1.99896,-0.370485,0
1.57769,1.98579,-0.35909,0
1.57778,1.99522,-0.351811,0
1.57786,1.99378,-0.342594,0
1.57795,1.99032,-0.333066,0
1.57804,1.99077,-0.324218,0
1.57813,1.98624,-0.31459,0
1.57821,1.97672,-0.304247,0
1.5783,1.98693,-0.296949,0
1.57839,1.99118,-0.288707,0
1.57848,1.98549,-0.279042,0
1.57856,1.99164,-0.27105,0
1.57865,1.98785,-0.261705,0
1.57874,1.98996,-0.253155,0
1.57882,1.99204,-0.244592,0
1.57891,1.9911,-0.235663,0
1.579,1.98615,-0.226293,0
1.57909,1.97917,-0.216754,0
1.57917,1.98109,-0.208221,0
1.57926,1.98596,-0.199975,0
1.57935,1.99378,-0.191979,0
1.57944,1.98962,-0.18282,0
1.57952,1.98342,-0.173527,0
1.57961,1.99114,-0.165451,0
1.5797,1.97788,-0.155663,0
1.57978,1.98054,-0.147179,0
1.57987,1.98016,-0.138467,0
1.57996,1.97576,-0.129498,0
1.58005,1.9823,-0.121242,0
1.58013,1.9858,-0.112762,0
1.58022,1.98827,-0.104201,0
1.58031,1.98671,-0.0954285,0
1.5804,1.98011,-0.0864537,0
1.58048,1.98647,-0.0780486,0
1.58057,1.98779,-0.0694151,0
1.58066,1.98208,-0.0605579,0
1.58074,1.98032,-0.0518566,0
1.58083,1.98353,-0.0432808,0
1.58092,1.9837,-0.0346256,0
1.58101,1.98183,-0.0259436,0
1.58109,1.98992,-0.0173659,0
1.58118,1.98598,-0.00866558,0
1.58127,1.981,-4.79687e-08,0
1.58136,1.97398,0.00861312,0
1.58144,1.96693,0.017165,0
1.58153,1.92783,0.0252367,0
1.58162,1.72174,0.030053,0
1.5817,1.6746,0.0365399,0
1.58179,1.67243,0.043794,0
1.58188,1.66222,0.0507855,0
1.58197,1.64999,0.057619,0
1.58205,1.64473,0.0646216,0
1.58214,1.65143,0.0721028,0
1.58223,1.65709,0.0795957,0
1.58232,1.64974,0.086459,0
1.5824,1.65034,0.0937131,0
1.58249,1.65591,0.101279,0
1.58258,1.65245,0.108308,0
1.58266,1.64399,0.114959,0
1.58275,1.64646,0.122353,0
1.58284,1.65488,0.130242,0
1.58293,1.65829,0.137793,0
1.58301,1.65269,0.144591,0
1.5831,1.65204,0.151801,0
1.58319,1.65634,0.159487,0
1.58328,1.65364,0.166513,0
1.58336,1.6519,0.173622,0
1.58345,1.65411,0.181154,0
1.58354,1.64337,0.187238,0
1.58362,1.64452,0.194642,0
1.58371,1.65755,0.203522,0
1.5838,1.6626,0.211509,0
1.58389,1.66662,0.219414,0
1.58397,1.67655,0.228168,0
1.58406,1.69138,0.237708,0
1.58415,1.69725,0.24609,0
1.58424,1.69221,0.252902,0
1.58432,1.68812,0.259827,0
1.58441,1.68598,0.267034,0
1.5845,1.68678,0.274709,0
1.58458,1.69148,0.283057,0
1.58467,1.68727,0.289926,0
1.58476,1.69584,0.299022,0
1.58485,1.69255,0.306063,0
1.58493,1.68923,0.313081,0
1.58502,1.68294,0.319516,0
1.58511,1.68545,0.327619,0
1.5852,1.69087,0.336336,0
1.58528,1.69527,0.344906,0
1.58537,1.69864,0.353318,0
1.58546,1.69415,0.360103,0
1.58554,1.69452,0.367916,0
1.58563,1.69583,0.375956,0
1.58572,1.70392,0.385558,0
1.58581,1.68858,0.38984,0
1.58589,1.68881,0.397663,0
1.58598,1.69387,0.406662,0
1.58607,1.69305,0.414286,0
1.58616,1.6922,0.421912,0
1.58624,1.69615,0.430768,0
1.58633,1.69329,0.437915,0
1.58642,1.69233,0.445553,0
1.5865,1.72708,0.462768,0
1.58659,1.81862,0.495814,0
1.58668,1.91666,0.531537,0
1.58677,1.92876,0.543967,0
1.58685,1.93886,0.55596,0
1.58694,1.95178,0.568892,0
1.58703,1.95312,0.578539,0
1.58712,1.95345,0.58792,0
1.5872,1.95277,0.597023,0
1.58729,1.95779,0.60791,0
1.58738,1.9637,0.619153,0
1.58746,1.96098,0.627716,0
1.58755,1.96298,0.637811,0
1.58764,1.96873,0.649189,0
1.58773,1.97536,0.660946,0
1.58781,1.97246,0.669558,0
1.5879,1.96762,0.677507,0
1.58799,1.96937,0.687735,0
1.58808,1.97012,0.697656,0
1.58816,1.97176,0.707935,0
1.58825,1.96584,0.715506,0
1.58834,1.96551,0.725115,0
1.58842,1.982,0.741039,0
1.58851,1.98249,0.751097,0
1.5886,1.97359,0.75759,0
1.58869,1.98145,0.770543,0
1.58877,1.96876,0.775517,0
1.58886,1.97744,0.788917,0
1.58895,1.96841,0.79529,0
1.58903,1.96677,0.804628,0
1.58912,1.96971,0.815881,0
1.58921,1.97074,0.826401,0
1.5893,1.9708,0.836555,0
1.58938,1.97632,0.849094,0
1.58947,1.96618,0.854918,0
1.58956,1.97524,0.869127,0
1.58965,1.95499,0.870416,0
1.58973,1.95299,0.87976,0
1.58982,1.96279,0.894493,0
1.58991,1.97249,0.909329,0
1.58999,1.96488,0.916236,0
1.59008,1.96267,0.925654,0
1.59017,1.96493,0.937223,0
1.59026,1.96082,0.945787,0
1.59034,1.97016,0.960909,0
1.59043,1.95967,0.966401,0
1.59052,1.9617,0.978065,0
1.59061,1.95294,0.984365,0
1.59069,1.96289,1.00014,0
1.59078,1.96117,1.01007,0
1.59087,1.96029,1.02046,0
1.59095,1.96379,1.0332,0
1.59104,1.96632,1.04551,0
1.59113,1.95646,1.05124,0
1.59122,1.9624,1.0655,0
1.5913,1.95072,1.0702,0
1.59139,1.9574,1.085,0
1.59148,1.96922,1.10282,0
1.59157,1.95917,1.10845,0
1.59165,1.95866,1.11946,0
1.59174,1.95635,1.1295,0
1.59183,1.96004,1.14306,0
1.59191,1.96107,1.15516,0
1.592,1.96288,1.16779,0
1.59209,1.95777,1.17635,0
1.59218,1.95347,1.1854,0
1.59226,1.96278,1.20279,0
1.59235,1.95496,1.20977,0
1.59244,1.95984,1.22464,0
1.59253,1.96124,1.23745,0
1.59261,1.96342,1.25083,0
1.5927,1.9571,1.25885,0
1.59279,1.95578,1.2701,0
1.59287,1.96193,1.2863,0
1.59296,1.94963,1.29043,0
1.59305,1.9498,1.30281,0
1.59314,1.95902,1.32137,0
1.59322,1.96315,1.33666,0
1.59331,1.95895,1.34635,0
1.5934,1.95388,1.35545,0
1.59349,1.95777,1.37085,0
1.59357,1.95912,1.38457,0
1.59366,1.95469,1.39427,0
1.59375,1.95589,1.40804,0
1.59383,1.9562,1.42126,0
1.59392,1.95805,1.4357,0
1.59401,1.95096,1.44363,0
1.5941,1.96147,1.4647,0
1.59418,1.95905,1.47625,0
1.59427,1.95498,1.4866,0
1.59436,1.95006,1.49634,0
1.59445,1.95775,1.51585,0
1.59453,1.95584,1.52807,0
1.59462,1.95622,1.54216,0
1.59471,1.95417,1.55442,0
1.59479,1.95595,1.56982,0
1.59488,1.95685,1.58463,0
1.59497,1.95612,1.59821,0
1.59506,1.95453,1.61119,0
1.59514,1.9544,1.62545,0
1.59523,1.95801,1.64297,0
1.59532,1.94624,1.64762,0
1.59541,1.94512,1.66129,0
1.59549,1.94921,1.67955,0
1.59558,1.95017,1.69526,0
1.59567,1.94651,1.70705,0
1.59575,1.94953,1.7248,0
1.59584,1.95019,1.74061,0
1.59593,1.94927,1.75513,0
1.59602,1.94159,1.76362,0
1.5961,1.94641,1.78356,0
1.59619,1.94816,1.80086,0
1.59628,1.95418,1.8223,0
1.59637,1.93965,1.82464,0
1.59645,1.94836,1.84892,0
1.59654,1.9446,1.86155,0
1.59663,1.94581,1.87905,0
1.59671,1.94691,1.89659,0
1.5968,1.95145,1.91769,0
1.59689,1.94378,1.92689,0
1.59698,1.94101,1.94101,0
1.59706,1.94449,1.96153,0
1.59715,1.94152,1.9757,0
1.59724,1.94404,1.99562,0
1.59733,1.94921,2.01847,0
1.59741,1.95076,2.03779,0
1.5975,1.94667,2.05136,0
1.59759,1.94455,2.06712,0
1.59767,1.9437,2.08436,0
1.59776,1.94544,2.10457,0
1.59785,1.93894,2.11599,0
1.59794,1.9465,2.14293,0
1.59802,1.95052,2.16627,0
1.59811,1.95569,2.19117,0
1.5982,1.97129,2.22814,0
1.59829,1.99914,2.27958,0
1.59837,2.01016,2.31243,0
1.59846,2.03204,2.3583,0
1.59855,2.03342,2.38083,0
1.59863,2.01397,2.379,0
1.59872,1.99971,2.38316,0
1.59881,1.99505,2.39879,0
1.5989,1.97757,2.39898,0
1.59898,1.97467,2.41688,0
1.59907,1.99306,2.46122,0
1.59916,2.01234,2.50733,0
1.59925,2.01197,2.52939,0
1.59933,2.0362,2.58291,0
1.59942,2.02183,2.58783,0
1.59951,2.00685,2.59188,0
1.59959,1.99369,2.59823,0
1.59968,1.98536,2.61089,0
1.59977,1.96794,2.61154,0
1.59986,1.97268,2.64173,0
1.59994,1.9992,2.70176,0
1.60003,2.02287,2.75885,0
1.60012,2.03139,2.79596,0
1.60021,1.99813,2.77558,0
1.60029,1.9953,2.7973,0
1.60038,1.99346,2.82068,0
1.60047,1.97597,2.82198,0
1.60055,1.95908,2.824,0
1.60064,1.949,2.83582,0
1.60073,1.93436,2.84099,0
1.60082,1.94096,2.87759,0
1.6009,1.94338,2.90848,0
1.60099,1.94447,2.93778,0
1.60108,1.94096,2.96045,0
1.60117,1.94327,2.99238,0
1.60125,1.93885,3.01428,0
1.60134,1.93965,3.04464,0
1.60143,1.94022,3.07507,0
1.60151,1.93791,3.10131,0
1.6016,1.94383,3.1412,0
1.60169,1.94369,3.17182,0
1.60178,1.94332,3.2025,0
1.60186,1.94375,3.23495,0
1.60195,1.94445,3.26832,0
1.60204,1.9322,3.28022,0
1.60212,1.91535,3.2843,0
1.60221,1.896,3.28397,0
1.6023,1.87173,3.27485,0
1.60239,1.85299,3.27515,0
1.60247,1.84112,3.28756,0
1.60256,1.82288,3.28857,0
1.60265,1.80371,3.28773,0
1.60274,1.78219,3.28238,0
1.60282,1.76217,3.27956,0
1.60291,1.74831,3.2881,0
1.603,1.72976,3.28773,0
1.60308,1.7117,3.28815,0
1.60317,1.69047,3.28225,0
1.60326,1.67386,3.28514,0
1.60335,1.65501,3.28348,0
1.60343,1.63665,3.28262,0
1.60352,1.62143,3.28794,0
1.60361,1.60268,3.28599,0
1.6037,1.58051,3.27674,0
1.60378,1.56706,3.28541,0
1.60387,1.54844,3.28317,0
1.60396,1.5303,3.28174,0
1.60404,1.51513,3.28657,0
1.60413,1.49829,3.28769,0
1.60422,1.48393,3.2942,0
1.60431,1.46222,3.2842,0
1.60439,1.44626,3.28688,0
1.60448,1.42672,3.28124,0
1.60457,1.41081,3.28376,0
1.60466,1.39296,3.2816,0
1.60474,1.37862,3.28765,0
1.60483,1.357,3.27608,0
1.60492,1.34345,3.28382,0
1.605,1.32573,3.2813,0
1.60509,1.30881,3.28056,0
1.60518,1.29302,3.28251,0
1.60527,1.27614,3.2816,0
1.60535,1.25751,3.27593,0
1.60544,1.24392,3.28326,0
1.60553,1.22608,3.27929,0
1.60562,1.20968,3.27898,0
1.6057,1.19331,3.27859,0
1.60579,1.1773,3.27906,0
1.60588,1.16265,3.28322,0
1.60596,1.146,3.28165,0
1.60605,1.12777,3.27528,0
1.60614,1.11347,3.28017,0
1.60623,1.09661,3.27741,0
1.60631,1.08292,3.28406,0
1.6064,1.06333,3.27259,0
1.60649,1.04599,3.26767,0
1.60658,1.03232,3.27411,0
1.60666,1.01654,3.27381,0
1.60675,0.999619,3.26961,0
1.60684,0.987937,3.28255,0
1.60692,0.972185,3.28204,0
1.60701,0.955057,3.27665,0
1.6071,0.940475,3.27982,0
1.60719,0.923712,3.27524,0
1.60727,0.906473,3.26863,0
1.60736,0.892991,3.27545,0
1.60745,0.875844,3.26869,0
1.60754,0.859536,3.26475,0
1.60762,0.84328,3.26072,0
1.60771,0.826337,3.25371,0
1.6078,0.811648,3.25534,0
1.60788,0.795297,3.25011,0
1.60797,0.779007,3.2448,0
1.60806,0.764383,3.24622,0
1.60815,0.751337,3.2544,0
1.60823,0.733598,3.24204,0
1.60832,0.719662,3.24618,0
1.60841,0.704006,3.24245,0
1.6085,0.690059,3.24647,0
1.60858,0.673443,3.2377,0
1.60867,0.659509,3.24159,0
1.60876,0.643408,3.23463,0
1.60884,0.630433,3.2433,0
1.60893,0.616089,3.24503,0
1.60902,0.602471,3.25064,0
1.60911,0.586324,3.24241,0
1.60919,0.570261,3.23411,0
1.60928,0.556821,3.24051,0
1.60937,0.542842,3.24389,0
1.60946,0.528039,3.24228,0
1.60954,0.513262,3.24061,0
1.60963,0.499725,3.24677,0
1.60972,0.483485,3.23507,0
1.6098,0.47123,3.25002,0
1.60989,0.455514,3.24115,0
1.60998,0.442041,3.24806,0
1.61007,0.427865,3.24996,0
1.61015,0.412797,3.24485,0
1.61024,0.398635,3.24662,0
1.61033,0.383172,3.2374,0
1.61042,0.369722,3.24501,0
1.6105,0.355124,3.24261,0
1.61059,0.341599,3.2501,0
1.61068,0.326413,3.24161,0
1.61076,0.313032,3.25096,0
1.61085,0.298295,3.24632,0
1.61094,0.284476,3.25158,0
1.61103,0.268961,3.23684,0
1.61111,0.255463,3.24596,0
1.6112,0.241001,3.24306,0
1.61129,0.227057,3.24707,0
1.61138,0.213476,3.25701,0
1.61146,0.198347,3.24294,0
1.61155,0.184308,3.24577,0
1.61164,0.17004,3.24455,0
1.61172,0.156361,3.25525,0
1.61181,0.141327,3.23692,0
1.6119,0.127634,3.24849,0
1.61199,0.113284,3.24402,0
1.61207,0.0989449,3.23849,0
1.61216,0.0847611,3.23689,0
1.61225,0.0706149,3.23623,0
1.61234,0.0565983,3.24251,0
1.61242,0.0423711,3.23672,0
1.61251,0.0282305,3.23488,0
1.6126,0.0141154,3.23497,0
1.61268,1.1817e-07,3.248,0
1.61277,-0.0141108,3.23397,0
1.61286,-0.0282913,3.24188,0
1.61295,-0.0425411,3.24972,0
1.61303,-0.0568598,3.2575,0
1.61312,-0.0707237,3.24123,0
1.61321,-0.0851011,3.24989,0
1.6133,-0.099189,3.24648,0
1.61338,-0.113912,3.26201,0
1.61347,-0.127751,3.25149,0
1.61356,-0.142286,3.2589,0
1.61364,-0.155593,3.23927,0
1.61373,-0.169411,3.23256,0
1.61382,-0.16645,2.93128,0
1.61391,-0.168738,2.75884,0
1.61399,-0.18012,2.7481,0
1.61408,-0.199852,2.85802,0
1.61417,-0.240778,3.24007,0
1.61426,-0.255306,3.24397,0
1.61434,-0.269292,3.24083,0
1.61443,-0.284215,3.24859,0
1.61452,-0.299393,3.25827,0
1.6146,-0.312745,3.24798,0
1.61469,-0.327314,3.25056,0
1.61478,-0.339613,3.2312,0
1.61487,-0.354579,3.23764,0
1.61495,-0.369835,3.246,0
1.61504,-0.384465,3.24833,0
1.61513,-0.397903,3.24066,0
1.61521,-0.413175,3.24782,0
1.6153,-0.427604,3.24797,0
1.61539,-0.440828,3.23914,0
1.61548,-0.45607,3.24511,0
1.61556,-0.471373,3.251,0
1.61565,-0.484224,3.24002,0
1.61574,-0.498356,3.23787,0
1.61583,-0.513574,3.24258,0
1.61591,-0.526753,3.23439,0
1.616,-0.541521,3.236,0
1.61609,-0.553773,3.22277,0
1.61617,-0.566614,3.21343,0
1.61626,-0.576003,3.18534,0
1.61635,-0.51682,2.78851,0
1.61644,-0.50977,2.68504,0
1.61652,-0.524343,2.69751,0
1.61661,-0.545668,2.74326,0
1.6167,-0.645354,3.17202,0
1.61679,-0.663057,3.18777,0
1.61687,-0.679247,3.19561,0
1.61696,-0.688941,3.17307,0
1.61705,-0.662954,2.99039,0
1.61713,-0.662534,2.92798,0
1.61722,-0.657082,2.84613,0
1.61731,-0.674307,2.86368,0
1.6174,-0.669755,2.78973,0
1.61748,-0.681683,2.78581,0
1.61757,-0.692138,2.77602,0
1.61766,-0.707198,2.7846,0
1.61775,-0.720093,2.78439,0
1.61783,-0.733763,2.78703,0
1.61792,-0.745399,2.78187,0
1.61801,-0.751743,2.75736,0
1.61809,-0.787819,2.84078,0
1.61818,-0.819479,2.90565,0
1.61827,-0.814784,2.84149,0
1.61836,-0.811224,2.78318,0
1.61844,-0.816828,2.75757,0
1.61853,-0.832599,2.76642,0
1.61862,-0.841738,2.7532,0
1.61871,-0.85404,2.75046,0
1.61879,-0.863326,2.73812,0
1.61888,-0.869168,2.71528,0
1.61897,-0.872046,2.68388,0
1.61905,-0.885001,2.68385,0
1.61914,-0.905905,2.70746,0
1.61923,-0.919317,2.70822,0
1.61932,-0.93145,2.70513,0
1.6194,-0.934673,2.67649,0
1.61949,-0.864893,2.44238,0
1.61958,-0.80289,2.23623,0
1.61967,-0.817086,2.24493,0
1.61975,-0.87533,2.37269,0
1.61984,-0.862911,2.30796,0
1.61993,-0.812035,2.14333,0
1.62001,-0.813495,2.11923,0
1.6201,-0.811861,2.0877,0
1.62019,-0.818397,2.07762,0
1.62028,-0.840424,2.10654,0
1.62036,-0.845487,2.09265,0
1.62045,-0.822425,2.01027,0
1.62054,-0.859124,2.07411,0
1.62063,-0.844963,2.01501,0
1.62071,-0.871721,2.05365,0
1.6208,-0.875937,2.0388,0
1.62089,-0.894394,2.05697,0
1.62097,-0.894098,2.03199,0
1.62106,-0.913937,2.05274,0
1.62115,-0.910974,2.02229,0
1.62124,-0.927254,2.03467,0
1.62132,-0.944078,2.04786,0
1.62141,-0.961879,2.06276,0
1.6215,-0.965325,2.04678,0
1.62159,-0.972955,2.03984,0
1.62167,-0.976198,2.02387,0
1.62176,-0.98765,2.02498,0
1.62185,-0.997803,2.02334,0
1.62193,-1.01287,2.0315,0
1.62202,-1.01902,2.0217,0
1.62211,-1.03237,2.02615,0
1.6222,-1.04212,2.0234,0
1.62228,-1.05556,2.02771,0
1.62237,-1.06533,2.02485,0
1.62246,-1.08777,2.04579,0
1.62255,-1.12366,2.09123,0
1.62263,-1.12323,2.06874,0
1.62272,-1.1183,2.03839,0
1.62281,-1.12039,2.02125,0
1.62289,-1.12578,2.01023,0
1.62298,-1.11879,1.97745,0
1.62307,-1.11748,1.95518,0
1.62316,-1.1195,1.93903,0
1.62324,-1.12392,1.92722,0
1.62333,-1.11912,1.89989,0
1.62342,-1.11615,1.87608,0
1.62351,-1.12072,1.8652,0
1.62359,-1.12055,1.84661,0
1.62368,-1.12024,1.82806,0
1.62377,-1.11505,1.8019,0
1.62385,-1.11442,1.78345,0
1.62394,-1.11899,1.77349,0
1.62403,-1.11382,1.74835,0
1.62412,-1.11549,1.73422,0
1.6242,-1.11161,1.71173,0
1.62429,-1.1081,1.69013,0
1.62438,-1.11381,1.68278,0
1.62447,-1.11503,1.66876,0
1.62455,-1.11223,1.64896,0
1.62464,-1.10985,1.63004,0
1.62473,-1.10562,1.60869,0
1.62481,-1.1132,1.60468,0
1.6249,-1.11159,1.58752,0
1.62499,-1.11216,1.57367,0
1.62508,-1.11379,1.56147,0
1.62516,-1.11007,1.54199,0
1.62525,-1.1115,1.52985,0
1.62534,-1.10338,1.50483,0
1.62543,-1.10697,1.49598,0
1.62551,-1.1063,1.48152,0
1.6256,-1.10975,1.47268,0
1.62569,-1.10527,1.4535,0
1.62577,-1.10612,1.44152,0
1.62586,-1.10138,1.42245,0
1.62595,-1.1045,1.41369,0
1.62604,-1.10508,1.40179,0
1.62612,-1.1087,1.39383,0
1.62621,-1.10225,1.37338,0
1.6263,-1.11012,1.37089,0
1.62639,-1.10154,1.34822,0
1.62647,-1.1055,1.34108,0
1.62656,-1.10239,1.32548,0
1.62665,-1.1011,1.31223,0
1.62673,-1.10875,1.30971,0
1.62682,-1.11445,1.30486,0
1.62691,-1.11165,1.29013,0
1.627,-1.10808,1.2747,0
1.62708,-1.11166,1.2676,0
1.62717,-1.10856,1.253,0
1.62726,-1.11335,1.24741,0
1.62734,-1.11209,1.23511,0
1.62743,-1.11546,1.22802,0
1.62752,-1.11945,1.22167,0
1.62761,-1.11663,1.20796,0
1.62769,-0.0334179,0.0358363,0
1.62778,-1.11342,1.1836,0
1.62787,-1.1055,1.16495,0
1.62796,-1.10296,1.15217,0
1.62804,-1.1059,1.14519,0
1.62813,-0.0341917,0.0350988,0
1.62822,-0.0350455,0.0356625,0
1.6283,-1.13698,1.14695,0
1.62839,-1.13632,1.13632,0
