7200
485
0.418879
0.434587,-0.0459619,-0.0459619,0
0.434674,-0.0689934,-0.0695982,0
0.434761,-0.0567737,-0.0577733,0
0.434849,-0.0369829,-0.037964,0
0.434936,-0.056962,-0.0589859,0
0.435023,-0.0504805,-0.0527326,0
0.435111,-0.0419896,-0.0442478,0
0.435198,-0.0671479,-0.0713804,0
0.435285,-0.0552419,-0.0592396,0
0.435372,-0.0515889,-0.0558085,0
0.43546,-0.0472913,-0.0516094,0
0.435547,-0.053117,-0.0584772,0
0.435634,-0.0649057,-0.0720851,0
0.435721,-0.0592635,-0.0663991,0
0.435809,-0.0655994,-0.0741466,0
0.435896,-0.0573631,-0.0654101,0
0.435983,-0.0498605,-0.0573579,0
0.43607,-0.0528735,-0.0613628,0
0.436158,-0.062347,-0.072999,0
0.436245,-0.0652585,-0.0770865,0
0.436332,-0.0642788,-0.0766044,0
0.43642,-0.0543523,-0.0653516,0
0.436507,-0.0553388,-0.0671313,0
0.436594,-0.0632705,-0.0774393,0
0.436681,-0.062932,-0.0777146,0
0.436769,-0.065722,-0.0818879,0
0.436856,-0.0622515,-0.0782608,0
0.436943,-0.0513848,-0.0651813,0
0.43703,-0.0572565,-0.073285,0
0.437118,-0.0630584,-0.081441,0
0.437205,-0.0620937,-0.080922,0
0.437292,-0.0635559,-0.0835802,0
0.437379,-0.0595797,-0.0790649,0
0.437467,-0.0556442,-0.0745166,0
0.437554,-0.0576978,-0.0779741,0
0.437641,-0.0603136,-0.0822573,0
0.437729,-0.0611297,-0.0841378,0
0.437816,-0.0648517,-0.0900847,0
0.437903,-0.0882668,-0.123746,0
0.43799,-0.0865718,-0.122496,0
0.438078,-0.110127,-0.157277,0
0.438165,-0.113999,-0.164329,0
0.438252,-0.157461,-0.229107,0
0.438339,-0.176721,-0.259549,0
0.438427,-0.194599,-0.288505,0
0.438514,-0.136115,-0.20371,0
0.438601,-0.316812,-0.47865,0
0.438688,-0.335555,-0.511807,0
0.438776,-0.287569,-0.442818,0
0.438863,-0.30511,-0.474346,0
0.43895,-0.305723,-0.47989,0
0.439038,-0.302559,-0.479528,0
0.439125,-0.304704,-0.487628,0
0.439212,-0.300994,-0.486401,0
0.439299,-0.300437,-0.490268,0
0.439387,-0.299851,-0.494139,0
0.439474,-0.298207,-0.4963,0
0.439561,-0.296039,-0.497596,0
0.439648,-0.288789,-0.490267,0
0.439736,-0.287151,-0.492386,0
0.439823,-0.2885,-0.499697,0
0.43991,-0.279866,-0.489664,0
0.439997,-0.277234,-0.49001,0
0.440085,-0.269719,-0.481618,0
0.440172,-0.268585,-0.484539,0
0.440259,-0.270797,-0.493597,0
0.440347,-0.265777,-0.489501,0
0.440434,-0.265059,-0.493299,0
0.440521,-0.263843,-0.496217,0
0.440608,-0.257019,-0.488513,0
0.440696,-0.251191,-0.482534,0
0.440783,-0.259157,-0.503184,0
0.44087,-0.256505,-0.503419,0
0.440957,-0.256106,-0.508105,0
0.441045,-0.257902,-0.517272,0
0.441132,-0.252989,-0.513011,0
0.441219,-0.252502,-0.517705,0
0.441306,-0.25415,-0.526908,0
0.441394,-0.254863,-0.53433,0
0.441481,-0.256794,-0.544482,0
0.441568,-0.255684,-0.548316,0
0.441656,-0.255382,-0.553967,0
0.441743,-0.262086,-0.575096,0
0.44183,-0.277235,-0.615439,0
0.441917,-0.300578,-0.67511,0
0.442005,-0.302866,-0.688314,0
0.442092,-0.307436,-0.707053,0
0.442179,-0.310269,-0.72217,0
0.442266,-0.307115,-0.723517,0
0.442354,-0.309369,-0.737761,0
0.442441,-0.307295,-0.741875,0
0.442528,-0.303298,-0.741358,0
0.442615,-0.302308,-0.748237,0
0.442703,-0.309415,-0.775556,0
0.44279,-0.306029,-0.776899,0
0.442877,-0.310972,-0.799663,0
0.442965,-0.310347,-0.808481,0
0.443052,-0.309296,-0.816373,0
0.443139,-0.308183,-0.824272,0
0.443226,-0.311851,-0.84531,0
0.443314,-0.309528,-0.850422,0
0.443401,-0.311221,-0.866823,0
0.443488,-0.309105,-0.872886,0
0.443575,-0.306612,-0.878003,0
0.443663,-0.308964,-0.897297,0
0.44375,-0.30826,-0.908106,0
0.443837,-0.31191,-0.932202,0
0.443924,-0.310972,-0.943051,0
0.444012,-0.313034,-0.96342,0
0.444099,-0.309132,-0.965729,0
0.444186,-0.306119,-0.970884,0
0.444274,-0.30781,-0.991311,0
0.444361,-0.304359,-0.995513,0
0.444448,-0.293672,-0.975765,0
0.444535,-0.287708,-0.971284,0
0.444623,-0.288784,-0.990771,0
0.44471,-0.288317,-1.00548,0
0.444797,-0.287727,-1.0202,0
0.444884,-0.288617,-1.04072,0
0.444972,-0.289071,-1.0603,0
0.445059,-0.283666,-1.05865,0
0.445146,-0.285663,-1.08503,0
0.445233,-0.288688,-1.11627,0
0.445321,-0.285784,-1.12528,0
0.445408,-0.286194,-1.14786,0
0.445495,-0.287838,-1.1763,0
0.445583,-0.285037,-1.18726,0
0.44567,-0.286501,-1.21672,0
0.445757,-0.288387,-1.24914,0
0.445844,-0.284479,-1.25722,0
0.445932,-0.285267,-1.28676,0
0.446019,-0.285379,-1.31438,0
0.446106,-0.285255,-1.34202,0
0.446193,-0.301593,-1.44997,0
0.446281,-0.293868,-1.44441,0
0.446368,-0.29205,-1.46824,0
0.446455,-0.297471,-1.53036,0
0.446542,-0.302355,-1.59255,0
0.44663,-0.313627,-1.69218,0
0.446717,-0.330441,-1.82736,0
0.446804,-0.282699,-1.60327,0
0.446892,-0.261814,-1.52367,0
0.446979,-0.257474,-1.53861,0
0.447066,-0.266993,-1.6394,0
0.447153,-0.30974,-1.95562,0
0.447241,-0.301356,-1.95794,0
0.447328,-0.293254,-1.96221,0
0.447415,-0.284115,-1.95951,0
0.447502,-0.276119,-1.96469,0
0.44759,-0.267679,-1.96687,0
0.447677,-0.257789,-1.9581,0
0.447764,-0.250126,-1.96615,0
0.447851,-0.240936,-1.96226,0
0.447939,-0.232842,-1.96727,0
0.448026,-0.223124,-1.95833,0
0.448113,-0.214685,-1.96028,0
0.448201,-0.205189,-1.95225,0
0.448288,-0.197771,-1.96407,0
0.448375,-0.1892,-1.96491,0
0.448462,-0.18035,-1.96273,0
0.44855,-0.171871,-1.9645,0
0.448637,-0.163381,-1.96622,0
0.448724,-0.154564,-1.96393,0
0.448811,-0.146068,-1.96558,0
0.448899,-0.137699,-1.96919,0
0.448986,-0.129825,-1.98075,0
0.449073,-0.119533,-1.95435,0
0.44916,-0.115143,-2.02773,0
0.449248,-0.109906,-2.09712,0
0.449335,-0.103153,-2.14752,0
0.449422,-0.0927785,-2.12498,0
0.44951,-0.0816604,-2.0784,0
0.449597,-0.0719279,-2.05974,0
0.449684,-0.0623597,-2.04105,0
0.449771,-0.0535581,-2.0453,0
0.449859,-0.0447424,-2.05051,0
0.449946,-0.0358822,-2.05569,0
0.450033,-0.0268337,-2.04982,0
0.45012,-0.0179156,-2.05292,0
0.450208,-0.00889245,-2.03798,0
0.450295,-2.46831e-08,-2.049,0
0.450382,0.00892731,-2.04598,0
0.450469,0.0178894,-2.04992,0
0.450557,0.0267682,-2.04482,0
0.450644,0.0358821,-2.05569,0
0.450731,0.0446987,-2.04851,0
0.450819,0.0537674,-2.0533,0
0.450906,0.0630009,-2.06204,0
0.450993,0.0794661,-2.27561,0
0.45108,0.099131,-2.52305,0
0.451168,0.110313,-2.52659,0
0.451255,0.120617,-2.5111,0
0.451342,0.131363,-2.50656,0
0.451429,0.142299,-2.50596,0
0.451517,0.153537,-2.51031,0
0.451604,0.163639,-2.49664,0
0.451691,0.173763,-2.48493,0
0.451778,0.184827,-2.48714,0
0.451866,0.197011,-2.50326,0
0.451953,0.208263,-2.50636,0
0.45204,0.222596,-2.54428,0
0.452128,0.237172,-2.58113,0
0.452215,0.248049,-2.57609,0
0.452302,0.260389,-2.58592,0
0.452389,0.272088,-2.58874,0
0.452477,0.283598,-2.58952,0
0.452564,0.293989,-2.58031,0
0.452651,0.30595,-2.58496,0
0.452738,0.31686,-2.58062,0
0.452826,0.327865,-2.57723,0
0.452913,0.340543,-2.58668,0
0.453,0.352096,-2.58715,0
0.453087,0.362963,-2.58262,0
0.453175,0.373942,-2.57903,0
0.453262,0.384009,-2.56946,0
0.453349,0.396738,-2.57765,0
0.453437,0.407981,-2.57589,0
0.453524,0.420181,-2.58001,0
0.453611,0.431269,-2.57716,0
0.453698,0.444542,-2.58708,0
0.453786,0.455132,-2.58118,0
0.453873,0.464966,-2.5713,0
0.45396,0.478186,-2.58006,0
0.454047,0.488693,-2.57402,0
0.454135,0.499729,-2.57088,0
0.454222,0.511137,-2.56966,0
0.454309,0.522145,-2.56642,0
0.454396,0.534356,-2.56902,0
0.454484,0.546184,-2.56959,0
0.454571,0.558239,-2.57109,0
0.454658,0.569885,-2.57059,0
0.454746,0.581758,-2.571,0
0.454833,0.594321,-2.57429,0
0.45492,0.606235,-2.57459,0
0.455007,0.616062,-2.56608,0
0.455095,0.628204,-2.56726,0
0.455182,0.640125,-2.5674,0
0.455269,0.65526,-2.58009,0
0.455356,0.664008,-2.56753,0
0.455444,0.676987,-2.57138,0
0.455531,0.690529,-2.57709,0
0.455618,0.700189,-2.56826,0
0.455705,0.713526,-2.57289,0
0.455793,0.71986,-2.55243,0
0.45588,0.734849,-2.56272,0
0.455967,0.749382,-2.57101,0
0.456055,0.761445,-2.5706,0
0.456142,0.774671,-2.57395,0
0.456229,0.790573,-2.58585,0
0.456316,0.799179,-2.57378,0
0.456404,0.811906,-2.57504,0
0.456491,0.822524,-2.56956,0
0.456578,0.835582,-2.57166,0
0.456665,0.847421,-2.56989,0
0.456753,0.859896,-2.56996,0
0.45684,0.87078,-2.56523,0
0.456927,0.886196,-2.5737,0
0.457014,0.898737,-2.57359,0
0.457102,0.914297,-2.5819,0
0.457189,0.92454,-2.57506,0
0.457276,0.935425,-2.57006,0
0.457364,0.945592,-2.56314,0
0.457451,0.96342,-2.57679,0
0.457538,0.972529,-2.56695,0
0.457625,0.988379,-2.57481,0
0.457713,1.0025,-2.57793,0
0.4578,1.01594,-2.57912,0
0.457887,1.02607,-2.57187,0
0.457974,1.0429,-2.58128,0
0.458062,1.05264,-2.573,0
0.458149,1.07037,-2.58409,0
0.458236,1.07892,-2.57294,0
0.458323,1.09405,-2.57741,0
0.458411,1.10568,-2.57353,0
0.458498,1.12407,-2.58519,0
0.458585,1.13373,-2.5766,0
0.458673,1.14822,-2.57894,0
0.45876,1.15987,-2.57482,0
0.458847,1.17648,-2.58156,0
0.458934,1.18648,-2.57368,0
0.459022,1.20362,-2.58116,0
0.459109,1.21913,-2.58493,0
0.459196,1.23384,-2.58681,0
0.459283,1.24773,-2.58681,0
0.459371,1.25681,-2.57684,0
0.459458,1.27468,-2.58479,0
0.459545,1.28996,-2.58726,0
0.459632,1.30213,-2.58339,0
0.45972,1.31476,-2.58035,0
0.459807,1.33333,-2.58882,0
0.459894,1.34646,-2.58652,0
0.459982,1.36378,-2.59213,0
0.460069,1.37508,-2.58615,0
0.460156,1.39156,-2.58982,0
0.460243,1.4038,-2.58548,0
0.460331,1.41988,-2.5881,0
0.460418,1.43019,-2.58013,0
0.460505,1.44974,-2.5887,0
0.460592,1.46545,-2.59018,0
0.46068,1.48518,-2.59852,0
0.460767,1.496,-2.59115,0
0.460854,1.51233,-2.59323,0
0.460941,1.52668,-2.59178,0
0.461029,1.54206,-2.59197,0
0.461116,1.55954,-2.5955,0
0.461203,1.57344,-2.59295,0
0.461291,1.59676,-2.60567,0
0.461378,1.60864,-2.59953,0
0.461465,1.62791,-2.6052,0
0.461552,1.6414,-2.60146,0
0.46164,1.66079,-2.60692,0
0.461727,1.66945,-2.59545,0
0.461814,1.69274,-2.60659,0
0.461901,1.70629,-2.60252,0
0.461989,1.71818,-2.59589,0
0.462076,1.73282,-2.59335,0
0.462163,1.75587,-2.60318,0
0.46225,1.76946,-2.5988,0
0.462338,1.79721,-2.61495,0
0.462425,1.80689,-2.60462,0
0.462512,1.82397,-2.6049,0
0.462599,1.84225,-2.60672,0
0.462687,1.85883,-2.60598,0
0.462774,1.87544,-2.60515,0
0.462861,1.89384,-2.60665,0
0.462949,1.90756,-2.60159,0
0.463036,1.9302,-2.60852,0
0.463123,1.94755,-2.60808,0
0.46321,1.96493,-2.60755,0
0.463298,1.98052,-2.60452,0
0.463385,1.99795,-2.60379,0
0.463472,2.0197,-2.60848,0
0.463559,2.0323,-2.60122,0
0.463647,2.0201,-2.56249,0
0.463734,2.02006,-2.53956,0
0.463821,2.0186,-2.51513,0
0.463908,2.02012,-2.49464,0
0.463996,2.02149,-2.47418,0
0.464083,2.02082,-2.45145,0
0.46417,2.01615,-2.42416,0
0.464258,2.01771,-2.40461,0
0.464345,2.01203,-2.37671,0
0.464432,2.01394,-2.35802,0
0.464519,2.01442,-2.33785,0
0.464607,2.01673,-2.31998,0
0.464694,2.01166,-2.29386,0
0.464781,2.01105,-2.27308,0
0.464868,2.01562,-2.25832,0
0.464956,2.01208,-2.23464,0
0.465043,2.00701,-2.20955,0
0.46513,2.01056,-2.19414,0
0.465217,2.00654,-2.17066,0
0.465305,2.01053,-2.15603,0
0.465392,2.01718,-2.14432,0
0.465479,2.01137,-2.11954,0
0.465567,2.00746,-2.09702,0
0.465654,2.00756,-2.07889,0
0.465741,2.01871,-2.07226,0
0.465828,2.0046,-2.0399,0
0.465916,2.01137,-2.029,0
0.466003,2.0096,-2.0096,0
0.46609,2.01125,-1.99377,0
0.466177,2.00566,-1.97096,0
0.466265,2.01711,-1.96498,0
0.466352,2.00336,-1.93462,0
0.466439,2.00239,-1.91687,0
0.466526,2.00276,-1.90055,0
0.466614,2.00083,-1.8822,0
0.466701,1.99074,-1.8564,0
0.466788,2.00543,-1.8538,0
0.466876,2.00761,-1.83963,0
0.466963,2.00895,-1.8248,0
0.46705,1.99609,-1.79728,0
0.467137,1.99869,-1.7839,0
0.467225,1.99896,-1.76853,0
0.467312,1.99238,-1.74727,0
0.467399,1.99319,-1.73265,0
0.467486,2.00149,-1.72459,0
0.467574,2.00139,-1.70935,0
0.467661,2.00349,-1.69608,0
0.467748,1.99478,-1.67382,0
0.467835,1.99591,-1.65998,0
0.467923,1.99156,-1.64172,0
0.46801,2.00181,-1.63554,0
0.468097,1.99493,-1.61547,0
0.468185,1.99806,-1.60362,0
0.468272,1.99174,-1.5843,0
0.468359,1.99706,-1.57436,0
0.468446,1.99761,-1.5607,0
0.468534,1.98858,-1.53973,0
0.468621,2.00322,-1.53712,0
0.468708,1.99399,-1.51626,0
0.468795,1.99898,-1.50634,0
0.468883,1.99833,-1.49222,0
0.46897,2.00402,-1.48289,0
0.469057,2.00321,-1.46881,0
0.469144,1.99908,-1.45242,0
0.469232,1.99404,-1.4355,0
0.469319,1.99295,-1.42156,0
0.469406,1.99751,-1.4117,0
0.469494,1.99136,-1.39436,0
0.469581,1.99907,-1.3868,0
0.469668,1.99439,-1.3707,0
0.469755,1.99787,-1.3603,0
0.469843,1.99052,-1.34262,0
0.46993,1.99386,-1.33226,0
0.470017,1.98798,-1.31582,0
0.470104,2.00123,-1.31207,0
0.470192,1.99939,-1.29842,0
0.470279,1.99326,-1.28211,0
0.470366,1.98703,-1.26588,0
0.470453,1.99084,-1.25613,0
0.470541,1.99291,-1.24531,0
0.470628,1.99408,-1.23397,0
0.470715,1.99262,-1.22108,0
0.470803,1.98682,-1.20563,0
0.47089,1.98863,-1.19489,0
0.470977,1.99039,-1.18415,0
0.471064,1.99123,-1.17292,0
0.471152,1.9946,-1.16321,0
0.471239,1.98926,-1.1485,0
0.471326,1.99686,-1.1413,0
0.471413,1.99224,-1.12716,0
0.471501,1.98929,-1.11406,0
0.471588,1.97752,-1.09615,0
0.471675,1.98228,-1.08752,0
0.471762,1.98437,-1.07742,0
0.47185,1.99522,-1.07207,0
0.471937,1.98928,-1.05772,0
0.472024,1.9868,-1.0453,0
0.472112,1.98247,-1.03201,0
0.472199,1.98873,-1.02426,0
0.472286,1.97625,-1.00695,0
0.472373,1.98777,-1.00192,0
0.472461,1.97959,-0.98699,0
0.472548,1.98747,-0.980112,0
0.472635,1.98544,-0.968362,0
0.472722,1.99234,-0.960993,0
0.47281,1.98569,-0.947124,0
0.472897,1.98437,-0.935892,0
0.472984,1.98753,-0.926802,0
0.473071,1.98157,-0.913516,0
0.473159,1.98099,-0.902787,0
0.473246,1.98126,-0.892492,0
0.473333,1.99062,-0.886279,0
0.473421,1.97707,-0.869933,0
0.473508,1.98452,-0.862893,0
0.473595,1.98826,-0.854226,0
0.473682,1.99105,-0.845152,0
0.47377,1.99288,-0.835682,0
0.473857,1.98726,-0.823152,0
0.473944,1.99084,-0.814473,0
0.474031,1.98417,-0.801658,0
0.474119,1.98022,-0.790029,0
0.474206,1.99016,-0.783946,0
0.474293,1.98704,-0.772718,0
0.47438,1.98853,-0.763324,0
0.474468,1.97968,-0.750034,0
0.474555,1.982,-0.741039,0
0.474642,1.9824,-0.731345,0
0.47473,1.98933,-0.724057,0
0.474817,1.984,-0.712328,0
0.474904,1.98992,-0.704666,0
0.474991,1.97975,-0.691361,0
0.475079,1.98275,-0.682716,0
0.475166,1.98477,-0.673737,0
0.475253,1.99053,-0.666023,0
0.47534,1.99057,-0.656391,0
0.475428,1.982,-0.643991,0
0.475515,1.9867,-0.635947,0
0.475602,1.98278,-0.625167,0
0.475689,1.99504,-0.619475,0
0.475777,1.98911,-0.608133,0
0.475864,1.99366,-0.600025,0
0.475951,1.98859,-0.589048,0
0.476039,1.9873,-0.579246,0
0.476126,1.98404,-0.568916,0
0.476213,1.98939,-0.561067,0
0.4763,1.99279,-0.552649,0
0.476388,1.99036,-0.542633,0
0.476475,1.98498,-0.531873,0
0.476562,1.98728,-0.523207,0
0.476649,1.99245,-0.515282,0
0.476737,1.98692,-0.504614,0
0.476824,2.00075,-0.498843,0
0.476911,1.99125,-0.487256,0
0.476998,1.9885,-0.477396,0
0.477086,1.97888,-0.465964,0
0.477173,1.98382,-0.458,0
0.47726,1.99262,-0.450885,0
0.477348,1.98774,-0.440671,0
0.477435,1.99062,-0.432206,0
0.477522,1.98564,-0.422061,0
0.477609,1.99334,-0.414615,0
0.477697,1.98239,-0.403321,0
0.477784,1.98315,-0.394473,0
0.477871,1.97896,-0.384671,0
0.477958,1.97865,-0.375659,0
0.478046,1.98519,-0.367934,0
0.478133,1.98383,-0.358734,0
0.47822,1.98833,-0.350596,0
0.478307,1.98294,-0.340731,0
0.478395,1.99427,-0.333726,0
0.478482,1.98288,-0.322932,0
0.478569,1.98427,-0.314277,0
0.478657,1.97573,-0.304095,0
0.478744,1.98397,-0.296506,0
0.478831,1.98029,-0.287129,0
0.478918,1.98351,-0.278764,0
0.479006,1.98272,-0.269837,0
0.479093,1.98884,-0.261836,0
0.47918,1.97905,-0.251767,0
0.479267,1.98311,-0.243495,0
0.479355,1.97223,-0.233429,0
0.479442,1.97621,-0.225161,0
0.479529,1.98414,-0.217298,0
0.479616,1.99004,-0.209161,0
0.479704,1.98596,-0.199975,0
0.479791,1.97785,-0.190446,0
0.479878,1.99061,-0.182912,0
0.479966,1.98542,-0.173701,0
0.480053,1.98317,-0.164788,0
0.48014,1.98087,-0.155898,0
0.480227,1.98353,-0.147402,0
0.480315,1.97119,-0.137839,0
0.480402,1.98374,-0.130021,0
0.480489,1.9773,-0.120937,0
0.480576,1.98081,-0.112479,0
0.480664,1.98028,-0.103782,0
0.480751,1.97672,-0.0949488,0
0.480838,1.97911,-0.0864101,0
0.480925,1.98447,-0.07797,0
0.481013,1.9758,-0.0689964,0
0.4811,1.98108,-0.0605274,0
0.481187,1.98632,-0.0520136,0
0.481275,1.97853,-0.0431717,0
0.481362,1.9797,-0.0345558,0
0.481449,1.96583,-0.0257342,0
0.481536,1.95993,-0.0171041,0
0.481624,1.94198,-0.00847359,0
0.481711,1.938,-4.69275e-08,0
0.481798,1.90498,0.00831206,0
0.481885,1.84393,0.0160917,0
0.481973,1.71985,0.0225141,0
0.48206,1.68974,0.0294945,0
0.482147,1.6676,0.0363872,0
0.482234,1.67443,0.0438463,0
0.482322,1.66522,0.0508771,0
0.482409,1.67098,0.0583519,0
0.482496,1.66971,0.0656031,0
0.482584,1.66641,0.0727571,0
0.482671,1.67007,0.0802194,0
0.482758,1.6747,0.0877674,0
0.482845,1.70825,0.0970013,0
0.482933,1.75472,0.107323,0
0.48302,1.90092,0.124593,0
0.483107,1.93627,0.135397,0
0.483194,1.94364,0.144437,0
0.483282,1.95396,0.15378,0
0.483369,1.96822,0.163546,0
0.483456,1.97645,0.172917,0
0.483543,1.98066,0.181997,0
0.483631,1.99278,0.191883,0
0.483718,1.98894,0.200276,0
0.483805,1.9791,0.208012,0
0.483893,1.98115,0.216972,0
0.48398,1.98416,0.226067,0
0.484067,1.9921,0.23578,0
0.484154,1.98608,0.24386,0
0.484242,1.98699,0.252776,0
0.484329,1.97099,0.259486,0
0.484416,1.97975,0.269432,0
0.484503,1.97955,0.278207,0
0.484591,1.97831,0.286842,0
0.484678,1.98001,0.295914,0
0.484765,1.9787,0.304551,0
0.484852,1.97735,0.313182,0
0.48494,1.97202,0.321164,0
0.485027,1.97652,0.330755,0
0.485114,1.98097,0.340392,0
0.485202,1.98636,0.350248,0
0.485289,1.98186,0.358378,0
0.485376,1.98323,0.367569,0
0.485463,1.97571,0.3751,0
0.485551,1.98092,0.385052,0
0.485638,1.97922,0.393692,0
0.485725,1.98043,0.402923,0
0.485812,1.97376,0.410542,0
0.4859,1.98857,0.422684,0
0.485987,1.97792,0.429448,0
0.486074,1.98188,0.439372,0
0.486161,1.98092,0.448236,0
0.486249,1.98089,0.457325,0
0.486336,1.98667,0.467798,0
0.486423,1.97877,0.475061,0
0.486511,1.97765,0.483928,0
0.486598,1.97358,0.492069,0
0.486685,1.98111,0.503137,0
0.486772,1.9818,0.512528,0
0.48686,1.98341,0.522189,0
0.486947,1.97532,0.529285,0
0.487034,1.97395,0.538162,0
0.487121,1.97352,0.547304,0
0.487209,1.97592,0.557267,0
0.487296,1.97924,0.567537,0
0.487383,1.96426,0.57253,0
0.48747,1.9675,0.582799,0
0.487558,1.9793,0.595702,0
0.487645,1.98146,0.605794,0
0.487732,1.98071,0.615027,0
0.48782,1.99041,0.627573,0
0.487907,1.97717,0.632898,0
0.487994,1.9782,0.642755,0
0.488081,1.97442,0.651067,0
0.488169,1.98105,0.662849,0
0.488256,1.97624,0.670844,0
0.488343,1.97141,0.67881,0
0.48843,1.96748,0.687075,0
0.488518,1.97201,0.698324,0
0.488605,1.96894,0.706922,0
0.488692,1.97054,0.717216,0
0.488779,1.9824,0.731345,0
0.488867,1.96514,0.734735,0
0.488954,1.97314,0.747554,0
0.489041,1.96892,0.755798,0
0.489129,1.97399,0.767644,0
0.489216,1.97621,0.778449,0
0.489303,1.97465,0.787805,0
0.48939,1.9749,0.797912,0
0.489478,1.97973,0.809929,0
0.489565,1.98357,0.821621,0
0.489652,1.97167,0.826788,0
0.489739,1.97172,0.836946,0
0.489827,1.9754,0.848699,0
0.489914,1.97535,0.858905,0
0.490001,1.9789,0.870738,0
0.490088,1.9696,0.876924,0
0.490176,1.97123,0.887974,0
0.490263,1.97098,0.898225,0
0.49035,1.98066,0.913097,0
0.490438,1.97847,0.922576,0
0.490525,1.97623,0.932053,0
0.490612,1.97305,0.941097,0
0.490699,1.98064,0.955345,0
0.490787,1.98184,0.966608,0
0.490874,1.98029,0.976573,0
0.490961,1.97691,0.985651,0
0.491048,1.97348,0.994718,0
0.491136,1.98071,1.00922,0
0.491223,1.9754,1.0174,0
0.49131,1.97892,1.03016,0
0.491397,1.97441,1.03879,0
0.491485,1.97604,1.05068,0
0.491572,1.97584,1.06166,0
0.491659,1.97822,1.07408,0
0.491746,1.98228,1.08752,0
0.491834,1.97052,1.09228,0
0.491921,1.97446,1.10575,0
0.492008,1.96874,1.11386,0
0.492096,1.97081,1.12641,0
0.492183,1.96068,1.132,0
0.49227,1.973,1.15062,0
0.492357,1.97399,1.16277,0
0.492445,1.97148,1.17291,0
0.492532,1.96634,1.1815,0
0.492619,1.97485,1.19837,0
0.492706,1.97301,1.20906,0
0.492794,1.97282,1.22082,0
0.492881,1.96832,1.22994,0
0.492968,1.96716,1.24119,0
0.493055,1.96848,1.25406,0
0.493143,1.96383,1.26318,0
0.49323,1.97088,1.2799,0
0.493317,1.96276,1.28684,0
0.493405,1.97464,1.30699,0
0.493492,1.96975,1.31615,0
0.493579,1.97228,1.33032,0
0.493666,1.97224,1.34285,0
0.493754,1.96142,1.34805,0
0.493841,1.9662,1.364,0
0.493928,1.96678,1.37716,0
0.494015,1.97627,1.39669,0
0.494103,1.96853,1.40414,0
0.49419,1.97375,1.4209,0
0.494277,1.97077,1.43184,0
0.494364,1.98224,1.45344,0
0.494452,1.97106,1.45851,0
0.494539,1.96788,1.46949,0
0.494626,1.97343,1.48708,0
0.494714,1.96772,1.49629,0
0.494801,1.97386,1.5146,0
0.494888,1.97435,1.52871,0
0.494975,1.97791,1.54531,0
0.495063,1.9845,1.56445,0
0.49515,1.97687,1.57247,0
0.495237,1.96765,1.5792,0
0.495324,1.97007,1.59533,0
0.495412,1.98012,1.61783,0
0.495499,1.9823,1.63408,0
0.495586,1.96824,1.63696,0
0.495673,1.97333,1.65582,0
0.495761,1.97906,1.6754,0
0.495848,1.97173,1.68402,0
0.495935,1.96891,1.69652,0
0.496023,1.96979,1.71231,0
0.49611,1.97508,1.7321,0
0.496197,1.96826,1.74137,0
0.496284,1.97556,1.76325,0
0.496372,1.96562,1.76985,0
0.496459,1.97268,1.79186,0
0.496546,1.97222,1.8072,0
0.496633,1.97386,1.82462,0
0.496721,1.97027,1.8373,0
0.496808,1.96077,1.84451,0
0.496895,1.97084,1.87026,0
0.496982,1.967,1.88299,0
0.49707,1.96883,1.90128,0
0.497157,1.96553,1.91474,0
0.497244,1.97071,1.93661,0
0.497332,1.96579,1.94871,0
0.497419,1.96859,1.96859,0
0.497506,1.96983,1.9871,0
0.497593,1.96255,1.9971,0
0.497681,1.96916,2.0214,0
0.497768,1.97075,2.04077,0
0.497855,1.96874,2.05657,0
0.497942,1.97007,2.07602,0
0.49803,1.9699,2.09407,0
0.498117,1.97643,2.11946,0
0.498204,1.96784,2.1288,0
0.498291,1.97205,2.15211,0
0.498379,1.96735,2.16588,0
0.498466,1.96591,2.18336,0
0.498553,1.96302,2.19938,0
0.498641,1.97395,2.23114,0
0.498728,1.97408,2.25101,0
0.498815,1.97211,2.26866,0
0.498902,1.96872,2.28482,0
0.49899,1.97302,2.31011,0
0.499077,1.97068,2.32786,0
0.499164,1.9695,2.34716,0
0.499251,1.97715,2.37726,0
0.499339,1.96612,2.38509,0
0.499426,2.00061,2.44863,0
0.499513,2.04214,2.52184,0
0.4996,2.04364,2.54632,0
0.499688,2.05492,2.58339,0
0.499775,2.0492,2.5994,0
0.499862,2.03661,2.60674,0
0.49995,2.01542,2.60295,0
0.500037,2.00039,2.60696,0
0.500124,1.98476,2.61009,0
0.500211,1.98599,2.6355,0
0.500299,1.97926,2.65055,0
0.500386,1.97422,2.668,0
0.500473,1.97675,2.69594,0
0.50056,1.97084,2.71263,0
0.500648,1.96775,2.73338,0
0.500735,1.97207,2.76474,0
0.500822,1.97153,2.78965,0
0.500909,1.97081,2.81461,0
0.500997,1.97105,2.84125,0
0.501084,1.96996,2.86631,0
0.501171,1.96982,2.89306,0
0.501259,1.97731,2.93148,0
0.501346,1.9745,2.95504,0
0.501433,1.97538,2.98448,0
0.50152,1.98153,3.02234,0
0.501608,1.97432,3.04018,0
0.501695,1.97131,3.06475,0
0.501782,1.98478,3.11549,0
0.501869,1.98825,3.15118,0
0.501957,1.98349,3.17424,0
0.502044,1.98541,3.20838,0
0.502131,1.98706,3.24259,0
0.502218,1.98068,3.26405,0
0.502306,1.97878,3.29324,0
0.502393,1.98484,3.33622,0
0.50248,1.98549,3.37069,0
0.502568,1.98336,3.40092,0
0.502655,1.983,3.43466,0
0.502742,1.98288,3.46932,0
0.502829,1.98348,3.50579,0
0.502917,1.98283,3.54059,0
0.503004,1.97996,3.57195,0
0.503091,1.97542,3.60072,0
0.503178,1.94824,3.58821,0
0.503266,1.93304,3.59756,0
0.503353,1.90887,3.59006,0
0.50344,1.889,3.59039,0
0.503527,1.87285,3.59772,0
0.503615,1.84752,3.58718,0
0.503702,1.8314,3.59432,0
0.503789,1.8076,3.5862,0
0.503877,1.79193,3.59406,0
0.503964,1.76694,3.58301,0
0.504051,1.74516,3.5781,0
0.504138,1.72822,3.58298,0
0.504226,1.70956,3.58417,0
0.504313,1.68964,3.58255,0
0.5044,1.66723,3.57538,0
0.504487,1.65371,3.58717,0
0.504575,1.6314,3.57979,0
0.504662,1.61289,3.58049,0
0.504749,1.59278,3.57744,0
0.504836,1.57393,3.57704,0
0.504924,1.55632,3.57929,0
0.505011,1.5324,3.56675,0
0.505098,1.52073,3.5826,0
0.505186,1.50121,3.57998,0
0.505273,1.48366,3.58188,0
0.50536,1.46234,3.57444,0
0.505447,1.44523,3.57708,0
0.505535,1.07054,2.68333,0
0.505622,1.07605,2.73171,0
0.505709,1.05107,2.70282,0
0.505796,1.0364,2.69991,0
0.505884,1.02532,2.70628,0
0.505971,1.0072,2.69387,0
0.506058,0.995087,2.6973,0
0.506145,0.979888,2.69222,0
0.506233,0.967118,2.69365,0
0.50632,0.956023,2.69973,0
0.506407,0.941267,2.69537,0
0.506495,0.928846,2.69756,0
0.506582,0.914174,2.69307,0
0.506669,0.900193,2.69039,0
0.506756,0.888759,2.69525,0
0.506844,0.875754,2.69529,0
0.506931,0.86612,2.70576,0
0.507018,0.849494,2.69425,0
0.507105,0.837433,2.69698,0
0.507193,0.824196,2.69582,0
0.50728,0.809832,2.69078,0
0.507367,0.798083,2.69428,0
0.507454,0.783801,2.6891,0
0.507542,0.773714,2.69826,0
0.507629,0.758676,2.69006,0
0.507716,0.746397,2.69142,0
0.507804,0.732805,2.6879,0
0.507891,0.721846,2.69397,0
0.507978,0.706011,2.68162,0
0.508065,0.694805,2.68661,0
0.508153,0.682337,2.68671,0
0.50824,0.668188,2.67996,0
0.508327,0.659103,2.69353,0
0.508414,0.64641,2.69249,0
0.508502,0.633968,2.69237,0
0.508589,0.62064,2.68829,0
0.508676,0.61067,2.69877,0
0.508763,0.595642,2.68677,0
0.508851,0.583277,2.68641,0
0.508938,0.573213,2.69675,0
0.509025,0.561644,2.70021,0
0.509113,0.547664,2.69185,0
0.5092,0.534743,2.68833,0
0.509287,0.523198,2.69162,0
0.509374,0.510143,2.687,0
0.509462,0.498232,2.68822,0
0.509549,0.487032,2.69332,0
0.509636,0.474407,2.69049,0
0.509723,0.460292,2.67874,0
0.509811,0.44992,2.68861,0
0.509898,0.438345,2.69154,0
0.509985,0.428161,2.7033,0
0.510072,0.414688,2.69427,0
0.51016,0.404111,2.70397,0
0.510247,0.38987,2.68888,0
0.510334,0.377994,2.68957,0
0.510422,0.365986,2.68921,0
0.510509,0.35477,2.69475,0
0.510596,0.342883,2.69528,0
0.510683,0.329779,2.68583,0
0.510771,0.319702,2.70115,0
0.510858,0.306894,2.69357,0
0.510945,0.295574,2.69886,0
0.511032,0.283586,2.69814,0
0.51112,0.271109,2.69238,0
0.511207,0.260317,2.7035,0
0.511294,0.247878,2.69764,0
0.511381,0.236366,2.70168,0
0.511469,0.223251,2.68674,0
0.511556,0.211918,2.69267,0
0.511643,0.200982,2.70454,0
0.511731,0.188552,2.69642,0
0.511818,0.177177,2.7032,0
0.511905,0.165503,2.70594,0
0.511992,0.153638,2.70564,0
0.51208,0.141726,2.70429,0
0.512167,0.130117,2.70888,0
0.512254,0.118601,2.71641,0
0.512341,0.106355,2.70691,0
0.512429,0.0946126,2.70935,0
0.512516,0.0826678,2.70574,0
0.512603,0.071149,2.71707,0
0.51269,0.0592057,2.71335,0
0.512778,0.0472961,2.70959,0
0.512865,0.0354991,2.71177,0
0.512952,0.0237886,2.7259,0
0.51304,0.0118639,2.71897,0
0.513127,9.87053e-08,2.713,0
0.513214,-0.0118114,2.70697,0
0.513301,-0.0238408,2.7319,0
0.513389,-0.0354596,2.70877,0
0.513476,-0.0472959,2.70959,0
0.513563,-0.0591182,2.70936,0
0.51365,-0.0710441,2.71307,0
0.513738,-0.082912,2.71373,0
0.513825,-0.0948567,2.71634,0
0.513912,-0.10659,2.71291,0
0.513999,-0.118645,2.71741,0
0.514087,-0.131028,2.72785,0
0.514174,-0.142825,2.72526,0
0.514261,-0.154885,2.72761,0
0.514349,-0.166296,2.71892,0
0.514436,-0.179008,2.73114,0
0.514523,-0.190644,2.72634,0
0.51461,-0.20202,2.7185,0
0.514698,-0.213644,2.71461,0
0.514785,-0.228054,2.74454,0
0.514872,-0.241421,2.75946,0
0.514959,-0.255106,2.7763,0
0.515047,-0.26693,2.77218,0
0.515134,-0.280326,2.78392,0
0.515221,-0.292889,2.78665,0
0.515308,-0.304283,2.77839,0
0.515396,-0.31878,2.7979,0
0.515483,-0.330045,2.78854,0
0.51557,-0.344159,2.80295,0
0.515658,-0.355376,2.79349,0
0.515745,-0.369389,2.80579,0
0.515832,-0.381358,2.80217,0
0.515919,-0.394973,2.81038,0
0.516007,-0.405941,2.79972,0
0.516094,-0.420222,2.81177,0
0.516181,-0.434616,2.82375,0
0.516268,-0.443179,2.79812,0
0.516356,-0.458116,2.81294,0
0.516443,-0.470551,2.8119,0
0.51653,-0.485694,2.82657,0
0.516617,-0.499065,2.83034,0
0.516705,-0.511766,2.8301,0
0.516792,-0.523927,2.82686,0
0.516879,-0.538122,2.83437,0
0.516967,-0.550293,2.83101,0
0.517054,-0.565567,2.8433,0
0.517141,-0.574778,2.82512,0
0.517228,-0.586284,2.81867,0
0.517316,-0.523314,2.462,0
0.517403,-0.532142,2.4509,0
0.51749,-0.529844,2.38997,0
0.517577,-0.529894,2.3418,0
0.517665,-0.533809,2.31218,0
0.517752,-0.540913,2.29717,0
0.517839,-0.546729,2.27729,0
0.517926,-0.554759,2.26711,0
0.518014,-0.560291,2.24721,0
0.518101,-0.572799,2.2554,0
0.518188,-0.584136,2.25869,0
0.518276,-0.59475,2.25902,0
0.518363,-0.598907,2.23515,0
0.51845,-0.6005,2.20261,0
0.518537,-0.609571,2.19804,0
0.518625,-0.613184,2.17419,0
0.518712,-0.619357,2.15996,0
0.518799,-0.625977,2.14763,0
0.518886,-0.636194,2.14776,0
0.518974,-0.643254,2.1373,0
0.519061,-0.650527,2.12778,0
0.519148,-0.657729,2.11823,0
0.519235,-0.666965,2.11534,0
0.519323,-0.677408,2.11622,0
0.51941,-0.694052,2.13607,0
0.519497,-0.700861,2.12543,0
0.519584,-0.709176,2.1195,0
0.519672,-0.71006,2.09177,0
0.519759,-0.706808,2.05272,0
0.519846,-0.70323,2.01374,0
0.519934,-0.702997,1.9852,0
0.520021,-0.696784,1.94071,0
0.520108,-0.699089,1.92073,0
0.520195,-0.697426,1.89046,0
0.520283,-0.701115,1.87522,0
0.52037,-0.698308,1.84315,0
0.520457,-0.695951,1.81301,0
0.520544,-0.694069,1.7848,0
0.520632,-0.694886,1.76407,0
0.520719,-0.700354,1.75545,0
0.520806,-0.696019,1.72271,0
0.520893,-0.7005,1.71225,0
0.520981,-0.696866,1.68238,0
0.521068,-0.69492,1.6572,0
0.521155,-0.695892,1.63942,0
0.521243,-0.699486,1.6281,0
0.52133,-0.700203,1.61036,0
0.521417,-0.70239,1.5963,0
0.521504,-0.707722,1.58957,0
0.521592,-0.707258,1.57005,0
0.521679,-0.709125,1.55603,0
0.521766,-0.714652,1.5502,0
0.521853,-0.720141,1.54435,0
0.521941,-0.728579,1.54481,0
0.522028,-0.734882,1.54071,0
0.522115,-0.744205,1.5429,0
0.522202,-0.748299,1.53424,0
0.52229,-0.758967,1.53903,0
0.522377,-0.766568,1.5375,0
0.522464,-0.771469,1.53057,0
0.522552,-0.777686,1.52629,0
0.522639,-0.787085,1.52822,0
0.522726,-0.796978,1.53098,0
0.522813,-0.805513,1.53103,0
0.522901,-0.815003,1.5328,0
0.522988,-0.821683,1.52923,0
0.523075,-0.83121,1.5309,0
0.523162,-0.840287,1.53164,0
0.52325,-0.825631,1.48948,0
0.523337,-0.715341,1.27733,0
0.523424,-0.679052,1.20022,0
0.523511,-0.675351,1.18162,0
0.523599,-0.676,1.17087,0
0.523686,-0.672538,1.15322,0
0.523773,-0.671473,1.13994,0
0.523861,-0.66826,1.12324,0
0.523948,-0.67058,1.11603,0
0.524035,-0.671811,1.10711,0
0.524122,-0.673501,1.09905,0
0.52421,-0.666713,1.0774,0
0.524297,-0.666638,1.06684,0
0.524384,-0.669686,1.06139,0
0.524471,-0.668938,1.05002,0
0.524559,-0.671349,1.04373,0
0.524646,-0.675352,1.03995,0
0.524733,-0.671659,1.02445,0
0.52482,-0.675571,1.02068,0
0.524908,-0.669462,1.00192,0
0.524995,-0.0335516,0.0497423,0
0.525082,-0.0709134,0.10415,0
0.52517,-0.0560742,0.0815885,0
0.525257,-0.0746696,0.107636,0
0.525344,-0.0653877,0.0933833,0
0.525431,-0.0652174,0.0922805,0
0.525519,-0.0615545,0.0862962,0
0.525606,-0.07011,0.0973889,0
0.525693,-0.0717098,0.0987001,0
0.52578,-0.0656354,0.0895154,0
0.525868,-0.0624564,0.084405,0
0.525955,-0.0652174,0.0873367,0
0.526042,-0.0661996,0.0878499,0
0.526129,-0.0690035,0.0907442,0
0.526217,-0.0706163,0.092029,0
0.526304,-0.0685683,0.0885572,0
0.526391,-0.0757264,0.0969253,0
0.526479,-0.0631476,0.0801023,0
0.526566,-0.062874,0.0790434,0
0.526653,-0.0726071,0.0904666,0
0.52674,-0.0755184,0.0932575,0
0.526828,-0.0639032,0.0782137,0
0.526915,-0.0578831,0.0702178,0
0.527002,-0.0620256,0.0745777,0
0.527089,-0.0732778,0.0873291,0
0.527177,-0.0646124,0.0763232,0
0.527264,-0.0740371,0.0866863,0
0.527351,-0.0724563,0.0840897,0
0.527438,-0.0787271,0.0905652,0
0.527526,-0.0646159,0.0736803,0
0.527613,-0.060961,0.0689039,0
0.5277,-0.0599293,0.0671452,0
0.527788,-0.0628983,0.0698556,0
0.527875,-0.0611854,0.0673598,0
0.527962,-0.0716126,0.0781514,0
0.528049,-0.0624497,0.0675577,0
0.528137,-0.0572879,0.0614337,0
0.528224,-0.0376851,0.0400604,0
0.528311,-0.0413013,0.0435225,0
0.528398,-0.0518635,0.0541773,0
0.528486,-0.0541834,0.0561085,0
0.528573,-0.0439608,0.045127,0
0.52866,-0.0224291,0.022824,0
0.528747,-0.046465,0.0468722,0
0.528835,-0.0346482,0.0346482,0
