7200
4486
3.90954
3.92525,-0.0445477,-0.0445477,0
3.92533,-0.0443529,-0.0447417,0
3.92542,-0.0581755,-0.0591998,0
3.92551,-0.0404718,-0.0415455,0
3.92559,-0.0514047,-0.0532311,0
3.92568,-0.0532465,-0.055622,0
3.92577,-0.0585101,-0.0616568,0
3.92586,-0.0500184,-0.0531711,0
3.92594,-0.0750198,-0.0804489,0
3.92603,-0.0549829,-0.0594801,0
3.92612,-0.0702614,-0.0766768,0
3.92621,-0.047738,-0.0525555,0
3.92629,-0.0508539,-0.056479,0
3.92638,-0.0645905,-0.0723676,0
3.92647,-0.0642741,-0.0726487,0
3.92655,-0.053407,-0.060899,0
3.92664,-0.055765,-0.0641503,0
3.92673,-0.0646232,-0.0749989,0
3.92682,-0.0578009,-0.0676761,0
3.9269,-0.0562128,-0.0664012,0
3.92699,-0.0662071,-0.0789026,0
3.92708,-0.0607467,-0.07304,0
3.92717,-0.0616996,-0.0748476,0
3.92725,-0.0645359,-0.078988,0
3.92734,-0.0616734,-0.0761603,0
3.92743,-0.0607146,-0.0756488,0
3.92751,-0.0566488,-0.0712173,0
3.9276,-0.0563376,-0.0714638,0
3.92769,-0.0603348,-0.0772251,0
3.92778,-0.056324,-0.0727434,0
3.92786,-0.0669638,-0.0872689,0
3.92795,-0.0599241,-0.0788042,0
3.92804,-0.0571724,-0.0758704,0
3.92813,-0.0580375,-0.0777216,0
3.92821,-0.0612667,-0.0827973,0
3.9283,-0.0620875,-0.0846767,0
3.92839,-0.0587785,-0.0809017,0
3.92847,-0.0648517,-0.0900847,0
3.92856,-0.0615545,-0.0862962,0
3.92865,-0.0554059,-0.0783976,0
3.92874,-0.0550633,-0.0786386,0
3.92882,-0.0564297,-0.081343,0
3.92891,-0.0464453,-0.0675783,0
3.929,-0.0551549,-0.0810058,0
3.92909,-0.0553601,-0.0820747,0
3.92917,-0.0544459,-0.081484,0
3.92926,-0.0640247,-0.0967308,0
3.92935,-0.0630537,-0.0961729,0
3.92943,-0.0604549,-0.0930924,0
3.92952,-0.0622121,-0.0967195,0
3.92961,-0.0548046,-0.0860259,0
3.9297,-0.0554959,-0.0879557,0
3.92978,-1.06567,-1.70542,0
3.92987,-1.06453,-1.72026,0
3.92996,-1.06119,-1.73171,0
3.93005,-1.06297,-1.75171,0
3.93013,-1.06407,-1.77091,0
3.93022,-1.06963,-1.79788,0
3.93031,-1.0638,-1.80597,0
3.93039,-1.06649,-1.82874,0
3.93048,-1.0635,-1.84204,0
3.93057,-1.06339,-1.86055,0
3.93066,-1.06167,-1.87649,0
3.93074,-1.06715,-1.90553,0
3.93083,-1.06513,-1.92154,0
3.93092,-1.06491,-1.94107,0
3.93101,-1.06311,-1.958,0
3.93109,-1.06639,-1.98465,0
3.93118,-1.06335,-1.99988,0
3.93127,-1.06719,-2.02839,0
3.93135,-1.0611,-2.03835,0
3.93144,-1.0673,-2.0723,0
3.93153,-1.06234,-2.08496,0
3.93162,-1.06313,-2.10922,0
3.9317,-1.06507,-2.13621,0
3.93179,-1.06105,-2.1516,0
3.93188,-1.06349,-2.18047,0
3.93197,-1.06352,-2.20491,0
3.93205,-1.05475,-2.21133,0
3.93214,-1.06216,-2.25209,0
3.93223,-1.06289,-2.27936,0
3.93231,-1.06423,-2.3085,0
3.9324,-1.0612,-2.32859,0
3.93249,-1.05883,-2.35052,0
3.93258,-1.06321,-2.38801,0
3.93266,-1.05721,-2.40269,0
3.93275,-1.05828,-2.43388,0
3.93284,-1.05791,-2.46236,0
3.93292,-1.06044,-2.49825,0
3.93301,-1.05765,-2.52222,0
3.9331,-1.06042,-2.56007,0
3.93319,-1.05529,-2.57948,0
3.93327,-1.05976,-2.623,0
3.93336,-1.05831,-2.65268,0
3.93345,-1.05223,-2.67123,0
3.93354,-1.05324,-2.70841,0
3.93362,-1.04787,-2.72979,0
3.93371,-0.928951,-2.45192,0
3.9338,-0.946961,-2.53276,0
3.93388,-0.866677,-2.34923,0
3.93397,-0.845132,-2.32198,0
3.93406,-0.830599,-2.31341,0
3.93415,-0.815824,-2.30382,0
3.93423,-0.803786,-2.30169,0
3.93432,-0.789177,-2.29194,0
3.93441,-0.778848,-2.29441,0
3.9345,-0.765973,-2.28925,0
3.93458,-0.757543,-2.29732,0
3.93467,-0.744422,-2.2911,0
3.93476,-0.732589,-2.28861,0
3.93484,-0.721694,-2.28892,0
3.93493,-0.713479,-2.29778,0
3.93502,-0.701692,-2.29513,0
3.93511,-0.695418,-2.31062,0
3.93519,-0.687601,-2.3213,0
3.93528,-0.678585,-2.32812,0
3.93537,-0.673658,-2.34932,0
3.93546,-0.662315,-2.34839,0
3.93554,-1.06334,-3.83429,0
3.93563,-1.06712,-3.91414,0
3.93572,-1.06789,-3.98541,0
3.9358,-1.06271,-4.03645,0
3.93589,-1.06211,-4.10688,0
3.93598,-1.06289,-4.18514,0
3.93607,-1.06059,-4.25378,0
3.93615,-1.06269,-4.34287,0
3.93624,-1.06241,-4.42526,0
3.93633,-1.05822,-4.49409,0
3.93642,-1.06222,-4.60098,0
3.9365,-1.05869,-4.67872,0
3.93659,-1.05752,-4.77018,0
3.93668,-1.05452,-4.85684,0
3.93676,-1.05806,-4.97779,0
3.93685,-1.05262,-5.06069,0
3.93694,-1.04907,-5.15636,0
3.93703,-1.06461,-5.35215,0
3.93711,-1.06414,-5.47453,0
3.9372,-1.06431,-5.60586,0
3.93729,-1.06608,-5.75204,0
3.93738,-1.06108,-5.86783,0
3.93746,-1.0497,-5.95316,0
3.93755,-1.02321,-5.95473,0
3.93764,-0.995567,-5.94928,0
3.93772,-0.972653,-5.97232,0
3.93781,-0.941736,-5.94588,0
3.9379,-0.921107,-5.98453,0
3.93799,-0.893951,-5.98157,0
3.93807,-0.867556,-5.98343,0
3.93816,-0.840049,-5.97726,0
3.93825,-0.812612,-5.97096,0
3.93834,-0.787595,-5.98238,0
3.93842,-0.759592,-5.97088,0
3.93851,-0.733775,-5.97612,0
3.9386,-0.706752,-5.97132,0
3.93868,-0.681823,-5.98428,0
3.93877,-0.655161,-5.98223,0
3.93886,-0.628634,-5.98105,0
3.93895,-0.60203,-5.97877,0
3.93903,-0.575075,-5.97238,0
3.93912,-0.549284,-5.97782,0
3.93921,-0.522586,-5.97318,0
3.9393,-0.496187,-5.97142,0
3.93938,-0.470049,-5.97253,0
3.93947,-0.444429,-5.98051,0
3.93956,-0.41833,-5.98239,0
3.93964,-0.391242,-5.96919,0
3.93973,-0.365315,-5.97284,0
3.93982,-0.33976,-5.98336,0
3.93991,-0.313126,-5.9748,0
3.93999,-0.286957,-5.97411,0
3.94008,-0.260495,-5.96632,0
3.94017,-0.234735,-5.97439,0
3.94026,-0.208525,-5.97136,0
3.94034,-0.182468,-5.97221,0
3.94043,-0.156512,-5.97695,0
3.94052,-0.130322,-5.97258,0
3.9406,-0.104418,-5.98209,0
3.94069,-0.0781711,-5.97149,0
3.94078,-0.052176,-5.97877,0
3.94087,-0.0260621,-5.97294,0
3.94095,-7.19412e-08,-5.972,0
3.94104,0.0260882,-5.97894,0
3.94113,0.0520886,-5.96877,0
3.94122,0.0781972,-5.97349,0
3.9413,0.104208,-5.97009,0
3.94139,0.130126,-5.96358,0
3.94148,0.156433,-5.97395,0
3.94156,0.182345,-5.96822,0
3.94165,0.20842,-5.96836,0
3.94174,0.234852,-5.97739,0
3.94183,0.260844,-5.97431,0
3.94191,0.287101,-5.97711,0
3.942,0.313335,-5.9788,0
3.94209,0.339079,-5.97138,0
3.94218,0.365742,-5.97983,0
3.94226,0.39183,-5.97817,0
3.94235,0.417702,-5.97341,0
3.94244,0.443613,-5.96954,0
3.94252,0.469891,-5.97054,0
3.94261,0.496104,-5.97042,0
3.9427,0.522237,-5.9692,0
3.94279,0.548827,-5.97284,0
3.94287,0.574212,-5.96342,0
3.94296,0.601429,-5.9728,0
3.94305,0.627484,-5.97011,0
3.94314,0.653854,-5.9703,0
3.94322,0.680691,-5.97435,0
3.94331,0.706987,-5.97331,0
3.9434,0.732069,-5.96222,0
3.94348,0.759592,-5.97088,0
3.94357,0.779502,-5.92091,0
3.94366,0.807892,-5.93628,0
3.94375,0.833229,-5.92873,0
3.94383,0.859951,-5.93098,0
3.94392,0.886413,-5.93113,0
3.94401,0.911828,-5.92424,0
3.9441,0.941579,-5.9449,0
3.94418,0.972171,-5.96935,0
3.94427,1.00151,-5.98478,0
3.94436,1.02558,-5.96853,0
3.94444,1.05335,-5.97384,0
3.94453,1.0803,-5.97411,0
3.94462,1.10653,-5.97032,0
3.94471,1.13407,-5.9733,0
3.94479,1.16184,-5.97713,0
3.94488,1.18751,-5.97004,0
3.94497,1.21674,-5.98048,0
3.94506,1.24303,-5.97609,0
3.94514,1.26992,-5.97453,0
3.94523,1.29641,-5.97088,0
3.94532,1.32028,-5.95541,0
3.9454,1.35265,-5.97787,0
3.94549,1.37805,-5.96899,0
3.94558,1.40569,-5.96974,0
3.94567,1.43335,-5.97035,0
3.94575,1.46201,-5.97473,0
3.94584,1.48879,-5.9712,0
3.94593,1.5163,-5.97046,0
3.94601,1.54535,-5.97541,0
3.9461,1.57191,-5.97054,0
3.94619,1.60002,-5.97135,0
3.94628,1.62816,-5.97203,0
3.94636,1.65608,-5.97162,0
3.94645,1.68103,-5.96048,0
3.94654,1.71364,-5.97616,0
3.94663,1.74333,-5.98111,0
3.94671,1.76885,-5.97153,0
3.9468,1.79633,-5.96854,0
3.94689,1.82352,-5.96447,0
3.94697,1.84182,-5.93163,0
3.94706,1.83611,-5.8234,0
3.94715,1.83437,-5.73057,0
3.94724,1.83618,-5.65118,0
3.94732,1.83389,-5.56144,0
3.94741,1.08201,-3.23378,0
3.9475,1.09514,-3.22619,0
3.94759,1.10075,-3.1968,0
3.94767,1.11337,-3.18819,0
3.94776,1.1286,-3.18707,0
3.94785,1.14554,-3.19059,0
3.94793,1.15979,-3.1865,0
3.94802,1.18857,-3.22175,0
3.94811,1.82913,-4.89224,0
3.9482,1.82956,-4.82904,0
3.94828,1.83305,-4.77526,0
3.94837,1.84517,-4.74485,0
3.94846,1.84313,-4.67907,0
3.94855,1.83908,-4.60968,0
3.94863,1.83932,-4.55247,0
3.94872,1.83077,-4.47499,0
3.94881,1.83344,-4.42631,0
3.94889,1.83262,-4.37031,0
3.94898,1.83995,-4.33466,0
3.94907,1.84148,-4.28616,0
3.94916,1.83783,-4.22673,0
3.94924,1.84337,-4.18938,0
3.94933,1.8352,-4.12192,0
3.94942,1.8314,-4.06555,0
3.94951,1.8317,-4.0193,0
3.94959,1.82452,-3.95769,0
3.94968,1.81557,-3.8935,0
3.94977,1.8159,-3.85027,0
3.94985,1.81934,-3.81433,0
3.94994,1.80295,-3.7379,0
3.95003,1.67896,-3.44238,0
3.95012,1.73996,-3.5283,0
3.9502,1.66967,-3.34884,0
3.95029,1.67122,-3.31563,0
3.95038,1.67159,-3.28069,0
3.95047,1.67673,-3.25558,0
3.95055,1.6743,-3.2163,0
3.95064,1.69204,-3.21605,0
3.95073,1.68634,-3.17155,0
3.95081,1.69969,-3.16328,0
3.9509,1.71205,-3.1532,0
3.95099,1.73108,-3.15534,0
3.95108,1.74144,-3.14163,0
3.95116,1.76685,-3.15495,0
3.95125,1.79538,-3.17332,0
3.95134,1.81367,-3.17327,0
3.95143,1.8295,-3.16879,0
3.95151,1.84986,-3.172,0
3.9516,1.86673,-3.16907,0
3.95169,1.88156,-3.16262,0
3.95177,1.90616,-3.17238,0
3.95186,1.9205,-3.16488,0
3.95195,1.94526,-3.17438,0
3.95204,1.96015,-3.16756,0
3.95212,1.9819,-3.1717,0
3.95221,1.99625,-3.16387,0
3.9523,2.01004,-3.15513,0
3.95239,2.02054,-3.14128,0
3.95247,2.01789,-3.10727,0
3.95256,2.02101,-3.08255,0
3.95265,2.01236,-3.04035,0
3.95273,2.01616,-3.0174,0
3.95282,2.00974,-2.97956,0
3.95291,2.00978,-2.95175,0
3.953,2.00508,-2.91741,0
3.95308,2.00981,-2.89713,0
3.95317,2.01211,-2.87359,0
3.95326,2.00385,-2.83538,0
3.95335,2.00575,-2.81195,0
3.95343,2.00222,-2.78126,0
3.95352,2.01081,-2.76765,0
3.95361,2.01991,-2.75481,0
3.95369,2.0218,-2.73231,0
3.95378,2.0367,-2.72747,0
3.95387,2.04858,-2.71856,0
3.95396,2.04953,-2.69526,0
3.95404,2.05274,-2.67519,0
3.95413,2.08889,-2.69783,0
3.95422,2.0951,-2.6816,0
3.95431,2.06963,-2.62531,0
3.95439,2.0655,-2.59669,0
3.95448,2.03237,-2.53228,0
3.95457,2.04277,-2.52262,0
3.95465,2.04364,-2.50129,0
3.95474,2.03354,-2.46688,0
3.95483,2.01231,-2.41955,0
3.95492,2.01771,-2.40461,0
3.955,2.00492,-2.36831,0
3.95509,2.00809,-2.35118,0
3.95518,1.99614,-2.31663,0
3.95527,2.00032,-2.30111,0
3.95535,2.00046,-2.28108,0
3.95544,1.99382,-2.25361,0
3.95553,1.99565,-2.23593,0
3.95561,1.992,-2.21234,0
3.9557,1.99827,-2.19993,0
3.95579,1.99434,-2.17644,0
3.95588,1.9916,-2.1545,0
3.95596,1.99075,-2.13482,0
3.95605,2.0021,-2.1283,0
3.95614,2.00724,-2.11519,0
3.95623,1.99709,-2.08619,0
3.95631,1.99228,-2.06307,0
3.9564,1.99359,-2.04647,0
3.95649,1.98848,-2.02349,0
3.95657,1.98814,-2.00556,0
3.95666,1.99121,-1.99121,0
3.95675,1.98852,-1.97124,0
3.95684,1.98712,-1.95273,0
3.95692,1.98774,-1.93637,0
3.95701,1.99185,-1.92351,0
3.9571,1.9865,-1.90166,0
3.95719,1.98753,-1.88609,0
3.95727,1.9819,-1.86438,0
3.95736,1.98928,-1.85504,0
3.95745,1.98634,-1.83616,0
3.95753,1.99139,-1.82477,0
3.95762,1.97934,-1.79791,0
3.95771,1.98717,-1.78926,0
3.9578,1.98451,-1.77125,0
3.95788,1.98249,-1.75396,0
3.95797,1.98711,-1.74265,0
3.95806,1.98941,-1.72937,0
3.95814,1.98255,-1.70827,0
3.95823,1.98694,-1.69701,0
3.95832,1.97906,-1.6754,0
3.95841,1.98406,-1.66482,0
3.95849,1.98207,-1.64847,0
3.95858,1.9769,-1.62963,0
3.95867,1.98709,-1.62352,0
3.95876,1.98483,-1.60728,0
3.95884,1.98403,-1.59235,0
3.95893,1.98626,-1.57994,0
3.95902,1.98135,-1.56197,0
3.9591,1.99052,-1.55516,0
3.95919,1.98384,-1.53605,0
3.95928,1.98418,-1.52251,0
3.95937,1.98204,-1.50718,0
3.95945,1.98381,-1.49491,0
3.95954,1.97749,-1.47667,0
3.95963,1.97829,-1.46386,0
3.95972,1.99434,-1.46231,0
3.9598,1.98775,-1.44419,0
3.95989,1.98024,-1.42557,0
3.95998,1.98644,-1.41692,0
3.96006,1.98036,-1.39958,0
3.96015,1.98317,-1.38863,0
3.96024,1.98592,-1.37768,0
3.96033,1.97461,-1.35711,0
3.96041,1.9863,-1.35242,0
3.9605,1.98306,-1.33759,0
3.96059,1.98056,-1.32337,0
3.96068,1.98131,-1.3114,0
3.96076,1.98702,-1.30274,0
3.96085,1.97926,-1.28535,0
3.96094,1.98233,-1.27508,0
3.96102,1.97775,-1.25997,0
3.96111,1.97816,-1.24812,0
3.9612,1.97086,-1.23153,0
3.96129,1.98557,-1.22871,0
3.96137,1.98324,-1.21533,0
3.96146,1.9834,-1.20355,0
3.96155,1.98177,-1.19077,0
3.96164,1.98437,-1.18058,0
3.96172,1.98089,-1.16683,0
3.96181,1.9825,-1.15616,0
3.9619,1.97714,-1.1415,0
3.96198,1.97602,-1.12939,0
3.96207,1.9818,-1.12125,0
3.96216,1.97969,-1.10868,0
3.96225,1.98101,-1.09809,0
3.96233,1.97439,-1.08319,0
3.96242,1.98261,-1.07647,0
3.96251,1.97848,-1.06308,0
3.9626,1.99016,-1.05819,0
3.96268,1.97618,-1.03972,0
3.96277,1.97803,-1.0297,0
3.96286,1.98695,-1.02335,0
3.96294,1.98338,-1.01058,0
3.96303,1.98866,-1.00237,0
3.96312,1.98765,-0.991005,0
3.96321,1.98747,-0.980112,0
3.96329,1.98364,-0.967485,0
3.96338,1.98514,-0.957517,0
3.96347,1.98388,-0.946263,0
3.96356,1.98347,-0.935465,0
3.96364,1.98663,-0.926379,0
3.96373,1.98429,-0.914772,0
3.96382,1.98281,-0.903617,0
3.9639,1.97396,-0.889206,0
3.96399,1.97874,-0.880992,0
3.96408,1.98256,-0.872349,0
3.96417,1.9836,-0.862494,0
3.96425,1.97908,-0.850278,0
3.96434,1.98277,-0.841635,0
3.96443,1.98365,-0.831815,0
3.96452,1.99004,-0.8243,0
3.9646,1.99176,-0.814852,0
3.96469,1.99159,-0.804655,0
3.96478,1.98115,-0.790399,0
3.96486,1.98923,-0.78358,0
3.96495,1.98331,-0.771268,0
3.96504,1.98106,-0.760457,0
3.96513,1.98155,-0.750743,0
3.96521,1.98106,-0.740689,0
3.9653,1.99929,-0.737576,0
3.96539,1.98745,-0.723373,0
3.96548,1.99247,-0.71537,0
3.96556,1.9852,-0.702997,0
3.96565,1.98164,-0.692021,0
3.96574,1.97235,-0.679135,0
3.96582,1.98192,-0.672773,0
3.96591,1.98863,-0.665388,0
3.966,1.98772,-0.655452,0
3.96609,1.982,-0.643991,0
3.96617,1.98384,-0.635032,0
3.96626,1.98182,-0.624867,0
3.96635,1.98931,-0.617696,0
3.96644,1.98911,-0.608133,0
3.96652,1.98505,-0.597431,0
3.96661,1.98955,-0.589332,0
3.9667,1.98634,-0.578966,0
3.96678,1.98597,-0.569467,0
3.96687,1.9817,-0.558896,0
3.96696,1.98701,-0.551046,0
3.96705,1.98939,-0.54237,0
3.96713,1.98594,-0.532132,0
3.96722,1.98728,-0.523207,0
3.96731,1.98083,-0.512278,0
3.9674,1.9782,-0.502399,0
3.96748,1.99008,-0.496182,0
3.96757,1.98542,-0.48583,0
3.96766,1.98558,-0.476695,0
3.96774,1.98277,-0.466881,0
3.96783,1.97992,-0.457101,0
3.96792,1.9819,-0.448457,0
3.96801,1.98774,-0.440671,0
3.96809,1.9828,-0.430509,0
3.96818,1.98271,-0.421437,0
3.96827,1.98648,-0.413189,0
3.96836,1.98827,-0.404518,0
3.96844,1.99296,-0.396424,0
3.96853,1.98485,-0.385816,0
3.96862,1.98357,-0.376592,0
3.9687,1.98814,-0.36848,0
3.96879,1.97792,-0.357667,0
3.96888,1.97946,-0.349033,0
3.96897,1.97998,-0.340223,0
3.96905,1.98441,-0.332076,0
3.96914,1.98189,-0.322771,0
3.96923,1.98525,-0.314433,0
3.96932,1.97969,-0.304703,0
3.9694,1.97408,-0.295028,0
3.96949,1.94269,-0.281676,0
3.96958,1.77555,-0.249537,0
3.96966,1.70726,-0.232348,0
3.96975,1.70033,-0.223852,0
3.96984,1.70823,-0.217315,0
3.96993,1.70023,-0.208762,0
3.97001,1.70113,-0.201342,0
3.9701,1.7,-0.193691,0
3.97019,1.69188,-0.185291,0
3.97028,1.69765,-0.17843,0
3.97036,1.69742,-0.170921,0
3.97045,1.69217,-0.162938,0
3.97054,1.69486,-0.155736,0
3.97062,1.68457,-0.14738,0
3.97071,1.69316,-0.140691,0
3.9708,1.68878,-0.13291,0
3.97089,1.68934,-0.12554,0
3.97097,1.68987,-0.118168,0
3.97106,1.68938,-0.110728,0
3.97115,1.69583,-0.103722,0
3.97123,1.71324,-0.0972849,0
3.97132,1.78455,-0.0935244,0
3.97141,1.96673,-0.094469,0
3.9715,1.97512,-0.0862356,0
3.97158,1.97448,-0.0775774,0
3.97167,1.98179,-0.0692058,0
3.97176,1.98707,-0.0607106,0
3.97185,1.98232,-0.0519089,0
3.97193,1.98253,-0.043259,0
3.97202,1.9747,-0.0344686,0
3.97211,1.97483,-0.025852,0
3.97219,1.99392,-0.0174008,0
3.97228,1.99398,-0.00870049,0
3.97237,1.989,-4.81624e-08,0
3.97246,1.98898,0.00867857,0
3.97254,1.98792,0.0173483,0
3.97263,1.99283,0.0260875,0
3.97272,1.9827,0.0346081,0
3.97281,1.98053,0.0432152,0
3.97289,1.98732,0.0520397,0
3.97298,1.98607,0.06068,0
3.97307,1.98179,0.0692057,0
3.97315,1.97648,0.0776559,0
3.97324,1.98011,0.0864536,0
3.97333,1.98371,0.0952845,0
3.97342,1.98228,0.103887,0
3.9735,1.9838,0.112649,0
3.97359,1.97531,0.120815,0
3.97368,1.98275,0.129956,0
3.97377,1.98116,0.138536,0
3.97385,1.98453,0.147476,0
3.97394,1.98287,0.156055,0
3.97403,1.98715,0.16512,0
3.97411,1.97645,0.172917,0
3.9742,1.98165,0.182088,0
3.97429,1.97984,0.190637,0
3.97438,1.98596,0.199975,0
3.97446,1.97512,0.207593,0
3.97455,1.98016,0.216863,0
3.97464,1.97224,0.224708,0
3.97473,1.97223,0.233429,0
3.97481,1.97417,0.242398,0
3.9749,1.98004,0.251893,0
3.97499,1.97892,0.26053,0
3.97507,1.96489,0.267409,0
3.97516,1.97063,0.276954,0
3.97525,1.97336,0.286124,0
3.97534,1.9721,0.294732,0
3.97542,1.96585,0.302573,0
3.97551,1.96748,0.311617,0
3.9756,1.97301,0.321324,0
3.97569,1.96567,0.32894,0
3.97577,1.96421,0.337514,0
3.97586,1.9509,0.343997,0
3.97595,1.96021,0.354463,0
3.97603,1.93996,0.359551,0
3.97612,1.87845,0.356634,0
3.97621,1.77871,0.345746,0
3.9763,1.74972,0.348041,0
3.97638,1.71879,0.349691,0
3.97647,1.70452,0.35454,0
3.97656,1.69806,0.360935,0
3.97665,1.6955,0.368128,0
3.97673,1.69192,0.37509,0
3.97682,1.69515,0.383572,0
3.97691,1.6993,0.392315,0
3.97699,1.69757,0.399725,0
3.97708,1.6997,0.408062,0
3.97717,1.69693,0.415237,0
3.97726,1.69899,0.423605,0
3.97734,1.69615,0.430768,0
3.97743,1.70297,0.440418,0
3.97752,1.70007,0.44759,0
3.97761,1.70003,0.455521,0
3.97769,1.70092,0.463724,0
3.97778,1.69599,0.47034,0
3.97787,1.70355,0.48045,0
3.97795,1.69759,0.486776,0
3.97804,1.70409,0.496696,0
3.97813,1.69519,0.502139,0
3.97822,1.70065,0.511837,0
3.9783,1.70414,0.521006,0
3.97839,1.69134,0.525175,0
3.97848,1.6938,0.534053,0
3.97857,1.70098,0.544488,0
3.97865,1.71,0.555613,0
3.97874,1.69901,0.56025,0
3.97883,1.71457,0.573687,0
3.97891,1.70069,0.577305,0
3.979,1.70477,0.586999,0
3.97909,1.69653,0.592454,0
3.97918,1.70147,0.602521,0
3.97926,1.73553,0.623118,0
3.97935,1.83804,0.668991,0
3.97944,1.97208,0.727538,0
3.97953,1.97544,0.738587,0
3.97961,1.99184,0.75464,0
3.9797,1.98012,0.760098,0
3.97979,1.98611,0.772355,0
3.97987,1.97155,0.776616,0
3.97996,1.97001,0.785952,0
3.98005,1.97768,0.799036,0
3.98014,1.98343,0.811444,0
3.98022,1.98172,0.820856,0
3.98031,1.9772,0.829108,0
3.9804,1.98553,0.842807,0
3.98049,1.98367,0.852252,0
3.98057,1.98544,0.863292,0
3.98066,1.9844,0.873155,0
3.98075,1.98239,0.882618,0
3.98083,1.98308,0.893313,0
3.98092,1.98281,0.903616,0
3.98101,1.98883,0.916865,0
3.9811,1.98119,0.923844,0
3.98118,1.98437,0.935892,0
3.98127,1.98027,0.944541,0
3.98136,1.98424,0.957083,0
3.98145,1.98094,0.96617,0
3.98153,1.98478,0.978785,0
3.98162,1.97691,0.985651,0
3.98171,1.97706,0.996518,0
3.98179,1.98873,1.01331,0
3.98188,1.99584,1.02793,0
3.98197,2.00198,1.04217,0
3.98206,1.98945,1.0467,0
3.98214,1.99105,1.05866,0
3.98223,1.98289,1.06544,0
3.98232,1.9914,1.08124,0
3.98241,1.98579,1.08944,0
3.98249,1.99063,1.10343,0
3.98258,1.98144,1.10966,0
3.98267,1.98006,1.12026,0
3.98275,1.98557,1.13485,0
3.98284,1.97973,1.143,0
3.98293,1.98509,1.15767,0
3.98302,1.97916,1.16582,0
3.9831,1.98437,1.18058,0
3.98319,1.97491,1.18665,0
3.98328,1.98511,1.20459,0
3.98336,1.9858,1.2169,0
3.98345,1.98897,1.23081,0
3.98354,1.99291,1.24531,0
3.98363,1.98577,1.25293,0
3.98371,1.9845,1.26427,0
3.9838,1.98569,1.27724,0
3.98389,1.98765,1.29079,0
3.98398,1.97614,1.29562,0
3.98406,1.98798,1.31582,0
3.98415,1.98056,1.32337,0
3.98424,1.98057,1.33591,0
3.98432,1.97638,1.34567,0
3.98441,1.9812,1.36164,0
3.9845,1.98181,1.37483,0
3.98459,1.97825,1.38519,0
3.98467,1.97954,1.399,0
3.98476,1.97911,1.41169,0
3.98485,1.97456,1.42148,0
3.98494,1.97886,1.43772,0
3.98502,1.98385,1.45462,0
3.98511,1.97588,1.46207,0
3.9852,1.98871,1.48504,0
3.98528,1.98461,1.49551,0
3.98537,1.98682,1.51081,0
3.98546,1.97783,1.51764,0
3.98555,1.98542,1.53728,0
3.98563,1.98185,1.54839,0
3.98572,1.97664,1.55826,0
3.98581,1.97765,1.57309,0
3.9859,1.98559,1.5936,0
3.98598,1.98328,1.60603,0
3.98607,1.98167,1.61909,0
3.98616,1.98848,1.63917,0
3.98624,1.98207,1.64847,0
3.98633,1.98635,1.66675,0
3.98642,1.97906,1.6754,0
3.98651,1.98466,1.69506,0
3.98659,1.98406,1.70958,0
3.98668,1.99092,1.73068,0
3.98677,1.98561,1.74133,0
3.98686,1.98623,1.75727,0
3.98694,1.98675,1.77324,0
3.98703,1.9842,1.78658,0
3.98712,1.98749,1.8053,0
3.9872,1.98475,1.81869,0
3.98729,1.99075,1.84023,0
3.98738,1.97977,1.84617,0
3.98747,1.98263,1.86507,0
3.98755,1.9868,1.8854,0
3.98764,1.99228,1.90719,0
3.98773,1.98322,1.91517,0
3.98782,1.98272,1.93148,0
3.9879,1.98783,1.95343,0
3.98799,1.98284,1.96561,0
3.98808,1.9799,1.9799,0
3.98816,1.97969,1.99704,0
3.98825,1.98988,2.02492,0
3.98834,1.98521,2.03788,0
3.98843,1.99089,2.06163,0
3.98851,1.98533,2.07391,0
3.9886,1.98866,2.09561,0
3.98869,1.98566,2.11082,0
3.98878,1.99689,2.1414,0
3.98886,2.03029,2.19636,0
3.98895,2.22134,2.42417,0
3.98904,2.24772,2.47455,0
3.98912,2.24895,2.49771,0
3.98921,2.24469,2.51496,0
3.9893,2.23767,2.52922,0
3.98939,2.24112,2.5555,0
3.98947,2.23716,2.57356,0
3.98956,2.22787,2.58557,0
3.98965,2.20163,2.57778,0
3.98974,2.17615,2.57057,0
3.98982,2.17069,2.58693,0
3.98991,2.14532,2.57946,0
3.99,2.13786,2.59343,0
3.99008,2.1126,2.5857,0
3.99017,2.1013,2.59489,0
3.99026,2.07744,2.58844,0
3.99035,2.0543,2.58261,0
3.99043,2.03682,2.58369,0
3.99052,2.01321,2.5768,0
3.99061,2.00256,2.58635,0
3.9907,1.97543,2.57443,0
3.99078,1.95873,2.57586,0
3.99087,2.00946,2.66664,0
3.99096,1.93379,2.58965,0
3.99104,1.90462,2.57395,0
3.99113,1.89929,2.5903,0
3.99122,1.87092,2.5751,0
3.99131,1.85324,2.57431,0
3.99139,1.83676,2.57505,0
3.99148,1.8838,2.66552,0
3.99157,1.80562,2.57869,0
3.99166,1.78865,2.57833,0
3.99174,1.78021,2.59023,0
3.99183,1.83024,2.68807,0
3.99192,1.82521,2.70598,0
3.992,1.81394,2.71475,0
3.99209,1.80925,2.73348,0
3.99218,1.58786,2.42188,0
3.99227,1.59035,2.44892,0
3.99235,1.57099,2.44238,0
3.99244,1.47005,2.30752,0
3.99253,1.45463,2.30545,0
3.99262,1.43608,2.29821,0
3.9927,1.42709,2.30616,0
3.99279,1.41336,2.30639,0
3.99288,1.41106,2.32536,0
3.99296,1.40708,2.34178,0
3.99305,1.39736,2.34876,0
3.99314,1.38558,2.35225,0
3.99323,1.36875,2.34704,0
3.99331,1.388,2.40409,0
3.9934,1.35517,2.37105,0
3.99349,1.80079,3.18289,0
3.99358,1.8035,3.22038,0
3.99366,1.80592,3.25796,0
3.99375,1.80419,3.2886,0
3.99384,1.80461,3.32369,0
3.99392,1.80524,3.35972,0
3.99401,1.80465,3.39405,0
3.9941,1.80612,3.43287,0
3.99419,1.7999,3.45757,0
3.99427,1.80311,3.50095,0
3.99436,1.80234,3.5373,0
3.99445,1.80174,3.57459,0
3.99454,1.79862,3.60748,0
3.99462,1.80056,3.65117,0
3.99471,1.79864,3.68775,0
3.9948,1.79556,3.72259,0
3.99488,1.79609,3.76559,0
3.99497,1.79799,3.81228,0
3.99506,1.79486,3.84909,0
3.99515,1.79773,3.89957,0
3.99523,1.7923,3.93285,0
3.99532,1.79443,3.98349,0
3.99541,1.79778,4.03787,0
3.9955,1.79585,4.08137,0
3.99558,1.79038,4.1176,0
3.99567,1.79372,4.17499,0
3.99576,1.79502,4.2288,0
3.99584,1.78854,4.26518,0
3.99593,1.79134,4.32468,0
3.99602,1.79177,4.37966,0
3.99611,1.77226,4.38651,0
3.99619,2.45272,6.14779,0
3.99628,2.41781,6.13796,0
3.99637,2.38412,6.13075,0
3.99645,2.36702,6.1663,0
3.99654,2.32521,6.13729,0
3.99663,0.886725,2.37165,0
3.99672,2.27191,6.15829,0
3.9968,2.23237,6.13337,0
3.99689,2.20457,6.14023,0
3.99698,2.17609,6.14508,0
3.99707,2.15189,6.16207,0
3.99715,0.812618,2.36001,0
3.99724,2.08357,6.138,0
3.99733,2.05137,6.13091,0
3.99741,2.02993,6.15595,0
3.9975,1.99563,6.14192,0
3.99759,1.96881,6.15057,0
3.99768,1.94647,6.17341,0
3.99776,1.92871,6.21145,0
3.99785,1.36099,4.4516,0
3.99794,0.72222,2.39967,0
3.99803,1.31215,4.42975,0
3.99811,0.696495,2.38956,0
3.9982,1.30569,4.5535,0
3.99829,2.3656,8.3878,0
3.99837,0.657407,2.37053,0
3.99846,2.36544,8.67633,0
3.99855,0.634366,2.36748,0
3.99864,0.623011,2.36636,0
3.99872,2.37561,9.18578,0
3.99881,0.608491,2.39594,0
3.9989,2.32439,9.3226,0
3.99899,0.584707,2.3895,0
3.99907,0.567506,2.36383,0
3.99916,2.19872,9.33763,0
3.99925,0.539208,2.33557,0
3.99933,0.52526,2.32131,0
3.99942,0.522702,2.35775,0
3.99951,0.516228,2.3776,0
3.9996,0.497325,2.33973,0
3.99968,0.488333,2.34775,0
3.99977,0.480676,2.3626,0
3.99986,0.471143,2.3686,0
3.99995,0.466337,2.3991,0
4.00003,0.447285,2.35592,0
4.00012,0.439188,2.36964,0
4.00021,0.42404,2.34497,0
4.00038,0.408132,2.37519,0
4.00047,0.39859,2.38188,0
4.00056,0.387229,2.37767,0
4.00064,0.370437,2.33885,0
4.00073,0.370877,2.40963,0
4.00082,0.36435,2.43792,0
4.00091,0.343521,2.36923,0
4.00125,0.299849,2.357,0
4.00178,0.236845,2.35211,0
4.00195,0.218963,2.38296,0
4.00213,0.195096,2.34791,0
4.00221,0.190342,2.41852,0
4.0023,0.174822,2.35251,0
4.00248,0.155398,2.37091,0
4.00256,0.145784,2.38355,0
4.00265,0.132378,2.33124,0
4.00283,0.112989,2.35229,0
4.00291,0.100325,2.29781,0
4.003,0.0730233,1.85857,0
4.00309,0.063238,1.8109,0
4.00317,0.0546335,1.78817,0
4.00326,0.0457835,1.7484,0
4.00335,0.0375871,1.72259,0
4.00344,0.0299135,1.71374,0
4.00352,0.0223047,1.70385,0
4.00361,0.0148003,1.69594,0
4.0037,0.0073566,1.68598,0
4.00379,6.15589e-08,1.692,0
4.00387,-0.00734339,1.68298,0
4.00396,-0.0146954,1.68394,0
4.00405,-0.0219119,1.67386,0
4.00413,-0.0294072,1.68474,0
4.00422,-0.0366926,1.6816,0
4.00431,-0.0440557,1.68242,0
4.0044,-0.0513046,1.67922,0
4.00448,-0.0586311,1.67898,0
4.00457,-0.0659957,1.6797,0
4.00466,-0.0734114,1.6814,0
4.00475,-0.0807471,1.68106,0
4.00483,-0.088029,1.67969,0
4.00492,-0.0957541,1.68628,0
4.00501,-0.102928,1.68286,0
4.00509,-0.110531,1.68638,0
4.00518,-0.11747,1.6799,0
4.00527,-0.124725,1.67837,0
4.00536,-0.133616,1.69775,0
4.00544,-0.139449,1.67822,0
4.00553,-0.142412,1.62778,0
4.00562,-0.148416,1.6152,0
4.00571,-0.156229,1.6225,0
4.00579,-0.161904,1.60787,0
4.00588,-0.168395,1.60217,0
4.00597,-0.175167,1.59944,0
4.00605,-0.18305,1.60661,0
4.00614,-0.191351,1.61672,0
4.00623,-0.197428,1.60792,0
4.00632,-0.204821,1.61002,0
4.0064,-0.211191,1.60416,0
4.00649,-0.219268,1.61115,0
4.00658,-0.225182,1.60225,0
4.00667,-0.233749,1.61214,0
4.00675,-0.241373,1.61506,0
4.00684,-0.247961,1.61103,0
4.00693,-0.254832,1.60894,0
4.00701,-0.262653,1.61275,0
4.0071,-0.269193,1.60863,0
4.00719,-0.276886,1.61138,0
4.00728,-0.284262,1.61213,0
4.00736,-0.289336,1.60005,0
4.00745,-0.289208,1.56043,0
4.00754,-0.287247,1.51297,0
4.00763,-0.286213,1.47244,0
4.00771,-0.29127,1.46431,0
4.0078,-0.298454,1.46695,0
4.00789,-0.278378,1.33836,0
4.00797,-0.267998,1.26083,0
4.00806,-0.235517,1.08473,0
4.00815,-0.211461,0.953841,0
4.00824,-0.203262,0.89829,0
4.00832,-0.202456,0.876933,0
4.00841,-0.202155,0.858521,0
4.0085,-0.208233,0.867354,0
4.00858,-0.213917,0.874208,0
4.00867,-0.224503,0.900434,0
4.00876,-0.237046,0.933369,0
4.00885,-0.256639,0.992351,0
4.00893,-0.287191,1.09083,0
4.00902,-0.302042,1.12724,0
4.00911,-0.310903,1.14038,0
4.0092,-0.307324,1.10818,0
4.00928,-0.305099,1.0818,0
4.00937,-0.311195,1.08526,0
4.00946,-0.31061,1.06566,0
4.00954,-0.293104,0.989502,0
4.00963,-0.285602,0.948953,0
4.00972,-0.288278,0.942917,0
4.00981,-0.289721,0.933055,0
4.00989,-0.278754,0.884096,0
4.00998,-0.276817,0.864775,0
4.01007,-0.285532,0.878776,0
4.01016,-0.285292,0.865176,0
4.01024,-0.283988,0.84875,0
4.01033,-0.283831,0.836139,0
4.01042,-0.289104,0.839621,0
4.0105,-0.288809,0.827022,0
4.01059,-0.296754,0.838008,0
4.01068,-0.301084,0.838588,0
4.01077,-0.302004,0.829749,0
4.01085,-0.304583,0.825608,0
4.01094,-0.279465,0.747464,0
4.01103,-0.272804,0.720054,0
4.01112,-0.272718,0.710455,0
4.0112,-0.276178,0.71019,0
4.01129,-0.282939,0.718282,0
4.01138,-0.29237,0.732831,0
4.01146,-0.310549,0.768635,0
4.01155,-0.305948,0.747837,0
4.01164,-0.312652,0.75481,0
4.01173,-0.304728,0.726694,0
4.01181,-0.296956,0.699584,0
4.0119,-0.295268,0.687256,0
4.01199,-0.294277,0.67679,0
4.01208,-0.294005,0.668177,0
4.01216,-0.300985,0.676024,0
4.01225,-0.304343,0.675616,0
4.01234,-0.306044,0.671551,0
4.01242,-0.310227,0.672934,0
4.01251,-0.309779,0.664324,0
4.0126,-0.315234,0.668392,0
4.01269,-0.313843,0.657985,0
4.01277,-0.316276,0.655708,0
4.01286,-0.31212,0.639941,0
4.01295,-0.312698,0.634089,0
4.01304,-0.311892,0.625559,0
4.01312,-0.313719,0.622406,0
4.01321,-0.309621,0.607666,0
4.0133,-0.307691,0.59742,0
4.01338,-0.310295,0.596071,0
4.01347,-0.302649,0.575242,0
4.01356,-0.307034,0.577448,0
4.01365,-0.292985,0.545271,0
4.01373,-0.293453,0.540473,0
4.01382,-0.299175,0.545324,0
4.01391,-0.295734,0.533518,0
4.014,-0.288287,0.514773,0
4.01408,-0.283636,0.501325,0
4.01417,-0.287309,0.502687,0
4.01426,-0.2865,0.496233,0
4.01434,-0.301257,0.516574,0
4.01443,-0.309598,0.525594,0
4.01452,-0.307798,0.517363,0
4.01461,-0.304903,0.507443,0
4.01469,-0.309189,0.509528,0
4.01478,-0.308274,0.503058,0
4.01487,-0.31415,0.50766,0
4.01496,-0.307883,0.492716,0
4.01504,-0.310564,0.492214,0
4.01513,-0.312708,0.490854,0
4.01522,-0.307273,0.47771,0
4.0153,-0.300641,0.462946,0
4.01539,-0.313075,0.477519,0
4.01548,-0.305221,0.461139,0
4.01557,-0.305564,0.457308,0
4.01565,-0.305878,0.453484,0
4.01574,-0.308417,0.452971,0
4.01583,-0.306992,0.446676,0
4.01592,-0.306658,0.442046,0
4.016,-0.304569,0.43497,0
4.01609,-0.305887,0.43282,0
4.01618,-0.303127,0.424968,0
4.01626,-0.302057,0.419584,0
4.01635,-0.302709,0.416644,0
4.01644,-0.309255,0.421771,0
4.01653,-0.308118,0.416398,0
4.01661,-0.304547,0.407838,0
4.0167,-0.31174,0.413693,0
4.01679,-0.303858,0.399593,0
4.01688,-0.308642,0.40223,0
4.01696,-0.30917,0.399298,0
4.01705,-0.31645,0.405038,0
4.01714,-0.311404,0.395014,0
4.01722,-0.30939,0.388956,0
4.01731,-0.304825,0.379804,0
4.0174,-0.303962,0.375362,0
4.01749,-0.291677,0.356995,0
4.01757,-0.298957,0.362664,0
4.01766,-0.301176,0.362125,0
4.01775,-0.303396,0.361573,0
4.01784,-0.312078,0.368641,0
4.01792,-0.307838,0.360432,0
4.01801,-0.31463,0.365146,0
4.0181,-0.30966,0.356223,0
4.01818,-0.307914,0.351109,0
4.01827,-0.300829,0.340026,0
4.01836,-0.311633,0.349155,0
4.01845,-0.304454,0.338131,0
4.01853,-0.293152,0.322735,0
4.01862,-0.28037,0.30597,0
4.01871,-0.275593,0.298135,0
4.0188,-0.124806,0.133838,0
4.01888,-0.113055,0.120181,0
4.01897,-0.367581,0.38735,0
4.01906,-0.216444,0.2261,0
4.01914,-0.166718,0.172642,0
4.01923,-0.159794,0.164033,0
4.01932,-0.105837,0.107701,0
4.01941,-0.0366088,0.0369296,0
4.01949,-0.0551543,0.0551543,0
