7200
4568
3.97935
3.99506,-0.039598,-0.039598,0
3.99515,-0.0302726,-0.030538,0
3.99523,-0.03855,-0.0392288,0
3.99532,-0.0411696,-0.0422618,0
3.99541,-0.0472368,-0.0489151,0
3.99549,-0.0442568,-0.0462313,0
3.99558,-0.05438,-0.0573046,0
3.99567,-0.0507035,-0.0538995,0
3.99576,-0.0647898,-0.0694786,0
3.99584,-0.044122,-0.047731,0
3.99593,-0.0601275,-0.0656177,0
3.99602,-0.0598406,-0.0658794,0
3.99611,-0.056207,-0.0624242,0
3.99619,-0.0486094,-0.0544622,0
3.99628,-0.0596358,-0.067406,0
3.99637,-0.0547257,-0.0624027,0
3.99645,-0.0623256,-0.0716974,0
3.99654,-0.0613594,-0.0712111,0
3.99663,-0.0649448,-0.0760406,0
3.99672,-0.0516899,-0.0610586,0
3.9968,-0.0507802,-0.0605175,0
3.99689,-0.0543523,-0.0653516,0
3.99698,-0.0610635,-0.074076,0
3.99707,-0.0556781,-0.0681465,0
3.99715,-0.0541216,-0.0668346,0
3.99724,-0.0582109,-0.0725293,0
3.99733,-0.0516687,-0.0649565,0
3.99741,-0.0631476,-0.0801023,0
3.9975,-0.0591035,-0.075649,0
3.99759,-0.0691806,-0.0893479,0
3.99768,-0.0657462,-0.0856822,0
3.99776,-0.0593188,-0.0780082,0
3.99785,-0.0457379,-0.0606963,0
3.99794,-0.0472676,-0.0632991,0
3.99803,-0.0380687,-0.0514468,0
3.99811,-0.0733224,-0.0999991,0
3.9982,-0.0634808,-0.0873738,0
3.99829,-0.0414817,-0.0576218,0
3.99837,-0.0551668,-0.077341,0
3.99846,-0.0496345,-0.0702312,0
3.99855,-0.0579312,-0.0827344,0
3.99864,-1.06247,-1.53155,0
3.99872,-1.06541,-1.55018,0
3.99881,-1.06258,-1.5606,0
3.9989,-1.06247,-1.57517,0
3.99899,-1.06114,-1.58811,0
3.99907,-1.07021,-1.6169,0
3.99916,-1.06259,-1.62072,0
3.99925,-1.06041,-1.63289,0
3.99933,-1.06518,-1.65601,0
3.99942,-1.0703,-1.68004,0
3.99951,-1.06616,-1.68976,0
3.9996,-1.0662,-1.70627,0
3.99968,-1.06611,-1.72281,0
3.99977,-1.06746,-1.74194,0
3.99986,-1.06297,-1.75171,0
3.99995,-1.06664,-1.77519,0
4.00003,-1.06809,-1.7953,0
4.00012,-1.06532,-1.80856,0
4.00021,-1.06246,-1.82183,0
4.00029,-1.066,-1.84637,0
4.00038,-1.06488,-1.86315,0
4.00047,-1.06954,-1.89041,0
4.00056,-1.06422,-1.9003,0
4.00064,-1.06707,-1.92504,0
4.00073,-1.06395,-1.93932,0
4.00082,-1.06884,-1.96855,0
4.00091,-1.06923,-1.98993,0
4.00099,-1.0704,-2.01312,0
4.00108,-1.06859,-2.03105,0
4.00117,-1.06849,-2.05254,0
4.00125,-1.06959,-2.07674,0
4.00134,-1.07051,-2.10099,0
4.00143,-1.06763,-2.11815,0
4.00152,-1.06597,-2.138,0
4.0016,-1.06459,-2.15877,0
4.00169,-1.06963,-2.19306,0
4.00178,-1.0683,-2.21482,0
4.00187,-1.0625,-2.22758,0
4.00195,-1.06855,-2.26566,0
4.00204,-1.07007,-2.29477,0
4.00213,-1.06926,-2.3194,0
4.00221,-1.07198,-2.35225,0
4.0023,-1.06417,-2.36238,0
4.00239,-1.06728,-2.39714,0
4.00248,-1.06567,-2.42191,0
4.00256,-1.06466,-2.44855,0
4.00265,-1.06739,-2.48441,0
4.00274,-1.06357,-2.50561,0
4.00283,-1.06848,-2.54804,0
4.00291,-1.06769,-2.57762,0
4.003,-1.06779,-2.61002,0
4.00309,-1.06463,-2.63506,0
4.00317,-1.07276,-2.6889,0
4.00326,-1.06285,-2.69821,0
4.00335,-1.0681,-2.74663,0
4.00344,-1.06543,-2.77553,0
4.00352,-1.0611,-2.80073,0
4.00361,-1.06148,-2.83905,0
4.0037,-1.06362,-2.88306,0
4.00379,-1.063,-2.92056,0
4.00387,-1.05937,-2.95059,0
4.00396,-1.05516,-2.97969,0
4.00405,-1.06193,-3.04091,0
4.00413,-1.0594,-3.07672,0
4.00422,-1.045,-3.07847,0
4.00431,-1.02965,-3.07731,0
4.0044,-1.01402,-3.07513,0
4.00448,-1.0006,-3.07952,0
4.00457,-0.986541,-3.08195,0
4.00466,-0.968273,-3.07097,0
4.00475,-0.951009,-3.06275,0
4.00483,-0.944653,-3.08982,0
4.00492,-0.930009,-3.09008,0
4.00501,-0.914529,-3.0874,0
4.00509,-0.90077,-3.0904,0
4.00518,-0.887001,-3.09334,0
4.00527,-0.871595,-3.09044,0
4.00536,-0.859439,-3.09904,0
4.00544,-0.842752,-3.09118,0
4.00553,-0.828221,-3.09096,0
4.00562,-0.814472,-3.09358,0
4.00571,-0.798462,-3.08742,0
4.00579,-0.782768,-3.08215,0
4.00588,-0.770763,-3.09136,0
4.00597,-0.756792,-3.09275,0
4.00605,-0.743757,-3.09797,0
4.00614,-0.727024,-3.08756,0
4.00623,-0.713995,-3.09265,0
4.00632,-0.69917,-3.08988,0
4.0064,-0.68633,-3.09583,0
4.00649,-0.669633,-3.08414,0
4.00658,-0.655961,-3.08606,0
4.00666,-0.641879,-3.08595,0
4.00675,-0.629006,-3.09166,0
4.00684,-0.61551,-3.09438,0
4.00693,-0.600858,-3.09114,0
4.00701,-0.587178,-3.09275,0
4.0071,-0.572037,-3.08644,0
4.00719,-0.558565,-3.0889,0
4.00728,-0.545776,-3.09525,0
4.00736,-0.529725,-3.08282,0
4.00745,-0.517589,-3.09299,0
4.00754,-0.503767,-3.09325,0
4.00762,-0.489483,-3.09048,0
4.00771,-0.474321,-3.08171,0
4.0078,-0.462052,-3.09166,0
4.00789,-0.447123,-3.08375,0
4.00797,-0.433107,-3.08171,0
4.00806,-0.420196,-3.08754,0
4.00815,-0.405675,-3.08141,0
4.00824,-0.392353,-3.08414,0
4.00832,-0.379989,-3.09476,0
4.00841,-0.365189,-3.08546,0
4.0085,-0.352628,-3.09498,0
4.00858,-0.338467,-3.09052,0
4.00867,-0.324038,-3.08302,0
4.00876,-0.310683,-3.0854,0
4.00885,-0.297505,-3.08971,0
4.00893,-0.283472,-3.085,0
4.00902,-0.269486,-3.08023,0
4.00911,-0.256457,-3.08636,0
4.0092,-0.242831,-3.08546,0
4.00928,-0.229959,-3.09447,0
4.00937,-0.214989,-3.07449,0
4.00946,-0.202357,-3.08738,0
4.00954,-0.188762,-3.08623,0
4.00963,-0.1745,-3.07305,0
4.00972,-0.161613,-3.08377,0
4.00981,-0.148492,-3.09144,0
4.00989,-0.13474,-3.08606,0
4.00998,-0.121038,-3.08062,0
4.01007,-0.107805,-3.08712,0
4.01016,-0.0944251,-3.09056,0
4.01024,-0.0809392,-3.09094,0
4.01033,-0.0673426,-3.08627,0
4.01042,-0.053928,-3.08953,0
4.0105,-0.0403422,-3.08174,0
4.01059,-0.0269389,-3.08688,0
4.01068,-0.0134478,-3.08197,0
4.01077,-3.71753e-08,-3.086,0
4.01085,0.0134259,-3.07697,0
4.01094,0.0269475,-3.08788,0
4.01103,0.0403683,-3.08374,0
4.01112,0.0538755,-3.08653,0
4.0112,0.0673207,-3.08527,0
4.01129,0.0805988,-3.07794,0
4.01138,0.0943029,-3.08656,0
4.01146,0.10756,-3.08012,0
4.01155,0.121391,-3.08962,0
4.01164,0.134871,-3.08906,0
4.01173,0.1483,-3.08744,0
4.01181,0.162032,-3.09176,0
4.0119,0.174954,-3.08104,0
4.01199,0.189311,-3.09522,0
4.01208,0.202292,-3.08638,0
4.01216,0.215687,-3.08447,0
4.01225,0.229662,-3.09048,0
4.01234,0.243223,-3.09044,0
4.01242,0.256126,-3.08238,0
4.01251,0.270183,-3.0882,0
4.0126,0.282648,-3.07604,0
4.01269,0.296163,-3.07577,0
4.01277,0.309781,-3.07644,0
4.01286,0.324456,-3.087,0
4.01295,0.337161,-3.07859,0
4.01304,0.351949,-3.08901,0
4.01312,0.364483,-3.07951,0
4.01321,0.379379,-3.0898,0
4.0133,0.392984,-3.0891,0
4.01338,0.406459,-3.08736,0
4.01347,0.419521,-3.08258,0
4.01356,0.433942,-3.08766,0
4.01365,0.447266,-3.08474,0
4.01373,0.461018,-3.08474,0
4.01382,0.475233,-3.08764,0
4.01391,0.487606,-3.07862,0
4.014,0.500713,-3.07449,0
4.01408,0.516434,-3.08609,0
4.01417,0.529387,-3.08085,0
4.01426,0.54595,-3.09624,0
4.01434,0.558565,-3.0889,0
4.01443,0.571308,-3.0825,0
4.01452,0.585685,-3.08489,0
4.01461,0.599522,-3.08427,0
4.01469,0.612584,-3.07967,0
4.01478,0.626414,-3.07892,0
4.01487,0.640861,-3.08106,0
4.01496,0.654922,-3.08117,0
4.01504,0.668996,-3.08121,0
4.01513,0.682867,-3.08021,0
4.01522,0.696962,-3.08013,0
4.0153,0.71332,-3.08973,0
4.01539,0.726565,-3.08561,0
4.01548,0.739555,-3.08047,0
4.01557,0.752038,-3.07333,0
4.01565,0.768828,-3.0836,0
4.01574,0.781783,-3.07828,0
4.01583,0.79696,-3.08161,0
4.01592,0.811162,-3.08101,0
4.016,0.825115,-3.07937,0
4.01609,0.842489,-3.09021,0
4.01618,0.854895,-3.08265,0
4.01626,0.87051,-3.08659,0
4.01635,0.883142,-3.07988,0
4.01644,0.897691,-3.07984,0
4.01653,0.911689,-3.07781,0
4.01661,0.928568,-3.08529,0
4.0167,0.941729,-3.08026,0
4.01679,0.957236,-3.0828,0
4.01688,0.970678,-3.0786,0
4.01696,0.985016,-3.07719,0
4.01705,1.00369,-3.08903,0
4.01714,1.01434,-3.07608,0
4.01722,1.03346,-3.08869,0
4.01731,1.04468,-3.07752,0
4.0174,1.06428,-3.0909,0
4.01749,1.07611,-3.08151,0
4.01757,1.09155,-3.08244,0
4.01766,1.10769,-3.08518,0
4.01775,1.12251,-3.08407,0
4.01784,1.1363,-3.08008,0
4.01792,1.15078,-3.0779,0
4.01801,1.1681,-3.08314,0
4.0181,1.18261,-3.08082,0
4.01818,1.19967,-3.08495,0
4.01827,1.21385,-3.08154,0
4.01836,1.2321,-3.08829,0
4.01845,1.24519,-3.08196,0
4.01853,1.26166,-3.0839,0
4.01862,1.2774,-3.08391,0
4.01871,1.29045,-3.07738,0
4.0188,1.30543,-3.07541,0
4.01888,1.32989,-3.09541,0
4.01897,1.3398,-3.08132,0
4.01906,1.35846,-3.08735,0
4.01914,1.37192,-3.08139,0
4.01923,1.3911,-3.08814,0
4.01932,1.40705,-3.0875,0
4.01941,1.42302,-3.08678,0
4.01949,1.43902,-3.08598,0
4.01958,1.45844,-3.09233,0
4.01967,1.47364,-3.08955,0
4.01975,1.48754,-3.08399,0
4.01984,1.5058,-3.08736,0
4.01993,1.52545,-3.09331,0
4.02002,1.53983,-3.08842,0
4.0201,1.55329,-3.08167,0
4.02019,1.56945,-3.08021,0
4.02028,1.58928,-3.08578,0
4.02037,1.60504,-3.08325,0
4.02045,1.62686,-3.09215,0
4.02054,1.64315,-3.09032,0
4.02063,1.65946,-3.0884,0
4.02071,1.67626,-3.08728,0
4.0208,1.70126,-3.10098,0
4.02089,1.71041,-3.08566,0
4.02098,1.7307,-3.09038,0
4.02106,1.74761,-3.08889,0
4.02115,1.76355,-3.08558,0
4.02124,1.7815,-3.08565,0
4.02133,1.8025,-3.0908,0
4.02141,1.82003,-3.0898,0
4.0215,1.83503,-3.08441,0
4.02159,1.85671,-3.09009,0
4.02167,1.87173,-3.08452,0
4.02176,1.89144,-3.08656,0
4.02185,1.91226,-3.09018,0
4.02194,1.92785,-3.0852,0
4.02202,1.94823,-3.08775,0
4.02211,1.96867,-3.09019,0
4.0222,1.98862,-3.09166,0
4.02229,2.00318,-3.08463,0
4.02237,2.01388,-3.07168,0
4.02246,2.00795,-3.03368,0
4.02255,2.01061,-3.00909,0
4.02263,2.01086,-2.98122,0
4.02272,2.0109,-2.95341,0
4.02281,2.00678,-2.91988,0
4.0229,2.0138,-2.90288,0
4.02298,2.0035,-2.8613,0
4.02307,2.00096,-2.8313,0
4.02316,1.99994,-2.80381,0
4.02325,2.00339,-2.78289,0
4.02333,2.00611,-2.76118,0
4.02342,1.99626,-2.72256,0
4.02351,2.00039,-2.70337,0
4.02359,2.0014,-2.68019,0
4.02368,1.99863,-2.65227,0
4.02377,1.99929,-2.62919,0
4.02386,1.99917,-2.60537,0
4.02394,1.99766,-2.58002,0
4.02403,2.00336,-2.56419,0
4.02412,1.99596,-2.53186,0
4.02421,1.99454,-2.50748,0
4.02429,1.99169,-2.48159,0
4.02438,1.99809,-2.46744,0
4.02447,1.99619,-2.44321,0
4.02455,1.98838,-2.4121,0
4.02464,1.99185,-2.39494,0
4.02473,1.99586,-2.37857,0
4.02482,1.99135,-2.35228,0
4.0249,1.98926,-2.32912,0
4.02499,1.99549,-2.31588,0
4.02508,1.97999,-2.27771,0
4.02517,1.98925,-2.2683,0
4.02525,1.9925,-2.25211,0
4.02534,1.99698,-2.23743,0
4.02543,1.99468,-2.21531,0
4.02551,1.9929,-2.19401,0
4.0256,1.99029,-2.17202,0
4.02569,1.98821,-2.15083,0
4.02578,1.98666,-2.13043,0
4.02586,1.98703,-2.11228,0
4.02595,1.99279,-2.09996,0
4.02604,1.99156,-2.08041,0
4.02613,1.99645,-2.06738,0
4.02621,1.99429,-2.04719,0
4.0263,1.99198,-2.02706,0
4.02639,1.98462,-2.00201,0
4.02647,1.99192,-1.99192,0
4.02656,1.9871,-1.96983,0
4.02665,1.98212,-1.94783,0
4.02674,1.97986,-1.92869,0
4.02682,1.98466,-1.91656,0
4.02691,1.98361,-1.89889,0
4.027,1.9868,-1.8854,0
4.02709,1.98918,-1.87123,0
4.02717,1.98343,-1.84958,0
4.02726,1.98414,-1.83412,0
4.02735,1.97812,-1.81261,0
4.02743,1.98749,-1.8053,0
4.02752,1.98048,-1.78323,0
4.02761,1.98675,-1.77324,0
4.0277,1.98174,-1.75329,0
4.02778,1.97884,-1.7354,0
4.02787,1.97809,-1.71953,0
4.02796,1.97043,-1.69783,0
4.02805,1.98314,-1.69376,0
4.02813,1.97906,-1.6754,0
4.02822,1.97793,-1.65968,0
4.02831,1.97285,-1.6408,0
4.02839,1.9877,-1.63854,0
4.02848,1.97935,-1.61719,0
4.02857,1.98094,-1.60414,0
4.02866,1.97857,-1.58797,0
4.02874,1.98469,-1.5787,0
4.02883,1.98528,-1.56507,0
4.02892,1.985,-1.55085,0
4.02901,1.98305,-1.53544,0
4.02909,1.97942,-1.51886,0
4.02918,1.98045,-1.50597,0
4.02927,1.98221,-1.49371,0
4.02935,1.97269,-1.47308,0
4.02944,1.9791,-1.46445,0
4.02953,1.98466,-1.45521,0
4.02962,1.97805,-1.43713,0
4.0297,1.99079,-1.43316,0
4.02979,1.98726,-1.4175,0
4.02988,1.97546,-1.39611,0
4.02997,1.97743,-1.38461,0
4.03005,1.98099,-1.37426,0
4.03014,1.98697,-1.36561,0
4.03023,1.98216,-1.34961,0
4.03031,1.97974,-1.33535,0
4.0304,1.97391,-1.31892,0
4.03049,1.97714,-1.30864,0
4.03058,1.97949,-1.29781,0
4.03066,1.9801,-1.28589,0
4.03075,1.97981,-1.27345,0
4.03084,1.98281,-1.26319,0
4.03093,1.97816,-1.24812,0
4.03101,1.98613,-1.24107,0
4.0311,1.98047,-1.22555,0
4.03119,1.98154,-1.21429,0
4.03127,1.98511,-1.20459,0
4.03136,1.98177,-1.19077,0
4.03145,1.9732,-1.17393,0
4.03154,1.97227,-1.16176,0
4.03162,1.98682,-1.15868,0
4.03171,1.98233,-1.1445,0
4.0318,1.98297,-1.13336,0
4.03188,1.98528,-1.12322,0
4.03197,1.98144,-1.10966,0
4.03206,1.98451,-1.10003,0
4.03215,1.98053,-1.08655,0
4.03223,1.97558,-1.07265,0
4.03232,1.97672,-1.06213,0
4.03241,1.97869,-1.05209,0
4.0325,1.97795,-1.04065,0
4.03258,1.98424,-1.03293,0
4.03267,1.98429,-1.02197,0
4.03276,1.99318,-1.01558,0
4.03284,1.97973,-0.997868,0
4.03293,1.98675,-0.990559,0
4.03302,1.98029,-0.976573,0
4.03311,1.97375,-0.962663,0
4.03319,1.97613,-0.953173,0
4.03328,1.9902,-0.949277,0
4.03337,1.99251,-0.939731,0
4.03346,1.98753,-0.926802,0
4.03354,1.99428,-0.919377,0
4.03363,1.99282,-0.908178,0
4.03372,1.98946,-0.896189,0
4.0338,1.98331,-0.883025,0
4.03389,1.98165,-0.871947,0
4.03398,1.98452,-0.862893,0
4.03407,1.98367,-0.852252,0
4.03415,1.99013,-0.844761,0
4.03424,1.99472,-0.836456,0
4.03433,1.97987,-0.820091,0
4.03442,1.98899,-0.813716,0
4.0345,1.98603,-0.802407,0
4.03459,2.00066,-0.798181,0
4.03468,1.98179,-0.780648,0
4.03476,1.97213,-0.766919,0
4.03485,1.98012,-0.760098,0
4.03494,1.98623,-0.752514,0
4.03503,1.98855,-0.74349,0
4.03511,1.98427,-0.732038,0
4.0352,1.98275,-0.721663,0
4.03529,1.97459,-0.708949,0
4.03538,1.98049,-0.701328,0
4.03546,1.9807,-0.691691,0
4.03555,1.98464,-0.683368,0
4.03564,1.98382,-0.673416,0
4.03572,1.98389,-0.663801,0
4.03581,1.97632,-0.651694,0
4.0359,1.98105,-0.643682,0
4.03599,1.97908,-0.633508,0
4.03607,1.98659,-0.62637,0
4.03616,1.9788,-0.614434,0
4.03625,1.97764,-0.604625,0
4.03634,1.97547,-0.594549,0
4.03642,1.979,-0.586208,0
4.03651,1.98346,-0.578127,0
4.0366,1.97347,-0.565884,0
4.03668,1.97785,-0.55781,0
4.03677,1.97544,-0.547839,0
4.03686,1.97878,-0.539477,0
4.03695,1.98208,-0.531097,0
4.03703,1.98051,-0.521425,0
4.03712,1.98083,-0.512278,0
4.03721,1.98111,-0.503137,0
4.0373,1.98328,-0.494488,0
4.03738,1.97182,-0.482502,0
4.03747,1.98169,-0.475762,0
4.03756,1.9818,-0.466652,0
4.03764,1.98382,-0.458,0
4.03773,1.97799,-0.447574,0
4.03782,1.977,-0.43829,0
4.03791,1.97108,-0.427962,0
4.03799,1.9739,-0.419566,0
4.03808,1.97278,-0.410338,0
4.03817,1.97945,-0.402723,0
4.03826,1.98119,-0.394082,0
4.03834,1.98878,-0.386579,0
4.03843,1.98062,-0.376033,0
4.03852,1.98421,-0.367751,0
4.0386,1.97792,-0.357667,0
4.03869,1.98439,-0.349901,0
4.03878,1.97998,-0.340223,0
4.03887,1.96863,-0.329435,0
4.03895,1.97893,-0.322289,0
4.03904,1.97735,-0.313182,0
4.03913,1.98463,-0.305464,0
4.03922,1.97704,-0.295471,0
4.0393,1.96149,-0.284402,0
4.03939,1.9538,-0.274589,0
4.03948,1.89553,-0.25797,0
4.03956,1.73503,-0.228421,0
4.03965,1.70327,-0.216684,0
4.03974,1.70023,-0.208762,0
4.03983,1.6912,-0.200166,0
4.03991,1.68708,-0.192219,0
4.04,1.69785,-0.185945,0
4.04009,1.69367,-0.178012,0
4.04018,1.69045,-0.17022,0
4.04026,1.69018,-0.162746,0
4.04035,1.69884,-0.156102,0
4.04044,1.68955,-0.147816,0
4.04052,1.69316,-0.140691,0
4.04061,1.68878,-0.13291,0
4.0407,1.68136,-0.124947,0
4.04079,1.69386,-0.118447,0
4.04087,1.71632,-0.112493,0
4.04096,1.8216,-0.111414,0
4.04105,1.93688,-0.109984,0
4.04114,1.95132,-0.102265,0
4.04122,1.96274,-0.0942771,0
4.04131,1.97212,-0.0861047,0
4.0414,1.96948,-0.0773811,0
4.04148,1.97879,-0.0691011,0
4.04157,1.97508,-0.0603441,0
4.04166,1.97732,-0.0517781,0
4.04175,1.97653,-0.0431281,0
4.04183,1.9677,-0.0343464,0
4.04192,1.97883,-0.0259044,0
4.04201,1.97792,-0.0172611,0
4.0421,1.97998,-0.0086394,0
4.04218,1.979,-4.79203e-08,0
4.04227,1.98198,0.00864803,0
4.04236,1.98192,0.0172959,0
4.04244,1.97783,0.0258912,0
4.04253,1.9857,0.0346604,0
4.04262,1.98053,0.0432152,0
4.04271,1.97532,0.0517256,0
4.04279,1.97908,0.0604662,0
4.04288,1.97879,0.069101,0
4.04297,1.97847,0.0777344,0
4.04306,1.97911,0.08641,0
4.04314,1.97572,0.0949007,0
4.04323,1.97529,0.10352,0
4.04332,1.98281,0.112592,0
4.0434,1.9783,0.120998,0
4.04349,1.98674,0.130218,0
4.04358,1.97717,0.138257,0
4.04367,1.98253,0.147328,0
4.04375,1.98287,0.156055,0
4.04384,1.98416,0.164871,0
4.04393,1.97247,0.172568,0
4.04402,1.98165,0.182088,0
4.0441,1.98283,0.190925,0
4.04419,1.98596,0.199975,0
4.04428,1.98705,0.208848,0
4.04436,1.98712,0.217625,0
4.04445,1.98516,0.22618,0
4.04454,1.98018,0.23437,0
4.04463,1.98112,0.243251,0
4.04471,1.98401,0.252398,0
4.0448,1.9819,0.260922,0
4.04489,1.98173,0.269702,0
4.04497,1.98153,0.278485,0
4.04506,1.98425,0.287703,0
4.04515,1.98693,0.296949,0
4.04524,1.98364,0.305312,0
4.04532,1.98032,0.313651,0
4.04541,1.98584,0.323414,0
4.0455,1.98243,0.331746,0
4.04559,1.97801,0.339884,0
4.04567,1.98439,0.349901,0
4.04576,1.9917,0.360158,0
4.04585,1.99109,0.369027,0
4.04593,1.99339,0.378457,0
4.04602,1.98583,0.386007,0
4.04611,1.99296,0.396423,0
4.0462,1.98533,0.403919,0
4.04628,1.98746,0.413393,0
4.04637,1.98857,0.422684,0
4.04646,1.98671,0.431357,0
4.04655,1.98774,0.440671,0
4.04663,1.9936,0.451105,0
4.04672,2.00038,0.461824,0
4.04681,1.98764,0.468027,0
4.04689,1.98947,0.477629,0
4.04698,1.98931,0.486781,0
4.04707,1.9862,0.495214,0
4.04716,1.98789,0.50486,0
4.04724,1.97696,0.511276,0
4.04733,1.98728,0.523207,0
4.04742,1.98788,0.53265,0
4.04751,1.98843,0.542107,0
4.04759,1.98893,0.55158,0
4.04768,1.99132,0.56161,0
4.04777,1.98789,0.570018,0
4.04785,1.9825,0.577847,0
4.04794,1.98092,0.586776,0
4.04803,1.97643,0.594837,0
4.04812,1.9719,0.60287,0
4.0482,1.97403,0.612951,0
4.04829,1.97038,0.621258,0
4.04838,1.9667,0.629545,0
4.04847,1.96869,0.639665,0
4.04855,1.97063,0.649815,0
4.04864,1.96777,0.658407,0
4.04873,1.94689,0.660879,0
4.04881,1.93831,0.667415,0
4.0489,1.925,0.672239,0
4.04899,1.88905,0.668949,0
4.04908,1.92188,0.690026,0
4.04916,1.98275,0.721662,0
4.04925,1.97865,0.729961,0
4.04934,1.982,0.741039,0
4.04943,1.98716,0.752868,0
4.04951,1.98479,0.76189,0
4.0496,1.97865,0.769456,0
4.04969,1.98086,0.780281,0
4.04977,1.98951,0.793734,0
4.04986,1.98046,0.80016,0
4.04995,1.97881,0.809551,0
4.05004,1.98265,0.821239,0
4.05012,1.98089,0.830655,0
4.05021,1.98645,0.843198,0
4.0503,1.97908,0.850278,0
4.05039,1.97993,0.860899,0
4.05047,1.98348,0.872752,0
4.05056,1.98057,0.881805,0
4.05065,1.98399,0.893724,0
4.05073,1.98554,0.904861,0
4.05082,1.98702,0.916027,0
4.05091,1.97938,0.922998,0
4.051,1.98257,0.935039,0
4.05108,1.98208,0.945402,0
4.05117,1.99054,0.960124,0
4.05126,1.98454,0.967923,0
4.05135,1.98837,0.980554,0
4.05143,1.97781,0.986097,0
4.05152,1.98866,1.00237,0
4.05161,1.98516,1.01149,0
4.05169,1.97984,1.01969,0
4.05178,1.98779,1.03478,0
4.05187,1.98149,1.04251,0
4.05196,1.98398,1.0549,0
4.05204,1.98024,1.06402,0
4.05213,1.99228,1.08172,0
4.05222,1.98403,1.08848,0
4.05231,1.98014,1.09761,0
4.05239,1.98667,1.11259,0
4.05248,1.98702,1.1242,0
4.05257,1.98904,1.13683,0
4.05265,1.98926,1.1485,0
4.05274,1.99114,1.1612,0
4.05283,1.98692,1.17038,0
4.05292,1.98437,1.18058,0
4.053,1.98606,1.19334,0
4.05309,1.99451,1.2103,0
4.05318,1.9858,1.2169,0
4.05327,1.98812,1.23029,0
4.05335,1.98528,1.24054,0
4.05344,1.98492,1.25239,0
4.05353,1.9845,1.26427,0
4.05361,1.98485,1.2767,0
4.0537,1.98849,1.29134,0
4.05379,2.00374,1.31371,0
4.05388,2.0055,1.32741,0
4.05396,1.99303,1.3317,0
4.05405,1.99218,1.34374,0
4.05414,1.99125,1.3558,0
4.05423,1.98614,1.36504,0
4.05431,1.98428,1.37654,0
4.0544,1.98235,1.38805,0
4.05449,1.97709,1.39727,0
4.05457,1.98319,1.41459,0
4.05466,1.98836,1.43141,0
4.05475,1.98533,1.44242,0
4.05484,1.98224,1.45344,0
4.05492,1.98553,1.46921,0
4.05501,1.9823,1.48026,0
4.0551,1.98062,1.4925,0
4.05519,1.97886,1.50476,0
4.05527,1.97704,1.51703,0
4.05536,1.98305,1.53544,0
4.05545,1.98736,1.5527,0
4.05553,1.97978,1.56074,0
4.05562,1.98939,1.58243,0
4.05571,1.98871,1.5961,0
4.0558,1.99105,1.61232,0
4.05588,1.9809,1.61846,0
4.05597,1.98308,1.63472,0
4.05606,1.98822,1.65359,0
4.05615,1.98329,1.66418,0
4.05623,1.98898,1.6838,0
4.05632,1.98846,1.69831,0
4.05641,1.99012,1.7148,0
4.05649,1.98564,1.72609,0
4.05658,1.98411,1.74001,0
4.05667,1.99372,1.76389,0
4.05676,1.98451,1.77125,0
4.05684,1.98494,1.78725,0
4.05693,1.98601,1.80396,0
4.05702,1.99434,1.82747,0
4.0571,1.98855,1.83819,0
4.05719,1.98709,1.85299,0
4.05728,1.98772,1.86986,0
4.05737,1.98825,1.88678,0
4.05745,1.98867,1.90374,0
4.05754,1.98538,1.91726,0
4.05763,1.98774,1.93637,0
4.05772,1.98355,1.94923,0
4.0578,1.98355,1.96631,0
4.05789,1.98768,1.98768,0
4.05798,1.98884,2.00627,0
4.05806,1.98357,2.0185,0
4.05815,1.9887,2.04146,0
4.05824,1.9902,2.06091,0
4.05833,1.98326,2.07174,0
4.05841,1.99829,2.10576,0
4.0585,2.11105,2.24411,0
4.05859,2.24991,2.41274,0
4.05868,2.25701,2.44162,0
4.05876,2.25039,2.45587,0
4.05885,2.24839,2.47529,0
4.05894,2.24761,2.49622,0
4.05902,2.25201,2.52317,0
4.05911,2.23966,2.53147,0
4.0592,2.22397,2.53596,0
4.05929,2.19911,2.52979,0
4.05937,2.19066,2.54239,0
4.05946,2.15812,2.52683,0
4.05955,2.21556,2.61712,0
4.05964,2.12956,2.53791,0
4.05972,2.10503,2.53103,0
4.05981,2.0857,2.53016,0
4.0599,2.06388,2.52607,0
4.05998,2.04592,2.5265,0
4.06007,2.02424,2.52215,0
4.06016,2.01508,2.5333,0
4.06025,1.99782,2.53422,0
4.06033,1.9812,2.53582,0
4.06042,1.95542,2.52546,0
4.06051,1.9456,2.53556,0
4.0606,1.92665,2.53367,0
4.06068,1.90956,2.53407,0
4.06077,1.95054,2.61209,0
4.06086,1.88083,2.5418,0
4.06094,1.85257,2.52659,0
4.06103,1.83918,2.53141,0
4.06112,1.82461,2.53455,0
4.06121,1.80541,2.53109,0
4.06129,1.78742,2.52914,0
4.06138,1.77751,2.53855,0
4.06147,1.61936,2.3343,0
4.06156,1.60576,2.3364,0
4.06164,1.59049,2.33594,0
4.06173,1.75027,2.59489,0
4.06182,1.5956,2.38798,0
4.0619,1.70438,2.57504,0
4.06199,1.52371,2.32404,0
4.06208,1.46236,2.25183,0
4.06217,1.44981,2.25398,0
4.06225,1.43029,2.24511,0
4.06234,1.42368,2.2564,0
4.06243,1.41223,2.26005,0
4.06252,1.4071,2.27384,0
4.0626,1.40866,2.29872,0
4.06269,1.39602,2.30057,0
4.06278,1.38751,2.30921,0
4.06286,1.3672,2.29805,0
4.06295,1.35716,2.304,0
4.06304,1.34911,2.31335,0
4.06313,1.8105,3.13588,0
4.06321,1.80226,3.1533,0
4.0633,1.80867,3.19682,0
4.06339,1.81327,3.23783,0
4.06348,1.80786,3.26146,0
4.06356,1.81237,3.30351,0
4.06365,1.80748,3.32896,0
4.06374,1.80997,3.36853,0
4.06382,1.80512,3.39493,0
4.06391,1.80984,3.43995,0
4.064,1.8119,3.48063,0
4.06409,1.80677,3.50806,0
4.06417,1.80461,3.54175,0
4.06426,1.79949,3.57013,0
4.06435,1.80487,3.62001,0
4.06444,1.80365,3.65745,0
4.06452,1.80653,3.70393,0
4.06461,1.80555,3.7433,0
4.0647,1.79954,3.77281,0
4.06478,1.80268,3.82223,0
4.06487,1.80416,3.86903,0
4.06496,1.80024,3.90502,0
4.06505,1.8006,3.95105,0
4.06513,1.80018,3.99625,0
4.06522,1.80062,4.04427,0
4.06531,1.80511,4.10243,0
4.0654,1.79955,4.13869,0
4.06548,1.79766,4.18418,0
4.06557,1.80049,4.24169,0
4.06566,1.80207,4.29746,0
4.06574,1.7856,4.31082,0
4.06583,2.46955,6.03638,0
4.06592,2.4237,5.99888,0
4.06601,2.40084,6.01776,0
4.06609,2.37676,6.03376,0
4.06618,2.34896,6.04034,0
4.06627,0.870834,2.2686,0
4.06636,0.855259,2.25742,0
4.06644,0.879721,2.35292,0
4.06653,0.853525,2.31358,0
4.06662,2.19098,6.01967,0
4.0667,0.827558,2.30494,0
4.06679,0.825171,2.33021,0
4.06688,0.786642,2.2526,0
4.06697,2.07126,6.01539,0
4.06705,0.772741,2.27642,0
4.06714,0.768829,2.29779,0
4.06723,0.764746,2.31917,0
4.06732,0.751838,2.31392,0
4.0674,0.748747,2.33908,0
4.06749,0.732219,2.3223,0
4.06758,0.720003,2.31879,0
4.06766,0.709879,2.32191,0
4.06775,0.689366,2.29051,0
4.06784,0.685897,2.31555,0
4.06793,0.6867,2.35596,0
4.06801,0.672004,2.34356,0
4.0681,0.649286,2.30219,0
4.06819,0.642976,2.31849,0
4.06828,0.622595,2.28365,0
4.06836,0.619872,2.31339,0
4.06845,0.609008,2.31317,0
4.06854,0.604668,2.33808,0
4.06862,0.591753,2.33003,0
4.06871,0.576016,2.31027,0
4.0688,1.06982,4.37201,0
4.06889,0.559802,2.33174,0
4.06897,0.542747,2.30496,0
4.06906,0.528185,2.28782,0
4.06915,0.522391,2.30864,0
4.06924,0.517507,2.33432,0
4.06932,0.5018,2.31115,0
4.06941,0.488593,2.29865,0
4.0695,0.902337,4.33815,0
4.06958,0.467319,2.29694,0
4.06967,0.459243,2.30877,0
4.06976,0.452027,2.32547,0
4.06985,0.438891,2.31171,0
4.06993,0.426613,2.3018,0
4.07002,0.406957,2.2505,0
4.07011,0.409462,2.32218,0
4.07019,0.401866,2.33872,0
4.07028,0.387532,2.3158,0
4.07037,0.371798,2.28292,0
4.07046,0.369968,2.33588,0
4.07054,0.355512,2.3098,0
4.07063,0.346761,2.32023,0
4.07072,0.336203,2.31875,0
4.07081,0.322464,2.29445,0
4.07089,0.313798,2.30574,0
4.07098,0.305823,2.32296,0
4.07107,0.292655,2.30046,0
4.07115,0.282859,2.3037,0
4.07124,0.273627,2.31186,0
4.07133,0.262405,2.3031,0
4.07142,0.252027,2.30124,0
4.0715,0.244074,2.32221,0
4.07159,0.235843,2.34216,0
4.07168,0.223608,2.32226,0
4.07177,0.21448,2.33417,0
4.07185,0.203945,2.3311,0
4.07194,0.19195,2.31004,0
4.07203,0.182496,2.31883,0
4.07211,0.170672,2.29667,0
4.0722,0.161696,2.31235,0
4.07229,0.149708,2.2841,0
4.07238,0.143586,2.34761,0
4.07246,0.125631,2.21244,0
4.07255,0.0897039,1.71165,0
4.07264,0.0827623,1.72301,0
4.07273,0.0742839,1.70138,0
4.07281,0.0661136,1.6827,0
4.0729,0.0595037,1.70396,0
4.07299,0.0511215,1.67322,0
4.07307,0.04437,1.69442,0
4.07316,0.0366054,1.6776,0
4.07325,0.0294248,1.68574,0
4.07334,0.0218859,1.67186,0
4.07342,0.0144163,1.65194,0
4.07351,0.00726497,1.66498,0
4.0736,6.15226e-08,1.691,0
4.07369,-0.00743065,1.70298,0
4.07377,-0.0150009,1.71893,0
4.07386,-0.0224486,1.71485,0
4.07395,-0.0394424,2.25966,0
4.07403,-0.0487344,2.23347,0
4.07412,-0.0596572,2.27822,0
4.07421,-0.0576872,1.88812,0
4.0743,-0.0744755,2.1327,0
4.07438,-0.0730232,1.85857,0
4.07447,-0.0839236,1.92217,0
4.07456,-0.094181,1.96074,0
4.07465,-0.0973448,1.85745,0
4.07473,-0.104371,1.83804,0
4.07482,-0.137603,2.2498,0
4.07491,-0.133619,2.03863,0
4.07499,-0.134421,1.92231,0
4.07508,-0.134951,1.81599,0
4.07517,-0.136126,1.72965,0
4.07526,-0.136551,1.64334,0
4.07534,-0.140495,1.60587,0
4.07543,-0.144572,1.57337,0
4.07552,-0.151149,1.56974,0
4.07561,-0.157295,1.5621,0
4.07569,-0.165573,1.57532,0
4.07578,-0.173098,1.58055,0
4.07587,-0.179427,1.57481,0
4.07595,-0.185709,1.56905,0
4.07604,-0.193407,1.57517,0
4.07613,-0.200656,1.57729,0
4.07622,-0.207145,1.57342,0
4.0763,-0.214008,1.5725,0
4.07639,-0.220033,1.56561,0
4.07648,-0.227005,1.56563,0
4.07657,-0.23546,1.5755,0
4.07665,-0.242637,1.57644,0
4.07674,-0.2492,1.57339,0
4.07683,-0.25542,1.56834,0
4.07691,-0.263251,1.57313,0
4.077,-0.268927,1.56506,0
4.07709,-0.273149,1.5491,0
4.07718,-0.275101,1.52133,0
4.07726,-0.2739,1.47783,0
4.07735,-0.272325,1.43438,0
4.07744,-0.274192,1.4106,0
4.07753,-0.28093,1.41233,0
4.07761,-0.2839,1.39541,0
4.0777,-0.282247,1.35696,0
4.07779,-0.288997,1.35963,0
4.07787,-0.279226,1.28604,0
4.07796,-0.287215,1.29554,0
4.07805,-0.30059,1.32842,0
4.07814,-0.307058,1.33002,0
4.07822,-0.307587,1.30628,0
4.07831,-0.237414,0.9889,0
4.0784,-0.202508,0.827583,0
4.07849,-0.201763,0.809227,0
4.07857,-0.211199,0.8316,0
4.07866,-0.262398,1.01462,0
4.07875,-0.278025,1.05601,0
4.07883,-0.275642,1.02871,0
4.07892,-0.269344,0.987942,0
4.07901,-0.259221,0.934722,0
4.0791,-0.250811,0.889309,0
4.07918,-0.251657,0.877632,0
4.07927,-0.254924,0.874605,0
4.07936,-0.262998,0.887867,0
4.07945,-0.2637,0.876178,0
4.07953,-0.270444,0.884582,0
4.07962,-0.271336,0.873843,0
4.07971,-0.274244,0.86979,0
4.07979,-0.276512,0.863823,0
4.07988,-0.280587,0.863559,0
4.07997,-0.273079,0.828138,0
4.08006,-0.267488,0.799437,0
4.08014,-0.266473,0.785005,0
4.08023,-0.262408,0.762088,0
4.08032,-0.269028,0.770377,0
4.08041,-0.273722,0.772966,0
4.08049,-0.279119,0.777411,0
4.08058,-0.278062,0.76397,0
4.08067,-0.281393,0.76275,0
4.08075,-0.281917,0.754021,0
4.08084,-0.286976,0.75746,0
4.08093,-0.289203,0.753399,0
4.08102,-0.296112,0.76145,0
4.0811,-0.2954,0.749917,0
4.08119,-0.303487,0.760695,0
4.08128,-0.303806,0.751946,0
4.08137,-0.31087,0.759869,0
4.08145,-0.310356,0.749266,0
4.08154,-0.310142,0.739605,0
4.08163,-0.311022,0.732722,0
4.08171,-0.313821,0.730439,0
4.0818,-0.309828,0.712556,0
4.08189,-0.312934,0.711197,0
4.08198,-0.309933,0.696122,0
4.08206,-0.310914,0.690204,0
4.08215,-0.310605,0.681561,0
4.08224,-0.311483,0.675659,0
4.08232,-0.309779,0.664324,0
4.08241,-0.309689,0.656634,0
4.0825,-0.309968,0.649861,0
4.08259,-0.309325,0.641297,0
4.08267,-0.305545,0.626459,0
4.08276,-0.306506,0.621533,0
4.08285,-0.312338,0.626454,0
4.08294,-0.308767,0.612584,0
4.08302,-0.309621,0.607666,0
4.08311,-0.309981,0.601865,0
4.0832,-0.310757,0.596958,0
4.08328,-0.307771,0.584977,0
4.08337,-0.303748,0.571267,0
4.08346,-0.304345,0.566413,0
4.08355,-0.307767,0.566837,0
4.08363,-0.308795,0.562859,0
4.08372,-0.309793,0.558882,0
4.08381,-0.307343,0.5488,0
4.0839,-0.308257,0.544843,0
4.08398,-0.310135,0.542624,0
4.08407,-0.3135,0.542998,0
4.08416,-0.309317,0.530395,0
4.08424,-0.308583,0.523871,0
4.08433,-0.309332,0.519941,0
4.08442,-0.311598,0.518586,0
4.08451,-0.305039,0.502688,0
4.08459,-0.312977,0.510731,0
4.08468,-0.307309,0.496606,0
4.08477,-0.308943,0.494412,0
4.08486,-0.30416,0.482065,0
4.08494,-0.303574,0.476516,0
4.08503,-0.30511,0.474346,0
4.08512,-0.3099,0.477204,0
4.0852,-0.305399,0.465811,0
4.08529,-0.309085,0.466976,0
4.08538,-0.305008,0.456477,0
4.08547,-0.303642,0.450167,0
4.08555,-0.305603,0.448838,0
4.08564,-0.307559,0.447501,0
4.08573,-0.308938,0.445333,0
4.08582,-0.308011,0.439885,0
4.0859,-0.307041,0.434453,0
4.08599,-0.303708,0.425782,0
4.08608,-0.309068,0.429323,0
4.08616,-0.309175,0.425543,0
4.08625,-0.310438,0.423383,0
4.08634,-0.307523,0.415594,0
4.08643,-0.312924,0.419056,0
4.08651,-0.301509,0.400116,0
4.0866,-0.303252,0.398797,0
4.08669,-0.31473,0.410164,0
4.08678,-0.316516,0.408787,0
4.08686,-0.314603,0.402673,0
4.08695,-0.312642,0.396585,0
4.08704,-0.31437,0.395217,0
4.08712,-0.318595,0.396961,0
4.08721,-0.317807,0.392459,0
4.0873,-0.313189,0.383324,0
4.08739,-0.311678,0.378096,0
4.08747,-0.30821,0.370582,0
4.08756,-0.303396,0.361573,0
4.08765,-0.299155,0.353377,0
4.08774,-0.301993,0.353589,0
4.08782,-0.299617,0.347722,0
4.08791,-0.299163,0.344148,0
4.088,-0.29275,0.333817,0
4.08808,-0.294866,0.333285,0
4.08817,-0.292988,0.328265,0
4.08826,-0.291072,0.323268,0
4.08835,-0.293152,0.322735,0
4.08843,-0.289828,0.316292,0
4.08852,-0.0794197,0.0859157,0
4.08861,-0.359413,0.385423,0
4.0887,-0.348758,0.370741,0
4.08878,-0.339359,0.35761,0
4.08887,-0.117557,0.122802,0
4.08896,-0.180611,0.187028,0
4.08904,-0.163283,0.167615,0
4.08913,-0.187143,0.190438,0
4.08922,-0.201348,0.203113,0
4.08931,-0.181019,0.181019,0
