7200
3161
2.75762
2.77333,-0.0339411,-0.0339411,0
2.77342,-0.0373128,-0.0376398,0
2.7735,-0.0490636,-0.0499275,0
2.77359,-0.0530321,-0.0544389,0
2.77368,-0.0541834,-0.0561085,0
2.77376,-0.0733004,-0.0765706,0
2.77385,-0.0901745,-0.095024,0
2.77394,-0.161703,-0.171896,0
2.77403,-0.287803,-0.308631,0
2.77411,-0.211107,-0.228374,0
2.7742,-0.195921,-0.21381,0
2.77429,-0.217847,-0.239831,0
2.77438,-0.217467,-0.241522,0
2.77446,-0.227732,-0.255152,0
2.77455,-0.229267,-0.259139,0
2.77464,-0.228793,-0.260888,0
2.77472,-0.230933,-0.265658,0
2.77481,-0.225855,-0.262117,0
2.7749,-0.222111,-0.260059,0
2.77499,-0.224205,-0.264842,0
2.77507,-0.23526,-0.280372,0
2.77516,-0.230198,-0.276783,0
2.77525,-0.227716,-0.276242,0
2.77534,-0.228407,-0.279556,0
2.77542,-0.227185,-0.28055,0
2.77551,-0.229714,-0.286218,0
2.7756,-0.224105,-0.281739,0
2.77568,-0.215445,-0.27329,0
2.77577,-0.215482,-0.275804,0
2.77586,-0.224684,-0.290183,0
2.77595,-0.213067,-0.277674,0
2.77603,-0.206405,-0.271437,0
2.77612,-0.225079,-0.29869,0
2.77621,-0.229757,-0.307681,0
2.7763,-0.19986,-0.270096,0
2.77638,-0.215828,-0.294352,0
2.77647,-0.218656,-0.300954,0
2.77656,-0.217925,-0.302717,0
2.77664,-0.217183,-0.304479,0
2.77673,-0.218161,-0.30869,0
2.77682,-0.216238,-0.30882,0
2.77691,-0.218309,-0.314691,0
2.77699,-0.216934,-0.31564,0
2.77708,-0.223996,-0.328983,0
2.77717,-0.219763,-0.325812,0
2.77726,-0.220561,-0.330093,0
2.77734,-0.215807,-0.326049,0
2.77743,-0.214931,-0.327824,0
2.77752,-0.220579,-0.339662,0
2.7776,-0.225586,-0.350713,0
2.77769,-0.215994,-0.339043,0
2.77778,-0.225185,-0.356897,0
2.77787,-0.214617,-0.343459,0
2.77795,-0.227324,-0.367352,0
2.77804,-0.224674,-0.366635,0
2.77813,-0.213735,-0.352224,0
2.77821,-0.221466,-0.368582,0
2.7783,-0.223946,-0.37642,0
2.77839,-0.222302,-0.377394,0
2.77848,-0.218638,-0.374905,0
2.77856,-0.2235,-0.387113,0
2.77865,-0.227267,-0.397635,0
2.77874,-0.226022,-0.399493,0
2.77883,-0.224766,-0.401348,0
2.77891,-0.225436,-0.406698,0
2.779,-0.220293,-0.401541,0
2.77909,-0.221879,-0.40865,0
2.77917,-0.223407,-0.41578,0
2.77926,-0.218304,-0.410571,0
2.77935,-0.212786,-0.404439,0
2.77944,-0.218869,-0.420443,0
2.77952,-0.217948,-0.423172,0
2.77961,-0.222909,-0.437484,0
2.7797,-0.220998,-0.438453,0
2.77979,-0.22533,-0.451942,0
2.77987,-0.219817,-0.445746,0
2.77996,-0.222254,-0.455689,0
2.78005,-0.224608,-0.465661,0
2.78013,-0.221713,-0.464831,0
2.78022,-0.226508,-0.480266,0
2.78031,-0.229904,-0.493031,0
2.7804,-0.232775,-0.504928,0
2.78048,-0.236375,-0.518678,0
2.78057,-0.232878,-0.516969,0
2.78066,-0.232653,-0.522548,0
2.78075,-0.227149,-0.516236,0
2.78083,-0.220907,-0.508051,0
2.78092,-0.210004,-0.488797,0
2.78101,-0.214902,-0.506278,0
2.78109,-0.213464,-0.509055,0
2.78118,-0.215451,-0.520144,0
2.78127,-0.21583,-0.527558,0
2.78136,-0.217272,-0.537767,0
2.78144,-0.214182,-0.536852,0
2.78153,-0.217702,-0.552668,0
2.78162,-0.212389,-0.546157,0
2.78171,-0.218604,-0.569484,0
2.78179,-0.217535,-0.574173,0
2.78188,-0.215027,-0.575117,0
2.78197,-0.210093,-0.569482,0
2.78205,-0.214105,-0.588248,0
2.78214,-0.212888,-0.592941,0
2.78223,-0.215639,-0.608946,0
2.78232,-0.214629,-0.614602,0
2.7824,-0.21227,-0.616478,0
2.78249,-0.21215,-0.624974,0
2.78258,-0.216084,-0.645808,0
2.78267,-0.214204,-0.649594,0
2.78275,-0.215385,-0.662886,0
2.78284,-0.213405,-0.666677,0
2.78293,-0.21711,-0.688584,0
2.78301,-0.223592,-0.720085,0
2.7831,-0.207292,-0.67802,0
2.78319,-0.205772,-0.683706,0
2.78328,-0.614609,-2.07489,0
2.78336,-0.603871,-2.07179,0
2.78345,-0.596204,-2.07921,0
2.78354,-0.584683,-2.07313,0
2.78363,-0.575631,-2.07566,0
2.78371,-0.567358,-2.08105,0
2.7838,-0.553873,-2.06708,0
2.78389,-0.546376,-2.07528,0
2.78397,-0.536815,-2.07571,0
2.78406,-0.524799,-2.0664,0
2.78415,-0.515294,-2.06673,0
2.78424,-0.506271,-2.06896,0
2.78432,-0.497239,-2.07115,0
2.78441,-0.484759,-2.0587,0
2.7845,-0.478021,-2.07054,0
2.78459,-0.467217,-2.0648,0
2.78467,-0.458203,-2.06682,0
2.78476,-0.448119,-2.06391,0
2.78485,-0.438694,-2.06389,0
2.78493,-0.430499,-2.0697,0
2.78502,-0.420268,-2.06568,0
2.78511,-0.410275,-2.06259,0
2.7852,-0.402225,-2.06927,0
2.78528,-0.391141,-2.0602,0
2.78537,-0.38397,-2.07172,0
2.78546,-0.373326,-2.06452,0
2.78555,-0.365356,-2.07204,0
2.78563,-0.354787,-2.06474,0
2.78572,-0.344454,-2.05838,0
2.78581,-0.33547,-2.05986,0
2.78589,-0.327105,-2.06526,0
2.78598,-0.317177,-2.06073,0
2.78607,-0.30907,-2.06803,0
2.78616,-0.2999,-2.06837,0
2.78624,-0.290037,-2.06372,0
2.78633,-0.280895,-2.06397,0
2.78642,-0.271886,-2.06518,0
2.78651,-0.262872,-2.06635,0
2.78659,-0.253732,-2.06648,0
2.78668,-0.24436,-2.06459,0
2.78677,-0.234331,-2.05669,0
2.78685,-0.226117,-2.06465,0
2.78694,-0.217106,-2.06562,0
2.78703,-0.20789,-2.06456,0
2.78712,-0.198209,-2.05848,0
2.7872,-0.189317,-2.06032,0
2.78729,-0.179715,-2.05415,0
2.78738,-0.171496,-2.06389,0
2.78747,-0.162332,-2.06262,0
2.78755,-0.153553,-2.0663,0
2.78764,-0.143768,-2.05598,0
2.78773,-0.135123,-2.06158,0
2.78781,-0.125821,-2.05716,0
2.7879,-0.117354,-2.06667,0
2.78799,-0.107969,-2.06017,0
2.78808,-0.0994587,-2.07061,0
2.78816,-0.0900304,-2.06204,0
2.78825,-0.0810715,-2.06341,0
2.78834,-0.0719279,-2.05974,0
2.78843,-0.0631231,-2.06604,0
2.78851,-0.0539769,-2.06129,0
2.7886,-0.0448951,-2.05751,0
2.78869,-0.0360043,-2.06269,0
2.78877,-0.0267944,-2.04682,0
2.78886,-0.0179156,-2.05292,0
2.78895,-0.00896663,-2.05498,0
2.78904,-2.48759e-08,-2.065,0
2.78912,0.00900148,-2.06298,0
2.78921,0.018029,-2.06592,0
2.7893,0.0269907,-2.06182,0
2.78939,0.0359868,-2.06169,0
2.78947,0.0450259,-2.06351,0
2.78956,0.054003,-2.06229,0
2.78965,0.0630009,-2.06204,0
2.78973,0.0719627,-2.06074,0
2.78982,0.0813856,-2.0714,0
2.78991,0.0896814,-2.05404,0
2.79,0.0990268,-2.06162,0
2.79008,0.10755,-2.05218,0
2.79017,0.116504,-2.05169,0
2.79026,0.125821,-2.05716,0
2.79035,0.13473,-2.05559,0
2.79043,0.143629,-2.05398,0
2.79052,0.152589,-2.05334,0
2.79061,0.161626,-2.05365,0
2.79069,0.171247,-2.0609,0
2.79078,0.179889,-2.05615,0
2.79087,0.188676,-2.05335,0
2.79096,0.19773,-2.0535,0
2.79104,0.206788,-2.05361,0
2.79113,0.216165,-2.05667,0
2.79122,0.225246,-2.0567,0
2.7913,0.233538,-2.04974,0
2.79139,0.243773,-2.05962,0
2.79148,0.251904,-2.05159,0
2.79157,0.260979,-2.05147,0
2.79165,0.271364,-2.06121,0
2.79174,0.279546,-2.05406,0
2.79183,0.288506,-2.05283,0
2.79192,0.296312,-2.04363,0
2.792,0.306113,-2.04825,0
2.79209,0.316264,-2.0548,0
2.79218,0.324758,-2.05044,0
2.79226,0.333219,-2.04604,0
2.79235,0.343464,-2.05246,0
2.79244,0.352247,-2.04996,0
2.79253,0.363272,-2.06022,0
2.79261,0.371012,-2.05172,0
2.7927,0.380872,-2.055,0
2.79279,0.388716,-2.04743,0
2.79288,0.398791,-2.0516,0
2.79296,0.406373,-2.04298,0
2.79305,0.417476,-2.05196,0
2.79314,0.426629,-2.0511,0
2.79322,0.435575,-2.04922,0
2.79331,0.444724,-2.04828,0
2.7934,0.454956,-2.05217,0
2.79349,0.463465,-2.04822,0
2.79357,0.472172,-2.0452,0
2.79366,0.483154,-2.05188,0
2.79375,0.493503,-2.05559,0
2.79384,0.500329,-2.04468,0
2.79392,0.511907,-2.05315,0
2.79401,0.51963,-2.04605,0
2.7941,0.530305,-2.05054,0
2.79418,0.537974,-2.04337,0
2.79427,0.549214,-2.04969,0
2.79436,0.557626,-2.04535,0
2.79445,0.566813,-2.04386,0
2.79453,0.576811,-2.04522,0
2.79462,0.586832,-2.04653,0
2.79471,0.597155,-2.04875,0
2.7948,0.604385,-2.04037,0
2.79488,0.61674,-2.0492,0
2.79497,0.626553,-2.04936,0
2.79506,0.636082,-2.04852,0
2.79514,0.643811,-2.04191,0
2.79523,0.655458,-2.04765,0
2.79532,0.665314,-2.04762,0
2.79541,0.676121,-2.0504,0
2.79549,0.684426,-2.04553,0
2.79558,0.694309,-2.04537,0
2.79567,0.702576,-2.04043,0
2.79576,0.716088,-2.05056,0
2.79584,0.72169,-2.03799,0
2.79593,0.735983,-2.04988,0
2.79602,0.742526,-2.04007,0
2.7961,0.755227,-2.04713,0
2.79619,0.764152,-2.04382,0
2.79628,0.775543,-2.04701,0
2.79637,0.785901,-2.04734,0
2.79645,0.792652,-2.0383,0
2.79654,0.804104,-2.04134,0
2.79663,0.815226,-2.04338,0
2.79672,0.823011,-2.03702,0
2.7968,0.832648,-2.03526,0
2.79689,0.84573,-2.04177,0
2.79698,0.859272,-2.04913,0
2.79706,0.869767,-2.04904,0
2.79715,0.880673,-2.04982,0
2.79724,0.888014,-2.04229,0
2.79733,0.900542,-2.04664,0
2.79741,0.910277,-2.04451,0
2.7975,0.923296,-2.04964,0
2.79759,0.932645,-2.0465,0
2.79768,0.944915,-2.04968,0
2.79776,0.95554,-2.04916,0
2.79785,0.965752,-2.04769,0
2.79794,0.973816,-2.04165,0
2.79802,0.984453,-2.04098,0
2.79811,0.996856,-2.04386,0
2.7982,1.00576,-2.03949,0
2.79829,1.01688,-2.03956,0
2.79837,1.02712,-2.03778,0
2.79846,1.04191,-2.04486,0
2.79855,1.05174,-2.04207,0
2.79864,1.06156,-2.03924,0
2.79872,1.0765,-2.04609,0
2.79881,1.08448,-2.03961,0
2.7989,1.09526,-2.03838,0
2.79898,1.10987,-2.04413,0
2.79907,1.12022,-2.0419,0
2.79916,1.13155,-2.04136,0
2.79925,1.14386,-2.04251,0
2.79933,1.15326,-2.03837,0
2.79942,1.1666,-2.04114,0
2.79951,1.1735,-2.03256,0
2.7996,1.1879,-2.03692,0
2.79968,1.2049,-2.04551,0
2.79977,1.21279,-2.03851,0
2.79986,1.22373,-2.03663,0
2.79994,1.23624,-2.03725,0
2.80003,1.24668,-2.0344,0
2.80012,1.26239,-2.03999,0
2.80021,1.27446,-2.03956,0
2.80029,1.28761,-2.04074,0
2.80038,1.29919,-2.03932,0
2.80047,1.30754,-2.03279,0
2.80056,1.3202,-2.03294,0
2.80064,1.334,-2.03468,0
2.80073,1.34231,-2.02801,0
2.80082,1.36004,-2.03544,0
2.8009,1.37506,-2.0386,0
2.80099,1.38844,-2.0392,0
2.80108,1.40299,-2.04136,0
2.80117,1.41587,-2.04097,0
2.80125,1.42247,-2.0315,0
2.80134,1.43421,-2.02935,0
2.80143,1.44537,-2.02633,0
2.80152,1.45595,-2.02244,0
2.8016,1.47946,-2.0363,0
2.80169,1.49542,-2.0395,0
2.80178,1.50312,-2.03135,0
2.80186,1.52094,-2.03679,0
2.80195,1.5238,-2.02215,0
2.80204,1.5435,-2.02981,0
2.80213,1.55417,-2.02543,0
2.80221,1.5734,-2.03207,0
2.8023,1.5841,-2.02755,0
2.80239,1.6016,-2.03161,0
2.80248,1.61729,-2.03322,0
2.80256,1.63178,-2.03316,0
2.80265,1.63749,-2.02213,0
2.80274,1.65769,-2.02891,0
2.80282,1.67289,-2.02937,0
2.80291,1.68684,-2.0282,0
2.803,1.70339,-2.03002,0
2.80309,1.71158,-2.0218,0
2.80317,1.73273,-2.02876,0
2.80326,1.74548,-2.02573,0
2.80335,1.75955,-2.02413,0
2.80343,1.77957,-2.02922,0
2.80352,1.79239,-2.02593,0
2.80361,1.81386,-2.03226,0
2.8037,1.82673,-2.02879,0
2.80378,1.84296,-2.02894,0
2.80387,1.8599,-2.02972,0
2.80396,1.87621,-2.02967,0
2.80405,1.88368,-2.02,0
2.80413,1.90618,-2.02633,0
2.80422,1.92326,-2.0267,0
2.80431,1.94523,-2.03201,0
2.80439,1.95407,-2.0235,0
2.80448,1.97475,-2.02713,0
2.80457,1.99689,-2.03205,0
2.80466,1.9987,-2.01622,0
2.80474,2.0195,-2.0195,0
2.80483,2.03539,-2.01771,0
2.80492,2.04132,-2.006,0
2.80501,2.03358,-1.98103,0
2.80509,2.03142,-1.96172,0
2.80518,2.02768,-1.94108,0
2.80527,2.02815,-1.92464,0
2.80535,2.02778,-1.90755,0
2.80544,2.02731,-1.8905,0
2.80553,2.02012,-1.86738,0
2.80562,2.02235,-1.85314,0
2.8057,2.02376,-1.83825,0
2.80579,2.02804,-1.82606,0
2.80588,2.02778,-1.80987,0
2.80597,2.02593,-1.79239,0
2.80605,2.02395,-1.77496,0
2.80614,2.02338,-1.75889,0
2.80623,2.01361,-1.73504,0
2.80631,2.02116,-1.72623,0
2.8064,2.01493,-1.70577,0
2.80649,2.02389,-1.69824,0
2.80658,2.01744,-1.67789,0
2.80666,2.01703,-1.66271,0
2.80675,2.02116,-1.65136,0
2.80684,2.01747,-1.63372,0
2.80693,2.016,-1.61801,0
2.80701,2.01365,-1.60173,0
2.8071,2.01355,-1.58736,0
2.80719,2.00864,-1.56932,0
2.80727,2.00835,-1.55503,0
2.80736,2.00718,-1.54017,0
2.80745,2.01468,-1.532,0
2.80754,2.01576,-1.51898,0
2.80762,2.00714,-1.4988,0
2.80771,2.01527,-1.49122,0
2.8078,2.01208,-1.47532,0
2.80789,2.0185,-1.46652,0
2.80797,2.00134,-1.44076,0
2.80806,2.01575,-1.43782,0
2.80815,2.0122,-1.42209,0
2.80823,2.00856,-1.40641,0
2.80832,2.00482,-1.39079,0
2.80841,2.01004,-1.38146,0
2.8085,2.01192,-1.36987,0
2.80858,2.00876,-1.35492,0
2.80867,2.0055,-1.34004,0
2.80876,2.00383,-1.3263,0
2.80885,2.00207,-1.31261,0
2.80893,2.00275,-1.3006,0
2.80902,2.00924,-1.29239,0
2.80911,1.99968,-1.27394,0
2.80919,2.00268,-1.2636,0
2.80928,2.00648,-1.25379,0
2.80937,2.00343,-1.23976,0
2.80946,2.002,-1.22683,0
2.80954,1.99365,-1.20978,0
2.80963,2.00063,-1.2021,0
2.80972,2.00328,-1.19182,0
2.80981,1.99984,-1.178,0
2.80989,1.99892,-1.16573,0
2.80998,2.00052,-1.155,0
2.81007,2.00467,-1.14576,0
2.81015,2.00182,-1.13257,0
2.81024,2.00151,-1.1209,0
2.81033,1.99763,-1.10731,0
2.81042,1.99543,-1.09473,0
2.8105,2.00107,-1.08649,0
2.81059,1.99698,-1.07302,0
2.81068,2.00517,-1.06617,0
2.81077,1.99565,-1.04996,0
2.81085,2.00198,-1.04217,0
2.81094,1.99673,-1.02838,0
2.81103,2.0012,-1.01966,0
2.81111,1.99224,-1.00417,0
2.8112,1.9966,-0.995467,0
2.81129,1.99823,-0.985419,0
2.81138,2.00161,-0.976253,0
2.81146,2.00045,-0.964903,0
2.81155,1.99923,-0.953582,0
2.81164,1.99704,-0.941864,0
2.81173,2.00203,-0.933564,0
2.81181,2.00155,-0.922726,0
2.8119,2.00737,-0.914813,0
2.81199,2.00041,-0.901117,0
2.81207,2.00249,-0.891567,0
2.81216,2.00179,-0.880807,0
2.81225,2.00194,-0.870469,0
2.81234,2.0048,-0.861331,0
2.81242,1.99197,-0.845542,0
2.81251,1.99472,-0.836456,0
2.8126,1.99835,-0.827744,0
2.81269,1.99084,-0.814473,0
2.81277,1.98325,-0.801284,0
2.81286,1.99694,-0.796699,0
2.81295,1.99854,-0.787245,0
2.81303,1.99822,-0.777067,0
2.81312,1.99693,-0.766549,0
2.81321,1.9909,-0.754286,0
2.8133,1.98855,-0.74349,0
2.81338,1.98803,-0.733422,0
2.81347,1.99497,-0.726109,0
2.81356,1.99623,-0.716721,0
2.81365,2.00217,-0.709006,0
2.81373,1.99108,-0.695318,0
2.81382,1.99126,-0.685647,0
2.81391,1.98477,-0.673737,0
2.81399,1.99812,-0.668561,0
2.81408,1.99152,-0.656704,0
2.81417,1.99341,-0.6477,0
2.81426,1.9867,-0.635947,0
2.81434,1.98182,-0.624867,0
2.81443,1.98835,-0.6174,0
2.81452,1.98816,-0.607841,0
2.81461,1.99175,-0.599448,0
2.81469,1.98955,-0.589332,0
2.81478,1.9921,-0.580645,0
2.81487,1.98789,-0.570018,0
2.81495,1.98362,-0.559439,0
2.81504,1.98508,-0.550511,0
2.81513,1.98843,-0.542107,0
2.81522,1.98691,-0.532391,0
2.8153,1.98535,-0.522698,0
2.81539,1.9847,-0.513279,0
2.81548,1.98886,-0.505107,0
2.81557,1.98911,-0.49594,0
2.81565,1.98348,-0.485355,0
2.81574,1.98752,-0.477162,0
2.81583,1.97791,-0.465735,0
2.81591,1.98577,-0.45845,0
2.816,1.98872,-0.450002,0
2.81609,1.98383,-0.439805,0
2.81618,1.99062,-0.432206,0
2.81626,1.98564,-0.422061,0
2.81635,1.99236,-0.414411,0
2.81644,1.98925,-0.404717,0
2.81652,1.98903,-0.395643,0
2.81661,1.99172,-0.387152,0
2.8167,1.98455,-0.376779,0
2.81679,1.98519,-0.367934,0
2.81687,1.98973,-0.359802,0
2.81696,1.98439,-0.349901,0
2.81705,1.97998,-0.340223,0
2.81714,1.99526,-0.333891,0
2.81722,1.98189,-0.322771,0
2.81731,1.99118,-0.315372,0
2.8174,1.98463,-0.305464,0
2.81748,1.98495,-0.296654,0
2.81757,1.98326,-0.287559,0
2.81766,1.99143,-0.279877,0
2.81775,1.99065,-0.270916,0
2.81783,1.98785,-0.261705,0
2.81792,1.98401,-0.252398,0
2.81801,1.97417,-0.242398,0
2.8181,1.98912,-0.235427,0
2.81818,1.98218,-0.22584,0
2.81827,1.98414,-0.217298,0
2.81836,1.98606,-0.208743,0
2.81844,1.98496,-0.199875,0
2.81853,1.97984,-0.190637,0
2.81862,1.97966,-0.181905,0
2.81871,1.98243,-0.17344,0
2.81879,1.98217,-0.164706,0
2.81888,1.98187,-0.155977,0
2.81897,1.96359,-0.14592,0
2.81906,1.94725,-0.136165,0
2.81914,1.90391,-0.124789,0
2.81923,1.76869,-0.108178,0
2.81932,1.70026,-0.0965479,0
2.8194,1.69967,-0.0890758,0
2.81949,1.69604,-0.0814669,0
2.81958,1.69339,-0.0739349,0
2.81967,1.69469,-0.0665847,0
2.81975,1.70396,-0.0595037,0
2.81984,1.69221,-0.0517017,0
2.81993,1.69042,-0.0442653,0
2.82002,1.6916,-0.0369108,0
2.8201,1.69774,-0.0296342,0
2.82019,1.68686,-0.0220822,0
2.82028,1.69194,-0.0147653,0
2.82036,1.68498,-0.00735222,0
2.82045,1.691,-4.09465e-08,0
2.82054,1.68598,0.0073565,0
2.82063,1.68194,0.014678,0
2.82071,1.67786,0.0219643,0
2.8208,1.68574,0.0294247,0
2.82089,1.6836,0.0367362,0
2.82098,1.68842,0.0442128,0
2.82106,1.68621,0.0515184,0
2.82115,1.71695,0.0599573,0
2.82124,1.88155,0.0739262,0
2.82132,1.97112,0.086061,0
2.82141,1.98172,0.0951886,0
2.8215,1.97928,0.10373,0
2.82159,1.98181,0.112535,0
2.82167,1.9813,0.121181,0
2.82176,1.98674,0.130218,0
2.82185,1.97418,0.138048,0
2.82194,1.98453,0.147476,0
2.82202,1.98486,0.156212,0
2.82211,1.97719,0.164291,0
2.8222,1.97844,0.173091,0
2.82228,1.9707,0.181082,0
2.82237,1.98084,0.190733,0
2.82246,1.98297,0.199675,0
2.82255,1.98308,0.20843,0
2.82263,1.98314,0.217189,0
2.82272,1.98218,0.22584,0
2.82281,1.98415,0.23484,0
2.8229,1.98211,0.243373,0
2.82298,1.98004,0.251893,0
2.82307,1.97793,0.2604,0
2.82316,1.98173,0.269702,0
2.82324,1.98549,0.279042,0
2.82333,1.97732,0.286698,0
2.82342,1.98001,0.295914,0
2.82351,1.98463,0.305464,0
2.82359,1.98427,0.314277,0
2.82368,1.99077,0.324218,0
2.82377,1.98046,0.331416,0
2.82386,1.98491,0.34107,0
2.82394,1.97749,0.348685,0
2.82403,1.97891,0.357844,0
2.82412,1.98224,0.367387,0
2.8242,1.9816,0.376219,0
2.82429,1.98387,0.385625,0
2.82438,1.97922,0.393692,0
2.82447,1.98533,0.403919,0
2.82455,1.97865,0.41156,0
2.82464,1.97586,0.419982,0
2.82473,1.97889,0.42966,0
2.82482,1.98188,0.439372,0
2.8249,1.98287,0.448678,0
2.82499,1.98089,0.457325,0
2.82508,1.97012,0.463902,0
2.82516,1.97683,0.474594,0
2.82525,1.97182,0.482502,0
2.82534,1.97358,0.492069,0
2.82543,1.97142,0.500676,0
2.82551,1.97018,0.509523,0
2.8256,1.97567,0.520152,0
2.82569,1.96952,0.527732,0
2.82578,1.97781,0.539214,0
2.82586,1.97544,0.547839,0
2.82595,1.97303,0.556453,0
2.82604,1.97635,0.56671,0
2.82612,1.97002,0.574209,0
2.82621,1.97421,0.584788,0
2.8263,1.97355,0.593973,0
2.82639,1.97094,0.602578,0
2.82647,1.96543,0.610283,0
2.82656,1.97801,0.623664,0
2.82665,1.96955,0.630459,0
2.82674,1.97344,0.64121,0
2.82682,1.97063,0.649815,0
2.82691,1.97156,0.659676,0
2.827,1.96109,0.665701,0
2.82708,1.96006,0.674903,0
2.82717,1.96182,0.685097,0
2.82726,1.96541,0.695987,0
2.82735,1.97553,0.709287,0
2.82743,1.97054,0.717216,0
2.82752,1.97208,0.727538,0
2.82761,1.97263,0.737537,0
2.8277,1.96752,0.745428,0
2.82778,1.96799,0.75544,0
2.82787,1.97306,0.767281,0
2.82796,1.96504,0.774051,0
2.82804,1.96815,0.785211,0
2.82813,1.96563,0.794166,0
2.82822,1.964,0.803492,0
2.82831,1.95493,0.809758,0
2.82839,1.95875,0.821374,0
2.82848,1.95975,0.831867,0
2.82857,1.95519,0.840015,0
2.82865,1.94325,0.844949,0
2.82874,1.94961,0.85785,0
2.82883,1.96138,0.873264,0
2.82892,1.97032,0.887563,0
2.829,1.97462,0.899884,0
2.82909,1.97975,0.912678,0
2.82918,1.97031,0.918772,0
2.82927,1.97262,0.930346,0
2.82935,1.97034,0.939806,0
2.82944,1.97793,0.954042,0
2.82953,1.97375,0.962663,0
2.82961,1.96684,0.969939,0
2.8297,1.97423,0.984312,0
2.82979,1.9717,0.993817,0
2.82988,1.97091,1.00423,0
2.82996,1.9674,1.01327,0
2.83005,1.97005,1.02554,0
2.83014,1.96733,1.03506,0
2.83023,1.96103,1.0427,0
2.83031,1.96086,1.05361,0
2.8304,1.96943,1.06931,0
2.83049,1.96737,1.07934,0
2.83057,1.96702,1.09034,0
2.83066,1.96835,1.10233,0
2.83075,1.97484,1.11731,0
2.83084,1.96994,1.12592,0
2.83092,1.96848,1.1365,0
2.83101,1.97041,1.14911,0
2.8311,1.97227,1.16176,0
2.83119,1.96632,1.16984,0
2.83127,1.9672,1.18201,0
2.83136,1.96715,1.1937,0
2.83145,1.97045,1.20749,0
2.83153,1.96516,1.21608,0
2.83162,1.96832,1.22994,0
2.83171,1.96293,1.23852,0
2.8318,1.96679,1.25298,0
2.83188,1.9571,1.25885,0
2.83197,1.9583,1.27173,0
2.83206,1.96611,1.28904,0
2.83215,1.9663,1.30147,0
2.83223,1.96559,1.31337,0
2.83232,1.95902,1.32137,0
2.83241,1.96398,1.33722,0
2.83249,1.96307,1.34918,0
2.83258,1.95881,1.35887,0
2.83267,1.96023,1.37257,0
2.83276,1.96076,1.38573,0
2.83284,1.95795,1.39659,0
2.83293,1.96239,1.41272,0
2.83302,1.96753,1.42949,0
2.83311,1.96127,1.43806,0
2.83319,1.96463,1.45375,0
2.83328,1.96868,1.47008,0
2.83337,1.96464,1.48046,0
2.83345,1.96374,1.49326,0
2.83354,1.9572,1.50181,0
2.83363,1.96407,1.52075,0
2.83372,1.9716,1.54039,0
2.8338,1.96565,1.54959,0
2.83389,1.96826,1.56562,0
2.83398,1.96687,1.57858,0
2.83407,1.95841,1.58589,0
2.83415,1.96541,1.60581,0
2.83424,1.95915,1.615,0
2.83433,1.96285,1.63249,0
2.83441,1.96184,1.64618,0
2.8345,1.9554,1.65537,0
2.83459,1.95881,1.67298,0
2.83468,1.95906,1.68804,0
2.83476,1.96074,1.70444,0
2.83485,1.95253,1.71232,0
2.83494,1.95552,1.7301,0
2.83503,1.95318,1.74328,0
2.83511,1.95076,1.75647,0
2.8352,1.9564,1.77707,0
2.83529,1.95452,1.79099,0
2.83537,1.9577,1.80968,0
2.83546,1.95345,1.82162,0
2.83555,1.95568,1.83972,0
2.83564,1.95924,1.85925,0
2.83572,1.95905,1.87538,0
2.83581,1.95589,1.88878,0
2.8359,1.95694,1.90636,0
2.83599,1.96501,1.93101,0
2.83607,1.95656,1.93956,0
2.83616,1.96081,1.96081,0
2.83625,1.95857,1.97574,0
2.83633,1.95974,1.99425,0
2.83642,1.96428,2.01639,0
2.83651,1.96658,2.03645,0
2.8366,1.9639,2.05151,0
2.83668,1.95906,2.06442,0
2.83677,1.95757,2.08096,0
2.83686,1.96825,2.11069,0
2.83695,1.96173,2.12219,0
2.83703,1.95516,2.13368,0
2.83712,1.94448,2.14071,0
2.83721,1.91907,2.13134,0
2.83729,1.89976,2.1285,0
2.83738,1.88582,2.13153,0
2.83747,1.86925,2.13147,0
2.83756,1.85205,2.13055,0
2.83764,1.83295,2.12724,0
2.83773,1.81391,2.12381,0
2.83782,1.8001,2.12637,0
2.83791,1.78695,2.1296,0
2.83799,1.77316,2.132,0
2.83808,1.75049,2.12351,0
2.83817,1.73994,2.12958,0
2.83825,1.72308,2.12783,0
2.83834,1.70063,2.11895,0
2.83843,1.68639,2.12009,0
2.83852,1.67403,2.1235,0
2.8386,1.66352,2.1292,0
2.83869,1.64503,2.12458,0
2.83878,1.63452,2.13015,0
2.83887,1.61614,2.12533,0
2.83895,1.60143,2.12517,0
2.83904,1.58197,2.11852,0
2.83913,1.57093,2.12299,0
2.83921,1.55987,2.1274,0
2.8393,1.54411,2.12529,0
2.83939,1.52372,2.11659,0
2.83948,1.51273,2.12077,0
2.83956,1.49885,2.12082,0
2.83965,1.48786,2.12488,0
2.83974,1.47173,2.12149,0
2.83983,1.45453,2.11636,0
2.83991,1.44022,2.11524,0
2.84,1.43321,2.12482,0
2.84009,1.42059,2.12607,0
2.84017,1.40413,2.12141,0
2.84026,1.39047,2.12082,0
2.84035,1.37358,2.11513,0
2.84044,1.36055,2.11521,0
2.84052,1.34647,2.11354,0
2.84061,1.33457,2.11517,0
2.8407,1.32162,2.11503,0
2.84079,1.3108,2.11823,0
2.84087,1.29475,2.11284,0
2.84096,1.28033,2.10992,0
2.84105,1.27111,2.11549,0
2.84113,1.25932,2.11672,0
2.84122,1.24601,2.1153,0
2.84131,1.23525,2.11812,0
2.8414,1.219,2.11137,0
2.84148,1.21077,2.11841,0
2.84157,1.19363,2.10974,0
2.84166,1.18588,2.11755,0
2.84174,1.16839,2.10783,0
2.84183,1.1563,2.10765,0
2.84192,1.14614,2.11092,0
2.84201,1.13265,2.10797,0
2.84209,1.1272,2.11996,0
2.84218,1.11003,2.10981,0
2.84227,1.09942,2.11197,0
2.84236,1.08745,2.11142,0
2.84244,1.07641,2.11258,0
2.84253,1.06313,2.10922,0
2.84262,1.05035,2.10668,0
2.8427,1.04247,2.11393,0
2.84279,1.02798,2.10767,0
2.84288,1.01964,2.11394,0
2.84297,1.00826,2.11385,0
2.84305,1.0003,2.12095,0
2.84314,0.980474,2.10263,0
2.84323,0.975059,2.11507,0
2.84332,0.956697,2.09928,0
2.8434,0.941368,2.08976,0
2.84349,0.962746,2.16236,0
2.84358,0.823617,1.87181,0
2.84366,0.747256,1.71857,0
2.84375,0.729881,1.69884,0
2.84384,0.718945,1.69373,0
2.84393,0.711548,1.69685,0
2.84401,0.71868,1.73505,0
2.8441,0.711859,1.74002,0
2.84419,0.711003,1.75979,0
2.84428,0.72444,1.81582,0
2.84436,0.736668,1.87014,0
2.84445,0.736474,1.89384,0
2.84454,0.736446,1.91851,0
2.84462,0.738343,1.94882,0
2.84471,0.734035,1.96326,0
2.8448,0.738268,2.00116,0
2.84489,0.727477,1.99873,0
2.84497,0.705908,1.96612,0
2.84506,0.685973,1.93713,0
2.84515,0.667294,1.91084,0
2.84524,0.655369,1.90333,0
2.84532,0.639665,1.88439,0
2.84541,0.624138,1.86535,0
2.8455,0.613175,1.85951,0
2.84558,0.599184,1.8441,0
2.84567,0.588693,1.83908,0
2.84576,0.580062,1.83972,0
2.84585,0.570546,1.83746,0
2.84593,0.5634,1.8428,0
2.84602,0.554778,1.84332,0
2.84611,0.550422,1.85819,0
2.8462,0.538951,1.84906,0
2.84628,0.535012,1.86581,0
2.84637,0.529037,1.87583,0
2.84646,0.525391,1.8945,0
2.84654,0.515804,1.89195,0
2.84663,0.507285,1.89321,0
2.84672,0.497492,1.88961,0
2.84681,0.482482,1.86562,0
2.84689,0.474584,1.86868,0
2.84698,0.464006,1.86103,0
2.84707,0.45398,1.85526,0
2.84716,0.444247,1.85042,0
2.84724,0.437085,1.85623,0
2.84733,0.427407,1.8513,0
2.84742,0.418663,1.85022,0
2.8475,0.407123,1.83641,0
2.84759,0.392741,1.80885,0
2.84768,0.378399,1.78023,0
2.84777,0.370832,1.78284,0
2.84785,0.366638,1.80208,0
2.84794,0.37867,1.9037,0
2.84803,0.37265,1.91712,0
2.84812,0.366333,1.92953,0
2.8482,0.379232,2.04615,0
2.84829,0.373504,2.0655,0
2.84838,0.367613,2.08484,0
2.84846,0.357836,2.08248,0
2.84855,0.349571,2.08895,0
2.84864,0.338524,2.07861,0
2.84873,0.331015,2.08995,0
2.84881,0.320676,2.08347,0
2.8489,0.309809,2.07298,0
2.84899,0.300761,2.07431,0
2.84908,0.292124,2.07857,0
2.84916,0.282378,2.07487,0
2.84925,0.274888,2.08798,0
2.84934,0.265144,2.0842,0
2.84942,0.25556,2.08137,0
2.84951,0.246946,2.08644,0
2.8496,0.236482,2.07557,0
2.84969,0.226879,2.07161,0
2.84977,0.21836,2.07756,0
2.84986,0.208391,2.06953,0
2.84995,0.199455,2.07142,0
2.85004,0.190506,2.07327,0
2.85012,0.180935,2.0681,0
2.85021,0.169426,2.03897,0
2.8503,0.154251,1.95994,0
2.85038,0.143326,1.92868,0
2.85047,0.131003,1.87343,0
2.85056,0.122108,1.863,0
2.85065,0.112879,1.84555,0
2.85073,0.105335,1.85501,0
2.85082,0.097502,1.86045,0
2.85091,0.0898151,1.86984,0
2.851,0.0808704,1.85224,0
2.85108,0.0732981,1.86556,0
2.85117,0.0649829,1.86087,0
2.85126,0.0568017,1.85913,0
2.85134,0.0484274,1.84937,0
2.85143,0.0405539,1.85856,0
2.85152,0.0324615,1.85972,0
2.85161,0.0242289,1.85084,0
2.85169,0.0161791,1.85393,0
2.85178,0.00810273,1.85698,0
2.85187,6.77439e-08,1.862,0
2.85196,-0.00808951,1.85398,0
2.85204,-0.0162051,1.85693,0
2.85213,-0.0243073,1.85684,0
2.85222,-0.0324963,1.86172,0
2.8523,-0.0403138,1.84756,0
2.85239,-0.0485058,1.85237,0
2.85248,-0.0569237,1.86313,0
2.85257,-0.0649479,1.85987,0
2.85265,-0.073298,1.86556,0
2.85274,-0.0808267,1.85124,0
2.85283,-0.0889514,1.85186,0
2.85292,-0.0972401,1.85545,0
2.853,-0.105335,1.85501,0
2.85309,-0.1141,1.86551,0
2.85318,-0.121323,1.85103,0
2.85326,-0.12898,1.8445,0
2.85335,-0.135248,1.81998,0
2.85344,-0.140599,1.78648,0
2.85353,-0.143093,1.72207,0
2.85361,-0.14738,1.68457,0
2.8537,-0.154089,1.67694,0
2.85379,-0.161404,1.67625,0
2.85388,-0.167715,1.66558,0
2.85396,-0.175399,1.66881,0
2.85405,-0.182896,1.67001,0
2.85414,-0.190295,1.67019,0
2.85422,-0.19805,1.67332,0
2.85431,-0.204619,1.66649,0
2.8544,-0.211636,1.66359,0
2.85449,-0.219284,1.66563,0
2.85457,-0.226145,1.66168,0
2.85466,-0.23395,1.66464,0
2.85475,-0.242502,1.67251,0
2.85483,-0.248763,1.66451,0
2.85492,-0.256024,1.66341,0
2.85501,-0.263436,1.66327,0
2.8551,-0.272298,1.67197,0
2.85518,-0.280251,1.67471,0
2.85527,-0.286539,1.66756,0
2.85536,-0.293292,1.66334,0
2.85545,-0.300547,1.66204,0
2.85553,-0.310347,1.67448,0
2.85562,-0.315599,1.66231,0
2.85571,-0.318842,1.6403,0
2.85579,-0.325801,1.63791,0
2.85588,-0.333742,1.64039,0
2.85597,-0.340896,1.63892,0
2.85606,-0.350331,1.64818,0
2.85614,-0.355822,1.63882,0
2.85623,-0.362536,1.6353,0
2.85632,-0.371213,1.64053,0
2.85641,-0.377918,1.63694,0
2.85649,-0.386661,1.64209,0
2.85658,-0.394523,1.64331,0
2.85667,-0.401689,1.64157,0
2.85675,-0.409332,1.64174,0
2.85684,-0.416737,1.64091,0
2.85693,-0.424144,1.64004,0
2.85702,-0.433078,1.64495,0
2.8571,-0.437145,1.63145,0
2.85719,-0.444786,1.63146,0
2.85728,-0.455641,1.64299,0
2.85737,-0.463892,1.64484,0
2.85745,-0.474923,1.65625,0
2.85754,-0.480746,1.64937,0
2.85763,-0.489926,1.65396,0
2.85771,-0.498003,1.65468,0
2.8578,-0.505803,1.65441,0
2.85789,-0.510645,1.64454,0
2.85798,-0.51962,1.64802,0
2.85806,-0.254562,0.79525,0
2.85815,-0.26081,0.802692,0
2.85824,-0.2831,0.858528,0
2.85833,-0.272565,0.81461,0
2.85841,-0.268723,0.791634,0
2.8585,-0.272501,0.791399,0
2.85859,-0.271006,0.776041,0
2.85867,-0.274723,0.775794,0
2.85876,-0.273375,0.761411,0
2.85885,-0.279088,0.766789,0
2.85894,-0.275509,0.7468,0
2.85902,-0.281217,0.752148,0
2.85911,-0.280953,0.741562,0
2.8592,-0.279885,0.729126,0
2.85929,-0.281252,0.723238,0
2.85937,-0.285504,0.724795,0
2.85946,-0.288664,0.723543,0
2.85955,-0.28545,0.706514,0
2.85963,-0.294967,0.720996,0
2.85972,-0.29658,0.716007,0
2.85981,-0.300474,0.71655,0
2.8599,-0.305942,0.720755,0
2.85998,-0.313427,0.72952,0
2.86007,-0.314613,0.72356,0
2.86016,-0.318573,0.724011,0
2.86025,-0.321729,0.722614,0
2.86033,-0.320771,0.712086,0
2.86042,-0.325119,0.71341,0
2.86051,-0.32488,0.704719,0
2.86059,-0.330065,0.707826,0
2.86068,-0.326325,0.691908,0
2.86077,-0.330202,0.692283,0
2.86086,-0.324531,0.672822,0
2.86094,-0.329217,0.674994,0
2.86103,-0.327294,0.663686,0
2.86112,-0.325278,0.652407,0
2.86121,-0.32227,0.639373,0
2.86129,-0.313253,0.614794,0
2.86138,-0.309065,0.600087,0
2.86147,-0.307525,0.590749,0
2.86155,-0.308237,0.585862,0
2.86164,-0.323935,0.609234,0
2.86173,-0.323277,0.601648,0
2.86182,-0.328285,0.604626,0
2.8619,-0.325148,0.592667,0
2.86199,-0.323853,0.584246,0
2.86208,-0.324444,0.579337,0
2.86217,-0.326477,0.577046,0
2.86225,-0.323037,0.565197,0
2.86234,-0.3235,0.560318,0
2.86243,-0.329972,0.565812,0
2.86251,-0.325332,0.552304,0
2.8626,-0.317513,0.533691,0
2.86269,-0.320869,0.534015,0
2.86278,-0.320083,0.527481,0
2.86286,-0.322904,0.526932,0
2.86295,-0.316255,0.511062,0
2.86304,-0.321131,0.513917,0
2.86313,-0.322303,0.51082,0
2.86321,-0.324529,0.509408,0
2.8633,-0.319716,0.497054,0
2.86339,-0.318069,0.489784,0
2.86347,-0.31801,0.485046,0
2.86356,-0.314052,0.474481,0
2.86365,-0.319453,0.478095,0
2.86374,-0.317622,0.470893,0
2.86382,-0.316859,0.46537,0
2.86391,-0.318887,0.463983,0
2.864,-0.315778,0.455192,0
2.86409,-0.319482,0.456268,0
2.86417,-0.318584,0.450786,0
2.86426,-0.316483,0.443693,0
2.86435,-0.321922,0.447177,0
2.86443,-0.319167,0.439296,0
2.86452,-0.317533,0.433061,0
2.86461,-0.311687,0.421221,0
2.8647,-0.314719,0.42146,0
2.86478,-0.314749,0.417686,0
2.86487,-0.308095,0.405165,0
2.86496,-0.313512,0.408577,0
2.86505,-0.315292,0.407205,0
2.86513,-0.305368,0.390853,0
2.86522,-0.304594,0.386376,0
2.86531,-0.308145,0.387391,0
2.86539,-0.312962,0.389942,0
2.86548,-0.30585,0.377693,0
2.86557,-0.299902,0.367062,0
2.86566,-0.303409,0.368065,0
2.86574,-0.310128,0.372888,0
2.86583,-0.307252,0.366169,0
2.86592,-0.306909,0.362535,0
2.86601,-0.30589,0.358151,0
2.86609,-0.304186,0.353025,0
2.86618,-0.297851,0.342638,0
2.86627,-0.3633,0.414264,0
2.86635,-0.299504,0.338528,0
2.86644,-0.363571,0.407347,0
2.86653,-0.348617,0.387178,0
2.86662,-0.245414,0.27018,0
2.8667,-0.24051,0.262471,0
2.86679,-0.0753469,0.0815098,0
2.86688,-0.319175,0.342274,0
2.86696,-0.183629,0.195203,0
2.86705,-0.0392362,0.0413463,0
2.86714,-0.0636192,0.0664575,0
2.86723,-0.0465421,0.0481958,0
2.86731,-0.0641967,0.0658998,0
2.8674,-0.0329427,0.0335228,0
2.86749,-0.0563212,0.0568148,0
2.86758,-0.0509117,0.0509117,0
