7200
6039
5.25344
5.26915,-0.0424264,-0.0424264,0
5.26924,-0.0788497,-0.0795408,0
5.26932,-0.0897164,-0.0912961,0
5.26941,-0.0886194,-0.0909704,0
5.2695,-0.121565,-0.125884,0
5.26959,-0.152133,-0.15892,0
5.26967,-0.139736,-0.147251,0
5.26976,-0.134981,-0.143489,0
5.26985,-0.144584,-0.155047,0
5.26993,-0.145942,-0.157879,0
5.27002,-0.162142,-0.176947,0
5.27011,-0.207761,-0.228727,0
5.2702,-0.266314,-0.295772,0
5.27028,-0.288327,-0.323043,0
5.27037,-0.294866,-0.333285,0
5.27046,-0.359343,-0.409753,0
5.27055,-0.274889,-0.316223,0
5.27063,-0.298964,-0.346965,0
5.27072,-0.306539,-0.358912,0
5.27081,-0.307555,-0.363299,0
5.27089,-0.30211,-0.360041,0
5.27098,-0.312046,-0.375195,0
5.27107,-0.310406,-0.376553,0
5.27116,-0.311291,-0.381001,0
5.27124,-0.315919,-0.390127,0
5.27133,-0.321099,-0.400081,0
5.27142,-0.33678,-0.423391,0
5.27151,-0.388172,-0.492394,0
5.27159,-0.45559,-0.583128,0
5.27168,-0.487325,-0.629389,0
5.27177,-0.499184,-0.65055,0
5.27185,-0.489683,-0.643966,0
5.27194,-0.486868,-0.646096,0
5.27203,-0.491224,-0.657829,0
5.27212,-0.499056,-0.674436,0
5.2722,-0.518579,-0.707252,0
5.27229,-0.514312,-0.70789,0
5.27238,-0.518229,-0.719866,0
5.27246,-0.524375,-0.735146,0
5.27255,-0.518276,-0.733344,0
5.27264,-0.526543,-0.751982,0
5.27273,-0.517557,-0.746055,0
5.27281,-0.509766,-0.741714,0
5.2729,-0.502585,-0.738145,0
5.27299,-0.516694,-0.766031,0
5.27308,-0.51668,-0.773267,0
5.27316,-0.505574,-0.763839,0
5.27325,-0.475919,-0.725896,0
5.27334,-0.470023,-0.723773,0
5.27342,-0.464156,-0.721611,0
5.27351,-0.458317,-0.719413,0
5.2736,-0.469581,-0.74424,0
5.27369,-0.470568,-0.753067,0
5.27377,-0.469909,-0.759365,0
5.27386,-0.461366,-0.752881,0
5.27395,-0.461189,-0.760017,0
5.27404,-0.457869,-0.762022,0
5.27412,-0.451983,-0.759715,0
5.27421,-0.453739,-0.770296,0
5.2743,-0.437276,-0.749809,0
5.27438,-0.4265,-0.73872,0
5.27447,-0.409875,-0.717132,0
5.27456,-0.414128,-0.731969,0
5.27465,-0.411908,-0.735514,0
5.27473,-0.406755,-0.733806,0
5.27482,-0.40884,-0.745218,0
5.27491,-0.411788,-0.758419,0
5.275,-0.412261,-0.767256,0
5.27508,-0.41736,-0.78494,0
5.27517,-0.409741,-0.778789,0
5.27526,-0.405877,-0.779683,0
5.27534,-0.40064,-0.77789,0
5.27543,-0.404506,-0.793887,0
5.27552,-0.399687,-0.792965,0
5.27561,-0.3873,-0.776803,0
5.27569,-0.387887,-0.786557,0
5.27578,-0.387082,-0.793635,0
5.27587,-0.391001,-0.810628,0
5.27596,-0.392626,-0.823158,0
5.27604,-0.393296,-0.833908,0
5.27613,-0.400642,-0.85918,0
5.27622,-0.39354,-0.853655,0
5.2763,-0.389397,-0.854454,0
5.27639,-0.395522,-0.878027,0
5.27648,-0.390874,-0.877917,0
5.27657,-1.05802,-2.40452,0
5.27665,-1.04751,-2.40912,0
5.27674,-1.03226,-2.40264,0
5.27683,-1.02997,-2.42645,0
5.27692,-1.00893,-2.40602,0
5.277,-0.999187,-2.41225,0
5.27709,-0.984108,-2.40548,0
5.27718,-0.974352,-2.41161,0
5.27726,-0.963449,-2.4149,0
5.27735,-0.952903,-2.41909,0
5.27744,-0.942701,-2.42415,0
5.27753,-0.92889,-2.41984,0
5.27761,-0.91726,-2.42107,0
5.2777,-0.326043,-0.872042,0
5.27779,-0.322581,-0.874394,0
5.27788,-0.309528,-0.850422,0
5.27796,-0.868108,-2.41788,0
5.27805,-0.856882,-2.41976,0
5.27814,-0.845986,-2.42253,0
5.27822,-0.832803,-2.41864,0
5.27831,-0.823528,-2.42603,0
5.2784,-0.812935,-2.42961,0
5.27849,-0.798568,-2.42173,0
5.27857,-0.786139,-2.41949,0
5.27866,-0.775575,-2.42289,0
5.27875,-0.757779,-2.40337,0
5.27884,-0.749064,-2.41238,0
5.27892,-0.738823,-2.41658,0
5.27901,-0.72539,-2.41021,0
5.2791,-0.714867,-2.41335,0
5.27918,-0.707408,-2.42701,0
5.27927,-0.694606,-2.42238,0
5.27936,-0.684573,-2.42731,0
5.27945,-0.673173,-2.42739,0
5.27953,-0.659419,-2.41872,0
5.27962,-0.648859,-2.42158,0
5.27971,-0.637014,-2.41955,0
5.2798,-0.626701,-2.42327,0
5.27988,-0.615629,-2.42405,0
5.27997,-0.602386,-2.41604,0
5.28006,-0.591838,-2.41864,0
5.28014,-0.190491,-0.793454,0
5.28023,-0.18909,-0.803038,0
5.28032,-0.181985,-0.788265,0
5.28041,-0.186931,-0.826115,0
5.28049,-0.173152,-0.781037,0
5.28058,-0.168681,-0.776899,0
5.28067,-0.164666,-0.774693,0
5.28076,-0.16047,-0.771488,0
5.28084,-0.158896,-0.781,0
5.28093,-0.153146,-0.769916,0
5.28102,-0.148259,-0.762724,0
5.2811,-0.149592,-0.787925,0
5.28119,-0.143237,-0.772838,0
5.28128,-0.145202,-0.802977,0
5.28137,-0.14326,-0.812466,0
5.28145,-0.145471,-0.846593,0
5.28154,-0.142436,-0.851164,0
5.28163,-0.142418,-0.874479,0
5.28172,-0.138914,-0.877067,0
5.2818,-0.371637,-2.41457,0
5.28189,-0.360359,-2.41122,0
5.28198,-0.350839,-2.4197,0
5.28206,-0.338608,-2.40932,0
5.28215,-0.328632,-2.41474,0
5.28224,-0.317701,-2.41318,0
5.28233,-0.307673,-2.41851,0
5.28241,-0.296874,-2.41784,0
5.2825,-0.286674,-2.42209,0
5.28259,-0.274857,-2.41239,0
5.28268,-0.26324,-2.40363,0
5.28276,-0.253795,-2.4147,0
5.28285,-0.243156,-2.41479,0
5.28294,-0.233001,-2.41981,0
5.28302,-0.221525,-2.41084,0
5.28311,-0.211527,-2.41776,0
5.2832,-0.200561,-2.41368,0
5.28329,-0.189871,-2.41254,0
5.28337,-0.179787,-2.41933,0
5.28346,-0.168671,-2.41211,0
5.28355,-0.158079,-2.41183,0
5.28364,-0.147005,-2.40351,0
5.28372,-0.136346,-2.40113,0
5.28381,-0.126653,-2.41668,0
5.2839,-0.116059,-2.41621,0
5.28398,-0.105297,-2.4117,0
5.28407,-0.0951266,-2.42113,0
5.28416,-0.0841776,-2.41053,0
5.28425,-0.0738727,-2.41787,0
5.28433,-0.0630341,-2.40717,0
5.28442,-0.0529448,-2.42642,0
5.28451,-0.0421825,-2.41663,0
5.28459,-0.0316638,-2.41879,0
5.28468,-0.0210484,-2.41191,0
5.28477,-0.01052,-2.41098,0
5.28486,-2.9056e-08,-2.412,0
5.28494,0.0104937,-2.40498,0
5.28503,0.0210222,-2.40891,0
5.28512,0.0315852,-2.41279,0
5.28521,0.0419556,-2.40363,0
5.28529,0.0526611,-2.41343,0
5.28538,0.0631126,-2.41017,0
5.28547,0.0738726,-2.41787,0
5.28555,0.0842125,-2.41153,0
5.28564,0.0950872,-2.42013,0
5.28573,0.105603,-2.4187,0
5.28582,0.115915,-2.41322,0
5.2859,0.126339,-2.41069,0
5.28599,0.13663,-2.40612,0
5.28608,0.147554,-2.41249,0
5.28617,0.158472,-2.41781,0
5.28625,0.16895,-2.4161,0
5.28634,0.179565,-2.41634,0
5.28643,0.188694,-2.39759,0
5.28651,0.200561,-2.41368,0
5.2866,0.210655,-2.4078,0
5.28669,0.221708,-2.41284,0
5.28678,0.231563,-2.40488,0
5.28686,0.242555,-2.40882,0
5.28695,0.253795,-2.4147,0
5.28704,0.263458,-2.40562,0
5.28713,0.274631,-2.41041,0
5.28721,0.286321,-2.41911,0
5.2873,0.296996,-2.41883,0
5.28739,0.307168,-2.41454,0
5.28747,0.317701,-2.41318,0
5.28756,0.328092,-2.41078,0
5.28765,0.33833,-2.40734,0
5.28774,0.350409,-2.41673,0
5.28782,0.35962,-2.40628,0
5.28791,0.369812,-2.40271,0
5.288,0.382013,-2.41193,0
5.28809,0.393016,-2.41321,0
5.28817,0.403376,-2.41048,0
5.28826,0.414906,-2.41461,0
5.28835,0.424396,-2.40687,0
5.28843,0.437741,-2.42074,0
5.28852,0.447024,-2.41192,0
5.28861,0.459409,-2.41978,0
5.2887,0.468436,-2.40989,0
5.28878,0.479142,-2.40881,0
5.28887,0.489847,-2.40768,0
5.28896,0.501366,-2.41041,0
5.28905,0.512086,-2.40918,0
5.28913,0.52323,-2.40985,0
5.28922,0.534173,-2.4095,0
5.28931,0.545123,-2.4091,0
5.28939,0.555854,-2.40767,0
5.28948,0.569563,-2.41885,0
5.28957,0.579411,-2.41342,0
5.28966,0.590649,-2.41378,0
5.28974,0.601176,-2.41118,0
5.28983,0.611445,-2.40757,0
5.28992,0.622695,-2.40778,0
5.29001,0.634468,-2.40988,0
5.29009,0.643683,-2.40226,0
5.29018,0.658367,-2.41486,0
5.29027,0.668898,-2.41197,0
5.29035,0.679958,-2.41095,0
5.29044,0.692125,-2.41373,0
5.29053,0.701531,-2.40684,0
5.29062,0.711742,-2.4028,0
5.2907,0.726831,-2.41499,0
5.29079,0.737361,-2.4118,0
5.29088,0.749954,-2.41525,0
5.29097,0.761688,-2.41577,0
5.29105,0.772831,-2.41432,0
5.29114,0.782122,-2.40712,0
5.29123,0.796689,-2.41603,0
5.29131,0.806271,-2.40969,0
5.2914,0.818385,-2.41088,0
5.29149,0.830524,-2.41202,0
5.29158,0.844338,-2.41781,0
5.29166,0.855547,-2.41599,0
5.29175,0.867094,-2.41506,0
5.29184,0.87865,-2.41407,0
5.29193,0.889175,-2.41021,0
5.29201,0.903185,-2.41568,0
5.2921,0.912299,-2.40797,0
5.29219,0.927098,-2.41517,0
5.29227,0.939439,-2.41576,0
5.29236,0.950704,-2.4135,0
5.29245,0.96382,-2.41583,0
5.29254,0.973228,-2.40882,0
5.29262,0.984865,-2.40733,0
5.29271,0.999952,-2.4141,0
5.2928,1.01086,-2.41063,0
5.29289,1.02606,-2.41725,0
5.29297,1.03936,-2.41918,0
5.29306,1.0515,-2.41829,0
5.29315,1.06406,-2.41825,0
5.29323,1.07623,-2.41724,0
5.29332,1.08841,-2.41617,0
5.29341,1.10308,-2.4205,0
5.2935,1.11489,-2.41839,0
5.29358,1.12966,-2.42256,0
5.29367,1.13681,-2.41037,0
5.29376,1.14731,-2.40539,0
5.29385,1.16735,-2.42018,0
5.29393,1.17922,-2.41776,0
5.29402,1.19241,-2.41797,0
5.29411,1.20518,-2.41722,0
5.29419,1.21887,-2.41819,0
5.29428,1.23213,-2.41819,0
5.29437,1.24679,-2.42079,0
5.29446,1.25688,-2.41444,0
5.29454,1.27066,-2.41513,0
5.29463,1.29011,-2.42634,0
5.29472,1.29784,-2.4154,0
5.29481,1.3141,-2.42026,0
5.29489,1.32849,-2.42152,0
5.29498,1.33662,-2.41133,0
5.29507,1.35446,-2.41856,0
5.29515,1.36598,-2.41437,0
5.29524,1.377,-2.40925,0
5.29533,1.399,-2.42314,0
5.29542,1.41057,-2.41874,0
5.2955,1.42415,-2.41773,0
5.29559,1.44031,-2.42095,0
5.29568,1.45498,-2.4215,0
5.29577,1.46709,-2.41769,0
5.29585,1.48233,-2.41894,0
5.29594,1.49603,-2.41755,0
5.29603,1.51557,-2.42542,0
5.29611,1.53201,-2.42808,0
5.2962,1.54151,-2.41969,0
5.29629,1.55638,-2.41967,0
5.29638,1.57401,-2.42376,0
5.29646,1.58731,-2.42105,0
5.29655,1.60393,-2.42327,0
5.29664,1.61782,-2.42124,0
5.29673,1.63117,-2.4183,0
5.29681,1.65127,-2.42521,0
5.2969,1.66354,-2.42046,0
5.29699,1.67579,-2.41564,0
5.29707,1.6909,-2.41486,0
5.29716,1.71181,-2.42216,0
5.29725,1.72875,-2.42362,0
5.29734,1.74223,-2.42011,0
5.29742,1.75983,-2.4222,0
5.29751,1.7757,-2.42175,0
5.2976,1.79577,-2.42684,0
5.29768,1.80455,-2.41658,0
5.29777,1.82169,-2.41747,0
5.29786,1.84373,-2.42462,0
5.29795,1.8622,-2.42687,0
5.29803,1.88012,-2.42821,0
5.29812,1.89808,-2.42944,0
5.29821,1.91176,-2.42506,0
5.2983,1.92606,-2.42139,0
5.29838,1.94161,-2.4192,0
5.29847,1.96285,-2.42392,0
5.29856,1.9791,-2.4223,0
5.29864,1.98456,-2.40747,0
5.29873,1.9829,-2.38418,0
5.29882,1.98943,-2.37091,0
5.29891,1.99006,-2.35076,0
5.29899,1.97952,-2.31772,0
5.29908,1.98178,-2.29997,0
5.29917,1.98327,-2.28149,0
5.29926,1.97408,-2.25101,0
5.29934,1.97925,-2.23713,0
5.29943,1.98033,-2.21877,0
5.29952,1.98598,-2.20565,0
5.2996,1.98146,-2.18142,0
5.29969,1.97948,-2.16022,0
5.29978,1.98278,-2.14496,0
5.29987,1.9778,-2.12093,0
5.29995,1.97675,-2.10135,0
5.30004,1.98246,-2.08908,0
5.30013,1.98533,-2.07391,0
5.30022,1.98603,-2.05659,0
5.3003,1.98033,-2.03287,0
5.30039,1.98147,-2.01636,0
5.30048,1.98251,-1.99988,0
5.30056,1.97707,-1.97707,0
5.30065,1.97432,-1.95716,0
5.30074,1.98141,-1.94713,0
5.30083,1.97628,-1.9252,0
5.30091,1.98034,-1.91239,0
5.301,1.98,-1.89544,0
5.30109,1.98317,-1.88196,0
5.30118,1.98263,-1.86507,0
5.30126,1.98051,-1.84685,0
5.30135,1.97459,-1.8253,0
5.30144,1.97959,-1.81396,0
5.30152,1.98526,-1.80329,0
5.30161,1.98866,-1.79059,0
5.3017,1.98153,-1.76858,0
5.30179,1.98249,-1.75396,0
5.30187,1.98486,-1.74067,0
5.30196,1.97658,-1.71822,0
5.30205,1.97421,-1.70109,0
5.30214,1.97706,-1.68856,0
5.30222,1.97448,-1.67152,0
5.30231,1.97639,-1.65839,0
5.3024,1.979,-1.64592,0
5.30248,1.97459,-1.62772,0
5.30257,1.9747,-1.6134,0
5.30266,1.97784,-1.60162,0
5.30275,1.97155,-1.58233,0
5.30283,1.97296,-1.56936,0
5.30292,1.968,-1.55145,0
5.30301,1.98264,-1.549,0
5.3031,1.97831,-1.53177,0
5.30318,1.98021,-1.51947,0
5.30327,1.97488,-1.50173,0
5.30336,1.97103,-1.48528,0
5.30344,1.97269,-1.47308,0
5.30353,1.97508,-1.46148,0
5.30362,1.97901,-1.45107,0
5.30371,1.97481,-1.43478,0
5.30379,1.97456,-1.42148,0
5.30388,1.97667,-1.40995,0
5.30397,1.97219,-1.39381,0
5.30406,1.97743,-1.38461,0
5.30414,1.97277,-1.36856,0
5.30423,1.97543,-1.35768,0
5.30432,1.97059,-1.34173,0
5.3044,1.96814,-1.32752,0
5.30449,1.96975,-1.31615,0
5.30458,1.98048,-1.31085,0
5.30467,1.97364,-1.29397,0
5.30475,1.97171,-1.28045,0
5.30484,1.9714,-1.26804,0
5.30493,1.96342,-1.25083,0
5.30502,1.979,-1.24866,0
5.3051,1.97426,-1.23365,0
5.30519,1.97622,-1.22292,0
5.30528,1.97301,-1.20906,0
5.30536,1.98169,-1.20252,0
5.30545,1.97234,-1.1851,0
5.30554,1.97234,-1.17342,0
5.30563,1.96968,-1.16023,0
5.30571,1.97646,-1.15263,0
5.3058,1.978,-1.142,0
5.30589,1.98123,-1.13237,0
5.30598,1.97658,-1.11829,0
5.30606,1.96922,-1.10282,0
5.30615,1.96964,-1.09179,0
5.30624,1.98228,-1.08752,0
5.30632,1.96943,-1.06931,0
5.30641,1.96791,-1.0574,0
5.3065,1.98575,-1.05584,0
5.30659,1.98503,-1.04437,0
5.30667,1.97537,-1.02831,0
5.30676,1.97895,-1.01923,0
5.30685,1.9718,-1.00468,0
5.30694,1.97616,-0.996068,0
5.30702,1.97691,-0.985651,0
5.30711,1.98299,-0.9779,0
5.3072,1.97375,-0.962663,0
5.30728,1.97163,-0.951001,0
5.30737,1.96854,-0.938945,0
5.30746,1.97985,-0.933759,0
5.30755,1.96941,-0.91835,0
5.30763,1.97975,-0.912678,0
5.30772,1.97371,-0.89947,0
5.30781,1.97396,-0.889206,0
5.3079,1.9696,-0.876924,0
5.30798,1.967,-0.865503,0
5.30807,1.97443,-0.858507,0
5.30816,1.97448,-0.848305,0
5.30824,1.97632,-0.8389,0
5.30833,1.97351,-0.827562,0
5.30842,1.97525,-0.818177,0
5.30851,1.96955,-0.805764,0
5.30859,1.9749,-0.797912,0
5.30868,1.96815,-0.785211,0
5.30877,1.97807,-0.779182,0
5.30886,1.97399,-0.767644,0
5.30894,1.96612,-0.754723,0
5.30903,1.96565,-0.74472,0
5.30912,1.97263,-0.737537,0
5.3092,1.97583,-0.728923,0
5.30929,1.97241,-0.7179,0
5.30938,1.97647,-0.709625,0
5.30947,1.96918,-0.697323,0
5.30955,1.96465,-0.686086,0
5.30964,1.9629,-0.67588,0
5.30973,1.97908,-0.671808,0
5.30981,1.97725,-0.66158,0
5.3099,1.97727,-0.652007,0
5.30999,1.96774,-0.639356,0
5.31008,1.96955,-0.630459,0
5.31016,1.97801,-0.623664,0
5.31025,1.96925,-0.611469,0
5.31034,1.98529,-0.606964,0
5.31043,1.97738,-0.595125,0
5.31051,1.97421,-0.584788,0
5.3106,1.97962,-0.577007,0
5.31069,1.97059,-0.565057,0
5.31077,1.97977,-0.558353,0
5.31086,1.97255,-0.547037,0
5.31095,1.97588,-0.538688,0
5.31104,1.97242,-0.528509,0
5.31112,1.97664,-0.520406,0
5.31121,1.97889,-0.511777,0
5.3113,1.98208,-0.503384,0
5.31139,1.97649,-0.492795,0
5.31147,1.97862,-0.484166,0
5.31156,1.97683,-0.474594,0
5.31165,1.98569,-0.467569,0
5.31173,1.98284,-0.457775,0
5.31182,1.98677,-0.449561,0
5.31191,1.98676,-0.440455,0
5.312,1.98867,-0.431782,0
5.31208,1.98662,-0.422269,0
5.31217,1.98159,-0.412171,0
5.31226,1.97945,-0.402723,0
5.31235,1.97922,-0.393692,0
5.31243,1.98485,-0.385816,0
5.31252,1.9875,-0.377338,0
5.31261,1.97929,-0.36684,0
5.31269,1.97891,-0.357845,0
5.31278,1.97946,-0.349033,0
5.31287,1.99575,-0.342933,0
5.31296,1.99032,-0.333066,0
5.31304,1.98978,-0.324057,0
5.31313,1.99612,-0.316154,0
5.31322,1.98463,-0.305464,0
5.31331,1.9988,-0.298723,0
5.31339,1.99712,-0.289568,0
5.31348,1.99143,-0.279877,0
5.31357,1.97777,-0.269163,0
5.31365,1.98091,-0.260791,0
5.31374,1.98004,-0.251893,0
5.31383,1.96723,-0.241545,0
5.31392,1.94641,-0.230373,0
5.314,1.77253,-0.201955,0
5.31409,1.68493,-0.184529,0
5.31418,1.67378,-0.175921,0
5.31427,1.65364,-0.166513,0
5.31435,1.65136,-0.159008,0
5.31444,1.65602,-0.152167,0
5.31453,1.66265,-0.145463,0
5.31461,1.65031,-0.13713,0
5.3147,1.66086,-0.130713,0
5.31479,1.64945,-0.122575,0
5.31488,1.65695,-0.115866,0
5.31496,1.64846,-0.108046,0
5.31505,1.65191,-0.101035,0
5.31514,1.64834,-0.0935998,0
5.31523,1.64674,-0.086302,0
5.31531,1.65609,-0.0795478,0
5.3154,1.64943,-0.0720157,0
5.31549,1.64973,-0.064818,0
5.31557,1.646,-0.0574795,0
5.31566,1.64723,-0.0503275,0
5.31575,1.65143,-0.0432444,0
5.31584,1.64461,-0.0358855,0
5.31592,1.66175,-0.0290059,0
5.31601,1.66786,-0.0218335,0
5.3161,1.66894,-0.0145646,0
5.31619,1.68498,-0.00735222,0
5.31627,1.806,-4.37312e-08,0
5.31636,1.78698,0.00779719,0
5.31645,1.70594,0.0148874,0
5.31653,1.67786,0.0219643,0
5.31662,1.67974,0.02932,0
5.31671,1.6786,0.0366272,0
5.3168,1.67643,0.0438987,0
5.31688,1.67222,0.0510909,0
5.31697,1.67798,0.0585962,0
5.31706,1.67771,0.0659172,0
5.31715,1.67041,0.0729316,0
5.31723,1.68406,0.0808911,0
5.31732,1.68369,0.0882384,0
5.31741,1.68329,0.095584,0
5.31749,1.67786,0.102623,0
5.31758,1.68838,0.110662,0
5.31767,1.6799,0.11747,0
5.31776,1.68436,0.125169,0
5.31784,1.6808,0.132282,0
5.31793,1.68519,0.140029,0
5.31802,1.68357,0.147293,0
5.31811,1.70382,0.156559,0
5.31819,1.72303,0.165909,0
5.31828,1.73523,0.174728,0
5.31837,1.79113,0.188256,0
5.31845,1.88374,0.206303,0
5.31854,1.90766,0.21735,0
5.31863,1.91662,0.226847,0
5.31872,1.93547,0.237645,0
5.3188,1.93044,0.245583,0
5.31889,1.93233,0.254396,0
5.31898,1.92228,0.261611,0
5.31907,1.93894,0.272501,0
5.31915,1.94467,0.281963,0
5.31924,1.95528,0.292219,0
5.31933,1.953,0.300596,0
5.31941,1.95661,0.309897,0
5.3195,1.96807,0.320521,0
5.31959,1.97454,0.330425,0
5.31968,1.96421,0.337514,0
5.31976,1.96075,0.345733,0
5.31985,1.96119,0.354641,0
5.31994,1.96651,0.364471,0
5.32003,1.96981,0.373981,0
5.32011,1.97503,0.383908,0
5.3202,1.96647,0.391156,0
5.32029,1.97553,0.401926,0
5.32037,1.97278,0.410338,0
5.32046,1.97195,0.41915,0
5.32055,1.96814,0.427326,0
5.32064,1.97212,0.437208,0
5.32072,1.9819,0.448457,0
5.32081,1.98187,0.45755,0
5.3209,1.98861,0.468256,0
5.32099,1.9778,0.474828,0
5.32107,1.98154,0.484879,0
5.32116,1.9794,0.493521,0
5.32125,1.98498,0.504122,0
5.32133,1.97793,0.511526,0
5.32142,1.97664,0.520406,0
5.32151,1.97822,0.530061,0
5.3216,1.97974,0.53974,0
5.32168,1.98412,0.550244,0
5.32177,1.98073,0.558624,0
5.32186,1.9927,0.571396,0
5.32195,1.98346,0.578127,0
5.32203,1.979,0.586208,0
5.32212,1.97164,0.593396,0
5.32221,1.98433,0.606671,0
5.32229,1.98835,0.6174,0
5.32238,1.98278,0.625167,0
5.32247,1.98098,0.634118,0
5.32256,1.98961,0.646464,0
5.32264,1.98677,0.655139,0
5.32273,1.99432,0.667292,0
5.32282,1.98571,0.674058,0
5.3229,1.98464,0.683367,0
5.32299,1.98353,0.69268,0
5.32308,1.9852,0.702997,0
5.32317,1.99153,0.715032,0
5.32325,1.98745,0.723373,0
5.32334,1.99272,0.735153,0
5.32343,1.98668,0.74279,0
5.32352,1.98997,0.753931,0
5.3236,1.99413,0.765474,0
5.32369,1.98331,0.771268,0
5.32378,1.98458,0.781747,0
5.32386,1.99694,0.796698,0
5.32395,1.99901,0.807652,0
5.32404,2.00102,0.818638,0
5.32413,1.99188,0.825065,0
5.32421,1.99564,0.836842,0
5.3243,1.99657,0.847496,0
5.32439,1.99929,0.858963,0
5.32448,1.99002,0.865285,0
5.32456,1.98806,0.874766,0
5.32465,1.9897,0.885872,0
5.32474,1.98764,0.895367,0
5.32482,1.991,0.907349,0
5.32491,1.99156,0.918121,0
5.325,1.98663,0.926379,0
5.32509,1.99523,0.941011,0
5.32517,1.98388,0.946263,0
5.32526,1.99325,0.961427,0
5.32535,1.99532,0.973184,0
5.32544,2.00989,0.991169,0
5.32552,1.99928,0.996806,0
5.32561,2.00206,1.00912,0
5.3257,2.02258,1.03056,0
5.32578,2.0154,1.038,0
5.32587,2.02327,1.05325,0
5.32596,2.0399,1.07324,0
5.32605,2.0502,1.09011,0
5.32613,2.0604,1.10709,0
5.32622,2.05555,1.11607,0
5.32631,2.05417,1.12696,0
5.3264,2.06585,1.14512,0
5.32648,2.07654,1.16292,0
5.32657,2.08711,1.18083,0
5.32666,2.09062,1.19489,0
5.32674,2.08539,1.204,0
5.32683,2.07148,1.20805,0
5.32692,2.06963,1.21911,0
5.32701,2.06429,1.22813,0
5.32709,2.05377,1.23403,0
5.32718,2.05521,1.24713,0
5.32727,2.08812,1.2796,0
5.32736,2.09867,1.2987,0
5.32744,2.08959,1.30572,0
5.32753,2.09149,1.31963,0
5.32762,2.10004,1.33788,0
5.3277,2.09503,1.34757,0
5.32779,2.06984,1.34417,0
5.32788,2.04388,1.34003,0
5.32797,2.05303,1.35887,0
5.32805,2.0529,1.3717,0
5.32814,2.0643,1.39239,0
5.32823,2.06317,1.40476,0
5.32832,2.05867,1.41488,0
5.3284,2.05247,1.42385,0
5.32849,2.03723,1.42648,0
5.32858,2.02772,1.43305,0
5.32866,2.01982,1.44072,0
5.32875,2.02975,1.46121,0
5.32884,2.05652,1.49415,0
5.32893,2.0645,1.51375,0
5.32901,2.0643,1.5275,0
5.3291,2.08727,1.55864,0
5.32919,2.08444,1.57074,0
5.32928,2.08155,1.58284,0
5.32936,2.08731,1.60165,0
5.32945,2.09137,1.61931,0
5.32954,2.08035,1.62535,0
5.32962,2.07324,1.63441,0
5.32971,2.05826,1.63721,0
5.3298,2.05812,1.65181,0
5.32989,2.04079,1.6526,0
5.32997,2.01497,1.6463,0
5.33006,2.00777,1.65508,0
5.33015,1.99976,1.66318,0
5.33024,2.00091,1.67896,0
5.33032,1.99662,1.69026,0
5.33041,1.99835,1.70675,0
5.3305,1.99618,1.72002,0
5.33058,1.99772,1.73659,0
5.33067,2.00365,1.75716,0
5.33076,2.00421,1.77317,0
5.33085,2.00167,1.78656,0
5.33093,1.99757,1.79862,0
5.33102,1.99859,1.81539,0
5.33111,1.99802,1.83085,0
5.3312,2.00543,1.8538,0
5.33128,1.99806,1.86322,0
5.33137,2.00302,1.88425,0
5.33146,2.00276,1.90055,0
5.33154,1.99878,1.91342,0
5.33163,1.99976,1.93115,0
5.33172,1.99633,1.94474,0
5.33181,2.00566,1.97096,0
5.33189,2.00343,1.98603,0
5.33198,2.00818,2.00818,0
5.33207,2.00574,2.02332,0
5.33216,2.01231,2.04774,0
5.33224,2.00754,2.0608,0
5.33233,2.0152,2.0868,0
5.33242,2.01161,2.10136,0
5.3325,2.00931,2.11737,0
5.33259,2.00964,2.13631,0
5.33268,2.01326,2.15896,0
5.33277,2.01061,2.17506,0
5.33285,2.0065,2.18971,0
5.33294,2.01576,2.21917,0
5.33303,2.01074,2.23315,0
5.33312,2.01562,2.25832,0
5.3332,2.01238,2.27458,0
5.33329,2.00441,2.28559,0
5.33338,1.9813,2.27922,0
5.33346,1.97329,2.29012,0
5.33355,1.95614,2.29034,0
5.33364,1.94031,2.29199,0
5.33373,1.91551,2.28281,0
5.33381,1.90105,2.28577,0
5.3339,1.88406,2.28555,0
5.33399,1.86522,2.28291,0
5.33408,1.8502,2.28481,0
5.33416,1.8327,2.2835,0
5.33425,1.82459,2.29382,0
5.33434,1.8059,2.29077,0
5.33442,1.79158,2.29311,0
5.33451,1.76931,2.28509,0
5.3346,1.75323,2.28486,0
5.33469,1.73962,2.28771,0
5.33477,1.71758,2.27931,0
5.33486,1.70283,2.28037,0
5.33495,1.69406,2.28938,0
5.33503,1.68168,2.29353,0
5.33512,1.66637,2.29356,0
5.33521,1.64934,2.29107,0
5.3353,1.64107,2.30069,0
5.33538,1.62236,2.29558,0
5.33547,1.60544,2.29281,0
5.33556,1.58972,2.29157,0
5.33565,1.57291,2.2886,0
5.33573,1.55559,2.28469,0
5.33582,1.54729,2.29395,0
5.33591,1.53115,2.29153,0
5.33599,1.51617,2.29068,0
5.33608,1.49958,2.28724,0
5.33617,1.4885,2.29209,0
5.33626,1.47037,2.28594,0
5.33634,1.45447,2.28306,0
5.33643,1.43862,2.28008,0
5.33652,1.42442,2.27955,0
5.33661,1.41394,2.2849,0
5.33669,1.39977,2.28422,0
5.33678,1.37371,2.26381,0
5.33687,1.16038,1.9312,0
5.33695,1.16933,1.96546,0
5.33704,1.12318,1.90679,0
5.33713,1.09722,1.88143,0
5.33722,1.0845,1.87841,0
5.3373,1.06786,1.86836,0
5.33739,1.05773,1.86952,0
5.33748,1.04076,1.85842,0
5.33757,1.0278,1.85419,0
5.33765,1.01922,1.85778,0
5.33774,1.00156,1.84464,0
5.33783,0.997285,1.85604,0
5.33791,0.983074,1.84889,0
5.338,0.975928,1.85493,0
5.33809,0.953511,1.83168,0
5.33818,0.951004,1.84649,0
5.33826,0.940214,1.84527,0
5.33835,0.924052,1.83329,0
5.33844,0.919614,1.84446,0
5.33853,0.906692,1.83859,0
5.33861,0.898661,1.84253,0
5.3387,0.886703,1.83833,0
5.33879,0.881687,1.84849,0
5.33887,0.867214,1.83876,0
5.33896,0.85707,1.83799,0
5.33905,0.847367,1.83808,0
5.33914,0.839339,1.84176,0
5.33922,0.831295,1.84541,0
5.33931,0.819168,1.83988,0
5.3394,0.816368,1.85534,0
5.33949,0.803479,1.84788,0
5.33957,0.784356,1.82564,0
5.33966,0.76974,1.81339,0
5.33975,0.764914,1.82411,0
5.33983,0.753504,1.81912,0
5.33992,0.73685,1.8011,0
5.34001,0.733854,1.81635,0
5.3401,0.723328,1.81304,0
5.34018,0.729704,1.85246,0
5.34027,0.792652,2.0383,0
5.34036,0.795935,2.07348,0
5.34045,0.82727,2.18354,0
5.34053,0.697613,1.86585,0
5.34062,0.682889,1.85105,0
5.34071,0.697037,1.91509,0
5.34079,0.693067,1.93035,0
5.34088,0.68397,1.93147,0
5.34097,0.759278,2.17424,0
5.34106,0.663182,1.92602,0
5.34114,0.654451,1.92795,0
5.34123,0.648254,1.93743,0
5.34132,0.614427,1.86331,0
5.34141,0.608146,1.87168,0
5.34149,0.695396,2.17241,0
5.34158,0.684707,2.17161,0
5.34167,0.580628,1.86993,0
5.34175,0.664853,2.17464,0
5.34184,0.651612,2.16507,0
5.34193,0.639035,2.15734,0
5.34202,0.625698,2.14667,0
5.3421,0.615223,2.14554,0
5.34219,0.603955,2.14146,0
5.34228,0.594338,2.14311,0
5.34237,0.579721,2.12639,0
5.34245,0.57432,2.14339,0
5.34254,0.557069,2.1159,0
5.34263,0.549334,2.12412,0
5.34271,0.539076,2.12262,0
5.3428,0.524971,2.10554,0
5.34289,0.51459,2.10296,0
5.34298,0.507277,2.11296,0
5.34306,0.497365,2.11223,0
5.34315,0.481395,2.08515,0
5.34324,0.472734,2.08918,0
5.34333,0.469458,2.11759,0
5.34341,0.457243,2.10593,0
5.3435,0.444515,2.09128,0
5.34359,0.432942,2.08145,0
5.34367,0.41947,2.06176,0
5.34376,0.41086,2.06553,0
5.34385,0.402035,2.06829,0
5.34394,0.393193,2.07101,0
5.34402,0.379597,2.04812,0
5.34411,0.367631,2.03303,0
5.3442,0.357889,2.02969,0
5.34429,0.345642,2.01152,0
5.34437,0.334056,1.99624,0
5.34446,0.325986,2.00163,0
5.34455,0.315528,1.99217,0
5.34463,0.304551,1.9787,0
5.34472,0.294141,1.96814,0
5.34481,0.285837,1.97139,0
5.3449,0.27765,1.97558,0
5.34498,0.269163,1.97777,0
5.34507,0.258964,1.96703,0
5.34516,0.248864,1.95623,0
5.34525,0.239839,1.95333,0
5.34533,0.230373,1.94641,0
5.34542,0.221765,1.94641,0
5.34551,0.212835,1.94338,0
5.34559,0.205608,1.95622,0
5.34568,0.195467,1.94118,0
5.34577,0.186803,1.94003,0
5.34586,0.176964,1.92589,0
5.34594,0.168472,1.92564,0
5.34603,0.158992,1.91341,0
5.34612,0.150955,1.91807,0
5.34621,0.142362,1.91572,0
5.34629,0.133444,1.90834,0
5.34638,0.124201,1.89493,0
5.34647,0.117152,1.91542,0
5.34655,0.108567,1.91192,0
5.34664,0.100433,1.91637,0
5.34673,0.0912065,1.89881,0
5.34682,0.083444,1.91118,0
5.3469,0.0751434,1.91252,0
5.34699,0.0667279,1.91084,0
5.34708,0.0582981,1.90811,0
5.34717,0.0501551,1.91534,0
5.34725,0.0417319,1.91254,0
5.34734,0.0332818,1.90671,0
5.34743,0.0249357,1.90484,0
5.34751,0.0165892,1.90093,0
5.3476,0.00811146,1.85898,0
5.34769,6.74529e-08,1.854,0
5.34778,-0.00807642,1.85098,0
5.34786,-0.0162749,1.86493,0
5.34795,-0.024255,1.85284,0
5.34804,-0.032252,1.84772,0
5.34812,-0.0404447,1.85356,0
5.34821,-0.0484273,1.84937,0
5.3483,-0.0566794,1.85513,0
5.34839,-0.0641801,1.83788,0
5.34847,-0.0679587,1.72967,0
5.34856,-0.0750253,1.71836,0
5.34865,-0.081131,1.68905,0
5.34874,-0.087715,1.6737,0
5.34882,-0.0962076,1.69427,0
5.34891,-0.102195,1.67088,0
5.349,-0.108111,1.64946,0
5.34908,-0.117679,1.68289,0
5.34917,-0.122946,1.65444,0
5.34926,-0.130948,1.66386,0
5.34935,-0.138704,1.66925,0
5.34943,-0.143371,1.63874,0
5.34952,-0.149605,1.62814,0
5.34961,-0.156229,1.6225,0
5.3497,-0.164308,1.63175,0
5.34978,-0.171636,1.633,0
5.34987,-0.178215,1.62727,0
5.34996,-0.185993,1.63244,0
5.35004,-0.193349,1.6336,0
5.35013,-0.196819,1.60296,0
5.35022,-0.205704,1.61697,0
5.35031,-0.211844,1.60912,0
5.35039,-0.220346,1.61907,0
5.35048,-0.229079,1.62998,0
5.35057,-0.232888,1.6062,0
5.35066,-0.24019,1.60715,0
5.35074,-0.249178,1.61894,0
5.35083,-0.256083,1.61685,0
5.35092,-0.259438,1.59301,0
5.351,-0.269358,1.60962,0
5.35109,-0.272483,1.58576,0
5.35118,-0.279574,1.58554,0
5.35127,-0.291116,1.60989,0
5.35135,-0.295404,1.59386,0
5.35144,-0.299558,1.57782,0
5.35153,-0.305104,1.56962,0
5.35162,-0.315461,1.58593,0
5.3517,-0.322179,1.58356,0
5.35179,-0.326234,1.56843,0
5.35188,-0.333698,1.56993,0
5.35196,-0.340121,1.5665,0
5.35205,-0.343057,1.54743,0
5.35214,-0.353999,1.56445,0
5.35223,-0.357222,1.5473,0
5.35231,-0.366262,1.55546,0
5.3524,-0.374913,1.56163,0
5.35249,-0.380297,1.55415,0
5.35258,-0.388285,1.55732,0
5.35266,-0.392368,1.54495,0
5.35275,-0.401109,1.55097,0
5.35284,-0.407108,1.54631,0
5.35292,-0.414887,1.54838,0
5.35301,-0.42348,1.55331,0
5.3531,-0.427849,1.54277,0
5.35319,-0.437562,1.55148,0
5.35327,-0.443225,1.54571,0
5.35336,-0.446047,1.53032,0
5.35345,-0.459821,1.55233,0
5.35354,-0.46659,1.55031,0
5.35362,-0.472765,1.54634,0
5.35371,-0.423165,1.36281,0
5.3538,-0.401442,1.27321,0
5.35388,-0.400897,1.2524,0
5.35397,-0.406357,1.25064,0
5.35406,-0.406173,1.23176,0
5.35415,-0.40615,1.21385,0
5.35423,-0.408871,1.2045,0
5.35432,-0.414448,1.20365,0
5.35441,-0.41607,1.19144,0
5.3545,-0.419261,1.18396,0
5.35458,-0.420368,1.17082,0
5.35467,-0.426499,1.1718,0
5.35476,-0.438876,1.18963,0
5.35484,-0.460523,1.23172,0
5.35493,-0.526831,1.39055,0
5.35502,-0.331132,0.862628,0
5.35511,-0.321845,0.827623,0
5.35519,-0.312992,0.794577,0
5.35528,-0.304969,0.76441,0
5.35537,-0.299685,0.741747,0
5.35546,-0.301404,0.73673,0
5.35554,-0.300789,0.726169,0
5.35563,-0.304728,0.726694,0
5.35572,-0.301644,0.71063,0
5.3558,-0.293689,0.683581,0
5.35589,-0.301853,0.694215,0
5.35598,-0.303268,0.68923,0
5.35607,-0.303425,0.681505,0
5.35615,-0.304753,0.676527,0
5.35624,-0.305629,0.670641,0
5.35633,-0.304784,0.661128,0
5.35642,-0.305553,0.655261,0
5.3565,-0.30457,0.645781,0
5.35659,-0.302219,0.633615,0
5.35668,-0.303243,0.628687,0
5.35676,-0.306421,0.628257,0
5.35685,-0.300314,0.608977,0
5.35694,-0.302522,0.606766,0
5.35703,-0.306967,0.609012,0
5.35711,-0.300542,0.589846,0
5.3572,-0.304486,0.591196,0
5.35729,-0.300598,0.577444,0
5.35738,-0.304046,0.577897,0
5.35746,-0.301401,0.566852,0
5.35755,-0.306238,0.569936,0
5.35764,-0.306813,0.565079,0
5.35772,-0.30158,0.549708,0
5.35781,-0.307854,0.555384,0
5.3579,-0.310274,0.554035,0
5.35799,-0.301856,0.533528,0
5.35807,-0.302692,0.529601,0
5.35816,-0.3005,0.520481,0
5.35825,-0.305791,0.524348,0
5.35834,-0.303508,0.515254,0
5.35842,-0.307798,0.517363,0
5.35851,-0.310053,0.516015,0
5.3586,-0.310745,0.512092,0
5.35868,-0.313499,0.511584,0
5.35877,-0.315728,0.510211,0
5.35886,-0.303644,0.485932,0
5.35895,-0.305761,0.484602,0
5.35903,-0.304112,0.47736,0
5.35912,-0.296454,0.460889,0
5.35921,-0.276677,0.426045,0
5.3593,-0.24728,0.377165,0
5.35938,-0.234021,0.353568,0
5.35947,-0.227784,0.340903,0
5.35956,-0.22871,0.339076,0
5.35964,-0.22681,0.333116,0
5.35973,-0.224297,0.326354,0
5.35982,-0.227999,0.328659,0
5.35991,-0.239755,0.342406,0
5.35999,-0.227972,0.322573,0
5.36008,-0.229958,0.32239,0
5.36017,-0.22552,0.313268,0
5.36026,-0.232763,0.320371,0
5.36034,-0.230611,0.314513,0
5.36043,-0.23555,0.318327,0
5.36052,-0.233347,0.312489,0
5.3606,-0.237717,0.315461,0
5.36069,-0.230617,0.303277,0
5.36078,-0.230112,0.299888,0
5.36087,-0.233867,0.302043,0
5.36095,-0.229026,0.29314,0
5.36104,-0.229065,0.290567,0
5.36113,-0.229708,0.288782,0
5.36121,-0.24411,0.304155,0
5.3613,-0.24103,0.297647,0
5.36139,-0.232203,0.284202,0
5.36148,-0.230896,0.2801,0
5.36156,-0.231477,0.278321,0
5.36165,-0.230761,0.27501,0
5.36174,-0.237127,0.280106,0
5.36183,-0.240296,0.28135,0
5.36191,-0.227813,0.26439,0
5.362,-0.233557,0.268677,0
5.36209,-0.229452,0.26164,0
5.36217,-0.233242,0.263632,0
5.36226,-0.239052,0.267835,0
5.36235,-0.232857,0.258614,0
5.36244,-0.227932,0.250934,0
5.36252,-0.206731,0.225607,0
5.36261,-0.207034,0.223968,0
5.3627,-0.19778,0.212093,0
5.36279,-0.293943,0.312471,0
5.36287,-0.163828,0.172639,0
5.36296,-0.165272,0.172645,0
5.36305,-0.13268,0.137394,0
5.36313,-0.117229,0.120339,0
5.36322,-0.0960246,0.0977153,0
5.36331,-0.0985621,0.099426,0
5.3634,-0.0650538,0.0650538,0
