7200
2945
2.56563
2.58134,-0.0403051,-0.0403051,0
2.58143,-0.0316807,-0.0319583,0
2.58152,-0.0567737,-0.0577733,0
2.5816,-0.056521,-0.0580205,0
2.58169,-0.100725,-0.104304,0
2.58178,-0.0885137,-0.0924626,0
2.58187,-0.132852,-0.139997,0
2.58195,-0.167185,-0.177723,0
2.58204,-0.164362,-0.176256,0
2.58213,-0.189385,-0.204876,0
2.58221,-0.204028,-0.222658,0
2.5823,-0.212468,-0.233909,0
2.58239,-0.217467,-0.241522,0
2.58248,-0.2264,-0.25366,0
2.58256,-0.221315,-0.250151,0
2.58265,-0.224178,-0.255626,0
2.58274,-0.226996,-0.261129,0
2.58283,-0.228466,-0.265148,0
2.58291,-0.226008,-0.264621,0
2.583,-0.22679,-0.267895,0
2.58309,-0.230761,-0.27501,0
2.58317,-0.22828,-0.274477,0
2.58326,-0.228352,-0.277013,0
2.58335,-0.218916,-0.26794,0
2.58344,-0.216486,-0.267338,0
2.58352,-0.207807,-0.258922,0
2.58361,-0.199827,-0.251217,0
2.5837,-0.219159,-0.278002,0
2.58379,-0.209325,-0.267924,0
2.58387,-0.207542,-0.268044,0
2.58396,-0.210631,-0.2745,0
2.58405,-0.22638,-0.297705,0
2.58413,-0.227486,-0.301884,0
2.58422,-0.220183,-0.294861,0
2.58431,-0.227817,-0.307877,0
2.5844,-0.220558,-0.300804,0
2.58448,-0.228061,-0.313899,0
2.58457,-0.224936,-0.312456,0
2.58466,-0.218925,-0.306922,0
2.58475,-0.215275,-0.304607,0
2.58483,-0.229431,-0.327661,0
2.58492,-0.226289,-0.326194,0
2.58501,-0.2175,-0.316464,0
2.58509,-0.217806,-0.31989,0
2.58518,-0.225914,-0.334931,0
2.58527,-0.225006,-0.336745,0
2.58536,-0.225742,-0.341059,0
2.58544,-0.223155,-0.340368,0
2.58553,-0.225481,-0.34721,0
2.58562,-0.229373,-0.356601,0
2.58571,-0.22889,-0.359285,0
2.58579,-0.226786,-0.359434,0
2.58588,-0.222036,-0.355332,0
2.58597,-0.229955,-0.371604,0
2.58605,-0.234079,-0.381983,0
2.58614,-0.237079,-0.390695,0
2.58623,-0.237433,-0.395154,0
2.58632,-0.24133,-0.40564,0
2.5864,-0.241081,-0.409274,0
2.58649,-0.230225,-0.394773,0
2.58658,-0.2295,-0.397506,0
2.58667,-0.227267,-0.397635,0
2.58675,-0.226515,-0.400364,0
2.58684,-0.222811,-0.397858,0
2.58693,-0.223982,-0.404074,0
2.58701,-0.220293,-0.401541,0
2.5871,-0.219016,-0.403377,0
2.58719,-0.214887,-0.399924,0
2.58728,-0.207506,-0.390263,0
2.58736,-0.209992,-0.399129,0
2.58745,-0.20594,-0.395607,0
2.58754,-0.207417,-0.402725,0
2.58763,-0.20475,-0.401844,0
2.58771,-0.206145,-0.408984,0
2.5878,-0.215514,-0.432253,0
2.58789,-0.214068,-0.434086,0
2.58797,-0.21524,-0.441308,0
2.58806,-0.208534,-0.432335,0
2.58815,-0.213534,-0.447682,0
2.58824,-0.207739,-0.44047,0
2.58832,-0.207928,-0.445903,0
2.58841,-0.205981,-0.446806,0
2.5885,-0.218543,-0.47955,0
2.58859,-0.224252,-0.497822,0
2.58867,-0.225332,-0.506104,0
2.58876,-0.218289,-0.496099,0
2.58885,-0.219312,-0.504383,0
2.58893,-0.213162,-0.496147,0
2.58902,-0.218028,-0.513642,0
2.58911,-0.216945,-0.517355,0
2.5892,-0.216982,-0.52384,0
2.58928,-0.213179,-0.521079,0
2.58937,-0.213151,-0.527568,0
2.58946,-0.214923,-0.53871,0
2.58955,-0.216236,-0.548946,0
2.58963,-0.210939,-0.542429,0
2.58972,-0.212512,-0.553613,0
2.58981,-0.209032,-0.55173,0
2.58989,-0.213627,-0.57137,0
2.58998,-0.20767,-0.562915,0
2.59007,-0.213763,-0.587308,0
2.59016,-0.210522,-0.586353,0
2.59024,-0.214638,-0.606119,0
2.59033,-0.215288,-0.61649,0
2.59042,-0.215526,-0.625933,0
2.5905,-0.2144,-0.631602,0
2.59059,-0.214498,-0.641067,0
2.59068,-0.217649,-0.660041,0
2.59077,-0.215694,-0.663837,0
2.59085,-0.214624,-0.670487,0
2.59094,-0.220718,-0.700028,0
2.59103,-0.20491,-0.659919,0
2.59112,-0.209338,-0.684714,0
2.5912,-0.62798,-2.08655,0
2.59129,-0.618017,-2.08639,0
2.59138,-0.60639,-2.08043,0
2.59146,-0.596479,-2.08017,0
2.59155,-0.584954,-2.07409,0
2.59164,-0.577502,-2.08241,0
2.59173,-0.567358,-2.08105,0
2.59181,-0.558532,-2.08447,0
2.5919,-0.546121,-2.07431,0
2.59199,-0.537816,-2.07958,0
2.59208,-0.527753,-2.07803,0
2.59216,-0.518439,-2.07934,0
2.59225,-0.507935,-2.07576,0
2.59234,-0.500974,-2.08671,0
2.59242,-0.488426,-2.07427,0
2.59251,-0.479596,-2.07736,0
2.5926,-0.469203,-2.07358,0
2.59269,-0.458636,-2.06877,0
2.59277,-0.449817,-2.07173,0
2.59286,-0.440565,-2.07269,0
2.59295,-0.431313,-2.07362,0
2.59304,-0.421065,-2.0696,0
2.59312,-0.412811,-2.07534,0
2.59321,-0.403179,-2.07418,0
2.5933,-0.393566,-2.07297,0
2.59338,-0.384517,-2.07467,0
2.59347,-0.375105,-2.07436,0
2.59356,-0.365703,-2.07401,0
2.59365,-0.356481,-2.0746,0
2.59373,-0.34627,-2.06923,0
2.59382,-0.337238,-2.07072,0
2.59391,-0.32773,-2.06921,0
2.594,-0.318851,-2.07161,0
2.59408,-0.310991,-2.08089,0
2.59417,-0.300187,-2.07035,0
2.59426,-0.291846,-2.07659,0
2.59434,-0.282378,-2.07487,0
2.59443,-0.2728,-2.07212,0
2.59452,-0.262494,-2.06337,0
2.59461,-0.254098,-2.06946,0
2.59469,-0.24483,-2.06856,0
2.59478,-0.236029,-2.0716,0
2.59487,-0.226987,-2.07261,0
2.59496,-0.218151,-2.07557,0
2.59504,-0.208291,-2.06854,0
2.59513,-0.199838,-2.0754,0
2.59522,-0.19014,-2.06928,0
2.5953,-0.180848,-2.0671,0
2.59539,-0.171661,-2.06588,0
2.59548,-0.163038,-2.07159,0
2.59557,-0.153479,-2.06531,0
2.59565,-0.144466,-2.06596,0
2.59574,-0.135712,-2.07056,0
2.59583,-0.126615,-2.07013,0
2.59592,-0.117694,-2.07266,0
2.596,-0.107969,-2.06017,0
2.59609,-0.0992668,-2.06662,0
2.59618,-0.0896815,-2.05404,0
2.59626,-0.0811501,-2.06541,0
2.59635,-0.0721024,-2.06474,0
2.59644,-0.0632453,-2.07003,0
2.59653,-0.0540031,-2.06229,0
2.59661,-0.0449605,-2.06051,0
2.5967,-0.0360392,-2.06469,0
2.59679,-0.0271086,-2.07082,0
2.59688,-0.0180116,-2.06392,0
2.59696,-0.00905825,-2.07598,0
2.59705,-2.4912e-08,-2.068,0
2.59714,0.0090582,-2.07598,0
2.59722,0.0180814,-2.07192,0
2.59731,0.0270169,-2.06382,0
2.5974,0.0360741,-2.06669,0
2.59749,0.0450259,-2.06351,0
2.59757,0.0536889,-2.0503,0
2.59766,0.062665,-2.05104,0
2.59775,0.0721023,-2.06474,0
2.59784,0.08115,-2.06541,0
2.59792,0.090074,-2.06303,0
2.59801,0.0994107,-2.06961,0
2.5981,0.107917,-2.05917,0
2.59818,0.117071,-2.06168,0
2.59827,0.125943,-2.05915,0
2.59836,0.135188,-2.06257,0
2.59845,0.143768,-2.05598,0
2.59853,0.153182,-2.06132,0
2.59862,0.162096,-2.05963,0
2.59871,0.171744,-2.06688,0
2.5988,0.179977,-2.05714,0
2.59888,0.189866,-2.0663,0
2.59897,0.198592,-2.06246,0
2.59906,0.20769,-2.06257,0
2.59914,0.215538,-2.0507,0
2.59923,0.225028,-2.05471,0
2.59932,0.235236,-2.06464,0
2.59941,0.24436,-2.06459,0
2.59949,0.251904,-2.05159,0
2.59958,0.261989,-2.0594,0
2.59967,0.271103,-2.05923,0
2.59976,0.280085,-2.05803,0
2.59984,0.290037,-2.06372,0
2.59993,0.298608,-2.05946,0
2.60002,0.308626,-2.06507,0
2.6001,0.317634,-2.0637,0
2.60019,0.326479,-2.06131,0
2.60028,0.33563,-2.06085,0
2.60037,0.343959,-2.05542,0
2.60045,0.353602,-2.05784,0
2.60054,0.363793,-2.06317,0
2.60063,0.371724,-2.05566,0
2.60072,0.38233,-2.06287,0
2.6008,0.391327,-2.06118,0
2.60089,0.3986,-2.05062,0
2.60098,0.410665,-2.06455,0
2.60106,0.418872,-2.05882,0
2.60115,0.428666,-2.06089,0
2.60124,0.436615,-2.05411,0
2.60133,0.448331,-2.06489,0
2.60141,0.454956,-2.05217,0
2.6015,0.465009,-2.05505,0
2.60159,0.473297,-2.05007,0
2.60168,0.484759,-2.0587,0
2.60176,0.494437,-2.05948,0
2.60185,0.504132,-2.06022,0
2.60194,0.511423,-2.05121,0
2.60202,0.521107,-2.05186,0
2.60211,0.531557,-2.05538,0
2.6022,0.539501,-2.04917,0
2.60229,0.548955,-2.04873,0
2.60237,0.559993,-2.05403,0
2.60246,0.569485,-2.0535,0
2.60255,0.579525,-2.05484,0
2.60263,0.592069,-2.06479,0
2.60272,0.596595,-2.04683,0
2.60281,0.608645,-2.05475,0
2.6029,0.61674,-2.0492,0
2.60298,0.625968,-2.04745,0
2.60307,0.636082,-2.04852,0
2.60316,0.649224,-2.05907,0
2.60325,0.656678,-2.05146,0
2.60333,0.665314,-2.04762,0
2.60342,0.678626,-2.058,0
2.60351,0.687916,-2.05597,0
2.60359,0.696238,-2.05105,0
2.60368,0.707134,-2.05367,0
2.60377,0.713451,-2.04301,0
2.60386,0.723693,-2.04365,0
2.60394,0.734631,-2.04612,0
2.60403,0.743894,-2.04383,0
2.60412,0.756612,-2.05089,0
2.60421,0.767304,-2.05225,0
2.60429,0.775543,-2.04701,0
2.60438,0.786259,-2.04828,0
2.60447,0.802075,-2.06253,0
2.60455,0.807402,-2.04971,0
2.60464,0.818932,-2.05267,0
2.60473,0.825258,-2.04259,0
2.60482,0.839085,-2.051,0
2.6049,0.848027,-2.04732,0
2.60499,0.857725,-2.04544,0
2.60508,0.86586,-2.03984,0
2.60517,0.882252,-2.0535,0
2.60525,0.889609,-2.04596,0
2.60534,0.904569,-2.05579,0
2.60543,0.909463,-2.04269,0
2.60551,0.923707,-2.05055,0
2.6056,0.932645,-2.0465,0
2.60569,0.942403,-2.04423,0
2.60578,0.956385,-2.05097,0
2.60586,0.963192,-2.04226,0
2.60595,0.976399,-2.04706,0
2.60604,0.986625,-2.04549,0
2.60613,1.00212,-2.05464,0
2.60621,1.01196,-2.05204,0
2.6063,1.01867,-2.04314,0
2.60639,1.03163,-2.04671,0
2.60647,1.041,-2.04308,0
2.60656,1.04945,-2.03763,0
2.60665,1.06017,-2.03658,0
2.60674,1.07324,-2.0399,0
2.60682,1.08964,-2.04932,0
2.60691,1.10141,-2.04983,0
2.607,1.10701,-2.03886,0
2.60709,1.1207,-2.04277,0
2.60717,1.12815,-2.03524,0
2.60726,1.14826,-2.05037,0
2.60735,1.15473,-2.04098,0
2.60743,1.16859,-2.04461,0
2.60752,1.177,-2.03862,0
2.60761,1.19294,-2.04556,0
2.6077,1.20388,-2.04378,0
2.60778,1.21432,-2.04109,0
2.60787,1.23043,-2.04777,0
2.60796,1.23468,-2.03469,0
2.60805,1.25034,-2.04037,0
2.60813,1.25923,-2.03489,0
2.60822,1.27605,-2.0421,0
2.60831,1.28921,-2.04328,0
2.60839,1.29758,-2.03679,0
2.60848,1.31078,-2.03784,0
2.60857,1.3262,-2.04216,0
2.60866,1.33564,-2.03719,0
2.60874,1.35114,-2.04135,0
2.60883,1.36504,-2.04292,0
2.60892,1.37953,-2.04524,0
2.60901,1.38844,-2.0392,0
2.60909,1.40016,-2.03724,0
2.60918,1.41017,-2.03275,0
2.60927,1.42648,-2.03723,0
2.60935,1.44055,-2.03834,0
2.60944,1.4535,-2.03773,0
2.60953,1.46355,-2.03299,0
2.60962,1.47475,-2.02982,0
2.6097,1.48714,-2.02821,0
2.60979,1.50847,-2.03858,0
2.60988,1.52214,-2.03839,0
2.60997,1.53162,-2.03253,0
2.61005,1.55197,-2.04095,0
2.61014,1.56147,-2.03495,0
2.61023,1.57707,-2.03682,0
2.61031,1.58902,-2.03386,0
2.6104,1.60469,-2.03554,0
2.61049,1.61169,-2.02617,0
2.61058,1.63491,-2.03706,0
2.61066,1.64756,-2.03457,0
2.61075,1.66655,-2.03975,0
2.61084,1.67543,-2.03246,0
2.61093,1.69004,-2.03205,0
2.61101,1.70274,-2.02925,0
2.6111,1.71223,-2.02257,0
2.61119,1.73922,-2.03637,0
2.61127,1.75331,-2.03482,0
2.61136,1.77202,-2.03847,0
2.61145,1.77891,-2.02846,0
2.61154,1.80233,-2.03716,0
2.61162,1.81186,-2.03002,0
2.61171,1.83007,-2.0325,0
2.6118,1.84229,-2.0282,0
2.61189,1.85922,-2.02899,0
2.61197,1.87621,-2.02967,0
2.61206,1.90482,-2.04267,0
2.61215,1.90481,-2.02487,0
2.61223,1.93428,-2.0383,0
2.61232,1.94384,-2.03057,0
2.61241,1.96241,-2.03214,0
2.6125,1.97684,-2.02928,0
2.61258,1.98988,-2.02492,0
2.61267,2.00926,-2.02687,0
2.61276,2.0202,-2.0202,0
2.61285,2.03397,-2.0163,0
2.61293,2.03134,-1.99619,0
2.61302,2.02857,-1.97614,0
2.61311,2.03357,-1.9638,0
2.61319,2.03129,-1.94453,0
2.61328,2.02887,-1.92533,0
2.61337,2.03143,-1.91098,0
2.61346,2.02658,-1.88982,0
2.61354,2.0304,-1.87688,0
2.61363,2.02751,-1.85787,0
2.61372,2.03116,-1.84497,0
2.61381,2.01987,-1.8187,0
2.61389,2.02331,-1.80587,0
2.61398,2.02218,-1.78907,0
2.61407,2.02245,-1.77364,0
2.61415,2.0196,-1.75561,0
2.61424,2.02421,-1.74417,0
2.61433,2.02496,-1.72948,0
2.61442,2.0218,-1.71158,0
2.6145,2.0147,-1.69053,0
2.61459,2.01898,-1.67917,0
2.61468,2.02243,-1.66716,0
2.61477,2.01497,-1.6463,0
2.61485,2.01903,-1.63497,0
2.61494,2.01912,-1.62052,0
2.61503,2.02539,-1.61107,0
2.61511,2.02219,-1.59417,0
2.6152,2.02046,-1.57856,0
2.61529,2.01784,-1.56238,0
2.61538,2.00877,-1.54138,0
2.61546,2.00831,-1.52716,0
2.61555,2.01576,-1.51898,0
2.61564,2.00954,-1.5006,0
2.61572,2.01688,-1.49241,0
2.61581,2.01369,-1.4765,0
2.6159,2.02578,-1.47181,0
2.61599,2.0054,-1.44368,0
2.61607,2.01901,-1.44014,0
2.61616,2.0122,-1.42209,0
2.61625,2.01593,-1.41157,0
2.61634,2.01714,-1.39934,0
2.61642,2.01087,-1.38203,0
2.61651,2.00448,-1.3648,0
2.6166,2.00378,-1.35157,0
2.61668,2.00966,-1.34281,0
2.61677,2.01133,-1.33127,0
2.61686,2.00876,-1.317,0
2.61695,2.00694,-1.30332,0
2.61703,2.00672,-1.29077,0
2.61712,2.00305,-1.27609,0
2.61721,2.00522,-1.2652,0
2.6173,2.00563,-1.25326,0
2.61738,2.00683,-1.24186,0
2.61747,2.00711,-1.22996,0
2.61756,1.99365,-1.20978,0
2.61764,1.99634,-1.19952,0
2.61773,2.00757,-1.19438,0
2.61782,2.01104,-1.18459,0
2.61791,2.00928,-1.17178,0
2.61799,1.99965,-1.1545,0
2.61808,2.0038,-1.14527,0
2.61817,2.00443,-1.13405,0
2.61826,2.00325,-1.12187,0
2.61834,1.99851,-1.10779,0
2.61843,1.99806,-1.09617,0
2.61852,2.00722,-1.08983,0
2.6186,2.00315,-1.07633,0
2.61869,1.99988,-1.06335,0
2.61878,2.0045,-1.05462,0
2.61887,2.00287,-1.04263,0
2.61895,2.00118,-1.03067,0
2.61904,2.00298,-1.02057,0
2.61913,1.99045,-1.00327,0
2.61922,1.99839,-0.99636,0
2.6193,2.00003,-0.986304,0
2.61939,2.00341,-0.977129,0
2.61948,2.00135,-0.965337,0
2.61956,2.00284,-0.955304,0
2.61965,2.00156,-0.943997,0
2.61974,2.00294,-0.933986,0
2.61983,2.00518,-0.924401,0
2.61991,1.99918,-0.911081,0
2.62,2.00223,-0.901939,0
2.62009,1.9961,-0.88872,0
2.62018,2.00819,-0.883626,0
2.62026,2.00653,-0.872463,0
2.62035,2.00021,-0.859357,0
2.62044,1.99289,-0.845933,0
2.62052,1.99749,-0.837616,0
2.62061,1.99373,-0.825831,0
2.6207,1.98806,-0.813337,0
2.62079,1.99808,-0.807277,0
2.62087,1.99323,-0.795216,0
2.62096,2.00412,-0.789444,0
2.62105,1.99729,-0.776705,0
2.62114,2.00253,-0.768699,0
2.62122,1.98903,-0.753577,0
2.62131,1.99136,-0.744541,0
2.6214,1.99272,-0.735153,0
2.62148,1.99779,-0.727135,0
2.62157,1.99623,-0.716721,0
2.62166,1.99369,-0.706002,0
2.62175,1.98825,-0.694329,0
2.62183,1.99788,-0.687926,0
2.62192,1.9895,-0.675344,0
2.62201,1.99053,-0.666023,0
2.6221,1.99627,-0.65827,0
2.62218,1.98676,-0.645537,0
2.62227,1.98289,-0.634728,0
2.62236,1.98278,-0.625167,0
2.62244,1.99122,-0.618289,0
2.62253,1.98816,-0.607841,0
2.62262,1.99079,-0.59916,0
2.62271,1.98667,-0.58848,0
2.62279,1.99114,-0.580365,0
2.62288,1.98789,-0.570018,0
2.62297,1.99324,-0.562153,0
2.62306,1.98219,-0.549709,0
2.62314,1.98071,-0.540003,0
2.62323,1.99367,-0.534203,0
2.62332,1.98728,-0.523207,0
2.6234,1.99245,-0.515282,0
2.62349,1.9908,-0.505599,0
2.62358,1.9862,-0.495214,0
2.62367,1.98639,-0.486068,0
2.62375,1.98752,-0.477162,0
2.62384,1.98083,-0.466423,0
2.62393,1.98382,-0.458,0
2.62402,1.9897,-0.450223,0
2.6241,1.9936,-0.44197,0
2.62419,1.98476,-0.430933,0
2.62428,1.99444,-0.423932,0
2.62436,1.9855,-0.412986,0
2.62445,1.98631,-0.404119,0
2.62454,1.97922,-0.393692,0
2.62463,1.99172,-0.387152,0
2.62471,1.99339,-0.378457,0
2.6248,1.98519,-0.367934,0
2.62489,1.98481,-0.358912,0
2.62498,1.98439,-0.349901,0
2.62506,1.99772,-0.343271,0
2.62515,1.98638,-0.332406,0
2.62524,1.99373,-0.3247,0
2.62532,1.9813,-0.313808,0
2.62541,1.98957,-0.306224,0
2.6255,1.98594,-0.296801,0
2.62559,1.99712,-0.289568,0
2.62567,1.98549,-0.279042,0
2.62576,1.9857,-0.270241,0
2.62585,1.98586,-0.261444,0
2.62594,1.98599,-0.25265,0
2.62602,1.97914,-0.243008,0
2.62611,1.99607,-0.23625,0
2.6262,1.98118,-0.225727,0
2.62628,1.99209,-0.218169,0
2.62637,1.98904,-0.209057,0
2.62646,1.97999,-0.199374,0
2.62655,1.98681,-0.191308,0
2.62663,1.98962,-0.18282,0
2.62672,1.99239,-0.174312,0
2.62681,1.98516,-0.164954,0
2.6269,1.98387,-0.156134,0
2.62698,1.98353,-0.147402,0
2.62707,1.98316,-0.138676,0
2.62716,1.98773,-0.130283,0
2.62724,1.99228,-0.121853,0
2.62733,1.9848,-0.112705,0
2.62742,1.98128,-0.103835,0
2.62751,1.98671,-0.0954285,0
2.62759,1.98111,-0.0864973,0
2.62768,1.98447,-0.07797,0
2.62777,1.98479,-0.0693104,0
2.62785,1.99507,-0.0609549,0
2.62794,1.98532,-0.0519875,0
2.62803,1.98353,-0.0432808,0
2.62812,1.9877,-0.0346954,0
2.6282,1.98783,-0.0260222,0
2.62829,1.98492,-0.0173222,0
2.62838,1.99298,-0.00869612,0
2.62847,1.98,-4.79445e-08,0
2.62855,1.98198,0.00864803,0
2.62864,1.96293,0.0171301,0
2.62873,1.94683,0.0254854,0
2.62881,1.76173,0.0307511,0
2.6289,1.70559,0.0372162,0
2.62899,1.70042,0.0445269,0
2.62908,1.69521,0.0517933,0
2.62916,1.69197,0.0590848,0
2.62925,1.6837,0.0661527,0
2.62934,1.68739,0.0736731,0
2.62943,1.69205,0.0812749,0
2.62951,1.69967,0.0890758,0
2.6296,1.69128,0.0960375,0
2.62969,1.69883,0.103905,0
2.62977,1.69436,0.111054,0
2.62986,1.69287,0.118377,0
2.62995,1.69034,0.125614,0
2.63004,1.68379,0.132517,0
2.63012,1.67323,0.139035,0
2.63021,1.6766,0.146683,0
2.6303,1.67992,0.154363,0
2.63039,1.69416,0.163129,0
2.63047,1.74517,0.17573,0
2.63056,1.94628,0.204562,0
2.63065,1.98016,0.216863,0
2.63073,1.98218,0.22584,0
2.63082,1.97422,0.233664,0
2.63091,1.98013,0.243129,0
2.631,1.98103,0.252019,0
2.63108,1.98586,0.261444,0
2.63117,1.97975,0.269432,0
2.63126,1.98945,0.279599,0
2.63135,1.98821,0.288277,0
2.63143,1.97902,0.295767,0
2.63152,1.97771,0.304399,0
2.63161,1.98427,0.314277,0
2.63169,1.98978,0.324057,0
2.63178,1.98243,0.331746,0
2.63187,1.9721,0.338868,0
2.63196,1.98734,0.350422,0
2.63204,1.98579,0.35909,0
2.63213,1.98323,0.367569,0
2.63222,1.9816,0.376219,0
2.63231,1.977,0.384289,0
2.63239,1.97628,0.393107,0
2.63248,1.98435,0.40372,0
2.63257,1.97865,0.41156,0
2.63265,1.97097,0.418942,0
2.63274,1.97792,0.429448,0
2.63283,1.97212,0.437208,0
2.63292,1.9819,0.448457,0
2.633,1.97895,0.456876,0
2.63309,1.9672,0.463214,0
2.63318,1.9671,0.47226,0
2.63327,1.97377,0.482978,0
2.63335,1.97067,0.491343,0
2.63344,1.97335,0.501168,0
2.63353,1.97889,0.511777,0
2.63361,1.97954,0.52117,0
2.6337,1.97918,0.53032,0
2.63379,1.97878,0.539477,0
2.63388,1.98219,0.549709,0
2.63396,1.97881,0.558082,0
2.63405,1.97443,0.566159,0
2.63414,1.97578,0.575888,0
2.63423,1.98092,0.586776,0
2.63431,1.97451,0.594261,0
2.6344,1.96712,0.601409,0
2.63449,1.97403,0.612951,0
2.63457,1.97133,0.621559,0
2.63466,1.98003,0.633813,0
2.63475,1.97725,0.642446,0
2.63484,1.96778,0.648875,0
2.63492,1.96493,0.657455,0
2.63501,1.96488,0.666987,0
2.6351,1.97235,0.679135,0
2.63519,1.97031,0.688064,0
2.63527,1.97295,0.698658,0
2.63536,1.96518,0.70557,0
2.63545,1.97335,0.718242,0
2.63553,1.96833,0.726154,0
2.63562,1.97169,0.737186,0
2.63571,1.96752,0.745428,0
2.6358,1.96892,0.755798,0
2.63588,1.97958,0.769818,0
2.63597,1.96597,0.774417,0
2.63606,1.96908,0.785582,0
2.63615,1.96656,0.794541,0
2.63623,1.96215,0.802735,0
2.63632,1.97341,0.817412,0
2.63641,1.96705,0.824854,0
2.63649,1.96436,0.83382,0
2.63658,1.96529,0.844357,0
2.63667,1.97902,0.8605,0
2.63676,1.96792,0.865905,0
2.63684,1.96778,0.876111,0
2.63693,1.97488,0.889617,0
2.63702,1.97189,0.89864,0
2.63711,1.9743,0.910166,0
2.63719,1.97303,0.92004,0
2.63728,1.97895,0.933332,0
2.63737,1.97576,0.942389,0
2.63745,1.97433,0.952304,0
2.63754,1.96297,0.957403,0
2.63763,1.97043,0.971708,0
2.63772,1.97244,0.98342,0
2.6378,1.97259,0.994267,0
2.63789,1.96378,1.00059,0
2.63798,1.96651,1.01282,0
2.63807,1.96029,1.02046,0
2.63815,1.96113,1.0318,0
2.63824,1.9725,1.0488,0
2.63833,1.96615,1.05645,0
2.63841,1.96767,1.06836,0
2.6385,1.96474,1.0779,0
2.63859,1.96877,1.09131,0
2.63868,1.96661,1.10135,0
2.63876,1.95917,1.10845,0
2.63885,1.97255,1.1274,0
2.63894,1.96068,1.132,0
2.63903,1.96609,1.14659,0
2.63911,1.96538,1.15769,0
2.6392,1.96976,1.17188,0
2.63929,1.96206,1.17892,0
2.63937,1.96117,1.19007,0
2.63946,1.95937,1.2007,0
2.63955,1.95836,1.21187,0
2.63964,1.96323,1.22676,0
2.63972,1.9604,1.23692,0
2.63981,1.9651,1.25191,0
2.6399,1.95962,1.26047,0
2.63999,1.96501,1.27609,0
2.64007,1.95942,1.28465,0
2.64016,1.9688,1.30312,0
2.64025,1.96393,1.31226,0
2.64033,1.96565,1.32585,0
2.64042,1.95488,1.33103,0
2.64051,1.96554,1.35088,0
2.6406,1.96291,1.36172,0
2.64068,1.96269,1.37429,0
2.64077,1.96239,1.38688,0
2.64086,1.95795,1.39659,0
2.64094,1.96076,1.41155,0
2.64103,1.95782,1.42244,0
2.64112,1.96692,1.4422,0
2.64121,1.95578,1.4472,0
2.64129,1.95987,1.4635,0
2.64138,1.96145,1.47806,0
2.64147,1.95976,1.49023,0
2.64156,1.96117,1.50486,0
2.64164,1.95854,1.51646,0
2.64173,1.96215,1.533,0
2.64182,1.95465,1.54092,0
2.6419,1.962,1.56064,0
2.64199,1.95283,1.56731,0
2.64208,1.96385,1.59029,0
2.64217,1.95379,1.59632,0
2.64225,1.95993,1.61564,0
2.64234,1.95516,1.62609,0
2.64243,1.96107,1.64554,0
2.64252,1.96227,1.66118,0
2.6426,1.95805,1.67233,0
2.64269,1.95528,1.68477,0
2.64278,1.95696,1.70116,0
2.64286,1.95629,1.71562,0
2.64295,1.95627,1.73076,0
2.64304,1.95915,1.74861,0
2.64313,1.95744,1.76249,0
2.64321,1.9564,1.77707,0
2.6433,1.95895,1.79504,0
2.64339,1.96138,1.81308,0
2.64348,1.9593,1.82707,0
2.64356,1.9564,1.8404,0
2.64365,1.96069,1.86062,0
2.64374,1.95327,1.86985,0
2.64382,1.95085,1.88391,0
2.64391,1.95622,1.90567,0
2.644,1.96001,1.9261,0
2.64409,1.95514,1.93815,0
2.64417,1.9601,1.9601,0
2.64426,1.95716,1.97432,0
2.64435,1.95694,1.9914,0
2.64444,1.96009,2.01209,0
2.64452,1.9631,2.03285,0
2.64461,1.96044,2.0479,0
2.6447,1.9563,2.06151,0
2.64478,1.96373,2.08751,0
2.64487,1.95529,2.09679,0
2.64496,1.96106,2.12146,0
2.64505,1.9457,2.12336,0
2.64513,1.93305,2.12813,0
2.64522,1.90836,2.11945,0
2.64531,1.89443,2.12253,0
2.6454,1.87654,2.12104,0
2.64548,1.86397,2.12545,0
2.64557,1.83828,2.1147,0
2.64566,1.82251,2.11512,0
2.64574,1.80936,2.11849,0
2.64583,1.79493,2.12026,0
2.64592,1.77217,2.11198,0
2.64601,1.76165,2.11816,0
2.64609,1.75049,2.12351,0
2.64618,1.73551,2.12416,0
2.64627,1.71993,2.12394,0
2.64636,1.69876,2.11661,0
2.64644,1.68639,2.12009,0
2.64653,1.67032,2.11878,0
2.64662,1.65982,2.12448,0
2.6467,1.63952,2.11747,0
2.64679,1.62661,2.11984,0
2.64688,1.61069,2.11816,0
2.64697,1.58759,2.1068,0
2.64705,1.57599,2.1105,0
2.64714,1.56319,2.11254,0
2.64723,1.55278,2.11772,0
2.64732,1.53118,2.10749,0
2.6474,1.5208,2.11253,0
2.64749,1.50576,2.111,0
2.64758,1.49769,2.11918,0
2.64766,1.47294,2.10358,0
2.64775,1.4609,2.10588,0
2.64784,1.45113,2.11141,0
2.64793,1.43853,2.11276,0
2.64801,1.42762,2.11653,0
2.6481,1.41115,2.11193,0
2.64819,1.40026,2.11557,0
2.64828,1.38609,2.11413,0
2.64836,1.37304,2.11429,0
2.64845,1.36055,2.11521,0
2.64854,1.34164,2.10595,0
2.64862,1.32977,2.10755,0
2.64871,1.3195,2.11164,0
2.6488,1.30501,2.10887,0
2.64889,1.29162,2.10773,0
2.64897,1.27722,2.10479,0
2.64906,1.26648,2.10777,0
2.64915,1.25522,2.10984,0
2.64924,1.23839,2.10238,0
2.64932,1.2287,2.10689,0
2.64941,1.217,2.10791,0
2.6495,1.20829,2.11406,0
2.64958,1.1897,2.10278,0
2.64967,1.18002,2.10708,0
2.64976,1.1713,2.11308,0
2.64985,1.15582,2.10677,0
2.64993,1.1447,2.10828,0
2.65002,1.13313,2.10885,0
2.65011,1.11734,2.10142,0
2.6502,1.1077,2.10539,0
2.65028,1.09665,2.10665,0
2.65037,1.08333,2.10341,0
2.65046,1.07369,2.10723,0
2.65054,1.06268,2.10832,0
2.65063,1.05303,2.11205,0
2.65072,1.03584,2.10048,0
2.65081,1.02316,2.09779,0
2.65089,1.01313,2.10043,0
2.65098,1.00223,2.10122,0
2.65107,0.993052,2.10557,0
2.65116,0.982588,2.10717,0
2.65124,0.969197,2.10235,0
2.65133,0.956697,2.09928,0
2.65142,0.946296,2.1007,0
2.6515,0.937121,2.10481,0
2.65159,0.925512,2.10339,0
2.65168,0.912737,2.09915,0
2.65177,0.9012,2.0976,0
2.65185,0.89243,2.10243,0
2.65194,0.879381,2.09708,0
2.65203,0.870222,2.1009,0
2.65212,0.859532,2.10098,0
2.6522,0.849233,2.10193,0
2.65229,0.836719,2.09725,0
2.65238,0.827193,2.09995,0
2.65246,0.816573,2.09981,0
2.65255,0.80812,2.10522,0
2.65264,0.791486,2.08909,0
2.65273,0.785165,2.10002,0
2.65281,0.772879,2.09498,0
2.6529,0.765099,2.10209,0
2.65299,0.75423,2.1007,0
2.65308,0.742387,2.09643,0
2.65316,0.73587,2.10721,0
2.65325,0.724064,2.10283,0
2.65334,0.711667,2.0965,0
2.65342,0.700926,2.09485,0
2.65351,0.691466,2.09694,0
2.6536,0.683237,2.10279,0
2.65369,0.669482,2.09146,0
2.65377,0.662154,2.10008,0
2.65386,0.651205,2.09722,0
2.65395,0.642633,2.10196,0
2.65403,0.629709,2.09229,0
2.65412,0.620574,2.09502,0
2.65421,0.609747,2.09195,0
2.6543,0.60089,2.09555,0
2.65438,0.590926,2.09527,0
2.65447,0.582045,2.09879,0
2.65456,0.571304,2.09552,0
2.65465,0.559826,2.0893,0
2.65473,0.551977,2.09656,0
2.65482,0.542574,2.09798,0
2.65491,0.534153,2.10323,0
2.65499,0.522793,2.09681,0
2.65508,0.512926,2.09616,0
2.65517,0.501441,2.08865,0
2.65526,0.493927,2.09763,0
2.65534,0.48342,2.09392,0
2.65543,0.4745,2.09699,0
2.65552,0.463614,2.09123,0
2.65561,0.455758,2.09909,0
2.65569,0.444723,2.09226,0
2.65578,0.434368,2.0883,0
2.65587,0.426448,2.09606,0
2.65595,0.417884,2.10084,0
2.65604,0.407759,2.09774,0
2.65613,0.397669,2.09458,0
2.65622,0.388344,2.09532,0
2.6563,0.377418,2.08715,0
2.65639,0.370044,2.09863,0
2.65648,0.359698,2.09332,0
2.65657,0.351056,2.09783,0
2.65665,0.340774,2.09243,0
2.65674,0.332736,2.10081,0
2.65683,0.321437,2.08841,0
2.65691,0.312765,2.09276,0
2.657,0.302626,2.08717,0
2.65709,0.29463,2.0964,0
2.65718,0.284536,2.09073,0
2.65726,0.275802,2.09492,0
2.65735,0.266028,2.09115,0
2.65744,0.256413,2.08832,0
2.65753,0.248122,2.09637,0
2.65761,0.238406,2.09246,0
2.6577,0.22862,2.08752,0
2.65779,0.220346,2.09645,0
2.65787,0.210696,2.09242,0
2.65796,0.20118,2.08934,0
2.65805,0.191787,2.08721,0
2.65814,0.183289,2.095,0
2.65822,0.173483,2.0878,0
2.65831,0.164372,2.08854,0
2.6584,0.155628,2.09423,0
2.65849,0.14621,2.09089,0
2.65857,0.136758,2.08652,0
2.65866,0.127653,2.0871,0
2.65875,0.118771,2.09163,0
2.65883,0.109278,2.08514,0
2.65892,0.0996027,2.07361,0
2.65901,0.0914263,2.09401,0
2.6591,0.0823672,2.09638,0
2.65918,0.0730447,2.09172,0
2.65927,0.0640088,2.09502,0
2.65936,0.0548146,2.09328,0
2.65945,0.0457895,2.0985,0
2.65953,0.0364058,2.08568,0
2.65962,0.0274359,2.09582,0
2.65971,0.0182298,2.08892,0
2.65979,0.00912812,2.09198,0
2.65988,7.60391e-08,2.09,0
2.65997,-0.00908433,2.08198,0
2.66006,-0.0182646,2.09292,0
2.66014,-0.0272917,2.08482,0
2.66023,-0.0364754,2.08968,0
2.66032,-0.0453967,2.0805,0
2.66041,-0.0545003,2.08129,0
2.66049,-0.0635506,2.08003,0
2.66058,-0.0729748,2.08973,0
2.66067,-0.0819352,2.08539,0
2.66075,-0.0912517,2.09001,0
2.66084,-0.100034,2.0826,0
2.66093,-0.109487,2.08913,0
2.66102,-0.118488,2.08664,0
2.6611,-0.127652,2.0871,0
2.66119,-0.136954,2.08952,0
2.66128,-0.14614,2.0899,0
2.66137,-0.15459,2.08026,0
2.66145,-0.163744,2.08057,0
2.66154,-0.173566,2.0888,0
2.66163,-0.182155,2.08205,0
2.66171,-0.192062,2.09019,0
2.6618,-0.200701,2.08436,0
2.66189,-0.210595,2.09142,0
2.66198,-0.219092,2.08452,0
2.66206,-0.227858,2.08056,0
2.66215,-0.237387,2.08352,0
2.66224,-0.246006,2.07849,0
2.66233,-0.254219,2.07045,0
2.66241,-0.265523,2.08718,0
2.6625,-0.274496,2.08501,0
2.66259,-0.28467,2.09172,0
2.66267,-0.293655,2.08947,0
2.66276,-0.302626,2.08717,0
2.66285,-0.311434,2.08386,0
2.66294,-0.322197,2.09335,0
2.66302,-0.330233,2.08501,0
2.66311,-0.33997,2.0875,0
2.6632,-0.347755,2.0781,0
2.66329,-0.358005,2.08347,0
2.66337,-0.0975903,0.553462,0
2.66346,-0.106588,0.58944,0
2.66355,-0.107337,0.579137,0
2.66363,-0.10893,0.573751,0
2.66372,-0.406995,2.09381,0
2.66381,-0.409299,2.05769,0
2.6639,-0.406511,1.99807,0
2.66398,-0.424389,2.04033,0
2.66407,-0.434535,2.04433,0
2.66416,-0.131762,0.606861,0
2.66425,-0.128132,0.577967,0
2.66433,-0.137715,0.608614,0
2.66442,-0.143744,0.622622,0
2.66451,-0.15196,0.64535,0
2.66459,-0.147771,0.61551,0
2.66468,-0.146652,0.599318,0
2.66477,-0.143944,0.577326,0
2.66486,-0.142277,0.560215,0
2.66494,-0.142717,0.551844,0
2.66503,-0.145632,0.55315,0
2.66512,-0.148303,0.553475,0
2.66521,-0.149928,0.549929,0
2.66529,-0.15286,0.551197,0
2.66538,-0.154178,0.546675,0
2.66547,-0.154633,0.539268,0
2.66555,-0.162301,0.556829,0
2.66564,-0.163877,0.553239,0
2.66573,-0.167442,0.556349,0
2.66582,-0.17016,0.556569,0
2.6659,-0.171994,0.553912,0
2.66599,-0.173808,0.551248,0
2.66608,-0.176516,0.551437,0
2.66616,-0.178303,0.54876,0
2.66625,-0.181948,0.551775,0
2.66634,-0.18245,0.545286,0
2.66643,-0.186435,0.549219,0
2.66651,-0.191108,0.555019,0
2.6666,-0.191221,0.547572,0
2.66669,-0.194943,0.550503,0
2.66678,-0.199033,0.554353,0
2.66686,-0.204528,0.561936,0
2.66695,-0.20594,0.558224,0
2.66704,-0.205222,0.54889,0
2.66712,-0.20726,0.547054,0
2.66721,-0.215379,0.561082,0
2.6673,-0.216738,0.557341,0
2.66739,-0.218435,0.554529,0
2.66747,-0.222334,0.557286,0
2.66756,-0.221392,0.547966,0
2.66765,-0.225296,0.550697,0
2.66774,-0.231523,0.558947,0
2.66782,-0.230093,0.54871,0
2.66791,-0.23522,0.554144,0
2.668,-0.240399,0.559544,0
2.66808,-0.238851,0.549319,0
2.66817,-0.240842,0.547356,0
2.66826,-0.25055,0.562744,0
2.66835,-0.248074,0.550704,0
2.66843,-0.251719,0.552346,0
2.66852,-0.251196,0.544886,0
2.66861,-0.256529,0.550129,0
2.6687,-0.263193,0.558049,0
2.66878,-0.267347,0.560505,0
2.66887,-0.267618,0.55483,0
2.66896,-0.272667,0.55905,0
2.66904,-0.272008,0.551577,0
2.66913,-0.273519,0.548595,0
2.66922,-0.27366,0.542931,0
2.66931,-0.276026,0.541732,0
2.66939,-0.281135,0.545857,0
2.66948,-0.289516,0.556156,0
2.66957,-0.293337,0.557542,0
2.66966,-0.293889,0.552725,0
2.66974,-0.295825,0.550557,0
2.66983,-0.304904,0.561564,0
2.66992,-0.30639,0.558475,0
2.67,-0.308824,0.557133,0
2.67009,-0.306365,0.547055,0
2.67018,-0.306287,0.541361,0
2.67027,-0.31212,0.546097,0
2.67035,-0.311,0.538668,0
2.67044,-0.307806,0.527803,0
2.67053,-0.309598,0.525594,0
2.67062,-0.321603,0.540567,0
2.6707,-0.328079,0.546016,0
2.67079,-0.326827,0.538594,0
2.67088,-0.325517,0.531195,0
2.67096,-0.321517,0.519565,0
2.67105,-0.322721,0.516461,0
2.67114,-0.324438,0.514203,0
2.67123,-0.323992,0.508565,0
2.67131,-0.327831,0.50967,0
2.6714,-0.321882,0.495654,0
2.67149,-0.3213,0.490064,0
2.67158,-0.320123,0.483654,0
2.67166,-0.317786,0.475601,0
2.67175,-0.317062,0.470064,0
2.67184,-0.32305,0.474463,0
2.67192,-0.321152,0.46728,0
2.67201,-0.322048,0.464231,0
2.6721,-0.318335,0.454629,0
2.67219,-0.322624,0.456503,0
2.67227,-0.318806,0.446949,0
2.67236,-0.317832,0.441496,0
2.67245,-0.317404,0.436869,0
2.67254,-0.319307,0.43548,0
2.67262,-0.322989,0.436494,0
2.67271,-0.319505,0.42787,0
2.6728,-0.314749,0.417686,0
2.67288,-0.326253,0.429045,0
2.67297,-0.323861,0.422064,0
2.67306,-0.316516,0.408787,0
2.67315,-0.312756,0.40031,0
2.67323,-0.313881,0.398156,0
2.67332,-0.314992,0.396,0
2.67341,-0.321725,0.400861,0
2.6735,-0.319695,0.39479,0
2.67358,-0.314455,0.384873,0
2.67367,-0.318675,0.386584,0
2.67376,-0.320998,0.385959,0
2.67384,-0.316251,0.376894,0
2.67393,-0.315308,0.372457,0
2.67402,-0.314333,0.368037,0
2.67411,-0.319852,0.371207,0
2.67419,-0.313596,0.360751,0
2.67428,-0.315167,0.359379,0
2.67437,-0.310769,0.35126,0
2.67446,-0.312299,0.349901,0
2.67454,-0.302447,0.335901,0
2.67463,-0.28979,0.319034,0
2.67472,-0.285775,0.311868,0
2.6748,-0.120148,0.129975,0
2.67489,-0.115258,0.123599,0
2.67498,-0.18774,0.199574,0
2.67507,-0.136294,0.143624,0
2.67515,-0.127238,0.132915,0
2.67524,-0.135458,0.140271,0
2.67533,-0.100482,0.103147,0
2.67542,-0.117052,0.119113,0
2.6755,-0.095042,0.095875,0
2.67559,-0.0806102,0.0806102,0
