7200
3865
3.36849
3.38419,-0.0650538,-0.0650538,0
3.38428,-0.0394248,-0.0397704,0
3.38437,-0.0406527,-0.0413685,0
3.38446,-0.0544277,-0.0558716,0
3.38454,-0.0479314,-0.0496344,0
3.38463,-0.0428738,-0.0447866,0
3.38472,-0.0495615,-0.052227,0
3.3848,-0.048648,-0.0517143,0
3.38489,-0.0559239,-0.059971,0
3.38498,-0.0468373,-0.0506683,0
3.38507,-0.0567496,-0.0619313,0
3.38515,-0.0591683,-0.0651392,0
3.38524,-0.0655748,-0.0728282,0
3.38533,-0.0585976,-0.065653,0
3.38542,-0.0536722,-0.0606654,0
3.3855,-0.0481322,-0.0548843,0
3.38559,-0.0590453,-0.0679239,0
3.38568,-0.0580956,-0.0674233,0
3.38576,-0.0603987,-0.0707178,0
3.38585,-0.0639663,-0.07556,0
3.38594,-0.0610648,-0.0727742,0
3.38603,-0.062665,-0.0753465,0
3.38611,-0.0547027,-0.0663597,0
3.3862,-0.0594743,-0.0727929,0
3.38629,-0.0597854,-0.0738289,0
3.38638,-0.0563331,-0.0701896,0
3.38646,-0.0535363,-0.0673043,0
3.38655,-0.0600521,-0.0761757,0
3.38664,-0.0572565,-0.073285,0
3.38672,-0.0550996,-0.0711621,0
3.38681,-0.0560061,-0.0729885,0
3.3869,-0.0611347,-0.0803962,0
3.38699,-0.0589779,-0.0782663,0
3.38707,-0.0616274,-0.0825291,0
3.38716,-0.0719736,-0.0972667,0
3.38725,-0.0603136,-0.0822573,0
3.38734,-0.057603,-0.0792837,0
3.38742,-0.056088,-0.0779111,0
3.38751,-0.0569089,-0.0797833,0
3.3876,-0.0744517,-0.105347,0
3.38768,-0.0625198,-0.0892876,0
3.38777,-0.0706796,-0.101884,0
3.38786,-0.0600391,-0.0873574,0
3.38795,-0.0602201,-0.0884451,0
3.38803,-0.0514457,-0.0762715,0
3.38812,-0.0533347,-0.0798211,0
3.38821,-0.0485705,-0.073382,0
3.38829,-0.0515396,-0.0786109,0
3.38838,-0.755414,-1.16324,0
3.38847,-0.748168,-1.16316,0
3.38856,-0.74416,-1.1681,0
3.38864,-0.734254,-1.16372,0
3.38873,-0.734468,-1.17539,0
3.38882,-0.724597,-1.17094,0
3.38891,-0.710076,-1.15874,0
3.38899,-0.705013,-1.16183,0
3.38908,-0.706632,-1.17603,0
3.38917,-0.700983,-1.17825,0
3.38925,-0.696343,-1.18216,0
3.38934,-0.686644,-1.17741,0
3.38943,-0.681,-1.17953,0
3.38952,-0.679817,-1.18943,0
3.3896,-0.673143,-1.18978,0
3.38969,-0.670877,-1.19794,0
3.38978,-0.667098,-1.20348,0
3.38987,-0.670498,-1.22216,0
3.38995,-0.667545,-1.22947,0
3.39004,-0.666434,-1.24029,0
3.39013,-0.662894,-1.24672,0
3.39021,-0.663966,-1.26199,0
3.3903,-0.652913,-1.25423,0
3.39039,-0.63965,-1.24196,0
3.39048,-0.632863,-1.24206,0
3.39056,-0.633739,-1.25731,0
3.39065,-0.634493,-1.2726,0
3.39074,-0.632473,-1.28253,0
3.39083,-0.610651,-1.25202,0
3.39091,-0.600403,-1.24476,0
3.391,-0.594966,-1.24737,0
3.39109,-0.581413,-1.23277,0
3.39117,-0.573916,-1.23077,0
3.39126,-0.565609,-1.2269,0
3.39135,-0.563153,-1.23573,0
3.39144,-0.568435,-1.26188,0
3.39152,-0.561297,-1.26069,0
3.39161,-0.55579,-1.26313,0
3.3917,-0.545887,-1.25546,0
3.39179,-0.54751,-1.27436,0
3.39187,-0.548977,-1.29331,0
3.39196,-0.55029,-1.31229,0
3.39205,-0.567902,-1.37104,0
3.39213,-0.581604,-1.42163,0
3.39222,-0.581015,-1.43806,0
3.39231,-0.577329,-1.44709,0
3.3924,-0.574307,-1.45796,0
3.39248,-0.571927,-1.47071,0
3.39257,-0.575539,-1.49933,0
3.39266,-0.579266,-1.52895,0
3.39275,-0.579593,-1.55019,0
3.39283,-0.5749,-1.55834,0
3.39292,-0.571174,-1.56929,0
3.39301,-0.56601,-1.57647,0
3.39309,-0.571144,-1.61286,0
3.39318,-0.636633,-1.82304,0
3.39327,-0.646904,-1.87875,0
3.39336,-0.645772,-1.90238,0
3.39344,-0.660311,-1.97346,0
3.39353,-0.652633,-1.97917,0
3.39362,-0.649554,-1.99912,0
3.39371,-0.653629,-2.04194,0
3.39379,-0.648923,-2.05812,0
3.39388,-0.651502,-2.09818,0
3.39397,-0.64848,-2.12108,0
3.39405,-0.636914,-2.11623,0
3.39414,-0.62881,-2.12283,0
3.39423,-0.625978,-2.14763,0
3.39432,-0.619908,-2.16188,0
3.3944,-0.623499,-2.21076,0
3.39449,-0.617588,-2.22695,0
3.39458,-0.618912,-2.27014,0
3.39467,-0.627377,-2.3414,0
3.39475,-0.643634,-2.44469,0
3.39484,-0.643977,-2.49008,0
3.39493,-0.64246,-2.52969,0
3.39501,-0.641577,-2.57322,0
3.3951,-0.640801,-2.61874,0
3.39519,-0.640107,-2.66624,0
3.39528,-0.636948,-2.70502,0
3.39536,-0.636162,-2.75552,0
3.39545,-0.632519,-2.79533,0
3.39554,-0.621831,-2.8049,0
3.39563,-0.611284,-2.8154,0
3.39571,-0.59733,-2.81022,0
3.3958,-0.582619,-2.80105,0
3.39589,-0.571389,-2.80846,0
3.39597,-0.557763,-2.80406,0
3.39606,-0.547049,-2.81433,0
3.39615,-0.533272,-2.80883,0
3.39624,-0.519554,-2.80326,0
3.39632,-0.507317,-2.8055,0
3.39641,-0.494724,-2.80572,0
3.3965,-0.483662,-2.81475,0
3.39659,-0.470056,-2.80894,0
3.39667,-0.458438,-2.81491,0
3.39676,-0.444274,-2.80503,0
3.39685,-0.43127,-2.802,0
3.39693,-0.417857,-2.79595,0
3.39702,-0.405797,-2.79873,0
3.39711,-0.394695,-2.8084,0
3.3972,-0.381493,-2.80316,0
3.39728,-0.36952,-2.80678,0
3.39737,-0.35626,-2.80043,0
3.39746,-0.344037,-2.80196,0
3.39755,-0.331808,-2.80343,0
3.39763,-0.319799,-2.80684,0
3.39772,-0.306351,-2.79727,0
3.39781,-0.294875,-2.80555,0
3.39789,-0.282731,-2.8078,0
3.39798,-0.269806,-2.80204,0
3.39807,-0.257303,-2.8002,0
3.39816,-0.246215,-2.81425,0
3.39824,-0.233933,-2.8153,0
3.39833,-0.220705,-2.80433,0
3.39842,-0.208764,-2.80925,0
3.39851,-0.196155,-2.80515,0
3.39859,-0.183914,-2.80598,0
3.39868,-0.171424,-2.80276,0
3.39877,-0.158626,-2.7935,0
3.39885,-0.146645,-2.79816,0
3.39894,-0.135154,-2.81376,0
3.39903,-0.122483,-2.80533,0
3.39912,-0.110202,-2.80484,0
3.3992,-0.0979978,-2.80629,0
3.39929,-0.0859659,-2.81369,0
3.39938,-0.0735834,-2.81004,0
3.39947,-0.0612344,-2.80633,0
3.39955,-0.0490238,-2.80857,0
3.39964,-0.0366771,-2.80176,0
3.39973,-0.0244431,-2.80089,0
3.39981,-0.012226,-2.80197,0
3.3999,-3.373e-08,-2.8,0
3.39999,0.0121998,-2.79597,0
3.40008,0.0244692,-2.80389,0
3.40016,0.0367948,-2.81076,0
3.40025,0.0488842,-2.80057,0
3.40034,0.0610598,-2.79833,0
3.40042,0.073374,-2.80204,0
3.40051,0.085294,-2.7917,0
3.4006,0.0972998,-2.7863,0
3.40069,0.110438,-2.81083,0
3.40077,0.122309,-2.80133,0
3.40086,0.134483,-2.79977,0
3.40095,0.146959,-2.80415,0
3.40104,0.15908,-2.80149,0
3.40112,0.171363,-2.80176,0
3.40121,0.183979,-2.80698,0
3.4013,0.195737,-2.79916,0
3.40138,0.208022,-2.79928,0
3.40147,0.220705,-2.80433,0
3.40156,0.23236,-2.79636,0
3.40165,0.244646,-2.79632,0
3.40173,0.25712,-2.79821,0
3.40182,0.269231,-2.79607,0
3.40191,0.281929,-2.79984,0
3.402,0.293411,-2.79162,0
3.40208,0.30548,-2.78932,0
3.40217,0.318667,-2.7969,0
3.40226,0.33169,-2.80244,0
3.40234,0.342697,-2.79104,0
3.40243,0.356133,-2.79944,0
3.40252,0.367823,-2.79389,0
3.40261,0.380819,-2.79821,0
3.40269,0.391633,-2.78661,0
3.40278,0.404936,-2.7928,0
3.40287,0.416083,-2.78408,0
3.40296,0.431118,-2.80102,0
3.40304,0.44224,-2.79219,0
3.40313,0.455223,-2.79517,0
3.40322,0.46725,-2.79217,0
3.4033,0.480783,-2.79799,0
3.40339,0.491945,-2.78996,0
3.40348,0.506605,-2.80156,0
3.40357,0.516273,-2.78556,0
3.40365,0.529169,-2.78721,0
3.40374,0.541516,-2.78586,0
3.40383,0.555812,-2.79426,0
3.40392,0.567401,-2.78887,0
3.404,0.580583,-2.79126,0
3.40409,0.592548,-2.78772,0
3.40418,0.60704,-2.79586,0
3.40426,0.616853,-2.78244,0
3.40435,0.634505,-2.80411,0
3.40444,0.644935,-2.79352,0
3.40453,0.657805,-2.7936,0
3.40461,0.669288,-2.78778,0
3.4047,0.682396,-2.78872,0
3.40479,0.694558,-2.78572,0
3.40488,0.707691,-2.78654,0
3.40496,0.721595,-2.7902,0
3.40505,0.732744,-2.78316,0
3.40514,0.747728,-2.79056,0
3.40522,0.758845,-2.78341,0
3.40531,0.772853,-2.78682,0
3.4054,0.78772,-2.79305,0
3.40549,0.802105,-2.79727,0
3.40557,0.812623,-2.78798,0
3.40566,0.825633,-2.78729,0
3.40575,0.84038,-2.79228,0
3.40584,0.851971,-2.78667,0
3.40592,0.867088,-2.79248,0
3.40601,0.879264,-2.78867,0
3.4061,0.892947,-2.78957,0
3.40618,0.902021,-2.77613,0
3.40627,0.920702,-2.79212,0
3.40636,0.932241,-2.78617,0
3.40645,0.945353,-2.78492,0
3.40653,0.958147,-2.78266,0
3.40662,0.974895,-2.79167,0
3.40671,0.982394,-2.77419,0
3.4068,1.00395,-2.79623,0
3.40688,1.01409,-2.78619,0
3.40697,1.02866,-2.7883,0
3.40706,1.04292,-2.78941,0
3.40714,1.05437,-2.78296,0
3.40723,1.0726,-2.79421,0
3.40732,1.08188,-2.78204,0
3.40741,1.09767,-2.7866,0
3.40749,1.11167,-2.78643,0
3.40758,1.12457,-2.78341,0
3.40767,1.14087,-2.78865,0
3.40776,1.15226,-2.7818,0
3.40784,1.1698,-2.78966,0
3.40793,1.18196,-2.78453,0
3.40802,1.19765,-2.78761,0
3.4081,1.20901,-2.78053,0
3.40819,1.22717,-2.78895,0
3.40828,1.23607,-2.77626,0
3.40837,1.25516,-2.78634,0
3.40845,1.26938,-2.78539,0
3.40854,1.28319,-2.78346,0
3.40863,1.29913,-2.78599,0
3.40872,1.31255,-2.78301,0
3.4088,1.32511,-2.77816,0
3.40889,1.34461,-2.78766,0
3.40898,1.35895,-2.78626,0
3.40906,1.36888,-2.77582,0
3.40915,1.38634,-2.78056,0
3.40924,1.39801,-2.77359,0
3.40933,1.41736,-2.78172,0
3.40941,1.42994,-2.7764,0
3.4095,1.45174,-2.78876,0
3.40959,1.46436,-2.78329,0
3.40968,1.48118,-2.7857,0
3.40976,1.49332,-2.77921,0
3.40985,1.50782,-2.77706,0
3.40994,1.52137,-2.77309,0
3.41002,1.54606,-2.78916,0
3.41011,1.55675,-2.77977,0
3.4102,1.57083,-2.77643,0
3.41029,1.58541,-2.7739,0
3.41037,1.607,-2.78341,0
3.41046,1.62215,-2.78155,0
3.41055,1.6363,-2.77789,0
3.41064,1.65608,-2.78362,0
3.41072,1.66615,-2.77294,0
3.41081,1.68601,-2.77846,0
3.4109,1.69917,-2.77279,0
3.41098,1.72072,-2.78065,0
3.41107,1.73496,-2.77651,0
3.41116,1.75186,-2.77652,0
3.41125,1.76395,-2.76885,0
3.41133,1.78089,-2.7687,0
3.41142,1.7984,-2.76929,0
3.41151,1.82362,-2.78149,0
3.4116,1.83464,-2.77184,0
3.41168,1.8556,-2.77711,0
3.41177,1.8705,-2.77313,0
3.41186,1.89328,-2.78065,0
3.41194,1.90482,-2.77154,0
3.41203,1.92089,-2.76895,0
3.41212,1.93754,-2.7671,0
3.41221,1.95479,-2.76596,0
3.41229,1.97904,-2.77451,0
3.41238,1.99171,-2.76666,0
3.41247,2.01669,-2.77574,0
3.41256,2.02169,-2.75723,0
3.41264,2.02835,-2.74115,0
3.41273,2.02353,-2.70984,0
3.41282,2.02992,-2.6938,0
3.4129,2.02652,-2.66501,0
3.41299,2.01926,-2.63155,0
3.41308,2.0197,-2.60848,0
3.41317,2.02799,-2.59571,0
3.41325,2.01887,-2.56092,0
3.41334,2.02006,-2.53956,0
3.41343,2.01798,-2.51435,0
3.41351,2.01949,-2.49386,0
3.4136,2.0196,-2.47186,0
3.41369,2.01064,-2.43911,0
3.41378,2.01359,-2.42108,0
3.41386,2.01321,-2.39925,0
3.41395,2.01397,-2.379,0
3.41404,2.01134,-2.35498,0
3.41413,2.01637,-2.34012,0
3.41421,2.01476,-2.31771,0
3.4143,2.01232,-2.29462,0
3.41439,2.01171,-2.27383,0
3.41447,2.01296,-2.25533,0
3.41456,2.00806,-2.23018,0
3.41465,2.00769,-2.21029,0
3.41474,2.00312,-2.18603,0
3.41482,2.00654,-2.17066,0
3.41491,2.00849,-2.15384,0
3.415,2.01375,-2.14068,0
3.41509,2.01206,-2.12027,0
3.41517,2.01507,-2.10497,0
3.41526,2.00687,-2.07817,0
3.41535,2.00545,-2.05865,0
3.41543,2.01021,-2.0456,0
3.41552,2.00574,-2.02332,0
3.41561,2.02162,-2.02162,0
3.4157,2.02048,-2.00292,0
3.41578,2.01351,-1.97867,0
3.41587,2.01424,-1.96219,0
3.41596,2.00696,-1.9381,0
3.41605,2.00962,-1.92379,0
3.41613,2.00856,-1.90605,0
3.41622,2.00083,-1.8822,0
3.41631,2.00683,-1.8714,0
3.41639,2.00617,-1.85448,0
3.41648,2.00539,-1.83761,0
3.41657,2.00969,-1.82548,0
3.41666,2.00872,-1.80866,0
3.41674,2.0054,-1.78989,0
3.41683,2.00121,-1.77052,0
3.41692,2.00065,-1.75452,0
3.41701,1.99847,-1.73724,0
3.41709,1.9977,-1.72133,0
3.41718,1.99531,-1.70415,0
3.41727,2.00349,-1.69608,0
3.41735,2.00321,-1.68089,0
3.41744,1.99284,-1.65743,0
3.41753,1.99619,-1.64553,0
3.41762,1.99174,-1.62732,0
3.4177,1.99649,-1.61672,0
3.41779,1.99182,-1.59861,0
3.41788,1.99487,-1.58679,0
3.41797,1.99078,-1.5694,0
3.41805,1.99052,-1.55516,0
3.41814,1.9957,-1.54524,0
3.41823,1.99052,-1.52738,0
3.41831,2.00274,-1.52292,0
3.4184,1.99339,-1.50213,0
3.41849,1.99192,-1.48743,0
3.41858,2,-1.47992,0
3.41866,1.99514,-1.4629,0
3.41875,1.99504,-1.44948,0
3.41884,1.99891,-1.43901,0
3.41893,1.99621,-1.42388,0
3.41901,1.99506,-1.40997,0
3.4191,1.99464,-1.39666,0
3.41919,1.9966,-1.38509,0
3.41927,1.98944,-1.3673,0
3.41936,1.99456,-1.35805,0
3.41945,1.99798,-1.34765,0
3.41954,1.99054,-1.33004,0
3.41962,1.99465,-1.32023,0
3.41971,2.00291,-1.31316,0
3.4198,1.99939,-1.29842,0
3.41989,1.99663,-1.28427,0
3.41997,2.00221,-1.27555,0
3.42006,1.9993,-1.26146,0
3.42015,1.99291,-1.24531,0
3.42023,1.99663,-1.23555,0
3.42032,1.99944,-1.22526,0
3.42041,1.99536,-1.21082,0
3.4205,1.9972,-1.20004,0
3.42058,1.99898,-1.18927,0
3.42067,2.00415,-1.18053,0
3.42076,2.00323,-1.16825,0
3.42085,2.00138,-1.1555,0
3.42093,1.99773,-1.14179,0
3.42102,1.99224,-1.12716,0
3.42111,2.00325,-1.12187,0
3.42119,2.00026,-1.10876,0
3.42128,1.9928,-1.09329,0
3.42137,2.00458,-1.0884,0
3.42146,1.99786,-1.07349,0
3.42154,1.99634,-1.06148,0
3.42163,2.00273,-1.05369,0
3.42172,2.00198,-1.04217,0
3.42181,1.99584,-1.02793,0
3.42189,1.98694,-1.0124,0
3.42198,1.98152,-0.998769,0
3.42207,1.98854,-0.991452,0
3.42215,1.99106,-0.981881,0
3.42224,1.98633,-0.9688,0
3.42233,1.98964,-0.95969,0
3.42242,1.9884,-0.948416,0
3.4225,1.99704,-0.941864,0
3.42259,1.98572,-0.925957,0
3.42268,1.97612,-0.911004,0
3.42277,1.991,-0.907349,0
3.42285,1.99038,-0.896599,0
3.42294,1.98879,-0.885466,0
3.42303,1.9908,-0.875974,0
3.42311,1.99185,-0.866083,0
3.4232,1.99561,-0.857384,0
3.42329,1.99197,-0.845542,0
3.42338,1.98458,-0.832202,0
3.42346,1.99188,-0.825065,0
3.42355,1.98991,-0.814095,0
3.42364,1.9851,-0.802033,0
3.42373,1.98672,-0.792622,0
3.42381,1.9883,-0.783213,0
3.4239,1.98424,-0.771631,0
3.42399,1.98853,-0.763324,0
3.42407,1.98342,-0.751451,0
3.42416,1.97919,-0.739988,0
3.42425,1.97771,-0.729615,0
3.42434,1.98369,-0.722005,0
3.42442,1.99341,-0.715708,0
3.42451,1.99086,-0.705,0
3.4246,1.99958,-0.698285,0
3.42469,1.99032,-0.685321,0
3.42477,1.98287,-0.673094,0
3.42486,1.982,-0.663167,0
3.42495,1.99152,-0.656704,0
3.42503,1.99246,-0.647391,0
3.42512,1.99336,-0.638081,0
3.42521,1.98373,-0.625468,0
3.4253,1.98262,-0.61562,0
3.42538,1.98338,-0.606379,0
3.42547,1.99654,-0.600889,0
3.42556,1.98476,-0.587912,0
3.42564,1.98634,-0.578966,0
3.42573,1.9802,-0.567813,0
3.42582,1.98747,-0.560525,0
3.42591,1.99182,-0.552382,0
3.42599,1.99325,-0.543423,0
3.42608,1.98594,-0.532132,0
3.42617,1.98631,-0.522952,0
3.42626,1.98567,-0.513529,0
3.42634,1.98886,-0.505107,0
3.42643,1.9862,-0.495214,0
3.42652,1.98834,-0.486543,0
3.4266,1.99141,-0.478096,0
3.42669,1.98861,-0.468256,0
3.42678,1.98966,-0.45935,0
3.42687,1.9936,-0.451106,0
3.42695,1.98969,-0.441104,0
3.42704,1.98867,-0.431782,0
3.42713,1.98857,-0.422685,0
3.42722,1.99236,-0.414411,0
3.4273,1.98337,-0.403521,0
3.42739,1.98609,-0.395058,0
3.42748,1.98485,-0.385816,0
3.42756,1.99143,-0.378084,0
3.42765,1.99306,-0.369391,0
3.42774,1.9917,-0.360158,0
3.42783,1.99128,-0.351117,0
3.42791,1.98787,-0.341578,0
3.428,1.99032,-0.333066,0
3.42809,1.99373,-0.3247,0
3.42818,2.00402,-0.317406,0
3.42826,1.99155,-0.306529,0
3.42835,1.99287,-0.297836,0
3.42844,1.98524,-0.287846,0
3.42852,1.98747,-0.27932,0
3.42861,1.99164,-0.27105,0
3.4287,2.00272,-0.263663,0
3.42879,1.99393,-0.25366,0
3.42887,1.99303,-0.244714,0
3.42896,1.97919,-0.234252,0
3.42905,1.98714,-0.226406,0
3.42914,1.98911,-0.217843,0
3.42922,1.99103,-0.209266,0
3.42931,1.99193,-0.200577,0
3.4294,1.99079,-0.191692,0
3.42948,1.98763,-0.182637,0
3.42957,1.9894,-0.17405,0
3.42966,1.98914,-0.165285,0
3.42975,1.98885,-0.156526,0
3.42983,1.98553,-0.14755,0
3.42992,1.97617,-0.138188,0
3.43001,1.94882,-0.127732,0
3.4301,1.78966,-0.10946,0
3.43018,1.70825,-0.0970014,0
3.43027,1.70067,-0.0891282,0
3.43036,1.68805,-0.0810831,0
3.43044,1.68739,-0.0736732,0
3.43053,1.69369,-0.0665454,0
3.43062,1.69197,-0.0590849,0
3.43071,1.68821,-0.0515796,0
3.43079,1.69442,-0.04437,0
3.43088,1.6866,-0.0368018,0
3.43097,1.69474,-0.0295819,0
3.43106,1.68586,-0.0220691,0
3.43114,1.68794,-0.0147304,0
3.43123,1.68298,-0.00734349,0
3.43132,1.683,-4.07528e-08,0
3.4314,1.68898,0.00736959,0
3.43149,1.68394,0.0146954,0
3.43158,1.68086,0.0220036,0
3.43167,1.68174,0.0293549,0
3.43175,1.73659,0.0378924,0
3.43184,1.92934,0.0505215,0
3.43193,1.97608,0.0603746,0
3.43202,1.9688,0.068752,0
3.4321,1.97448,0.0775773,0
3.43219,1.98011,0.0864536,0
3.43228,1.98671,0.0954284,0
3.43236,1.97829,0.103677,0
3.43245,1.97682,0.112252,0
3.43254,1.98828,0.121609,0
3.43263,1.97875,0.129694,0
3.43271,1.98116,0.138536,0
3.4328,1.98054,0.147179,0
3.43289,1.98686,0.156369,0
3.43298,1.9742,0.164043,0
3.43306,1.98641,0.173789,0
3.43315,1.97866,0.181814,0
3.43324,1.98382,0.191021,0
3.43332,1.98098,0.199474,0
3.43341,1.98308,0.20843,0
3.4335,1.98215,0.21708,0
3.43359,1.97125,0.224595,0
3.43367,1.97819,0.234134,0
3.43376,1.98211,0.243373,0
3.43385,1.98302,0.252272,0
3.43394,1.97496,0.260008,0
3.43402,1.97678,0.269028,0
3.43411,1.97955,0.278207,0
3.4342,1.97831,0.286842,0
3.43428,1.9721,0.294732,0
3.43437,1.97376,0.30379,0
3.43446,1.98427,0.314277,0
3.43455,1.98189,0.322771,0
3.43463,1.98243,0.331746,0
3.43472,1.97505,0.339376,0
3.43481,1.98636,0.350248,0
3.4349,1.98579,0.35909,0
3.43498,1.97929,0.36684,0
3.43507,1.97866,0.375659,0
3.43516,1.97307,0.383526,0
3.43524,1.98805,0.395448,0
3.43533,1.98827,0.404518,0
3.43542,1.98355,0.412578,0
3.43551,1.98662,0.422269,0
3.43559,1.98867,0.431782,0
3.43568,1.98383,0.439805,0
3.43577,1.98287,0.448678,0
3.43586,1.977,0.456426,0
3.43594,1.97791,0.465735,0
3.43603,1.97683,0.474594,0
3.43612,1.98445,0.485592,0
3.4362,1.98814,0.495698,0
3.43629,1.97917,0.502645,0
3.43638,1.98277,0.512778,0
3.43647,1.97954,0.52117,0
3.43655,1.98981,0.533167,0
3.43664,1.98071,0.540003,0
3.43673,1.97448,0.547571,0
3.43682,1.98362,0.559439,0
3.4369,1.97635,0.56671,0
3.43699,1.98922,0.579806,0
3.43708,1.98092,0.586776,0
3.43716,1.98983,0.598872,0
3.43725,1.97859,0.604917,0
3.43734,1.98358,0.615917,0
3.43743,1.97992,0.624265,0
3.43751,1.98479,0.635337,0
3.4376,1.9839,0.644609,0
3.43769,1.98962,0.656078,0
3.43778,1.97536,0.660946,0
3.43786,1.97624,0.670844,0
3.43795,1.97424,0.679786,0
3.43804,1.97787,0.690702,0
3.43812,1.98332,0.70233,0
3.43821,1.97176,0.707935,0
3.4383,1.97523,0.718926,0
3.43839,1.97302,0.727884,0
3.43847,1.97544,0.738587,0
3.43856,1.9722,0.7472,0
3.43865,1.97826,0.759382,0
3.43873,1.98145,0.770543,0
3.43882,1.98458,0.781747,0
3.43891,1.98394,0.791511,0
3.439,1.98417,0.801658,0
3.43908,1.97695,0.808793,0
3.43917,1.98449,0.822004,0
3.43926,1.97812,0.829495,0
3.43935,1.98277,0.841635,0
3.43943,1.9754,0.848699,0
3.43952,1.97902,0.8605,0
3.43961,1.97067,0.867114,0
3.43969,1.97965,0.881398,0
3.43978,1.97761,0.890849,0
3.43987,1.97826,0.901543,0
3.43996,1.97794,0.911841,0
3.44004,1.97303,0.92004,0
3.44013,1.98709,0.937171,0
3.44022,1.97937,0.944111,0
3.44031,1.98244,0.956214,0
3.44039,1.97285,0.962225,0
3.44048,1.96684,0.969939,0
3.44057,1.98049,0.987436,0
3.44065,1.97616,0.996068,0
3.44074,1.97714,1.0074,0
3.44083,1.97184,1.01556,0
3.44092,1.97449,1.02785,0
3.441,1.98149,1.04251,0
3.44109,1.97604,1.05068,0
3.44118,1.982,1.06497,0
3.44127,1.97207,1.07074,0
3.44135,1.97264,1.08222,0
3.44144,1.98014,1.09761,0
3.44153,1.96922,1.10282,0
3.44161,1.97049,1.11485,0
3.4417,1.96907,1.12542,0
3.44179,1.97973,1.143,0
3.44188,1.97732,1.15314,0
3.44196,1.98261,1.16785,0
3.44205,1.98007,1.17802,0
3.44214,1.98006,1.18974,0
3.44223,1.97827,1.20044,0
3.44231,1.97471,1.21011,0
3.4424,1.97877,1.2245,0
3.44249,1.9785,1.2363,0
3.44257,1.98831,1.25453,0
3.44266,1.97775,1.25997,0
3.44275,1.97644,1.27129,0
3.44284,1.97507,1.28262,0
3.44292,1.97865,1.29726,0
3.44301,1.97464,1.30699,0
3.4431,1.97557,1.32003,0
3.44319,1.97725,1.33368,0
3.44327,1.9739,1.34398,0
3.44336,1.98614,1.36504,0
3.44345,1.99085,1.3811,0
3.44353,2.0061,1.40469,0
3.44362,2.00159,1.41458,0
3.44371,1.99377,1.42214,0
3.4438,1.9843,1.42849,0
3.44388,1.9829,1.44066,0
3.44397,1.9766,1.4493,0
3.44406,1.9791,1.46445,0
3.44415,1.97028,1.47128,0
3.44423,1.97503,1.48829,0
3.44432,1.97568,1.50234,0
3.44441,1.981,1.52008,0
3.44449,1.97751,1.53116,0
3.44458,1.97397,1.54223,0
3.44467,1.97507,1.55702,0
3.44476,1.97452,1.5706,0
3.44484,1.98091,1.58985,0
3.44493,1.9724,1.59722,0
3.44502,1.97548,1.61403,0
3.44511,1.97999,1.63218,0
3.44519,1.97362,1.64144,0
3.44528,1.96873,1.65196,0
3.44537,1.97219,1.66958,0
3.44545,1.97401,1.68597,0
3.44554,1.96588,1.69391,0
3.44563,1.97432,1.71625,0
3.44572,1.96531,1.72353,0
3.4458,1.98174,1.75329,0
3.44589,1.96735,1.75593,0
3.44598,1.97751,1.78056,0
3.44607,1.9749,1.79387,0
3.44615,1.96853,1.80383,0
3.44624,1.97312,1.82394,0
3.44633,1.96807,1.83526,0
3.44641,1.96806,1.85136,0
3.4465,1.97592,1.87508,0
3.44659,1.97711,1.89267,0
3.44668,1.97603,1.90823,0
3.44676,1.97986,1.92869,0
3.44685,1.97428,1.94012,0
3.44694,1.9729,1.95575,0
3.44703,1.97495,1.97495,0
3.44711,1.98039,1.99775,0
3.4472,1.97446,2.00923,0
3.44729,1.98172,2.0343,0
3.44737,1.977,2.04724,0
3.44746,1.98118,2.06957,0
3.44755,1.98177,2.08835,0
3.44764,1.97401,2.09844,0
3.44772,1.98393,2.12751,0
3.44781,1.97667,2.13835,0
3.4479,1.97948,2.16022,0
3.44799,1.97003,2.16884,0
3.44807,1.98933,2.20937,0
3.44816,1.983,2.22176,0
3.44825,1.98322,2.24162,0
3.44833,1.98463,2.26304,0
3.44842,1.98392,2.28224,0
3.44851,1.97851,2.29618,0
3.4486,1.97692,2.31468,0
3.44868,1.98102,2.34007,0
3.44877,1.983,2.36325,0
3.44886,1.97842,2.3788,0
3.44895,1.98774,2.41133,0
3.44903,1.98353,2.42772,0
3.44912,1.97858,2.44335,0
3.44921,1.98355,2.47145,0
3.44929,1.98209,2.49182,0
3.44938,1.98048,2.51223,0
3.44947,1.96889,2.52006,0
3.44956,1.96583,2.5389,0
3.44964,1.95047,2.5419,0
3.44973,1.93089,2.53925,0
3.44982,1.91558,2.54206,0
3.44991,1.8937,2.53597,0
3.44999,1.87607,2.53536,0
3.45008,1.86203,2.53949,0
3.45017,1.84623,2.54112,0
3.45025,1.83279,2.54591,0
3.45034,1.8147,2.54411,0
3.45043,1.79665,2.54221,0
3.45052,1.77981,2.54183,0
3.4506,1.76129,2.53889,0
3.45069,1.74057,2.53254,0
3.45078,1.73063,2.54176,0
3.45086,1.71001,2.5352,0
3.45095,1.69838,2.5418,0
3.45104,1.67678,2.53335,0
3.45113,1.66133,2.53395,0
3.45121,1.6459,2.53446,0
3.4513,1.63158,2.53657,0
3.45139,1.61297,2.53186,0
3.45148,1.60298,2.54057,0
3.45156,1.57969,2.52803,0
3.45165,1.57075,2.5383,0
3.45174,1.55025,2.52978,0
3.45182,1.53713,2.5331,0
3.45191,1.52142,2.53207,0
3.452,1.50422,2.52837,0
3.45209,1.49369,2.53577,0
3.45217,1.47958,2.53708,0
3.45226,1.4655,2.53832,0
3.45235,1.44597,2.52993,0
3.45244,1.43246,2.53186,0
3.45252,1.417,2.53024,0
3.45261,1.40158,2.52853,0
3.4527,1.38429,2.52322,0
3.45278,1.37613,2.53451,0
3.45287,1.35985,2.5308,0
3.45296,1.34738,2.53406,0
3.45305,1.33073,2.52929,0
3.45313,1.32014,2.53596,0
3.45322,1.29853,2.52125,0
3.45331,1.29024,2.53224,0
3.4534,1.27378,2.52713,0
3.45348,1.26229,2.53177,0
3.45357,1.24504,2.5247,0
3.45366,1.2327,2.52741,0
3.45374,1.21992,2.52916,0
3.45383,1.20242,2.52092,0
3.45392,1.19269,2.52886,0
3.45401,1.17615,2.52225,0
3.45409,1.16471,2.52645,0
3.45418,1.15326,2.5306,0
3.45427,1.1418,2.5347,0
3.45436,1.12707,2.53143,0
3.45444,1.11198,2.52717,0
3.45453,1.09417,2.51641,0
3.45462,1.08712,2.53035,0
3.4547,1.06904,2.5185,0
3.45479,1.06268,2.53421,0
3.45488,1.0432,2.5185,0
3.45497,1.0322,2.52302,0
3.45505,1.01968,2.52379,0
3.45514,1.00569,2.52079,0
3.45523,0.994684,2.52515,0
3.45532,0.981482,2.52388,0
3.4554,0.967235,2.51973,0
3.45549,0.956586,2.52487,0
3.45558,0.94591,2.52995,0
3.45566,0.931055,2.52373,0
3.45575,0.921402,2.53153,0
3.45584,0.905617,2.52235,0
3.45593,0.893935,2.52439,0
3.45601,0.880274,2.52072,0
3.4561,0.867314,2.51886,0
3.45619,0.852136,2.51031,0
3.45628,0.845617,2.52728,0
3.45636,0.830197,2.51765,0
3.45645,0.822294,2.53076,0
3.45654,0.807281,2.52194,0
3.45662,0.794164,2.51877,0
3.45671,0.784056,2.52507,0
3.4568,0.771861,2.52464,0
3.45689,0.759974,2.52512,0
3.45697,0.74696,2.5217,0
3.45706,0.735671,2.52397,0
3.45715,0.723548,2.52331,0
3.45724,0.713346,2.52933,0
3.45732,0.702035,2.53146,0
3.45741,0.686249,2.51713,0
3.4575,0.675518,2.52107,0
3.45758,0.663238,2.51915,0
3.45767,0.650237,2.51428,0
3.45776,0.639014,2.51612,0
3.45785,0.629965,2.52665,0
3.45793,0.615844,2.51675,0
3.45802,0.604857,2.51941,0
3.45811,0.592483,2.51619,0
3.4582,0.581049,2.5168,0
3.45828,0.568517,2.51248,0
3.45837,0.557549,2.51494,0
3.45846,0.547418,2.52126,0
3.45854,0.535165,2.51775,0
3.45863,0.523563,2.51713,0
3.45872,0.513173,2.52233,0
3.45881,0.500992,2.51866,0
3.45889,0.489044,2.51591,0
3.45898,0.476942,2.51213,0
3.45907,0.467799,2.52402,0
3.45916,0.454646,2.51422,0
3.45924,0.44315,2.51323,0
3.45933,0.432857,2.51908,0
3.45942,0.421037,2.51601,0
3.4595,0.410537,2.52079,0
3.45959,0.397187,2.50774,0
3.45968,0.388371,2.52329,0
3.45977,0.375732,2.51408,0
3.45985,0.366193,2.52559,0
3.45994,0.353917,2.51825,0
3.46003,0.342926,2.51977,0
3.46012,0.331015,2.5143,0
3.4602,0.320167,2.51672,0
3.46029,0.309305,2.51908,0
3.46038,0.296782,2.5075,0
3.46046,0.286517,2.51473,0
3.46055,0.274562,2.50701,0
3.46064,0.263934,2.51117,0
3.46073,0.253576,2.51827,0
3.46081,0.241627,2.50939,0
3.4609,0.230493,2.50843,0
3.46099,0.218935,2.50244,0
3.46108,0.199485,2.40073,0
3.46116,0.185242,2.35372,0
3.46125,0.17334,2.33257,0
3.46134,0.164346,2.35026,0
3.46142,0.152716,2.33,0
3.46151,0.142243,2.32565,0
3.4616,0.132038,2.32525,0
3.46169,0.122623,2.33979,0
3.46177,0.112173,2.33531,0
3.46186,0.101939,2.33478,0
3.46195,0.0919466,2.34019,0
3.46204,0.0815951,2.33658,0
3.46212,0.0713686,2.33591,0
3.46221,0.0608877,2.3252,0
3.4623,0.050807,2.32845,0
3.46238,0.0404373,2.31665,0
3.46247,0.0301847,2.3058,0
3.46256,0.0202718,2.32291,0
3.46265,0.0101404,2.32398,0
3.46273,8.47709e-08,2.33,0
3.46282,-0.0101577,2.32798,0
3.46291,-0.0203677,2.33391,0
3.463,-0.0304332,2.3248,0
3.46308,-0.0404546,2.31765,0
3.46317,-0.0505886,2.31845,0
3.46326,-0.0607043,2.31821,0
3.46334,-0.0707882,2.31692,0
3.46343,-0.081211,2.32558,0
3.46352,-0.0915146,2.3292,0
3.46361,-0.101066,2.31479,0
3.46369,-0.109822,2.28636,0
3.46378,-0.119745,2.28486,0
3.46387,-0.13028,2.2943,0
3.46395,-0.138519,2.26477,0
3.46404,-0.146961,2.24219,0
3.46413,-0.15172,2.1697,0
3.46422,-0.156739,2.10918,0
3.4643,-0.166804,2.11945,0
3.46439,-0.174642,2.10176,0
3.46448,-0.183724,2.09998,0
3.46457,-0.192702,2.09717,0
3.46465,-0.202905,2.10725,0
3.46474,-0.211196,2.09739,0
3.46483,-0.220869,2.10142,0
3.46491,-0.230145,2.10144,0
3.465,-0.240104,2.10737,0
3.46509,-0.248827,2.10233,0
3.46518,-0.257875,2.10023,0
3.46526,-0.266027,2.09115,0
3.46535,-0.276454,2.09988,0
3.46544,-0.285075,2.09469,0
3.46553,-0.293238,2.08649,0
3.46561,-0.302913,2.08915,0
3.4657,-0.312321,2.08979,0
3.46579,-0.321741,2.09038,0
3.46587,-0.332267,2.09785,0
3.46596,-0.341417,2.09638,0
3.46605,-0.351221,2.09882,0
3.46614,-0.35936,2.09135,0
3.46622,-0.36935,2.09469,0
3.46631,-0.376884,2.0842,0
3.4664,-0.387979,2.09335,0
3.46649,-0.39711,2.09164,0
3.46657,-0.404515,2.08105,0
3.46666,-0.401886,2.02042,0
3.46675,-0.407707,2.00395,0
3.46683,-0.423778,2.03739,0
3.46692,-0.445555,2.09617,0
3.46701,-0.455333,2.09714,0
3.4671,-0.464479,2.09513,0
3.46718,-0.457064,2.01993,0
3.46727,-0.308858,1.33781,0
3.46736,-0.315609,1.34034,0
3.46745,-0.316318,1.31756,0
3.46753,-0.314458,1.28509,0
3.46762,-0.310628,1.24586,0
3.46771,-0.304984,1.20088,0
3.46779,-0.308218,1.19179,0
3.46788,-0.310869,1.18076,0
3.46797,-0.310842,1.16008,0
3.46806,-0.314322,1.15292,0
3.46814,-0.298505,1.07638,0
3.46823,-0.310256,1.10009,0
3.46832,-0.306509,1.06892,0
3.46841,-0.308092,1.05701,0
3.46849,-0.306737,1.03553,0
3.46858,-0.301741,1.00258,0
3.46867,-0.30202,0.987863,0
3.46875,-0.30099,0.969345,0
3.46884,-0.307622,0.975652,0
3.46893,-0.316144,0.987634,0
3.46902,-0.31736,0.976735,0
3.4691,-0.327882,0.994335,0
3.46919,-0.329362,0.98436,0
3.46928,-0.326582,0.962081,0
3.46937,-0.326545,0.948355,0
3.46945,-0.328702,0.941257,0
3.46954,-0.327131,0.923789,0
3.46963,-0.327441,0.912,0
3.46971,-0.317053,0.871095,0
3.4698,-0.306314,0.830299,0
3.46989,-0.305381,0.816778,0
3.46998,-0.305045,0.805151,0
3.47006,-0.304971,0.794477,0
3.47015,-0.301911,0.776363,0
3.47024,-0.293201,0.744334,0
3.47033,-0.282365,0.707753,0
3.47041,-0.288822,0.714859,0
3.4705,-0.287016,0.70156,0
3.47059,-0.288926,0.697529,0
3.47067,-0.29274,0.698106,0
3.47076,-0.291876,0.687617,0
3.47085,-0.294479,0.685418,0
3.47094,-0.296271,0.681376,0
3.47102,-0.292797,0.665431,0
3.47111,-0.291223,0.654099,0
3.4712,-0.297771,0.661027,0
3.47129,-0.296506,0.650622,0
3.47137,-0.292643,0.634792,0
3.47146,-0.289071,0.619915,0
3.47155,-0.270871,0.574329,0
3.47163,-0.268208,0.562311,0
3.47172,-0.262405,0.544022,0
3.47181,-0.267406,0.548264,0
3.4719,-0.262277,0.531846,0
3.47198,-0.261026,0.523537,0
3.47207,-0.266458,0.528644,0
3.47216,-0.266946,0.523912,0
3.47225,-0.272893,0.529854,0
3.47233,-0.276126,0.530432,0
3.47242,-0.273316,0.519488,0
3.47251,-0.27511,0.517407,0
3.47259,-0.278312,0.517964,0
3.47268,-0.280092,0.515866,0
3.47277,-0.280897,0.512008,0
3.47286,-0.28119,0.507279,0
3.47294,-0.289752,0.51739,0
3.47303,-0.305795,0.540491,0
3.47312,-0.310632,0.543492,0
3.47321,-0.3125,0.541266,0
3.47329,-0.310829,0.532987,0
3.47338,-0.310106,0.526455,0
3.47347,-0.311377,0.523379,0
3.47355,-0.317778,0.528872,0
3.47364,-0.315933,0.520641,0
3.47373,-0.318724,0.520111,0
3.47382,-0.317307,0.512762,0
3.4739,-0.313712,0.502044,0
3.47399,-0.313232,0.496442,0
3.47408,-0.317007,0.497601,0
3.47417,-0.311601,0.484438,0
3.47425,-0.3099,0.477204,0
3.47434,-0.309786,0.472502,0
3.47443,-0.306877,0.463641,0
3.47451,-0.305008,0.456477,0
3.4746,-0.309793,0.459287,0
3.47469,-0.309543,0.454624,0
3.47478,-0.367031,0.534034,0
3.47486,-0.293548,0.423148,0
3.47495,-0.355044,0.507055,0
3.47504,-0.290881,0.411587,0
3.47513,-0.343776,0.481956,0
3.47521,-0.340033,0.472336,0
3.4753,-0.250984,0.34545,0
3.47539,-0.318125,0.433867,0
3.47547,-0.236739,0.319935,0
3.47556,-0.21061,0.282041,0
3.47565,-0.187766,0.249174,0
3.47574,-0.147692,0.194224,0
3.47582,-0.110186,0.143597,0
3.47591,-0.0673439,0.0869759,0
3.476,-0.0658758,0.0843172,0
3.47608,-0.0612903,0.0777464,0
3.47617,-0.0622515,0.0782608,0
3.47626,-0.0550813,0.0686298,0
3.47635,-0.0578975,0.0714974,0
3.47643,-0.0632705,0.0774393,0
3.47652,-0.0623357,0.0756192,0
3.47661,-0.0562706,0.0676581,0
3.4767,-0.0539942,0.0643477,0
3.47678,-0.0594434,0.0702174,0
3.47687,-0.062347,0.072999,0
3.47696,-0.065276,0.0757565,0
3.47704,-0.0603574,0.0694333,0
3.47713,-0.0639565,0.0729285,0
3.47722,-0.066262,0.0748956,0
3.47731,-0.0492752,0.0552082,0
3.47739,-0.0669131,0.0743145,0
3.47748,-0.0753051,0.0829044,0
3.47757,-0.056074,0.061194,0
3.47766,-0.0651649,0.070495,0
3.47774,-0.0538779,0.0577769,0
3.47783,-0.0424813,0.045159,0
3.47792,-0.0653937,0.0689106,0
3.478,-0.055321,0.0577891,0
3.47809,-0.054878,0.0568279,0
3.47818,-0.0362851,0.0372477,0
3.47827,-0.0273355,0.0278168,0
3.47835,-0.0366088,0.0369296,0
3.47844,-0.0403051,0.0403051,0
