7200
4895
4.2586
4.27431,-0.0205061,-0.0205061,0
4.2744,-0.0330887,-0.0333787,0
4.27449,-0.0413536,-0.0420818,0
4.27457,-0.0634989,-0.0651835,0
4.27466,-1.07255,-1.11066,0
4.27475,-0.0366502,-0.0382853,0
4.27483,-0.030976,-0.0326418,0
4.27492,-0.0198703,-0.0211228,0
4.27501,-0.0354639,-0.0380304,0
4.2751,-0.0454797,-0.0491996,0
4.27518,-0.0358063,-0.0390757,0
4.27527,-1.08587,-1.19545,0
4.27536,-1.08332,-1.20315,0
4.27545,-1.0774,-1.20712,0
4.27553,-1.0814,-1.2223,0
4.27562,-1.08265,-1.23452,0
4.27571,-1.07528,-1.23697,0
4.27579,-1.07836,-1.2515,0
4.27588,-1.07354,-1.25695,0
4.27597,-1.07838,-1.27384,0
4.27606,-1.07603,-1.28236,0
4.27614,-1.06978,-1.28627,0
4.27623,-1.07179,-1.30019,0
4.27632,-1.07307,-1.31337,0
4.27641,-1.07614,-1.32892,0
4.27649,-1.07283,-1.33672,0
4.27658,-1.0701,-1.3453,0
4.27667,-1.07537,-1.3641,0
4.27675,-1.07248,-1.37271,0
4.27684,-1.07077,-1.38292,0
4.27693,-1.07203,-1.3971,0
4.27702,-1.07682,-1.41609,0
4.2771,-1.06702,-1.41598,0
4.27719,-1.0728,-1.43665,0
4.27728,-1.0689,-1.44453,0
4.27737,-1.08091,-1.47418,0
4.27745,-1.07388,-1.47807,0
4.27754,-1.06918,-1.48518,0
4.27763,-1.06907,-1.49879,0
4.27771,-1.0706,-1.51487,0
4.2778,-1.06628,-1.5228,0
4.27789,-1.06874,-1.54059,0
4.27798,-1.07787,-1.56831,0
4.27806,-1.07327,-1.57631,0
4.27815,-1.07141,-1.58844,0
4.27824,-1.06503,-1.59393,0
4.27833,-1.07352,-1.62191,0
4.27841,-1.07136,-1.6341,0
4.2785,-1.07566,-1.65637,0
4.27859,-1.06842,-1.66105,0
4.27867,-1.07621,-1.68931,0
4.27876,-1.0747,-1.7033,0
4.27885,-1.0768,-1.72323,0
4.27894,-1.06558,-1.72196,0
4.27902,-1.07112,-1.74791,0
4.27911,-1.06504,-1.75513,0
4.2792,-1.07025,-1.78119,0
4.27929,-1.07525,-1.80733,0
4.27937,-1.07903,-1.83182,0
4.27946,-1.07505,-1.84343,0
4.27955,-1.0745,-1.86109,0
4.27963,-1.06885,-1.8701,0
4.27972,-1.06905,-1.88954,0
4.27981,-1.05884,-1.8907,0
4.2799,-1.05349,-1.90055,0
4.27998,-1.03653,-1.88935,0
4.28007,-1.02589,-1.88946,0
4.28016,-1.01527,-1.88951,0
4.28025,-1.00561,-1.89127,0
4.28033,-0.998743,-1.8983,0
4.28042,-0.992298,-1.90619,0
4.28051,-0.993586,-1.92917,0
4.28059,-0.975626,-1.91477,0
4.28068,-0.956009,-1.89669,0
4.28077,-0.943262,-1.89189,0
4.28086,-0.938537,-1.90316,0
4.28094,-0.921018,-1.88837,0
4.28103,-0.911032,-1.88876,0
4.28112,-0.902351,-1.89182,0
4.28121,-0.891529,-1.89031,0
4.28129,-0.878623,-1.88421,0
4.28138,-0.869556,-1.88621,0
4.28147,-0.858415,-1.88362,0
4.28155,-0.857581,-1.90376,0
4.28164,-0.843165,-1.89378,0
4.28173,-0.831269,-1.8892,0
4.28182,-0.823816,-1.89465,0
4.2819,-0.810804,-1.8872,0
4.28199,-0.799045,-1.88243,0
4.28208,-0.792757,-1.89051,0
4.28217,-0.78144,-1.88656,0
4.28225,-0.77623,-1.89736,0
4.28234,-0.764572,-1.89238,0
4.28243,-0.750379,-1.88084,0
4.28251,-0.743998,-1.88875,0
4.2826,-0.732487,-1.88359,0
4.28269,-0.727487,-1.89517,0
4.28278,-0.720274,-1.90113,0
4.28286,-0.706018,-1.88833,0
4.28295,-0.692234,-1.87638,0
4.28304,-0.686434,-1.88596,0
4.28312,-0.680226,-1.89459,0
4.28321,-0.673288,-1.90131,0
4.2833,-0.659381,-1.88818,0
4.28339,-0.651462,-1.89198,0
4.28347,-0.6432,-1.89481,0
4.28356,-0.634927,-1.8976,0
4.28365,-0.623822,-1.8918,0
4.28374,-0.613399,-1.88785,0
4.28382,-0.603936,-1.8867,0
4.28391,-0.597803,-1.89599,0
4.284,-0.586263,-1.88807,0
4.28408,-0.578896,-1.89348,0
4.28417,-0.569476,-1.89216,0
4.28426,-0.570303,-1.92531,0
4.28435,-0.575608,-1.97482,0
4.28443,-0.570018,-1.98789,0
4.28452,-0.564596,-2.00191,0
4.28461,-0.573226,-2.06699,0
4.2847,-0.575512,-2.11095,0
4.28478,-0.573543,-2.14049,0
4.28487,-0.563434,-2.14007,0
4.28496,-0.565608,-2.18705,0
4.28504,-0.564183,-2.22148,0
4.28513,-0.554727,-2.22489,0
4.28522,-0.575438,-2.35162,0
4.28531,-0.704772,-2.93558,0
4.28539,-0.691498,-2.93669,0
4.28548,-0.678452,-2.9387,0
4.28557,-0.665182,-2.93968,0
4.28566,-0.65105,-2.9367,0
4.28574,-0.63717,-2.93462,0
4.28583,-0.624359,-2.93738,0
4.28592,-0.612554,-2.94497,0
4.286,-0.596309,-2.93095,0
4.28609,-0.584491,-2.93843,0
4.28618,-0.567275,-2.91838,0
4.28627,-0.558266,-2.94047,0
4.28635,-0.545431,-2.94288,0
4.28644,-0.527247,-2.91571,0
4.28653,-0.377685,-2.14196,0
4.28662,-0.49975,-2.90838,0
4.2867,-0.491677,-2.93814,0
4.28679,-0.478209,-2.93631,0
4.28688,-0.464298,-2.93146,0
4.28696,-0.452415,-2.93939,0
4.28705,-0.440176,-2.94529,0
4.28714,-0.427034,-2.9452,0
4.28723,-0.413622,-2.94308,0
4.28731,-0.399294,-2.93395,0
4.2874,-0.387141,-2.94063,0
4.28749,-0.373297,-2.93435,0
4.28758,-0.360611,-2.93694,0
4.28766,-0.347911,-2.93948,0
4.28775,-0.334855,-2.93899,0
4.28784,-0.321919,-2.93942,0
4.28792,-0.309509,-2.94478,0
4.28801,-0.295054,-2.93018,0
4.2881,-0.283128,-2.9404,0
4.28819,-0.269747,-2.93563,0
4.28827,-0.257632,-2.94475,0
4.28836,-0.244533,-2.94286,0
4.28845,-0.23169,-2.9439,0
4.28854,-0.218324,-2.9379,0
4.28862,-0.205712,-2.94182,0
4.28871,-0.192678,-2.93969,0
4.2888,-0.179483,-2.93452,0
4.28888,-0.16696,-2.94026,0
4.28897,-0.154129,-2.94096,0
4.28906,-0.141008,-2.93562,0
4.28915,-0.128241,-2.9372,0
4.28923,-0.115188,-2.93174,0
4.28932,-0.10243,-2.93321,0
4.28941,-0.0897527,-2.93763,0
4.2895,-0.0770126,-2.94099,0
4.28958,-0.0640922,-2.9373,0
4.28967,-0.0513974,-2.94455,0
4.28976,-0.0384704,-2.93875,0
4.28984,-0.0256386,-2.93789,0
4.28993,-0.0128282,-2.93997,0
4.29002,-3.54647e-08,-2.944,0
4.29011,0.0128106,-2.93597,0
4.29019,0.0256734,-2.94189,0
4.29028,0.0384703,-2.93875,0
4.29037,0.0513973,-2.94455,0
4.29046,0.0642012,-2.9423,0
4.29054,0.0768817,-2.93599,0
4.29063,0.0897832,-2.93863,0
4.29072,0.102535,-2.93621,0
4.2908,0.115738,-2.94573,0
4.29089,0.128154,-2.9352,0
4.29098,0.140864,-2.93262,0
4.29107,0.153972,-2.93797,0
4.29115,0.167187,-2.94426,0
4.29124,0.179727,-2.93851,0
4.29133,0.193397,-2.95067,0
4.29142,0.205712,-2.94182,0
4.2915,0.218324,-2.9379,0
4.29159,0.231454,-2.94091,0
4.29168,0.24387,-2.93489,0
4.29176,0.256674,-2.93379,0
4.29185,0.269472,-2.93265,0
4.29194,0.282841,-2.93741,0
4.29203,0.295755,-2.93715,0
4.29211,0.308673,-2.93682,0
4.2922,0.322681,-2.94638,0
4.29229,0.334402,-2.93501,0
4.29238,0.348851,-2.94743,0
4.29246,0.361343,-2.9429,0
4.29255,0.37317,-2.93336,0
4.29264,0.386096,-2.93269,0
4.29272,0.400103,-2.9399,0
4.29281,0.413205,-2.94011,0
4.2929,0.426747,-2.94322,0
4.29299,0.438994,-2.93738,0
4.29307,0.453784,-2.94828,0
4.29316,0.465705,-2.94035,0
4.29325,0.477727,-2.93335,0
4.29334,0.491842,-2.93913,0
4.29342,0.504492,-2.93597,0
4.29351,0.518513,-2.94064,0
4.2936,0.532229,-2.94327,0
4.29368,0.54452,-2.93797,0
4.29377,0.55752,-2.93654,0
4.29386,0.572999,-2.94783,0
4.29395,0.58293,-2.93059,0
4.29403,0.596908,-2.93389,0
4.29412,0.611333,-2.93909,0
4.29421,0.627062,-2.95009,0
4.2943,0.639928,-2.94733,0
4.29438,0.653215,-2.94646,0
4.29447,0.665403,-2.94066,0
4.29456,0.680702,-2.94844,0
4.29464,0.692185,-2.93961,0
4.29473,0.706639,-2.94336,0
4.29482,0.719475,-2.94025,0
4.29491,0.734233,-2.94485,0
4.29499,0.747814,-2.94452,0
4.29508,0.761155,-2.94317,0
4.29517,0.773735,-2.93885,0
4.29526,0.789139,-2.94511,0
4.29534,0.800667,-2.93681,0
4.29543,0.816146,-2.94293,0
4.29552,0.830336,-2.94415,0
4.2956,0.841245,-2.93377,0
4.29569,0.857396,-2.94159,0
4.29578,0.869939,-2.93686,0
4.29587,0.886492,-2.94549,0
4.29595,0.899335,-2.94159,0
4.29604,0.913645,-2.94242,0
4.29613,0.926475,-2.9384,0
4.29621,0.942336,-2.94386,0
4.2963,0.95579,-2.94162,0
4.29639,0.970495,-2.94312,0
4.29648,0.983644,-2.9398,0
4.29656,0.999355,-2.94401,0
4.29665,1.01121,-2.93678,0
4.29674,1.02732,-2.94178,0
4.29683,1.04048,-2.93821,0
4.29691,1.05869,-2.9487,0
4.297,1.06915,-2.93748,0
4.29709,1.08646,-2.94498,0
4.29717,1.10035,-2.94302,0
4.29726,1.10929,-2.92791,0
4.29735,1.12743,-2.93704,0
4.29744,1.14204,-2.93676,0
4.29752,1.15851,-2.94105,0
4.29761,1.1743,-2.9434,0
4.2977,1.18825,-2.94103,0
4.29779,1.2041,-2.94322,0
4.29787,1.21999,-2.94533,0
4.29796,1.23399,-2.94274,0
4.29805,1.25112,-2.94746,0
4.29813,1.2616,-2.93646,0
4.29822,1.28118,-2.94651,0
4.29831,1.29121,-2.93449,0
4.2984,1.29505,-2.90873,0
4.29848,1.29418,-2.87296,0
4.29857,1.30006,-2.85273,0
4.29866,1.29491,-2.80889,0
4.29875,1.30885,-2.80684,0
4.29883,1.31639,-2.79115,0
4.29892,1.33157,-2.7917,0
4.29901,1.34504,-2.78856,0
4.29909,1.35807,-2.78446,0
4.29918,1.36933,-2.77672,0
4.29927,1.38634,-2.78056,0
4.29936,1.3917,-2.76109,0
4.29944,1.41645,-2.77994,0
4.29953,1.42857,-2.77373,0
4.29962,1.44204,-2.77013,0
4.29971,1.45691,-2.76913,0
4.29979,1.4732,-2.77069,0
4.29988,1.48528,-2.76424,0
4.29997,1.50591,-2.77355,0
4.30005,1.52089,-2.77221,0
4.30014,1.55866,-2.8119,0
4.30023,1.63835,-2.92548,0
4.30032,1.66242,-2.93832,0
4.3004,1.68565,-2.94927,0
4.30049,1.7005,-2.94535,0
4.30058,1.71585,-2.94222,0
4.30067,1.73375,-2.94333,0
4.30075,1.7522,-2.94519,0
4.30084,1.77173,-2.94866,0
4.30093,1.78614,-2.94346,0
4.30101,1.80732,-2.94928,0
4.3011,1.82438,-2.94817,0
4.30119,1.84147,-2.94697,0
4.30128,1.85858,-2.94567,0
4.30136,1.87947,-2.95018,0
4.30145,1.89882,-2.95205,0
4.30154,1.91658,-2.95128,0
4.30163,1.93054,-2.94456,0
4.30171,1.9511,-2.94779,0
4.3018,1.97116,-2.95005,0
4.30189,1.98346,-2.9406,0
4.30197,1.98839,-2.92034,0
4.30206,1.99092,-2.8968,0
4.30215,1.99841,-2.88069,0
4.30224,1.9949,-2.84901,0
4.30232,1.99461,-2.82231,0
4.30241,1.98658,-2.78509,0
4.3025,1.99171,-2.76666,0
4.30259,1.98907,-2.73771,0
4.30267,1.9868,-2.70965,0
4.30276,1.99325,-2.69372,0
4.30285,1.99302,-2.66898,0
4.30293,1.9884,-2.63869,0
4.30302,1.98718,-2.61327,0
4.30311,1.99126,-2.59506,0
4.3032,1.98481,-2.56342,0
4.30328,1.99597,-2.55473,0
4.30337,1.98915,-2.52322,0
4.30346,1.9908,-2.50278,0
4.30355,1.98355,-2.47145,0
4.30363,1.98928,-2.45656,0
4.30372,1.98669,-2.43159,0
4.30381,1.98774,-2.41133,0
4.30389,1.98226,-2.38341,0
4.30398,1.98814,-2.36938,0
4.30407,1.98683,-2.34694,0
4.30416,1.98536,-2.32456,0
4.30424,1.97851,-2.29618,0
4.30433,1.98195,-2.27998,0
4.30442,1.98199,-2.26003,0
4.30451,1.98388,-2.24237,0
4.30459,1.983,-2.22176,0
4.30468,1.97929,-2.19822,0
4.30477,1.97945,-2.1792,0
4.30485,1.9788,-2.15949,0
4.30494,1.97327,-2.13468,0
4.30503,1.97916,-2.12239,0
4.30512,1.98223,-2.10718,0
4.3052,1.98177,-2.08835,0
4.30529,1.9798,-2.06813,0
4.30538,1.98256,-2.053,0
4.30547,1.97824,-2.03072,0
4.30555,1.98217,-2.01707,0
4.30564,1.97547,-1.99278,0
4.30573,1.98273,-1.98273,0
4.30581,1.98781,-1.97054,0
4.3059,1.97927,-1.94502,0
4.30599,1.98631,-1.93497,0
4.30608,1.97603,-1.90823,0
4.30616,1.98506,-1.90028,0
4.30625,1.97955,-1.87852,0
4.30634,1.98627,-1.86849,0
4.30643,1.97539,-1.84208,0
4.30651,1.97386,-1.82462,0
4.3066,1.97369,-1.80856,0
4.30669,1.98008,-1.79858,0
4.30677,1.97231,-1.77587,0
4.30686,1.97929,-1.76658,0
4.30695,1.97649,-1.74865,0
4.30704,1.98335,-1.73935,0
4.30712,1.97809,-1.71953,0
4.30721,1.97724,-1.7037,0
4.3073,1.97477,-1.68662,0
4.30739,1.97525,-1.67217,0
4.30747,1.9718,-1.65454,0
4.30756,1.96747,-1.63632,0
4.30765,1.97227,-1.62582,0
4.30773,1.96463,-1.60517,0
4.30782,1.97317,-1.59784,0
4.30791,1.97623,-1.58609,0
4.308,1.97922,-1.57434,0
4.30808,1.96879,-1.55207,0
4.30817,1.97397,-1.54223,0
4.30826,1.9704,-1.52565,0
4.30834,1.9699,-1.51155,0
4.30843,1.9717,-1.49931,0
4.30852,1.97822,-1.4907,0
4.30861,1.9799,-1.47846,0
4.30869,1.98311,-1.46743,0
4.30878,1.97901,-1.45107,0
4.30887,1.98209,-1.44007,0
4.30896,1.97537,-1.42206,0
4.30904,1.98319,-1.41459,0
4.30913,1.97791,-1.39785,0
4.30922,1.97088,-1.38002,0
4.3093,1.97031,-1.36685,0
4.30939,1.97873,-1.35994,0
4.30948,1.98464,-1.35129,0
4.30957,1.98223,-1.33703,0
4.30965,1.9764,-1.32059,0
4.30974,1.98298,-1.31251,0
4.30983,1.98116,-1.29891,0
4.30992,1.97926,-1.28535,0
4.31,1.98149,-1.27454,0
4.31009,1.97944,-1.26104,0
4.31018,1.97985,-1.24919,0
4.31026,1.98104,-1.23789,0
4.31035,1.97792,-1.22397,0
4.31044,1.97386,-1.20958,0
4.31053,1.97143,-1.19629,0
4.31061,1.97834,-1.18871,0
4.3107,1.98351,-1.18006,0
4.31079,1.97399,-1.16277,0
4.31088,1.97127,-1.14961,0
4.31096,1.97281,-1.139,0
4.31105,1.97255,-1.1274,0
4.31114,1.97745,-1.11879,0
4.31122,1.97795,-1.1077,0
4.31131,1.97402,-1.09422,0
4.3114,1.97527,-1.08367,0
4.31149,1.97031,-1.06979,0
4.31157,1.98024,-1.06402,0
4.31166,1.97515,-1.05021,0
4.31175,1.97618,-1.03972,0
4.31184,1.97715,-1.02924,0
4.31192,1.97806,-1.01877,0
4.31201,1.97714,-1.00741,0
4.3121,1.97884,-0.997418,0
4.31218,1.9787,-0.986543,0
4.31227,1.96953,-0.971266,0
4.31236,1.97375,-0.962663,0
4.31245,1.96893,-0.949697,0
4.31253,1.98388,-0.946263,0
4.31262,1.97895,-0.933332,0
4.31271,1.97394,-0.920463,0
4.3128,1.9743,-0.910166,0
4.31288,1.97371,-0.89947,0
4.31297,1.97214,-0.888385,0
4.31306,1.97326,-0.878551,0
4.31314,1.97982,-0.871141,0
4.31323,1.97076,-0.856912,0
4.31332,1.98091,-0.851068,0
4.31341,1.98001,-0.840463,0
4.31349,1.9855,-0.832589,0
4.31358,1.97803,-0.819325,0
4.31367,1.97881,-0.809551,0
4.31376,1.98232,-0.800909,0
4.31384,1.97929,-0.789658,0
4.31393,1.97435,-0.777716,0
4.31402,1.9656,-0.764382,0
4.3141,1.98292,-0.761174,0
4.31419,1.9881,-0.753223,0
4.31428,1.97919,-0.739988,0
4.31437,1.97395,-0.72823,0
4.31445,1.97711,-0.71961,0
4.31454,1.98118,-0.711315,0
4.31463,1.98332,-0.70233,0
4.31472,1.97881,-0.691032,0
4.3148,1.97708,-0.680763,0
4.31489,1.96961,-0.668594,0
4.31498,1.97631,-0.661263,0
4.31506,1.97727,-0.652007,0
4.31515,1.98105,-0.643682,0
4.31524,1.97717,-0.632898,0
4.31533,1.97419,-0.622461,0
4.31541,1.97689,-0.613841,0
4.3155,1.96616,-0.601116,0
4.31559,1.97355,-0.593973,0
4.31568,1.979,-0.586208,0
4.31576,1.97674,-0.576168,0
4.31585,1.98308,-0.56864,0
4.31594,1.98555,-0.559982,0
4.31602,1.98219,-0.549709,0
4.31611,1.97974,-0.53974,0
4.3162,1.97532,-0.529285,0
4.31629,1.97761,-0.520661,0
4.31637,1.97599,-0.511026,0
4.31646,1.98498,-0.504122,0
4.31655,1.97746,-0.493037,0
4.31664,1.97765,-0.483929,0
4.31672,1.97975,-0.475295,0
4.31681,1.98277,-0.466881,0
4.3169,1.98284,-0.457775,0
4.31698,1.97507,-0.446912,0
4.31707,1.9809,-0.439156,0
4.31716,1.97596,-0.429023,0
4.31725,1.98662,-0.422269,0
4.31733,1.97767,-0.411356,0
4.31742,1.97357,-0.401527,0
4.31751,1.98315,-0.394473,0
4.3176,1.98681,-0.386197,0
4.31768,1.97964,-0.375846,0
4.31777,1.97733,-0.366476,0
4.31786,1.97989,-0.358022,0
4.31794,1.9834,-0.349727,0
4.31803,1.98688,-0.341409,0
4.31812,1.97948,-0.331251,0
4.31821,1.97399,-0.321485,0
4.31829,1.96748,-0.311617,0
4.31838,1.97672,-0.304247,0
4.31847,1.94638,-0.290889,0
4.31856,1.84273,-0.267183,0
4.31864,1.70524,-0.239656,0
4.31873,1.69636,-0.230865,0
4.31882,1.70231,-0.224114,0
4.3189,1.70228,-0.216557,0
4.31899,1.69428,-0.208031,0
4.31908,1.69914,-0.201107,0
4.31917,1.70596,-0.19437,0
4.31925,1.69586,-0.185727,0
4.31934,1.68969,-0.177594,0
4.31943,1.67951,-0.169117,0
4.31952,1.67027,-0.160829,0
4.3196,1.67196,-0.153631,0
4.31969,1.66863,-0.145986,0
4.31978,1.66626,-0.138455,0
4.31986,1.66386,-0.130948,0
4.31995,1.66641,-0.123835,0
4.32004,1.66892,-0.116703,0
4.32013,1.65645,-0.108569,0
4.32021,1.65191,-0.101035,0
4.3203,1.65533,-0.0939967,0
4.32039,1.66771,-0.0874011,0
4.32048,1.66608,-0.0800276,0
4.32056,1.65742,-0.0723646,0
4.32065,1.66771,-0.0655247,0
4.32074,1.67198,-0.0583869,0
4.32082,1.68221,-0.0513964,0
4.32091,1.66743,-0.0436632,0
4.321,1.6936,-0.0369545,0
4.32109,1.77473,-0.0309781,0
4.32117,1.94283,-0.0254331,0
4.32126,1.94093,-0.0169383,0
4.32135,1.74198,-0.00760093,0
4.32143,1.698,-4.1116e-08,0
4.32152,1.69998,0.00741758,0
4.32161,1.69194,0.0147653,0
4.3217,1.69385,0.0221737,0
4.32178,1.68274,0.0293724,0
4.32187,1.6906,0.0368889,0
4.32196,1.69742,0.0444484,0
4.32205,1.68221,0.0513963,0
4.32213,1.68098,0.0587009,0
4.32222,1.69169,0.0664668,0
4.32231,1.69838,0.0741529,0
4.32239,1.69704,0.0815148,0
4.32248,1.68968,0.0885524,0
4.32257,1.69627,0.096321,0
4.32266,1.69383,0.103599,0
4.32274,1.69237,0.110924,0
4.32283,1.69586,0.118586,0
4.32292,1.69832,0.126207,0
4.32301,1.69177,0.133145,0
4.32309,1.69516,0.140857,0
4.32318,1.69552,0.148339,0
4.32327,1.70083,0.156285,0
4.32335,1.68421,0.162171,0
4.32344,1.68448,0.169618,0
4.32353,1.69765,0.17843,0
4.32362,1.69884,0.186053,0
4.3237,1.69106,0.192672,0
4.32379,1.6902,0.200049,0
4.32388,1.69229,0.207787,0
4.32397,1.69534,0.215674,0
4.32405,1.69934,0.223722,0
4.32414,1.69438,0.230595,0
4.32423,1.69237,0.237847,0
4.32431,1.69626,0.245946,0
4.3244,1.69517,0.253345,0
4.32449,1.69504,0.260892,0
4.32458,1.6929,0.268129,0
4.32466,1.69566,0.276156,0
4.32475,1.69641,0.283882,0
4.32484,1.69417,0.291112,0
4.32493,1.69682,0.299196,0
4.32501,1.69452,0.306419,0
4.3251,1.6971,0.314538,0
4.32519,1.69866,0.3225,0
4.32527,1.69723,0.329909,0
4.32536,1.68891,0.335945,0
4.32545,1.69625,0.345106,0
4.32554,1.69669,0.352911,0
4.32562,1.69611,0.360519,0
4.32571,1.69354,0.367704,0
4.3258,1.69876,0.376605,0
4.32589,1.701,0.384896,0
4.32597,1.70807,0.394339,0
4.32606,1.70147,0.400642,0
4.32615,1.70943,0.410397,0
4.32623,1.70082,0.416188,0
4.32632,1.69317,0.422154,0
4.32641,1.69906,0.431507,0
4.3265,1.702,0.440168,0
4.32658,1.69813,0.447081,0
4.32667,1.69906,0.455263,0
4.32676,1.69899,0.463198,0
4.32685,1.69599,0.47034,0
4.32693,1.70066,0.479635,0
4.32702,1.69855,0.487051,0
4.32711,1.70313,0.496417,0
4.32719,1.69999,0.503559,0
4.32728,1.70256,0.512413,0
4.32737,1.70605,0.521591,0
4.32746,1.70376,0.52903,0
4.32754,1.70238,0.53676,0
4.32763,1.69717,0.543268,0
4.32772,1.70049,0.552522,0
4.32781,1.68762,0.556492,0
4.32789,1.68138,0.562581,0
4.32798,1.69879,0.576662,0
4.32807,1.71612,0.590906,0
4.32815,1.81548,0.633995,0
4.32824,1.96635,0.696321,0
4.32833,1.98588,0.713004,0
4.32842,1.98839,0.723715,0
4.3285,1.98615,0.73273,0
4.32859,1.98949,0.74384,0
4.32868,1.98249,0.751097,0
4.32877,1.97732,0.759023,0
4.32885,1.98704,0.772718,0
4.32894,1.98644,0.78248,0
4.32903,1.99044,0.794105,0
4.32911,1.97954,0.799785,0
4.3292,1.99361,0.815609,0
4.32929,1.99188,0.825065,0
4.32938,1.98181,0.831042,0
4.32946,1.98461,0.842416,0
4.32955,1.9947,0.856989,0
4.32964,1.99461,0.867279,0
4.32973,1.98623,0.87396,0
4.32981,1.98513,0.883839,0
4.3299,1.9922,0.897421,0
4.32999,1.99009,0.906934,0
4.33007,1.98974,0.917283,0
4.33016,1.983,0.924689,0
4.33025,1.9889,0.938025,0
4.33034,1.99201,0.950138,0
4.33042,1.98964,0.95969,0
4.33051,1.99083,0.970992,0
4.3306,1.99644,0.984535,0
4.33069,1.98944,0.991898,0
4.33077,1.99313,1.00462,0
4.33086,1.9914,1.01467,0
4.33095,1.99318,1.02655,0
4.33103,1.9807,1.03108,0
4.33112,2.00007,1.05229,0
4.33121,1.98751,1.05678,0
4.3313,1.98905,1.06876,0
4.33138,1.9914,1.08124,0
4.33147,1.99017,1.09184,0
4.33156,1.99151,1.10391,0
4.33165,1.99191,1.11552,0
4.33173,1.99224,1.12716,0
4.33182,1.98904,1.13683,0
4.33191,1.98839,1.148,0
4.33199,1.98596,1.15818,0
4.33208,1.99295,1.17394,0
4.33217,1.98351,1.18006,0
4.33226,1.98349,1.1918,0
4.33234,1.98767,1.20615,0
4.33243,1.98665,1.21742,0
4.33252,1.99152,1.23239,0
4.33261,1.9785,1.2363,0
4.33269,1.98915,1.25506,0
4.33278,1.99293,1.26964,0
4.33287,1.98569,1.27724,0
4.33295,1.98681,1.29025,0
4.33304,1.98702,1.30274,0
4.33313,1.99632,1.32134,0
4.33322,1.98139,1.32392,0
4.3333,1.98886,1.3415,0
4.33339,1.9896,1.35467,0
4.33348,1.99768,1.37297,0
4.33356,1.98263,1.3754,0
4.33365,1.99218,1.39494,0
4.33374,1.98526,1.40304,0
4.33383,1.98644,1.41692,0
4.33391,1.98836,1.43141,0
4.334,1.98533,1.44242,0
4.33409,1.98466,1.45521,0
4.33418,1.98392,1.46802,0
4.33426,1.99352,1.48863,0
4.33435,1.9886,1.49852,0
4.33444,1.98841,1.51202,0
4.33452,1.98973,1.52677,0
4.33461,1.98937,1.54034,0
4.3347,1.99524,1.55885,0
4.33479,1.98921,1.56816,0
4.33487,1.99252,1.58492,0
4.33496,1.99728,1.60299,0
4.33505,1.99183,1.61295,0
4.33514,1.99406,1.62922,0
4.33522,1.99079,1.64108,0
4.33531,2.0013,1.66446,0
4.3354,1.99095,1.6706,0
4.33548,1.99433,1.68832,0
4.33557,1.99454,1.7035,0
4.33566,1.98709,1.71219,0
4.33575,1.98413,1.72478,0
4.33583,1.99238,1.74727,0
4.33592,1.99372,1.76389,0
4.33601,1.99347,1.77924,0
4.3361,1.9946,1.79595,0
4.33618,2.00007,1.81674,0
4.33627,1.99434,1.82747,0
4.33636,1.99736,1.84634,0
4.33644,1.99733,1.86254,0
4.33653,1.99137,1.87329,0
4.33662,1.9897,1.88816,0
4.33671,1.99156,1.9065,0
4.33679,1.99545,1.92698,0
4.33688,1.98917,1.93776,0
4.33697,1.9971,1.96255,0
4.33706,1.99846,1.9811,0
4.33714,1.99263,1.99263,0
4.33723,1.99377,2.01125,0
4.33732,1.99409,2.0292,0
4.3374,2.00336,2.0565,0
4.33749,2.16317,2.24002,0
4.33758,2.2654,2.36646,0
4.33767,2.26813,2.39011,0
4.33775,2.25973,2.40217,0
4.33784,2.26423,2.42809,0
4.33793,2.26584,2.45117,0
4.33802,2.26323,2.46988,0
4.3381,2.25176,2.47899,0
4.33819,2.23958,2.48731,0
4.33828,2.21605,2.48288,0
4.33836,2.19062,2.47605,0
4.33845,2.17518,2.48032,0
4.33854,2.15778,2.48224,0
4.33863,2.13257,2.47496,0
4.33871,2.11655,2.47816,0
4.3388,2.09021,2.46906,0
4.33889,2.08006,2.47892,0
4.33898,2.06283,2.48028,0
4.33906,2.05008,2.48695,0
4.33915,2.02466,2.47806,0
4.33924,2.00313,2.47366,0
4.33932,1.98793,2.47691,0
4.33941,1.9659,2.47148,0
4.3395,1.95572,2.48082,0
4.33959,1.93687,2.47908,0
4.33967,1.91808,2.47723,0
4.33976,1.89447,2.46892,0
4.33985,1.88489,2.47875,0
4.33994,1.86803,2.47896,0
4.34002,1.85002,2.47748,0
4.34011,1.83146,2.47508,0
4.3402,1.81887,2.48062,0
4.34028,1.8621,2.56297,0
4.34037,1.84857,2.56782,0
4.34046,1.79031,2.50992,0
4.34055,1.83648,2.59855,0
4.34063,1.61749,2.31001,0
4.34072,1.61138,2.3228,0
4.34081,1.58367,2.30426,0
4.3409,1.7385,2.55334,0
4.34098,1.54841,2.2956,0
4.34107,1.47282,2.20423,0
4.34116,1.45656,2.20062,0
4.34124,1.44749,2.2078,0
4.34133,1.42968,2.20151,0
4.34142,1.41898,2.20605,0
4.34151,1.40772,2.20969,0
4.34159,1.40661,2.22934,0
4.34168,1.38945,2.22358,0
4.34177,1.37394,2.22027,0
4.34186,1.36633,2.22965,0
4.34194,1.82556,3.00843,0
4.34203,1.82787,3.04209,0
4.34212,1.82174,3.06206,0
4.3422,1.82511,3.09842,0
4.34229,1.81611,3.11413,0
4.34238,1.832,3.17312,0
4.34247,1.82806,3.19844,0
4.34255,1.82738,3.22989,0
4.34264,1.82989,3.2675,0
4.34273,1.82579,3.29382,0
4.34282,1.82535,3.32718,0
4.3429,1.82561,3.36235,0
4.34299,1.8308,3.40729,0
4.34308,1.82859,3.43908,0
4.34316,1.82474,3.46827,0
4.34325,1.82852,3.51256,0
4.34334,1.82325,3.54007,0
4.34343,1.82096,3.57383,0
4.34351,1.822,3.61478,0
4.3436,1.82495,3.66028,0
4.34369,1.82179,3.69422,0
4.34378,1.82099,3.73359,0
4.34386,1.82163,3.77663,0
4.34395,1.82666,3.82967,0
4.34404,1.82358,3.86655,0
4.34412,1.82275,3.90891,0
4.34421,1.82243,3.95315,0
4.3443,1.82133,3.99655,0
4.34439,1.81743,4.03455,0
4.34447,0.981862,2.2053,0
4.34456,0.98673,2.24251,0
4.34465,0.960587,2.2092,0
4.34474,0.975412,2.27033,0
4.34482,1.8126,4.27022,0
4.34491,0.924239,2.20406,0
4.345,0.931452,2.24872,0
4.34508,0.907999,2.21945,0
4.34517,0.897183,2.22061,0
4.34526,0.88415,2.21614,0
4.34535,0.871906,2.21346,0
4.34543,0.868402,2.23309,0
4.34552,0.848974,2.21165,0
4.34561,0.839316,2.21534,0
4.3457,0.831743,2.2246,0
4.34578,0.806453,2.18599,0
4.34587,0.812298,2.23177,0
4.34596,0.793766,2.21082,0
4.34604,0.792458,2.23783,0
4.34613,0.787961,2.25637,0
4.34622,0.767364,2.22859,0
4.34631,0.758276,2.23381,0
4.34639,0.74757,2.23425,0
4.34648,0.728732,2.20995,0
4.34657,0.730516,2.2483,0
4.34665,0.711248,2.22194,0
4.34674,0.691323,2.1926,0
4.34683,0.690349,2.22329,0
4.34692,0.670993,2.19472,0
4.347,0.66948,2.22444,0
4.34709,0.664028,2.24172,0
4.34718,0.650882,2.23308,0
4.34727,0.635895,2.21763,0
4.34735,0.624042,2.21268,0
4.34744,0.61839,2.22984,0
4.34753,0.602868,2.21129,0
4.34761,0.58959,2.20038,0
4.3477,0.583293,2.2155,0
4.34779,0.578628,2.23739,0
4.34788,0.55606,2.18949,0
4.34796,0.55884,2.24138,0
4.34805,0.54335,2.22049,0
4.34814,0.533423,2.22187,0
4.34823,0.526015,2.23391,0
4.34831,0.513563,2.22449,0
4.3484,0.502528,2.22085,0
4.34849,0.495214,2.23377,0
4.34857,0.484826,2.23297,0
4.34866,0.472999,2.22529,0
4.34875,0.461656,2.2195,0
4.34884,0.454758,2.23521,0
4.34892,0.443831,2.23129,0
4.34901,0.4339,2.23222,0
4.3491,0.41912,2.20757,0
4.34919,0.413128,2.22904,0
4.34927,0.398416,2.20327,0
4.34936,0.391056,2.21779,0
4.34945,0.381545,2.22046,0
4.34953,0.373338,2.23098,0
4.34962,0.360063,2.21087,0
4.34971,0.355263,2.24304,0
4.3498,0.340909,2.21492,0
4.34988,0.330206,2.20946,0
4.34997,0.32128,2.21583,0
4.35006,0.317036,2.25583,0
4.35015,0.305842,2.24728,0
4.35023,0.293554,2.22976,0
4.35032,0.284074,2.233,0
4.35041,0.274572,2.23621,0
4.35049,0.263754,2.22845,0
4.35058,0.253009,2.22063,0
4.35067,0.243426,2.22271,0
4.35076,0.234666,2.2327,0
4.35084,0.224121,2.22574,0
4.35093,0.213257,2.21476,0
4.35102,0.205604,2.23757,0
4.35111,0.196013,2.24044,0
4.35119,0.185242,2.22932,0
4.35128,0.17465,2.21914,0
4.35137,0.165633,2.22885,0
4.35145,0.155138,2.21858,0
4.35154,0.145914,2.22622,0
4.35163,0.135955,2.22285,0
4.35172,0.125575,2.21144,0
4.3518,0.116238,2.21796,0
4.35189,0.107807,2.24441,0
4.35198,0.0956138,2.18991,0
4.35207,0.0818175,2.08239,0
4.35215,0.0674259,1.93082,0
4.35224,0.0560382,1.83414,0
4.35233,0.0477468,1.82337,0
4.35241,0.0399431,1.83056,0
4.3525,0.0322172,1.84572,0
4.35259,0.0255379,1.95083,0
4.35268,0.0178371,2.04392,0
4.35276,0.00914121,2.09498,0
4.35285,7.38562e-08,2.03,0
4.35294,-0.00858256,1.96698,0
4.35303,-0.0162836,1.86593,0
4.35311,-0.0240063,1.83384,0
4.3532,-0.0321298,1.84072,0
4.35329,-0.0403357,1.84856,0
4.35337,-0.0479561,1.83137,0
4.35346,-0.058359,1.91011,0
4.35355,-0.0721023,2.06474,0
4.35364,-0.0792655,2.01744,0
4.35372,-0.0859737,1.96912,0
4.35381,-0.09207,1.91679,0
4.3539,-0.0994382,1.8974,0
4.35399,-0.106752,1.87997,0
4.35407,-0.111352,1.8206,0
4.35416,-0.109485,1.67042,0
4.35425,-0.114331,1.63501,0
4.35433,-0.120352,1.61953,0
4.35442,-0.127967,1.62597,0
4.35451,-0.133238,1.60347,0
4.3546,-0.13666,1.56203,0
4.35468,-0.142102,1.54649,0
4.35477,-0.147698,1.53391,0
4.35486,-0.155191,1.54121,0
4.35495,-0.16181,1.53952,0
4.35503,-0.169397,1.54675,0
4.35512,-0.175578,1.54103,0
4.35521,-0.182536,1.54224,0
4.35529,-0.189872,1.54639,0
4.35538,-0.196239,1.54257,0
4.35547,-0.203621,1.54665,0
4.35556,-0.210233,1.54476,0
4.35564,-0.216553,1.54086,0
4.35573,-0.223705,1.54287,0
4.35582,-0.230583,1.54286,0
4.35591,-0.236095,1.53394,0
4.35599,-0.243412,1.53684,0
4.35608,-0.252205,1.5486,0
4.35617,-0.25929,1.54945,0
4.35625,-0.265879,1.54732,0
4.35634,-0.272801,1.54713,0
4.35643,-0.280083,1.54888,0
4.35652,-0.284834,1.53683,0
4.3566,-0.284822,1.5002,0
4.35669,-0.28316,1.45673,0
4.35678,-0.283661,1.42606,0
4.35687,-0.289482,1.42285,0
4.35695,-0.29528,1.41962,0
4.35704,-0.302719,1.42418,0
4.35713,-0.308931,1.42285,0
4.35721,-0.312539,1.40977,0
4.3573,-0.31339,1.38499,0
4.35739,-0.311107,1.34755,0
4.35748,-0.308504,1.31017,0
4.35756,-0.298343,1.24269,0
4.35765,-0.301148,1.23069,0
4.35774,-0.305547,1.22548,0
4.35783,-0.313599,1.2348,0
4.35791,-0.313225,1.21115,0
4.358,-0.31367,1.1914,0
4.35809,-0.313171,1.16877,0
4.35817,-0.315111,1.15582,0
4.35826,-0.314807,1.13516,0
4.35835,-0.317314,1.12511,0
4.35844,-0.319739,1.11506,0
4.35852,-0.316207,1.08486,0
4.35861,-0.315541,1.06525,0
4.3587,-0.31961,1.06195,0
4.35878,-0.31927,1.04428,0
4.35887,-0.320858,1.03333,0
4.35896,-0.325364,1.03192,0
4.35905,-0.321327,1.00383,0
4.35913,-0.317978,0.978637,0
4.35922,-0.315356,0.956347,0
4.35931,-0.315083,0.941685,0
4.3594,-0.311475,0.917575,0
4.35948,-0.313522,0.910534,0
4.35957,-0.313536,0.897829,0
4.35966,-0.312109,0.88137,0
4.35974,-0.311221,0.866823,0
4.35983,-0.310212,0.852301,0
4.35992,-0.308736,0.836867,0
4.36001,-0.308533,0.825208,0
4.36009,-0.308942,0.815438,0
4.36018,-0.298879,0.778606,0
4.36027,-0.295025,0.758654,0
4.36036,-0.300897,0.763873,0
4.36044,-0.306451,0.768126,0
4.36053,-0.311673,0.771417,0
4.36062,-0.307463,0.751539,0
4.3607,-0.305764,0.73818,0
4.36079,-0.307435,0.73315,0
4.36088,-0.305942,0.720755,0
4.36097,-0.305926,0.712063,0
4.36105,-0.306638,0.705219,0
4.36114,-0.309712,0.703875,0
4.36123,-0.307086,0.689727,0
4.36132,-0.30845,0.684733,0
4.3614,-0.306458,0.672461,0
4.36149,-0.309808,0.672026,0
4.36158,-0.303862,0.651635,0
4.36166,-0.310969,0.659348,0
4.36175,-0.308676,0.647154,0
4.36184,-0.313669,0.650304,0
4.36193,-0.312559,0.64084,0
4.36201,-0.309602,0.627811,0
4.3621,-0.302968,0.60766,0
4.36219,-0.306967,0.609012,0
4.36228,-0.306898,0.60232,0
4.36236,-0.306318,0.594752,0
4.36245,-0.303369,0.582766,0
4.36254,-0.293337,0.557542,0
4.36262,-0.297175,0.558906,0
4.36271,-0.296771,0.552318,0
4.3628,-0.301564,0.555412,0
4.36289,-0.303504,0.553215,0
4.36297,-0.302521,0.545763,0
4.36306,-0.298059,0.532223,0
4.36315,-0.304318,0.53788,0
4.36324,-0.300211,0.52526,0
4.36332,-0.304,0.526543,0
4.36341,-0.302264,0.518301,0
4.3635,-0.305031,0.517839,0
4.36358,-0.301663,0.50705,0
4.36367,-0.303872,0.505729,0
4.36376,-0.30037,0.494994,0
4.36385,-0.307229,0.501352,0
4.36393,-0.293101,0.473646,0
4.36402,-0.304174,0.48678,0
4.36411,-0.304694,0.482911,0
4.3642,-0.305186,0.479046,0
4.36428,-0.307814,0.478551,0
4.36437,-0.3099,0.477204,0
4.36446,-0.307592,0.469157,0
4.36454,-0.31626,0.477817,0
4.36463,-0.310008,0.46396,0
4.36472,-0.31147,0.461774,0
4.36481,-0.308417,0.452971,0
4.36489,-0.314922,0.458214,0
4.36498,-0.312358,0.450263,0
4.36507,-0.314893,0.449715,0
4.36516,-0.309927,0.438537,0
4.36524,-0.304869,0.427411,0
4.36533,-0.308484,0.428511,0
4.36542,-0.309763,0.426352,0
4.3655,-0.309255,0.421771,0
4.36559,-0.311092,0.420417,0
4.36568,-0.309932,0.415049,0
4.36577,-0.307527,0.408103,0
4.36585,-0.310516,0.408349,0
4.36594,-0.31473,0.410164,0
4.36603,-0.312231,0.403252,0
4.36612,-0.306599,0.392429,0
4.3662,-0.308309,0.391088,0
4.36629,-0.311257,0.391304,0
4.36638,-0.307954,0.383703,0
4.36646,-0.307738,0.380024,0
4.36655,-0.30876,0.377904,0
4.36664,-0.311042,0.377324,0
4.36673,-0.308849,0.371351,0
4.36681,-0.305967,0.364637,0
4.3669,-0.311432,0.367878,0
4.36699,-0.300694,0.352068,0
4.36708,-0.293089,0.340147,0
4.36716,-0.284074,0.326789,0
4.36725,-0.291431,0.332313,0
4.36734,-0.296854,0.335532,0
4.36742,-0.296317,0.331996,0
4.36751,-0.277689,0.308405,0
4.3676,-0.222553,0.245012,0
4.36769,-0.182409,0.199065,0
4.36777,-0.173094,0.187252,0
4.36786,-0.169818,0.182107,0
4.36795,-0.158277,0.168254,0
4.36804,-0.174842,0.184245,0
4.36812,-0.151441,0.158198,0
4.36821,-0.141016,0.146026,0
4.3683,-0.13886,0.142544,0
4.36838,-0.138079,0.14051,0
4.36847,-0.10349,0.104397,0
4.36856,-0.0919239,0.0919239,0
