7200
6019
5.23599
5.2517,-0.0579828,-0.0579828,0
5.25178,-0.0598413,-0.0603658,0
5.25187,-0.0581755,-0.0591998,0
5.25196,-0.073268,-0.0752117,0
5.25204,-0.116703,-0.120849,0
5.25213,-0.13692,-0.143028,0
5.25222,-0.154191,-0.162484,0
5.25231,-0.173351,-0.184278,0
5.25239,-0.150722,-0.161629,0
5.25248,-0.154088,-0.166691,0
5.25257,-0.153359,-0.167362,0
5.25266,-0.226588,-0.249454,0
5.25274,-0.169959,-0.188759,0
5.25283,-0.320289,-0.358854,0
5.25292,-0.269024,-0.304076,0
5.253,-0.294068,-0.335321,0
5.25309,-0.288666,-0.332072,0
5.25318,-0.275465,-0.319692,0
5.25327,-0.418245,-0.489701,0
5.25335,-0.48847,-0.577004,0
5.25344,-0.503303,-0.599813,0
5.25353,-0.503878,-0.605847,0
5.25362,-0.514587,-0.624244,0
5.2537,-0.513757,-0.628807,0
5.25379,-0.522965,-0.645808,0
5.25388,-0.533287,-0.664462,0
5.25396,-0.526647,-0.662086,0
5.25405,-0.525611,-0.666734,0
5.25414,-0.52085,-0.666657,0
5.25423,-0.526507,-0.679993,0
5.25431,-0.530231,-0.691011,0
5.2544,-0.531448,-0.69889,0
5.25449,-0.525986,-0.698007,0
5.25458,-0.522936,-0.700296,0
5.25466,-0.52047,-0.703375,0
5.25475,-0.528631,-0.720961,0
5.25484,-0.52019,-0.71598,0
5.25492,-0.517061,-0.718243,0
5.25501,-0.498824,-0.699325,0
5.2551,-0.477876,-0.676179,0
5.25519,-0.468612,-0.669247,0
5.25527,-0.465117,-0.670464,0
5.25536,-0.460488,-0.670015,0
5.25545,-0.455309,-0.668711,0
5.25554,-0.460216,-0.682298,0
5.25562,-0.454456,-0.680142,0
5.25571,-0.453692,-0.685454,0
5.2558,-0.462759,-0.705826,0
5.25588,-0.462943,-0.71287,0
5.25597,-0.46091,-0.716565,0
5.25606,-0.458317,-0.719413,0
5.25615,-0.448236,-0.710411,0
5.25623,-0.430294,-0.688615,0
5.25632,-0.413078,-0.667527,0
5.25641,-0.416954,-0.680407,0
5.2565,-0.410868,-0.67709,0
5.25658,-0.412546,-0.686591,0
5.25667,-0.416193,-0.699557,0
5.25676,-0.416689,-0.707398,0
5.25684,-0.42317,-0.725622,0
5.25693,-0.414,-0.717069,0
5.25702,-0.419799,-0.734496,0
5.25711,-0.413636,-0.731099,0
5.25719,-0.410442,-0.732897,0
5.25728,-0.409179,-0.738179,0
5.25737,-0.403069,-0.734697,0
5.25746,-0.401291,-0.739085,0
5.25754,-0.397589,-0.739948,0
5.25763,-0.394826,-0.742559,0
5.25772,-0.391582,-0.744275,0
5.2578,-0.39341,-0.755733,0
5.25789,-0.389651,-0.756554,0
5.25798,-0.387708,-0.76092,0
5.25807,-0.391136,-0.775999,0
5.25815,-0.401132,-0.804546,0
5.25824,-0.397618,-0.806289,0
5.25833,-0.400671,-0.821498,0
5.25842,-0.404034,-0.837649,0
5.2585,-0.393057,-0.82406,0
5.25859,-0.397989,-0.843857,0
5.25868,-0.40022,-0.858274,0
5.25876,-0.401495,-0.870909,0
5.25885,-0.397276,-0.871743,0
5.25894,-0.396754,-0.880762,0
5.25903,-0.395348,-0.887966,0
5.25911,-0.394692,-0.897005,0
5.2592,-0.39835,-0.916143,0
5.25929,-0.404218,-0.940842,0
5.25938,-0.976437,-2.30034,0
5.25946,-0.978379,-2.33317,0
5.25955,-0.983114,-2.37345,0
5.25964,-0.9807,-2.39715,0
5.25972,-0.970606,-2.40233,0
5.25981,-0.972713,-2.43813,0
5.2599,-0.36137,-0.917392,0
5.25999,-0.33888,-0.871427,0
5.26007,-0.323606,-0.843023,0
5.26016,-0.322759,-0.851908,0
5.26025,-0.930501,-2.48874,0
5.26034,-0.918595,-2.48996,0
5.26042,-0.906353,-2.49019,0
5.26051,-0.896831,-2.49788,0
5.2606,-0.88125,-2.48857,0
5.26068,-0.869394,-2.48956,0
5.26077,-0.85657,-2.48766,0
5.26086,-0.844743,-2.48853,0
5.26095,-0.831338,-2.48461,0
5.26103,-0.81955,-2.48536,0
5.26112,-0.808079,-2.48701,0
5.26121,-0.798135,-2.49337,0
5.26129,-0.781234,-2.47776,0
5.26138,-0.770118,-2.48019,0
5.26147,-0.759582,-2.48448,0
5.26156,-0.748734,-2.48777,0
5.26164,-0.736736,-2.48718,0
5.26173,-0.724477,-2.48557,0
5.26182,-0.712247,-2.4839,0
5.26191,-0.700588,-2.4841,0
5.26199,-0.689475,-2.48617,0
5.26208,-0.678621,-2.48915,0
5.26217,-0.6662,-2.48629,0
5.26225,-0.655091,-2.48821,0
5.26234,-0.644228,-2.49104,0
5.26243,-0.634091,-2.49674,0
5.26252,-0.17491,-0.701524,0
5.2626,-0.178502,-0.729478,0
5.26269,-0.174617,-0.727333,0
5.26278,-0.168692,-0.716407,0
5.26287,-0.167364,-0.724931,0
5.26295,-0.162433,-0.717852,0
5.26304,-0.157784,-0.71172,0
5.26313,-0.158709,-0.730969,0
5.26321,-0.158845,-0.747305,0
5.2633,-0.153342,-0.737221,0
5.26339,-0.151719,-0.745723,0
5.26348,-0.152951,-0.768936,0
5.26356,-0.147495,-0.758798,0
5.26365,-0.146981,-0.774171,0
5.26374,-0.146882,-0.792503,0
5.26383,-0.145558,-0.804945,0
5.26391,-0.144823,-0.82133,0
5.264,-0.143439,-0.834766,0
5.26409,-0.150028,-0.896534,0
5.26417,-0.142418,-0.874479,0
5.26426,-0.141104,-0.890895,0
5.26435,-0.14041,-0.912258,0
5.26444,-0.37248,-2.49232,0
5.26452,-0.360454,-2.486,0
5.26461,-0.349046,-2.48359,0
5.2647,-0.338746,-2.48906,0
5.26479,-0.328012,-2.4915,0
5.26487,-0.316381,-2.48696,0
5.26496,-0.306136,-2.49328,0
5.26505,-0.294784,-2.49062,0
5.26513,-0.282668,-2.48095,0
5.26522,-0.272712,-2.49011,0
5.26531,-0.261321,-2.4863,0
5.2654,-0.25027,-2.48543,0
5.26548,-0.239519,-2.4875,0
5.26557,-0.228937,-2.4915,0
5.26566,-0.217279,-2.48351,0
5.26575,-0.206441,-2.48444,0
5.26583,-0.195442,-2.48332,0
5.26592,-0.184604,-2.48415,0
5.26601,-0.174461,-2.49491,0
5.26609,-0.162788,-2.48367,0
5.26618,-0.151645,-2.47937,0
5.26627,-0.140882,-2.481,0
5.26636,-0.130003,-2.4806,0
5.26644,-0.119082,-2.47914,0
5.26653,-0.10822,-2.47864,0
5.26662,-0.0974429,-2.48009,0
5.26671,-0.0863763,-2.47349,0
5.26679,-0.0757661,-2.47984,0
5.26688,-0.0649712,-2.48115,0
5.26697,-0.0541882,-2.48341,0
5.26705,-0.0433169,-2.48162,0
5.26714,-0.0325408,-2.48579,0
5.26723,-0.0216331,-2.47891,0
5.26732,-0.0108341,-2.48298,0
5.2674,-2.99233e-08,-2.484,0
5.26749,0.0108297,-2.48198,0
5.26758,0.0216418,-2.47991,0
5.26767,0.0324883,-2.48179,0
5.26775,0.0431772,-2.47362,0
5.26784,0.05397,-2.47341,0
5.26793,0.0649188,-2.47915,0
5.26801,0.0760409,-2.48884,0
5.2681,0.0865158,-2.47749,0
5.26819,0.0975213,-2.48208,0
5.26828,0.108176,-2.47764,0
5.26836,0.119513,-2.48813,0
5.26845,0.129845,-2.4776,0
5.26854,0.141108,-2.485,0
5.26863,0.151339,-2.47438,0
5.26871,0.162854,-2.48467,0
5.2688,0.173345,-2.47895,0
5.26889,0.184678,-2.48515,0
5.26897,0.195285,-2.48133,0
5.26906,0.205944,-2.47846,0
5.26915,0.217715,-2.48849,0
5.26924,0.227564,-2.47657,0
5.26932,0.237793,-2.46958,0
5.26941,0.249468,-2.47747,0
5.2695,0.261112,-2.48432,0
5.26959,0.271296,-2.47719,0
5.26967,0.282555,-2.47996,0
5.26976,0.293491,-2.47969,0
5.26985,0.304551,-2.48037,0
5.26993,0.315624,-2.481,0
5.27002,0.326707,-2.48159,0
5.27011,0.337262,-2.47816,0
5.2702,0.349324,-2.48557,0
5.27028,0.359449,-2.47908,0
5.27037,0.371741,-2.48738,0
5.27046,0.381373,-2.47782,0
5.27055,0.393276,-2.48305,0
5.27063,0.403464,-2.47736,0
5.27072,0.415425,-2.48248,0
5.27081,0.424729,-2.47177,0
5.27089,0.436204,-2.47384,0
5.27098,0.447884,-2.47683,0
5.27107,0.460145,-2.48272,0
5.27116,0.471906,-2.4856,0
5.27124,0.482174,-2.48057,0
5.27133,0.493774,-2.48237,0
5.27142,0.505398,-2.48411,0
5.27151,0.516232,-2.48188,0
5.27159,0.527472,-2.48156,0
5.27168,0.538931,-2.48217,0
5.27177,0.549324,-2.47784,0
5.27185,0.563661,-2.49102,0
5.27194,0.571151,-2.47393,0
5.27203,0.584461,-2.48212,0
5.27212,0.595519,-2.48052,0
5.2722,0.607525,-2.48275,0
5.27229,0.617627,-2.47716,0
5.27238,0.630399,-2.4822,0
5.27247,0.640222,-2.47555,0
5.27255,0.649744,-2.4679,0
5.27264,0.665424,-2.4834,0
5.27273,0.678094,-2.48722,0
5.27281,0.686001,-2.47364,0
5.2729,0.701131,-2.48602,0
5.27299,0.714452,-2.49159,0
5.27308,0.724477,-2.48557,0
5.27316,0.735316,-2.48238,0
5.27325,0.746428,-2.48011,0
5.27334,0.760459,-2.48735,0
5.27342,0.771898,-2.48592,0
5.27351,0.783639,-2.48539,0
5.2736,0.795086,-2.48385,0
5.27369,0.808697,-2.48891,0
5.27377,0.81861,-2.48251,0
5.27386,0.831338,-2.48461,0
5.27395,0.84635,-2.49327,0
5.27404,0.853314,-2.4782,0
5.27412,0.863789,-2.47351,0
5.27421,0.879247,-2.48292,0
5.2743,0.893452,-2.48847,0
5.27438,0.902249,-2.47891,0
5.27447,0.915826,-2.48245,0
5.27456,0.9284,-2.48312,0
5.27465,0.942414,-2.48746,0
5.27473,0.952542,-2.48146,0
5.27482,0.96771,-2.48846,0
5.27491,0.977825,-2.48235,0
5.275,0.993464,-2.49014,0
5.27508,1.00207,-2.48022,0
5.27517,1.01667,-2.48508,0
5.27526,1.02712,-2.47969,0
5.27534,1.04025,-2.48072,0
5.27543,1.05029,-2.47432,0
5.27552,1.06581,-2.48074,0
5.27561,1.07343,-2.46873,0
5.27569,1.09024,-2.47775,0
5.27578,1.10673,-2.48576,0
5.27587,1.1188,-2.48364,0
5.27596,1.13709,-2.49511,0
5.27604,1.14545,-2.48468,0
5.27613,1.16051,-2.48872,0
5.27622,1.17349,-2.48816,0
5.2763,1.18434,-2.48301,0
5.27639,1.19907,-2.48593,0
5.27648,1.20947,-2.47977,0
5.27657,1.22514,-2.48434,0
5.27665,1.23597,-2.47897,0
5.27674,1.25397,-2.48784,0
5.27683,1.263,-2.47878,0
5.27692,1.2825,-2.49014,0
5.277,1.29059,-2.4792,0
5.27709,1.30977,-2.48947,0
5.27718,1.31922,-2.48108,0
5.27726,1.33429,-2.48323,0
5.27735,1.34416,-2.47563,0
5.27744,1.35687,-2.47325,0
5.27753,1.37686,-2.48392,0
5.27761,1.39697,-2.49447,0
5.2777,1.40242,-2.47877,0
5.27779,1.42315,-2.48999,0
5.27788,1.4325,-2.48116,0
5.27796,1.45087,-2.48785,0
5.27805,1.46526,-2.48752,0
5.27814,1.48224,-2.49142,0
5.27822,1.49567,-2.48921,0
5.27831,1.50963,-2.48779,0
5.2784,1.52152,-2.48289,0
5.27849,1.54181,-2.49153,0
5.27857,1.55478,-2.48817,0
5.27866,1.56669,-2.48306,0
5.27875,1.58396,-2.48632,0
5.27884,1.59804,-2.48443,0
5.27892,1.61377,-2.48498,0
5.27901,1.63282,-2.49046,0
5.2791,1.64367,-2.48331,0
5.27918,1.66171,-2.48693,0
5.27927,1.6787,-2.48877,0
5.27936,1.69573,-2.49051,0
5.27945,1.70602,-2.48227,0
5.27953,1.72937,-2.49288,0
5.27962,1.74826,-2.49678,0
5.27971,1.75856,-2.48831,0
5.2798,1.77463,-2.48794,0
5.27988,1.79073,-2.48747,0
5.27997,1.8092,-2.49015,0
5.28006,1.8236,-2.48708,0
5.28014,1.84336,-2.49115,0
5.28023,1.8572,-2.48709,0
5.28032,1.87706,-2.49094,0
5.28041,1.89578,-2.49308,0
5.28049,1.90664,-2.48478,0
5.28058,1.92665,-2.4883,0
5.28067,1.94795,-2.49327,0
5.28076,1.96253,-2.48945,0
5.28084,1.97773,-2.48635,0
5.28093,1.97854,-2.46521,0
5.28102,1.97984,-2.4449,0
5.2811,1.97784,-2.42075,0
5.28119,1.97948,-2.4013,0
5.28128,1.97651,-2.37649,0
5.28137,1.98429,-2.36478,0
5.28145,1.97585,-2.33397,0
5.28154,1.97822,-2.3162,0
5.28163,1.98504,-2.30376,0
5.28172,1.98327,-2.28149,0
5.2818,1.97936,-2.25702,0
5.28189,1.9766,-2.23413,0
5.28198,1.97034,-2.20758,0
5.28206,1.97594,-2.19451,0
5.28215,1.96869,-2.16736,0
5.28224,1.98015,-2.16096,0
5.28233,1.98278,-2.14496,0
5.28241,1.98121,-2.12458,0
5.2825,1.98155,-2.10645,0
5.28259,1.98659,-2.09343,0
5.28268,1.9798,-2.06813,0
5.28276,1.98117,-2.05156,0
5.28285,1.97544,-2.02785,0
5.28294,1.98357,-2.0185,0
5.28302,1.97828,-1.99562,0
5.28311,1.98202,-1.98202,0
5.2832,1.98213,-1.96491,0
5.28329,1.98498,-1.95063,0
5.28337,1.98344,-1.93218,0
5.28346,1.97315,-1.90545,0
5.28355,1.98289,-1.8982,0
5.28364,1.97374,-1.87301,0
5.28372,1.98044,-1.86301,0
5.28381,1.97685,-1.84344,0
5.2839,1.98414,-1.83412,0
5.28398,1.98254,-1.81666,0
5.28407,1.97712,-1.79589,0
5.28416,1.97899,-1.78189,0
5.28425,1.97481,-1.76259,0
5.28433,1.97724,-1.74932,0
5.28442,1.97358,-1.73078,0
5.28451,1.97432,-1.71625,0
5.2846,1.97194,-1.69913,0
5.28468,1.97097,-1.68337,0
5.28477,1.97143,-1.66894,0
5.28486,1.9718,-1.65454,0
5.28494,1.96977,-1.63824,0
5.28503,1.9715,-1.62518,0
5.28512,1.96928,-1.60897,0
5.28521,1.97006,-1.59533,0
5.28529,1.96375,-1.57608,0
5.28538,1.97296,-1.56936,0
5.28547,1.97193,-1.55454,0
5.28556,1.97318,-1.54162,0
5.28564,1.97593,-1.52993,0
5.28573,1.97148,-1.51277,0
5.28582,1.9701,-1.4981,0
5.2859,1.97263,-1.48648,0
5.28599,1.97749,-1.47667,0
5.28608,1.97266,-1.4597,0
5.28617,1.98143,-1.45285,0
5.28625,1.97966,-1.43831,0
5.28634,1.98511,-1.42907,0
5.28643,1.98237,-1.41401,0
5.28651,1.97464,-1.39554,0
5.2866,1.97006,-1.37945,0
5.28669,1.98099,-1.37426,0
5.28678,1.97708,-1.35881,0
5.28686,1.97968,-1.34792,0
5.28695,1.96814,-1.32752,0
5.28704,1.97973,-1.32281,0
5.28713,1.98632,-1.31471,0
5.28721,1.97531,-1.29507,0
5.2873,1.97339,-1.28154,0
5.28739,1.98149,-1.27454,0
5.28747,1.97438,-1.25782,0
5.28756,1.98239,-1.25079,0
5.28765,1.9785,-1.2363,0
5.28774,1.97962,-1.22503,0
5.28782,1.97045,-1.20749,0
5.28791,1.97399,-1.19785,0
5.288,1.96634,-1.1815,0
5.28809,1.97835,-1.177,0
5.28817,1.96021,-1.15465,0
5.28826,1.97818,-1.15364,0
5.28835,1.98147,-1.144,0
5.28843,1.97168,-1.12691,0
5.28852,1.97919,-1.11977,0
5.28861,1.97795,-1.1077,0
5.2887,1.97577,-1.09519,0
5.28878,1.9779,-1.08511,0
5.28887,1.99404,-1.08267,0
5.28896,1.96967,-1.05834,0
5.28905,1.96632,-1.04551,0
5.28913,1.97175,-1.03739,0
5.28922,1.97626,-1.02878,0
5.28931,1.97273,-1.01602,0
5.28939,1.97803,-1.00786,0
5.28948,1.96991,-0.992917,0
5.28957,1.97333,-0.983866,0
5.28966,1.96953,-0.971266,0
5.28974,1.97465,-0.963101,0
5.28983,1.96262,-0.946656,0
5.28992,1.98117,-0.944972,0
5.29001,1.97262,-0.930346,0
5.29009,1.97666,-0.92173,0
5.29018,1.97158,-0.90891,0
5.29027,1.98008,-0.902373,0
5.29035,1.97488,-0.889617,0
5.29044,1.98239,-0.882619,0
5.29053,1.96792,-0.865905,0
5.29062,1.97168,-0.857311,0
5.2907,1.9754,-0.848699,0
5.29079,1.96712,-0.834992,0
5.29088,1.97074,-0.826401,0
5.29097,1.97525,-0.818177,0
5.29105,1.97881,-0.809551,0
5.29114,1.97212,-0.796788,0
5.29123,1.96815,-0.785211,0
5.29131,1.96318,-0.773318,0
5.2914,1.97026,-0.766194,0
5.29149,1.97172,-0.756873,0
5.29158,1.98529,-0.75216,0
5.29166,1.96982,-0.736486,0
5.29175,1.97302,-0.727884,0
5.29184,1.98369,-0.722005,0
5.29193,1.98023,-0.710977,0
5.29201,1.98143,-0.701662,0
5.2921,1.97409,-0.689383,0
5.29219,1.97424,-0.679786,0
5.29227,1.9753,-0.670523,0
5.29236,1.9782,-0.661898,0
5.29245,1.97442,-0.651068,0
5.29254,1.9839,-0.64461,0
5.29262,1.97717,-0.632898,0
5.29271,1.97992,-0.624265,0
5.2928,1.97594,-0.613545,0
5.29289,1.96903,-0.601993,0
5.29297,1.97643,-0.594837,0
5.29306,1.97996,-0.586492,0
5.29315,1.97866,-0.576728,0
5.29323,1.97924,-0.567537,0
5.29332,1.97977,-0.558353,0
5.29341,1.98315,-0.549977,0
5.2935,1.97878,-0.539477,0
5.29358,1.98208,-0.531097,0
5.29367,1.97664,-0.520406,0
5.29376,1.97405,-0.510525,0
5.29385,1.98111,-0.503137,0
5.29393,1.98814,-0.495698,0
5.29402,1.98931,-0.486781,0
5.29411,1.98169,-0.475762,0
5.29419,1.97596,-0.465277,0
5.29428,1.97797,-0.456651,0
5.29437,1.97897,-0.447795,0
5.29446,1.97309,-0.437424,0
5.29454,1.96619,-0.426902,0
5.29463,1.97097,-0.418942,0
5.29472,1.94438,-0.404433,0
5.29481,1.7815,-0.362451,0
5.29489,1.7203,-0.342188,0
5.29498,1.70312,-0.331054,0
5.29507,1.69767,-0.322314,0
5.29515,1.69218,-0.313627,0
5.29524,1.68271,-0.304283,0
5.29533,1.68895,-0.297807,0
5.29542,1.68727,-0.289926,0
5.2955,1.69838,-0.284212,0
5.29559,1.69369,-0.275834,0
5.29568,1.68697,-0.26719,0
5.29577,1.6812,-0.258762,0
5.29585,1.69517,-0.253345,0
5.29594,1.6923,-0.245372,0
5.29603,1.6894,-0.237429,0
5.29611,1.68744,-0.229651,0
5.2962,1.6924,-0.222808,0
5.29629,1.68839,-0.214791,0
5.29638,1.69328,-0.207909,0
5.29646,1.6912,-0.200166,0
5.29655,1.68311,-0.191766,0
5.29664,1.66007,-0.181808,0
5.29673,1.67577,-0.17613,0
5.29681,1.65961,-0.167114,0
5.2969,1.65833,-0.159679,0
5.29699,1.64905,-0.151527,0
5.29707,1.65767,-0.145027,0
5.29716,1.64832,-0.136965,0
5.29725,1.65887,-0.130556,0
5.29734,1.65244,-0.122798,0
5.29742,1.64798,-0.115238,0
5.29751,1.64946,-0.108111,0
5.2976,1.64692,-0.10073,0
5.29769,1.64335,-0.0933164,0
5.29777,1.64474,-0.0861974,0
5.29786,1.6481,-0.079164,0
5.29795,1.64443,-0.0717975,0
5.29803,1.65472,-0.0650143,0
5.29812,1.65499,-0.0577936,0
5.29821,1.65523,-0.0505718,0
5.2983,1.65043,-0.0432182,0
5.29838,1.6606,-0.0362346,0
5.29847,1.65975,-0.028971,0
5.29856,1.67186,-0.0218858,0
5.29864,1.66494,-0.0145297,0
5.29873,1.68298,-0.00734349,0
5.29882,1.695,-4.10434e-08,0
5.29891,1.69698,0.0074045,0
5.29899,1.69294,0.014774,0
5.29908,1.69585,0.0221999,0
5.29917,1.68774,0.0294596,0
5.29926,1.6856,0.0367799,0
5.29934,1.67942,0.0439772,0
5.29943,1.68421,0.0514574,0
5.29952,1.69097,0.0590499,0
5.2996,1.6887,0.0663491,0
5.29969,1.70038,0.0742402,0
5.29978,1.71402,0.0823304,0
5.29987,1.81052,0.094885,0
5.29995,1.94786,0.110608,0
5.30004,1.97132,0.120571,0
5.30013,1.98075,0.129825,0
5.30022,1.97617,0.138188,0
5.3003,1.99251,0.148069,0
5.30039,1.98287,0.156055,0
5.30048,1.98616,0.165037,0
5.30056,1.97745,0.173004,0
5.30065,1.98663,0.182546,0
5.30074,1.97885,0.190541,0
5.30083,1.97501,0.198873,0
5.30091,1.97611,0.207698,0
5.301,1.97917,0.216754,0
5.30109,1.98019,0.225614,0
5.30118,1.98216,0.234605,0
5.30126,1.98708,0.243982,0
5.30135,1.97508,0.251262,0
5.30144,1.98884,0.261835,0
5.30152,1.9857,0.270241,0
5.30161,1.98945,0.279599,0
5.3017,1.97732,0.286698,0
5.30179,1.98001,0.295914,0
5.30187,1.98562,0.305616,0
5.30196,1.98328,0.31412,0
5.30205,1.99077,0.324218,0
5.30214,1.98638,0.332406,0
5.30222,1.98688,0.341409,0
5.30231,1.9903,0.350943,0
5.3024,1.9917,0.360158,0
5.30248,1.98814,0.36848,0
5.30257,1.9875,0.377338,0
5.30266,1.98485,0.385816,0
5.30275,1.98609,0.395058,0
5.30283,1.98631,0.404119,0
5.30292,1.98746,0.413393,0
5.30301,1.98466,0.421853,0
5.3031,1.99355,0.432842,0
5.30318,1.98774,0.440671,0
5.30327,1.98775,0.449781,0
5.30336,1.99161,0.4598,0
5.30344,1.98861,0.468256,0
5.30353,1.97877,0.475061,0
5.30362,1.98057,0.484641,0
5.30371,1.97843,0.493279,0
5.30379,1.98111,0.503137,0
5.30388,1.98567,0.513529,0
5.30397,1.97664,0.520406,0
5.30406,1.98981,0.533167,0
5.30414,1.98746,0.541844,0
5.30423,1.97641,0.548106,0
5.30432,1.98266,0.559167,0
5.3044,1.97539,0.566435,0
5.30449,1.9825,0.577847,0
5.30458,1.98092,0.586776,0
5.30467,1.98792,0.598295,0
5.30475,1.98433,0.606671,0
5.30484,1.98549,0.61651,0
5.30493,1.99708,0.629678,0
5.30502,1.98765,0.636252,0
5.3051,1.98961,0.646464,0
5.30519,1.98107,0.65326,0
5.30528,1.98389,0.663801,0
5.30536,1.97624,0.670844,0
5.30545,1.98653,0.684019,0
5.30554,1.98448,0.69301,0
5.30563,1.98803,0.703999,0
5.30571,1.98306,0.711991,0
5.3058,1.98463,0.722346,0
5.30589,1.98803,0.733422,0
5.30598,1.98668,0.74279,0
5.30606,1.98903,0.753577,0
5.30615,1.98106,0.760457,0
5.30624,1.98797,0.77308,0
5.30632,1.99202,0.784679,0
5.30641,1.99508,0.795957,0
5.3065,1.99066,0.80428,0
5.30659,1.99547,0.816366,0
5.30667,1.99373,0.825831,0
5.30676,1.99933,0.838389,0
5.30685,1.99289,0.845933,0
5.30694,1.98459,0.852647,0
5.30702,1.98635,0.86369,0
5.30711,1.98623,0.87396,0
5.3072,1.99518,0.888313,0
5.30728,1.99402,0.898242,0
5.30737,2.01374,0.917716,0
5.30746,1.99156,0.918121,0
5.30755,1.99932,0.932296,0
5.30763,1.99794,0.94229,0
5.30772,1.99652,0.95229,0
5.30781,1.99775,0.9636,0
5.3079,1.99712,0.974061,0
5.30798,1.99016,0.981439,0
5.30807,1.9966,0.995467,0
5.30816,2.00117,1.00867,0
5.30824,1.99942,1.01875,0
5.30833,2.00473,1.03251,0
5.30842,2.05609,1.07033,0
5.30851,2.07707,1.0928,0
5.30859,2.09082,1.11171,0
5.30868,2.07626,1.11561,0
5.30877,2.06258,1.11989,0
5.30886,2.06294,1.13177,0
5.30894,2.06235,1.14318,0
5.30903,2.08352,1.16683,0
5.30912,2.06797,1.17,0
5.3092,2.07239,1.18447,0
5.30929,2.08452,1.2035,0
5.30938,2.0948,1.22165,0
5.30947,2.07911,1.22469,0
5.30955,2.07289,1.23324,0
5.30964,2.07263,1.24536,0
5.30973,2.06718,1.25439,0
5.30982,2.05657,1.26027,0
5.3099,2.04425,1.26502,0
5.30999,2.04295,1.27658,0
5.31008,2.04159,1.28815,0
5.31016,2.04775,1.30456,0
5.31025,2.03279,1.30754,0
5.31034,2.04384,1.32729,0
5.31043,2.03468,1.334,0
5.31051,2.04719,1.35501,0
5.3106,2.0371,1.36115,0
5.31069,2.0386,1.37506,0
5.31078,2.05242,1.39744,0
5.31086,2.0974,1.4415,0
5.31095,2.0952,1.45349,0
5.31104,2.09293,1.46549,0
5.31112,2.09387,1.4798,0
5.31121,2.07518,1.48021,0
5.3113,2.06546,1.48692,0
5.31139,2.05895,1.49591,0
5.31147,2.06289,1.51257,0
5.31156,2.08762,1.54475,0
5.31165,2.09288,1.56282,0
5.31173,2.09243,1.57676,0
5.31182,2.09587,1.59374,0
5.31191,2.09445,1.60713,0
5.312,2.0724,1.60462,0
5.31208,2.05907,1.60872,0
5.31217,2.07952,1.63936,0
5.31226,2.07235,1.64842,0
5.31235,2.05188,1.6468,0
5.31243,2.04856,1.65889,0
5.31252,2.0444,1.67034,0
5.31261,2.03477,1.67734,0
5.31269,2.02667,1.68556,0
5.31278,2.0124,1.6886,0
5.31287,2.00043,1.69349,0
5.31296,2.00595,1.71324,0
5.31304,2.00224,1.72524,0
5.31313,1.99394,1.73331,0
5.31322,1.99764,1.75188,0
5.31331,1.99971,1.7692,0
5.31339,1.99869,1.7839,0
5.31348,2.00278,1.80331,0
5.31357,2.00525,1.82144,0
5.31365,2.00392,1.83625,0
5.31374,2.00543,1.8538,0
5.31383,2.00537,1.87004,0
5.31392,2.00375,1.88494,0
5.314,1.99405,1.89229,0
5.31409,1.99878,1.91342,0
5.31418,1.99976,1.93115,0
5.31427,2.00421,1.95242,0
5.31435,2.00352,1.96885,0
5.31444,1.99775,1.98039,0
5.31453,2.00606,2.00606,0
5.31461,2.00222,2.01977,0
5.3147,2.0011,2.03633,0
5.31479,2.00336,2.0565,0
5.31488,2.00756,2.07889,0
5.31496,2.01299,2.1028,0
5.31505,2.0155,2.1239,0
5.31514,2.02129,2.14869,0
5.31523,2.01053,2.15603,0
5.31531,2.01332,2.178,0
5.3154,2.01461,2.19856,0
5.31549,2.01239,2.21547,0
5.31557,2.01007,2.23241,0
5.31566,2.01762,2.26055,0
5.31575,2.0137,2.27608,0
5.31584,2.01694,2.29988,0
5.31592,2.01148,2.31394,0
5.31601,2.01507,2.3386,0
5.3161,1.99575,2.33673,0
5.31619,1.98425,2.34389,0
5.31627,1.96693,2.3441,0
5.31636,1.93878,2.33113,0
5.31645,1.93686,2.3496,0
5.31653,1.9171,2.34641,0
5.31662,1.89677,2.34232,0
5.31671,1.87902,2.34121,0
5.3168,1.86256,2.34156,0
5.31688,1.848,2.34417,0
5.31697,1.82975,2.34197,0
5.31706,1.81706,2.34677,0
5.31715,1.79828,2.34357,0
5.31723,1.78017,2.34104,0
5.31732,1.76753,2.34559,0
5.31741,1.75429,2.34928,0
5.31749,1.74045,2.35209,0
5.31758,1.7213,2.34756,0
5.31767,1.70164,2.3421,0
5.31776,1.68907,2.34626,0
5.31784,1.67359,2.34628,0
5.31793,1.66218,2.35193,0
5.31802,1.64043,2.34277,0
5.31811,1.63019,2.34991,0
5.31819,1.61482,2.34958,0
5.31828,1.59893,2.34834,0
5.31837,1.5814,2.34452,0
5.31845,1.5656,2.34308,0
5.31854,1.55481,2.34906,0
5.31863,1.53412,2.33993,0
5.31872,1.5239,2.3466,0
5.3188,1.50824,2.34482,0
5.31889,1.49262,2.34294,0
5.31898,1.47811,2.34267,0
5.31907,1.46576,2.3457,0
5.31915,1.44972,2.34272,0
5.31924,1.43269,2.33794,0
5.31933,1.423,2.34502,0
5.31941,1.40399,2.33664,0
5.3195,1.38816,2.33329,0
5.31959,1.36883,2.32381,0
5.31968,1.13299,1.94277,0
5.31976,1.161,2.01091,0
5.31985,1.12046,1.96039,0
5.31994,1.09367,1.93306,0
5.32003,1.0735,1.91687,0
5.32011,1.06319,1.91804,0
5.3202,1.05144,1.91652,0
5.32029,1.04116,1.91758,0
5.32037,1.02616,1.90977,0
5.32046,1.01077,1.90099,0
5.32055,0.997346,1.89564,0
5.32064,0.985833,1.89377,0
5.32072,0.979392,1.90161,0
5.32081,0.961552,1.88715,0
5.3209,0.95916,1.90294,0
5.32099,0.939246,1.88384,0
5.32107,0.933229,1.8924,0
5.32116,0.919264,1.88477,0
5.32125,0.911032,1.88876,0
5.32133,0.900199,1.88731,0
5.32142,0.892808,1.89302,0
5.32151,0.882004,1.89146,0
5.3216,0.867882,1.88258,0
5.32168,0.862147,1.89181,0
5.32177,0.847724,1.88188,0
5.32186,0.837471,1.88099,0
5.32195,0.831269,1.8892,0
5.32203,0.815841,1.8763,0
5.32212,0.787119,1.83207,0
5.32221,0.772475,1.81984,0
5.32229,0.763367,1.82042,0
5.32238,0.75006,1.8108,0
5.32247,0.749346,1.83164,0
5.32256,0.738724,1.82841,0
5.32264,0.728145,1.82511,0
5.32273,0.724206,1.83851,0
5.32282,0.77743,1.99916,0
5.32291,0.787334,2.05108,0
5.32299,0.792549,2.0919,0
5.32308,0.795321,2.12718,0
5.32317,0.83345,2.25916,0
5.32325,0.706272,1.94047,0
5.32334,0.693405,1.93129,0
5.32343,0.684304,1.93242,0
5.32352,0.674217,1.93066,0
5.3236,0.661555,1.92129,0
5.32369,0.652844,1.92322,0
5.32378,0.642225,1.91941,0
5.32386,0.634157,1.92314,0
5.32395,0.621433,1.91257,0
5.32404,0.61796,1.93051,0
5.32413,0.608027,1.92842,0
5.32421,0.597531,1.92437,0
5.3243,0.587375,1.92122,0
5.32439,0.579851,1.92663,0
5.32448,0.570871,1.92723,0
5.32456,0.560498,1.92298,0
5.32465,0.553204,1.92925,0
5.32474,0.545052,1.93261,0
5.32482,0.605829,2.18455,0
5.32491,0.59787,2.19296,0
5.325,0.583119,2.17623,0
5.32509,0.575146,2.18456,0
5.32517,0.563605,2.1793,0
5.32526,0.550153,2.16623,0
5.32535,0.53368,2.14047,0
5.32544,0.528138,2.15832,0
5.32552,0.518482,2.15963,0
5.32561,0.505387,2.1463,0
5.3257,0.500516,2.16797,0
5.32578,0.481783,2.12917,0
5.32587,0.478764,2.15957,0
5.32596,0.462123,2.12841,0
5.32605,0.453455,2.13334,0
5.32613,0.440274,2.1167,0
5.32622,0.426647,2.09704,0
5.32631,0.413006,2.07632,0
5.3264,0.404515,2.08105,0
5.32648,0.392447,2.06708,0
5.32657,0.382148,2.06189,0
5.32666,0.373682,2.06649,0
5.32674,0.362751,2.05726,0
5.32683,0.352924,2.0539,0
5.32692,0.343464,2.05246,0
5.32701,0.330648,2.03025,0
5.32709,0.321629,2.03069,0
5.32718,0.310484,2.01725,0
5.32727,0.302714,2.0255,0
5.32736,0.292295,2.01592,0
5.32744,0.284052,2.02114,0
5.32753,0.275905,2.02731,0
5.32762,0.265751,2.01858,0
5.3277,0.256058,2.01278,0
5.32779,0.245811,2.00197,0
5.32788,0.235427,1.98912,0
5.32797,0.228784,2.00801,0
5.32805,0.218822,1.99805,0
5.32814,0.207698,1.97611,0
5.32823,0.200176,1.98795,0
5.32832,0.190829,1.98183,0
5.3284,0.181814,1.97866,0
5.32849,0.173004,1.97745,0
5.32858,0.164788,1.98317,0
5.32866,0.154957,1.96891,0
5.32875,0.145697,1.96059,0
5.32884,0.136304,1.94924,0
5.32893,0.12819,1.9558,0
5.32901,0.119655,1.95634,0
5.3291,0.111005,1.95485,0
5.32919,0.102579,1.95731,0
5.32928,0.0947089,1.97173,0
5.32936,0.0855813,1.96013,0
5.32945,0.0765567,1.9485,0
5.32954,0.0681937,1.95281,0
5.32962,0.0601304,1.96808,0
5.32971,0.0509404,1.94533,0
5.3298,0.0425173,1.94854,0
5.32989,0.0341719,1.9577,0
5.32997,0.025407,1.94083,0
5.33006,0.0169383,1.94093,0
5.33015,0.00821182,1.88198,0
5.33024,6.88354e-08,1.892,0
5.33032,-0.00827713,1.89698,0
5.33041,-0.0165716,1.89893,0
5.3305,-0.0249094,1.90284,0
5.33058,-0.0331071,1.89671,0
5.33067,-0.0414482,1.89955,0
5.33076,-0.0490817,1.87436,0
5.33085,-0.0565573,1.85114,0
5.33093,-0.0638311,1.82789,0
5.33102,-0.0717669,1.82659,0
5.33111,-0.077119,1.76632,0
5.3312,-0.0850652,1.77096,0
5.33128,-0.0913262,1.74261,0
5.33137,-0.0984753,1.73421,0
5.33146,-0.105064,1.71779,0
5.33154,-0.113147,1.7263,0
5.33163,-0.120609,1.72479,0
5.33172,-0.127467,1.71527,0
5.33181,-0.135028,1.71569,0
5.33189,-0.141519,1.70313,0
5.33198,-0.148688,1.69951,0
5.33207,-0.155187,1.68889,0
5.33216,-0.162363,1.6862,0
5.33224,-0.170921,1.69742,0
5.33233,-0.177071,1.68472,0
5.33242,-0.185945,1.69785,0
5.3325,-0.190181,1.6692,0
5.33259,-0.196052,1.65644,0
5.33268,-0.206325,1.68038,0
5.33277,-0.212014,1.66657,0
5.33285,-0.219153,1.66464,0
5.33294,-0.225471,1.65673,0
5.33303,-0.234228,1.66662,0
5.33312,-0.239633,1.65272,0
5.3332,-0.247581,1.6566,0
5.33329,-0.254198,1.65155,0
5.33338,-0.259681,1.63956,0
5.33346,-0.266993,1.6394,0
5.33355,-0.273484,1.63428,0
5.33364,-0.279935,1.62912,0
5.33373,-0.29225,1.65743,0
5.33381,-0.296632,1.6404,0
5.3339,-0.301782,1.62827,0
5.33399,-0.304967,1.60631,0
5.33408,-0.315407,1.62263,0
5.33416,-0.32385,1.6281,0
5.33425,-0.326963,1.60708,0
5.33434,-0.339063,1.63011,0
5.33442,-0.34846,1.63938,0
5.33451,-0.350517,1.61439,0
5.3346,-0.358857,1.6187,0
5.33469,-0.370772,1.63858,0
5.33477,-0.372294,1.61258,0
5.33486,-0.383681,1.62944,0
5.33495,-0.387052,1.61219,0
5.33504,-0.394321,1.61146,0
5.33512,-0.406187,1.62913,0
5.33521,-0.408122,1.60698,0
5.3353,-0.416632,1.611,0
5.33538,-0.424931,1.614,0
5.33547,-0.432228,1.6131,0
5.33556,-0.437947,1.60637,0
5.33565,-0.447624,1.61408,0
5.33573,-0.453577,1.60826,0
5.33582,-0.465,1.62165,0
5.33591,-0.482145,1.65417,0
5.336,-0.481406,1.6252,0
5.33608,-0.488493,1.62308,0
5.33617,-0.504049,1.64867,0
5.33626,-0.505603,1.62831,0
5.33634,-0.511801,1.62323,0
5.33643,-0.51583,1.61145,0
5.33652,-0.535835,1.64913,0
5.33661,-0.535197,1.62304,0
5.33669,-0.549572,1.6425,0
5.33678,-0.556412,1.63914,0
5.33687,-0.559652,1.62535,0
5.33695,-0.534758,1.53131,0
5.33704,-0.436286,1.23203,0
5.33713,-0.372384,1.03718,0
5.33722,-0.328681,0.903045,0
5.3373,-0.363423,0.985101,0
5.33739,-0.301879,0.807411,0
5.33748,-0.400349,1.0567,0
5.33757,-0.347259,0.904639,0
5.33765,-0.312784,0.804323,0
5.33774,-0.310427,0.788064,0
5.33783,-0.301634,0.756051,0
5.33791,-0.296314,0.733402,0
5.338,-0.288909,0.706187,0
5.33809,-0.293518,0.708616,0
5.33818,-0.296607,0.707328,0
5.33826,-0.295783,0.696822,0
5.33835,-0.302374,0.703794,0
5.33844,-0.297866,0.685044,0
5.33853,-0.302463,0.687399,0
5.33861,-0.298951,0.671456,0
5.3387,-0.304753,0.676527,0
5.33879,-0.300653,0.659722,0
5.33887,-0.30604,0.663853,0
5.33896,-0.299636,0.642572,0
5.33905,-0.299878,0.635832,0
5.33914,-0.297483,0.623686,0
5.33922,-0.303677,0.629588,0
5.33931,-0.300284,0.615674,0
5.3394,-0.29766,0.603595,0
5.33949,-0.300737,0.603186,0
5.33957,-0.299766,0.594724,0
5.33966,-0.302358,0.59341,0
5.33975,-0.299907,0.582306,0
5.33983,-0.303369,0.582766,0
5.33992,-0.302649,0.575242,0
5.34001,-0.306095,0.575682,0
5.3401,-0.299138,0.556723,0
5.34018,-0.30061,0.553655,0
5.34027,-0.302542,0.551461,0
5.34036,-0.299128,0.53964,0
5.34045,-0.302945,0.540948,0
5.34053,-0.298409,0.527436,0
5.34062,-0.305669,0.53481,0
5.34071,-0.3125,0.541266,0
5.34079,-0.314355,0.539033,0
5.34088,-0.310106,0.526455,0
5.34097,-0.30831,0.518222,0
5.34106,-0.308508,0.513443,0
5.34114,-0.312301,0.514657,0
5.34123,-0.310364,0.506468,0
5.34132,-0.313623,0.50681,0
5.34141,-0.313182,0.501196,0
5.34149,-0.313765,0.497288,0
5.34158,-0.307335,0.48242,0
5.34167,-0.309978,0.481915,0
5.34175,-0.310444,0.478042,0
5.34184,-0.315269,0.480865,0
5.34193,-0.311292,0.470312,0
5.34202,-0.31223,0.467286,0
5.3421,-0.30476,0.451825,0
5.34219,-0.302789,0.444705,0
5.34228,-0.306992,0.446676,0
5.34237,-0.309508,0.446154,0
5.34245,-0.300554,0.429236,0
5.34254,-0.29319,0.414854,0
5.34263,-0.295578,0.414385,0
5.34271,-0.294462,0.409033,0
5.3428,-0.282137,0.388328,0
5.34289,-0.244802,0.333868,0
5.34298,-0.233171,0.315112,0
5.34306,-0.22856,0.306079,0
5.34315,-0.229893,0.305079,0
5.34324,-0.232433,0.305665,0
5.34333,-0.233156,0.303854,0
5.34341,-0.239377,0.30916,0
5.3435,-0.245649,0.314416,0
5.34359,-0.239589,0.303918,0
5.34367,-0.230953,0.290348,0
5.34376,-0.226584,0.282318,0
5.34385,-0.23159,0.28599,0
5.34394,-0.233468,0.285751,0
5.34402,-0.232805,0.282415,0
5.34411,-0.237871,0.286009,0
5.3442,-0.23526,0.280372,0
5.34429,-0.231312,0.273237,0
5.34437,-0.23575,0.276027,0
5.34446,-0.231077,0.268178,0
5.34455,-0.236181,0.271695,0
5.34463,-0.236705,0.26991,0
5.34472,-0.241194,0.27262,0
5.34481,-0.235056,0.263358,0
5.3449,-0.231519,0.257128,0
5.34498,-0.231294,0.254635,0
5.34507,-0.216189,0.235929,0
5.34516,-0.206355,0.223234,0
5.34525,-0.184822,0.198197,0
5.34533,-0.289832,0.308101,0
5.34542,-0.163828,0.172639,0
5.34551,-0.139686,0.145918,0
5.34559,-0.126428,0.13092,0
5.34568,-0.1263,0.129651,0
5.34577,-0.102333,0.104135,0
5.34586,-0.0591372,0.0596556,0
5.34594,-0.0565685,0.0565685,0
