7200
1408
1.22173
1.23744,-0.0763675,-0.0763675,0
1.23753,-0.0506891,-0.0511333,0
1.23761,-0.104435,-0.106274,0
1.2377,-0.101877,-0.10458,0
1.23779,-0.0910002,-0.0942335,0
1.23787,-0.119632,-0.124969,0
1.23796,-0.109448,-0.115335,0
1.23805,-0.137722,-0.146403,0
1.23814,-0.148676,-0.159435,0
1.23822,-0.154767,-0.167426,0
1.23831,-0.168898,-0.184319,0
1.2384,-0.168092,-0.185055,0
1.23849,-0.174643,-0.193961,0
1.23857,-0.167136,-0.18726,0
1.23866,-0.168968,-0.190984,0
1.23875,-0.185936,-0.212019,0
1.23883,-0.227652,-0.261884,0
1.23892,-0.286562,-0.332571,0
1.23901,-0.287705,-0.33686,0
1.2391,-0.292694,-0.345744,0
1.23918,-0.275756,-0.328633,0
1.23927,-0.275598,-0.331371,0
1.23936,-0.283691,-0.344145,0
1.23945,-0.290412,-0.355446,0
1.23953,-0.286341,-0.353601,0
1.23962,-0.299191,-0.372785,0
1.23971,-0.297562,-0.374087,0
1.23979,-0.301499,-0.382449,0
1.23988,-0.301674,-0.386125,0
1.23997,-0.301211,-0.389019,0
1.24006,-0.304381,-0.396677,0
1.24014,-0.301436,-0.396409,0
1.24023,-0.299102,-0.396922,0
1.24032,-0.296769,-0.397422,0
1.24041,-0.302765,-0.409163,0
1.24049,-0.297429,-0.405642,0
1.24058,-0.301534,-0.415026,0
1.24067,-0.298552,-0.414714,0
1.24075,-0.29732,-0.416827,0
1.24084,-0.30127,-0.426287,0
1.24093,-0.298833,-0.426778,0
1.24102,-0.302098,-0.435473,0
1.2411,-0.299062,-0.435139,0
1.24119,-0.303915,-0.446358,0
1.24128,-0.301964,-0.44768,0
1.24137,-0.294452,-0.440679,0
1.24145,-0.298598,-0.451132,0
1.24154,-0.29553,-0.450758,0
1.24163,-0.298462,-0.459591,0
1.24171,-0.293208,-0.455843,0
1.2418,-0.292828,-0.459648,0
1.24189,-0.300959,-0.47699,0
1.24198,-0.297285,-0.475755,0
1.24206,-0.288365,-0.465993,0
1.24215,-0.293644,-0.479184,0
1.24224,-0.294663,-0.48559,0
1.24233,-0.293057,-0.487728,0
1.24241,-0.29246,-0.49158,0
1.2425,-0.295387,-0.501468,0
1.24259,-0.291181,-0.499297,0
1.24267,-0.2925,-0.506625,0
1.24276,-0.290287,-0.507896,0
1.24285,-0.293484,-0.518732,0
1.24294,-0.286332,-0.511283,0
1.24302,-0.289431,-0.522148,0
1.24311,-0.281378,-0.512885,0
1.2432,-0.291067,-0.536078,0
1.24329,-0.287305,-0.534701,0
1.24337,-0.2845,-0.535066,0
1.24346,-0.285887,-0.543382,0
1.24355,-0.287669,-0.552608,0
1.24363,-0.286629,-0.556525,0
1.24372,-0.28556,-0.560443,0
1.24381,-0.293014,-0.581329,0
1.2439,-0.293152,-0.587972,0
1.24398,-0.297218,-0.602698,0
1.24407,-0.298531,-0.612079,0
1.24416,-0.295423,-0.612475,0
1.24425,-0.291887,-0.611953,0
1.24433,-0.297318,-0.630405,0
1.24442,-0.294142,-0.63079,0
1.24451,-0.294318,-0.638425,0
1.24459,-0.293603,-0.644253,0
1.24468,-0.294896,-0.654645,0
1.24477,-0.290817,-0.653185,0
1.24486,-0.2932,-0.666347,0
1.24494,-0.291884,-0.671288,0
1.24503,-0.292505,-0.680824,0
1.24512,-0.295393,-0.695902,0
1.24521,-0.295447,-0.704562,0
1.24529,-0.295432,-0.713235,0
1.24538,-0.292317,-0.714517,0
1.24547,-0.292942,-0.725058,0
1.24555,-0.293852,-0.736546,0
1.24564,-0.292101,-0.741543,0
1.24573,-0.292488,-0.75213,0
1.24582,-0.29637,-0.772071,0
1.2459,-0.295479,-0.779903,0
1.24599,-0.291022,-0.778375,0
1.24608,-0.288316,-0.781513,0
1.24617,-0.275326,-0.756453,0
1.24625,-0.285202,-0.794353,0
1.24634,-0.293082,-0.827639,0
1.24643,-0.291117,-0.833631,0
1.24651,-0.294314,-0.854749,0
1.2466,-0.291867,-0.859813,0
1.24669,-0.297949,-0.890476,0
1.24678,-0.295627,-0.896516,0
1.24686,-0.29542,-0.90921,0
1.24695,-0.291755,-0.911443,0
1.24704,-0.29379,-0.931781,0
1.24713,-0.2915,-0.938785,0
1.24721,-0.294418,-0.962999,0
1.2473,-0.294825,-0.979595,0
1.24739,-0.295376,-0.997172,0
1.24747,-0.299137,-1.02629,0
1.24756,-0.296861,-1.03528,0
1.24765,-0.300213,-1.06448,0
1.24774,-0.298773,-1.07734,0
1.24782,-0.302486,-1.10951,0
1.24791,-0.30023,-1.12047,0
1.248,-0.298903,-1.13531,0
1.24808,-0.293946,-1.13661,0
1.24817,-0.295876,-1.16502,0
1.24826,-0.292967,-1.17503,0
1.24835,-0.292829,-1.19669,0
1.24843,-0.290173,-1.20866,0
1.24852,-0.287647,-1.22159,0
1.24861,-0.287038,-1.2433,0
1.2487,-0.279182,-1.23381,0
1.24878,-0.274445,-1.23794,0
1.24887,-0.284955,-1.31242,0
1.24896,-0.289205,-1.3606,0
1.24904,-0.289782,-1.39318,0
1.24913,-0.28689,-1.41011,0
1.24922,-0.282296,-1.4192,0
1.24931,-0.274383,-1.41158,0
1.24939,-0.269714,-1.42062,0
1.24948,-0.262601,-1.41687,0
1.24957,-0.256239,-1.41702,0
1.24966,-0.256305,-1.45358,0
1.24974,-0.258766,-1.50593,0
1.24983,-0.256319,-1.5317,0
1.24992,-0.250758,-1.53971,0
1.25,-0.244976,-1.54672,0
1.25009,-0.236096,-1.53394,0
1.25018,-0.230139,-1.5399,0
1.25027,-0.223992,-1.54485,0
1.25035,-0.218502,-1.55472,0
1.25044,-0.210772,-1.54872,0
1.25053,-0.20349,-1.54566,0
1.25062,-0.19687,-1.54753,0
1.2507,-0.189872,-1.54639,0
1.25079,-0.182888,-1.54521,0
1.25088,-0.176371,-1.54798,0
1.25096,-0.16907,-1.54377,0
1.25105,-0.162437,-1.54549,0
1.25114,-0.155392,-1.5432,0
1.25123,-0.148465,-1.54187,0
1.25131,-0.142377,-1.54947,0
1.2514,-0.135614,-1.55008,0
1.25149,-0.127856,-1.5387,0
1.25158,-0.120827,-1.53525,0
1.25166,-0.114942,-1.54674,0
1.25175,-0.110773,-1.58413,0
1.25184,-0.106084,-1.61853,0
1.25192,-0.100242,-1.63894,0
1.25201,-0.0928061,-1.63437,0
1.2521,-0.0863543,-1.64774,0
1.25219,-0.0815628,-1.69804,0
1.25227,-0.0820045,-1.87821,0
1.25236,-0.0757715,-1.92851,0
1.25245,-0.0676003,-1.93582,0
1.25254,-0.0597334,-1.95509,0
1.25262,-0.0524586,-2.00331,0
1.25271,-0.0449169,-2.05851,0
1.2528,-0.0361614,-2.07168,0
1.25288,-0.0254069,-1.94083,0
1.25297,-0.0160307,-1.83693,0
1.25306,-0.00814632,-1.86698,0
1.25315,-2.2045e-08,-1.83,0
1.25323,0.00799792,-1.83298,0
1.25332,0.0162924,-1.86693,0
1.25341,0.0263362,-2.01183,0
1.2535,0.0365628,-2.09468,0
1.25358,0.0467056,-2.14049,0
1.25367,0.0549977,-2.10028,0
1.25376,0.0588477,-1.9261,0
1.25384,0.0632728,-1.8119,0
1.25393,0.071924,-1.83059,0
1.25402,0.0799107,-1.83026,0
1.25411,0.087704,-1.82589,0
1.25419,0.102788,-1.96131,0
1.25428,0.119452,-2.10361,0
1.25437,0.133696,-2.18592,0
1.25446,0.146111,-2.22922,0
1.25454,0.156533,-2.23853,0
1.25463,0.164373,-2.2119,0
1.25472,0.175042,-2.22412,0
1.2548,0.183586,-2.20939,0
1.25489,0.19305,-2.20657,0
1.25498,0.204415,-2.22463,0
1.25507,0.214215,-2.22471,0
1.25515,0.223019,-2.2148,0
1.25524,0.23268,-2.21381,0
1.25533,0.243971,-2.22768,0
1.25542,0.253575,-2.2256,0
1.2555,0.261638,-2.21057,0
1.25559,0.271037,-2.20742,0
1.25568,0.281802,-2.21515,0
1.25576,0.29016,-2.20398,0
1.25585,0.298155,-2.1908,0
1.25594,0.316897,-2.25484,0
1.25603,0.321136,-2.21484,0
1.25611,0.33331,-2.23023,0
1.2562,0.341213,-2.21689,0
1.25629,0.351195,-2.21736,0
1.25638,0.36794,-2.25923,0
1.25646,0.371027,-2.21717,0
1.25655,0.378835,-2.20469,0
1.25664,0.386888,-2.19415,0
1.25672,0.401974,-2.22295,0
1.25681,0.409301,-2.20839,0
1.2569,0.42658,-2.24686,0
1.25699,0.436762,-2.24694,0
1.25707,0.440319,-2.21363,0
1.25716,0.45117,-2.21757,0
1.25725,0.459212,-2.20775,0
1.25734,0.461772,-2.17247,0
1.25742,0.474217,-2.18411,0
1.25751,0.494132,-2.22888,0
1.2576,0.502087,-2.2189,0
1.25768,0.512888,-2.22156,0
1.25777,0.523035,-2.22125,0
1.25786,0.531088,-2.21214,0
1.25795,0.539785,-2.20592,0
1.25803,0.549163,-2.20257,0
1.25812,0.56246,-2.21469,0
1.25821,0.575624,-2.22577,0
1.2583,0.57591,-2.18746,0
1.25838,0.595284,-2.22163,0
1.25847,0.599711,-2.19972,0
1.25856,0.613312,-2.21153,0
1.25864,0.623227,-2.2098,0
1.25873,0.630658,-2.19937,0
1.25882,0.651442,-2.235,0
1.25891,0.655791,-2.21391,0
1.25899,0.669768,-2.2254,0
1.25908,1.29696,-4.24217,0
1.25917,0.683232,-2.20037,0
1.25926,1.34927,-4.27933,0
1.25934,0.697834,-2.18003,0
1.25943,1.38285,-4.25598,0
1.25952,1.38888,-4.21192,0
1.2596,0.738051,-2.2058,0
1.25969,0.757954,-2.23286,0
1.25978,0.756946,-2.19833,0
1.25987,1.48954,-4.26539,0
1.25995,1.5048,-4.24943,0
1.26004,1.52063,-4.23529,0
1.26013,1.52951,-4.20231,0
1.26021,1.55476,-4.21436,0
1.2603,1.58329,-4.23469,0
1.26039,1.61273,-4.25674,0
1.26048,1.63129,-4.24966,0
1.26056,1.64257,-4.22386,0
1.26065,1.67418,-4.25015,0
1.26074,1.69938,-4.25952,0
1.26083,1.71607,-4.24743,0
1.26091,1.72853,-4.22509,0
1.261,1.75346,-4.23322,0
1.26109,1.78119,-4.24766,0
1.26117,1.79854,-4.23708,0
1.26126,1.8099,-4.21266,0
1.26135,1.84142,-4.23498,0
1.26144,1.86472,-4.23789,0
1.26152,1.87465,-4.21053,0
1.26161,1.87986,-4.17313,0
1.2617,1.87317,-4.1103,0
1.26179,1.87978,-4.07756,0
1.26187,1.87558,-4.02219,0
1.26196,1.87733,-3.98051,0
1.26205,1.87488,-3.93076,0
1.26213,1.87767,-3.89282,0
1.26222,1.87754,-3.84953,0
1.26231,1.8753,-3.80274,0
1.2624,1.87849,-3.76767,0
1.26248,1.87376,-3.71747,0
1.26257,1.87316,-3.67629,0
1.26266,1.87454,-3.63964,0
1.26275,1.86916,-3.59062,0
1.26283,1.87503,-3.56385,0
1.26292,1.86944,-3.5159,0
1.26301,1.87245,-3.4848,0
1.26309,1.8738,-3.45111,0
1.26318,1.87393,-3.41573,0
1.26327,1.86991,-3.37341,0
1.26336,1.86262,-3.32595,0
1.26344,1.87466,-3.31344,0
1.26353,1.87421,-3.27919,0
1.26362,1.874,-3.24586,0
1.26371,1.87303,-3.21174,0
1.26379,1.86774,-3.1708,0
1.26388,1.87389,-3.14972,0
1.26397,1.86083,-3.09695,0
1.26405,1.86499,-3.07341,0
1.26414,1.87159,-3.05416,0
1.26423,1.86438,-3.0128,0
1.26432,1.86161,-2.97919,0
1.2644,1.38953,-2.20228,0
1.26449,1.40611,-2.20716,0
1.26458,1.41357,-2.19763,0
1.26467,1.4226,-2.19061,0
1.26475,1.43817,-2.19358,0
1.26484,1.44552,-2.18395,0
1.26493,1.45782,-2.18178,0
1.26501,1.46676,-2.17457,0
1.2651,1.48412,-2.17972,0
1.26519,1.50891,-2.19547,0
1.26528,1.60055,-2.30718,0
1.26536,1.63699,-2.33786,0
1.26545,1.67314,-2.36744,0
1.26554,1.88148,-2.63773,0
1.26563,1.88421,-2.61733,0
1.26571,1.89032,-2.6018,0
1.2658,1.82537,-2.48949,0
1.26589,1.82789,-2.47025,0
1.26597,1.84463,-2.47027,0
1.26606,1.856,-2.46299,0
1.26615,1.87762,-2.4692,0
1.26624,1.89568,-2.4705,0
1.26632,1.91685,-2.47565,0
1.26641,1.92764,-2.46726,0
1.2665,1.94086,-2.46197,0
1.26659,1.95781,-2.4613,0
1.26667,1.97541,-2.46132,0
1.26676,1.9918,-2.45967,0
1.26685,2.02149,-2.47418,0
1.26693,2.031,-2.4638,0
1.26702,2.04493,-2.45876,0
1.26711,2.06078,-2.45594,0
1.2672,2.07923,-2.45608,0
1.26728,2.10421,-2.46372,0
1.26737,2.12669,-2.46815,0
1.26746,2.13941,-2.46111,0
1.26755,2.15936,-2.46228,0
1.26763,2.17538,-2.45882,0
1.26772,2.19674,-2.46124,0
1.26781,2.21148,-2.45609,0
1.26789,2.23764,-2.46345,0
1.26798,2.25309,-2.45882,0
1.26807,2.27059,-2.45631,0
1.26816,2.29015,-2.45589,0
1.26824,2.29399,-2.43859,0
1.26833,2.29842,-2.42202,0
1.26842,2.29167,-2.39391,0
1.26851,2.29029,-2.37166,0
1.26859,2.29364,-2.35448,0
1.26868,2.28707,-2.32734,0
1.26877,2.09515,-2.11351,0
1.26885,2.03364,-2.03364,0
1.26894,2.02332,-2.00574,0
1.26903,2.02492,-1.98988,0
1.26912,2.0214,-1.96916,0
1.2692,2.01991,-1.9506,0
1.26929,2.01973,-1.93347,0
1.26938,2.01799,-1.915,0
1.26947,2.00521,-1.88631,0
1.26955,2.01488,-1.87891,0
1.26964,2.02086,-1.86806,0
1.26973,2.02309,-1.85382,0
1.26981,2.01783,-1.83287,0
1.2699,2.01244,-1.81201,0
1.26999,2.01062,-1.79455,0
1.27008,2.01694,-1.78444,0
1.27016,2.01343,-1.76573,0
1.27025,2.01809,-1.7543,0
1.27034,2.01664,-1.73765,0
1.27043,2.00975,-1.71649,0
1.27051,2.0157,-1.70641,0
1.2706,2.01163,-1.68796,0
1.27069,2.01283,-1.67405,0
1.27077,2.00931,-1.65635,0
1.27086,2.01807,-1.64883,0
1.27095,2.01903,-1.63497,0
1.27104,2.01366,-1.61613,0
1.27112,2.00269,-1.59301,0
1.27121,2.00413,-1.57993,0
1.2713,2.01416,-1.57363,0
1.27139,2.01389,-1.55932,0
1.27147,2.01274,-1.54443,0
1.27156,2.00831,-1.52716,0
1.27165,2.00617,-1.51176,0
1.27173,2.00794,-1.4994,0
1.27182,2.00562,-1.48408,0
1.27191,2.01289,-1.47591,0
1.272,2.00394,-1.45594,0
1.27208,2.00702,-1.44485,0
1.27217,2.00517,-1.43027,0
1.27226,2.00404,-1.41631,0
1.27235,2.00692,-1.40526,0
1.27243,2.00646,-1.39193,0
1.27252,2.0084,-1.38033,0
1.27261,1.99291,-1.35692,0
1.27269,1.99632,-1.34654,0
1.27278,2.00052,-1.3367,0
1.27287,2.008,-1.32906,0
1.27296,2.00792,-1.31645,0
1.27304,2.00694,-1.30332,0
1.27313,2.00251,-1.28806,0
1.27322,2.00643,-1.27824,0
1.2733,2.00353,-1.26413,0
1.27339,2.00733,-1.25432,0
1.27348,2.00768,-1.24239,0
1.27357,2.00967,-1.23153,0
1.27365,2.0022,-1.21497,0
1.27374,2.01263,-1.20931,0
1.27383,1.99984,-1.18978,0
1.27392,2.00156,-1.17901,0
1.274,2.00842,-1.17127,0
1.27409,1.99879,-1.154,0
1.27418,2.00207,-1.14428,0
1.27426,1.98963,-1.12568,0
1.27435,1.99278,-1.11601,0
1.27444,2.00113,-1.10924,0
1.27453,2.00595,-1.1005,0
1.27461,2.00019,-1.08601,0
1.2747,1.99434,-1.0716,0
1.27479,2.00782,-1.06758,0
1.27488,2.00096,-1.05275,0
1.27496,2.00819,-1.0454,0
1.27505,2.01185,-1.03617,0
1.27514,2.00655,-1.02239,0
1.27522,1.99938,-1.00777,0
1.27531,2.00555,-0.999929,0
1.2754,2.00272,-0.987631,0
1.27549,2.00251,-0.976691,0
1.27557,1.99595,-0.962731,0
1.27566,1.99381,-0.950999,0
1.27575,2.00065,-0.94357,0
1.27584,1.99206,-0.928915,0
1.27592,2.00518,-0.924401,0
1.27601,1.99463,-0.909008,0
1.2761,1.9922,-0.897421,0
1.27618,1.9897,-0.885872,0
1.27627,2.00179,-0.880807,0
1.27636,1.99277,-0.866482,0
1.27645,2.00572,-0.861726,0
1.27653,1.9975,-0.847887,0
1.27662,1.99195,-0.835296,0
1.27671,1.99835,-0.827744,0
1.2768,1.99361,-0.815609,0
1.27688,1.99901,-0.807652,0
1.27697,1.99044,-0.794105,0
1.27706,1.99295,-0.785046,0
1.27714,1.99263,-0.774893,0
1.27723,1.98573,-0.762249,0
1.27732,1.99371,-0.755349,0
1.27741,1.98387,-0.741739,0
1.27749,1.98897,-0.733768,0
1.27758,1.99591,-0.726451,0
1.27767,1.99906,-0.717735,0
1.27776,1.98897,-0.704332,0
1.27784,1.98353,-0.69268,0
1.27793,1.9733,-0.679461,0
1.27802,1.95636,-0.664094,0
1.2781,1.80276,-0.603196,0
1.27819,1.72845,-0.569958,0
1.27828,1.71475,-0.557158,0
1.27837,1.70955,-0.547231,0
1.27845,1.71288,-0.540068,0
1.27854,1.71235,-0.531699,0
1.27863,1.70796,-0.522176,0
1.27872,1.70256,-0.512413,0
1.2788,1.71341,-0.507535,0
1.27889,1.70793,-0.497816,0
1.27898,1.70528,-0.488981,0
1.27906,1.70066,-0.479635,0
1.27915,1.70659,-0.473279,0
1.27924,1.71443,-0.467406,0
1.27933,1.70776,-0.457592,0
1.27941,1.70007,-0.44759,0
1.2795,1.70394,-0.440669,0
1.27959,1.71166,-0.434707,0
1.27968,1.71257,-0.426992,0
1.27976,1.71248,-0.41904,0
1.27985,1.70359,-0.408996,0
1.27994,1.70341,-0.401101,0
1.28002,1.6993,-0.392315,0
1.28011,1.70295,-0.385338,0
1.2802,1.69973,-0.376821,0
1.28029,1.69745,-0.368553,0
1.28037,1.70589,-0.362598,0
1.28046,1.70354,-0.354337,0
1.28055,1.70899,-0.347698,0
1.28064,1.6997,-0.338092,0
1.28072,1.70116,-0.330672,0
1.28081,1.70652,-0.323992,0
1.2809,1.71283,-0.317454,0
1.28098,1.70633,-0.308554,0
1.28107,1.7047,-0.300585,0
1.28116,1.70501,-0.292975,0
1.28125,1.70233,-0.284872,0
1.28133,1.7075,-0.278085,0
1.28142,1.7008,-0.26938,0
1.28151,1.70591,-0.262565,0
1.2816,1.70309,-0.254528,0
1.28168,1.69923,-0.246377,0
1.28177,1.70227,-0.239239,0
1.28186,1.7033,-0.231809,0
1.28194,1.70429,-0.224375,0
1.28203,1.69732,-0.215926,0
1.28212,1.69725,-0.208397,0
1.28221,1.68921,-0.199931,0
1.28229,1.69603,-0.193238,0
1.28238,1.70878,-0.187142,0
1.28247,1.70759,-0.179475,0
1.28256,1.69941,-0.171121,0
1.28264,1.70014,-0.163705,0
1.28273,1.69884,-0.156102,0
1.28282,1.7015,-0.148862,0
1.2829,1.69615,-0.14094,0
1.28299,1.69974,-0.133773,0
1.28308,1.69433,-0.12591,0
1.28317,1.69686,-0.118656,0
1.28325,1.70135,-0.111512,0
1.28334,1.69583,-0.103722,0
1.28343,1.69826,-0.0964345,0
1.28352,1.69368,-0.0887618,0
1.2836,1.68805,-0.0810831,0
1.28369,1.70138,-0.0742839,0
1.28378,1.6877,-0.0663099,0
1.28386,1.68497,-0.0588406,0
1.28395,1.69421,-0.0517628,0
1.28404,1.70042,-0.044527,0
1.28413,1.6936,-0.0369545,0
1.28421,1.69574,-0.0295993,0
1.2843,1.69086,-0.0221345,0
1.28439,1.69594,-0.0148002,0
1.28448,1.70198,-0.00742639,0
1.28456,1.697,-4.10918e-08,0
1.28465,1.69998,0.00741758,0
1.28474,1.69794,0.0148176,0
1.28482,1.70185,0.0222785,0
1.28491,1.68374,0.0293898,0
1.285,1.6736,0.0365181,0
1.28509,1.67043,0.0437416,0
1.28517,1.66422,0.0508466,0
1.28526,1.65899,0.0579331,0
1.28535,1.65672,0.0650927,0
1.28543,1.64543,0.0718411,0
1.28552,1.64211,0.078876,0
1.28561,1.65473,0.0867206,0
1.2857,1.65733,0.09411,0
1.28578,1.6569,0.101341,0
1.28587,1.65146,0.108242,0
1.28596,1.64997,0.115377,0
1.28605,1.65045,0.12265,0
1.28613,1.65488,0.130242,0
1.28622,1.65031,0.13713,0
1.28631,1.64771,0.144156,0
1.28639,1.64806,0.151435,0
1.28648,1.64937,0.158816,0
1.28657,1.65065,0.166212,0
1.28666,1.64494,0.17289,0
1.28674,1.64715,0.180392,0
1.28683,1.65032,0.18803,0
1.28692,1.66339,0.196875,0
1.28701,1.66847,0.204862,0
1.28709,1.6745,0.213024,0
1.28718,1.6914,0.222678,0
1.28727,1.79149,0.24381,0
1.28735,1.96469,0.276119,0
1.28744,1.97534,0.286411,0
1.28753,1.981,0.296062,0
1.28762,1.96882,0.30303,0
1.2877,1.97735,0.313182,0
1.28779,1.97399,0.321485,0
1.28788,1.98441,0.332076,0
1.28797,1.97308,0.339038,0
1.28805,1.97159,0.347644,0
1.28814,1.96907,0.356065,0
1.28823,1.97831,0.366658,0
1.28831,1.96981,0.373981,0
1.2884,1.97111,0.383144,0
1.28849,1.96844,0.391546,0
1.28858,1.97553,0.401926,0
1.28866,1.96886,0.409523,0
1.28875,1.96901,0.418526,0
1.28884,1.96717,0.427114,0
1.28893,1.977,0.43829,0
1.28901,1.96922,0.445588,0
1.2891,1.97602,0.456201,0
1.28919,1.96233,0.462068,0
1.28927,1.9671,0.47226,0
1.28936,1.966,0.481076,0
1.28945,1.97455,0.492311,0
1.28954,1.97529,0.50166,0
1.28962,1.97018,0.509523,0
1.28971,1.97181,0.519133,0
1.2898,1.97242,0.528508,0
1.28989,1.97395,0.538162,0
1.28997,1.96388,0.544632,0
1.29006,1.96341,0.553738,0
1.29015,1.96674,0.563954,0
1.29023,1.96906,0.573929,0
1.29032,1.96942,0.583367,0
1.29041,1.96685,0.591955,0
1.2905,1.96903,0.601993,0
1.29058,1.96448,0.609986,0
1.29067,1.96084,0.618251,0
1.29076,1.96955,0.630459,0
1.29085,1.97439,0.641519,0
1.29093,1.97063,0.649815,0
1.29102,1.97251,0.659994,0
1.29111,1.96204,0.666023,0
1.29119,1.9733,0.679461,0
1.29128,1.96843,0.687405,0
1.29137,1.97295,0.698658,0
1.29146,1.96329,0.704894,0
1.29154,1.9649,0.715164,0
1.29163,1.95801,0.722346,0
1.29172,1.96982,0.736486,0
1.29181,1.96565,0.74472,0
1.29189,1.96425,0.754006,0
1.29198,1.9712,0.766556,0
1.29207,1.97342,0.777349,0
1.29215,1.98951,0.793734,0
1.29224,1.97397,0.797537,0
1.29233,1.96862,0.805386,0
1.29242,1.97063,0.816264,0
1.2925,1.97351,0.827561,0
1.29259,1.97264,0.837337,0
1.29268,1.96713,0.845147,0
1.29277,1.96893,0.856114,0
1.29285,1.96883,0.866308,0
1.29294,1.9696,0.876924,0
1.29303,1.97032,0.887563,0
1.29311,1.9728,0.899055,0
1.2932,1.96068,0.903886,0
1.29329,1.96034,0.914123,0
1.29338,1.97171,0.92992,0
1.29346,1.97305,0.941097,0
1.29355,1.97613,0.953173,0
1.29364,1.96746,0.959594,0
1.29373,1.96774,0.970381,0
1.29381,1.96707,0.980743,0
1.2939,1.96455,0.990217,0
1.29399,1.96556,1.0015,0
1.29407,1.96562,1.01236,0
1.29416,1.96739,1.02416,0
1.29425,1.97175,1.03739,0
1.29434,1.96897,1.04692,0
1.29442,1.96615,1.05645,0
1.29451,1.96152,1.06502,0
1.2946,1.96387,1.07741,0
1.29469,1.96265,1.08791,0
1.29477,1.95526,1.095,0
1.29486,1.96352,1.11091,0
1.29495,1.97081,1.12641,0
1.29503,1.97367,1.1395,0
1.29512,1.96609,1.14659,0
1.29521,1.96193,1.15566,0
1.2953,1.96718,1.17035,0
1.29538,1.96806,1.18253,0
1.29547,1.96373,1.19162,0
1.29556,1.96363,1.20331,0
1.29565,1.96601,1.21661,0
1.29573,1.96069,1.22517,0
1.29582,1.95955,1.23638,0
1.29591,1.96089,1.24922,0
1.29599,1.96551,1.26426,0
1.29608,1.95997,1.27282,0
1.29617,1.96444,1.28794,0
1.29626,1.9638,1.29981,0
1.29634,1.9631,1.3117,0
1.29643,1.95984,1.32193,0
1.29652,1.9648,1.33779,0
1.29661,1.9606,1.34748,0
1.29669,1.97031,1.36685,0
1.29678,1.96924,1.37888,0
1.29687,1.96647,1.38977,0
1.29695,1.96283,1.40007,0
1.29704,1.95995,1.41096,0
1.29713,1.96025,1.4242,0
1.29722,1.96611,1.44161,0
1.2973,1.959,1.44958,0
1.29739,1.95987,1.4635,0
1.29748,1.96225,1.47866,0
1.29757,1.95817,1.48902,0
1.29765,1.958,1.50242,0
1.29774,1.95617,1.51463,0
1.29783,1.95584,1.52807,0
1.29791,1.95465,1.54092,0
1.298,1.94635,1.54819,0
1.29809,1.95673,1.57044,0
1.29818,1.95685,1.58463,0
1.29826,1.95999,1.60138,0
1.29835,1.9607,1.61627,0
1.29844,1.95901,1.62929,0
1.29852,1.96414,1.64811,0
1.29861,1.95616,1.65602,0
1.2987,1.95805,1.67233,0
1.29879,1.95755,1.68673,0
1.29887,1.95998,1.70379,0
1.29896,1.95779,1.71694,0
1.29905,1.95702,1.73143,0
1.29914,1.96512,1.75393,0
1.29922,1.96487,1.76918,0
1.29931,1.96602,1.78581,0
1.2994,1.96042,1.79639,0
1.29948,1.94889,1.80154,0
1.29957,1.95783,1.82571,0
1.29966,1.95713,1.84109,0
1.29975,1.96214,1.862,0
1.29983,1.95544,1.87193,0
1.29992,1.95301,1.886,0
1.30001,1.9555,1.90497,0
1.3001,1.96144,1.9275,0
1.30018,1.95656,1.93956,0
1.30027,1.95727,1.95727,0
1.30036,1.95646,1.97361,0
1.30044,1.95694,1.9914,0
1.30053,1.958,2.00994,0
1.30062,1.95338,2.02278,0
1.30071,1.94592,2.03273,0
1.30079,1.94942,2.05426,0
1.30088,1.95483,2.07804,0
1.30097,1.94915,2.09021,0
1.30106,1.95087,2.11044,0
1.30114,1.94638,2.1241,0
1.30123,1.95188,2.14885,0
1.30132,1.95319,2.16924,0
1.3014,1.95503,2.19042,0
1.30149,1.95142,2.20567,0
1.30158,1.94903,2.22244,0
1.30167,1.94784,2.24073,0
1.30175,1.9511,2.26436,0
1.30184,1.94705,2.2797,0
1.30193,1.95388,2.30801,0
1.30202,1.95472,2.32954,0
1.3021,1.95029,2.34497,0
1.30219,1.94831,2.36349,0
1.30228,1.95379,2.39132,0
1.30236,1.94586,2.40294,0
1.30245,1.946,2.42466,0
1.30254,1.95221,2.45426,0
1.30263,1.94581,2.46825,0
1.30271,1.94795,2.49327,0
1.3028,1.94685,2.51439,0
1.30289,1.9523,2.54428,0
1.30298,1.94905,2.56313,0
1.30306,1.95108,2.58918,0
1.30315,1.95353,2.61609,0
1.30324,1.94923,2.63424,0
1.30332,1.94718,2.65562,0
1.30341,1.94439,2.67623,0
1.3035,1.94789,2.70579,0
1.30359,1.95,2.7338,0
1.30367,1.95017,2.75943,0
1.30376,1.94672,2.7802,0
1.30385,1.94882,2.80921,0
1.30394,1.94957,2.83664,0
1.30402,1.95237,2.86744,0
1.30411,1.94991,2.89085,0
1.3042,1.94283,2.90765,0
1.30428,1.95331,2.95112,0
1.30437,1.95357,2.97969,0
1.30446,1.94926,3.0016,0
1.30455,1.9448,3.02354,0
1.30463,1.92783,3.02609,0
1.30472,1.90874,3.02517,0
1.30481,1.89287,3.02923,0
1.3049,1.86911,3.02045,0
1.30498,1.85644,3.02943,0
1.30507,1.83698,3.02724,0
1.30516,1.8186,3.02666,0
1.30524,1.80077,3.02683,0
1.30533,1.78146,3.02432,0
1.30542,1.75918,3.01651,0
1.30551,1.7445,3.02156,0
1.30559,1.72882,3.0248,0
1.30568,1.70822,3.01926,0
1.30577,1.69063,3.01884,0
1.30586,1.67211,3.01656,0
1.30594,1.65604,3.01857,0
1.30603,1.63952,3.01962,0
1.30612,1.62349,3.02146,0
1.3062,1.60278,3.01438,0
1.30629,1.58821,3.01869,0
1.30638,1.57318,3.02205,0
1.30647,1.55448,3.01821,0
1.30655,1.53857,3.01962,0
1.30664,1.52358,3.02273,0
1.30673,1.50503,3.01861,0
1.30682,1.48786,3.01708,0
1.3069,1.47293,3.01995,0
1.30699,1.45322,3.01284,0
1.30708,1.43877,3.01644,0
1.30716,1.42175,3.01455,0
1.30725,1.40647,3.01619,0
1.30734,1.38828,3.0114,0
1.30743,1.36849,3.00287,0
1.30751,1.35989,3.01884,0
1.3076,1.34508,3.02109,0
1.30769,1.32665,3.01504,0
1.30778,1.3063,3.00429,0
1.30786,1.29713,3.01915,0
1.30795,1.28199,3.02018,0
1.30804,1.26377,3.01375,0
1.30812,1.24717,3.01092,0
1.30821,1.23364,3.01541,0
1.3083,1.21635,3.01057,0
1.30839,1.20172,3.01213,0
1.30847,1.186,3.01083,0
1.30856,1.17212,3.01411,0
1.30865,1.15466,3.008,0
1.30874,1.14117,3.01207,0
1.30882,1.12592,3.0114,0
1.30891,1.11069,3.01066,0
1.309,1.0972,3.01453,0
1.30908,1.08066,3.00988,0
1.30917,1.06384,3.0042,0
1.30926,1.05072,3.00881,0
1.30935,1.03693,3.01148,0
1.30943,1.02025,3.00556,0
1.30952,1.00744,3.01093,0
1.30961,0.992103,3.00865,0
1.3097,0.977421,3.00819,0
1.30978,0.961847,3.00481,0
1.30987,0.94993,3.01279,0
1.30996,0.934699,3.01022,0
1.31004,0.921263,3.01332,0
1.31013,0.90753,3.01539,0
1.31022,0.894364,3.01932,0
1.31031,0.873906,2.99824,0
1.31039,0.858059,2.99241,0
1.31048,0.844994,2.99612,0
1.31057,0.828439,2.98725,0
1.31065,0.814345,2.98698,0
1.31074,0.80001,2.98568,0
1.31083,0.784938,2.9814,0
1.31092,0.77117,2.98189,0
1.311,0.759629,2.99105,0
1.31109,0.747297,2.99724,0
1.31118,0.730884,2.98688,0
1.31127,0.715043,2.97837,0
1.31135,0.704104,2.99022,0
1.31144,0.688125,2.9806,0
1.31153,0.673789,2.97772,0
1.31161,0.660141,2.9777,0
1.3117,0.647354,2.98153,0
1.31179,0.633091,2.97846,0
1.31188,0.622126,2.99098,0
1.31196,0.607873,2.98779,0
1.31205,0.59366,2.98453,0
1.31214,0.58025,2.98513,0
1.31223,0.566474,2.9837,0
1.31231,0.55272,2.98221,0
1.3124,0.537034,2.96983,0
1.31249,0.525633,2.98101,0
1.31257,0.513468,2.98821,0
1.31266,0.497949,2.97562,0
1.31275,0.484639,2.97579,0
1.31284,0.473214,2.98776,0
1.31292,0.458196,2.97694,0
1.31301,0.444906,2.97694,0
1.3131,0.431769,2.97786,0
1.31319,0.418633,2.97873,0
1.31327,0.404688,2.97359,0
1.31336,0.392362,2.98028,0
1.31345,0.377966,2.97105,0
1.31353,0.366096,2.98161,0
1.31362,0.352495,2.97821,0
1.31371,0.338931,2.97475,0
1.3138,0.326601,2.98217,0
1.31388,0.311704,2.96566,0
1.31397,0.298561,2.96501,0
1.31406,0.286579,2.97623,0
1.31415,0.273041,2.97148,0
1.31423,0.260509,2.97763,0
1.31432,0.247514,2.97873,0
1.31441,0.234671,2.98178,0
1.31449,0.221584,2.98178,0
1.31458,0.207944,2.97374,0
1.31467,0.194509,2.96763,0
1.31476,0.181497,2.96745,0
1.31484,0.168718,2.97121,0
1.31493,0.155804,2.97292,0
1.31502,0.142831,2.97357,0
1.31511,0.129811,2.97317,0
1.31519,0.116602,2.96771,0
1.31528,0.103582,2.96619,0
1.31537,0.0908827,2.97461,0
1.31545,0.0778765,2.97398,0
1.31554,0.0646158,2.9613,0
1.31563,0.0518163,2.96855,0
1.31572,0.038994,2.97874,0
1.3158,0.0259441,2.97289,0
1.31589,0.0129242,2.96197,0
1.31598,1.07765e-07,2.962,0
1.31607,-0.0130069,2.98097,0
1.31615,-0.0261359,2.99489,0
1.31624,-0.039164,2.99174,0
1.31633,-0.0520779,2.98355,0
1.31641,-0.0651828,2.98729,0
1.3165,-0.0784522,2.99597,0
1.31659,-0.0915238,2.9956,0
1.31668,-0.104559,2.99417,0
1.31676,-0.117819,2.99869,0
1.31685,-0.130771,2.99515,0
1.31694,-0.143934,2.99655,0
1.31703,-0.156955,2.99489,0
1.31711,-0.169114,2.9782,0
1.3172,-0.182657,2.98642,0
1.31729,-0.196078,2.99158,0
1.31737,-0.2092,2.99169,0
1.31746,-0.222918,2.99973,0
1.31755,-0.235848,2.99673,0
1.31764,-0.248839,2.99468,0
1.31772,-0.262077,2.99556,0
1.31781,-0.274596,2.98841,0
1.3179,-0.288208,2.99316,0
1.31799,-0.301566,2.99486,0
1.31807,-0.314317,2.99053,0
1.31816,-0.327471,2.99012,0
1.31825,-0.340855,2.99164,0
1.31833,-0.3532,2.98417,0
1.31842,-0.36573,2.97863,0
1.31851,-0.380237,2.98891,0
1.3186,-0.393797,2.99119,0
1.31868,-0.40671,2.98845,0
1.31877,-0.419607,2.98566,0
1.31886,-0.433204,2.98776,0
1.31895,-0.446532,2.98782,0
1.31903,-0.459413,2.98485,0
1.31912,-0.473214,2.98776,0
1.31921,-0.486246,2.98566,0
1.31929,-0.50191,2.99929,0
1.31938,-0.513976,2.99116,0
1.31947,-0.524938,2.97707,0
1.31956,-0.539169,2.98164,0
1.31964,-0.553449,2.98615,0
1.31973,-0.557147,2.93458,0
1.31982,-0.560787,2.885,0
1.31991,-0.548399,2.75699,0
1.31999,-0.499018,2.45275,0
1.32008,-0.50381,2.42216,0
1.32017,-0.515829,2.42678,0
1.32025,-0.533415,2.45676,0
1.32034,-0.5556,2.50615,0
1.32043,-0.55373,2.44713,0
1.32052,-0.564852,2.44664,0
1.3206,-0.572542,2.4315,0
1.32069,-0.583146,2.42898,0
1.32078,-0.598493,2.44584,0
1.32087,-0.608192,2.43932,0
1.32095,-0.618091,2.43374,0
1.32104,-0.630707,2.43876,0
1.32113,-0.640324,2.43212,0
1.32121,-0.651706,2.4322,0
1.3213,-0.663891,2.43512,0
1.32139,-0.677984,2.44473,0
1.32148,-0.688101,2.43982,0
1.32156,-0.701221,2.44545,0
1.32165,-0.708527,2.43085,0
1.32174,-0.721399,2.4354,0
1.32183,-0.733748,2.43798,0
1.32191,-0.746717,2.4424,0
1.322,-0.758553,2.44294,0
1.32209,-0.771611,2.44724,0
1.32217,-0.782587,2.4448,0
1.32226,-0.793865,2.44326,0
1.32235,-0.804205,2.43883,0
1.32244,-0.817694,2.44383,0
1.32252,-0.828671,2.44119,0
1.32261,-0.840291,2.44038,0
1.3227,-0.849942,2.43386,0
1.32279,-0.852543,2.40751,0
1.32287,-0.865405,2.41035,0
1.32296,-0.873177,2.39904,0
1.32305,-0.894366,2.42429,0
1.32313,-0.909488,2.43254,0
1.32322,-0.926117,2.44444,0
1.32331,-0.93749,2.44225,0
1.3234,-0.947775,2.4372,0
1.32348,-0.963898,2.447,0
1.32357,-0.972713,2.43813,0
1.32366,-0.985215,2.43849,0
1.32374,-0.998496,2.44065,0
1.32383,-1.01067,2.43997,0
1.32392,-1.02401,2.44199,0
1.32401,-1.03934,2.44854,0
1.32409,-1.05002,2.44398,0
1.32418,-1.06067,2.43938,0
1.32427,-1.07131,2.43473,0
1.32436,-1.09087,2.45013,0
1.32444,-1.10237,2.44717,0
1.32453,-1.11387,2.44416,0
1.32462,-1.12745,2.44563,0
1.3247,-1.12839,2.41984,0
1.32479,-1.13083,2.39771,0
1.32488,-1.12363,2.35575,0
1.32497,-1.12521,2.33281,0
1.32505,-1.12398,2.30451,0
1.32514,-1.12386,2.27895,0
1.32523,-1.1204,2.24718,0
1.32532,-1.12165,2.2253,0
1.3254,-1.11772,2.19366,0
1.32549,-1.12042,2.17543,0
1.32558,-1.12205,2.15544,0
1.32566,-1.11841,2.12574,0
1.32575,-1.11922,2.10495,0
1.32584,-1.11751,2.07978,0
1.32593,-1.11846,2.05995,0
1.32601,-1.11637,2.03488,0
1.3261,-1.117,2.01512,0
1.32619,-1.11797,1.99627,0
1.32628,-1.11583,1.97223,0
1.32636,-1.11053,1.94303,0
1.32645,-1.1145,1.93037,0
1.32654,-1.11082,1.90476,0
1.32662,-1.10999,1.88438,0
1.32671,-1.11053,1.86663,0
1.3268,-1.11609,1.85748,0
1.32689,-1.11381,1.8355,0
1.32697,-1.11135,1.81357,0
1.32706,-1.11294,1.7985,0
1.32715,-1.1123,1.78005,0
1.32724,-1.10938,1.75827,0
1.32732,-1.11167,1.74498,0
1.32741,-1.10792,1.72245,0
1.3275,-1.10943,1.70837,0
1.32758,-1.10536,1.68595,0
1.32767,-1.10553,1.67027,0
1.32776,-1.10836,1.65878,0
1.32785,-1.10552,1.63901,0
1.32793,-1.11098,1.63169,0
1.32802,-1.11242,1.61858,0
1.32811,-1.1132,1.60468,0
1.3282,-1.10872,1.58342,0
1.32828,-1.1087,1.56877,0
1.32837,-1.10682,1.5517,0
1.32846,-1.10832,1.53956,0
1.32854,-1.11033,1.52823,0
1.32863,-1.10752,1.51047,0
1.32872,-1.1028,1.49035,0
1.32881,-1.10092,1.47431,0
1.32889,-1.10915,1.47189,0
1.32898,-1.10285,1.45032,0
1.32907,-1.10308,1.43756,0
1.32916,-1.10077,1.42166,0
1.32924,-1.10942,1.42,0
1.32933,-1.10261,1.39865,0
1.32942,-1.10496,1.38913,0
1.3295,-1.10851,1.38118,0
1.32959,-1.10886,1.36933,0
1.32968,-1.10407,1.35132,0
1.32977,-1.10423,1.33954,0
1.32985,-1.09664,1.31856,0
1.32994,-1.1011,1.31223,0
1.33003,-1.11004,1.31123,0
1.33012,-1.10341,1.29193,0
1.3302,-1.10447,1.2818,0
1.33029,-1.10874,1.27546,0
1.33038,-1.111,1.26685,0
1.33046,-1.11254,1.2575,0
1.33055,-1.11136,1.24517,0
1.33064,-1.11343,1.23659,0
1.33073,-1.11142,1.22358,0
1.33081,-1.11743,1.21946,0
1.3309,-1.11323,1.20429,0
1.33099,-1.11029,1.19064,0
1.33108,-0.0184999,0.019666,0
1.33116,-1.10687,1.1664,0
1.33125,-0.0311181,0.0325064,0
1.33134,-0.0354276,0.0366863,0
1.33142,-0.0230271,0.023638,0
1.33151,-0.0406527,0.0413685,0
1.3316,-1.11798,1.12777,0
1.33169,-0.0438406,0.0438406,0
