7200
3587
3.12414
3.13985,-0.0473762,-0.0473762,0
3.13993,-0.0401288,-0.0404806,0
3.14002,-0.0574746,-0.0584865,0
3.14011,-0.0397741,-0.0408292,0
3.1402,-0.0312596,-0.0323703,0
3.14028,-0.0518635,-0.0541773,0
3.14037,-0.0468081,-0.0493255,0
3.14046,-0.0692035,-0.0735655,0
3.14055,-0.0477399,-0.0511948,0
3.14063,-0.0434433,-0.0469966,0
3.14072,-0.0493181,-0.0538212,0
3.14081,-0.0517722,-0.0569968,0
3.14089,-0.0675822,-0.0750576,0
3.14098,-0.0519388,-0.0581925,0
3.14107,-0.0430703,-0.0486821,0
3.14116,-0.0540664,-0.0616509,0
3.14124,-0.0505165,-0.0581126,0
3.14133,-0.0535263,-0.0621203,0
3.14142,-0.0603987,-0.0707178,0
3.14151,-0.0478132,-0.0564792,0
3.14159,-0.0507802,-0.0605175,0
3.14168,-0.0556312,-0.0668892,0
3.14177,-0.0616996,-0.0748476,0
3.14185,-0.0531472,-0.065049,0
3.14194,-0.0534922,-0.0660574,0
3.14203,-0.057585,-0.0717494,0
3.14212,-0.0678541,-0.0853043,0
3.1422,-0.0631476,-0.0801023,0
3.14229,-0.0658758,-0.0843171,0
3.14238,-0.0606095,-0.0782783,0
3.14247,-0.051136,-0.0666417,0
3.14255,-0.0587135,-0.0772122,0
3.14264,-0.0547652,-0.0726758,0
3.14273,-0.0556442,-0.0745166,0
3.14281,-0.0618616,-0.0836011,0
3.1429,-0.0567657,-0.0774187,0
3.14299,-0.0499617,-0.0687664,0
3.14308,-0.0601777,-0.0835921,0
3.14316,-0.0551668,-0.077341,0
3.14325,-0.0623317,-0.0881973,0
3.14334,-0.0585048,-0.0835535,0
3.14343,-0.0575697,-0.0829863,0
3.14351,-0.0640039,-0.0931263,0
3.1436,-0.0619085,-0.0909249,0
3.14369,-0.0743727,-0.110262,0
3.14377,-0.0661129,-0.0989449,0
3.14386,-0.0684402,-0.103402,0
3.14395,-0.0685367,-0.104536,0
3.14404,-0.10566,-0.162702,0
3.14412,-0.12226,-0.190075,0
3.14421,-0.154742,-0.242897,0
3.1443,-0.180362,-0.285856,0
3.14439,-0.177523,-0.284096,0
3.14447,-0.194173,-0.31378,0
3.14456,-0.188099,-0.30695,0
3.14465,-0.203359,-0.335125,0
3.14473,-0.206015,-0.342867,0
3.14482,-0.207585,-0.348919,0
3.14491,-0.222302,-0.377394,0
3.145,-0.208059,-0.356764,0
3.14508,-0.192,-0.332554,0
3.14517,-0.671381,-1.17467,0
3.14526,-0.665264,-1.17585,0
3.14535,-0.664036,-1.18572,0
3.14543,-0.660796,-1.19211,0
3.14552,-0.660398,-1.20375,0
3.14561,-0.661342,-1.21804,0
3.14569,-0.663594,-1.23501,0
3.14578,-0.66665,-1.25379,0
3.14587,-0.664898,-1.26376,0
3.14596,-0.670459,-1.28794,0
3.14604,-0.671701,-1.30419,0
3.14613,-0.669636,-1.31423,0
3.14622,-0.670197,-1.32965,0
3.1463,-0.663942,-1.33166,0
3.14639,-0.663875,-1.34621,0
3.14648,-0.658872,-1.35089,0
3.14657,-0.66557,-1.37987,0
3.14665,-0.657821,-1.37915,0
3.14674,-0.659475,-1.39829,0
3.14683,-0.65041,-1.39481,0
3.14692,-0.650179,-1.41035,0
3.147,-0.654801,-1.43683,0
3.14709,-0.654686,-1.45335,0
3.14718,-0.629222,-1.41325,0
3.14726,-0.619022,-1.40683,0
3.14735,-0.606099,-1.39393,0
3.14744,-0.600405,-1.39748,0
3.14753,-0.594693,-1.40101,0
3.14761,-0.587027,-1.3999,0
3.1477,-0.579765,-1.39968,0
3.14779,-0.57441,-1.40404,0
3.14788,-0.567904,-1.40561,0
3.14796,-0.561395,-1.40715,0
3.14805,-0.55305,-1.404,0
3.14814,-0.548006,-1.4092,0
3.14822,-0.543286,-1.41531,0
3.14831,-0.533917,-1.40925,0
3.1484,-0.530214,-1.41812,0
3.14849,-0.530597,-1.43825,0
3.14857,-0.523291,-1.43773,0
3.14866,-0.518364,-1.44376,0
3.14875,-0.516065,-1.45732,0
3.14884,-0.507064,-1.45201,0
3.14892,-0.504305,-1.46461,0
3.14901,-0.499838,-1.47248,0
3.1491,-0.495313,-1.48033,0
3.14918,-0.488536,-1.48153,0
3.14927,-0.485775,-1.49506,0
3.14936,-0.48199,-1.50574,0
3.14945,-0.475115,-1.50687,0
3.14953,-0.472094,-1.52039,0
3.14962,-0.467502,-1.52913,0
3.14971,-0.457656,-1.52062,0
3.1498,-0.453573,-1.53124,0
3.14988,-0.452484,-1.5524,0
3.14997,-0.444879,-1.55148,0
3.15006,-0.442176,-1.56784,0
3.15014,-0.438538,-1.58132,0
3.15023,-0.433212,-1.589,0
3.15032,-0.433522,-1.61793,0
3.15041,-0.43206,-1.64108,0
3.15049,-0.456693,-1.7659,0
3.15058,-0.56566,-2.22729,0
3.15067,-0.568758,-2.28117,0
3.15076,-0.55975,-2.28751,0
3.15084,-0.552332,-2.30063,0
3.15093,-0.542747,-2.30496,0
3.15102,-0.532009,-2.30439,0
3.1511,-0.517977,-2.28913,0
3.15119,-0.509066,-2.29625,0
3.15128,-0.498193,-2.29454,0
3.15137,-0.489008,-2.3006,0
3.15145,-0.477336,-2.29488,0
3.15154,-0.468116,-2.30086,0
3.15163,-0.456706,-2.29602,0
3.15172,-0.446111,-2.29504,0
3.1518,-0.437026,-2.30188,0
3.15189,-0.424062,-2.28803,0
3.15198,-0.414608,-2.29281,0
3.15206,-0.403385,-2.28771,0
3.15215,-0.394246,-2.29437,0
3.15224,-0.384066,-2.29509,0
3.15233,-0.374691,-2.30069,0
3.15241,-0.363554,-2.29539,0
3.1525,-0.353839,-2.29893,0
3.15259,-0.341588,-2.28562,0
3.15268,-0.331468,-2.28609,0
3.15276,-0.321907,-2.29049,0
3.15285,-0.312584,-2.29683,0
3.15294,-0.301124,-2.28726,0
3.15302,-0.29152,-2.29153,0
3.15311,-0.281518,-2.29278,0
3.1532,-0.271746,-2.29597,0
3.15329,-0.260594,-2.2872,0
3.15337,-0.250938,-2.2913,0
3.15346,-0.240938,-2.29237,0
3.15355,-0.229831,-2.28246,0
3.15364,-0.220349,-2.28842,0
3.15372,-0.209813,-2.28338,0
3.15381,-0.199587,-2.28129,0
3.1539,-0.19021,-2.28911,0
3.15398,-0.180456,-2.29291,0
3.15407,-0.170524,-2.29467,0
3.15416,-0.16044,-2.2944,0
3.15425,-0.150231,-2.29208,0
3.15433,-0.14029,-2.29371,0
3.15442,-0.12994,-2.28831,0
3.15451,-0.12032,-2.29585,0
3.1546,-0.109726,-2.28437,0
3.15468,-0.100063,-2.29182,0
3.15477,-0.0897087,-2.28324,0
3.15486,-0.0797803,-2.28461,0
3.15494,-0.0697194,-2.28194,0
3.15503,-0.0600761,-2.29421,0
3.15512,-0.0499561,-2.28945,0
3.15521,-0.0400533,-2.29465,0
3.15529,-0.0298312,-2.2788,0
3.15538,-0.0198878,-2.27891,0
3.15547,-0.00997019,-2.28498,0
3.15556,-2.75984e-08,-2.291,0
3.15564,0.00996141,-2.28298,0
3.15573,0.0199837,-2.28991,0
3.15582,0.0298573,-2.2808,0
3.1559,0.0398962,-2.28565,0
3.15599,0.0499561,-2.28945,0
3.15608,0.0598143,-2.28422,0
3.15617,0.0699637,-2.28993,0
3.15625,0.0797104,-2.28261,0
3.15634,0.090062,-2.29223,0
3.15643,0.0998884,-2.28782,0
3.15652,0.10987,-2.28736,0
3.1566,0.119745,-2.28486,0
3.15669,0.129826,-2.28632,0
3.15678,0.139496,-2.28074,0
3.15686,0.149446,-2.28011,0
3.15695,0.159533,-2.28143,0
3.15704,0.170375,-2.29268,0
3.15713,0.179671,-2.28294,0
3.15721,0.19021,-2.28911,0
3.1573,0.199674,-2.28228,0
3.15739,0.210728,-2.29334,0
3.15748,0.219583,-2.28045,0
3.15756,0.229731,-2.28146,0
3.15765,0.239475,-2.27845,0
3.15774,0.249523,-2.27838,0
3.15782,0.260367,-2.28522,0
3.15791,0.271276,-2.292,0
3.158,0.280909,-2.28782,0
3.15809,0.291015,-2.28756,0
3.15817,0.301124,-2.28726,0
3.15826,0.311506,-2.2889,0
3.15835,0.322325,-2.29346,0
3.15844,0.331037,-2.28313,0
3.15852,0.339962,-2.27474,0
3.15861,0.351709,-2.28509,0
3.1587,0.361364,-2.28156,0
3.15878,0.371958,-2.28391,0
3.15887,0.382415,-2.28522,0
3.15896,0.392213,-2.28255,0
3.15905,0.402864,-2.28475,0
3.15913,0.41443,-2.29183,0
3.15922,0.423698,-2.28607,0
3.15931,0.434228,-2.28714,0
3.15939,0.444967,-2.28915,0
3.15948,0.454951,-2.28719,0
3.15957,0.46373,-2.2793,0
3.15966,0.476114,-2.28901,0
3.15974,0.485682,-2.28495,0
3.15983,0.494162,-2.27597,0
3.15992,0.504954,-2.2777,0
3.16001,0.51577,-2.27937,0
3.16009,0.52841,-2.2888,0
3.16018,0.53885,-2.28841,0
3.16027,0.548363,-2.2841,0
3.16035,0.558562,-2.28265,0
3.16044,0.567549,-2.27631,0
3.16053,0.578706,-2.27866,0
3.16062,0.590146,-2.28192,0
3.1607,0.599588,-2.27739,0
3.16079,0.610295,-2.27765,0
3.16088,0.623121,-2.28558,0
3.16097,0.632019,-2.27899,0
3.16105,0.641957,-2.27621,0
3.16114,0.653536,-2.27915,0
3.16123,0.662915,-2.27436,0
3.16131,0.672832,-2.27144,0
3.1614,0.684754,-2.27519,0
3.16149,0.694383,-2.27122,0
3.16158,0.706065,-2.2739,0
3.16166,0.717183,-2.27461,0
3.16175,0.729235,-2.27813,0
3.16184,0.741023,-2.28063,0
3.16193,0.750654,-2.27643,0
3.16201,0.7628,-2.27977,0
3.1621,0.769847,-2.2679,0
3.16219,0.783968,-2.27681,0
3.16227,0.791587,-2.26676,0
3.16236,0.805476,-2.27459,0
3.16245,0.814717,-2.26918,0
3.16254,0.827689,-2.27406,0
3.16262,0.837257,-2.26948,0
3.16271,0.852055,-2.27892,0
3.1628,0.861281,-2.27331,0
3.16289,0.873343,-2.27514,0
3.16297,0.885436,-2.2769,0
3.16306,0.89353,-2.26836,0
3.16315,0.90416,-2.2663,0
3.16323,0.917037,-2.26975,0
3.16332,0.929582,-2.2722,0
3.16341,0.942167,-2.27459,0
3.1635,0.954016,-2.27507,0
3.16358,0.963934,-2.27089,0
3.16367,0.976202,-2.27217,0
3.16376,0.988499,-2.27339,0
3.16385,0.997201,-2.26631,0
3.16393,1.01318,-2.27564,0
3.16402,1.02515,-2.27576,0
3.16411,1.03839,-2.27854,0
3.16419,1.04958,-2.27672,0
3.16428,1.06373,-2.28118,0
3.16437,1.07069,-2.27018,0
3.16446,1.08575,-2.27632,0
3.16454,1.09524,-2.27066,0
3.16463,1.10426,-2.26406,0
3.16472,1.1212,-2.27357,0
3.16481,1.13245,-2.27134,0
3.16489,1.14325,-2.26817,0
3.16498,1.15813,-2.27296,0
3.16507,1.16804,-2.26788,0
3.16515,1.183,-2.27252,0
3.16524,1.19337,-2.26822,0
3.16533,1.21077,-2.27712,0
3.16542,1.21738,-2.26565,0
3.1655,1.23202,-2.26911,0
3.16559,1.24528,-2.26985,0
3.16568,1.25711,-2.26789,0
3.16577,1.27139,-2.27023,0
3.16585,1.28178,-2.26554,0
3.16594,1.30058,-2.27555,0
3.16603,1.3065,-2.26292,0
3.16611,1.32442,-2.27102,0
3.1662,1.33432,-2.26522,0
3.16629,1.34777,-2.2654,0
3.16638,1.36073,-2.26464,0
3.16646,1.37631,-2.26808,0
3.16655,1.38932,-2.26717,0
3.16664,1.40552,-2.27129,0
3.16673,1.42124,-2.27446,0
3.16681,1.43115,-2.26824,0
3.1669,1.44265,-2.26451,0
3.16699,1.4536,-2.25987,0
3.16707,1.47161,-2.26609,0
3.16716,1.49026,-2.27303,0
3.16725,1.50568,-2.27484,0
3.16734,1.5156,-2.26825,0
3.16742,1.52827,-2.26576,0
3.16751,1.54096,-2.2632,0
3.1676,1.55818,-2.26717,0
3.16769,1.57604,-2.27185,0
3.16777,1.58422,-2.2625,0
3.16786,1.59985,-2.26373,0
3.16795,1.61261,-2.2608,0
3.16803,1.63298,-2.26835,0
3.16812,1.64697,-2.26687,0
3.16821,1.65981,-2.26369,0
3.1683,1.6774,-2.26688,0
3.16838,1.69326,-2.26755,0
3.16847,1.70494,-2.26253,0
3.16856,1.72448,-2.26781,0
3.16865,1.73862,-2.26582,0
3.16873,1.75278,-2.26374,0
3.16882,1.76572,-2.26002,0
3.16891,1.78237,-2.26093,0
3.16899,1.8028,-2.26643,0
3.16908,1.82206,-2.27024,0
3.16917,1.83258,-2.26305,0
3.16926,1.85319,-2.2682,0
3.16934,1.8618,-2.25855,0
3.16943,1.87675,-2.25655,0
3.16952,1.89301,-2.256,0
3.16961,1.91382,-2.26069,0
3.16969,1.93341,-2.26373,0
3.16978,1.95502,-2.26891,0
3.16987,1.96686,-2.26262,0
3.16995,1.98331,-2.26153,0
3.17004,1.9978,-2.2581,0
3.17013,2.01562,-2.25832,0
3.17022,2.02144,-2.24504,0
3.1703,2.0292,-2.23398,0
3.17039,2.02745,-2.21257,0
3.17048,2.03572,-2.20223,0
3.17057,2.02894,-2.17578,0
3.17065,2.02472,-2.15234,0
3.17074,2.02652,-2.1355,0
3.17083,2.02337,-2.11364,0
3.17091,2.02493,-2.09688,0
3.171,2.01522,-2.06868,0
3.17109,2.01511,-2.0506,0
3.17118,2.02263,-2.04036,0
3.17126,2.02515,-2.02515,0
3.17135,2.02403,-2.00644,0
3.17144,2.02848,-1.99339,0
3.17152,2.0214,-1.96916,0
3.17161,2.02134,-1.95199,0
3.1717,2.0219,-1.93555,0
3.17179,2.02162,-1.91844,0
3.17187,2.02196,-1.90207,0
3.17196,2.0178,-1.88163,0
3.17205,2.01572,-1.86331,0
3.17214,2.02014,-1.85112,0
3.17222,2.02228,-1.83691,0
3.17231,2.0169,-1.81602,0
3.1724,2.01958,-1.80254,0
3.17248,2.01469,-1.78245,0
3.17257,2.01869,-1.77034,0
3.17266,2.01658,-1.75299,0
3.17275,2.02497,-1.74483,0
3.17283,2.02496,-1.72948,0
3.17292,2.01799,-1.70835,0
3.17301,2.00933,-1.68603,0
3.1731,2.00591,-1.6683,0
3.17318,2.00931,-1.65635,0
3.17327,2.01265,-1.6444,0
3.17336,2.01203,-1.62931,0
3.17344,2.01522,-1.61739,0
3.17353,2.00974,-1.59862,0
3.17362,2.00648,-1.58179,0
3.17371,2.01179,-1.57178,0
3.17379,2.00598,-1.5532,0
3.17388,2.01194,-1.54382,0
3.17397,2.00433,-1.52413,0
3.17406,2.00458,-1.51056,0
3.17414,2.00313,-1.49581,0
3.17423,2.00562,-1.48408,0
3.17432,2.01127,-1.47473,0
3.1744,2.00555,-1.45712,0
3.17449,2.0054,-1.44368,0
3.17458,2.0011,-1.42737,0
3.17467,2.00567,-1.41747,0
3.17475,2.00528,-1.40412,0
3.17484,2.00071,-1.38794,0
3.17493,2.01169,-1.3826,0
3.17502,2.00365,-1.36424,0
3.1751,2.0013,-1.34989,0
3.17519,2.00135,-1.33726,0
3.17528,1.99382,-1.31968,0
3.17536,1.99203,-1.30603,0
3.17545,1.9952,-1.2957,0
3.17554,1.99494,-1.28319,0
3.17563,1.98703,-1.26588,0
3.17571,1.99845,-1.26093,0
3.1758,1.99715,-1.24796,0
3.17589,1.99493,-1.2345,0
3.17598,1.99859,-1.22474,0
3.17606,2.00049,-1.21393,0
3.17615,1.98949,-1.1954,0
3.17624,1.99296,-1.18569,0
3.17632,1.9895,-1.17191,0
3.17641,1.98682,-1.15868,0
3.1765,1.99099,-1.1495,0
3.17659,1.99425,-1.13981,0
3.17667,1.99137,-1.12667,0
3.17676,1.98842,-1.11357,0
3.17685,1.99501,-1.10585,0
3.17694,1.98666,-1.08992,0
3.17702,1.99755,-1.08458,0
3.17711,1.99257,-1.07065,0
3.1772,1.9937,-1.06007,0
3.17728,1.98414,-1.04391,0
3.17737,1.99223,-1.03709,0
3.17746,1.98873,-1.02426,0
3.17755,1.99318,-1.01558,0
3.17763,1.99313,-1.00462,0
3.17772,1.99481,-0.994575,0
3.17781,1.99734,-0.984977,0
3.1779,2.00521,-0.978006,0
3.17798,2.01036,-0.969682,0
3.17807,1.99381,-0.950999,0
3.17816,1.9889,-0.938025,0
3.17824,1.99116,-0.928492,0
3.17833,1.99428,-0.919377,0
3.17842,1.99282,-0.908178,0
3.17851,1.99311,-0.897831,0
3.17859,1.9961,-0.88872,0
3.17868,1.99355,-0.877182,0
3.17877,1.99552,-0.867678,0
3.17886,1.98551,-0.853042,0
3.17894,1.97909,-0.840072,0
3.17903,1.98365,-0.831815,0
3.17912,1.9965,-0.826979,0
3.1792,1.99454,-0.815988,0
3.17929,1.98881,-0.803531,0
3.17938,1.98301,-0.79114,0
3.17947,1.9883,-0.783213,0
3.17955,1.99077,-0.774168,0
3.17964,1.99319,-0.765116,0
3.17973,1.98342,-0.751451,0
3.17982,1.99043,-0.744191,0
3.1799,1.98803,-0.733422,0
3.17999,1.99591,-0.726451,0
3.18008,1.98682,-0.713342,0
3.18016,1.9852,-0.702997,0
3.18025,1.97881,-0.691032,0
3.18034,1.98937,-0.684995,0
3.18043,1.98666,-0.67438,0
3.18051,1.9801,-0.662532,0
3.1806,1.98202,-0.653573,0
3.18069,1.9801,-0.643373,0
3.18078,1.98765,-0.636252,0
3.18086,1.98182,-0.624867,0
3.18095,1.99408,-0.619179,0
3.18104,1.99294,-0.609303,0
3.18112,1.98409,-0.597143,0
3.18121,1.98572,-0.588196,0
3.1813,1.9873,-0.579246,0
3.18139,1.9802,-0.567813,0
3.18147,1.97881,-0.558082,0
3.18156,1.96966,-0.546235,0
3.18165,1.95852,-0.533953,0
3.18174,1.9589,-0.524885,0
3.18182,1.94666,-0.512514,0
3.18191,1.80366,-0.466458,0
3.182,1.71651,-0.435938,0
3.18208,1.70966,-0.426266,0
3.18217,1.71345,-0.419278,0
3.18226,1.71234,-0.411097,0
3.18235,1.70925,-0.402476,0
3.18243,1.71684,-0.396364,0
3.18252,1.72148,-0.389531,0
3.18261,1.70754,-0.378553,0
3.1827,1.71504,-0.372372,0
3.18278,1.7098,-0.36343,0
3.18287,1.69962,-0.353522,0
3.18296,1.70311,-0.346502,0
3.18304,1.70362,-0.338872,0
3.18313,1.70705,-0.331817,0
3.18322,1.71143,-0.324925,0
3.18331,1.70791,-0.316543,0
3.18339,1.70633,-0.308554,0
3.18348,1.71258,-0.301974,0
3.18357,1.72078,-0.295684,0
3.18366,1.70923,-0.286028,0
3.18374,1.7075,-0.278085,0
3.18383,1.70277,-0.269693,0
3.18392,1.69998,-0.261652,0
3.184,1.69913,-0.253937,0
3.18409,1.70022,-0.24652,0
3.18418,1.69633,-0.238404,0
3.18427,1.69834,-0.231135,0
3.18435,1.69934,-0.223722,0
3.18444,1.69633,-0.2158,0
3.18453,1.68832,-0.2073,0
3.18461,1.69219,-0.200284,0
3.1847,1.69205,-0.192785,0
3.18479,1.69487,-0.185618,0
3.18488,1.68074,-0.176653,0
3.18496,1.68647,-0.169819,0
3.18505,1.7071,-0.164376,0
3.18514,1.7815,-0.163696,0
3.18523,1.93859,-0.169605,0
3.18531,1.97519,-0.164126,0
3.1854,1.97888,-0.155741,0
3.18549,1.98353,-0.147402,0
3.18557,1.99014,-0.139164,0
3.18566,1.98773,-0.130283,0
3.18575,1.99028,-0.121731,0
3.18584,1.97781,-0.112308,0
3.18592,1.97928,-0.10373,0
3.18601,1.98371,-0.0952846,0
3.1861,1.98211,-0.0865409,0
3.18619,1.97448,-0.0775774,0
3.18627,1.98579,-0.0693453,0
3.18636,1.97908,-0.0604663,0
3.18645,1.98632,-0.0520136,0
3.18653,1.97653,-0.0431281,0
3.18662,1.9637,-0.0342766,0
3.18671,1.97483,-0.025852,0
3.1868,1.98492,-0.0173222,0
3.18688,1.98998,-0.00868303,0
3.18697,1.981,-4.79687e-08,0
3.18706,1.98498,0.00866112,0
3.18715,1.97392,0.0172261,0
3.18723,1.98383,0.0259697,0
3.18732,1.9787,0.0345383,0
3.18741,1.98653,0.0433461,0
3.18749,1.98232,0.0519088,0
3.18758,1.98008,0.0604967,0
3.18767,1.98179,0.0692057,0
3.18776,1.97448,0.0775773,0
3.18784,1.97012,0.0860174,0
3.18793,1.96374,0.094325,0
3.18802,1.84347,0.0966121,0
3.18811,1.71424,0.0973415,0
3.18819,1.68884,0.103294,0
3.18828,1.68439,0.1104,0
3.18837,1.69586,0.118586,0
3.18845,1.68934,0.12554,0
3.18854,1.69376,0.133302,0
3.18863,1.69018,0.140443,0
3.18872,1.68457,0.14738,0
3.1888,1.69187,0.155461,0
3.18889,1.68521,0.162267,0
3.18898,1.69742,0.170921,0
3.18907,1.69069,0.177698,0
3.18915,1.70083,0.186271,0
3.18924,1.68907,0.192445,0
3.18933,1.69219,0.200284,0
3.18941,1.68534,0.206934,0
3.1895,1.69732,0.215926,0
3.18959,1.68645,0.222025,0
3.18968,1.68844,0.229786,0
3.18976,1.68643,0.237012,0
3.18985,1.69923,0.246377,0
3.18994,1.68627,0.252015,0
3.19003,1.69109,0.260283,0
3.19011,1.68302,0.266564,0
3.1902,1.69171,0.275513,0
3.19029,1.68458,0.281901,0
3.19037,1.68727,0.289926,0
3.19046,1.69584,0.299022,0
3.19055,1.84212,0.33311,0
3.19064,1.95569,0.362466,0
3.19072,1.95901,0.371929,0
3.19081,1.96718,0.382381,0
3.1909,1.98413,0.394668,0
3.19099,1.98043,0.402923,0
3.19107,1.98942,0.4138,0
3.19116,1.97879,0.420605,0
3.19125,1.98476,0.430933,0
3.19133,1.96919,0.436559,0
3.19142,1.98677,0.449561,0
3.19151,1.97797,0.456651,0
3.1916,1.97791,0.465735,0
3.19168,1.98655,0.476929,0
3.19177,1.98057,0.484641,0
3.19186,1.98134,0.494004,0
3.19195,1.98305,0.50363,0
3.19203,1.9847,0.513279,0
3.19212,1.98244,0.521934,0
3.19221,1.97725,0.529803,0
3.19229,1.97974,0.53974,0
3.19238,1.98604,0.550778,0
3.19247,1.98458,0.55971,0
3.19256,1.9802,0.567813,0
3.19264,1.97002,0.574209,0
3.19273,1.97517,0.585072,0
3.19282,1.9793,0.595702,0
3.19291,1.96903,0.601993,0
3.19299,1.96734,0.610876,0
3.19308,1.98182,0.624867,0
3.19317,1.97717,0.632898,0
3.19325,1.98105,0.643682,0
3.19334,1.98012,0.652946,0
3.19343,1.97915,0.662215,0
3.19352,1.97908,0.671808,0
3.1936,1.97802,0.681089,0
3.19369,1.98259,0.69235,0
3.19378,1.97483,0.699325,0
3.19387,1.98212,0.711653,0
3.19395,1.97617,0.719268,0
3.19404,1.98427,0.732038,0
3.19413,1.97919,0.739988,0
3.19421,1.97127,0.746845,0
3.1943,1.97172,0.756873,0
3.19439,1.98331,0.771268,0
3.19448,1.97435,0.777716,0
3.19456,1.97929,0.789658,0
3.19465,1.98417,0.801658,0
3.19474,1.97788,0.809172,0
3.19483,1.97803,0.819325,0
3.19491,1.97628,0.828721,0
3.195,1.98553,0.842807,0
3.19509,1.98091,0.851068,0
3.19517,1.98268,0.862095,0
3.19526,1.97982,0.871141,0
3.19535,1.976,0.879771,0
3.19544,1.98126,0.892492,0
3.19552,1.97644,0.900714,0
3.19561,1.96704,0.906817,0
3.1957,1.97666,0.92173,0
3.19579,1.97443,0.9312,0
3.19587,1.97305,0.941097,0
3.19596,1.97163,0.951001,0
3.19605,1.97465,0.963101,0
3.19613,1.96953,0.971266,0
3.19622,1.97959,0.986989,0
3.19631,1.97259,0.994267,0
3.1964,1.97625,1.00695,0
3.19648,1.97451,1.01694,0
3.19657,1.97449,1.02785,0
3.19666,1.96821,1.03553,0
3.19675,1.97515,1.05021,0
3.19683,1.97408,1.06071,0
3.19692,1.9791,1.07456,0
3.19701,1.99368,1.09377,0
3.19709,2.04574,1.13397,0
3.19718,2.06694,1.15754,0
3.19727,2.06013,1.16557,0
3.19736,2.06544,1.1805,0
3.19744,2.06027,1.1895,0
3.19753,2.07407,1.20956,0
3.19762,2.06274,1.21505,0
3.1977,2.06086,1.22608,0
3.19779,2.02206,1.21497,0
3.19788,2.03384,1.23416,0
3.19797,2.02417,1.24041,0
3.19805,2.02384,1.25239,0
3.19814,2.02683,1.26651,0
3.19823,2.02129,1.27534,0
3.19832,2.01318,1.28253,0
3.1984,2.00672,1.29076,0
3.19849,2.01365,1.30768,0
3.19858,2.0096,1.31755,0
3.19866,2.01717,1.33514,0
3.19875,2.03544,1.36004,0
3.19884,2.07011,1.3963,0
3.19893,2.0673,1.40758,0
3.19901,2.06196,1.41715,0
3.1991,2.07055,1.43639,0
3.19919,2.06754,1.44771,0
3.19928,2.04079,1.44229,0
3.19936,2.03529,1.45176,0
3.19945,2.05491,1.47932,0
3.19954,2.03144,1.47593,0
3.19962,2.04192,1.4972,0
3.19971,2.04823,1.51561,0
3.1998,2.05602,1.5353,0
3.19989,2.05968,1.55208,0
3.19997,2.03379,1.54653,0
3.20006,2.05479,1.57669,0
3.20015,2.06291,1.59727,0
3.20024,2.06459,1.61303,0
3.20032,2.04811,1.6146,0
3.20041,2.04339,1.62539,0
3.2005,2.03004,1.62928,0
3.20058,2.01825,1.63434,0
3.20067,2.00335,1.63681,0
3.20076,2.00468,1.65253,0
3.20085,2.00283,1.66574,0
3.20093,2.00704,1.6841,0
3.20102,2.00806,1.69995,0
3.20111,2.02572,1.73013,0
3.2012,2.02118,1.74156,0
3.20128,2.00828,1.74577,0
3.20137,1.98786,1.74331,0
3.20146,1.97649,1.74865,0
3.20154,1.97258,1.76059,0
3.20163,1.97379,1.77721,0
3.20172,1.9712,1.79051,0
3.20181,1.96632,1.8018,0
3.20189,1.96798,1.81919,0
3.20198,1.96661,1.83389,0
3.20207,1.96296,1.84657,0
3.20216,1.96504,1.86475,0
3.20224,1.97494,1.8906,0
3.20233,1.96811,1.90059,0
3.20242,1.96983,1.91892,0
3.2025,1.96572,1.93171,0
3.20259,1.97574,1.95857,0
3.20268,1.96859,1.96859,0
3.20277,1.97335,1.99065,0
3.20285,1.97376,2.00851,0
3.20294,1.97544,2.02785,0
3.20303,1.97283,2.04292,0
3.20312,1.97496,2.06307,0
3.2032,1.97764,2.084,0
3.20329,1.97401,2.09844,0
3.20338,1.97848,2.12166,0
3.20346,1.97531,2.13688,0
3.20355,1.96935,2.14916,0
3.20364,1.96264,2.1607,0
3.20373,1.96724,2.18485,0
3.20381,1.96701,2.20385,0
3.2039,1.97196,2.22889,0
3.20399,1.97013,2.2465,0
3.20408,1.97605,2.27319,0
3.20416,1.97068,2.28709,0
3.20425,1.97367,2.31087,0
3.20434,1.97132,2.32862,0
3.20442,1.97529,2.35405,0
3.20451,1.97203,2.37111,0
3.2046,1.97502,2.39589,0
3.20469,1.97531,2.41765,0
3.20477,1.96977,2.43247,0
3.20486,1.96227,2.44494,0
3.20495,1.94972,2.45113,0
3.20504,1.92538,2.44234,0
3.20512,1.91286,2.44835,0
3.20521,1.89665,2.44956,0
3.2053,1.86768,2.43401,0
3.20538,1.85038,2.43338,0
3.20547,1.84095,2.44303,0
3.20556,1.82788,2.44783,0
3.20565,1.8041,2.4381,0
3.20573,1.79462,2.44756,0
3.20582,1.77746,2.44647,0
3.20591,1.75859,2.44284,0
3.206,1.73862,2.43746,0
3.20608,1.7297,2.44747,0
3.20617,1.71041,2.44271,0
3.20626,1.69289,2.44029,0
3.20634,1.67713,2.44024,0
3.20643,1.65971,2.43761,0
3.20652,1.64515,2.43903,0
3.20661,1.63615,2.44868,0
3.20669,1.61166,2.43495,0
3.20678,1.59608,2.43443,0
3.20687,1.57836,2.43047,0
3.20696,1.57153,2.44322,0
3.20704,1.55226,2.43656,0
3.20713,1.53948,2.43992,0
3.20722,1.5214,2.43475,0
3.2073,1.50655,2.43456,0
3.20739,1.49435,2.43855,0
3.20748,1.48006,2.43906,0
3.20757,1.46683,2.44121,0
3.20765,1.45156,2.43985,0
3.20774,1.42923,2.42635,0
3.20783,1.41661,2.42911,0
3.20792,1.3975,2.42054,0
3.208,1.37204,2.40057,0
3.20809,1.13553,2.00704,0
3.20818,1.0779,1.92473,0
3.20826,1.06076,1.91367,0
3.20835,1.07453,1.95861,0
3.20844,1.09222,2.01161,0
3.20853,1.20602,2.24451,0
3.20861,1.28917,2.42457,0
3.2087,1.27578,2.42487,0
3.20879,1.26704,2.43396,0
3.20888,1.25137,2.42968,0
3.20896,1.23803,2.42977,0
3.20905,1.22742,2.43515,0
3.20914,1.21053,2.42796,0
3.20922,1.19949,2.43232,0
3.20931,1.18316,2.42584,0
3.2094,1.16953,2.42468,0
3.20949,1.15463,2.42073,0
3.20957,1.14875,2.4357,0
3.20966,1.12924,2.42165,0
3.20975,1.12075,2.4311,0
3.20983,1.10765,2.43051,0
3.20992,1.09621,2.43349,0
3.21001,1.08111,2.4282,0
3.2101,1.06808,2.42741,0
3.21018,1.0535,2.42287,0
3.21027,1.04173,2.42469,0
3.21036,1.0327,2.43289,0
3.21045,1.01782,2.42723,0
3.21053,1.00531,2.42703,0
3.21062,0.993195,2.42769,0
3.21071,0.978098,2.42088,0
3.21079,0.964561,2.41769,0
3.21088,0.951071,2.41443,0
3.21097,0.938352,2.41297,0
3.21106,0.769774,2.00533,0
3.21114,0.851716,2.24806,0
3.21123,0.838397,2.24239,0
3.21132,0.828604,2.24603,0
3.21141,0.816402,2.24305,0
3.21149,0.803566,2.23812,0
3.21158,0.79179,2.23595,0
3.21167,0.77807,2.22805,0
3.21175,0.768992,2.23331,0
3.21184,0.757954,2.23286,0
3.21193,0.745349,2.22761,0
3.21202,0.733743,2.22514,0
3.2121,0.721864,2.22167,0
3.21219,0.710639,2.22003,0
3.21228,0.701547,2.22502,0
3.21237,0.688866,2.21851,0
3.21245,0.677718,2.21671,0
3.21254,0.667174,2.21678,0
3.21263,0.648691,2.18994,0
3.21271,0.63913,2.19275,0
3.2128,0.629005,2.1936,0
3.21289,0.620784,2.20114,0
3.21298,0.609571,2.19804,0
3.21306,0.599974,2.20068,0
3.21315,0.587002,2.19072,0
3.21324,0.57922,2.20003,0
3.21333,0.565358,2.18608,0
3.21341,0.558768,2.20015,0
3.2135,0.545292,2.18705,0
3.21359,0.535506,2.18843,0
3.21367,0.525952,2.19075,0
3.21376,0.514097,2.18329,0
3.21385,0.500066,2.16602,0
3.21394,0.494804,2.18672,0
3.21402,0.483743,2.18202,0
3.21411,0.470186,2.16554,0
3.2142,0.463643,2.18127,0
3.21429,0.452288,2.17446,0
3.21437,0.442198,2.17347,0
3.21446,0.428614,2.15479,0
3.21455,0.421116,2.16645,0
3.21463,0.411659,2.16827,0
3.21472,0.400554,2.16119,0
3.21481,0.388451,2.14816,0
3.2149,0.379942,2.15476,0
3.21498,0.368505,2.14457,0
3.21507,0.361619,2.16095,0
3.21516,0.351866,2.16053,0
3.21525,0.341966,2.15909,0
3.21533,0.332694,2.16155,0
3.21542,0.322225,2.15605,0
3.21551,0.310662,2.1426,0
3.21559,0.30131,2.14393,0
3.21568,0.292357,2.1482,0
3.21577,0.283503,2.15342,0
3.21586,0.271833,2.13678,0
3.21594,0.264335,2.15283,0
3.21603,0.263872,2.22944,0
3.21612,0.134485,1.18036,0
3.21621,0.127265,1.16205,0
3.21629,0.117804,1.12083,0
3.21638,0.113413,1.1263,0
3.21647,0.106772,1.10887,0
3.21655,0.102024,1.11032,0
3.21664,0.0980503,1.12072,0
3.21673,0.0950639,1.14406,0
3.21682,0.0885804,1.12552,0
3.2169,0.0838167,1.12789,0
3.21699,0.0772205,1.1043,0
3.21708,0.0717473,1.09465,0
3.21717,0.0669092,1.09396,0
3.21725,0.0621353,1.09424,0
3.21734,0.0571509,1.0905,0
3.21743,0.0515285,1.07276,0
3.21751,0.0475888,1.08996,0
3.2176,0.0427147,1.08716,0
3.21769,0.0380405,1.08934,0
3.21778,0.0330732,1.08249,0
3.21786,0.028402,1.08463,0
3.21795,0.0235819,1.08074,0
3.21804,0.0189359,1.08483,0
3.21813,0.0143331,1.09491,0
3.21821,0.00952069,1.09096,0
3.2183,0.00473859,1.08599,0
3.21839,3.95476e-08,1.087,0
3.21847,-0.00473851,1.08599,0
3.21856,-0.00941589,1.07896,0
3.21865,-0.0141498,1.08091,0
3.21874,-0.0186042,1.06584,0
3.21882,-0.0234291,1.07374,0
3.21891,-0.0279569,1.06763,0
3.219,-0.0327372,1.0715,0
3.21909,-0.0375518,1.07534,0
3.21917,-0.0434998,1.10715,0
3.21926,-0.0492899,1.12892,0
3.21935,-0.0560864,1.16765,0
3.21943,-0.0605527,1.15541,0
3.21952,-0.06531,1.15015,0
3.21961,-0.0708773,1.15883,0
3.2197,-0.0750827,1.14554,0
3.21978,-0.0782667,1.11927,0
3.21987,-0.0828533,1.11493,0
3.21996,-0.0901495,1.14546,0
3.22005,-0.103345,1.24371,0
3.22013,-0.106591,1.21835,0
3.22022,-0.0898546,0.97788,0
3.22031,-0.0672837,0.698768,0
3.22039,-0.0612149,0.607926,0
3.22048,-0.0611491,0.581795,0
3.22057,-0.0642314,0.586493,0
3.22066,-0.0662239,0.58124,0
3.22074,-0.0696997,0.58889,0
3.22083,-0.0719029,0.585602,0
3.22092,-0.0752146,0.591235,0
3.22101,-0.0767494,0.58297,0
3.22109,-0.0803711,0.590556,0
3.22118,-0.0821121,0.584258,0
3.22127,-0.0848041,0.584884,0
3.22135,-0.0860251,0.575607,0
3.22144,-0.0908176,0.590052,0
3.22153,-0.0932349,0.588662,0
3.22162,-0.0958026,0.58825,0
3.2217,-0.0988635,0.590785,0
3.22179,-0.104658,0.609074,0
3.22188,-0.105404,0.597778,0
3.22197,-0.10819,0.598297,0
3.22205,-0.110981,0.598802,0
3.22214,-0.114153,0.60126,0
3.22223,-0.114867,0.59094,0
3.22231,-0.120176,0.604164,0
3.2224,-0.122213,0.600694,0
3.22249,-0.126054,0.606029,0
3.22258,-0.12745,0.599604,0
3.22266,-0.132823,0.611747,0
3.22275,-0.132894,0.599446,0
3.22284,-0.13595,0.600811,0
3.22292,-0.137445,0.59534,0
3.22301,-0.142563,0.605442,0
3.2231,-0.142869,0.59509,0
3.22319,-0.148554,0.607089,0
3.22327,-0.151443,0.607405,0
3.22336,-0.154092,0.606739,0
3.22345,-0.156487,0.605092,0
3.22354,-0.162436,0.616975,0
3.22362,-0.16435,0.613363,0
3.22371,-0.166236,0.609746,0
3.2238,-0.169964,0.612869,0
3.22388,-0.172636,0.612122,0
3.22397,-0.175857,0.613285,0
3.22406,-0.182169,0.624992,0
3.22415,-0.18035,0.608851,0
3.22423,-0.186751,0.620506,0
3.22432,-0.187995,0.614904,0
3.22441,-0.190973,0.615033,0
3.2245,-0.195158,0.618962,0
3.22458,-0.198467,0.62001,0
3.22467,-0.199625,0.614383,0
3.22476,-0.204809,0.621103,0
3.22484,-0.204661,0.611669,0
3.22493,-0.210221,0.619292,0
3.22502,-0.211945,0.615533,0
3.22511,-0.218915,0.626875,0
3.22519,-0.220646,0.623086,0
3.22528,-0.225728,0.628706,0
3.22537,-0.227101,0.623956,0
3.22546,-0.231552,0.62765,0
3.22554,-0.233238,0.623824,0
3.22563,-0.238438,0.629346,0
3.22572,-0.240465,0.626432,0
3.2258,-0.243196,0.625377,0
3.22589,-0.247388,0.628032,0
3.22598,-0.250497,0.627875,0
3.22607,-0.250237,0.619359,0
3.22615,-0.25786,0.630293,0
3.22624,-0.261373,0.63101,0
3.22633,-0.262577,0.626175,0
3.22642,-0.265697,0.625943,0
3.2265,-0.270005,0.628453,0
3.22659,-0.273941,0.63002,0
3.22668,-0.278298,0.63248,0
3.22676,-0.282275,0.634001,0
3.22685,-0.28545,0.633675,0
3.22694,-0.291529,0.639703,0
3.22703,-0.299342,0.649322,0
3.22711,-0.298368,0.639853,0
3.2272,-0.299451,0.634928,0
3.22729,-0.304802,0.63903,0
3.22738,-0.297595,0.616978,0
3.22746,-0.292394,0.599496,0
3.22755,-0.30341,0.615255,0
3.22764,-0.300291,0.602291,0
3.22772,-0.305617,0.606333,0
3.22781,-0.307352,0.603211,0
3.2279,-0.315017,0.611644,0
3.22799,-0.321377,0.61736,0
3.22807,-0.32174,0.611526,0
3.22816,-0.32018,0.60217,0
3.22825,-0.324224,0.60341,0
3.22834,-0.324945,0.598474,0
3.22842,-0.325629,0.593544,0
3.22851,-0.324338,0.585121,0
3.2286,-0.32249,0.575847,0
3.22868,-0.325984,0.576176,0
3.22877,-0.324029,0.566934,0
3.22886,-0.323,0.559452,0
3.22895,-0.319393,0.547672,0
3.22903,-0.318227,0.540241,0
3.22912,-0.315979,0.531113,0
3.22921,-0.314173,0.522872,0
3.2293,-0.314377,0.518077,0
3.22938,-0.316634,0.5167,0
3.22947,-0.315728,0.510211,0
3.22956,-0.319011,0.510525,0
3.22964,-0.318034,0.504054,0
3.22973,-0.321305,0.504348,0
3.22982,-0.318634,0.495372,0
3.22991,-0.320248,0.493138,0
3.22999,-0.315269,0.480865,0
3.23008,-0.31626,0.477817,0
3.23017,-0.310564,0.464792,0
3.23026,-0.319299,0.47338,0
3.23034,-0.31292,0.459584,0
3.23043,-0.306992,0.446676,0
3.23052,-0.300388,0.433008,0
3.2306,-0.298833,0.426778,0
3.23069,-0.132166,0.187011,0
3.23078,-0.343776,0.481956,0
3.23087,-0.34237,0.475582,0
3.23095,-0.101687,0.13996,0
3.23104,-0.230611,0.314513,0
3.23113,-0.148706,0.200964,0
3.23122,-0.093937,0.125797,0
3.2313,-0.0848559,0.112608,0
3.23139,-0.0883729,0.116216,0
3.23148,-0.106533,0.138837,0
3.23156,-0.109587,0.141533,0
3.23165,-0.0714167,0.0914093,0
3.23174,-0.0606712,0.0769611,0
3.23183,-0.0610064,0.0766956,0
3.23191,-0.0682257,0.0850074,0
3.232,-0.0692252,0.0854861,0
3.23209,-0.0632705,0.0774393,0
3.23218,-0.056611,0.0686746,0
3.23226,-0.0607467,0.07304,0
3.23235,-0.0597792,0.0712421,0
3.23244,-0.0536283,0.0633483,0
3.23252,-0.0642954,0.0752802,0
3.23261,-0.0685398,0.0795443,0
3.2327,-0.0623256,0.0716974,0
3.23279,-0.0665939,0.0759358,0
3.23287,-0.0629489,0.0711508,0
3.23296,-0.0632588,0.0708755,0
3.23305,-0.0595526,0.0661399,0
3.23314,-0.0584959,0.064399,0
3.23322,-0.0641811,0.0700414,0
3.23331,-0.0651649,0.070495,0
3.2334,-0.0545599,0.0585083,0
3.23348,-0.0575554,0.0611832,0
3.23357,-0.0523149,0.0551285,0
3.23366,-0.0352672,0.0368406,0
3.23375,-0.054878,0.0568279,0
3.23383,-0.0383785,0.0393966,0
3.23392,-0.0406527,0.0413685,0
3.23401,-0.0359048,0.0362195,0
3.2341,-0.053033,0.053033,0
