7200
3103
2.70526
2.72097,-0.0360624,-0.0360624,0
2.72106,-0.0183044,-0.0184648,0
2.72114,-0.0420546,-0.042795,0
2.72123,-0.0516365,-0.0530063,0
2.72132,-0.0771071,-0.0798467,0
2.7214,-0.0850561,-0.0888508,0
2.72149,-0.11702,-0.123314,0
2.72158,-0.173351,-0.184278,0
2.72167,-0.292577,-0.313751,0
2.72175,-0.18667,-0.201939,0
2.72184,-0.19457,-0.212336,0
2.72193,-0.21583,-0.23761,0
2.72202,-0.219475,-0.243752,0
2.7221,-0.235056,-0.263358,0
2.72219,-0.233905,-0.264381,0
2.72228,-0.225496,-0.257129,0
2.72236,-0.228309,-0.262639,0
2.72245,-0.225855,-0.262117,0
2.72254,-0.224709,-0.2631,0
2.72263,-0.220974,-0.261026,0
2.72271,-0.224333,-0.26735,0
2.7228,-0.232756,-0.279858,0
2.72289,-0.228988,-0.277785,0
2.72298,-0.232836,-0.284976,0
2.72306,-0.224038,-0.276664,0
2.72315,-0.221577,-0.276079,0
2.72324,-0.209165,-0.262956,0
2.72332,-0.194396,-0.24659,0
2.72341,-0.224716,-0.287624,0
2.7235,-0.221623,-0.28623,0
2.72359,-0.219154,-0.285607,0
2.72367,-0.210037,-0.276213,0
2.72376,-0.207024,-0.274731,0
2.72385,-0.227962,-0.305278,0
2.72394,-0.214136,-0.289388,0
2.72402,-0.218193,-0.297578,0
2.72411,-0.216893,-0.298527,0
2.7242,-0.219094,-0.30434,0
2.72428,-0.224151,-0.314249,0
2.72437,-0.219892,-0.31114,0
2.72446,-0.228857,-0.326842,0
2.72455,-0.225149,-0.324551,0
2.72463,-0.231094,-0.336243,0
2.72472,-0.221745,-0.325676,0
2.72481,-0.219763,-0.325812,0
2.7249,-0.213895,-0.320116,0
2.72498,-0.222983,-0.33689,0
2.72507,-0.226445,-0.345386,0
2.72516,-0.228748,-0.352242,0
2.72524,-0.21639,-0.336416,0
2.72533,-0.225129,-0.353381,0
2.72542,-0.23319,-0.369583,0
2.72551,-0.235284,-0.376533,0
2.72559,-0.22522,-0.363951,0
2.72568,-0.232512,-0.379425,0
2.72577,-0.218922,-0.360773,0
2.72586,-0.227132,-0.378011,0
2.72594,-0.241842,-0.406499,0
2.72603,-0.241081,-0.409274,0
2.72612,-0.234759,-0.402547,0
2.7262,-0.2295,-0.397506,0
2.72629,-0.232726,-0.407185,0
2.72638,-0.237348,-0.419511,0
2.72647,-0.225743,-0.403093,0
2.72655,-0.225436,-0.406698,0
2.72664,-0.223179,-0.406801,0
2.72673,-0.224265,-0.413044,0
2.72682,-0.222934,-0.4149,0
2.7269,-0.21361,-0.401741,0
2.72699,-0.214183,-0.407094,0
2.72708,-0.207325,-0.398268,0
2.72716,-0.206501,-0.400947,0
2.72725,-0.20021,-0.392934,0
2.72734,-0.207495,-0.411663,0
2.72743,-0.221314,-0.443887,0
2.72751,-0.226894,-0.460096,0
2.7276,-0.218309,-0.447599,0
2.72769,-0.222436,-0.461158,0
2.72778,-0.214395,-0.449487,0
2.72786,-0.216697,-0.459463,0
2.72795,-0.219761,-0.47128,0
2.72804,-0.231938,-0.503111,0
2.72812,-0.229325,-0.503209,0
2.72821,-0.230413,-0.511499,0
2.7283,-0.224112,-0.503364,0
2.72839,-0.221913,-0.504337,0
2.72847,-0.216521,-0.497964,0
2.72856,-0.217109,-0.505335,0
2.72865,-0.212558,-0.500755,0
2.72873,-0.209597,-0.499833,0
2.72882,-0.214303,-0.517373,0
2.72891,-0.215451,-0.526633,0
2.729,-0.215399,-0.533131,0
2.72908,-0.214923,-0.53871,0
2.72917,-0.21477,-0.545225,0
2.72926,-0.212751,-0.547089,0
2.72935,-0.214304,-0.558281,0
2.72943,-0.211512,-0.558276,0
2.72952,-0.212926,-0.569497,0
2.72961,-0.2139,-0.579802,0
2.72969,-0.217183,-0.596705,0
2.72978,-0.214239,-0.596706,0
2.72987,-0.212969,-0.601405,0
2.72996,-0.210013,-0.601385,0
2.73004,-0.213898,-0.621206,0
2.73013,-0.213114,-0.627815,0
2.73022,-0.21545,-0.643912,0
2.73031,-0.218275,-0.66194,0
2.73039,-0.213222,-0.656229,0
2.73048,-0.212795,-0.664772,0
2.73057,-0.215305,-0.682861,0
2.73065,-0.222703,-0.71722,0
2.73074,-0.208753,-0.682802,0
2.73083,-0.204331,-0.678918,0
2.73092,-0.614041,-2.07297,0
2.731,-0.601073,-2.06219,0
2.73109,-0.591518,-2.06287,0
2.73118,-0.583868,-2.07024,0
2.73127,-0.574295,-2.07084,0
2.73135,-0.565254,-2.07333,0
2.73144,-0.553873,-2.06708,0
2.73153,-0.545357,-2.07141,0
2.73161,-0.534812,-2.06796,0
2.7317,-0.525045,-2.06737,0
2.73179,-0.515294,-2.06673,0
2.73188,-0.507697,-2.07479,0
2.73196,-0.497005,-2.07018,0
2.73205,-0.484071,-2.05578,0
2.73214,-0.474647,-2.05592,0
2.73223,-0.468982,-2.0726,0
2.73231,-0.459068,-2.07072,0
2.7324,-0.450029,-2.07271,0
2.73249,-0.440773,-2.07367,0
2.73257,-0.43111,-2.07264,0
2.73266,-0.421863,-2.07352,0
2.73275,-0.411836,-2.07044,0
2.73284,-0.402989,-2.0732,0
2.73292,-0.391887,-2.06413,0
2.73301,-0.38397,-2.07172,0
2.7331,-0.373859,-2.06747,0
2.73319,-0.364835,-2.06908,0
2.73327,-0.356311,-2.07361,0
2.73336,-0.34627,-2.06923,0
2.73345,-0.337238,-2.07072,0
2.73353,-0.3282,-2.07217,0
2.73362,-0.317177,-2.06073,0
2.73371,-0.307887,-2.06012,0
2.7338,-0.299613,-2.06639,0
2.73388,-0.291289,-2.07263,0
2.73397,-0.281434,-2.06794,0
2.73406,-0.272278,-2.06815,0
2.73415,-0.26161,-2.05643,0
2.73423,-0.253732,-2.06648,0
2.73432,-0.244125,-2.0626,0
2.73441,-0.234897,-2.06166,0
2.73449,-0.225572,-2.05968,0
2.73458,-0.217419,-2.06861,0
2.73467,-0.20789,-2.06456,0
2.73476,-0.199168,-2.06843,0
2.73484,-0.190415,-2.07227,0
2.73493,-0.180848,-2.0671,0
2.73502,-0.171579,-2.06488,0
2.73511,-0.162489,-2.06462,0
2.73519,-0.153034,-2.05932,0
2.73528,-0.143977,-2.05897,0
2.73537,-0.134665,-2.05459,0
2.73545,-0.126493,-2.06814,0
2.73554,-0.117411,-2.06767,0
2.73563,-0.108388,-2.06816,0
2.73572,-0.0992188,-2.06562,0
2.7358,-0.090423,-2.07103,0
2.73589,-0.0811108,-2.06441,0
2.73598,-0.0721024,-2.06474,0
2.73607,-0.0632147,-2.06903,0
2.73615,-0.0540816,-2.06529,0
2.73624,-0.0449823,-2.06151,0
2.73633,-0.0358822,-2.05569,0
2.73641,-0.0270431,-2.06582,0
2.7365,-0.0179331,-2.05492,0
2.73659,-0.00900589,-2.06398,0
2.73668,-2.48036e-08,-2.059,0
2.73676,0.00896221,-2.05398,0
2.73685,0.0179417,-2.05592,0
2.73694,0.02703,-2.06482,0
2.73703,0.0358298,-2.05269,0
2.73711,0.0449605,-2.06051,0
2.7372,0.0540554,-2.06429,0
2.73729,0.0630925,-2.06504,0
2.73737,0.071858,-2.05775,0
2.73746,0.0810322,-2.06241,0
2.73755,0.0896814,-2.05404,0
2.73764,0.0989789,-2.06062,0
2.73772,0.10755,-2.05218,0
2.73781,0.116787,-2.05669,0
2.7379,0.126065,-2.06115,0
2.73799,0.135123,-2.06158,0
2.73807,0.144187,-2.06196,0
2.73816,0.153034,-2.05932,0
2.73825,0.162018,-2.05863,0
2.73833,0.171165,-2.0599,0
2.73842,0.179018,-2.04618,0
2.73851,0.188036,-2.04638,0
2.7386,0.197826,-2.0545,0
2.73868,0.20799,-2.06555,0
2.73877,0.216165,-2.05667,0
2.73886,0.225463,-2.05869,0
2.73895,0.235123,-2.06365,0
2.73903,0.243773,-2.05962,0
2.73912,0.252879,-2.05953,0
2.73921,0.261989,-2.0594,0
2.73929,0.270059,-2.0513,0
2.73938,0.279141,-2.05109,0
2.73947,0.289619,-2.06075,0
2.73956,0.298465,-2.05847,0
2.73964,0.306261,-2.04924,0
2.73973,0.316112,-2.05382,0
2.73982,0.326479,-2.06131,0
2.73991,0.335148,-2.05789,0
2.73999,0.342639,-2.04753,0
2.74008,0.351908,-2.04799,0
2.74017,0.362404,-2.05529,0
2.74025,0.371012,-2.05172,0
2.74034,0.381966,-2.0609,0
2.74043,0.391327,-2.06118,0
2.74052,0.40089,-2.0624,0
2.7406,0.408519,-2.05376,0
2.74069,0.417676,-2.05294,0
2.74078,0.427648,-2.056,0
2.74086,0.437238,-2.05704,0
2.74095,0.446634,-2.05707,0
2.74104,0.454523,-2.05022,0
2.74113,0.465009,-2.05505,0
2.74121,0.473747,-2.05202,0
2.7413,0.484071,-2.05578,0
2.74139,0.493037,-2.05365,0
2.74148,0.504132,-2.06022,0
2.74156,0.511907,-2.05315,0
2.74165,0.517907,-2.03926,0
2.74174,0.529804,-2.0486,0
2.74182,0.541029,-2.05497,0
2.74191,0.549214,-2.04969,0
2.742,0.559993,-2.05403,0
2.74209,0.568683,-2.05061,0
2.74217,0.578982,-2.05292,0
2.74226,0.588486,-2.05229,0
2.74235,0.598834,-2.05451,0
2.74244,0.606941,-2.049,0
2.74252,0.615299,-2.04441,0
2.74261,0.62626,-2.0484,0
2.7427,0.637564,-2.05329,0
2.74278,0.64321,-2.04,0
2.74287,0.656068,-2.04956,0
2.74296,0.665314,-2.04762,0
2.74305,0.673302,-2.04185,0
2.74313,0.686647,-2.05217,0
2.74322,0.696559,-2.052,0
2.74331,0.705832,-2.04988,0
2.7434,0.711472,-2.03734,0
2.74348,0.724361,-2.04553,0
2.74357,0.734969,-2.04706,0
2.74366,0.746972,-2.05229,0
2.74374,0.754535,-2.04526,0
2.74383,0.766954,-2.05131,0
2.74392,0.774834,-2.04514,0
2.74401,0.785542,-2.04641,0
2.74409,0.795914,-2.04669,0
2.74418,0.808135,-2.05157,0
2.74427,0.817079,-2.04802,0
2.74436,0.825258,-2.04259,0
2.74444,0.834163,-2.03897,0
2.74453,0.843052,-2.03531,0
2.74462,0.853471,-2.0353,0
2.7447,0.870158,-2.04996,0
2.74479,0.879095,-2.04615,0
2.74488,0.887615,-2.04138,0
2.74497,0.899333,-2.04389,0
2.74505,0.910277,-2.04451,0
2.74514,0.92001,-2.04235,0
2.74523,0.931401,-2.04377,0
2.74532,0.939891,-2.03878,0
2.7454,0.95554,-2.04916,0
2.74549,0.961486,-2.03864,0
2.74558,0.974677,-2.04345,0
2.74566,0.982715,-2.03738,0
2.74575,0.992911,-2.03577,0
2.74584,1.00532,-2.03859,0
2.74593,1.01376,-2.03329,0
2.74601,1.02847,-2.04046,0
2.7461,1.03555,-2.03239,0
2.74619,1.04807,-2.03496,0
2.74628,1.05971,-2.03569,0
2.74636,1.07417,-2.04167,0
2.74645,1.08354,-2.03784,0
2.74654,1.09479,-2.0375,0
2.74662,1.10796,-2.04061,0
2.74671,1.11637,-2.03488,0
2.7468,1.1267,-2.03262,0
2.74689,1.14435,-2.04339,0
2.74697,1.15326,-2.03837,0
2.74706,1.16264,-2.03419,0
2.74715,1.175,-2.03516,0
2.74724,1.18941,-2.03952,0
2.74732,1.19728,-2.03258,0
2.74741,1.21483,-2.04195,0
2.7475,1.2227,-2.03492,0
2.74758,1.23779,-2.03982,0
2.74767,1.24459,-2.03099,0
2.74776,1.25765,-2.03234,0
2.74785,1.26969,-2.03192,0
2.74793,1.28388,-2.03482,0
2.74802,1.29221,-2.02836,0
2.74811,1.30862,-2.03447,0
2.7482,1.31585,-2.02623,0
2.74828,1.33564,-2.03719,0
2.74837,1.34397,-2.03051,0
2.74846,1.36337,-2.04043,0
2.74854,1.37561,-2.03943,0
2.74863,1.38169,-2.02928,0
2.74872,1.39279,-2.02653,0
2.74881,1.41017,-2.03275,0
2.74889,1.42132,-2.02986,0
2.74898,1.43363,-2.02854,0
2.74907,1.4506,-2.03366,0
2.74916,1.46121,-2.02975,0
2.74924,1.47887,-2.03549,0
2.74933,1.48419,-2.02418,0
2.74942,1.49955,-2.02652,0
2.7495,1.50897,-2.02076,0
2.74959,1.53523,-2.03732,0
2.74968,1.54108,-2.02662,0
2.74977,1.56208,-2.03574,0
2.74985,1.56666,-2.02337,0
2.74994,1.58718,-2.03149,0
2.75003,1.59664,-2.02533,0
2.75012,1.61605,-2.03165,0
2.7502,1.6299,-2.03082,0
2.75029,1.64253,-2.02835,0
2.75038,1.65642,-2.02736,0
2.75046,1.67034,-2.02629,0
2.75055,1.68812,-2.02974,0
2.75064,1.69889,-2.02466,0
2.75073,1.71417,-2.02486,0
2.75081,1.73143,-2.02724,0
2.7509,1.74417,-2.02421,0
2.75099,1.75758,-2.02187,0
2.75108,1.77957,-2.02922,0
2.75116,1.7957,-2.02967,0
2.75125,1.80853,-2.02629,0
2.75134,1.82539,-2.0273,0
2.75142,1.84094,-2.02672,0
2.75151,1.85044,-2.0194,0
2.7516,1.87281,-2.026,0
2.75169,1.88777,-2.02439,0
2.75177,1.90686,-2.02706,0
2.75186,1.91776,-2.02089,0
2.75195,1.93416,-2.02045,0
2.75204,1.95546,-2.02494,0
2.75212,1.97126,-2.02355,0
2.75221,1.99198,-2.02706,0
2.7523,2.00715,-2.02474,0
2.75238,2.02728,-2.02728,0
2.75247,2.02616,-2.00855,0
2.75256,2.03918,-2.0039,0
2.75265,2.03645,-1.98382,0
2.75273,2.02998,-1.96033,0
2.75282,2.03057,-1.94384,0
2.75291,2.02815,-1.92464,0
2.753,2.02706,-1.90686,0
2.75308,2.03024,-1.89323,0
2.75317,2.02306,-1.8701,0
2.75326,2.02309,-1.85382,0
2.75334,2.03042,-1.8443,0
2.75343,2.02284,-1.82137,0
2.75352,2.02555,-1.80787,0
2.75361,2.01993,-1.78709,0
2.75369,2.02245,-1.77364,0
2.75378,2.02338,-1.75889,0
2.75387,2.01967,-1.74026,0
2.75395,2.01964,-1.72493,0
2.75404,2.01341,-1.70448,0
2.75413,2.01163,-1.68796,0
2.75422,2.0159,-1.67661,0
2.7543,2.0178,-1.66334,0
2.75439,2.01032,-1.6425,0
2.75448,2.01825,-1.63435,0
2.75457,2.0121,-1.61488,0
2.75465,2.016,-1.6036,0
2.75474,2.01748,-1.59045,0
2.75483,2.01888,-1.57732,0
2.75491,2.01151,-1.55748,0
2.755,2.01591,-1.54686,0
2.75509,2.01309,-1.53079,0
2.75518,2.01735,-1.52018,0
2.75526,2.01836,-1.50718,0
2.75535,2.00884,-1.48646,0
2.75544,2.01692,-1.47887,0
2.75553,2.01445,-1.46359,0
2.75561,2.00783,-1.44543,0
2.7557,2.00435,-1.42969,0
2.75579,2.01465,-1.42382,0
2.75587,2.01511,-1.411,0
2.75596,2.01139,-1.39535,0
2.75605,2.01004,-1.38146,0
2.75614,2.00944,-1.36818,0
2.75622,2.00793,-1.35437,0
2.75631,2.00467,-1.33948,0
2.7564,2.00633,-1.32796,0
2.75649,2.00207,-1.31261,0
2.75657,2.00358,-1.30114,0
2.75666,2.00335,-1.2886,0
2.75675,2.00474,-1.27716,0
2.75683,2.00437,-1.26467,0
2.75692,2.01072,-1.25644,0
2.75701,2.00428,-1.24029,0
2.7571,2.00029,-1.22578,0
2.75718,1.98852,-1.20667,0
2.75727,1.99977,-1.20158,0
2.75736,2.00671,-1.19387,0
2.75745,2.00673,-1.18206,0
2.75753,1.99978,-1.16624,0
2.75762,2.00831,-1.1595,0
2.75771,1.99859,-1.14229,0
2.75779,2.00356,-1.13356,0
2.75788,1.99889,-1.11943,0
2.75797,1.99676,-1.10682,0
2.75806,1.99543,-1.09473,0
2.75814,1.99755,-1.08458,0
2.75823,1.99962,-1.07444,0
2.75832,1.9937,-1.06007,0
2.75841,1.99565,-1.04996,0
2.75849,1.99666,-1.0394,0
2.75858,2.00029,-1.03022,0
2.75867,1.99764,-1.01785,0
2.75875,2.00563,-1.01092,0
2.75884,1.99839,-0.99636,0
2.75893,2.0072,-0.989842,0
2.75902,1.99712,-0.974061,0
2.7591,1.99595,-0.962731,0
2.75919,1.99471,-0.95143,0
2.75928,1.99342,-0.940158,0
2.75937,2.00203,-0.933564,0
2.75945,1.99973,-0.921889,0
2.75954,2.00555,-0.913984,0
2.75963,1.99676,-0.899474,0
2.75971,2.00341,-0.891974,0
2.7598,1.99446,-0.877585,0
2.75989,2.00286,-0.870868,0
2.75998,2.00113,-0.859752,0
2.76006,2.00026,-0.849059,0
2.76015,2.00302,-0.839936,0
2.76024,1.99743,-0.827362,0
2.76033,1.99454,-0.815988,0
2.76041,1.99715,-0.806903,0
2.7605,2.00251,-0.798922,0
2.76059,1.99295,-0.785046,0
2.76067,1.9889,-0.773443,0
2.76076,1.98292,-0.761174,0
2.76085,1.99932,-0.757474,0
2.76094,1.99886,-0.747343,0
2.76102,1.99741,-0.736883,0
2.76111,1.99591,-0.726451,0
2.7612,1.99341,-0.715708,0
2.76129,1.99274,-0.705668,0
2.76137,1.99108,-0.695318,0
2.76146,1.99126,-0.685647,0
2.76155,1.99897,-0.678559,0
2.76163,1.99432,-0.667292,0
2.76172,1.99247,-0.657018,0
2.76181,1.98485,-0.644919,0
2.7619,1.98765,-0.636252,0
2.76198,1.99136,-0.627874,0
2.76207,1.98453,-0.616213,0
2.76216,1.98529,-0.606964,0
2.76225,1.98505,-0.597431,0
2.76233,1.99914,-0.592172,0
2.76242,1.98346,-0.578127,0
2.76251,1.9975,-0.572774,0
2.76259,1.98555,-0.559982,0
2.76268,1.98893,-0.55158,0
2.76277,1.98457,-0.541055,0
2.76286,1.99077,-0.533426,0
2.76294,1.99308,-0.524735,0
2.76303,1.9847,-0.513279,0
2.76312,1.9908,-0.505599,0
2.76321,1.98231,-0.494246,0
2.76329,1.98834,-0.486543,0
2.76338,1.99628,-0.479263,0
2.76347,1.98569,-0.467569,0
2.76355,1.98771,-0.4589,0
2.76364,1.98775,-0.449781,0
2.76373,1.98579,-0.440238,0
2.76382,1.98671,-0.431357,0
2.7639,1.9876,-0.422477,0
2.76399,1.97767,-0.411356,0
2.76408,1.96671,-0.400131,0
2.76417,1.9753,-0.392912,0
2.76425,1.96227,-0.381427,0
2.76434,1.94525,-0.369318,0
2.76443,1.94193,-0.359915,0
2.76451,1.91593,-0.346456,0
2.7646,1.74114,-0.30701,0
2.76469,1.70107,-0.292297,0
2.76478,1.69542,-0.283717,0
2.76486,1.69763,-0.276477,0
2.76495,1.70574,-0.270162,0
2.76504,1.69801,-0.261348,0
2.76513,1.69023,-0.252606,0
2.76521,1.70121,-0.246664,0
2.7653,1.69831,-0.238682,0
2.76539,1.69636,-0.230865,0
2.76547,1.70727,-0.224766,0
2.76556,1.70426,-0.21681,0
2.76565,1.70023,-0.208762,0
2.76574,1.69318,-0.200401,0
2.76582,1.70398,-0.194144,0
2.76591,1.69785,-0.185945,0
2.766,1.69268,-0.177907,0
2.76608,1.70637,-0.171823,0
2.76617,1.69715,-0.163417,0
2.76626,1.70283,-0.156468,0
2.76635,1.68656,-0.147555,0
2.76643,1.69217,-0.140608,0
2.76652,1.69277,-0.133224,0
2.76661,1.68136,-0.124947,0
2.7667,1.68489,-0.117819,0
2.76678,1.68738,-0.110597,0
2.76687,1.68984,-0.103355,0
2.76696,1.69028,-0.0959809,0
2.76704,1.69168,-0.0886571,0
2.76713,1.68705,-0.0810351,0
2.76722,1.68739,-0.0736732,0
2.76731,1.6847,-0.0661921,0
2.76739,1.68697,-0.0589104,0
2.76748,1.68122,-0.0513658,0
2.76757,1.68742,-0.0441867,0
2.76766,1.72359,-0.0376089,0
2.76774,1.81572,-0.0316936,0
2.76783,1.95583,-0.0256033,0
2.76792,1.96393,-0.017139,0
2.768,1.97198,-0.00860449,0
2.76809,1.978,-4.78961e-08,0
2.76818,1.97998,0.0086393,0
2.76827,1.97692,0.0172523,0
2.76835,1.98083,0.0259304,0
2.76844,1.9817,0.0345906,0
2.76853,1.97853,0.0431716,0
2.76862,1.98032,0.0518565,0
2.7687,1.98607,0.06068,0
2.76879,1.98279,0.0692406,0
2.76888,1.98947,0.0781662,0
2.76896,1.98611,0.0867153,0
2.76905,1.98671,0.0954284,0
2.76914,1.97928,0.10373,0
2.76923,1.97981,0.112422,0
2.76931,1.9793,0.121059,0
2.7694,1.97377,0.129367,0
2.76949,1.97518,0.138118,0
2.76958,1.96359,0.14592,0
2.76966,1.85626,0.146091,0
2.76975,1.7131,0.142347,0
2.76984,1.69353,0.148165,0
2.76992,1.70083,0.156285,0
2.77001,1.70213,0.163896,0
2.7701,1.69543,0.17072,0
2.77019,1.69467,0.178116,0
2.77027,1.70083,0.186271,0
2.77036,1.69901,0.193577,0
2.77045,1.69616,0.200754,0
2.77054,1.69428,0.208031,0
2.77062,1.69534,0.215674,0
2.77071,1.69041,0.222547,0
2.7708,1.69735,0.231,0
2.77088,1.6894,0.237429,0
2.77097,1.68933,0.244942,0
2.77106,1.69814,0.253789,0
2.77115,1.69801,0.261348,0
2.77123,1.69586,0.268598,0
2.77132,1.68184,0.273905,0
2.77141,1.69148,0.283057,0
2.7715,1.70304,0.292636,0
2.77158,1.70372,0.300411,0
2.77167,1.69649,0.306775,0
2.77176,1.6971,0.314538,0
2.77184,1.69866,0.3225,0
2.77193,1.69723,0.329909,0
2.77202,1.69087,0.336336,0
2.77211,1.69331,0.344508,0
2.77219,1.69179,0.351893,0
2.77228,1.69317,0.359895,0
2.77237,1.7512,0.380222,0
2.77246,1.93111,0.428118,0
2.77254,1.95459,0.442278,0
2.77263,1.95751,0.451927,0
2.77272,1.97012,0.463902,0
2.7728,1.97002,0.47296,0
2.77289,1.96794,0.481552,0
2.77298,1.96679,0.490376,0
2.77307,1.98014,0.502891,0
2.77315,1.97018,0.509523,0
2.77324,1.97471,0.519897,0
2.77333,1.97435,0.529026,0
2.77342,1.97878,0.539477,0
2.7735,1.96773,0.545701,0
2.77359,1.97303,0.556453,0
2.77368,1.9677,0.56423,0
2.77376,1.97194,0.574769,0
2.77385,1.97037,0.583651,0
2.77394,1.97068,0.593108,0
2.77403,1.97859,0.604917,0
2.77411,1.9788,0.614434,0
2.7742,1.97515,0.622762,0
2.77429,1.97527,0.632288,0
2.77438,1.96678,0.639047,0
2.77446,1.96588,0.648249,0
2.77455,1.98105,0.662849,0
2.77464,1.9753,0.670523,0
2.77472,1.97708,0.680763,0
2.77481,1.96748,0.687075,0
2.7749,1.97012,0.697656,0
2.77499,1.96706,0.706246,0
2.77507,1.97148,0.717558,0
2.77516,1.97677,0.729269,0
2.77525,1.97169,0.737186,0
2.77534,1.97033,0.746491,0
2.77542,1.97732,0.759023,0
2.77551,1.97306,0.767281,0
2.7756,1.97621,0.778449,0
2.77568,1.97279,0.787064,0
2.77577,1.98046,0.80016,0
2.77586,1.97788,0.809172,0
2.77595,1.97618,0.81856,0
2.77603,1.96982,0.826015,0
2.77612,1.97816,0.839681,0
2.77621,1.98367,0.852252,0
2.7763,1.97626,0.859304,0
2.77638,1.97616,0.86953,0
2.77647,1.97509,0.879365,0
2.77656,1.97761,0.890849,0
2.77664,1.97371,0.89947,0
2.77673,1.9734,0.909748,0
2.77682,1.97756,0.922153,0
2.77691,1.98347,0.935465,0
2.77699,1.97756,0.94325,0
2.77708,1.96893,0.949697,0
2.77717,1.97285,0.962225,0
2.77726,1.97312,0.973035,0
2.77734,1.97333,0.983866,0
2.77743,1.96723,0.991567,0
2.77752,1.96734,1.00241,0
2.7776,1.96295,1.01099,0
2.77769,1.96473,1.02277,0
2.77778,1.97264,1.03785,0
2.77787,1.96809,1.04645,0
2.77795,1.96439,1.0555,0
2.77804,1.96591,1.0674,0
2.77813,1.96825,1.07982,0
2.77822,1.9609,1.08694,0
2.7783,1.96486,1.10038,0
2.77839,1.97136,1.11534,0
2.77848,1.97168,1.12691,0
2.77856,1.96501,1.1345,0
2.77865,1.9635,1.14508,0
2.77874,1.96882,1.15973,0
2.77883,1.9732,1.17393,0
2.77891,1.96548,1.18098,0
2.779,1.96117,1.19007,0
2.77909,1.96193,1.20227,0
2.77917,1.95581,1.21029,0
2.77926,1.95814,1.22358,0
2.77935,1.96463,1.23959,0
2.77944,1.96679,1.25298,0
2.77952,1.96046,1.26101,0
2.77961,1.96417,1.27554,0
2.7797,1.97113,1.29233,0
2.77979,1.96213,1.29871,0
2.77987,1.96227,1.31115,0
2.77996,1.95902,1.32137,0
2.78005,1.9615,1.33554,0
2.78013,1.96637,1.35145,0
2.78022,1.95963,1.35944,0
2.78031,1.96187,1.37372,0
2.7804,1.95912,1.38457,0
2.78048,1.95958,1.39775,0
2.78057,1.96644,1.41564,0
2.78066,1.96106,1.42479,0
2.78075,1.95643,1.43452,0
2.78083,1.96061,1.45077,0
2.78092,1.97028,1.47128,0
2.78101,1.96384,1.47986,0
2.78109,1.96453,1.49387,0
2.78118,1.96434,1.50729,0
2.78127,1.96724,1.5232,0
2.78136,1.97081,1.53977,0
2.78144,1.96172,1.5465,0
2.78153,1.96591,1.56376,0
2.78162,1.96843,1.57983,0
2.78171,1.96152,1.5884,0
2.78179,1.96386,1.60454,0
2.78188,1.9553,1.61182,0
2.78197,1.96132,1.63121,0
2.78205,1.95571,1.64104,0
2.78214,1.95311,1.65343,0
2.78223,1.96109,1.67493,0
2.78232,1.96134,1.68999,0
2.7824,1.96375,1.70707,0
2.78249,1.96005,1.71891,0
2.78258,1.96002,1.73408,0
2.78267,1.95094,1.74128,0
2.78275,1.95744,1.76249,0
2.78284,1.95566,1.77639,0
2.78293,1.95747,1.79369,0
2.78301,1.9555,1.80765,0
2.7831,1.96295,1.83048,0
2.78319,1.95131,1.83561,0
2.78328,1.95488,1.85512,0
2.78336,1.95616,1.87262,0
2.78345,1.95373,1.88669,0
2.78354,1.96338,1.91264,0
2.78363,1.95359,1.91979,0
2.78371,1.95159,1.93463,0
2.7838,1.95939,1.95939,0
2.78389,1.96139,1.97858,0
2.78397,1.95554,1.98997,0
2.78406,1.9594,2.01138,0
2.78415,1.95268,2.02206,0
2.78424,1.95837,2.04573,0
2.78432,1.96181,2.06732,0
2.78441,1.96442,2.08824,0
2.7845,1.95734,2.09898,0
2.78459,1.95902,2.11925,0
2.78467,1.95178,2.12999,0
2.78476,1.93373,2.12887,0
2.78485,1.91238,2.12391,0
2.78493,1.90043,2.12925,0
2.78502,1.87919,2.12404,0
2.78511,1.86595,2.12771,0
2.7852,1.84943,2.12753,0
2.78528,1.82773,2.12118,0
2.78537,1.80871,2.11773,0
2.78546,1.80462,2.13171,0
2.78555,1.78374,2.12577,0
2.78563,1.77125,2.12969,0
2.78572,1.75367,2.12737,0
2.78581,1.73741,2.12648,0
2.78589,1.72056,2.12472,0
2.78598,1.70877,2.12908,0
2.78607,1.69324,2.12869,0
2.78616,1.67527,2.12507,0
2.78624,1.6549,2.11817,0
2.78633,1.64442,2.12379,0
2.78642,1.62965,2.12381,0
2.78651,1.6119,2.11975,0
2.78659,1.59541,2.11718,0
2.78668,1.58257,2.11932,0
2.78677,1.56557,2.11575,0
2.78685,1.55101,2.1153,0
2.78694,1.54059,2.12043,0
2.78703,1.52898,2.12389,0
2.78712,1.51331,2.12158,0
2.7872,1.49711,2.11837,0
2.78729,1.48843,2.1257,0
2.78738,1.46717,2.11492,0
2.78747,1.45793,2.1213,0
2.78755,1.44191,2.11772,0
2.78764,1.42762,2.11653,0
2.78773,1.41282,2.11443,0
2.78781,1.40192,2.11807,0
2.7879,1.38499,2.11246,0
2.78799,1.37739,2.121,0
2.78808,1.36109,2.11605,0
2.78816,1.34808,2.11607,0
2.78825,1.33457,2.11517,0
2.78834,1.31632,2.10655,0
2.78843,1.30027,2.10122,0
2.78851,1.29527,2.11369,0
2.7886,1.28604,2.11933,0
2.78869,1.27008,2.11377,0
2.78877,1.25522,2.10984,0
2.78886,1.24448,2.11271,0
2.78895,1.23173,2.11208,0
2.78904,1.2195,2.11224,0
2.78912,1.20878,2.11493,0
2.78921,1.19363,2.10974,0
2.7893,1.18246,2.11144,0
2.78939,1.17033,2.11133,0
2.78947,1.15678,2.10853,0
2.78956,1.14661,2.1118,0
2.78965,1.13313,2.10885,0
2.78973,1.12157,2.10936,0
2.78982,1.11049,2.1107,0
2.78991,1.09896,2.11109,0
2.79,1.08379,2.1043,0
2.79008,1.07096,2.10188,0
2.79017,1.06403,2.111,0
2.79026,1.05035,2.10668,0
2.79035,1.04469,2.11841,0
2.79043,1.03061,2.11306,0
2.79052,1.01921,2.11304,0
2.79061,1.00438,2.10573,0
2.79069,0.993052,2.10557,0
2.79078,0.982165,2.10626,0
2.79087,0.96836,2.10054,0
2.79096,0.957941,2.10201,0
2.79104,0.940957,2.08885,0
2.79113,0.963559,2.16419,0
2.79122,0.811535,1.84435,0
2.79131,0.75244,1.73049,0
2.79139,0.735803,1.71263,0
2.79148,0.725588,1.70938,0
2.79157,0.715029,1.70515,0
2.79165,0.709495,1.71287,0
2.79174,0.698985,1.70855,0
2.79183,0.687778,1.70231,0
2.79192,0.680344,1.70529,0
2.792,0.674362,1.71197,0
2.79209,0.663624,1.70651,0
2.79218,0.656888,1.71125,0
2.79226,0.645873,1.70475,0
2.79235,0.636327,1.70193,0
2.79244,0.628203,1.70282,0
2.79253,0.619399,1.70178,0
2.79261,0.610616,1.70071,0
2.7927,0.603857,1.70524,0
2.79279,0.5974,1.71069,0
2.79288,0.586348,1.70288,0
2.79296,0.577627,1.70163,0
2.79305,0.571466,1.70793,0
2.79314,0.564008,1.71041,0
2.79322,0.552831,1.70144,0
2.79331,0.546012,1.70574,0
2.7934,0.537963,1.7062,0
2.79349,0.526361,1.69516,0
2.79357,0.522176,1.70796,0
2.79366,0.514719,1.71022,0
2.79375,0.507535,1.71341,0
2.79384,0.498655,1.71081,0
2.79392,0.490359,1.71008,0
2.79401,0.481264,1.70643,0
2.7941,0.473279,1.70659,0
2.79418,0.464776,1.70478,0
2.79427,0.457333,1.70679,0
2.79436,0.449373,1.70684,0
2.79445,0.44117,1.70588,0
2.79453,0.432984,1.70488,0
2.79462,0.424331,1.7019,0
2.79471,0.416188,1.70082,0
2.7948,0.411097,1.71234,0
2.79488,0.402018,1.70731,0
2.79497,0.392765,1.70125,0
2.79506,0.384234,1.69807,0
2.79514,0.376605,1.69876,0
2.79523,0.37025,1.70527,0
2.79532,0.36343,1.7098,0
2.79541,0.355151,1.70746,0
2.79549,0.346502,1.70311,0
2.79558,0.339847,1.70853,0
2.79567,0.333916,1.71785,0
2.79576,0.323806,1.70553,0
2.79584,0.316361,1.70693,0
2.79593,0.309088,1.70928,0
2.79602,0.302669,1.71652,0
2.7961,0.29416,1.71191,0
2.79619,0.285697,1.70726,0
2.79628,0.278406,1.70948,0
2.79637,0.270632,1.7087,0
2.79645,0.2615,1.69899,0
2.79654,0.253345,1.69517,0
2.79663,0.245659,1.69428,0
2.79672,0.239378,1.70326,0
2.7968,0.232348,1.70726,0
2.79689,0.223591,1.69835,0
2.79698,0.217315,1.70823,0
2.79706,0.209737,1.70817,0
2.79715,0.201342,1.70113,0
2.79724,0.193351,1.69702,0
2.79733,0.185945,1.69785,0
2.79741,0.178326,1.69665,0
2.7975,0.17022,1.69045,0
2.79759,0.163705,1.70014,0
2.79768,0.156376,1.70183,0
2.79776,0.148252,1.69453,0
2.79785,0.141022,1.69715,0
2.79794,0.133537,1.69675,0
2.79802,0.126429,1.70131,0
2.79811,0.118586,1.69586,0
2.7982,0.111251,1.69736,0
2.79829,0.103966,1.69982,0
2.79837,0.0965479,1.70026,0
2.79846,0.0892329,1.70266,0
2.79855,0.0818028,1.70304,0
2.79864,0.0742403,1.70038,0
2.79872,0.0664277,1.6907,0
2.79881,0.0591198,1.69297,0
2.7989,0.0518239,1.69621,0
2.79898,0.0442391,1.68942,0
2.79907,0.0367581,1.6846,0
2.79916,0.0294946,1.68974,0
2.79925,0.0222131,1.69685,0
2.79933,0.0146606,1.67994,0
2.79942,0.00733042,1.67998,0
2.79951,6.12679e-08,1.684,0
2.7996,-0.00740011,1.69598,0
2.79968,-0.0147216,1.68694,0
2.79977,-0.0219381,1.67586,0
2.79986,-0.0291978,1.67275,0
2.79994,-0.0365399,1.6746,0
2.80003,-0.0442652,1.69042,0
2.80012,-0.0514879,1.68521,0
2.80021,-0.0585962,1.67798,0
2.80029,-0.066192,1.6847,0
2.80038,-0.0734986,1.6834,0
2.80047,-0.080987,1.68606,0
2.80056,-0.0882384,1.68369,0
2.80064,-0.0953572,1.67929,0
2.80073,-0.102989,1.68385,0
2.80082,-0.110466,1.68538,0
2.8009,-0.11747,1.6799,0
2.80099,-0.124947,1.68136,0
2.80108,-0.133067,1.69077,0
2.80117,-0.140111,1.68619,0
2.80125,-0.147119,1.68158,0
2.80134,-0.154821,1.6849,0
2.80143,-0.161213,1.67426,0
2.80152,-0.168416,1.67254,0
2.8016,-0.17728,1.68671,0
2.80169,-0.185727,1.69586,0
2.80178,-0.192445,1.68907,0
2.80186,-0.199931,1.68921,0
2.80195,-0.208397,1.69725,0
2.80204,-0.215169,1.69137,0
2.80213,-0.223069,1.69438,0
2.80221,-0.229786,1.68844,0
2.8023,-0.237429,1.6894,0
2.80239,-0.245372,1.6923,0
2.80248,-0.253936,1.69913,0
2.80256,-0.260283,1.69109,0
2.80265,-0.268129,1.6929,0
2.80274,-0.275191,1.68974,0
2.80282,-0.282231,1.68655,0
2.80291,-0.289249,1.68333,0
2.803,-0.29607,1.6791,0
2.80309,-0.303038,1.67582,0
2.80317,-0.313081,1.68923,0
2.80326,-0.321567,1.69374,0
2.80335,-0.327619,1.68545,0
2.80344,-0.33536,1.68597,0
2.80352,-0.343112,1.68645,0
2.80361,-0.350467,1.68494,0
2.8037,-0.359063,1.68926,0
2.80378,-0.366006,1.68572,0
2.80387,-0.373575,1.68509,0
2.80396,-0.381144,1.68442,0
2.80405,-0.389615,1.68761,0
2.80413,-0.395371,1.67908,0
2.80422,-0.405261,1.68803,0
2.80431,-0.41286,1.68722,0
2.80439,-0.420218,1.6854,0
2.80448,-0.428061,1.68549,0
2.80457,-0.434159,1.67877,0
2.80466,-0.443262,1.68363,0
2.80474,-0.449569,1.67781,0
2.80483,-0.458726,1.68259,0
2.80492,-0.467667,1.68635,0
2.80501,-0.473121,1.67756,0
2.80509,-0.482641,1.68317,0
2.80518,-0.488861,1.67721,0
2.80527,-0.497027,1.67793,0
2.80535,-0.507802,1.68724,0
2.80544,-0.513989,1.68118,0
2.80553,-0.520727,1.67702,0
2.80562,-0.531648,1.68617,0
2.8057,-0.538085,1.68098,0
2.80579,-0.542016,1.66815,0
2.80588,-0.550542,1.66957,0
2.80597,-0.26368,0.788057,0
2.80605,-0.292188,0.860759,0
2.80614,-0.274128,0.796127,0
2.80623,-0.26672,0.763768,0
2.80631,-0.270717,0.764482,0
2.8064,-0.277092,0.771764,0
2.80649,-0.275668,0.757392,0
2.80658,-0.276894,0.750553,0
2.80666,-0.280866,0.751211,0
2.80675,-0.286621,0.756524,0
2.80684,-0.292787,0.762735,0
2.80693,-0.304448,0.782887,0
2.80701,-0.305662,0.775968,0
2.8071,-0.300522,0.753265,0
2.80719,-0.297063,0.735257,0
2.80727,-0.295346,0.721922,0
2.80736,-0.294666,0.711387,0
2.80745,-0.298928,0.712861,0
2.80754,-0.300472,0.707868,0
2.80762,-0.304742,0.709307,0
2.80771,-0.309429,0.711639,0
2.8078,-0.311323,0.707536,0
2.80789,-0.316441,0.710738,0
2.80797,-0.3257,0.723027,0
2.80806,-0.331755,0.727969,0
2.80815,-0.331997,0.720158,0
2.80823,-0.331333,0.710545,0
2.80832,-0.330164,0.700048,0
2.80841,-0.323744,0.678744,0
2.8085,-0.327137,0.678226,0
2.80858,-0.327463,0.671399,0
2.80867,-0.327294,0.663686,0
2.80876,-0.327509,0.656882,0
2.80885,-0.328572,0.651875,0
2.80893,-0.329143,0.64598,0
2.80902,-0.323717,0.628535,0
2.80911,-0.31168,0.598732,0
2.80919,-0.307771,0.584977,0
2.80928,-0.309382,0.581862,0
2.80937,-0.315704,0.587554,0
2.80946,-0.323514,0.595838,0
2.80954,-0.32611,0.594421,0
2.80963,-0.327731,0.591243,0
2.80972,-0.334217,0.596787,0
2.80981,-0.329431,0.582268,0
2.80989,-0.323037,0.565197,0
2.80998,-0.3195,0.55339,0
2.81007,-0.325942,0.558902,0
2.81015,-0.317719,0.53938,0
2.81024,-0.326205,0.548301,0
2.81033,-0.323959,0.539158,0
2.81042,-0.323714,0.533465,0
2.8105,-0.322382,0.526079,0
2.81059,-0.3252,0.525518,0
2.81068,-0.321661,0.514765,0
2.81077,-0.324438,0.514203,0
2.81085,-0.316469,0.496758,0
2.81094,-0.31647,0.492008,0
2.81103,-0.321337,0.494816,0
2.81111,-0.32459,0.495081,0
2.8112,-0.321779,0.486155,0
2.81129,-0.323897,0.484747,0
2.81138,-0.321536,0.476697,0
2.81146,-0.318548,0.46785,0
2.81155,-0.321719,0.468104,0
2.81164,-0.318058,0.458479,0
2.81173,-0.321203,0.458725,0
2.81181,-0.324933,0.459769,0
2.8119,-0.318225,0.446135,0
2.81199,-0.320753,0.445554,0
2.81207,-0.314465,0.432824,0
2.81216,-0.314577,0.429029,0
2.81225,-0.315256,0.426044,0
2.81234,-0.31771,0.425466,0
2.81242,-0.315953,0.419284,0
2.81251,-0.308095,0.405165,0
2.8126,-0.315947,0.41175,0
2.81269,-0.317129,0.409577,0
2.81277,-0.310293,0.397157,0
2.81286,-0.308928,0.391873,0
2.81295,-0.306277,0.385043,0
2.81303,-0.311084,0.387603,0
2.81312,-0.309626,0.382356,0
2.81321,-0.310658,0.380227,0
2.8133,-0.309134,0.37501,0
2.81338,-0.30821,0.370582,0
2.81347,-0.313038,0.373064,0
2.81356,-0.308847,0.364825,0
2.81365,-0.305241,0.357391,0
2.81373,-0.303533,0.352268,0
2.81382,-0.303099,0.348676,0
2.81391,-0.298684,0.340583,0
2.81399,-0.304805,0.34452,0
2.81408,-0.358244,0.401379,0
2.81417,-0.357316,0.396839,0
2.81426,-0.276343,0.30423,0
2.81434,-0.33712,0.367901,0
2.81443,-0.24912,0.269496,0
2.81452,-0.0770658,0.082643,0
2.81461,-0.18911,0.20103,0
2.81469,-0.0936162,0.0986509,0
2.81478,-0.107185,0.111966,0
2.81487,-0.0750231,0.0776887,0
2.81495,-0.0907128,0.0931193,0
2.81504,-0.0735955,0.0748913,0
2.81513,-0.0520971,0.0525537,0
2.81522,-0.0579828,0.0579828,0
