7200
4037
3.50811
3.52382,-0.0473762,-0.0473762,0
3.52391,-0.046465,-0.0468722,0
3.52399,-0.0630818,-0.0641925,0
3.52408,-0.0523343,-0.0537226,0
3.52417,-0.0333436,-0.0345283,0
3.52426,-0.0663853,-0.0693469,0
3.52434,-0.0454314,-0.0478747,0
3.52443,-0.033574,-0.0356902,0
3.52452,-0.0545599,-0.0585083,0
3.52461,-0.0454797,-0.0491996,0
3.52469,-0.0608031,-0.066355,0
3.52478,-0.0618577,-0.0681001,0
3.52487,-0.0568761,-0.0631673,0
3.52495,-0.0559341,-0.0626688,0
3.52504,-0.0602984,-0.068155,0
3.52513,-0.0520883,-0.0593953,0
3.52522,-0.0623256,-0.0716974,0
3.5253,-0.0613594,-0.0712111,0
3.52539,-0.0539042,-0.0631137,0
3.52548,-0.0633202,-0.0747968,0
3.52557,-0.0572081,-0.068178,0
3.52565,-0.0639439,-0.0768842,0
3.52574,-0.0616996,-0.0748476,0
3.52583,-0.0651686,-0.0797624,0
3.52591,-0.0641907,-0.0792689,0
3.526,-0.0701034,-0.0873471,0
3.52609,-0.0578939,-0.0727826,0
3.52618,-0.0575757,-0.0730345,0
3.52626,-0.0578722,-0.074073,0
3.52635,-0.0618339,-0.0798597,0
3.52644,-0.0602674,-0.078542,0
3.52652,-0.0599241,-0.0788042,0
3.52661,-0.0589779,-0.0782663,0
3.5267,-0.0580375,-0.0777216,0
3.52679,-0.0689994,-0.0932474,0
3.52687,-0.0703659,-0.0959669,0
3.52696,-0.0722976,-0.0995091,0
3.52705,-0.051414,-0.0714185,0
3.52714,-0.0615545,-0.0862962,0
3.52722,-0.0640631,-0.0906472,0
3.52731,-0.0659613,-0.0942025,0
3.5274,-0.0604197,-0.0870946,0
3.52748,-0.0555078,-0.0807644,0
3.52757,-0.0630342,-0.0925781,0
3.52766,-0.0564785,-0.0837328,0
3.52775,-0.0661129,-0.0989449,0
3.52783,-0.0402914,-0.0608737,0
3.52792,-0.644245,-0.982636,0
3.52801,-0.638862,-0.983761,0
3.5281,-0.640514,-0.99579,0
3.52818,-0.638312,-1.00195,0
3.52827,-0.645674,-1.02333,0
3.52836,-0.644912,-1.03207,0
3.52844,-0.641455,-1.03658,0
3.52853,-0.641106,-1.04619,0
3.52862,-0.639647,-1.05411,0
3.52871,-0.642768,-1.06974,0
3.52879,-0.638605,-1.0734,0
3.52888,-0.640006,-1.08651,0
3.52897,-0.642816,-1.10225,0
3.52906,-0.639,-1.10678,0
3.52914,-0.642104,-1.12345,0
3.52923,-0.643105,-1.13668,0
3.52932,-0.640582,-1.14384,0
3.5294,-0.643342,-1.16062,0
3.52949,-0.647892,-1.18095,0
3.52958,-0.650845,-1.19871,0
3.52967,-0.665487,-1.23853,0
3.52975,-0.662424,-1.24584,0
3.52984,-0.657448,-1.2496,0
3.52993,-0.634443,-1.21875,0
3.53002,-0.617214,-1.1984,0
3.5301,-0.613795,-1.20464,0
3.53019,-0.611234,-1.21267,0
3.53028,-0.603259,-1.20995,0
3.53036,-0.599301,-1.21526,0
3.53045,-0.591363,-1.21247,0
3.53054,-0.585198,-1.21324,0
3.53063,-0.573441,-1.20224,0
3.53071,-0.572882,-1.21468,0
3.5308,-0.566308,-1.21445,0
3.53089,-0.561423,-1.21782,0
3.53098,-0.555689,-1.21935,0
3.53106,-0.54831,-1.2172,0
3.53115,-0.547874,-1.23055,0
3.53124,-0.550958,-1.25215,0
3.53132,-0.551071,-1.26738,0
3.53141,-0.551457,-1.28355,0
3.5315,-0.549368,-1.29423,0
3.53159,-0.547969,-1.30676,0
3.53167,-0.554126,-1.33778,0
3.53176,-0.584633,-1.42903,0
3.53185,-0.63833,-1.57992,0
3.53194,-0.662927,-1.66164,0
3.53202,-0.669964,-1.7008,0
3.53211,-0.666886,-1.71489,0
3.5322,-0.668356,-1.74113,0
3.53228,-0.66465,-1.75431,0
3.53237,-0.671698,-1.79654,0
3.53246,-0.675967,-1.83229,0
3.53255,-0.676858,-1.85965,0
3.53263,-0.67313,-1.87482,0
3.53272,-0.669617,-1.89094,0
3.53281,-0.663338,-1.89951,0
3.5329,-0.660903,-1.9194,0
3.53298,-0.662808,-1.95257,0
3.53307,-0.661263,-1.97631,0
3.53316,-0.661089,-2.00481,0
3.53324,-0.661914,-2.03716,0
3.53333,-0.657897,-2.05527,0
3.53342,-0.659147,-2.09055,0
3.53351,-0.658619,-2.1211,0
3.53359,-0.658713,-2.15455,0
3.53368,-0.658529,-2.18805,0
3.53377,-0.657211,-2.21871,0
3.53386,-0.651162,-2.23404,0
3.53394,-0.639203,-2.22917,0
3.53403,-0.626485,-2.22135,0
3.53412,-0.614916,-2.21731,0
3.5342,-0.60655,-2.2248,0
3.53429,-0.59839,-2.23322,0
3.53438,-0.590167,-2.24161,0
3.53447,-0.584637,-2.26062,0
3.53455,-0.576737,-2.27091,0
3.53464,-0.567791,-2.27728,0
3.53473,-0.562365,-2.2982,0
3.53482,-0.553499,-2.30549,0
3.5349,-0.546414,-2.32054,0
3.53499,-0.539208,-2.33557,0
3.53508,-0.531881,-2.35057,0
3.53516,-0.521187,-2.35092,0
3.53525,-0.516441,-2.37858,0
3.53534,-0.507512,-2.38766,0
3.53543,-0.502181,-2.41433,0
3.53551,-0.493635,-2.42629,0
3.5356,-0.48675,-2.44706,0
3.53569,-0.482174,-2.48057,0
3.53578,-0.480486,-2.53079,0
3.53586,-0.469803,-2.53483,0
3.53595,-0.585434,-3.23749,0
3.53604,-0.572344,-3.24593,0
3.53612,-0.558515,-3.25036,0
3.53621,-0.543502,-3.24784,0
3.5363,-0.5282,-3.24327,0
3.53639,-0.515139,-3.25246,0
3.53647,-0.499725,-3.24677,0
3.53656,-0.485702,-3.24991,0
3.53665,-0.469795,-3.24012,0
3.53674,-0.455653,-3.24214,0
3.53682,-0.441232,-3.24211,0
3.53691,-0.427082,-3.24401,0
3.537,-0.412671,-3.24386,0
3.53708,-0.399366,-3.25257,0
3.53717,-0.38376,-3.24237,0
3.53726,-0.367797,-3.22812,0
3.53735,-0.354906,-3.24062,0
3.53743,-0.340972,-3.24413,0
3.53752,-0.326413,-3.24161,0
3.53761,-0.31217,-3.24201,0
3.5377,-0.297655,-3.23935,0
3.53778,-0.283431,-3.23963,0
3.53787,-0.269127,-3.23884,0
3.53796,-0.254757,-3.23699,0
3.53804,-0.24063,-3.23807,0
3.53813,-0.225941,-3.23111,0
3.53822,-0.211972,-3.23406,0
3.53831,-0.19798,-3.23695,0
3.53839,-0.184195,-3.24377,0
3.53848,-0.169359,-3.23157,0
3.53857,-0.155881,-3.24526,0
3.53865,-0.141196,-3.23392,0
3.53874,-0.127594,-3.24749,0
3.53883,-0.112795,-3.23003,0
3.53892,-0.0989754,-3.23949,0
3.539,-0.084761,-3.23689,0
3.53909,-0.0705057,-3.23123,0
3.53918,-0.056668,-3.24651,0
3.53927,-0.0423449,-3.23472,0
3.53935,-0.0282478,-3.23688,0
3.53944,-0.0141328,-3.23897,0
3.53953,-3.90304e-08,-3.24,0
3.53961,0.0141327,-3.23897,0
3.5397,0.0282827,-3.24088,0
3.53979,0.042371,-3.23672,0
3.53988,0.0565981,-3.24251,0
3.53996,0.0706802,-3.23923,0
3.54005,0.0848394,-3.23989,0
3.54014,0.0990669,-3.24249,0
3.54023,0.113039,-3.23703,0
3.54031,0.127673,-3.24949,0
3.5404,0.14137,-3.23792,0
3.54049,0.155545,-3.23827,0
3.54057,0.16915,-3.22757,0
3.54066,0.183515,-3.23179,0
3.54075,0.19798,-3.23695,0
3.54084,0.212364,-3.24005,0
3.54092,0.226499,-3.23909,0
3.54101,0.239889,-3.2281,0
3.5411,0.254129,-3.22902,0
3.54119,0.268547,-3.23186,0
3.54127,0.282297,-3.22667,0
3.54136,0.291707,-3.17463,0
3.54145,0.304119,-3.15839,0
3.54153,0.317496,-3.15306,0
3.54162,0.332714,-3.16556,0
3.54171,0.346414,-3.16309,0
3.5418,0.35976,-3.15757,0
3.54188,0.375297,-3.17087,0
3.54197,0.389129,-3.1692,0
3.54206,0.401313,-3.15458,0
3.54215,0.418859,-3.18155,0
3.54223,0.43422,-3.19059,0
3.54232,0.449251,-3.19659,0
3.54241,0.464055,-3.20053,0
3.54249,0.476981,-3.19155,0
3.54258,0.492119,-3.19735,0
3.54267,0.506378,-3.19715,0
3.54276,0.520163,-3.19392,0
3.54284,0.531288,-3.17485,0
3.54293,0.542596,-3.15772,0
3.54302,0.556195,-3.15434,0
3.54311,0.570131,-3.15287,0
3.54319,0.586434,-3.16411,0
3.54328,0.601727,-3.16938,0
3.54337,0.614977,-3.16378,0
3.54345,0.630142,-3.16794,0
3.54354,0.643759,-3.16418,0
3.54363,0.65817,-3.16428,0
3.54372,0.671763,-3.16039,0
3.5438,0.686183,-3.16037,0
3.54389,0.706459,-3.18663,0
3.54398,0.722563,-3.19327,0
3.54407,0.737839,-3.19593,0
3.54415,0.752465,-3.1956,0
3.54424,0.766635,-3.19326,0
3.54433,0.781987,-3.19572,0
3.54441,0.797133,-3.19712,0
3.5445,0.809106,-3.18586,0
3.54459,0.820746,-3.17359,0
3.54468,0.834076,-3.16804,0
3.54476,0.848668,-3.16727,0
3.54485,0.864058,-3.16933,0
3.54494,0.87868,-3.16842,0
3.54503,0.894396,-3.17129,0
3.54511,0.908776,-3.16928,0
3.5452,0.922037,-3.16336,0
3.54529,0.937535,-3.16506,0
3.54537,0.959405,-3.18776,0
3.54546,0.987339,-3.22944,0
3.54555,1.0035,-3.23179,0
3.54564,1.01759,-3.22738,0
3.54572,1.03593,-3.23624,0
3.54581,1.05035,-3.23264,0
3.5459,1.06538,-3.23088,0
3.54599,1.08201,-3.23378,0
3.54607,1.09964,-3.23945,0
3.54616,1.11182,-3.22895,0
3.54625,1.12622,-3.22501,0
3.54633,1.14362,-3.22949,0
3.54642,1.16007,-3.23106,0
3.54651,1.17484,-3.22784,0
3.5466,1.18995,-3.2255,0
3.54668,1.20716,-3.22871,0
3.54677,1.21912,-3.2178,0
3.54686,1.23601,-3.21992,0
3.54695,1.25549,-3.22848,0
3.54703,1.27396,-3.23413,0
3.54712,1.28843,-3.22947,0
3.54721,1.29951,-3.2164,0
3.54729,1.31656,-3.2181,0
3.54738,1.33403,-3.22064,0
3.54747,1.34885,-3.21664,0
3.54756,1.36561,-3.21716,0
3.54764,1.38318,-3.21944,0
3.54773,1.39881,-3.21705,0
3.54782,1.41767,-3.2219,0
3.54791,1.43537,-3.2239,0
3.54799,1.44861,-3.21578,0
3.54808,1.46843,-3.22217,0
3.54817,1.48164,-3.21392,0
3.54825,1.50199,-3.22102,0
3.54834,1.51688,-3.21624,0
3.54843,1.53305,-3.21411,0
3.54852,1.55401,-3.2218,0
3.5486,1.57156,-3.22218,0
3.54869,1.5856,-3.21529,0
3.54878,1.6023,-3.21371,0
3.54887,1.62125,-3.21651,0
3.54895,1.63573,-3.2103,0
3.54904,1.65842,-3.22002,0
3.54913,1.67107,-3.21009,0
3.54921,1.69251,-3.21693,0
3.5493,1.70841,-3.21305,0
3.54939,1.72904,-3.21789,0
3.54948,1.74258,-3.20944,0
3.54956,1.76475,-3.21671,0
3.54965,1.78264,-3.21598,0
3.54974,1.79666,-3.20817,0
3.54983,1.81458,-3.20726,0
3.54991,1.83749,-3.21494,0
3.55,1.8575,-3.21728,0
3.55009,1.87454,-3.21433,0
3.55017,1.89413,-3.2156,0
3.55026,1.90917,-3.20902,0
3.55035,1.92727,-3.20752,0
3.55044,1.94747,-3.20934,0
3.55052,1.96825,-3.2119,0
3.55061,1.98961,-3.21518,0
3.5507,2.00945,-3.2158,0
3.55079,2.01439,-3.19262,0
3.55087,2.02508,-3.17874,0
3.55096,2.02487,-3.14801,0
3.55105,2.03205,-3.12908,0
3.55113,2.02375,-3.08673,0
3.55122,2.02671,-3.06203,0
3.55131,2.02505,-3.03071,0
3.5514,2.01589,-2.98868,0
3.55148,2.0154,-2.96002,0
3.55157,2.01357,-2.92977,0
3.55166,2.01779,-2.90863,0
3.55174,2.01727,-2.88096,0
3.55183,2.01597,-2.85253,0
3.55192,2.0133,-2.82254,0
3.55201,2.01216,-2.79506,0
3.55209,2.01023,-2.76684,0
3.55218,2.014,-2.74675,0
3.55227,2.0111,-2.71784,0
3.55236,2.01336,-2.69622,0
3.55244,2.01427,-2.67303,0
3.55253,2.01321,-2.6475,0
3.55262,2.01074,-2.62045,0
3.5527,2.0093,-2.59504,0
3.55279,2.01013,-2.57286,0
3.55288,2.01825,-2.56013,0
3.55297,2.01197,-2.52939,0
3.55305,2.01109,-2.50577,0
3.55314,2.01194,-2.48454,0
3.55323,2.01327,-2.46412,0
3.55332,2.00619,-2.4337,0
3.5534,2.00784,-2.41416,0
3.55349,2.00421,-2.38853,0
3.55358,2.00751,-2.37136,0
3.55366,2.00485,-2.34737,0
3.55375,2.01115,-2.33406,0
3.55384,2.01279,-2.31545,0
3.55393,2.00177,-2.28259,0
3.55401,2.00045,-2.2611,0
3.5541,1.99764,-2.23817,0
3.55419,2.00472,-2.22646,0
3.55428,2.005,-2.20733,0
3.55436,2.00312,-2.18603,0
3.55445,1.99907,-2.16258,0
3.55454,2.0078,-2.15311,0
3.55462,1.99594,-2.12174,0
3.55471,1.99416,-2.10141,0
3.5548,1.9964,-2.08546,0
3.55489,1.99923,-2.07026,0
3.55497,2.00196,-2.05507,0
3.55506,1.99759,-2.03276,0
3.55515,2.00503,-2.02261,0
3.55524,1.99333,-1.99333,0
3.55532,1.99775,-1.98039,0
3.55541,1.99639,-1.96185,0
3.5555,1.99992,-1.94823,0
3.55558,1.99689,-1.92837,0
3.55567,1.99734,-1.91203,0
3.55576,1.9955,-1.89366,0
3.55585,2.00083,-1.8822,0
3.55593,1.99733,-1.86254,0
3.55602,1.99736,-1.84634,0
3.55611,1.99728,-1.83017,0
3.5562,1.99859,-1.81539,0
3.55628,1.99237,-1.79394,0
3.55637,1.9972,-1.78257,0
3.55646,2.00046,-1.76986,0
3.55654,2.01493,-1.76705,0
3.55663,2.00074,-1.73921,0
3.55672,1.99694,-1.72067,0
3.55681,1.99607,-1.7048,0
3.55689,1.99509,-1.68897,0
3.55698,1.99401,-1.67318,0
3.55707,1.99284,-1.65743,0
3.55716,1.99465,-1.64426,0
3.55724,1.99251,-1.62795,0
3.55733,1.99027,-1.61169,0
3.55742,1.99182,-1.59861,0
3.5575,1.98704,-1.58056,0
3.55759,1.9947,-1.5725,0
3.55768,1.99446,-1.55824,0
3.55777,1.99333,-1.5434,0
3.55785,1.98576,-1.52373,0
3.55794,1.98841,-1.51202,0
3.55803,1.99579,-1.50394,0
3.55812,1.99192,-1.48743,0
3.5582,1.99115,-1.47338,0
3.55829,1.99514,-1.4629,0
3.55838,1.9918,-1.44713,0
3.55846,1.99323,-1.43492,0
3.55855,2.0011,-1.42737,0
3.55864,1.99424,-1.40939,0
3.55873,1.99791,-1.39895,0
3.55881,1.99578,-1.38452,0
3.5589,2.0018,-1.3758,0
3.55899,1.9896,-1.35467,0
3.55908,1.99135,-1.34318,0
3.55916,1.9947,-1.33281,0
3.55925,1.99215,-1.31858,0
3.55934,1.98952,-1.30439,0
3.55942,1.99017,-1.29243,0
3.55951,1.98233,-1.27508,0
3.5596,1.99209,-1.2691,0
3.55969,2.00015,-1.262,0
3.55977,1.99631,-1.24743,0
3.55986,1.99238,-1.23292,0
3.55995,1.99347,-1.2216,0
3.56004,1.99622,-1.21134,0
3.56012,1.99034,-1.19592,0
3.56021,1.98781,-1.18262,0
3.5603,1.99209,-1.17343,0
3.56038,1.98509,-1.15767,0
3.56047,1.99013,-1.149,0
3.56056,1.9821,-1.13286,0
3.56065,1.98441,-1.12273,0
3.56073,1.99104,-1.11503,0
3.56082,1.99588,-1.10634,0
3.56091,1.99192,-1.09281,0
3.561,1.98437,-1.07742,0
3.56108,1.98289,-1.06544,0
3.56117,1.98575,-1.05584,0
3.56126,1.99388,-1.04903,0
3.56134,1.99577,-1.03893,0
3.56143,1.99495,-1.02747,0
3.56152,1.99764,-1.01785,0
3.56161,1.98956,-1.00282,0
3.56169,1.9957,-0.995021,0
3.56178,2.00899,-0.990727,0
3.56187,1.99353,-0.972307,0
3.56196,1.99325,-0.961427,0
3.56204,1.9902,-0.949277,0
3.56213,1.99342,-0.940158,0
3.56222,1.98753,-0.926802,0
3.5623,1.9852,-0.91519,0
3.56239,1.98463,-0.904446,0
3.56248,1.98126,-0.892492,0
3.56257,1.98787,-0.885059,0
3.56265,1.98348,-0.872752,0
3.56274,1.97718,-0.859703,0
3.56283,1.98735,-0.853831,0
3.56292,1.98093,-0.840853,0
3.563,1.98642,-0.832975,0
3.56309,1.98449,-0.822004,0
3.56318,1.99176,-0.814852,0
3.56326,1.98325,-0.801284,0
3.56335,1.98579,-0.792252,0
3.56344,1.98086,-0.780281,0
3.56353,1.97772,-0.769094,0
3.56361,1.97732,-0.759023,0
3.5637,1.97875,-0.74968,0
3.56379,1.98294,-0.741389,0
3.56387,1.97958,-0.730307,0
3.56396,1.98181,-0.721321,0
3.56405,1.984,-0.712328,0
3.56414,1.98238,-0.701996,0
3.56422,1.97503,-0.689713,0
3.56431,1.98275,-0.682716,0
3.5644,1.97908,-0.671808,0
3.56449,1.98105,-0.662849,0
3.56457,1.98392,-0.654199,0
3.56466,1.98105,-0.643682,0
3.56475,1.98289,-0.634728,0
3.56483,1.97992,-0.624265,0
3.56492,1.98071,-0.615027,0
3.56501,1.98146,-0.605794,0
3.5651,1.98409,-0.597143,0
3.56518,1.99147,-0.5899,0
3.56527,1.98922,-0.579806,0
3.56536,1.97924,-0.567537,0
3.56545,1.98555,-0.559982,0
3.56553,1.98701,-0.551046,0
3.56562,1.98746,-0.541844,0
3.56571,1.98594,-0.532132,0
3.56579,1.97567,-0.520152,0
3.56588,1.98373,-0.513029,0
3.56597,1.98498,-0.504122,0
3.56606,1.98523,-0.494972,0
3.56614,1.96891,-0.481789,0
3.56623,1.9603,-0.470626,0
3.56632,1.95357,-0.460005,0
3.56641,1.93802,-0.447428,0
3.56649,1.8434,-0.417118,0
3.56658,1.72316,-0.382016,0
3.56667,1.70331,-0.369826,0
3.56675,1.70687,-0.362806,0
3.56684,1.70354,-0.354337,0
3.56693,1.70409,-0.346701,0
3.56702,1.70166,-0.338482,0
3.5671,1.6992,-0.33029,0
3.56719,1.70848,-0.324365,0
3.56728,1.70693,-0.316361,0
3.56737,1.69353,-0.306241,0
3.56745,1.69485,-0.298849,0
3.56754,1.70304,-0.292636,0
3.56763,1.7043,-0.285202,0
3.56771,1.70257,-0.277281,0
3.5678,1.69882,-0.269067,0
3.56789,1.70789,-0.262869,0
3.56798,1.69616,-0.253493,0
3.56806,1.69824,-0.246233,0
3.56815,1.70128,-0.239099,0
3.56824,1.7033,-0.231809,0
3.56833,1.6914,-0.222678,0
3.56841,1.68839,-0.214791,0
3.5685,1.6913,-0.207665,0
3.56859,1.69715,-0.200871,0
3.56867,1.68808,-0.192332,0
3.56876,1.6889,-0.184965,0
3.56885,1.6877,-0.177385,0
3.56894,1.67354,-0.168516,0
3.56902,1.68421,-0.162171,0
3.56911,1.69386,-0.155644,0
3.5692,1.7025,-0.148949,0
3.56929,1.73502,-0.144169,0
3.56937,1.86523,-0.146797,0
3.56946,1.97057,-0.146438,0
3.56955,1.97917,-0.138397,0
3.56963,1.98075,-0.129825,0
3.56972,1.98629,-0.121487,0
3.56981,1.9868,-0.112819,0
3.5699,1.98528,-0.104044,0
3.56998,1.98871,-0.0955245,0
3.57007,1.9901,-0.0868899,0
3.57016,1.98247,-0.0778915,0
3.57025,1.98979,-0.0694849,0
3.57033,1.98807,-0.0607411,0
3.57042,1.98732,-0.0520398,0
3.57051,1.97853,-0.0431717,0
3.57059,1.9877,-0.0346954,0
3.57068,1.98983,-0.0260483,0
3.57077,1.97892,-0.0172699,0
3.57086,1.98698,-0.00866994,0
3.57094,1.985,-4.80656e-08,0
3.57103,1.98598,0.00866548,0
3.57112,1.98492,0.0173221,0
3.57121,1.98683,0.026009,0
3.57129,1.9867,0.0346779,0
3.57138,1.97253,0.0430407,0
3.57147,1.94833,0.0510188,0
3.57155,1.78217,0.0544501,0
3.57164,1.71995,0.060062,0
3.57173,1.70369,0.0669379,0
3.57182,1.68939,0.0737603,0
3.5719,1.68805,0.081083,0
3.57199,1.69268,0.0887094,0
3.57208,1.69327,0.0961509,0
3.57217,1.69483,0.10366,0
3.57225,1.70434,0.111708,0
3.57234,1.69686,0.118656,0
3.57243,1.69632,0.126059,0
3.57251,1.69775,0.133616,0
3.5726,1.69914,0.141188,0
3.57269,1.69951,0.148688,0
3.57278,1.70183,0.156376,0
3.57286,1.69317,0.163034,0
3.57295,1.69543,0.17072,0
3.57304,1.69566,0.178221,0
3.57313,1.70381,0.186598,0
3.57321,1.70398,0.194143,0
3.5733,1.69219,0.200284,0
3.57339,1.69428,0.208031,0
3.57347,1.69038,0.215043,0
3.57356,1.68248,0.221503,0
3.57365,1.67754,0.228303,0
3.57374,1.70029,0.23896,0
3.57382,1.69824,0.246233,0
3.57391,1.68429,0.251719,0
3.574,1.69504,0.260892,0
3.57409,1.6929,0.268129,0
3.57417,1.69961,0.276799,0
3.57426,1.69444,0.283552,0
3.57435,1.73655,0.298394,0
3.57443,1.93022,0.34035,0
3.57452,1.96415,0.355175,0
3.57461,1.96061,0.363378,0
3.5747,1.9708,0.374167,0
3.57478,1.97405,0.383717,0
3.57487,1.97922,0.393692,0
3.57496,1.98827,0.404518,0
3.57505,1.97767,0.411356,0
3.57513,1.98075,0.421021,0
3.57522,1.98182,0.430296,0
3.57531,1.98286,0.439589,0
3.57539,1.9897,0.450223,0
3.57548,1.98284,0.457775,0
3.57557,1.98764,0.468027,0
3.57566,1.99044,0.477863,0
3.57574,1.98348,0.485355,0
3.57583,1.99299,0.496908,0
3.57592,1.98983,0.505353,0
3.57601,1.99245,0.515282,0
3.57609,1.98535,0.522698,0
3.57618,1.99947,0.535755,0
3.57627,1.99904,0.545001,0
3.57635,1.98893,0.55158,0
3.57644,1.98747,0.560524,0
3.57653,1.9927,0.571396,0
3.57662,1.98922,0.579806,0
3.5767,1.99051,0.589616,0
3.57679,1.98122,0.596278,0
3.57688,1.97859,0.604917,0
3.57696,1.98835,0.6174,0
3.57705,1.98087,0.624566,0
3.57714,1.9867,0.635947,0
3.57723,1.99246,0.647391,0
3.57731,1.98772,0.655452,0
3.5774,1.98863,0.665388,0
3.57749,1.97908,0.671808,0
3.57758,1.98464,0.683367,0
3.57766,1.98259,0.69235,0
3.57775,1.98897,0.704332,0
3.57784,1.98023,0.710977,0
3.57792,1.98087,0.720978,0
3.57801,1.97958,0.730307,0
3.5781,1.98387,0.741739,0
3.57819,1.98062,0.750388,0
3.57827,1.98946,0.763682,0
3.57836,1.98797,0.77308,0
3.57845,1.98272,0.781014,0
3.57854,1.98022,0.790028,0
3.57862,1.97676,0.798661,0
3.57871,1.98343,0.811444,0
3.5788,1.98265,0.821239,0
3.57888,1.98734,0.833362,0
3.57897,1.98001,0.840463,0
3.57906,1.9754,0.848699,0
3.57915,1.97993,0.860899,0
3.57923,1.97616,0.86953,0
3.57932,1.98513,0.883839,0
3.57941,1.98308,0.893313,0
3.5795,1.9819,0.903202,0
3.57958,1.9852,0.91519,0
3.57967,1.98572,0.925957,0
3.57976,1.98257,0.935039,0
3.57984,1.98569,0.947124,0
3.57993,1.97883,0.954476,0
3.58002,1.97645,0.963978,0
3.58011,1.97312,0.973035,0
3.58019,1.9787,0.986543,0
3.58028,1.97438,0.995168,0
3.58037,1.97625,1.00695,0
3.58046,1.97273,1.01602,0
3.58054,1.97981,1.03062,0
3.58063,1.97883,1.04111,0
3.58072,1.9831,1.05443,0
3.5808,1.9776,1.0626,0
3.58089,1.97382,1.0717,0
3.58098,1.97351,1.08271,0
3.58107,1.97839,1.09664,0
3.58115,1.97271,1.10477,0
3.58124,1.9731,1.11632,0
3.58133,1.97342,1.1279,0
3.58142,1.97887,1.1425,0
3.5815,1.97386,1.15112,0
3.58159,1.9783,1.16531,0
3.58168,1.97921,1.17751,0
3.58176,1.97234,1.1851,0
3.58185,1.96886,1.19473,0
3.58194,1.98239,1.21481,0
3.58203,1.97707,1.22345,0
3.58211,1.98528,1.24054,0
3.5822,1.97224,1.24439,0
3.58229,1.98197,1.26265,0
3.58238,1.98149,1.27454,0
3.58246,1.98513,1.28916,0
3.58255,1.97364,1.29397,0
3.58264,1.97965,1.3103,0
3.58272,1.98139,1.32392,0
3.58281,1.97228,1.33032,0
3.5829,1.97638,1.34567,0
3.58299,1.98038,1.36107,0
3.58307,1.98099,1.37426,0
3.58316,1.97498,1.38289,0
3.58325,1.97709,1.39727,0
3.58334,1.97342,1.40762,0
3.58342,1.97699,1.42323,0
3.58351,1.98209,1.44007,0
3.5836,1.97337,1.44693,0
3.58368,1.9807,1.46564,0
3.58377,1.9815,1.47966,0
3.58386,1.97662,1.48949,0
3.58395,1.97886,1.50476,0
3.58403,1.9818,1.52069,0
3.58412,1.9791,1.53238,0
3.58421,1.985,1.55085,0
3.5843,1.98607,1.56569,0
3.58438,1.98391,1.57807,0
3.58447,1.98169,1.59047,0
3.58456,1.98095,1.60414,0
3.58464,1.98012,1.61783,0
3.58473,1.97382,1.62709,0
3.58482,1.97746,1.64464,0
3.58491,1.9741,1.65646,0
3.58499,1.98135,1.67734,0
3.58508,1.97706,1.68856,0
3.58517,1.97724,1.7037,0
3.58526,1.98187,1.72281,0
3.58534,1.9826,1.73869,0
3.58543,1.98249,1.75396,0
3.58552,1.97705,1.76459,0
3.5856,1.98048,1.78323,0
3.58569,1.98304,1.80127,0
3.58578,1.98475,1.81869,0
3.58587,1.98047,1.83073,0
3.58595,1.98563,1.85163,0
3.58604,1.98627,1.86849,0
3.58613,1.98535,1.88403,0
3.58622,1.98578,1.90097,0
3.5863,1.98322,1.91517,0
3.58639,1.98631,1.93497,0
3.58648,1.98712,1.95273,0
3.58656,1.98,1.96279,0
3.58665,1.98838,1.98838,0
3.58674,1.98955,2.00698,0
3.58683,1.98778,2.02278,0
3.58691,1.9908,2.04361,0
3.587,1.9902,2.06091,0
3.58709,1.98672,2.07535,0
3.58718,1.98728,2.09416,0
3.58726,1.98635,2.11155,0
3.58735,1.98734,2.13116,0
3.58744,1.9821,2.14422,0
3.58752,1.98556,2.16686,0
3.58761,1.98214,2.18216,0
3.5877,1.97728,2.19599,0
3.58779,1.98566,2.22474,0
3.58787,1.98653,2.24537,0
3.58796,1.98265,2.26078,0
3.58805,1.9813,2.27922,0
3.58814,1.98831,2.30754,0
3.58822,1.97952,2.31772,0
3.58831,1.98619,2.34618,0
3.5884,1.983,2.36325,0
3.58848,1.9797,2.38033,0
3.58857,1.98202,2.40438,0
3.58866,1.98733,2.43237,0
3.58875,1.97921,2.44412,0
3.58883,1.9848,2.47301,0
3.58892,1.98831,2.49965,0
3.58901,2.00772,2.54678,0
3.58909,2.01444,2.57837,0
3.58918,1.99889,2.5816,0
3.58927,1.98639,2.58871,0
3.58936,1.95752,2.57427,0
3.58944,1.93845,2.5724,0
3.58953,1.91823,2.56882,0
3.58962,1.90165,2.56993,0
3.58971,1.87918,2.56288,0
3.58979,1.8721,2.57672,0
3.58988,1.85616,2.57837,0
3.58997,1.83851,2.57749,0
3.59005,1.81801,2.57242,0
3.59014,1.80447,2.57705,0
3.59023,1.78067,2.56683,0
3.59032,1.77115,2.57704,0
3.5904,1.75314,2.57483,0
3.59049,1.73573,2.57333,0
3.59058,1.7156,2.56758,0
3.59067,1.70273,2.57254,0
3.59075,1.68326,2.5674,0
3.59084,1.66224,2.55962,0
3.59093,1.65051,2.56601,0
3.59101,1.63823,2.5715,0
3.5911,1.61899,2.56594,0
3.59119,1.59983,2.56026,0
3.59128,1.57864,2.55106,0
3.59136,1.56854,2.55963,0
3.59145,1.54906,2.55277,0
3.59154,1.53275,2.55093,0
3.59163,1.51956,2.55416,0
3.59171,1.50333,2.55215,0
3.5918,1.48764,2.55091,0
3.59189,1.4695,2.54525,0
3.59197,1.4559,2.5473,0
3.59206,1.43541,2.53709,0
3.59215,1.42482,2.5442,0
3.59224,1.40886,2.54164,0
3.59232,1.39054,2.53462,0
3.59241,1.37565,2.53363,0
3.5925,1.3589,2.52904,0
3.59259,1.34973,2.53847,0
3.59267,1.33305,2.53372,0
3.59276,1.31321,2.52266,0
3.59285,1.29853,2.52125,0
3.59293,1.28843,2.52868,0
3.59302,1.27153,2.52267,0
3.59311,1.25649,2.52014,0
3.5932,1.24549,2.52559,0
3.59328,1.22656,2.51483,0
3.59337,1.21427,2.51745,0
3.59346,1.2007,2.51731,0
3.59355,1.18927,2.52162,0
3.59363,1.17192,2.51319,0
3.59372,1.16387,2.52464,0
3.59381,1.14455,2.51149,0
3.59389,1.13235,2.51373,0
3.59398,1.11893,2.51316,0
3.59407,1.10393,2.50887,0
3.59416,1.09217,2.51183,0
3.59424,1.07844,2.51014,0
3.59433,1.06826,2.51666,0
3.59442,1.05224,2.50931,0
3.59451,1.0409,2.51295,0
3.59459,1.025,2.50544,0
3.59468,1.01031,2.50061,0
3.59477,0.99717,2.49943,0
3.59485,0.983689,2.49724,0
3.59494,0.972784,2.50151,0
3.59503,0.961143,2.50386,0
3.59512,0.949146,2.50523,0
3.5952,0.932252,2.49342,0
3.59529,0.923094,2.50216,0
3.59538,0.910116,2.50052,0
3.59547,0.896493,2.49694,0
3.59555,0.884588,2.498,0
3.59564,0.871372,2.49523,0
3.59573,0.859826,2.49711,0
3.59581,0.847314,2.49611,0
3.5959,0.838002,2.50452,0
3.59599,0.823934,2.49866,0
3.59608,0.809316,2.49082,0
3.59616,0.799659,2.49813,0
3.59625,0.785143,2.49015,0
3.59634,0.770712,2.4821,0
3.59643,0.761921,2.49213,0
3.59651,0.75104,2.49543,0
3.5966,0.737304,2.4891,0
3.59669,0.723358,2.48173,0
3.59677,0.715003,2.49351,0
3.59686,0.701402,2.48698,0
3.59695,0.690811,2.49098,0
3.59704,0.676253,2.48047,0
3.59712,0.667494,2.49112,0
3.59721,0.653818,2.48337,0
3.5973,0.643977,2.49008,0
3.59739,0.632368,2.48995,0
3.59747,0.620046,2.48687,0
3.59756,0.608001,2.48469,0
3.59765,0.597153,2.48732,0
3.59773,0.58492,2.48406,0
3.59782,0.572501,2.47977,0
3.59791,0.564103,2.49297,0
3.598,0.551055,2.48565,0
3.59808,0.539144,2.48314,0
3.59817,0.528304,2.48547,0
3.59826,0.517454,2.48775,0
3.59835,0.5046,2.48019,0
3.59843,0.494554,2.48629,0
3.59852,0.48351,2.48744,0
3.59861,0.471346,2.48265,0
3.59869,0.460145,2.48272,0
3.59878,0.449308,2.4847,0
3.59887,0.437941,2.48369,0
3.59896,0.425067,2.47375,0
3.59904,0.416085,2.48643,0
3.59913,0.404911,2.48624,0
3.59922,0.392807,2.48009,0
3.59931,0.380004,2.46893,0
3.59939,0.368489,2.46562,0
3.59948,0.358588,2.47314,0
3.59957,0.349046,2.48359,0
3.59965,0.338611,2.48806,0
3.59974,0.326316,2.47861,0
3.59983,0.316129,2.48497,0
3.59992,0.304186,2.4774,0
3.6,0.293256,2.47771,0
3.60009,0.282669,2.48095,0
3.60018,0.272276,2.48613,0
3.60027,0.260171,2.47537,0
3.60035,0.25027,2.48543,0
3.60044,0.238177,2.47356,0
3.60053,0.227656,2.47756,0
3.60061,0.216146,2.47056,0
3.6007,0.206027,2.47945,0
3.60079,0.194971,2.47734,0
3.60088,0.184086,2.47717,0
3.60096,0.172926,2.47296,0
3.60105,0.162069,2.47269,0
3.60114,0.151034,2.46939,0
3.60123,0.140145,2.46802,0
3.60131,0.129165,2.46462,0
3.6014,0.11769,2.45018,0
3.60149,0.0926477,2.12198,0
3.60157,0.0734552,1.86956,0
3.60166,0.0644245,1.84488,0
3.60175,0.0563131,1.84314,0
3.60184,0.048218,1.84137,0
3.60192,0.0398995,1.82856,0
3.60201,0.0321299,1.84072,0
3.6021,0.0240326,1.83584,0
3.60218,0.0160569,1.83993,0
3.60227,0.00802856,1.83998,0
3.60236,6.70527e-08,1.843,0
3.60245,-0.0080197,1.83798,0
3.60253,-0.0160393,1.83793,0
3.60262,-0.0240455,1.83684,0
3.60271,-0.0323218,1.85172,0
3.6028,-0.0400957,1.83756,0
3.60288,-0.0481393,1.83837,0
3.60297,-0.0562519,1.84114,0
3.60306,-0.0642848,1.84088,0
3.60314,-0.0727091,1.85057,0
3.60323,-0.0801724,1.83625,0
3.60332,-0.0886155,1.84487,0
3.60341,-0.0966121,1.84347,0
3.60349,-0.104995,1.84902,0
3.60358,-0.11239,1.83757,0
3.60367,-0.120472,1.83806,0
3.60376,-0.129328,1.84948,0
3.60384,-0.137842,1.85489,0
3.60393,-0.146169,1.85726,0
3.60402,-0.154023,1.85361,0
3.6041,-0.166119,1.89875,0
3.60419,-0.172023,1.87211,0
3.60428,-0.181436,1.88428,0
3.60437,-0.189856,1.88547,0
3.60445,-0.198081,1.88462,0
3.60454,-0.20652,1.88572,0
3.60463,-0.215539,1.89176,0
3.60472,-0.224261,1.89477,0
3.6048,-0.231064,1.88187,0
3.60489,-0.241292,1.89671,0
3.60498,-0.248913,1.89069,0
3.60506,-0.258239,1.89751,0
3.60515,-0.267073,1.90032,0
3.60524,-0.27651,1.90706,0
3.60533,-0.284976,1.90682,0
3.60541,-0.293902,1.90951,0
3.6055,-0.302075,1.90723,0
3.60559,-0.311358,1.91181,0
3.60568,-0.320192,1.91339,0
3.60576,-0.275362,1.60251,0
3.60585,-0.291034,1.65054,0
3.60594,-0.281863,1.55872,0
3.60602,-0.283194,1.52798,0
3.60611,-0.100163,0.527576,0
3.6062,-0.278009,1.43023,0
3.60629,-0.107105,0.538451,0
3.60637,-0.108057,0.531119,0
3.60646,-0.115872,0.557077,0
3.60655,-0.116431,0.547763,0
3.60664,-0.117122,0.539432,0
3.60672,-0.120124,0.541844,0
3.60681,-0.122708,0.54229,0
3.6069,-0.123048,0.53298,0
3.60698,-0.127894,0.543146,0
3.60707,-0.129796,0.540638,0
3.60716,-0.134768,0.550751,0
3.60725,-0.138137,0.554039,0
3.60733,-0.140061,0.551492,0
3.60742,-0.140213,0.542163,0
3.60751,-0.14716,0.558953,0
3.6076,-0.148303,0.553475,0
3.60768,-0.151243,0.554753,0
3.60777,-0.151791,0.547342,0
3.60786,-0.154721,0.548599,0
3.60794,-0.157665,0.549842,0
3.60803,-0.162021,0.555869,0
3.60812,-0.162457,0.548445,0
3.60821,-0.163407,0.542943,0
3.60829,-0.166067,0.543181,0
3.60838,-0.172587,0.555822,0
3.60847,-0.174109,0.552202,0
3.60856,-0.175297,0.547628,0
3.60864,-0.179539,0.552564,0
3.60873,-0.183514,0.556524,0
3.60882,-0.183402,0.548131,0
3.6089,-0.188042,0.553954,0
3.60899,-0.189481,0.550292,0
3.60908,-0.190561,0.545683,0
3.60917,-0.198281,0.559929,0
3.60925,-0.200723,0.559059,0
3.60934,-0.203844,0.560057,0
3.60943,-0.207324,0.561977,0
3.60952,-0.208023,0.556383,0
3.6096,-0.207615,0.547989,0
3.60969,-0.216454,0.563883,0
3.60978,-0.215651,0.554545,0
3.60986,-0.218801,0.555459,0
3.60995,-0.218258,0.547069,0
3.61004,-0.221392,0.547966,0
3.61013,-0.227189,0.555324,0
3.61021,-0.242621,0.58574,0
3.6103,-0.281526,0.671362,0
3.61039,-0.307896,0.725358,0
3.61048,-0.317769,0.739627,0
3.61056,-0.312619,0.718975,0
3.61065,-0.312531,0.710282,0
3.61074,-0.318475,0.715306,0
3.61082,-0.317896,0.705704,0
3.61091,-0.315996,0.693391,0
3.611,-0.311483,0.675659,0
3.61109,-0.314005,0.673387,0
3.61117,-0.314808,0.667488,0
3.61126,-0.306093,0.641738,0
3.61135,-0.283258,0.587255,0
3.61144,-0.251187,0.515009,0
3.61152,-0.241932,0.490589,0
3.61161,-0.236931,0.47521,0
3.6117,-0.236302,0.468814,0
3.61178,-0.237437,0.465996,0
3.61187,-0.243131,0.472068,0
3.61196,-0.253962,0.487856,0
3.61205,-0.257019,0.488513,0
3.61213,-0.25727,0.483855,0
3.61222,-0.261272,0.486252,0
3.61231,-0.259097,0.477198,0
3.6124,-0.263101,0.47957,0
3.61248,-0.261797,0.472295,0
3.61257,-0.264344,0.47202,0
3.61266,-0.264431,0.467381,0
3.61274,-0.267957,0.468827,0
3.61283,-0.269,0.465922,0
3.61292,-0.267,0.457833,0
3.61301,-0.273056,0.463556,0
3.61309,-0.272519,0.458064,0
3.61318,-0.277606,0.462013,0
3.61327,-0.274431,0.452248,0
3.61336,-0.269609,0.439962,0
3.61344,-0.273631,0.442183,0
3.61353,-0.277148,0.443529,0
3.61362,-0.281215,0.445699,0
3.6137,-0.275097,0.431816,0
3.61379,-0.274815,0.427248,0
3.61388,-0.265239,0.408433,0
3.61397,-0.239604,0.365457,0
3.61405,-0.224638,0.339392,0
3.61414,-0.234451,0.35088,0
3.61423,-0.227591,0.337418,0
3.61431,-0.218368,0.320717,0
3.6144,-0.168789,0.24559,0
3.61449,-0.120269,0.173368,0
3.61458,-0.0911986,0.130245,0
3.61466,-0.0802232,0.113513,0
3.61475,-0.0737493,0.103393,0
3.61484,-0.0736155,0.102258,0
3.61493,-0.0658319,0.0906099,0
3.61501,-0.0756876,0.103225,0
3.6151,-0.0594823,0.0803857,0
3.61519,-0.0586358,0.0785229,0
3.61527,-0.0571724,0.0758704,0
3.61536,-0.0623453,0.0819882,0
3.61545,-0.0657462,0.0856822,0
3.61554,-0.0667317,0.0861852,0
3.61562,-0.0535625,0.0685569,0
3.61571,-0.0643858,0.081673,0
3.6158,-0.0554038,0.0696521,0
3.61589,-0.065722,0.0818879,0
3.61597,-0.0585268,0.0722746,0
3.61606,-0.0645359,0.0789881,0
3.61615,-0.0578831,0.0702178,0
3.61623,-0.062665,0.0753465,0
3.61632,-0.0623504,0.0743063,0
3.61641,-0.0659046,0.0778497,0
3.6165,-0.0675426,0.0790822,0
3.61658,-0.0685398,0.0795443,0
3.61667,-0.0511726,0.0588674,0
3.61676,-0.0672533,0.0766877,0
3.61685,-0.047046,0.0531759,0
3.61693,-0.0466117,0.052224,0
3.61702,-0.0528613,0.0587084,0
3.61711,-0.0638748,0.0703207,0
3.61719,-0.0581008,0.0634059,0
3.61728,-0.0515889,0.0558085,0
3.61737,-0.0545599,0.0585083,0
3.61746,-0.0459073,0.0488009,0
3.61754,-0.0433663,0.0456986,0
3.61763,-0.0573956,0.0599562,0
3.61772,-0.0389009,0.040283,0
3.61781,-0.0314006,0.0322336,0
3.61789,-0.0504655,0.051354,0
3.61798,-0.0633613,0.0639167,0
3.61807,-0.046669,0.0466691,0
