7200
1016
0.872665
0.888373,-0.0565685,-0.0565685,0
0.88846,-0.0605453,-0.0610759,0
0.888547,-0.114248,-0.11626,0
0.888634,-0.134674,-0.138246,0
0.888722,-0.204924,-0.212205,0
0.888809,-0.235806,-0.246326,0
0.888896,-0.119774,-0.126215,0
0.888983,-0.115796,-0.123095,0
0.889071,-0.224377,-0.240615,0
0.889158,-0.218574,-0.236452,0
0.889245,-0.342524,-0.3738,0
0.889333,-0.0894248,-0.098449,0
0.88942,-0.287726,-0.319552,0
0.889507,-0.284331,-0.318567,0
0.889594,-0.281614,-0.318306,0
0.889682,-0.2822,-0.321787,0
0.889769,-0.297851,-0.342638,0
0.889856,-0.291131,-0.337874,0
0.889943,-0.284458,-0.333058,0
0.890031,-0.29011,-0.342691,0
0.890118,-0.29054,-0.346252,0
0.890205,-0.28519,-0.342903,0
0.890292,-0.286871,-0.348003,0
0.89038,-0.294208,-0.360093,0
0.890467,-0.302074,-0.37303,0
0.890554,-0.307328,-0.382923,0
0.890642,-0.300052,-0.377217,0
0.890729,-0.302118,-0.383235,0
0.890816,-0.300443,-0.384549,0
0.890903,-0.299986,-0.387438,0
0.890991,-0.297076,-0.387156,0
0.891078,-0.306279,-0.402777,0
0.891165,-0.297898,-0.395325,0
0.891252,-0.303949,-0.407037,0
0.89134,-0.30098,-0.406752,0
0.891427,-0.303342,-0.413706,0
0.891514,-0.296244,-0.407745,0
0.891601,-0.302057,-0.419584,0
0.891689,-0.293255,-0.411128,0
0.891776,-0.298384,-0.422204,0
0.891863,-0.300554,-0.429236,0
0.891951,-0.301528,-0.434651,0
0.892038,-0.298496,-0.434315,0
0.892125,-0.301101,-0.442226,0
0.892212,-0.300287,-0.445193,0
0.8923,-0.297786,-0.445668,0
0.892387,-0.296942,-0.448631,0
0.892474,-0.297723,-0.454103,0
0.892561,-0.298462,-0.459591,0
0.892649,-0.298618,-0.464254,0
0.892736,-0.296589,-0.465552,0
0.892823,-0.296156,-0.469379,0
0.89291,-0.297285,-0.475755,0
0.892998,-0.296785,-0.479599,0
0.893085,-0.303572,-0.495384,0
0.893172,-0.298295,-0.491574,0
0.89326,-0.301297,-0.501443,0
0.893347,-0.294505,-0.495018,0
0.893434,-0.299955,-0.509223,0
0.893521,-0.296219,-0.507935,0
0.893609,-0.297,-0.514419,0
0.893696,-0.297234,-0.520051,0
0.893783,-0.297916,-0.526565,0
0.89387,-0.293661,-0.52437,0
0.893958,-0.290401,-0.523897,0
0.894045,-0.302061,-0.550584,0
0.894132,-0.299656,-0.551897,0
0.894219,-0.296298,-0.551438,0
0.894307,-0.294828,-0.554491,0
0.894394,-0.296596,-0.563737,0
0.894481,-0.295981,-0.568574,0
0.894569,-0.299907,-0.582306,0
0.894656,-0.29464,-0.578263,0
0.894743,-0.303816,-0.602761,0
0.89483,-0.29806,-0.597816,0
0.894918,-0.298103,-0.604492,0
0.895005,-0.297216,-0.609382,0
0.895092,-0.299333,-0.620581,0
0.895179,-0.296622,-0.621881,0
0.895267,-0.297745,-0.63131,0
0.895354,-0.296255,-0.635322,0
0.895441,-0.298086,-0.646598,0
0.895528,-0.29692,-0.651532,0
0.895616,-0.293664,-0.65191,0
0.895703,-0.298545,-0.670542,0
0.89579,-0.295616,-0.671839,0
0.895878,-0.294676,-0.677707,0
0.895965,-0.297242,-0.69185,0
0.896052,-0.298519,-0.703266,0
0.896139,-0.299701,-0.714706,0
0.896227,-0.298493,-0.720626,0
0.896314,-0.296103,-0.723773,0
0.896401,-0.296688,-0.73433,0
0.896488,-0.297187,-0.744905,0
0.896576,-0.299798,-0.761082,0
0.896663,-0.293937,-0.755858,0
0.89675,-0.287411,-0.748731,0
0.896837,-0.289456,-0.764005,0
0.896925,-0.284368,-0.760578,0
0.897012,-0.278624,-0.755244,0
0.897099,-0.274642,-0.754573,0
0.897187,-0.270333,-0.752941,0
0.897274,-0.269382,-0.760712,0
0.897361,-0.264412,-0.757159,0
0.897448,-0.266966,-0.775325,0
0.897536,-0.268402,-0.790687,0
0.897623,-0.26019,-0.777625,0
0.89771,-0.249592,-0.75691,0
0.897797,-0.247832,-0.762747,0
0.897885,-0.253952,-0.793346,0
0.897972,-0.253796,-0.804937,0
0.898059,-0.264219,-0.850923,0
0.898146,-0.261673,-0.855893,0
0.898234,-0.263123,-0.874263,0
0.898321,-0.26811,-0.905126,0
0.898408,-0.274232,-0.940849,0
0.898496,-0.264061,-0.920889,0
0.898583,-0.251625,-0.892196,0
0.89867,-0.250135,-0.901958,0
0.898757,-0.244093,-0.895323,0
0.898845,-0.237855,-0.887686,0
0.898932,-0.240853,-0.914825,0
0.899019,-0.236609,-0.9149,0
0.899106,-0.246892,-0.972139,0
0.899194,-0.278936,-1.11875,0
0.899281,-0.280945,-1.14813,0
0.899368,-0.267295,-1.11336,0
0.899455,-0.255788,-1.08629,0
0.899543,-0.213029,-0.922728,0
0.89963,-0.193993,-0.857326,0
0.899717,-0.188952,-0.852306,0
0.899804,-0.235942,-1.08668,0
0.899892,-0.276523,-1.30094,0
0.899979,-0.276342,-1.32856,0
0.900066,-0.277321,-1.36308,0
0.900154,-0.26981,-1.35643,0
0.900241,-0.269804,-1.38802,0
0.900328,-0.267102,-1.40687,0
0.900415,-0.262784,-1.41785,0
0.900503,-0.259086,-1.43276,0
0.90059,-0.263772,-1.49592,0
0.900677,-0.265201,-1.54338,0
0.900764,-0.260445,-1.55636,0
0.900852,-0.256384,-1.57426,0
0.900939,-0.248105,-1.56647,0
0.901026,-0.240811,-1.56458,0
0.901113,-0.234278,-1.56759,0
0.901201,-0.22844,-1.57553,0
0.901288,-0.220172,-1.5666,0
0.901375,-0.21293,-1.56458,0
0.901463,-0.206623,-1.56946,0
0.90155,-0.20053,-1.5763,0
0.901637,-0.191822,-1.56227,0
0.901724,-0.185944,-1.57103,0
0.901812,-0.179088,-1.57183,0
0.901899,-0.172554,-1.57558,0
0.901986,-0.164841,-1.56836,0
0.902073,-0.157997,-1.56907,0
0.902161,-0.151245,-1.57074,0
0.902248,-0.14439,-1.57138,0
0.902335,-0.137009,-1.56602,0
0.902422,-0.131003,-1.57657,0
0.90251,-0.124044,-1.57613,0
0.902597,-0.117388,-1.57964,0
0.902684,-0.113215,-1.61905,0
0.902772,-0.108896,-1.66144,0
0.902859,-0.105492,-1.72478,0
0.902946,-0.103181,-1.81707,0
0.903033,-0.0977636,-1.86544,0
0.903121,-0.0818027,-1.70304,0
0.903208,-0.0715794,-1.63944,0
0.903295,-0.0648965,-1.65173,0
0.903382,-0.0606902,-1.73794,0
0.90347,-0.0566795,-1.85513,0
0.903557,-0.0602332,-2.30021,0
0.903644,-0.0501961,-2.30045,0
0.903731,-0.0401406,-2.29965,0
0.903819,-0.0297919,-2.2758,0
0.903906,-0.0148439,-1.70094,0
0.903993,-0.00733038,-1.67998,0
0.904081,-2.00332e-08,-1.663,0
0.904168,0.00726053,-1.66398,0
0.904255,0.0144598,-1.65694,0
0.904342,0.0221476,-1.69186,0
0.904517,0.0484508,-2.22047,0
0.904604,0.0568825,-2.17226,0
0.904691,0.0560992,-1.83614,0
0.904779,0.0599573,-1.71695,0
0.904866,0.0672128,-1.71068,0
0.904953,0.0738912,-1.69239,0
0.90504,0.0809391,-1.68506,0
0.905128,0.0889188,-1.69667,0
0.905215,0.0967179,-1.70326,0
0.90539,0.150362,-2.29408,0
0.905477,0.161416,-2.30836,0
0.905564,0.299028,-4.0239,0
0.905651,0.140049,-1.7795,0
0.905739,0.142761,-1.71808,0
0.905826,0.147293,-1.68357,0
0.905913,0.15601,-1.69785,0
0.906,0.161788,-1.68023,0
0.906088,0.230433,-2.28843,0
0.906262,0.253224,-2.31218,0
0.906349,0.261726,-2.29714,0
0.906524,0.28493,-2.32057,0
0.906611,0.290889,-2.28657,0
0.906699,0.307911,-2.33882,0
0.906786,0.311506,-2.2889,0
0.906873,0.315645,-2.24593,0
0.90696,0.334625,-2.30787,0
0.907048,0.348239,-2.33012,0
0.907135,0.348363,-2.26335,0
0.907222,0.364649,-2.3023,0
0.907484,0.397463,-2.3131,0
0.907571,0.399217,-2.26407,0
0.907658,0.411939,-2.27805,0
0.907746,0.427342,-2.30573,0
0.907833,0.431803,-2.27437,0
0.90792,0.4505,-2.31762,0
0.908008,0.455536,-2.29013,0
0.908182,0.471227,-2.26551,0
0.908269,0.490464,-2.30745,0
0.908357,0.495647,-2.28281,0
0.908444,0.513828,-2.31773,0
0.908531,0.520405,-2.29986,0
0.908618,0.529535,-2.29367,0
0.908706,0.5416,-2.3001,0
0.908793,0.559102,-2.32883,0
0.90888,0.55666,-2.27488,0
0.908967,0.572145,-2.29475,0
0.909055,0.576245,-2.26897,0
0.909142,0.596405,-2.30613,0
0.909229,2.38537,-9.06025,0
0.909317,0.608742,-2.27186,0
0.909404,2.4767,-9.08444,0
0.909491,2.52166,-9.09282,0
0.909578,0.647657,-2.29642,0
0.909666,0.657671,-2.29357,0
0.90984,0.679081,-2.29254,0
0.909927,0.682737,-2.26849,0
0.910015,0.703154,-2.29991,0
0.910102,1.33562,-4.30141,0
0.910189,1.36851,-4.34037,0
0.910276,1.38347,-4.32197,0
0.910364,1.39985,-4.30829,0
0.910451,1.41644,-4.29549,0
0.910626,2.03728,-6.00164,0
0.910713,2.05499,-5.96811,0
0.9108,2.07244,-5.93454,0
0.910887,2.11266,-5.96598,0
0.910975,2.1451,-5.97459,0
0.911062,2.17251,-5.96893,0
0.911149,2.19577,-5.95189,0
0.911236,2.22031,-5.9385,0
0.911324,2.25825,-5.96055,0
0.911411,2.2828,-5.94691,0
0.911498,2.31707,-5.95833,0
0.911673,2.36897,-5.93788,0
0.91176,2.40572,-5.95437,0
0.911847,2.43433,-5.9503,0
0.911935,2.46563,-5.95256,0
0.912022,2.50163,-5.96572,0
0.912109,2.5292,-5.95843,0
0.912196,2.55991,-5.95836,0
0.912284,1.86415,-4.28726,0
0.912371,1.86633,-4.24155,0
0.912458,1.85919,-4.17582,0
0.912545,1.85193,-4.11114,0
0.912633,1.86031,-4.08209,0
0.91272,1.85299,-4.01944,0
0.912807,1.85868,-3.98594,0
0.912894,1.85813,-3.93981,0
0.912982,1.85249,-3.88382,0
0.913069,1.85508,-3.84598,0
0.913156,1.86001,-3.81358,0
0.913244,1.85982,-3.77135,0
0.913331,1.86064,-3.73188,0
0.913418,1.85666,-3.68354,0
0.913505,1.8541,-3.63887,0
0.913593,1.85485,-3.60141,0
0.91368,1.85438,-3.56224,0
0.913767,1.85082,-3.51783,0
0.913854,1.85019,-3.4797,0
0.913942,1.85399,-3.45045,0
0.914029,1.85424,-3.41508,0
0.914116,1.85229,-3.37627,0
0.914203,1.8607,-3.35679,0
0.914291,1.84943,-3.3024,0
0.914378,1.852,-3.27341,0
0.914465,1.84791,-3.23317,0
0.914553,1.8535,-3.21036,0
0.91464,1.85036,-3.17287,0
0.914727,1.84642,-3.13461,0
0.914814,1.85753,-3.12222,0
0.914902,1.84899,-3.07723,0
0.914989,1.37734,-2.26979,0
0.915076,1.39925,-2.28337,0
0.915163,1.39973,-2.26194,0
0.915251,1.4117,-2.2592,0
0.915338,1.42368,-2.2564,0
0.915425,1.43835,-2.25776,0
0.915512,1.4298,-2.22287,0
0.9156,1.44275,-2.22164,0
0.915687,1.45956,-2.22619,0
0.915774,1.4665,-2.21563,0
0.915862,1.47726,-2.21088,0
0.915949,1.4964,-2.2185,0
0.916036,1.62482,-2.38636,0
0.916123,1.63408,-2.3776,0
0.916211,1.65698,-2.38853,0
0.916298,1.66567,-2.37882,0
0.916385,1.86302,-2.63612,0
0.916472,1.87219,-2.62471,0
0.91656,1.8065,-2.50939,0
0.916647,1.81626,-2.49986,0
0.916734,1.82774,-2.49272,0
0.916821,1.85228,-2.50321,0
0.916909,1.86917,-2.50312,0
0.916996,1.88067,-2.49574,0
0.917083,1.90607,-2.50661,0
0.917171,1.92734,-2.51176,0
0.917258,1.94257,-2.50886,0
0.917345,1.94918,-2.49484,0
0.917432,1.97553,-2.50595,0
0.91752,1.98893,-2.50043,0
0.917607,1.99857,-2.49017,0
0.917694,2.01634,-2.48998,0
0.917781,2.04364,-2.50129,0
0.917869,2.06535,-2.50547,0
0.917956,2.08073,-2.50181,0
0.918043,2.0942,-2.49577,0
0.91813,2.11864,-2.50264,0
0.918218,2.13344,-2.49793,0
0.918305,2.14889,-2.4939,0
0.918392,2.16237,-2.48752,0
0.91848,2.18969,-2.49686,0
0.918567,2.20056,-2.48728,0
0.918654,2.23337,-2.50228,0
0.918741,2.24828,-2.49697,0
0.918829,2.2605,-2.48861,0
0.918916,2.27336,-2.48094,0
0.919003,2.28281,-2.46953,0
0.91909,2.27992,-2.44492,0
0.919178,2.27892,-2.42256,0
0.919265,2.28121,-2.40389,0
0.919352,2.27784,-2.37947,0
0.919439,2.27223,-2.35296,0
0.919527,2.11151,-2.16753,0
0.919614,2.02072,-2.0563,0
0.919701,2.00926,-2.02687,0
0.919789,2.01596,-2.01596,0
0.919876,2.0148,-1.99729,0
0.919963,2.01493,-1.98007,0
0.92005,2.01209,-1.96009,0
0.920138,2.01559,-1.94643,0
0.920225,2.01034,-1.92448,0
0.920312,2.00421,-1.90192,0
0.920399,2.00521,-1.88631,0
0.920487,2.01561,-1.87959,0
0.920574,2.01498,-1.86263,0
0.920661,2.01277,-1.84436,0
0.920748,2.01265,-1.82817,0
0.920836,2.01169,-1.81134,0
0.920923,2.01585,-1.79921,0
0.92101,2.01244,-1.78046,0
0.921098,2.00892,-1.76177,0
0.921185,2.00451,-1.74249,0
0.921272,2.01133,-1.73308,0
0.921359,2.00671,-1.71389,0
0.921447,2.01417,-1.70512,0
0.921534,2.00933,-1.68603,0
0.921621,2.01437,-1.67533,0
0.921708,2.02088,-1.66589,0
0.921796,2.008,-1.6406,0
0.921883,2.00348,-1.62239,0
0.92197,2.00898,-1.61238,0
0.922057,2.00582,-1.5955,0
0.922145,2.00806,-1.58302,0
0.922232,2.00628,-1.56747,0
0.922319,2.01072,-1.55687,0
0.922407,2.00163,-1.53591,0
0.922494,2.00911,-1.52776,0
0.922581,1.99978,-1.50694,0
0.922668,2.01035,-1.5012,0
0.922756,2.01447,-1.49063,0
0.922843,2.01853,-1.48005,0
0.92293,2.0096,-1.46006,0
0.923017,2.01433,-1.45011,0
0.923105,2.01005,-1.43376,0
0.923192,2.00975,-1.42035,0
0.923279,2.00119,-1.40125,0
0.923366,2.004,-1.39022,0
0.923454,1.99026,-1.36787,0
0.923541,2.00613,-1.36593,0
0.923628,2.00544,-1.35269,0
0.923716,1.99885,-1.33559,0
0.923803,2.00299,-1.32575,0
0.92389,1.99789,-1.30987,0
0.923977,1.99939,-1.29842,0
0.924065,1.99747,-1.28481,0
0.924152,2.00558,-1.2777,0
0.924239,2.00099,-1.26253,0
0.924326,2.00055,-1.25008,0
0.924414,1.99918,-1.23713,0
0.924501,2.00029,-1.22578,0
0.924588,1.99878,-1.21289,0
0.924675,2.00406,-1.20416,0
0.924763,1.9964,-1.18773,0
0.92485,2.00156,-1.17901,0
0.924937,1.99632,-1.16422,0
0.925025,2.00312,-1.1565,0
0.925112,1.98818,-1.13634,0
0.925199,2.00269,-1.13307,0
0.925286,1.99976,-1.11992,0
0.925374,2.00813,-1.11312,0
0.925461,2.00157,-1.0981,0
0.925548,2.00019,-1.08601,0
0.925635,1.99257,-1.07065,0
0.925723,1.99811,-1.06241,0
0.92581,2.00715,-1.05601,0
0.925897,2.00376,-1.04309,0
0.925984,1.99673,-1.02838,0
0.926072,2.00298,-1.02057,0
0.926159,2.00027,-1.00822,0
0.926246,1.99928,-0.996806,0
0.926334,2.00272,-0.987631,0
0.926421,1.98723,-0.969239,0
0.926508,1.99144,-0.960558,0
0.926595,1.99291,-0.950568,0
0.926683,1.99975,-0.943143,0
0.92677,2.00294,-0.933986,0
0.926857,1.99156,-0.918121,0
0.926944,1.99646,-0.909837,0
0.927032,1.99038,-0.896599,0
0.927119,1.99336,-0.887499,0
0.927206,1.98623,-0.87396,0
0.927293,1.99552,-0.867678,0
0.927381,1.99378,-0.856594,0
0.927468,2.00118,-0.84945,0
0.927555,1.99195,-0.835296,0
0.927643,1.98634,-0.822769,0
0.92773,1.98066,-0.810308,0
0.927817,1.99066,-0.80428,0
0.927904,2.00158,-0.798551,0
0.927992,2.00412,-0.789444,0
0.928079,1.9917,-0.77453,0
0.928166,1.99693,-0.766549,0
0.928253,1.99371,-0.755349,0
0.928341,1.99418,-0.745592,0
0.928428,1.99929,-0.737576,0
0.928515,1.99873,-0.727477,0
0.928602,1.99623,-0.716721,0
0.92869,1.9918,-0.705334,0
0.928777,1.99486,-0.696636,0
0.928864,1.99126,-0.685647,0
0.928951,1.99613,-0.677594,0
0.929039,1.99432,-0.667292,0
0.929126,1.99247,-0.657018,0
0.929213,1.98676,-0.645537,0
0.929301,1.98955,-0.636862,0
0.929388,1.99518,-0.629077,0
0.929475,1.99504,-0.619475,0
0.929562,1.99868,-0.611057,0
0.92965,1.99271,-0.599737,0
0.929737,1.99339,-0.590468,0
0.929824,2.00266,-0.583723,0
0.929911,1.98981,-0.570569,0
0.929999,1.99613,-0.562967,0
0.930086,1.9899,-0.551847,0
0.930173,1.99325,-0.543423,0
0.93026,1.99947,-0.535755,0
0.930348,2.00179,-0.527026,0
0.930435,1.99342,-0.515532,0
0.930522,1.99177,-0.505845,0
0.93061,1.99202,-0.496666,0
0.930697,1.99708,-0.488682,0
0.930784,1.98169,-0.475762,0
0.930871,1.9818,-0.466652,0
0.930959,1.99454,-0.460475,0
0.931046,1.99165,-0.450664,0
0.931133,2.00434,-0.444351,0
0.93122,1.99941,-0.434116,0
0.931308,1.99738,-0.424556,0
0.931395,1.9855,-0.412986,0
0.931482,1.99317,-0.405514,0
0.931569,1.99099,-0.396033,0
0.931657,1.98583,-0.386007,0
0.931744,1.98258,-0.376406,0
0.931831,1.98519,-0.367934,0
0.931919,1.98875,-0.359624,0
0.932006,1.99719,-0.352159,0
0.932093,1.99082,-0.342086,0
0.93218,1.98934,-0.332901,0
0.932268,1.97695,-0.321967,0
0.932355,1.9813,-0.313808,0
0.932442,1.98858,-0.306072,0
0.932529,1.98792,-0.297097,0
0.932617,1.99019,-0.288564,0
0.932704,1.97658,-0.27779,0
0.932791,1.9857,-0.270241,0
0.932878,1.97694,-0.260269,0
0.932966,1.99492,-0.253786,0
0.933053,1.98807,-0.244104,0
0.93314,1.99011,-0.235545,0
0.933228,1.98714,-0.226406,0
0.933315,1.98115,-0.216972,0
0.933402,1.97711,-0.207803,0
0.933489,1.97899,-0.199274,0
0.933577,1.98482,-0.191116,0
0.933664,1.97866,-0.181814,0
0.933751,1.98044,-0.173266,0
0.933838,1.9732,-0.16396,0
0.933926,1.98387,-0.156134,0
0.934013,1.98353,-0.147402,0
0.9341,1.98316,-0.138676,0
0.934187,1.98574,-0.130152,0
0.934275,1.9783,-0.120998,0
0.934362,1.97682,-0.112252,0
0.934449,1.97928,-0.10373,0
0.934537,1.97772,-0.0949967,0
0.934624,1.98111,-0.0864973,0
0.934711,1.98547,-0.0780093,0
0.934798,1.97879,-0.0691011,0
0.934886,1.98108,-0.0605274,0
0.934973,1.98332,-0.0519351,0
0.93506,1.97153,-0.043019,0
0.935147,1.9697,-0.0343813,0
0.935235,1.97883,-0.0259044,0
0.935322,1.97792,-0.0172611,0
0.935409,1.97698,-0.00862631,0
0.935496,1.969,-4.76781e-08,0
0.935584,1.94798,0.00849968,0
0.935671,1.90093,0.0165891,0
0.935758,1.70685,0.0223439,0
0.935846,1.67474,0.0292327,0
0.935933,1.6676,0.0363872,0
0.93602,1.66743,0.0436631,0
0.936107,1.66422,0.0508466,0
0.936195,1.65599,0.0578284,0
0.936282,1.65073,0.0648572,0
0.936369,1.65043,0.0720592,0
0.936456,1.65309,0.0794038,0
0.936544,1.65273,0.086616,0
0.936631,1.66232,0.0943934,0
0.936718,1.65391,0.101157,0
0.936805,1.66144,0.108896,0
0.936893,1.65596,0.115796,0
0.93698,1.65145,0.122724,0
0.937067,1.65588,0.130321,0
0.937155,1.66426,0.13829,0
0.937242,1.65966,0.145201,0
0.937329,1.66499,0.152991,0
0.937416,1.66331,0.160158,0
0.937504,1.65662,0.166813,0
0.937591,1.68273,0.176862,0
0.937678,1.7555,0.192259,0
0.937765,1.95436,0.222671,0
0.937853,1.96528,0.232606,0
0.93794,1.97715,0.242764,0
0.938027,1.98302,0.252272,0
0.938114,1.9819,0.260922,0
0.938202,1.9857,0.270241,0
0.938289,1.9845,0.278903,0
0.938376,1.97633,0.286555,0
0.938464,1.98594,0.296801,0
0.938551,1.98166,0.305007,0
0.938638,1.97834,0.313338,0
0.938725,1.98189,0.322771,0
0.938813,1.98046,0.331416,0
0.9389,1.97604,0.339546,0
0.938987,1.97159,0.347644,0
0.939074,1.97595,0.357311,0
0.939162,1.97634,0.366293,0
0.939249,1.97767,0.375473,0
0.939336,1.97798,0.38448,0
0.939423,1.98021,0.393887,0
0.939511,1.97651,0.402125,0
0.939598,1.98648,0.413189,0
0.939685,1.98075,0.421021,0
0.939773,1.97694,0.429235,0
0.93986,1.977,0.43829,0
0.939947,1.97702,0.447354,0
0.940034,1.97505,0.455976,0
0.940122,1.97693,0.465506,0
0.940209,1.98169,0.475762,0
0.940296,1.98251,0.485117,0
0.940383,1.97746,0.493037,0
0.940471,1.97142,0.500676,0
0.940558,1.97889,0.511777,0
0.940645,1.98438,0.522443,0
0.940732,1.98208,0.531097,0
0.94082,1.97781,0.539214,0
0.940907,1.97255,0.547037,0
0.940994,1.97785,0.55781,0
0.941082,1.97924,0.567537,0
0.941169,1.97002,0.574209,0
0.941256,1.97037,0.583651,0
0.941343,1.97738,0.595125,0
0.941431,1.98146,0.605794,0
0.941518,1.97689,0.613841,0
0.941605,1.97229,0.62186,0
0.941692,1.97813,0.633203,0
0.94178,1.97154,0.640592,0
0.941867,1.98297,0.653886,0
0.941954,1.97536,0.660946,0
0.942041,1.97719,0.671166,0
0.942129,1.97046,0.678484,0
0.942216,1.97598,0.690042,0
0.942303,1.97766,0.700327,0
0.942391,1.97647,0.709625,0
0.942478,1.98557,0.722688,0
0.942565,1.97958,0.730307,0
0.942652,1.97732,0.739288,0
0.94274,1.97033,0.746491,0
0.942827,1.98946,0.763682,0
0.942914,1.97772,0.769093,0
0.943001,1.979,0.779548,0
0.943089,1.98208,0.79077,0
0.943176,1.97305,0.797163,0
0.943263,1.97418,0.807657,0
0.94335,1.97803,0.819325,0
0.943438,1.97904,0.829882,0
0.943525,1.96712,0.834992,0
0.943612,1.97081,0.846726,0
0.9437,1.97351,0.858108,0
0.943787,1.98073,0.871544,0
0.943874,1.97143,0.877738,0
0.943961,1.97579,0.890028,0
0.944049,1.97007,0.897811,0
0.944136,1.96976,0.908073,0
0.944223,1.97303,0.92004,0
0.94431,1.9699,0.929067,0
0.944398,1.96764,0.938514,0
0.944485,1.96983,0.950132,0
0.944572,1.97106,0.961348,0
0.944659,1.97402,0.973477,0
0.944747,1.96796,0.981189,0
0.944834,1.96991,0.992917,0
0.944921,1.97714,1.0074,0
0.945009,1.97362,1.01648,0
0.945096,1.97005,1.02554,0
0.945183,1.96998,1.03646,0
0.94527,1.96721,1.04598,0
0.945358,1.96615,1.05645,0
0.945445,1.96679,1.06788,0
0.945532,1.96825,1.07982,0
0.945619,1.96352,1.0884,0
0.945707,1.97097,1.1038,0
0.945794,1.9731,1.11632,0
0.945881,1.97342,1.1279,0
0.945968,1.96328,1.1335,0
0.946056,1.96868,1.1481,0
0.946143,1.97313,1.16226,0
0.94623,1.96718,1.17035,0
0.946318,1.96463,1.18047,0
0.946405,1.97485,1.19837,0
0.946492,1.97216,1.20854,0
0.946579,1.97112,1.21976,0
0.946667,1.96662,1.22888,0
0.946754,1.96378,1.23905,0
0.946841,1.96848,1.25406,0
0.946928,1.96887,1.26642,0
0.947016,1.97507,1.28262,0
0.947103,1.97113,1.29233,0
0.94719,1.97047,1.30423,0
0.947277,1.96726,1.31448,0
0.947365,1.96896,1.32808,0
0.947452,1.96976,1.34116,0
0.947539,1.97213,1.35541,0
0.947627,1.96784,1.36514,0
0.947714,1.9676,1.37773,0
0.947801,1.97546,1.39611,0
0.947888,1.96609,1.4024,0
0.947976,1.96644,1.41564,0
0.948063,1.96753,1.42949,0
0.94815,1.95885,1.43629,0
0.948237,1.9598,1.45018,0
0.948325,1.97028,1.47128,0
0.948412,1.96864,1.48347,0
0.948499,1.96692,1.49568,0
0.948586,1.96196,1.50547,0
0.948674,1.96961,1.52503,0
0.948761,1.96451,1.53484,0
0.948848,1.96408,1.54835,0
0.948936,1.96669,1.56438,0
0.949023,1.96765,1.5792,0
0.94911,1.9654,1.59155,0
0.949197,1.96463,1.60517,0
0.949285,1.96764,1.622,0
0.949372,1.96516,1.63441,0
0.949459,1.96184,1.64618,0
0.949546,1.96227,1.66118,0
0.949634,1.96489,1.67817,0
0.949721,1.96815,1.69587,0
0.949808,1.96602,1.70903,0
0.949895,1.96381,1.72221,0
0.949983,1.96676,1.74004,0
0.95007,1.97183,1.75993,0
0.950157,1.97008,1.77387,0
0.950245,1.96898,1.7885,0
0.950332,1.97369,1.80856,0
0.950419,1.97312,1.82394,0
0.950506,1.97027,1.8373,0
0.950594,1.96442,1.84794,0
0.950681,1.96939,1.86888,0
0.950768,1.97133,1.88714,0
0.950855,1.96452,1.89711,0
0.950943,1.96553,1.91474,0
0.95103,1.95859,1.9247,0
0.951117,1.95656,1.93956,0
0.951204,1.96081,1.96081,0
0.951292,1.9635,1.98071,0
0.951379,1.96325,1.99781,0
0.951466,1.9573,2.00923,0
0.951554,1.96727,2.03717,0
0.951641,1.96459,2.05224,0
0.951728,1.96525,2.07094,0
0.951815,1.96648,2.09042,0
0.951903,1.96688,2.10922,0
0.95199,1.96106,2.12146,0
0.952077,1.96799,2.14769,0
0.952164,1.96264,2.1607,0
0.952252,1.95988,2.17667,0
0.952339,1.95969,2.19565,0
0.952426,1.96202,2.21766,0
0.952513,1.96617,2.24199,0
0.952601,1.96162,2.25658,0
0.952688,1.96089,2.27573,0
0.952775,1.95614,2.29034,0
0.952863,1.96099,2.31641,0
0.95295,1.96436,2.34103,0
0.953037,1.96564,2.36342,0
0.953124,1.96167,2.37969,0
0.953212,1.96518,2.40526,0
0.953299,1.96033,2.42081,0
0.953386,1.95851,2.44026,0
0.953473,1.96403,2.46913,0
0.953561,1.96562,2.49338,0
0.953648,1.96581,2.51612,0
0.953735,1.96522,2.53811,0
0.953822,1.96873,2.5657,0
0.95391,1.96478,2.58382,0
0.953997,1.97275,2.61793,0
0.954084,1.9625,2.62811,0
0.954172,1.95459,2.64147,0
0.954259,1.95842,2.67094,0
0.954346,1.96555,2.70535,0
0.954433,1.96308,2.72689,0
0.954521,1.96626,2.7566,0
0.954608,1.96633,2.7823,0
0.954695,1.96048,2.79986,0
0.954782,1.96535,2.83304,0
0.95487,1.9609,2.85312,0
0.954957,1.96138,2.88067,0
0.955044,1.96333,2.91075,0
0.955131,1.9595,2.93259,0
0.955219,1.96158,2.96363,0
0.955306,1.96179,2.99223,0
0.955393,1.95035,3.00328,0
0.955481,1.93236,3.00419,0
0.955568,1.91171,3.00079,0
0.955655,1.89166,2.99811,0
0.955742,1.87379,2.9987,0
0.95583,1.8628,3.01025,0
0.955917,1.83554,2.99532,0
0.956004,1.81623,2.99305,0
0.956091,1.80006,2.9958,0
0.956179,1.78544,3.00105,0
0.956266,1.7708,3.00622,0
0.956353,1.75213,3.00442,0
0.95644,1.7365,3.00771,0
0.956528,1.71344,2.99789,0
0.956615,1.69935,3.0036,0
0.956702,1.6789,2.9979,0
0.956789,1.65805,2.9912,0
0.956877,1.64306,2.9949,0
0.956964,1.61995,2.98358,0
0.957051,1.58562,2.95098,0
0.957139,1.50888,2.83779,0
0.957226,1.48717,2.82665,0
0.957313,1.46975,2.82336,0
0.9574,1.45741,2.82974,0
0.957488,1.43688,2.82004,0
0.957575,1.41691,2.8111,0
0.957662,1.40374,2.81546,0
0.957749,1.38702,2.81259,0
0.957837,1.37429,2.81772,0
0.957924,1.35894,2.81738,0
0.958011,1.34621,2.82238,0
0.958098,1.33175,2.82371,0
0.958186,1.32195,2.83493,0
0.958273,1.30831,2.83795,0
0.95836,1.29053,2.8318,0
0.958448,1.2798,2.84105,0
0.958535,1.26576,2.84295,0
0.958622,1.25939,2.86218,0
0.958709,1.26244,2.90341,0
0.958797,1.25647,2.92451,0
0.958884,1.25464,2.95574,0
0.958971,1.25294,2.98793,0
0.959058,1.23913,2.99152,0
0.959146,1.22493,2.99412,0
0.959233,1.20736,2.98831,0
0.95932,1.19208,2.98798,0
0.959407,1.17903,2.99315,0
0.959495,1.16198,2.98802,0
0.959582,1.14749,2.98932,0
0.959669,1.13302,2.99056,0
0.959757,1.11926,2.9936,0
0.959844,1.10308,2.99002,0
0.959931,1.08728,2.98728,0
0.960018,1.07255,2.98729,0
0.960106,1.0585,2.98912,0
0.960193,1.04083,2.98049,0
0.96028,1.0288,2.98784,0
0.960367,1.01543,2.99135,0
0.960455,1.00046,2.99006,0
0.960542,0.983648,2.98301,0
0.960629,0.973404,2.99583,0
0.960716,0.956969,2.98957,0
0.960804,0.942713,2.9899,0
0.960891,0.925803,2.98157,0
0.960978,0.911907,2.98271,0
0.961066,0.899461,2.98858,0
0.961153,0.883288,2.98193,0
0.96124,0.869429,2.98287,0
0.961327,0.857232,2.98952,0
0.961415,0.840651,2.98072,0
0.961502,0.828706,2.98822,0
0.961589,0.81224,2.97926,0
0.961676,0.800527,2.98761,0
0.961764,0.784683,2.98044,0
0.961851,0.770169,2.97802,0
0.961938,0.758152,2.98523,0
0.962025,0.744152,2.98463,0
0.962113,0.72922,2.98008,0
0.9622,0.715744,2.98129,0
0.962287,0.701583,2.97951,0
0.962375,0.687226,2.9767,0
0.962462,0.67401,2.9787,0
0.962549,0.659925,2.97673,0
0.962636,0.645657,2.97371,0
0.962724,0.63517,2.98824,0
0.962811,0.618867,2.97532,0
0.962898,0.606079,2.97897,0
0.962985,0.592685,2.97963,0
0.963073,0.579869,2.98317,0
0.96316,0.565541,2.97879,0
0.963247,0.551627,2.97631,0
0.963334,0.538813,2.97968,0
0.963422,0.525807,2.982,0
0.963509,0.510758,2.97244,0
0.963596,0.498774,2.98056,0
0.963684,0.484639,2.97579,0
0.963771,0.471806,2.97887,0
0.963858,0.456675,2.96706,0
0.963945,0.445941,2.98386,0
0.964033,0.430047,2.96599,0
0.96412,0.417102,2.96783,0
0.964207,0.405227,2.97755,0
0.964294,0.392362,2.98028,0
0.964382,0.37784,2.97006,0
0.964469,0.365608,2.97764,0
0.964556,0.352495,2.97821,0
0.964643,0.338817,2.97376,0
0.964731,0.326274,2.97919,0
0.964818,0.312122,2.96964,0
0.964905,0.298861,2.96799,0
0.964993,0.286771,2.97823,0
0.96508,0.273498,2.97646,0
0.965167,0.260509,2.97763,0
0.965254,0.247183,2.97475,0
0.965342,0.234279,2.9768,0
0.965429,0.221066,2.9748,0
0.965516,0.207735,2.97075,0
0.965603,0.194313,2.96464,0
0.965691,0.181131,2.96147,0
0.965778,0.169171,2.9792,0
0.965865,0.155752,2.97192,0
0.965952,0.142543,2.96758,0
0.96604,0.130073,2.97916,0
0.966127,0.11672,2.97071,0
0.966214,0.103896,2.97519,0
0.966302,0.090669,2.96762,0
0.966389,0.0781121,2.98298,0
0.966476,0.0647903,2.96929,0
0.966563,0.0518687,2.97155,0
0.966651,0.03885,2.96775,0
0.966738,0.0259877,2.97789,0
0.966825,0.0129417,2.96597,0
0.966912,1.07874e-07,2.965,0
0.967,-0.0129676,2.97197,0
0.967087,-0.0259613,2.97489,0
0.967174,-0.0388629,2.96875,0
0.967261,-0.051851,2.97055,0
0.967349,-0.0646156,2.9613,0
0.967436,-0.0775884,2.96298,0
0.967523,-0.0908825,2.97461,0
0.967611,-0.103826,2.97319,0
0.967698,-0.116562,2.96671,0
0.967785,-0.129811,2.97317,0
0.967872,-0.142783,2.97257,0
0.96796,-0.155856,2.97392,0
0.968047,-0.168718,2.97121,0
0.968134,-0.181497,2.96745,0
0.968221,-0.194967,2.97462,0
0.968309,-0.208153,2.97673,0
0.968396,-0.220621,2.96881,0
0.968483,-0.23373,2.96982,0
0.96857,-0.246851,2.97076,0
0.968658,-0.259463,2.96567,0
0.968745,-0.273041,2.97148,0
0.968832,-0.285237,2.9623,0
0.96892,-0.29826,2.96202,0
0.969007,-0.312017,2.96865,0
0.969094,-0.325185,2.96925,0
0.969181,-0.338364,2.96979,0
0.969269,-0.351437,2.96927,0
0.969356,-0.364877,2.97168,0
0.969443,-0.377966,2.97105,0
0.96953,-0.391187,2.97136,0
0.969618,-0.404148,2.96962,0
0.969705,-0.418076,2.97477,0
0.969792,-0.430334,2.96796,0
0.969879,-0.443132,2.96507,0
0.969967,-0.457435,2.972,0
0.970054,-0.470398,2.96998,0
0.970141,-0.483031,2.96592,0
0.970229,-0.495638,2.96182,0
0.970316,-0.51025,2.96948,0
0.970403,-0.522681,2.96427,0
0.97049,-0.534898,2.95803,0
0.970578,-0.548711,2.96058,0
0.970665,-0.562743,2.96405,0
0.970752,-0.576625,2.96648,0
0.970839,-0.588197,2.95707,0
0.970927,-0.602889,2.96329,0
0.971014,-0.614998,2.95672,0
0.971101,-0.627477,2.95205,0
0.971188,-0.64014,2.94831,0
0.971276,-0.652565,2.94353,0
0.971363,-0.663637,2.93285,0
0.97145,-0.674628,2.92214,0
0.971538,-0.688747,2.925,0
0.971625,-0.701737,2.92294,0
0.971712,-0.713058,2.91403,0
0.971799,-0.726491,2.9138,0
0.971887,-0.738952,2.90963,0
0.971974,-0.747134,2.88895,0
0.972061,-0.761005,2.8905,0
0.972148,-0.774128,2.88908,0
0.972236,-0.791198,2.90208,0
0.972323,-0.805724,2.90535,0
0.97241,-0.823822,2.92105,0
0.972497,-0.835181,2.91262,0
0.972585,-0.85096,2.91951,0
0.972672,-0.866247,2.9244,0
0.972759,-0.879863,2.92347,0
0.972847,-0.895827,2.93012,0
0.972934,-0.911272,2.93478,0
0.973021,-0.927978,2.94317,0
0.973108,-0.94325,2.94671,0
0.973196,-0.959498,2.95303,0
0.973283,-0.974566,2.95546,0
0.97337,-0.987135,2.95023,0
0.973457,-1.00386,2.95726,0
0.973545,-1.01675,2.95285,0
0.973632,-1.02402,2.93234,0
0.973719,-1.04214,2.94293,0
0.973806,-1.05633,2.94212,0
0.973894,-1.0695,2.93842,0
0.973981,-1.09131,2.95812,0
0.974068,-1.1042,2.95333,0
0.974156,-1.11885,2.95316,0
0.974243,-1.12456,2.92958,0
0.97433,-1.12936,2.90414,0
0.974417,-1.12076,2.84522,0
0.974505,-1.12316,2.81522,0
0.974592,-1.1227,2.77877,0
0.974679,-0.768278,1.87792,0
0.974766,-0.78297,1.89026,0
0.974854,-1.11798,2.66608,0
0.974941,-0.830694,1.95699,0
0.975028,-1.11515,2.59559,0
0.975115,-1.11331,2.56043,0
0.975203,-1.11078,2.52443,0
0.97529,-1.1112,2.49581,0
0.975377,-1.11346,2.47179,0
0.975465,-1.10847,2.43233,0
0.975552,-1.10484,2.39659,0
0.975639,-1.10641,2.37271,0
0.975726,-1.10993,2.35339,0
0.975814,-1.1034,2.31333,0
0.975901,-1.10523,2.29138,0
0.975988,-1.10557,2.26676,0
0.976075,-1.10263,2.2359,0
0.976163,-1.11103,2.22839,0
0.97625,-1.10589,2.19405,0
0.976337,-1.10592,2.17049,0
0.976424,-1.10256,2.14075,0
0.976512,-1.10681,2.12617,0
0.976599,-1.10816,2.10627,0
0.976686,-1.10983,2.08729,0
0.976774,-1.10757,2.06128,0
0.976861,-1.10796,2.04061,0
0.976948,-1.10435,2.01296,0
0.977035,-1.10924,2.00113,0
0.977123,-1.10819,1.97882,0
0.97721,-1.10648,1.95569,0
0.977297,-1.10904,1.94042,0
0.977384,-1.103,1.91045,0
0.977472,-1.10981,1.90303,0
0.977559,-1.10948,1.88352,0
0.977646,-1.11053,1.86663,0
0.977733,-1.10579,1.84034,0
0.977821,-1.10758,1.82524,0
0.977908,-1.10456,1.80248,0
0.977995,-1.10505,1.78574,0
0.978083,-1.10329,1.76564,0
0.97817,-1.10085,1.74474,0
0.978257,-1.09931,1.72558,0
0.978344,-1.09764,1.70647,0
0.978432,-1.10453,1.70082,0
0.978519,-1.10371,1.68344,0
0.978606,-1.10001,1.66193,0
0.978693,-1.1067,1.65629,0
0.978781,-1.10497,1.63818,0
0.978868,-1.10197,1.61846,0
0.978955,-1.09939,1.59963,0
0.979042,-1.09781,1.58249,0
0.97913,-1.09897,1.5695,0
0.979217,-1.10177,1.55897,0
0.979304,-1.09811,1.53949,0
0.979392,-1.09839,1.52576,0
0.979479,-1.10327,1.51852,0
0.979566,-1.09806,1.49757,0
0.979653,-1.09923,1.48553,0
0.979741,-1.09912,1.4719,0
0.979828,-1.09591,1.45432,0
0.979915,-1.09377,1.43838,0
0.980002,-1.09334,1.42486,0
0.98009,-1.09342,1.41217,0
0.980177,-1.10203,1.41054,0
0.980264,-1.09518,1.38923,0
0.980351,-1.09998,1.38287,0
0.980439,-1.09599,1.36558,0
0.980526,-1.09565,1.35301,0
0.980613,-1.10091,1.34744,0
0.980701,-1.09469,1.32797,0
0.980788,-1.09472,1.31626,0
0.980875,-1.0966,1.30687,0
0.980962,-1.10229,1.30207,0
0.98105,-1.09822,1.28585,0
0.981137,-1.0999,1.2765,0
0.981224,-1.09824,1.26338,0
0.981311,-1.10638,1.26159,0
0.981399,-1.1026,1.24626,0
0.981486,-1.10203,1.23472,0
0.981573,-1.09871,1.22024,0
0.98166,-1.11478,1.22728,0
0.981748,-1.10797,1.20913,0
0.981835,-1.1112,1.20209,0
0.981922,-1.10552,1.18552,0
0.98201,-0.0472776,0.0502576,0
0.982097,-0.0220273,0.023212,0
0.982184,-0.0318096,0.0332287,0
0.982271,-0.0187558,0.0194222,0
0.982359,-0.0258182,0.0265032,0
0.982446,-0.0371482,0.0378023,0
0.982533,-0.0330887,0.0333787,0
0.98262,-0.019799,0.019799,0
