7200
2734
2.37365
2.38936,-0.0494975,-0.0494975,0
2.38944,-0.0253445,-0.0255667,0
2.38953,-0.0266346,-0.0271035,0
2.38962,-0.0711746,-0.0730628,0
2.3897,-0.0889163,-0.0920755,0
2.38979,-0.113408,-0.118468,0
2.38988,-0.114267,-0.120412,0
2.38997,-0.135666,-0.144217,0
2.39005,-0.171182,-0.18357,0
2.39014,-0.177846,-0.192392,0
2.39023,-0.197272,-0.215285,0
2.39032,-0.194314,-0.213923,0
2.3904,-0.210107,-0.233347,0
2.39049,-0.221739,-0.248437,0
2.39058,-0.214689,-0.242662,0
2.39066,-0.22154,-0.252618,0
2.39075,-0.228965,-0.263394,0
2.39084,-0.230424,-0.26742,0
2.39093,-0.227307,-0.266142,0
2.39101,-0.224205,-0.264842,0
2.3911,-0.22819,-0.271946,0
2.39119,-0.221885,-0.266788,0
2.39128,-0.218811,-0.265439,0
2.39136,-0.229672,-0.281105,0
2.39145,-0.224667,-0.277441,0
2.39154,-0.219073,-0.27296,0
2.39162,-0.216635,-0.272348,0
2.39171,-0.223493,-0.283499,0
2.3918,-0.227795,-0.291564,0
2.39189,-0.224684,-0.290183,0
2.39197,-0.219763,-0.286401,0
2.39206,-0.219116,-0.288153,0
2.39215,-0.211237,-0.280321,0
2.39224,-0.223773,-0.299669,0
2.39232,-0.223059,-0.301446,0
2.39241,-0.211689,-0.288707,0
2.3925,-0.228648,-0.314708,0
2.39258,-0.221431,-0.307587,0
2.39267,-0.225893,-0.316691,0
2.39276,-0.219892,-0.31114,0
2.39285,-0.223121,-0.31865,0
2.39293,-0.215459,-0.310583,0
2.39302,-0.221465,-0.322233,0
2.39311,-0.213303,-0.313278,0
2.3932,-0.216408,-0.320838,0
2.39328,-0.216117,-0.323442,0
2.39337,-0.224086,-0.338558,0
2.39346,-0.220414,-0.336187,0
2.39354,-0.217856,-0.335468,0
2.39363,-0.219095,-0.340621,0
2.39372,-0.224591,-0.352538,0
2.39381,-0.22145,-0.350977,0
2.39389,-0.211438,-0.338371,0
2.39398,-0.213117,-0.344393,0
2.39407,-0.218927,-0.357256,0
2.39416,-0.23241,-0.383001,0
2.39424,-0.229707,-0.382297,0
2.39433,-0.224458,-0.377279,0
2.39442,-0.229915,-0.390318,0
2.3945,-0.237278,-0.406867,0
2.39459,-0.2325,-0.402702,0
2.39468,-0.222305,-0.388953,0
2.39477,-0.222575,-0.393401,0
2.39485,-0.225254,-0.402221,0
2.39494,-0.218164,-0.393579,0
2.39503,-0.220293,-0.401541,0
2.39512,-0.217107,-0.399862,0
2.3952,-0.218674,-0.406972,0
2.39529,-0.214548,-0.403507,0
2.39538,-0.214183,-0.407094,0
2.39546,-0.209172,-0.401816,0
2.39555,-0.209248,-0.406281,0
2.39564,-0.208836,-0.409863,0
2.39573,-0.205245,-0.407198,0
2.39581,-0.201681,-0.40451,0
2.3959,-0.200357,-0.406283,0
2.39599,-0.205158,-0.420636,0
2.39608,-0.201583,-0.417924,0
2.39616,-0.20234,-0.424215,0
2.39625,-0.20262,-0.429616,0
2.39634,-0.203702,-0.43684,0
2.39642,-0.198863,-0.431368,0
2.39651,-0.201956,-0.443151,0
2.3966,-0.206592,-0.458616,0
2.39669,-0.215164,-0.483266,0
2.39677,-0.213053,-0.4842,0
2.39686,-0.214527,-0.493378,0
2.39695,-0.216714,-0.504416,0
2.39704,-0.223107,-0.525608,0
2.39712,-0.221972,-0.529343,0
2.39721,-0.215068,-0.51922,0
2.3973,-0.218102,-0.533111,0
2.39738,-0.21877,-0.541475,0
2.39747,-0.222334,-0.557286,0
2.39756,-0.215503,-0.547086,0
2.39765,-0.224349,-0.576913,0
2.39773,-0.218604,-0.569484,0
2.39782,-0.221078,-0.583524,0
2.39791,-0.220981,-0.59104,0
2.398,-0.221861,-0.601381,0
2.39808,-0.218209,-0.599524,0
2.39817,-0.220998,-0.615529,0
2.39826,-0.222315,-0.627799,0
2.39834,-0.217926,-0.624043,0
2.39843,-0.212922,-0.618369,0
2.39852,-0.209579,-0.617398,0
2.39861,-0.616523,-1.84259,0
2.39869,-0.625701,-1.8975,0
2.39878,-0.629777,-1.93825,0
2.39887,-0.636252,-1.98765,0
2.39895,-0.652532,-2.06957,0
2.39904,-0.655357,-2.11059,0
2.39913,-0.653743,-2.1383,0
2.39922,-0.649306,-2.15741,0
2.3993,-0.640455,-2.16214,0
2.39939,-0.629895,-2.16107,0
2.39948,-0.61853,-2.15707,0
2.39957,-0.609384,-2.16071,0
2.39965,-0.600752,-2.16624,0
2.39974,-0.589453,-2.16209,0
2.39983,-0.579237,-2.16174,0
2.39991,-0.569035,-2.16135,0
2.4,-0.557346,-2.1551,0
2.40009,-0.548922,-2.16139,0
2.40018,-0.537792,-2.15697,0
2.40026,-0.526712,-2.15249,0
2.40035,-0.516381,-2.15088,0
2.40044,-0.506304,-2.15019,0
2.40053,-0.499616,-2.16408,0
2.40061,-0.487962,-2.15648,0
2.4007,-0.478115,-2.15664,0
2.40079,-0.468701,-2.1587,0
2.40087,-0.456782,-2.14899,0
2.40096,-0.44903,-2.1588,0
2.40105,-0.437015,-2.14799,0
2.40114,-0.428418,-2.1538,0
2.40122,-0.417109,-2.14584,0
2.40131,-0.408301,-2.15058,0
2.4014,-0.398914,-2.15234,0
2.40149,-0.390052,-2.15702,0
2.40157,-0.379421,-2.1518,0
2.40166,-0.370537,-2.1564,0
2.40175,-0.358814,-2.14418,0
2.40183,-0.350901,-2.15461,0
2.40192,-0.338994,-2.14032,0
2.40201,-0.330564,-2.14771,0
2.4021,-0.321781,-2.15309,0
2.40218,-0.312096,-2.15249,0
2.40227,-0.301449,-2.14492,0
2.40236,-0.292222,-2.14721,0
2.40245,-0.284286,-2.15937,0
2.40253,-0.273473,-2.14967,0
2.40262,-0.263603,-2.14688,0
2.40271,-0.253881,-2.14503,0
2.40279,-0.245311,-2.15307,0
2.40288,-0.235806,-2.15313,0
2.40297,-0.226095,-2.15115,0
2.40306,-0.216106,-2.14615,0
2.40314,-0.206739,-2.14707,0
2.40323,-0.197095,-2.14496,0
2.40332,-0.187821,-2.1468,0
2.40341,-0.177789,-2.13963,0
2.40349,-0.169079,-2.14836,0
2.40358,-0.159185,-2.14209,0
2.40367,-0.149837,-2.14277,0
2.40375,-0.139963,-2.13542,0
2.40384,-0.13217,-2.16096,0
2.40393,-0.121436,-2.13855,0
2.40402,-0.112208,-2.14106,0
2.4041,-0.102913,-2.14253,0
2.40419,-0.0936509,-2.14496,0
2.40428,-0.0842909,-2.14534,0
2.40437,-0.07465,-2.1377,0
2.40445,-0.065383,-2.14,0
2.40454,-0.0560972,-2.14227,0
2.40463,-0.0465748,-2.13449,0
2.40471,-0.0374878,-2.14767,0
2.4048,-0.0280379,-2.14182,0
2.40489,-0.018701,-2.14292,0
2.40498,-0.00935932,-2.14498,0
2.40506,-2.58396e-08,-2.145,0
2.40515,0.00929819,-2.13098,0
2.40524,0.0186137,-2.13292,0
2.40533,0.028051,-2.14282,0
2.40541,0.0374877,-2.14767,0
2.4055,0.0467493,-2.14249,0
2.40559,0.0560186,-2.13927,0
2.40567,0.0656272,-2.148,0
2.40576,0.0751386,-2.15169,0
2.40585,0.0841338,-2.14135,0
2.40594,0.0937817,-2.14795,0
2.40602,0.103249,-2.14952,0
2.40611,0.112261,-2.14206,0
2.4062,0.122003,-2.14854,0
2.40629,0.130705,-2.13701,0
2.40637,0.140682,-2.14639,0
2.40646,0.150046,-2.14576,0
2.40655,0.158889,-2.1381,0
2.40663,0.168138,-2.13639,0
2.40672,0.177541,-2.13664,0
2.40681,0.188169,-2.15078,0
2.4069,0.196362,-2.137,0
2.40698,0.20626,-2.14209,0
2.40707,0.215404,-2.13918,0
2.40716,0.224423,-2.13524,0
2.40725,0.235044,-2.14617,0
2.40733,0.24384,-2.14015,0
2.40742,0.253528,-2.14205,0
2.40751,0.262507,-2.13794,0
2.40759,0.271959,-2.13777,0
2.40768,0.281675,-2.13954,0
2.40777,0.290604,-2.13532,0
2.40786,0.299222,-2.12908,0
2.40794,0.309083,-2.13171,0
2.40803,0.318825,-2.13331,0
2.40812,0.329043,-2.13783,0
2.40821,0.338837,-2.13933,0
2.40829,0.348168,-2.13783,0
2.40838,0.358153,-2.14024,0
2.40847,0.367827,-2.14063,0
2.40855,0.376296,-2.13408,0
2.40864,0.385426,-2.13143,0
2.40873,0.39618,-2.1376,0
2.40882,0.403825,-2.12701,0
2.4089,0.41501,-2.13504,0
2.40899,0.425492,-2.13909,0
2.40908,0.433825,-2.13232,0
2.40917,0.441088,-2.12061,0
2.40925,0.451584,-2.12454,0
2.40934,0.459789,-2.11766,0
2.40943,0.46989,-2.11954,0
2.40951,0.483327,-2.136,0
2.4096,0.491293,-2.12802,0
2.40969,0.501949,-2.1317,0
2.40978,0.511012,-2.12852,0
2.40986,0.520532,-2.12724,0
2.40995,0.531502,-2.13174,0
2.41004,0.541291,-2.13134,0
2.41013,0.551587,-2.13283,0
2.41021,0.559615,-2.12557,0
2.4103,0.570696,-2.12987,0
2.41039,0.578143,-2.1206,0
2.41047,0.589795,-2.12673,0
2.41056,0.600698,-2.12991,0
2.41065,0.612466,-2.13592,0
2.41074,0.619821,-2.12651,0
2.41082,0.63023,-2.12762,0
2.41091,0.638643,-2.12198,0
2.411,0.648188,-2.12013,0
2.41109,0.659805,-2.12492,0
2.41117,0.671476,-2.12965,0
2.41126,0.681981,-2.13051,0
2.41135,0.687563,-2.1161,0
2.41143,0.700547,-2.12448,0
2.41152,0.712666,-2.12994,0
2.41161,0.722596,-2.1287,0
2.4117,0.732203,-2.12647,0
2.41178,0.744112,-2.13081,0
2.41187,0.751065,-2.12094,0
2.41196,0.762002,-2.12235,0
2.41204,0.772623,-2.12277,0
2.41213,0.784647,-2.12688,0
2.41222,0.79427,-2.12437,0
2.41231,0.803886,-2.12182,0
2.41239,0.81457,-2.12203,0
2.41248,0.822734,-2.11566,0
2.41257,0.835623,-2.12135,0
2.41266,0.845983,-2.12047,0
2.41274,0.858973,-2.12603,0
2.41283,0.867105,-2.11949,0
2.41292,0.879789,-2.124,0
2.413,0.887888,-2.11737,0
2.41309,0.902589,-2.12637,0
2.41318,0.911858,-2.12241,0
2.41327,0.920313,-2.11657,0
2.41335,0.931956,-2.11803,0
2.41344,0.943629,-2.11943,0
2.41353,0.955743,-2.12167,0
2.41362,0.968309,-2.12476,0
2.4137,0.97757,-2.12051,0
2.41379,0.990194,-2.12348,0
2.41388,0.999024,-2.11823,0
2.41396,1.00653,-2.11024,0
2.41405,1.02008,-2.11484,0
2.41414,1.03368,-2.11936,0
2.41423,1.04292,-2.11483,0
2.41431,1.05615,-2.11831,0
2.4144,1.06943,-2.12172,0
2.41449,1.0755,-2.11079,0
2.41458,1.09157,-2.11942,0
2.41466,1.10035,-2.11375,0
2.41475,1.11561,-2.12043,0
2.41484,1.12532,-2.11643,0
2.41492,1.14023,-2.12207,0
2.41501,1.15091,-2.11971,0
2.4151,1.15918,-2.11291,0
2.41519,1.17082,-2.11221,0
2.41527,1.18491,-2.1158,0
2.41536,1.19659,-2.11496,0
2.41545,1.20779,-2.1132,0
2.41554,1.221,-2.11483,0
2.41562,1.23374,-2.11553,0
2.41571,1.2455,-2.11444,0
2.4158,1.25471,-2.10898,0
2.41588,1.26648,-2.10777,0
2.41597,1.28033,-2.10992,0
2.41606,1.29736,-2.11711,0
2.41615,1.30712,-2.11227,0
2.41623,1.32003,-2.11249,0
2.41632,1.33297,-2.11263,0
2.41641,1.3497,-2.1186,0
2.4165,1.35676,-2.10933,0
2.41658,1.37249,-2.11345,0
2.41667,1.38444,-2.11162,0
2.41676,1.40026,-2.11557,0
2.41684,1.40559,-2.10362,0
2.41693,1.42371,-2.11073,0
2.41702,1.43684,-2.11028,0
2.41711,1.45283,-2.11388,0
2.41719,1.46888,-2.11738,0
2.41728,1.47868,-2.11177,0
2.41737,1.48788,-2.1053,0
2.41746,1.50112,-2.10449,0
2.41754,1.51788,-2.10847,0
2.41763,1.53471,-2.11234,0
2.41772,1.54864,-2.11208,0
2.4178,1.55487,-2.10128,0
2.41789,1.57838,-2.11371,0
2.41798,1.58939,-2.1092,0
2.41807,1.60221,-2.10702,0
2.41815,1.61444,-2.10397,0
2.41824,1.63156,-2.10719,0
2.41833,1.64566,-2.10635,0
2.41842,1.66412,-2.11093,0
2.4185,1.67332,-2.10365,0
2.41859,1.69375,-2.11037,0
2.41868,1.70798,-2.10917,0
2.41876,1.72792,-2.11487,0
2.41885,1.72759,-2.09573,0
2.41894,1.74695,-2.10048,0
2.41903,1.76831,-2.10739,0
2.41911,1.78912,-2.11339,0
2.4192,1.79897,-2.10632,0
2.41929,1.81337,-2.10452,0
2.41938,1.83434,-2.11017,0
2.41946,1.84485,-2.10365,0
2.41955,1.86528,-2.10831,0
2.41964,1.87779,-2.10388,0
2.41972,1.89765,-2.10756,0
2.41981,1.9149,-2.10814,0
2.4199,1.92949,-2.10566,0
2.41999,1.94816,-2.10751,0
2.42007,1.95802,-2.09972,0
2.42016,1.97744,-2.10208,0
2.42025,1.99485,-2.10213,0
2.42034,2.01784,-2.10786,0
2.42042,2.0291,-2.10119,0
2.42051,2.03336,-2.0873,0
2.4206,2.03894,-2.07485,0
2.42068,2.04235,-2.06025,0
2.42077,2.03293,-2.03293,0
2.42086,2.02971,-2.01207,0
2.42095,2.03633,-2.0011,0
2.42103,2.03286,-1.98033,0
2.42112,2.03214,-1.96241,0
2.42121,2.03057,-1.94384,0
2.4213,2.03177,-1.92808,0
2.42138,2.0256,-1.90549,0
2.42147,2.02585,-1.88914,0
2.42156,2.02159,-1.86874,0
2.42164,2.02751,-1.85787,0
2.42173,2.03338,-1.84699,0
2.42182,2.02804,-1.82606,0
2.42191,2.03375,-1.81519,0
2.42199,2.01918,-1.78642,0
2.42208,2.02019,-1.77166,0
2.42217,2.01734,-1.75365,0
2.42226,2.02421,-1.74417,0
2.42234,2.02496,-1.72948,0
2.42243,2.02333,-1.71287,0
2.42252,2.02236,-1.69696,0
2.4226,2.02129,-1.68109,0
2.42269,2.02706,-1.67098,0
2.42278,2.01729,-1.6482,0
2.42287,2.02058,-1.63623,0
2.42295,2.0199,-1.62114,0
2.42304,2.02774,-1.61294,0
2.42313,2.03083,-1.60098,0
2.42322,2.03386,-1.58902,0
2.4233,2.02258,-1.56605,0
2.42339,2.01988,-1.54991,0
2.42348,2.01866,-1.53503,0
2.42356,2.01017,-1.51477,0
2.42365,2.00794,-1.4994,0
2.42374,2.01366,-1.49003,0
2.42383,2.01611,-1.47827,0
2.42391,2.01607,-1.46476,0
2.424,2.02001,-1.4542,0
2.42409,2.01087,-1.43434,0
2.42417,2.01547,-1.42439,0
2.42426,2.00774,-1.40584,0
2.42435,2.01221,-1.39592,0
2.42444,2.00345,-1.37693,0
2.42452,2.01109,-1.3693,0
2.42461,2.00793,-1.35437,0
2.4247,2.01465,-1.34615,0
2.42479,2.0105,-1.33072,0
2.42487,2.00876,-1.317,0
2.42496,2.00191,-1.30005,0
2.42505,2.00756,-1.29131,0
2.42513,2.00812,-1.27931,0
2.42522,2.00522,-1.2652,0
2.42531,2.00394,-1.2522,0
2.4254,2.01363,-1.24607,0
2.42548,2.01308,-1.23362,0
2.42557,2.0022,-1.21497,0
2.42566,2.00491,-1.20467,0
2.42575,2.00585,-1.19336,0
2.42583,2.00329,-1.18003,0
2.42592,2.00151,-1.16724,0
2.42601,2.00052,-1.155,0
2.42609,2.00207,-1.14428,0
2.42618,2.01052,-1.1375,0
2.42627,2.00151,-1.1209,0
2.42636,2.00725,-1.11264,0
2.42644,1.99806,-1.09617,0
2.42653,2.00722,-1.08983,0
2.42662,1.99786,-1.07349,0
2.42671,2.00517,-1.06617,0
2.42679,1.9983,-1.05136,0
2.42688,1.994,-1.03801,0
2.42697,1.9994,-1.02976,0
2.42705,1.99942,-1.01875,0
2.42714,2.00117,-1.00867,0
2.42723,1.99302,-0.993683,0
2.42732,2.00451,-0.988515,0
2.4274,2.00161,-0.976253,0
2.42749,2.00405,-0.966641,0
2.42758,1.99923,-0.953582,0
2.42767,1.99885,-0.942717,0
2.42775,1.99932,-0.932296,0
2.42784,2.00155,-0.922726,0
2.42793,2.00373,-0.913155,0
2.42801,2.01226,-0.906457,0
2.4281,2.00158,-0.89116,0
2.42819,2.00179,-0.880807,0
2.42828,2.00011,-0.869672,0
2.42836,1.98735,-0.853831,0
2.42845,1.99105,-0.845152,0
2.42854,1.99564,-0.836843,0
2.42863,2.0002,-0.82851,0
2.42871,1.99361,-0.815609,0
2.4288,1.99808,-0.807277,0
2.42889,2.00066,-0.798181,0
2.42897,2.00226,-0.788711,0
2.42906,1.99636,-0.776342,0
2.42915,1.99319,-0.765116,0
2.42924,1.9909,-0.754286,0
2.42932,1.99418,-0.745592,0
2.42941,2.00022,-0.737922,0
2.4295,1.99497,-0.726109,0
2.42959,1.99059,-0.714694,0
2.42967,1.98803,-0.703999,0
2.42976,1.98731,-0.693999,0
2.42985,1.98937,-0.684995,0
2.42993,1.99139,-0.675987,0
2.43002,1.98105,-0.662849,0
2.43011,1.98962,-0.656078,0
2.4302,1.99341,-0.6477,0
2.43028,1.99146,-0.637471,0
2.43037,1.98469,-0.625769,0
2.43046,1.99026,-0.617993,0
2.43055,1.9872,-0.607548,0
2.43063,1.99366,-0.600025,0
2.43072,1.99051,-0.589616,0
2.43081,1.99882,-0.582604,0
2.43089,1.9975,-0.572774,0
2.43098,1.99132,-0.56161,0
2.43107,1.98893,-0.55158,0
2.43116,1.97781,-0.539214,0
2.43124,1.99174,-0.533685,0
2.43133,1.98728,-0.523207,0
2.43142,1.98664,-0.51378,0
2.43151,1.98402,-0.503876,0
2.43159,1.98037,-0.493763,0
2.43168,1.99417,-0.487969,0
2.43177,1.98461,-0.476462,0
2.43185,1.98861,-0.468256,0
2.43194,1.98479,-0.458225,0
2.43203,1.98775,-0.449781,0
2.43212,1.99067,-0.44132,0
2.4322,1.98671,-0.431357,0
2.43229,1.9876,-0.422477,0
2.43238,1.98942,-0.4138,0
2.43247,1.98729,-0.404318,0
2.43255,1.98315,-0.394473,0
2.43264,1.98387,-0.385625,0
2.43273,1.98553,-0.376965,0
2.43281,1.99109,-0.369027,0
2.4329,1.98973,-0.359802,0
2.43299,1.99227,-0.35129,0
2.43308,1.98195,-0.340562,0
2.43316,1.99328,-0.333561,0
2.43325,1.99373,-0.3247,0
2.43334,1.99217,-0.315528,0
2.43343,1.98858,-0.306072,0
2.43351,1.98891,-0.297245,0
2.4336,2.00009,-0.289999,0
2.43369,1.98351,-0.278764,0
2.43377,1.99362,-0.27132,0
2.43386,1.98586,-0.261444,0
2.43395,1.99294,-0.253534,0
2.43404,1.98311,-0.243495,0
2.43412,1.98117,-0.234487,0
2.43421,1.98218,-0.22584,0
2.4343,1.97519,-0.216319,0
2.43439,1.98606,-0.208743,0
2.43447,1.98397,-0.199775,0
2.43456,1.98183,-0.190829,0
2.43465,1.98066,-0.181997,0
2.43473,1.98741,-0.173876,0
2.43482,1.98217,-0.164706,0
2.43491,1.9729,-0.155271,0
2.435,1.97655,-0.146883,0
2.43508,1.98216,-0.138606,0
2.43517,1.98275,-0.129956,0
2.43526,1.98329,-0.121303,0
2.43535,1.97582,-0.112195,0
2.43543,1.97329,-0.103416,0
2.43552,1.97273,-0.0947568,0
2.43561,1.97911,-0.0864101,0
2.43569,1.96548,-0.0772241,0
2.43578,1.93282,-0.0674957,0
2.43587,1.74918,-0.0534424,0
2.43596,1.69342,-0.0443438,0
2.43604,1.6916,-0.0369108,0
2.43613,1.69074,-0.0295121,0
2.43622,1.69585,-0.0222,0
2.43631,1.68494,-0.0147043,0
2.43639,1.68798,-0.00736531,0
2.43648,1.682,-4.07286e-08,0
2.43657,1.68998,0.00737395,0
2.43665,1.69194,0.0147653,0
2.43674,1.68986,0.0221214,0
2.43683,1.68474,0.0294073,0
2.43692,1.6936,0.0369544,0
2.437,1.68342,0.0440819,0
2.43709,1.69321,0.0517322,0
2.43718,1.70796,0.0596432,0
2.43726,1.74965,0.0687439,0
2.43735,1.8862,0.0823534,0
2.43744,1.93177,0.0927897,0
2.43753,1.94833,0.102107,0
2.43761,1.94886,0.110664,0
2.4377,1.95435,0.119533,0
2.43779,1.96878,0.12904,0
2.43788,1.97119,0.137839,0
2.43796,1.96359,0.14592,0
2.43805,1.96393,0.154564,0
2.43814,1.98317,0.164788,0
2.43822,1.98442,0.173614,0
2.43831,1.98464,0.182363,0
2.4384,1.97885,0.190541,0
2.43849,1.977,0.199074,0
2.43857,1.97711,0.207803,0
2.43866,1.98215,0.21708,0
2.43875,1.97522,0.225048,0
2.43884,1.97521,0.233782,0
2.43892,1.97417,0.242398,0
2.43901,1.9731,0.25101,0
2.4391,1.97595,0.260139,0
2.43918,1.96687,0.267679,0
2.43927,1.98549,0.279042,0
2.43936,1.9793,0.286985,0
2.43945,1.97605,0.295323,0
2.43953,1.97475,0.303942,0
2.43962,1.96649,0.311461,0
2.43971,1.9888,0.323896,0
2.4398,1.98737,0.332571,0
2.43988,1.98688,0.341409,0
2.43997,1.97651,0.348512,0
2.44006,1.98284,0.358556,0
2.44014,1.98224,0.367387,0
2.44023,1.9708,0.374167,0
2.44032,1.97013,0.382954,0
2.44041,1.97138,0.392132,0
2.44049,1.98631,0.404119,0
2.44058,1.98159,0.412171,0
2.44067,1.98075,0.421021,0
2.44076,1.98085,0.430084,0
2.44084,1.98676,0.440455,0
2.44093,1.97994,0.448016,0
2.44102,1.9692,0.454626,0
2.4411,1.97693,0.465506,0
2.44119,1.95835,0.470159,0
2.44128,1.96697,0.481314,0
2.44137,1.97649,0.492795,0
2.44145,1.97723,0.502153,0
2.44154,1.97018,0.509523,0
2.44163,1.97471,0.519897,0
2.44172,1.97435,0.529026,0
2.4418,1.97492,0.538425,0
2.44189,1.97544,0.547839,0
2.44198,1.97496,0.556996,0
2.44206,1.96866,0.564505,0
2.44215,1.97002,0.574209,0
2.44224,1.97517,0.585072,0
2.44233,1.96781,0.592243,0
2.44241,1.96903,0.601993,0
2.4425,1.96639,0.610579,0
2.44259,1.97324,0.62216,0
2.44268,1.96574,0.62924,0
2.44276,1.96964,0.639974,0
2.44285,1.97253,0.650441,0
2.44294,1.97441,0.660628,0
2.44302,1.9734,0.66988,0
2.44311,1.96952,0.678158,0
2.4432,1.96843,0.687405,0
2.44329,1.97012,0.697656,0
2.44337,1.96894,0.706922,0
2.44346,1.97335,0.718242,0
2.44355,1.9702,0.726846,0
2.44364,1.96795,0.735786,0
2.44372,1.96378,0.744011,0
2.44381,1.97359,0.75759,0
2.4439,1.96747,0.765107,0
2.44398,1.97621,0.778449,0
2.44407,1.96536,0.784099,0
2.44416,1.97119,0.796414,0
2.44425,1.98158,0.810687,0
2.44433,1.98726,0.823152,0
2.44442,1.97074,0.826401,0
2.44451,1.9754,0.838509,0
2.4446,1.96805,0.845541,0
2.44468,1.96801,0.855715,0
2.44477,1.96334,0.863892,0
2.44486,1.9623,0.87367,0
2.44494,1.96667,0.885921,0
2.44503,1.95551,0.891176,0
2.44512,1.97249,0.909329,0
2.44521,1.9685,0.917927,0
2.44529,1.9699,0.929067,0
2.44538,1.96493,0.937223,0
2.44547,1.97523,0.952738,0
2.44556,1.97285,0.962225,0
2.44564,1.96864,0.970824,0
2.44573,1.96886,0.981635,0
2.44582,1.96545,0.990667,0
2.4459,1.96823,1.00286,0
2.44599,1.97006,1.01465,0
2.44608,1.96029,1.02046,0
2.44617,1.96733,1.03506,0
2.44625,1.97339,1.04927,0
2.44634,1.96086,1.05361,0
2.44643,1.9624,1.0655,0
2.44652,1.96562,1.07838,0
2.4466,1.95652,1.08452,0
2.44669,1.9605,1.09793,0
2.44678,1.96091,1.10943,0
2.44686,1.96126,1.12095,0
2.44695,1.95808,1.1305,0
2.44704,1.96004,1.14306,0
2.44713,1.96193,1.15566,0
2.44721,1.95859,1.16524,0
2.4473,1.96548,1.18098,0
2.44739,1.95518,1.18643,0
2.44748,1.96022,1.20122,0
2.44756,1.95496,1.20977,0
2.44765,1.96154,1.2257,0
2.44774,1.96209,1.23799,0
2.44782,1.96173,1.24976,0
2.44791,1.95542,1.25777,0
2.448,1.96417,1.27554,0
2.44809,1.95858,1.2841,0
2.44817,1.95129,1.29153,0
2.44826,1.95395,1.30559,0
2.44835,1.95736,1.32025,0
2.44844,1.95902,1.33385,0
2.44852,1.95483,1.34352,0
2.44861,1.9547,1.35602,0
2.4487,1.95695,1.37027,0
2.44878,1.95994,1.38515,0
2.44887,1.95958,1.39775,0
2.44896,1.95265,1.4057,0
2.44905,1.94973,1.41656,0
2.44913,1.96208,1.43866,0
2.44922,1.9582,1.44899,0
2.44931,1.95987,1.4635,0
2.44939,1.95666,1.47445,0
2.44948,1.95498,1.4866,0
2.44957,1.96117,1.50486,0
2.44966,1.96565,1.52197,0
2.44974,1.95978,1.53115,0
2.44983,1.95544,1.54154,0
2.44992,1.96435,1.56251,0
2.45001,1.96453,1.5767,0
2.45009,1.95918,1.58652,0
2.45018,1.95457,1.59695,0
2.45027,1.96533,1.62009,0
2.45035,1.9567,1.62737,0
2.45044,1.96107,1.64554,0
2.45053,1.96151,1.66054,0
2.45062,1.95652,1.67103,0
2.4507,1.95831,1.68738,0
2.45079,1.96149,1.7051,0
2.45088,1.96155,1.72023,0
2.45097,1.95477,1.72944,0
2.45105,1.95765,1.74727,0
2.45114,1.96116,1.76584,0
2.45123,1.95862,1.77908,0
2.45131,1.95452,1.79099,0
2.4514,1.96064,1.8124,0
2.45149,1.96222,1.8298,0
2.45158,1.95859,1.84246,0
2.45166,1.95198,1.85236,0
2.45175,1.95688,1.87331,0
2.45184,1.96092,1.89364,0
2.45193,1.9555,1.90497,0
2.45201,1.95502,1.92119,0
2.4521,1.95372,1.93674,0
2.45219,1.95232,1.95232,0
2.45227,1.95575,1.9729,0
2.45236,1.95764,1.99211,0
2.45245,1.96009,2.01209,0
2.45254,1.95755,2.0271,0
2.45262,1.96251,2.05007,0
2.45271,1.95768,2.06296,0
2.4528,1.95414,2.07731,0
2.45289,1.95734,2.09898,0
2.45297,1.9563,2.11632,0
2.45306,1.95583,2.13442,0
2.45315,1.95524,2.15255,0
2.45323,1.95052,2.16627,0
2.45332,1.93705,2.17028,0
2.45341,1.92359,2.17422,0
2.4535,1.90683,2.17432,0
2.45358,1.89142,2.17583,0
2.45367,1.86624,2.16588,0
2.45376,1.85093,2.16716,0
2.45385,1.83435,2.16682,0
2.45393,1.82359,2.17327,0
2.45402,1.80705,2.17275,0
2.45411,1.78929,2.17058,0
2.45419,1.77474,2.17217,0
2.45428,1.7558,2.16824,0
2.45437,1.74132,2.16964,0
2.45446,1.72188,2.16469,0
2.45454,1.70684,2.16512,0
2.45463,1.69122,2.16467,0
2.45472,1.67992,2.16965,0
2.45481,1.65887,2.16189,0
2.45489,1.64822,2.16751,0
2.45498,1.62851,2.16111,0
2.45507,1.61667,2.16499,0
2.45515,1.59769,2.15916,0
2.45524,1.59358,2.17337,0
2.45533,1.56939,2.16008,0
2.45542,1.55644,2.16203,0
2.4555,1.54583,2.16718,0
2.45559,1.53405,2.17063,0
2.45568,1.5108,2.15765,0
2.45577,1.50308,2.16668,0
2.45585,1.48115,2.15509,0
2.45594,1.46948,2.15823,0
2.45603,1.46061,2.16545,0
2.45611,1.44059,2.156,0
2.4562,1.43283,2.16477,0
2.45629,1.41405,2.15678,0
2.45638,1.40081,2.15706,0
2.45646,1.38814,2.15811,0
2.45655,1.37334,2.15571,0
2.45664,1.36018,2.15576,0
2.45673,1.34811,2.15743,0
2.45681,1.33185,2.15224,0
2.4569,1.32035,2.15462,0
2.45699,1.30783,2.15523,0
2.45707,1.29738,2.1592,0
2.45716,1.28079,2.15281,0
2.45725,1.26885,2.15407,0
2.45734,1.25692,2.15527,0
2.45742,1.24,2.14774,0
2.45751,1.23558,2.16181,0
2.4576,1.21776,2.15239,0
2.45769,1.20689,2.15507,0
2.45777,1.1936,2.15331,0
2.45786,1.18708,2.16376,0
2.45795,1.17095,2.15662,0
2.45803,1.15774,2.15466,0
2.45812,1.13988,2.1438,0
2.45821,1.13517,2.1576,0
2.4583,1.11974,2.151,0
2.45838,1.10714,2.14964,0
2.45847,1.09457,2.14822,0
2.45856,1.08249,2.14761,0
2.45865,1.074,2.15411,0
2.45873,1.06061,2.1507,0
2.45882,1.04858,2.14992,0
2.45891,1.03963,2.15537,0
2.45899,1.02419,2.14725,0
2.45908,1.01395,2.14989,0
2.45917,1.00287,2.15067,0
2.45926,0.990549,2.14867,0
2.45934,0.979505,2.14933,0
2.45943,0.968475,2.14994,0
2.45952,0.957051,2.14957,0
2.45961,0.945649,2.14915,0
2.45969,0.93387,2.14775,0
2.45978,0.922911,2.14813,0
2.45987,0.911576,2.14754,0
2.45995,0.897943,2.14135,0
2.46004,0.893183,2.15633,0
2.46013,0.879979,2.15096,0
2.46022,0.867963,2.14828,0
2.4603,0.855617,2.14462,0
2.46039,0.846618,2.14926,0
2.46048,0.832883,2.14175,0
2.46057,0.822455,2.14257,0
2.46065,0.816995,2.15642,0
2.46074,0.803726,2.14966,0
2.46083,0.792608,2.14846,0
2.46091,0.781858,2.14814,0
2.461,0.770788,2.14682,0
2.46109,0.762749,2.15394,0
2.46118,0.753013,2.1563,0
2.46126,0.739691,2.14822,0
2.46135,0.728382,2.14574,0
2.46144,0.718695,2.14795,0
2.46153,0.707124,2.14442,0
2.46161,0.696833,2.14463,0
2.4617,0.687469,2.14765,0
2.46179,0.676889,2.14682,0
2.46187,0.666625,2.14688,0
2.46196,0.653158,2.13638,0
2.46205,0.646424,2.14783,0
2.46214,0.635626,2.14584,0
2.46222,0.625418,2.14571,0
2.46231,0.614671,2.14361,0
2.4624,0.605312,2.14628,0
2.46248,0.59514,2.146,0
2.46257,0.584982,2.14569,0
2.46266,0.575355,2.14725,0
2.46275,0.566489,2.15168,0
2.46283,0.555093,2.14638,0
2.46292,0.544491,2.14394,0
2.46301,0.536825,2.15309,0
2.4631,0.525286,2.14667,0
2.46318,0.513813,2.14019,0
2.46327,0.505616,2.14727,0
2.46336,0.494442,2.14167,0
2.46344,0.483327,2.136,0
2.46353,0.474219,2.13906,0
2.46362,0.462972,2.13232,0
2.46371,0.454703,2.13921,0
2.46379,0.446179,2.14509,0
2.46388,0.434622,2.13624,0
2.46397,0.425102,2.13713,0
2.46406,0.416918,2.14486,0
2.46414,0.406249,2.13978,0
2.46423,0.396545,2.13956,0
2.46432,0.387383,2.14226,0
2.4644,0.378379,2.1459,0
2.46449,0.368505,2.14457,0
2.46458,0.357493,2.13629,0
2.46467,0.349454,2.14573,0
2.46475,0.33915,2.14131,0
2.46484,0.328739,2.13585,0
2.46493,0.320747,2.14616,0
2.46502,0.310949,2.14457,0
2.4651,0.300614,2.13898,0
2.46519,0.290334,2.13333,0
2.46528,0.281284,2.13656,0
2.46536,0.272085,2.13876,0
2.46545,0.26275,2.13993,0
2.46554,0.253881,2.14503,0
2.46563,0.24384,2.14015,0
2.46571,0.234499,2.1412,0
2.4658,0.224527,2.13623,0
2.46589,0.216206,2.14714,0
2.46598,0.205973,2.13911,0
2.46606,0.196271,2.136,0
2.46615,0.187036,2.13783,0
2.46624,0.177706,2.13863,0
2.46632,0.169236,2.15035,0
2.46641,0.158592,2.13412,0
2.4665,0.149488,2.13778,0
2.46659,0.140421,2.1424,0
2.46667,0.130949,2.141,0
2.46676,0.120982,2.13057,0
2.46685,0.112104,2.13906,0
2.46694,0.102865,2.14153,0
2.46702,0.0932147,2.13497,0
2.46711,0.0837413,2.13136,0
2.4672,0.0747199,2.1397,0
2.46728,0.0654136,2.141,0
2.46737,0.0558879,2.13427,0
2.46746,0.0466185,2.13649,0
2.46755,0.0374006,2.14267,0
2.46763,0.0279856,2.13782,0
2.46772,0.01864,2.13592,0
2.46781,0.00930265,2.13198,0
2.4679,7.77127e-08,2.136,0
2.46798,-0.00929813,2.13098,0
2.46807,-0.0186398,2.13592,0
2.46816,-0.0278939,2.13082,0
2.46824,-0.0372957,2.13667,0
2.46833,-0.0465747,2.13449,0
2.46842,-0.0558615,2.13327,0
2.46851,-0.0648637,2.12301,0
2.46859,-0.0741962,2.1247,0
2.46868,-0.0837018,2.13036,0
2.46877,-0.092822,2.12597,0
2.46886,-0.102001,2.12355,0
2.46894,-0.11179,2.13307,0
2.46903,-0.120642,2.12458,0
2.46912,-0.130888,2.14,0
2.4692,-0.139701,2.13143,0
2.46929,-0.149418,2.13678,0
2.46938,-0.158147,2.12813,0
2.46947,-0.166961,2.12144,0
2.46955,-0.176381,2.12268,0
2.46964,-0.185642,2.12189,0
2.46973,-0.195356,2.12604,0
2.46982,-0.204439,2.12318,0
2.4699,-0.214402,2.12923,0
2.46999,-0.223691,2.12828,0
2.47008,-0.232866,2.12629,0
2.47016,-0.241349,2.1183,0
2.47025,-0.251412,2.12417,0
2.47034,-0.262141,2.13497,0
2.47043,-0.270066,2.12289,0
2.47051,-0.279587,2.12367,0
2.4706,-0.288985,2.12343,0
2.47069,-0.29964,2.13205,0
2.47078,-0.308653,2.12874,0
2.47086,-0.317495,2.12441,0
2.47095,-0.32813,2.1319,0
2.47104,-0.338055,2.13439,0
2.47112,-0.347365,2.1329,0
2.47121,-0.355512,2.12446,0
2.4713,-0.364948,2.12387,0
2.47139,-0.37508,2.12718,0
2.47147,-0.384892,2.12848,0
2.47156,-0.393446,2.12285,0
2.47165,-0.401586,2.11522,0
2.47174,-0.411957,2.11933,0
2.47182,-0.423736,2.13027,0
2.47191,-0.432828,2.12742,0
2.472,-0.443124,2.1304,0
2.47208,-0.450752,2.12062,0
2.47217,-0.459152,2.11473,0
2.47226,-0.470973,2.12442,0
2.47235,-0.4809,2.12527,0
2.47243,-0.489044,2.11828,0
2.47252,-0.49874,2.11807,0
2.47261,-0.50751,2.11393,0
2.4727,-0.520057,2.1253,0
2.47278,-0.529083,2.12204,0
2.47287,-0.540553,2.12843,0
2.47296,-0.547831,2.11831,0
2.47304,-0.558597,2.1217,0
2.47313,-0.568367,2.12117,0
2.47322,-0.573671,2.1042,0
2.47331,-0.584717,2.10842,0
2.47339,-0.597983,2.12029,0
2.47348,-0.60971,2.12631,0
2.47357,-0.6215,2.13227,0
2.47366,-0.627106,2.11707,0
2.47374,-0.638643,2.12198,0
2.47383,-0.64965,2.12491,0
2.47392,-0.658322,2.12014,0
2.474,-0.667867,2.11821,0
2.47409,-0.680457,2.12575,0
2.47418,-0.688799,2.1199,0
2.47427,-0.7018,2.12828,0
2.47435,-0.709493,2.12045,0
2.47444,-0.719381,2.11923,0
2.47453,-0.731226,2.12363,0
2.47461,-0.743452,2.12892,0
2.4747,-0.750732,2.12,0
2.47479,-0.760988,2.11953,0
2.47488,-0.768861,2.11243,0
2.47496,-0.781532,2.11844,0
2.47505,-0.791469,2.11688,0
2.47514,-0.801406,2.11528,0
2.47523,-0.328623,0.856093,0
2.47531,-0.325832,0.837875,0
2.4754,-0.337181,0.855984,0
2.47549,-0.353882,0.887013,0
2.47557,-0.35213,0.871553,0
2.47566,-0.347978,0.850572,0
2.47575,-0.350921,0.847198,0
2.47584,-0.344559,0.821681,0
2.47592,-0.343843,0.810044,0
2.47601,-0.341059,0.793836,0
2.4761,-0.339734,0.781335,0
2.47619,-0.342737,0.77893,0
2.47627,-0.335558,0.753675,0
2.47636,-0.33145,0.735792,0
2.47645,-0.332584,0.729789,0
2.47653,-0.339114,0.735596,0
2.47662,-0.336404,0.721421,0
2.47671,-0.331444,0.702762,0
2.4768,-0.332785,0.697698,0
2.47688,-0.327572,0.679127,0
2.47697,-0.330532,0.677691,0
2.47706,-0.335255,0.67983,0
2.47715,-0.330633,0.663146,0
2.47723,-0.326771,0.648303,0
2.47732,-0.326873,0.641525,0
2.47741,-0.326922,0.634758,0
2.47749,-0.333844,0.641309,0
2.47758,-0.331518,0.630111,0
2.47767,-0.332386,0.625127,0
2.47776,-0.328484,0.611338,0
2.47784,-0.331148,0.609899,0
2.47793,-0.327553,0.597051,0
2.47802,-0.318035,0.573751,0
2.47811,-0.315161,0.56276,0
2.47819,-0.314659,0.556157,0
2.47828,-0.318075,0.556515,0
2.47837,-0.323,0.559452,0
2.47845,-0.322919,0.553719,0
2.47854,-0.326347,0.554028,0
2.47863,-0.323649,0.544004,0
2.47872,-0.327049,0.544301,0
2.4788,-0.326308,0.53774,0
2.47889,-0.323427,0.527784,0
2.47898,-0.319938,0.517014,0
2.47907,-0.319541,0.511373,0
2.47915,-0.32337,0.512511,0
2.47924,-0.321842,0.505191,0
2.47933,-0.32188,0.500418,0
2.47941,-0.322971,0.497332,0
2.4795,-0.324041,0.494245,0
2.47959,-0.323435,0.488657,0
2.47968,-0.320008,0.478926,0
2.47976,-0.328805,0.487474,0
2.47985,-0.321924,0.472809,0
2.47994,-0.325117,0.473048,0
2.48003,-0.321478,0.463409,0
2.48011,-0.324071,0.462821,0
2.4802,-0.316276,0.44752,0
2.48029,-0.326355,0.457533,0
2.48037,-0.320169,0.444743,0
2.48046,-0.319755,0.440105,0
2.48055,-0.321081,0.437899,0
2.48064,-0.31823,0.430063,0
2.48072,-0.315915,0.423062,0
2.48081,-0.321971,0.42727,0
2.4809,-0.321411,0.422677,0
2.48099,-0.313512,0.408577,0
2.48107,-0.311006,0.40167,0
2.48116,-0.315219,0.403462,0
2.48125,-0.310166,0.393444,0
2.48133,-0.287602,0.361565,0
2.48142,-0.281666,0.350948,0
2.48151,-0.281306,0.347384,0
2.4816,-0.276492,0.33841,0
2.48168,-0.290052,0.351861,0
2.48177,-0.304373,0.365969,0
2.48186,-0.317537,0.378426,0
2.48195,-0.315308,0.372457,0
2.48203,-0.318879,0.373359,0
2.48212,-0.30745,0.356813,0
2.48221,-0.314908,0.362261,0
2.48229,-0.317805,0.362387,0
2.48238,-0.31872,0.360248,0
2.48247,-0.316294,0.354377,0
2.48256,-0.289064,0.321039,0
2.48264,-0.274998,0.302749,0
2.48273,-0.26348,0.287538,0
2.48282,-0.367231,0.397269,0
2.48291,-0.355321,0.381035,0
2.48299,-0.262425,0.278966,0
2.48308,-0.243678,0.256783,0
2.48317,-0.222667,0.232601,0
2.48325,-0.234795,0.243137,0
2.48334,-0.234458,0.240677,0
2.48343,-0.180835,0.184019,0
