7200
3196
2.77507
2.79078,-0.0473762,-0.0473762,0
2.79096,-0.04626,-0.0470745,0
2.79104,-0.0481475,-0.0494248,0
2.79113,-0.0541834,-0.0561085,0
2.79122,-0.0871306,-0.0910179,0
2.79131,-0.10463,-0.110257,0
2.79139,-0.155537,-0.16534,0
2.79148,-0.288485,-0.309363,0
2.79157,-0.192779,-0.208548,0
2.79165,-0.205379,-0.224132,0
2.79174,-0.217174,-0.23909,0
2.79183,-0.225497,-0.25044,0
2.79192,-0.225068,-0.252167,0
2.792,-0.228604,-0.25839,0
2.79209,-0.225496,-0.257129,0
2.79218,-0.226996,-0.261129,0
2.79227,-0.234341,-0.271966,0
2.79235,-0.2351,-0.275267,0
2.79244,-0.224205,-0.264842,0
2.79253,-0.233975,-0.27884,0
2.79261,-0.232756,-0.279858,0
2.7927,-0.230896,-0.2801,0
2.79279,-0.237897,-0.291172,0
2.79288,-0.233478,-0.288321,0
2.79296,-0.232844,-0.290117,0
2.79305,-0.226595,-0.284869,0
2.79314,-0.230303,-0.292138,0
2.79322,-0.233951,-0.299444,0
2.79331,-0.23203,-0.299671,0
2.7934,-0.233156,-0.303854,0
2.79349,-0.234249,-0.308053,0
2.79357,-0.236513,-0.313864,0
2.79366,-0.229757,-0.307681,0
2.79375,-0.232576,-0.314308,0
2.79384,-0.232385,-0.316933,0
2.79392,-0.231,-0.317944,0
2.79401,-0.213835,-0.297036,0
2.7941,-0.211957,-0.297152,0
2.79418,-0.215275,-0.304607,0
2.79427,-0.217385,-0.310459,0
2.79436,-0.220019,-0.317156,0
2.79445,-0.226562,-0.32965,0
2.79453,-0.216117,-0.31741,0
2.79462,-0.22144,-0.328299,0
2.79471,-0.220006,-0.329262,0
2.7948,-0.228502,-0.345229,0
2.79488,-0.22809,-0.347895,0
2.79497,-0.228748,-0.352242,0
2.79506,-0.219095,-0.340621,0
2.79514,-0.222442,-0.349164,0
2.79523,-0.214513,-0.339983,0
2.79532,-0.220446,-0.352788,0
2.79541,-0.222588,-0.359699,0
2.79549,-0.228332,-0.372604,0
2.79558,-0.218404,-0.359918,0
2.79567,-0.224042,-0.372868,0
2.79576,-0.223435,-0.375561,0
2.79584,-0.218241,-0.370501,0
2.79593,-0.231232,-0.3965,0
2.79602,-0.223,-0.386247,0
2.7961,-0.223297,-0.390689,0
2.79619,-0.224545,-0.396882,0
2.79628,-0.219391,-0.391751,0
2.79637,-0.221558,-0.399701,0
2.79645,-0.225103,-0.410308,0
2.79654,-0.222833,-0.410408,0
2.79663,-0.221987,-0.413138,0
2.79672,-0.225346,-0.423815,0
2.7968,-0.21977,-0.417714,0
2.79689,-0.227642,-0.437296,0
2.79698,-0.217032,-0.421394,0
2.79706,-0.222909,-0.437484,0
2.79715,-0.222799,-0.442025,0
2.79724,-0.223099,-0.447467,0
2.79733,-0.218491,-0.443055,0
2.79741,-0.226638,-0.464677,0
2.7975,-0.234166,-0.485476,0
2.79759,-0.229032,-0.480175,0
2.79768,-0.226935,-0.48117,0
2.79776,-0.223142,-0.47853,0
2.79785,-0.225239,-0.488581,0
2.79794,-0.224764,-0.493199,0
2.79802,-0.223842,-0.49691,0
2.79811,-0.225739,-0.507018,0
2.7982,-0.223122,-0.507083,0
2.79829,-0.226091,-0.519973,0
2.79837,-0.225004,-0.523711,0
2.79846,-0.220372,-0.519165,0
2.79855,-0.215011,-0.512744,0
2.79864,-0.216216,-0.521992,0
2.79872,-0.217723,-0.532186,0
2.79881,-0.217272,-0.537767,0
2.7989,-0.215664,-0.540567,0
2.79898,-0.214037,-0.543364,0
2.79907,-0.214201,-0.550817,0
2.79916,-0.215379,-0.561082,0
2.79925,-0.214346,-0.565757,0
2.79933,-0.21888,-0.58542,0
2.79942,-0.215285,-0.583555,0
2.79951,-0.213763,-0.587308,0
2.7996,-0.215929,-0.601411,0
2.79968,-0.213636,-0.603291,0
2.79977,-0.215288,-0.61649,0
2.79986,-0.219107,-0.636334,0
2.79994,-0.213436,-0.628762,0
2.80003,-0.215133,-0.642963,0
2.80012,-0.217023,-0.658141,0
2.80021,-0.215694,-0.663837,0
2.80029,-0.214929,-0.671439,0
2.80038,-0.216508,-0.686676,0
2.80047,-0.214696,-0.691434,0
2.80056,-0.214893,-0.702884,0
2.80064,-0.223064,-0.74116,0
2.80073,-0.206763,-0.698021,0
2.80082,-0.207913,-0.713317,0
2.8009,-0.601441,-2.09747,0
2.80099,-0.590112,-2.09238,0
2.80108,-0.580709,-2.09397,0
2.80117,-0.568673,-2.08587,0
2.80125,-0.559567,-2.08833,0
2.80134,-0.549176,-2.08592,0
2.80143,-0.539819,-2.08733,0
2.80152,-0.531445,-2.09257,0
2.8016,-0.518923,-2.08128,0
2.80169,-0.510312,-2.08547,0
2.80178,-0.502608,-2.09351,0
2.80186,-0.491864,-2.08887,0
2.80195,-0.482295,-2.08905,0
2.80204,-0.468982,-2.0726,0
2.80213,-0.462099,-2.08439,0
2.80221,-0.451726,-2.08052,0
2.8023,-0.443684,-2.08737,0
2.80239,-0.433553,-2.08439,0
2.80248,-0.424454,-2.08626,0
2.80256,-0.416518,-2.09398,0
2.80265,-0.405088,-2.08399,0
2.80274,-0.396177,-2.08672,0
2.80282,-0.387068,-2.08843,0
2.80291,-0.376884,-2.0842,0
2.803,-0.365703,-2.07401,0
2.80309,-0.358852,-2.08839,0
2.80317,-0.348085,-2.08008,0
2.80326,-0.339167,-2.08256,0
2.80335,-0.32992,-2.08303,0
2.80344,-0.319611,-2.07655,0
2.80352,-0.310991,-2.08089,0
2.80361,-0.299469,-2.0654,0
2.8037,-0.292403,-2.08055,0
2.80378,-0.282648,-2.07685,0
2.80387,-0.273713,-2.07906,0
2.80396,-0.263882,-2.07428,0
2.80405,-0.255316,-2.07938,0
2.80413,-0.246006,-2.07849,0
2.80422,-0.238066,-2.08948,0
2.80431,-0.227532,-2.07758,0
2.8044,-0.218883,-2.08253,0
2.80448,-0.208892,-2.07451,0
2.80457,-0.199838,-2.0754,0
2.80466,-0.19014,-2.06928,0
2.80474,-0.182766,-2.08902,0
2.80483,-0.172324,-2.07385,0
2.80492,-0.163038,-2.07159,0
2.80501,-0.154146,-2.07428,0
2.80509,-0.144535,-2.06695,0
2.80518,-0.1363,-2.07954,0
2.80527,-0.127347,-2.08211,0
2.80535,-0.118204,-2.08165,0
2.80544,-0.108754,-2.07515,0
2.80553,-0.0999864,-2.0816,0
2.80562,-0.0906411,-2.07602,0
2.8057,-0.0818175,-2.08239,0
2.80579,-0.0723467,-2.07174,0
2.80588,-0.0635507,-2.08003,0
2.80597,-0.0542648,-2.07229,0
2.80605,-0.045375,-2.0795,0
2.80614,-0.0361614,-2.07168,0
2.80623,-0.0270955,-2.06982,0
2.80631,-0.0181076,-2.07492,0
2.8064,-0.00901898,-2.06698,0
2.80649,-2.50204e-08,-2.077,0
2.80658,0.0090233,-2.06798,0
2.80666,0.0180552,-2.06892,0
2.80675,0.0270562,-2.06682,0
2.80684,0.0360741,-2.06669,0
2.80693,0.045135,-2.06851,0
2.80701,0.0544742,-2.08029,0
2.8071,0.0633368,-2.07303,0
2.80719,0.072556,-2.07773,0
2.80727,0.0814248,-2.0724,0
2.80736,0.0906411,-2.07602,0
2.80745,0.0993627,-2.06862,0
2.80754,0.108597,-2.07216,0
2.80762,0.117297,-2.06567,0
2.80771,0.126798,-2.07313,0
2.8078,0.135646,-2.06956,0
2.80789,0.144605,-2.06795,0
2.80797,0.153627,-2.0673,0
2.80806,0.162567,-2.06561,0
2.80815,0.172158,-2.07186,0
2.80823,0.180674,-2.06511,0
2.80832,0.190049,-2.06829,0
2.80841,0.198305,-2.05947,0
2.8085,0.209092,-2.0765,0
2.80858,0.217733,-2.07159,0
2.80867,0.226552,-2.06863,0
2.80876,0.235915,-2.0706,0
2.80885,0.244478,-2.06558,0
2.80893,0.254585,-2.07343,0
2.80902,0.262494,-2.06337,0
2.80911,0.272539,-2.07014,0
2.80919,0.280625,-2.06199,0
2.80928,0.290315,-2.0657,0
2.80937,0.299039,-2.06243,0
2.80946,0.308478,-2.06408,0
2.80954,0.317938,-2.06568,0
2.80963,0.327261,-2.06624,0
2.80972,0.336273,-2.0648,0
2.80981,0.344124,-2.05641,0
2.80989,0.354448,-2.06277,0
2.80998,0.36223,-2.05431,0
2.81007,0.37297,-2.06255,0
2.81015,0.384152,-2.0727,0
2.81024,0.392633,-2.06806,0
2.81033,0.40089,-2.0624,0
2.81042,0.411641,-2.06946,0
2.8105,0.419071,-2.0598,0
2.81059,0.430295,-2.06872,0
2.81068,0.438902,-2.06487,0
2.81077,0.448119,-2.06391,0
2.81085,0.456688,-2.05998,0
2.81094,0.467437,-2.06578,0
2.81103,0.476671,-2.06469,0
2.81111,0.487051,-2.06843,0
2.8112,0.49397,-2.05753,0
2.81129,0.505082,-2.0641,0
2.81138,0.511907,-2.05315,0
2.81146,0.523322,-2.06058,0
2.81155,0.532809,-2.06022,0
2.81164,0.546885,-2.07721,0
2.81173,0.554132,-2.06805,0
2.81181,0.561309,-2.05886,0
2.8119,0.572157,-2.06313,0
2.81199,0.582511,-2.06543,0
2.81207,0.590966,-2.06095,0
2.81216,0.599674,-2.05739,0
2.81225,0.607225,-2.04996,0
2.81234,0.622216,-2.0674,0
2.81242,0.630061,-2.06084,0
2.81251,0.641123,-2.06475,0
2.8126,0.648923,-2.05812,0
2.81269,0.662165,-2.0686,0
2.81277,0.669331,-2.05999,0
2.81286,0.678626,-2.058,0
2.81295,0.687916,-2.05597,0
2.81303,0.696238,-2.05105,0
2.81312,0.706808,-2.05272,0
2.81321,0.718726,-2.05811,0
2.8133,0.729034,-2.05873,0
2.81338,0.737672,-2.05459,0
2.81347,0.749708,-2.05981,0
2.81356,0.757304,-2.05276,0
2.81365,0.769756,-2.05881,0
2.81373,0.778023,-2.05356,0
2.81382,0.791276,-2.06135,0
2.81391,0.799901,-2.05694,0
2.81399,0.811434,-2.05994,0
2.81408,0.818191,-2.05081,0
2.81417,0.829379,-2.05279,0
2.81426,0.842872,-2.06025,0
2.81434,0.849557,-2.05101,0
2.81443,0.861979,-2.05559,0
2.81452,0.872112,-2.05457,0
2.81461,0.881068,-2.05074,0
2.81469,0.892002,-2.05146,0
2.81478,0.906986,-2.06128,0
2.81487,0.918818,-2.0637,0
2.81495,0.927403,-2.05876,0
2.81504,0.938451,-2.05924,0
2.81513,0.947008,-2.05422,0
2.81522,0.961034,-2.06094,0
2.8153,0.968738,-2.05402,0
2.81539,0.978552,-2.05158,0
2.81548,0.987494,-2.04729,0
2.81557,1.00694,-2.06453,0
2.81565,1.0124,-2.05294,0
2.81574,1.02313,-2.05208,0
2.81583,1.03478,-2.05296,0
2.81591,1.04781,-2.05644,0
2.816,1.05494,-2.0483,0
2.81609,1.06756,-2.05077,0
2.81618,1.0765,-2.04609,0
2.81626,1.09105,-2.05197,0
2.81635,1.10378,-2.05424,0
2.81644,1.11369,-2.05116,0
2.81653,1.12792,-2.05592,0
2.81661,1.13688,-2.05098,0
2.8167,1.14875,-2.05124,0
2.81679,1.15473,-2.04098,0
2.81687,1.17206,-2.05069,0
2.81696,1.184,-2.05075,0
2.81705,1.19697,-2.05247,0
2.81714,1.20591,-2.04723,0
2.81722,1.22199,-2.05398,0
2.81731,1.22785,-2.04349,0
2.8174,1.24557,-2.05264,0
2.81749,1.25556,-2.04889,0
2.81757,1.26765,-2.0485,0
2.81766,1.27923,-2.04719,0
2.81775,1.29028,-2.04497,0
2.81783,1.30671,-2.05113,0
2.81792,1.32106,-2.05382,0
2.81801,1.33219,-2.05139,0
2.8181,1.34277,-2.04806,0
2.81818,1.35445,-2.04636,0
2.81827,1.3667,-2.04542,0
2.81836,1.38009,-2.04606,0
2.81844,1.3935,-2.04664,0
2.81853,1.40865,-2.0496,0
2.81862,1.42271,-2.05083,0
2.81871,1.42935,-2.04133,0
2.81879,1.44921,-2.05059,0
2.81888,1.45931,-2.04587,0
2.81897,1.48049,-2.05653,0
2.81906,1.48475,-2.04358,0
2.81914,1.50252,-2.04918,0
2.81923,1.51501,-2.04742,0
2.81932,1.52333,-2.03999,0
2.8194,1.53824,-2.04131,0
2.81949,1.55439,-2.04413,0
2.81958,1.56695,-2.04209,0
2.81967,1.58442,-2.0463,0
2.81975,1.59703,-2.0441,0
2.81984,1.61645,-2.05046,0
2.81993,1.63037,-2.04965,0
2.82002,1.63867,-2.04174,0
2.8201,1.6526,-2.04079,0
2.82019,1.66908,-2.04285,0
2.82028,1.68688,-2.04635,0
2.82036,1.69899,-2.04281,0
2.82045,1.71753,-2.04687,0
2.82054,1.72515,-2.03783,0
2.82063,1.74766,-2.04625,0
2.82071,1.75919,-2.04164,0
2.8208,1.77923,-2.04677,0
2.82089,1.78946,-2.04049,0
2.82098,1.8063,-2.04165,0
2.82106,1.82052,-2.03972,0
2.82115,1.83877,-2.04216,0
2.82124,1.84968,-2.03634,0
2.82132,1.87206,-2.043,0
2.82141,1.88978,-2.04435,0
2.8215,1.90209,-2.03975,0
2.82159,1.91509,-2.0358,0
2.82167,1.93359,-2.03758,0
2.82176,1.95629,-2.04357,0
2.82185,1.97214,-2.04221,0
2.82194,1.99359,-2.04647,0
2.82202,2.0046,-2.0399,0
2.82211,2.02052,-2.03823,0
2.8222,2.02586,-2.02586,0
2.82228,2.03397,-2.0163,0
2.82237,2.02848,-1.99339,0
2.82246,2.03286,-1.98033,0
2.82255,2.02638,-1.95685,0
2.82263,2.02912,-1.94246,0
2.82272,2.0296,-1.92602,0
2.82281,2.02196,-1.90207,0
2.8229,2.02512,-1.88845,0
2.82298,2.02086,-1.86806,0
2.82307,2.02604,-1.85652,0
2.82316,2.01561,-1.83085,0
2.82324,2.02061,-1.81937,0
2.82333,2.02704,-1.8092,0
2.82342,2.02518,-1.79172,0
2.82351,2.02245,-1.77364,0
2.82359,2.0264,-1.76152,0
2.82368,2.0174,-1.7383,0
2.82377,2.02268,-1.72753,0
2.82386,2.02028,-1.71029,0
2.82394,2.02312,-1.6976,0
2.82403,2.01667,-1.67725,0
2.82412,2.01548,-1.66144,0
2.8242,2.01652,-1.64756,0
2.82429,2.02058,-1.63623,0
2.82438,2.0199,-1.62114,0
2.82447,2.0113,-1.59986,0
2.82455,2.01748,-1.59045,0
2.82464,2.01179,-1.57178,0
2.82473,2.00756,-1.55442,0
2.82482,2.01194,-1.54382,0
2.8249,2.01548,-1.5326,0
2.82499,2.01256,-1.51657,0
2.82508,2.01435,-1.50419,0
2.82516,2.00803,-1.48587,0
2.82525,2.02579,-1.48537,0
2.82534,2.02173,-1.46888,0
2.82543,2.0192,-1.45361,0
2.82551,2.01249,-1.4355,0
2.8256,2.02527,-1.43132,0
2.82569,2.02167,-1.41559,0
2.82578,2.02782,-1.40675,0
2.82586,2.01746,-1.38656,0
2.82595,2.01688,-1.37324,0
2.82604,2.01042,-1.35604,0
2.82612,2.01465,-1.34615,0
2.82621,2.00133,-1.32465,0
2.8263,2.00458,-1.31426,0
2.82639,2.00526,-1.30223,0
2.82647,2.01345,-1.29509,0
2.82656,2.00221,-1.27555,0
2.82665,2.00607,-1.26573,0
2.82674,2.00648,-1.25379,0
2.82682,2.01023,-1.24397,0
2.82691,2.00626,-1.22944,0
2.827,2.00477,-1.21652,0
2.82708,2.00491,-1.20467,0
2.82717,2.005,-1.19285,0
2.82726,2.00501,-1.18104,0
2.82735,2.00151,-1.16724,0
2.82743,2.00485,-1.1575,0
2.82752,1.99946,-1.14279,0
2.82761,2.00704,-1.13553,0
2.8277,2.00238,-1.12139,0
2.82778,2.00288,-1.11021,0
2.82787,1.99543,-1.09473,0
2.82796,2.0037,-1.08792,0
2.82804,1.99962,-1.07444,0
2.82813,1.99899,-1.06288,0
2.82822,2.00007,-1.05229,0
2.82831,2.0011,-1.0417,0
2.82839,2.00829,-1.03434,0
2.82848,1.99764,-1.01785,0
2.82857,2.00742,-1.01182,0
2.82866,1.99212,-0.993236,0
2.82874,1.99734,-0.984977,0
2.82883,1.99622,-0.973622,0
2.82892,2.00135,-0.965337,0
2.829,2.00284,-0.955304,0
2.82909,2.00427,-0.945276,0
2.82918,1.9975,-0.931451,0
2.82927,1.99882,-0.92147,0
2.82935,1.99555,-0.909422,0
2.82944,1.99585,-0.899064,0
2.82953,2.00706,-0.8936,0
2.82962,1.99538,-0.877988,0
2.8297,2.00286,-0.870868,0
2.82979,1.9901,-0.855015,0
2.82988,1.99842,-0.848277,0
2.82996,1.99657,-0.837229,0
2.83005,1.99835,-0.827744,0
2.83014,1.99732,-0.817124,0
2.83023,1.99994,-0.808026,0
2.83031,1.98858,-0.793364,0
2.8304,1.99295,-0.785046,0
2.83049,1.99263,-0.774893,0
2.83057,1.99133,-0.764399,0
2.83066,1.99464,-0.755703,0
2.83075,1.99792,-0.746992,0
2.83084,1.99084,-0.73446,0
2.83092,1.98651,-0.723031,0
2.83101,1.98306,-0.711991,0
2.8311,1.99746,-0.707337,0
2.83119,1.99392,-0.696307,0
2.83127,1.99788,-0.687926,0
2.83136,1.98855,-0.675023,0
2.83145,1.99338,-0.666974,0
2.83153,1.99057,-0.656391,0
2.83162,2.00197,-0.650481,0
2.83171,1.99527,-0.638691,0
2.8318,1.99708,-0.629678,0
2.83188,1.9874,-0.617103,0
2.83197,1.99294,-0.609303,0
2.83206,1.98888,-0.598584,0
2.83215,1.98859,-0.589048,0
2.83223,1.98826,-0.579526,0
2.83232,1.98501,-0.569191,0
2.83241,1.98747,-0.560525,0
2.83249,1.98604,-0.550778,0
2.83258,1.98843,-0.542107,0
2.83267,1.98788,-0.53265,0
2.83276,1.98631,-0.522952,0
2.83284,1.99245,-0.515282,0
2.83293,1.98789,-0.50486,0
2.83302,1.98037,-0.493763,0
2.83311,1.99319,-0.487732,0
2.83319,1.99141,-0.478096,0
2.83328,1.99932,-0.470778,0
2.83337,1.98674,-0.458675,0
2.83345,1.98872,-0.450002,0
2.83354,1.98871,-0.440888,0
2.83363,1.98867,-0.431782,0
2.83372,1.97977,-0.420813,0
2.8338,1.98648,-0.413189,0
2.83389,1.99219,-0.405315,0
2.83398,1.98217,-0.394278,0
2.83407,1.98485,-0.385816,0
2.83415,1.99044,-0.377898,0
2.83424,1.98814,-0.36848,0
2.83433,1.98875,-0.359624,0
2.83441,1.99128,-0.351117,0
2.8345,1.979,-0.340054,0
2.83459,1.98342,-0.331911,0
2.83468,1.98584,-0.323414,0
2.83476,1.99316,-0.315685,0
2.83485,1.98661,-0.305768,0
2.83494,1.98693,-0.296949,0
2.83503,1.98326,-0.287559,0
2.83511,1.99341,-0.280156,0
2.8352,1.9956,-0.27159,0
2.83529,2.00371,-0.263793,0
2.83537,1.985,-0.252524,0
2.83546,1.9841,-0.243617,0
2.83555,1.98514,-0.234957,0
2.83564,1.97224,-0.224708,0
2.83572,1.97519,-0.216319,0
2.83581,1.97611,-0.207698,0
2.8359,1.98795,-0.200176,0
2.83599,1.98183,-0.190829,0
2.83607,1.98265,-0.18218,0
2.83616,1.97844,-0.173091,0
2.83625,1.98317,-0.164788,0
2.83633,1.98087,-0.155898,0
2.83642,1.98353,-0.147402,0
2.83651,1.98515,-0.138815,0
2.8366,1.97476,-0.129433,0
2.83668,1.98828,-0.121609,0
2.83677,1.98181,-0.112535,0
2.83686,1.98727,-0.104149,0
2.83695,1.98172,-0.0951887,0
2.83703,1.97612,-0.0862792,0
2.83712,1.95649,-0.0768708,0
2.83721,1.91683,-0.0669373,0
2.83729,1.73519,-0.0530149,0
2.83738,1.70042,-0.044527,0
2.83747,1.6916,-0.0369108,0
2.83756,1.69274,-0.029547,0
2.83764,1.69086,-0.0221345,0
2.83773,1.69394,-0.0147828,0
2.83782,1.69798,-0.00740894,0
2.83791,1.685,-4.08012e-08,0
2.83799,1.68398,0.00734777,0
2.83808,1.68894,0.0147391,0
2.83817,1.68386,0.0220428,0
2.83825,1.69474,0.0295818,0
2.83834,1.6846,0.036758,0
2.83843,1.68642,0.0441605,0
2.83852,1.67822,0.0512741,0
2.8386,1.67898,0.0586311,0
2.83869,1.66671,0.0654853,0
2.83878,1.6744,0.0731061,0
2.83887,1.68905,0.081131,0
2.83895,1.72863,0.0905935,0
2.83904,1.88696,0.107149,0
2.83913,1.96832,0.120388,0
2.83921,1.97975,0.12976,0
2.8393,1.98016,0.138467,0
2.83939,1.97256,0.146587,0
2.83948,1.97888,0.155741,0
2.83956,1.97719,0.164291,0
2.83965,1.97944,0.173178,0
2.83974,1.97866,0.181814,0
2.83983,1.98283,0.190925,0
2.83991,1.97203,0.198573,0
2.84,1.97611,0.207698,0
2.84009,1.98414,0.217298,0
2.84017,1.97721,0.225274,0
2.84026,1.97919,0.234252,0
2.84035,1.98013,0.243129,0
2.84044,1.98203,0.252145,0
2.84052,1.97793,0.2604,0
2.84061,1.98371,0.269972,0
2.8407,1.97757,0.277929,0
2.84079,1.98722,0.288133,0
2.84087,1.98397,0.296506,0
2.84096,1.98759,0.30592,0
2.84105,1.97636,0.313025,0
2.84113,1.97991,0.32245,0
2.84122,1.98638,0.332406,0
2.84131,1.98195,0.340562,0
2.8414,1.97848,0.348859,0
2.84148,1.973,0.356777,0
2.84157,1.98617,0.368116,0
2.84166,1.97571,0.3751,0
2.84175,1.97896,0.384671,0
2.84183,1.97922,0.393692,0
2.84192,1.97847,0.402524,0
2.84201,1.97963,0.411764,0
2.84209,1.98466,0.421853,0
2.84218,1.97401,0.428599,0
2.84227,1.97602,0.438074,0
2.84236,1.97312,0.446471,0
2.84244,1.977,0.456426,0
2.84253,1.97012,0.463902,0
2.84262,1.97294,0.473661,0
2.84271,1.97571,0.483453,0
2.84279,1.97164,0.491585,0
2.84288,1.97432,0.501414,0
2.84297,1.97115,0.509774,0
2.84305,1.97761,0.520661,0
2.84314,1.96856,0.527473,0
2.84323,1.97395,0.538162,0
2.84332,1.96581,0.545166,0
2.8434,1.97111,0.55591,0
2.84349,1.97443,0.566159,0
2.84358,1.97002,0.574209,0
2.84366,1.97037,0.583651,0
2.84375,1.97068,0.593108,0
2.84384,1.97668,0.604332,0
2.84393,1.97021,0.611765,0
2.84401,1.9761,0.623062,0
2.8441,1.9686,0.630154,0
2.84419,1.96774,0.639356,0
2.84428,1.96968,0.649502,0
2.84436,1.97441,0.660628,0
2.84445,1.9734,0.66988,0
2.84454,1.97141,0.67881,0
2.84462,1.97031,0.688064,0
2.84471,1.96541,0.695987,0
2.8448,1.96706,0.706246,0
2.84489,1.95832,0.71277,0
2.84497,1.9702,0.726846,0
2.84506,1.9642,0.734385,0
2.84515,1.97314,0.747554,0
2.84524,1.97172,0.756873,0
2.84532,1.9712,0.766556,0
2.84541,1.97249,0.776982,0
2.8455,1.96908,0.785582,0
2.84558,1.97305,0.797163,0
2.84567,1.964,0.803492,0
2.84576,1.97618,0.81856,0
2.84585,1.96521,0.824081,0
2.84593,1.96804,0.835383,0
2.84602,1.96621,0.844752,0
2.84611,1.9726,0.857709,0
2.8462,1.96792,0.865905,0
2.84628,1.97326,0.878551,0
2.84637,1.96667,0.885921,0
2.84646,1.96734,0.896567,0
2.84654,1.96341,0.905142,0
2.84663,1.97575,0.921308,0
2.84672,1.969,0.92864,0
2.84681,1.97305,0.941097,0
2.84689,1.97883,0.954476,0
2.84698,1.97016,0.960909,0
2.84707,1.97222,0.972593,0
2.84716,1.97244,0.98342,0
2.84724,1.96902,0.992467,0
2.84733,1.97536,1.0065,0
2.84742,1.97006,1.01465,0
2.8475,1.96384,1.02231,0
2.84759,1.96467,1.03366,0
2.84768,1.97604,1.05068,0
2.84777,1.96615,1.05645,0
2.84785,1.96416,1.06645,0
2.84794,1.96299,1.07693,0
2.84803,1.95915,1.08597,0
2.84812,1.96399,1.09989,0
2.8482,1.96352,1.11091,0
2.84829,1.96387,1.12244,0
2.84838,1.97021,1.1375,0
2.84846,1.96177,1.14407,0
2.84855,1.96538,1.15769,0
2.84864,1.96804,1.17086,0
2.84873,1.96463,1.18047,0
2.84881,1.96373,1.19162,0
2.8489,1.95766,1.19966,0
2.84899,1.96261,1.2145,0
2.84908,1.95645,1.22252,0
2.84916,1.96378,1.23905,0
2.84925,1.95498,1.24546,0
2.84934,1.96299,1.26263,0
2.84942,1.95913,1.27228,0
2.84951,1.96862,1.29068,0
2.8496,1.9588,1.2965,0
2.84969,1.96393,1.31226,0
2.84977,1.9615,1.32305,0
2.84986,1.95984,1.33441,0
2.84995,1.95977,1.34691,0
2.85004,1.96456,1.36286,0
2.85012,1.95859,1.37142,0
2.85021,1.96402,1.38803,0
2.8503,1.96202,1.39949,0
2.85038,1.9632,1.4133,0
2.85047,1.95539,1.42068,0
2.85056,1.96208,1.43866,0
2.85065,1.96061,1.45077,0
2.85073,1.96708,1.46889,0
2.85082,1.96305,1.47926,0
2.85091,1.96931,1.4975,0
2.851,1.95958,1.50364,0
2.85108,1.95617,1.51463,0
2.85117,1.95269,1.52561,0
2.85126,1.96408,1.54835,0
2.85134,1.97139,1.56811,0
2.85143,1.96063,1.57357,0
2.85152,1.95841,1.58589,0
2.85161,1.95999,1.60138,0
2.85169,1.96533,1.62009,0
2.85178,1.95593,1.62673,0
2.85187,1.95724,1.64232,0
2.85196,1.95616,1.65602,0
2.85204,1.96489,1.67817,0
2.85213,1.95755,1.68673,0
2.85222,1.95847,1.70247,0
2.8523,1.95779,1.71694,0
2.85239,1.96226,1.73606,0
2.85248,1.95915,1.74861,0
2.85257,1.96413,1.76851,0
2.85265,1.9638,1.78379,0
2.85274,1.95673,1.79302,0
2.85283,1.9577,1.80968,0
2.85292,1.9593,1.82707,0
2.853,1.9615,1.8452,0
2.85309,1.95633,1.85649,0
2.85318,1.96194,1.87815,0
2.85326,1.95876,1.89155,0
2.85335,1.96052,1.90985,0
2.85344,1.95431,1.92049,0
2.85353,1.96295,1.9459,0
2.85361,1.95939,1.95939,0
2.8537,1.95998,1.97716,0
2.85379,1.96535,1.99995,0
2.85388,1.96568,2.01782,0
2.85396,1.9638,2.03357,0
2.85405,1.96251,2.05007,0
2.85414,1.96456,2.07022,0
2.85422,1.96442,2.08824,0
2.85431,1.96279,2.10484,0
2.8544,1.96173,2.12219,0
2.85449,1.95651,2.13515,0
2.85457,1.95726,2.15477,0
2.85466,1.95052,2.16627,0
2.85475,1.93439,2.1673,0
2.85484,1.91762,2.16748,0
2.85492,1.89364,2.15928,0
2.85501,1.88027,2.163,0
2.8551,1.86298,2.16209,0
2.85518,1.84313,2.15803,0
2.85527,1.82595,2.15689,0
2.85536,1.81073,2.15795,0
2.85545,1.78723,2.14891,0
2.85553,1.77847,2.15746,0
2.85562,1.76462,2.15978,0
2.85571,1.74636,2.15658,0
2.8558,1.72755,2.15248,0
2.85588,1.71254,2.15295,0
2.85597,1.69817,2.15412,0
2.85606,1.68383,2.15521,0
2.85614,1.66952,2.15621,0
2.85623,1.65096,2.15157,0
2.85632,1.63793,2.15398,0
2.85641,1.61948,2.14913,0
2.85649,1.61069,2.15698,0
2.85658,1.59294,2.15273,0
2.85667,1.5788,2.15321,0
2.85675,1.56175,2.14956,0
2.85684,1.55118,2.15473,0
2.85693,1.5348,2.15171,0
2.85702,1.52078,2.15185,0
2.8571,1.50334,2.147,0
2.85719,1.49453,2.15436,0
2.85728,1.47322,2.14355,0
2.85737,1.46329,2.14913,0
2.85745,1.44551,2.14306,0
2.85754,1.42948,2.13937,0
2.85763,1.42345,2.15059,0
2.85771,1.40966,2.15009,0
2.8578,1.39809,2.15287,0
2.85789,1.37948,2.14465,0
2.85798,1.36689,2.14559,0
2.85806,1.34951,2.13885,0
2.85815,1.3301,2.1286,0
2.85824,1.09558,1.77043,0
2.85833,1.16151,1.89542,0
2.85841,1.10239,1.81669,0
2.8585,1.08467,1.80519,0
2.85859,1.06553,1.791,0
2.85867,1.06532,1.80856,0
2.85876,1.05843,1.81492,0
2.85885,1.057,1.83078,0
2.85894,1.06339,1.86055,0
2.85902,1.06117,1.87562,0
2.85911,1.05835,1.88983,0
2.8592,1.05398,1.90142,0
2.85929,1.06154,1.93494,0
2.85937,1.0612,1.95449,0
2.85946,1.06308,1.97848,0
2.85955,1.05537,1.98487,0
2.85963,1.04624,1.98857,0
2.85972,0.939659,1.80507,0
2.85981,0.912543,1.77181,0
2.8599,0.903441,1.7731,0
2.85998,0.894796,1.77524,0
2.86007,0.88838,1.78181,0
2.86016,0.878385,1.78119,0
2.86025,0.868413,1.78051,0
2.86033,0.859333,1.78158,0
2.86042,0.85069,1.78351,0
2.86051,0.838634,1.77816,0
2.86059,0.836784,1.79449,0
2.86068,0.819736,1.77814,0
2.86077,0.814458,1.78716,0
2.86086,0.803366,1.78341,0
2.86094,0.778901,1.74944,0
2.86103,0.76683,1.74275,0
2.86112,0.757623,1.74241,0
2.86121,0.744487,1.73284,0
2.86129,0.731058,1.72226,0
2.86138,0.720829,1.71898,0
2.86147,0.716383,1.7295,0
2.86155,0.717539,1.7539,0
2.86164,0.714749,1.76907,0
2.86173,0.712211,1.78517,0
2.86182,0.733369,1.86177,0
2.8619,0.738286,1.8985,0
2.86199,0.743614,1.93718,0
2.86208,0.742948,1.96098,0
2.86217,0.745592,1.99418,0
2.86225,0.739998,2.00585,0
2.86234,0.742184,2.03913,0
2.86243,0.738686,2.05741,0
2.86251,0.738715,2.08607,0
2.8626,0.733891,2.10154,0
2.86269,0.732528,2.12742,0
2.86278,0.721953,2.12681,0
2.86286,0.712666,2.12994,0
2.86295,0.698042,2.11688,0
2.86304,0.688181,2.118,0
2.86313,0.677409,2.11622,0
2.86321,0.66907,2.12202,0
2.8633,0.65506,2.10964,0
2.86339,0.648773,2.12204,0
2.86347,0.638643,2.12198,0
2.86356,0.629094,2.12379,0
2.86365,0.616743,2.11595,0
2.86374,0.609159,2.12439,0
2.86382,0.597169,2.1174,0
2.86391,0.586588,2.11517,0
2.864,0.573408,2.10324,0
2.86409,0.560861,2.09316,0
2.86417,0.514041,1.95247,0
2.86426,0.492498,1.90435,0
2.86435,0.480984,1.89388,0
2.86443,0.475619,1.9076,0
2.86452,0.465151,1.90092,0
2.86461,0.451483,1.88056,0
2.8647,0.440982,1.87278,0
2.86478,0.430556,1.86494,0
2.86487,0.421091,1.86095,0
2.86496,0.413183,1.86375,0
2.86505,0.401016,1.84697,0
2.86513,0.386508,1.81838,0
2.86522,0.375515,1.80536,0
2.86531,0.369229,1.81482,0
2.86539,0.369501,1.85761,0
2.86548,0.376848,1.93871,0
2.86557,0.367452,1.93543,0
2.86566,0.372672,2.01076,0
2.86574,0.380265,2.1029,0
2.86583,0.373344,2.11734,0
2.86592,0.362916,2.11205,0
2.86601,0.353202,2.11065,0
2.86609,0.344954,2.11809,0
2.86618,0.335396,2.1176,0
2.86627,0.325392,2.11411,0
2.86635,0.316164,2.1155,0
2.86644,0.307505,2.12082,0
2.86653,0.297135,2.11422,0
2.86662,0.28912,2.12442,0
2.8667,0.278804,2.11773,0
2.86679,0.269561,2.11892,0
2.86688,0.259338,2.11214,0
2.86697,0.251295,2.12318,0
2.86705,0.240897,2.11432,0
2.86714,0.232104,2.11933,0
2.86723,0.222019,2.11236,0
2.86731,0.212499,2.11033,0
2.8674,0.203576,2.11422,0
2.86749,0.194167,2.1131,0
2.86758,0.18477,2.11193,0
2.86766,0.175388,2.11073,0
2.86775,0.166098,2.11047,0
2.86784,0.157036,2.11317,0
2.86793,0.148233,2.11982,0
2.86801,0.138393,2.11147,0
2.8681,0.129362,2.11505,0
2.86819,0.119849,2.1106,0
2.86827,0.111005,2.11809,0
2.86836,0.10109,2.10457,0
2.86845,0.0915572,2.097,0
2.86854,0.0807968,2.05641,0
2.86862,0.0690313,1.9768,0
2.86871,0.0585729,1.91711,0
2.8688,0.0494483,1.88835,0
2.86888,0.0410339,1.88055,0
2.86897,0.0326884,1.87271,0
2.86906,0.0243729,1.86184,0
2.86915,0.0163536,1.87393,0
2.86923,0.00817691,1.87398,0
2.86932,6.79258e-08,1.867,0
2.86941,-0.00817241,1.87298,0
2.8695,-0.0164233,1.88193,0
2.86958,-0.0247916,1.89384,0
2.86967,-0.0328977,1.88471,0
2.86976,-0.0412082,1.88855,0
2.86984,-0.0494744,1.88935,0
2.86993,-0.0576261,1.88612,0
2.87002,-0.0657157,1.88185,0
2.87011,-0.0742402,1.88954,0
2.87019,-0.0818735,1.87521,0
2.87028,-0.0901029,1.87584,0
2.87037,-0.0985485,1.88042,0
2.87046,-0.106582,1.87698,0
2.87054,-0.11355,1.85653,0
2.87063,-0.120407,1.83706,0
2.87072,-0.104565,1.49535,0
2.8708,-0.104122,1.40114,0
2.87089,-0.107018,1.3598,0
2.87098,-0.104752,1.26066,0
2.87107,-0.106243,1.21436,0
2.87115,-0.109802,1.19497,0
2.87124,-0.113769,1.18154,0
2.87133,-0.0701316,0.696478,0
2.87142,-0.0954344,0.907999,0
2.8715,-0.0723964,0.661048,0
2.87159,-0.0632806,0.555407,0
2.87168,-0.0646456,0.546188,0
2.87176,-0.0669063,0.544908,0
2.87185,-0.068526,0.538659,0
2.87194,-0.0704841,0.53538,0
2.87203,-0.0730892,0.537049,0
2.87211,-0.0762668,0.542667,0
2.8722,-0.077773,0.536391,0
2.87229,-0.0799649,0.535058,0
2.87238,-0.0818424,0.531738,0
2.87246,-0.0868211,0.548167,0
2.87255,-0.0890514,0.546796,0
2.87264,-0.0922616,0.551334,0
2.87272,-0.0946664,0.550926,0
2.87281,-0.0965484,0.547553,0
2.8729,-0.100004,0.553031,0
2.87299,-0.103328,0.557505,0
2.87307,-0.104267,0.54919,0
2.87316,-0.106281,0.546766,0
2.87325,-0.109446,0.550221,0
2.87334,-0.11025,0.541898,0
2.87342,-0.113021,0.54337,0
2.87351,-0.116846,0.549719,0
2.8736,-0.11988,0.552136,0
2.87368,-0.122288,0.551607,0
2.87377,-0.124253,0.549118,0
2.87386,-0.128447,0.556365,0
2.87395,-0.130873,0.5558,0
2.87403,-0.133297,0.555223,0
2.87412,-0.136669,0.558522,0
2.87421,-0.140799,0.564712,0
2.8743,-0.141538,0.557308,0
2.87438,-0.145471,0.562494,0
2.87447,-0.147924,0.561854,0
2.87456,-0.150374,0.561203,0
2.87464,-0.153347,0.562471,0
2.87473,-0.156869,0.565651,0
2.87482,-0.157707,0.559186,0
2.87491,-0.162626,0.567144,0
2.87499,-0.1637,0.561629,0
2.87508,-0.166149,0.56091,0
2.87517,-0.172341,0.572628,0
2.87526,-0.173961,0.569001,0
2.87534,-0.173773,0.559642,0
2.87543,-0.182228,0.577953,0
2.87552,-0.180785,0.564771,0
2.8756,-0.184792,0.568732,0
2.87569,-0.188525,0.571719,0
2.87578,-0.188796,0.564253,0
2.87587,-0.195435,0.575733,0
2.87595,-0.195015,0.566366,0
2.87604,-0.2021,0.578727,0
2.87613,-0.201953,0.570298,0
2.87622,-0.206129,0.574117,0
2.8763,-0.212052,0.582609,0
2.87639,-0.212862,0.576988,0
2.87648,-0.215378,0.576053,0
2.87656,-0.21966,0.579784,0
2.87665,-0.224697,0.585355,0
2.87674,-0.219275,0.563865,0
2.87683,-0.229063,0.581511,0
2.87691,-0.226781,0.568431,0
2.877,-0.233755,0.578563,0
2.87709,-0.241578,0.590495,0
2.87718,-0.243769,0.588511,0
2.87726,-0.244015,0.581909,0
2.87735,-0.244207,0.575316,0
2.87744,-0.250268,0.582514,0
2.87752,-0.257193,0.591504,0
2.87761,-0.256952,0.583969,0
2.8777,-0.259905,0.583756,0
2.87779,-0.261217,0.579881,0
2.87787,-0.268307,0.588745,0
2.87796,-0.271291,0.588477,0
2.87805,-0.27766,0.595444,0
2.87814,-0.275563,0.584278,0
2.87822,-0.284568,0.596609,0
2.87831,-0.284562,0.589957,0
2.8784,-0.285818,0.586014,0
2.87848,-0.287045,0.58207,0
2.87857,-0.297614,0.596921,0
2.87866,-0.298865,0.592938,0
2.87875,-0.303266,0.595192,0
2.87883,-0.30357,0.589418,0
2.87892,-0.307063,0.589862,0
2.87901,-0.311962,0.592942,0
2.8791,-0.318771,0.599521,0
2.87918,-0.318071,0.591959,0
2.87927,-0.320174,0.589686,0
2.87936,-0.322262,0.587407,0
2.87944,-0.326277,0.588619,0
2.87953,-0.321024,0.57323,0
2.87962,-0.32303,0.570953,0
2.87971,-0.322541,0.564329,0
2.87979,-0.3225,0.558586,0
2.87988,-0.309317,0.530395,0
2.87997,-0.30097,0.510946,0
2.88006,-0.291948,0.490721,0
2.88014,-0.297692,0.495443,0
2.88023,-0.302964,0.499269,0
2.88032,-0.301482,0.491973,0
2.8804,-0.302573,0.488953,0
2.88049,-0.304174,0.48678,0
2.88058,-0.295089,0.467687,0
2.88067,-0.303037,0.475673,0
2.88075,-0.2997,0.465936,0
2.88084,-0.297918,0.458753,0
2.88093,-0.288951,0.440723,0
2.88102,-0.291423,0.440292,0
2.8811,-0.291674,0.436522,0
2.88119,-0.286307,0.424467,0
2.88128,-0.278026,0.408335,0
2.88136,-0.28207,0.410415,0
2.88145,-0.287848,0.414932,0
2.88154,-0.280479,0.400565,0
2.88163,-0.283378,0.400971,0
2.88171,-0.341453,0.4787,0
2.8818,-0.347044,0.482075,0
2.88189,-0.114618,0.157758,0
2.88197,-0.346507,0.472577,0
2.88206,-0.347376,0.469452,0
2.88215,-0.111288,0.149033,0
2.88224,-0.347247,0.460813,0
2.88232,-0.348649,0.458497,0
2.88241,-0.0657462,0.0856822,0
2.8825,-0.0691805,0.0893479,0
2.88259,-0.0720324,0.0921973,0
2.88267,-0.0699576,0.0887408,0
2.88276,-0.311257,0.391304,0
2.88285,-0.312336,0.389162,0
2.88293,-0.0673373,0.0831546,0
2.88302,-0.304331,0.372483,0
2.88311,-0.213086,0.258494,0
2.8832,-0.177764,0.213738,0
2.88328,-0.127915,0.152443,0
2.88337,-0.0911035,0.107616,0
2.88346,-0.0740371,0.0866863,0
2.88355,-0.0744146,0.0863624,0
2.88363,-0.0715104,0.0822633,0
2.88372,-0.0731874,0.0834542,0
2.88381,-0.0649368,0.0733977,0
2.88389,-0.0745787,0.0835584,0
2.88398,-0.0736044,0.0817459,0
2.88407,-0.0699261,0.0769827,0
2.88416,-0.0736393,0.0803632,0
2.88424,-0.0590557,0.0638861,0
2.88433,-0.0566059,0.0607024,0
2.88442,-0.0479628,0.050986,0
2.88451,-0.0674587,0.0710867,0
2.88459,-0.051172,0.0534549,0
2.88468,-0.0423742,0.0438797,0
2.88477,-0.030005,0.030801,0
2.88485,-0.0427555,0.0435083,0
2.88494,-0.0513931,0.0518435,0
2.88503,-0.0381838,0.0381838,0
