7200
6620
5.77704
5.79283,-0.0330887,-0.0333787,0
5.79292,-0.0644837,-0.065619,0
5.79301,-0.161887,-0.166182,0
5.7931,-0.175054,-0.181274,0
5.79318,-0.132771,-0.138694,0
5.79327,-0.155568,-0.163935,0
5.79336,-0.202814,-0.215598,0
5.79345,-0.219603,-0.235496,0
5.79353,-0.175131,-0.189455,0
5.79362,-0.156061,-0.170311,0
5.79371,-0.16204,-0.178393,0
5.79379,-0.204085,-0.226659,0
5.79388,-0.125852,-0.141005,0
5.79397,-0.291553,-0.329541,0
5.79406,-0.354728,-0.40449,0
5.79414,-0.302443,-0.347921,0
5.79423,-0.304186,-0.353025,0
5.79432,-0.300694,-0.352068,0
5.79441,-0.302386,-0.357193,0
5.79449,-0.309181,-0.368467,0
5.79458,-0.303734,-0.3652,0
5.79467,-0.301501,-0.36575,0
5.79475,-0.311291,-0.381001,0
5.79484,-0.297669,-0.36759,0
5.79493,-0.302321,-0.376684,0
5.79502,-0.3069,-0.385826,0
5.7951,-0.315738,-0.400512,0
5.79519,-0.31645,-0.405038,0
5.79528,-0.306721,-0.396135,0
5.79537,-0.306816,-0.39985,0
5.79545,-0.303858,-0.399593,0
5.79554,-0.305722,-0.405707,0
5.79563,-0.31053,-0.415851,0
5.79571,-0.311092,-0.420417,0
5.7958,-0.311029,-0.42419,0
5.79589,-0.312702,-0.430397,0
5.79598,-0.303226,-0.421207,0
5.79606,-0.31358,-0.439622,0
5.79615,-0.313967,-0.444253,0
5.79624,-0.316041,-0.451353,0
5.79633,-0.309508,-0.446154,0
5.79641,-0.309258,-0.449973,0
5.7965,-0.306166,-0.449665,0
5.79659,-0.317062,-0.470064,0
5.79667,-0.315008,-0.471443,0
5.79676,-0.3135,-0.473647,0
5.79685,-0.308689,-0.470829,0
5.79694,-0.306087,-0.471333,0
5.79702,-0.2997,-0.465936,0
5.79711,-0.298739,-0.468926,0
5.7972,-0.305228,-0.483756,0
5.79729,-0.304704,-0.487628,0
5.79737,-0.310466,-0.501708,0
5.79746,-0.311932,-0.509026,0
5.79755,-0.313339,-0.516367,0
5.79763,-0.307478,-0.511729,0
5.79772,-0.306265,-0.514784,0
5.79781,-0.304015,-0.516116,0
5.7979,-0.309317,-0.530395,0
5.79798,-0.311,-0.538668,0
5.79807,-0.312616,-0.546965,0
5.79816,-0.307765,-0.543972,0
5.79825,-0.307831,-0.549672,0
5.79833,-0.308824,-0.557133,0
5.79842,-0.300618,-0.547954,0
5.79851,-0.298701,-0.550139,0
5.79859,-0.288252,-0.536462,0
5.79868,-0.29342,-0.551842,0
5.79877,-0.285887,-0.543382,0
5.79886,-0.285822,-0.54906,0
5.79894,-0.279761,-0.543189,0
5.79903,-0.28102,-0.551533,0
5.79912,-0.27591,-0.547396,0
5.79921,-0.274412,-0.550385,0
5.79929,-0.264489,-0.53633,0
5.79938,-0.263461,-0.540175,0
5.79947,-0.266749,-0.553029,0
5.79955,-0.260029,-0.545161,0
5.79964,-0.257221,-0.545386,0
5.79973,-0.254839,-0.546504,0
5.79982,-0.251615,-0.545794,0
5.7999,-0.250475,-0.549617,0
5.79999,-0.248074,-0.550704,0
5.80008,-0.241602,-0.542646,0
5.80017,-0.239634,-0.54461,0
5.80025,-0.235262,-0.541065,0
5.80034,-0.236452,-0.550356,0
5.80043,-0.228578,-0.538495,0
5.80051,-0.22932,-0.546865,0
5.8006,-0.230375,-0.556175,0
5.80069,-0.221888,-0.542367,0
5.80078,-0.224389,-0.555383,0
5.80086,-0.222705,-0.558215,0
5.80095,-0.216602,-0.549877,0
5.80104,-0.213838,-0.549885,0
5.80113,-0.207137,-0.539609,0
5.80121,-0.208677,-0.550795,0
5.8013,-0.204171,-0.54608,0
5.80139,-0.202825,-0.54978,0
5.80147,-0.199056,-0.546901,0
5.80156,-0.197343,-0.549647,0
5.80165,-0.194276,-0.548617,0
5.80174,-0.19188,-0.54946,0
5.80182,-0.190457,-0.553128,0
5.80191,-0.187078,-0.551113,0
5.802,-0.184037,-0.550028,0
5.80209,-0.181635,-0.550825,0
5.80217,-0.180775,-0.556368,0
5.80226,-0.178346,-0.557151,0
5.80235,-0.173808,-0.551248,0
5.80243,-0.170808,-0.550091,0
5.80252,-0.168114,-0.549875,0
5.80261,-0.161966,-0.538155,0
5.8027,-0.161889,-0.546527,0
5.80278,-0.158943,-0.545308,0
5.80287,-0.15794,-0.550803,0
5.80296,-0.153635,-0.54475,0
5.80304,-0.149921,-0.540597,0
5.80313,-0.146508,-0.537387,0
5.80322,-0.143903,-0.537055,0
5.80331,-0.144359,-0.548315,0
5.80339,-0.141465,-0.547003,0
5.80348,-0.135877,-0.535015,0
5.80357,-0.135234,-0.542395,0
5.80366,-0.136432,-0.55755,0
5.80374,-0.134231,-0.559113,0
5.80383,-0.134082,-0.569427,0
5.80392,-0.134746,-0.583648,0
5.804,-0.137936,-0.609589,0
5.80409,-0.136141,-0.61409,0
5.80418,-0.13346,-0.614678,0
5.80427,-0.131192,-0.617211,0
5.80435,-0.126054,-0.606029,0
5.80444,-0.126997,-0.624212,0
5.80453,-0.122712,-0.616914,0
5.80462,-0.122309,-0.629223,0
5.8047,-0.116951,-0.615996,0
5.80479,-0.10843,-0.585037,0
5.80488,-0.104631,-0.578616,0
5.80496,-0.102452,-0.581037,0
5.80505,-0.100424,-0.584435,0
5.80514,-0.0963878,-0.575991,0
5.80523,-0.0919448,-0.564562,0
5.80531,-0.0912013,-0.575822,0
5.8054,-0.0896007,-0.582145,0
5.80549,-0.0864685,-0.578574,0
5.80558,-0.0830822,-0.573008,0
5.80566,-0.0807204,-0.574355,0
5.80575,-0.0783484,-0.575693,0
5.80584,-0.0743999,-0.565124,0
5.80592,-0.069788,-0.548579,0
5.80601,-0.0682468,-0.555826,0
5.8061,-0.248121,-2.09637,0
5.80619,-0.238519,-2.09346,0
5.80627,-0.229818,-2.09845,0
5.80636,-0.21951,-2.0885,0
5.80645,-0.211096,-2.0964,0
5.80654,-0.201851,-2.0963,0
5.80662,-0.191879,-2.0882,0
5.80671,-0.182678,-2.08802,0
5.8068,-0.173649,-2.0898,0
5.80688,-0.164843,-2.09452,0
5.80697,-0.156072,-2.10021,0
5.80706,-0.146977,-2.10187,0
5.80715,-0.136954,-2.08952,0
5.80723,-0.128141,-2.09508,0
5.80732,-0.118885,-2.09363,0
5.80741,-0.109278,-2.08514,0
5.8075,-0.10037,-2.08959,0
5.80758,-0.0908592,-2.08102,0
5.80767,-0.0823671,-2.09638,0
5.80776,-0.0730796,-2.09272,0
5.80784,-0.0638561,-2.09002,0
5.80793,-0.0548407,-2.09428,0
5.80802,-0.0456368,-2.0915,0
5.80811,-0.0366675,-2.10068,0
5.80819,-0.0273835,-2.09182,0
5.80828,-0.0183432,-2.10192,0
5.80837,-0.00914988,-2.09698,0
5.80846,-2.52132e-08,-2.093,0
5.80854,0.00912366,-2.09098,0
5.80863,0.0181948,-2.08492,0
5.80872,0.0274227,-2.09482,0
5.8088,0.03665,-2.09968,0
5.80889,0.0455276,-2.0865,0
5.80898,0.0545266,-2.08229,0
5.80907,0.0641919,-2.10102,0
5.80915,0.0733238,-2.09972,0
5.80924,0.0821315,-2.09039,0
5.80933,0.0912517,-2.09001,0
5.80942,0.100082,-2.0836,0
5.8095,0.109173,-2.08314,0
5.80959,0.118771,-2.09163,0
5.80968,0.127775,-2.0891,0
5.80976,0.137085,-2.09151,0
5.80985,0.14614,-2.0899,0
5.80994,0.15548,-2.09223,0
5.81003,0.164529,-2.09054,0
5.81011,0.174725,-2.10275,0
5.8102,0.182853,-2.09002,0
5.81029,0.191421,-2.08322,0
5.81038,0.200893,-2.08635,0
5.81046,0.209493,-2.08048,0
5.81055,0.219092,-2.08452,0
5.81064,0.229274,-2.09348,0
5.81072,0.239425,-2.1014,0
5.81081,0.246358,-2.08147,0
5.8109,0.256657,-2.0903,0
5.81099,0.26628,-2.09313,0
5.81107,0.275671,-2.09393,0
5.81116,0.283861,-2.08577,0
5.81125,0.293377,-2.08749,0
5.81134,0.301334,-2.07827,0
5.81142,0.312026,-2.08781,0
5.81151,0.322349,-2.09434,0
5.8116,0.332423,-2.09884,0
5.81168,0.340774,-2.09243,0
5.81177,0.350396,-2.09388,0
5.81186,0.359698,-2.09332,0
5.81195,0.36935,-2.09469,0
5.81203,0.377774,-2.08912,0
5.81212,0.386339,-2.0845,0
5.81221,0.39599,-2.08574,0
5.8123,0.407568,-2.09676,0
5.81238,0.415542,-2.08907,0
5.81247,0.427245,-2.09998,0
5.81256,0.435386,-2.0932,0
5.81264,0.443268,-2.08541,0
5.81273,0.455121,-2.09616,0
5.81282,0.464263,-2.09415,0
5.81291,0.473617,-2.09308,0
5.81299,0.484769,-2.09977,0
5.81308,0.493698,-2.09666,0
5.81317,0.502374,-2.09254,0
5.81326,0.511262,-2.08936,0
5.81334,0.522067,-2.0939,0
5.81343,0.531691,-2.09354,0
5.81352,0.54007,-2.08829,0
5.8136,0.550449,-2.09075,0
5.81369,0.563708,-2.10379,0
5.81378,0.57183,-2.09745,0
5.81387,0.581511,-2.09686,0
5.81395,0.592555,-2.10104,0
5.81404,0.599787,-2.09171,0
5.81413,0.609747,-2.09195,0
5.81422,0.620858,-2.09598,0
5.8143,0.630285,-2.09421,0
5.81439,0.639125,-2.09048,0
5.81448,0.651502,-2.09818,0
5.81456,0.663056,-2.10295,0
5.81465,0.670701,-2.09527,0
5.81474,0.67891,-2.08947,0
5.81483,0.691779,-2.09789,0
5.81491,0.697436,-2.08442,0
5.815,0.708131,-2.08609,0
5.81509,0.717552,-2.08392,0
5.81517,0.728946,-2.08738,0
5.81526,0.740384,-2.09078,0
5.81535,0.751865,-2.09412,0
5.81544,0.763047,-2.09645,0
5.81552,0.770803,-2.08935,0
5.81561,0.784815,-2.09908,0
5.8157,0.794321,-2.09657,0
5.81579,0.804894,-2.09682,0
5.81587,0.814761,-2.09515,0
5.81596,0.824261,-2.09251,0
5.81605,0.834866,-2.09261,0
5.81613,0.845862,-2.09358,0
5.81622,0.86029,-2.10283,0
5.81631,0.869457,-2.09905,0
5.8164,0.87706,-2.09155,0
5.81648,0.889695,-2.09599,0
5.81657,0.898832,-2.09209,0
5.81666,0.910344,-2.09365,0
5.81675,0.919068,-2.08874,0
5.81683,0.933867,-2.0975,0
5.81692,0.944653,-2.09705,0
5.81701,0.954209,-2.09382,0
5.81709,0.96836,-2.10054,0
5.81718,0.973712,-2.08813,0
5.81727,0.9858,-2.0902,0
5.81736,1.00008,-2.09671,0
5.81744,1.01182,-2.09773,0
5.81753,1.02491,-2.10138,0
5.81762,1.03142,-2.09151,0
5.81771,1.04366,-2.09325,0
5.81779,1.05728,-2.09761,0
5.81788,1.06824,-2.09654,0
5.81797,1.076,-2.08919,0
5.81805,1.09065,-2.09512,0
5.81814,1.10583,-2.10185,0
5.81823,1.11077,-2.08905,0
5.81832,1.12177,-2.08771,0
5.8184,1.13946,-2.09862,0
5.81849,1.14908,-2.0945,0
5.81858,1.16063,-2.09384,0
5.81867,1.17513,-2.09835,0
5.81875,1.18625,-2.09669,0
5.81884,1.20134,-2.10191,0
5.81893,1.21,-2.09578,0
5.81901,1.22216,-2.09566,0
5.8191,1.23636,-2.09893,0
5.81919,1.25011,-2.10125,0
5.81928,1.25772,-2.0932,0
5.81936,1.26944,-2.09197,0
5.81945,1.28639,-2.0992,0
5.81954,1.29659,-2.09527,0
5.81963,1.31208,-2.09977,0
5.81971,1.32176,-2.09487,0
5.8198,1.3325,-2.09161,0
5.81989,1.34919,-2.09755,0
5.81997,1.36378,-2.10003,0
5.82006,1.37896,-2.10326,0
5.82015,1.39254,-2.10389,0
5.82024,1.40337,-2.10029,0
5.82032,1.41364,-2.09581,0
5.82041,1.43065,-2.10119,0
5.8205,1.44547,-2.10317,0
5.82059,1.4552,-2.09766,0
5.82067,1.47122,-2.10113,0
5.82076,1.48095,-2.0955,0
5.82085,1.49589,-2.09716,0
5.82093,1.50503,-2.09061,0
5.82102,1.52354,-2.09697,0
5.82111,1.538,-2.09756,0
5.8212,1.5513,-2.09646,0
5.82128,1.56941,-2.10169,0
5.82137,1.58217,-2.09961,0
5.82146,1.59071,-2.09189,0
5.82155,1.61139,-2.10001,0
5.82163,1.62482,-2.09849,0
5.82172,1.64258,-2.10241,0
5.82181,1.65422,-2.09837,0
5.82189,1.67332,-2.10365,0
5.82198,1.68624,-2.10101,0
5.82207,1.70672,-2.10762,0
5.82216,1.72033,-2.10557,0
5.82224,1.73586,-2.10576,0
5.82233,1.74951,-2.10355,0
5.82242,1.76317,-2.10126,0
5.82251,1.77813,-2.10042,0
5.82259,1.79248,-2.09872,0
5.82268,1.81141,-2.10224,0
5.82277,1.82516,-2.0996,0
5.82285,1.83957,-2.09763,0
5.82294,1.85534,-2.09708,0
5.82303,1.87246,-2.09791,0
5.82312,1.8923,-2.10161,0
5.8232,1.91288,-2.10592,0
5.82329,1.92678,-2.10272,0
5.82338,1.94952,-2.10897,0
5.82347,1.96075,-2.10264,0
5.82355,1.9747,-2.09917,0
5.82364,1.98384,-2.09053,0
5.82373,1.98326,-2.07174,0
5.82381,1.99089,-2.06163,0
5.8239,1.99149,-2.04433,0
5.82399,1.98778,-2.02278,0
5.82408,1.98955,-2.00698,0
5.82416,1.98838,-1.98838,0
5.82425,1.97929,-1.96209,0
5.82434,1.99211,-1.95764,0
5.82443,1.98201,-1.93079,0
5.82451,1.9825,-1.91448,0
5.8246,1.9865,-1.90166,0
5.82469,1.98535,-1.88403,0
5.82477,1.99064,-1.87261,0
5.82486,1.98489,-1.85094,0
5.82495,1.9812,-1.8314,0
5.82504,1.98475,-1.81869,0
5.82512,1.98304,-1.80127,0
5.82521,1.98048,-1.78323,0
5.8253,1.98824,-1.77457,0
5.82539,1.98174,-1.75329,0
5.82547,1.98636,-1.74199,0
5.82556,1.98866,-1.72872,0
5.82565,1.98634,-1.71154,0
5.82573,1.97173,-1.68402,0
5.82582,1.97525,-1.67217,0
5.82591,1.98022,-1.66161,0
5.826,1.98361,-1.64975,0
5.82608,1.97767,-1.63027,0
5.82617,1.98322,-1.62036,0
5.82626,1.97784,-1.60162,0
5.82635,1.97779,-1.58734,0
5.82643,1.97452,-1.5706,0
5.82652,1.97821,-1.5595,0
5.82661,1.97239,-1.541,0
5.82669,1.98305,-1.53544,0
5.82678,1.98338,-1.5219,0
5.82687,1.98204,-1.50718,0
5.82696,1.987,-1.49732,0
5.82704,1.97589,-1.47547,0
5.82713,1.9807,-1.46564,0
5.82722,1.96934,-1.44398,0
5.82731,1.97562,-1.43537,0
5.82739,1.97699,-1.42323,0
5.82748,1.98156,-1.41343,0
5.82757,1.98362,-1.40189,0
5.82765,1.97498,-1.38289,0
5.82774,1.98099,-1.37426,0
5.82783,1.97296,-1.35598,0
5.82792,1.97638,-1.34567,0
5.828,1.97062,-1.3292,0
5.82809,1.97391,-1.31892,0
5.82818,1.97381,-1.30643,0
5.82826,1.97196,-1.29288,0
5.82835,1.97842,-1.2848,0
5.82844,1.98065,-1.27399,0
5.82853,1.97607,-1.25889,0
5.82861,1.98492,-1.25239,0
5.8287,1.97765,-1.23577,0
5.82879,1.97537,-1.22239,0
5.82888,1.97386,-1.20958,0
5.82896,1.97656,-1.1994,0
5.82905,1.97491,-1.18665,0
5.82914,1.97835,-1.177,0
5.82922,1.97572,-1.16379,0
5.82931,1.973,-1.15062,0
5.8294,1.97627,-1.141,0
5.82949,1.97863,-1.13088,0
5.82957,1.97397,-1.11682,0
5.82966,1.9701,-1.10331,0
5.82975,1.98101,-1.09809,0
5.82984,1.97614,-1.08415,0
5.82992,1.97646,-1.07313,0
5.83001,1.97584,-1.06166,0
5.8301,1.97957,-1.05256,0
5.83018,1.97175,-1.03739,0
5.83027,1.98602,-1.03386,0
5.83036,1.98251,-1.02106,0
5.83045,1.98516,-1.01149,0
5.83053,1.97616,-0.996068,0
5.83062,1.98586,-0.990113,0
5.83071,1.98747,-0.980112,0
5.8308,1.97914,-0.965293,0
5.83088,1.97343,-0.95187,0
5.83097,1.97305,-0.941097,0
5.83106,1.97804,-0.932906,0
5.83114,1.97394,-0.920463,0
5.83123,1.99156,-0.918121,0
5.83132,1.99191,-0.907763,0
5.83141,1.98308,-0.893314,0
5.83149,1.97417,-0.878958,0
5.83158,1.97982,-0.871141,0
5.83167,1.97535,-0.858906,0
5.83176,1.97632,-0.849094,0
5.83184,1.96988,-0.836165,0
5.83193,1.96798,-0.825241,0
5.83202,1.9346,-0.801339,0
5.8321,1.85478,-0.758812,0
5.83219,1.80152,-0.727861,0
5.83228,1.7666,-0.7048,0
5.83237,1.74267,-0.686457,0
5.83245,1.72608,-0.671235,0
5.83254,1.72059,-0.660472,0
5.83263,1.70943,-0.647644,0
5.83272,1.71317,-0.640529,0
5.8328,1.71126,-0.631318,0
5.83289,1.71212,-0.623161,0
5.83298,1.71388,-0.615346,0
5.83306,1.72032,-0.609198,0
5.83315,1.71447,-0.598718,0
5.83324,1.7095,-0.588627,0
5.83333,1.71205,-0.581163,0
5.83341,1.70414,-0.570197,0
5.8335,1.70376,-0.561816,0
5.83359,1.7138,-0.556849,0
5.83368,1.71431,-0.548756,0
5.83376,1.71669,-0.54127,0
5.83385,1.71617,-0.532885,0
5.83394,1.71465,-0.524222,0
5.83402,1.71118,-0.515007,0
5.83411,1.70766,-0.505831,0
5.8342,1.71273,-0.499215,0
5.83429,1.70528,-0.488981,0
5.83437,1.70451,-0.480721,0
5.83446,1.7143,-0.475417,0
5.83455,1.71539,-0.46767,0
5.83464,1.71838,-0.460439,0
5.83472,1.71361,-0.451155,0
5.83481,1.70878,-0.441921,0
5.8349,1.71069,-0.434461,0
5.83498,1.7116,-0.42675,0
5.83507,1.7183,-0.420466,0
5.83516,1.71623,-0.412031,0
5.83525,1.71801,-0.404539,0
5.83533,1.71002,-0.394789,0
5.83542,1.7088,-0.386662,0
5.83551,1.7134,-0.379852,0
5.8356,1.7082,-0.370887,0
5.83568,1.7098,-0.36343,0
5.83577,1.69277,-0.352097,0
5.83586,1.70115,-0.346103,0
5.83594,1.71049,-0.340238,0
5.83603,1.70312,-0.331054,0
5.83612,1.70652,-0.323992,0
5.83621,1.70201,-0.31545,0
5.83629,1.70633,-0.308554,0
5.83638,1.70175,-0.300064,0
5.83647,1.70107,-0.292297,0
5.83656,1.70134,-0.284707,0
5.83664,1.70652,-0.277924,0
5.83673,1.70475,-0.270006,0
5.83682,1.70888,-0.263021,0
5.8369,1.70803,-0.255267,0
5.83699,1.70022,-0.24652,0
5.83708,1.69831,-0.238682,0
5.83717,1.69934,-0.231269,0
5.83725,1.7033,-0.224244,0
5.83734,1.69633,-0.2158,0
5.83743,1.69924,-0.20864,0
5.83752,1.70212,-0.201459,0
5.8376,1.69901,-0.193578,0
5.83769,1.69884,-0.186054,0
5.83778,1.70262,-0.178953,0
5.83786,1.70339,-0.171522,0
5.83795,1.70412,-0.164088,0
5.83804,1.69984,-0.156193,0
5.83813,1.71345,-0.149908,0
5.83821,1.79182,-0.148889,0
5.8383,1.93801,-0.152525,0
5.83839,1.94962,-0.144882,0
5.83848,1.92131,-0.134351,0
5.83856,1.73528,-0.113736,0
5.83865,1.67487,-0.102439,0
5.83874,1.66931,-0.0947904,0
5.83882,1.6767,-0.0878721,0
5.83891,1.66108,-0.0797877,0
5.839,1.66342,-0.0726263,0
5.83909,1.67471,-0.0657995,0
5.83917,1.67598,-0.0585265,0
5.83926,1.67722,-0.0512437,0
5.83935,1.67143,-0.0437679,0
5.83944,1.6776,-0.0366054,0
5.83952,1.67275,-0.0291979,0
5.83961,1.67386,-0.021912,0
5.8397,1.66594,-0.0145384,0
5.83978,1.67298,-0.00729986,0
5.83987,1.691,-4.09465e-08,0
5.83996,1.69698,0.0074045,0
5.84005,1.68994,0.0147478,0
5.84013,1.69385,0.0221737,0
5.84022,1.68674,0.0294422,0
5.84031,1.6956,0.036998,0
5.84039,1.68642,0.0441605,0
5.84048,1.67722,0.0512436,0
5.84057,1.68797,0.0589452,0
5.84066,1.6857,0.0662313,0
5.84074,1.69538,0.0740221,0
5.84083,1.69305,0.0813229,0
5.84092,1.69268,0.0887094,0
5.84101,1.69028,0.0959808,0
5.84109,1.69284,0.103538,0
5.84118,1.69337,0.110989,0
5.84127,1.69486,0.118516,0
5.84135,1.7402,0.129319,0
5.84144,1.85626,0.146091,0
5.84153,1.96921,0.163629,0
5.84162,1.97745,0.173004,0
5.8417,1.98962,0.18282,0
5.84179,1.98482,0.191116,0
5.84188,1.98397,0.199775,0
5.84197,1.97611,0.207698,0
5.84205,1.96326,0.215012,0
5.84214,1.9782,0.225388,0
5.84223,1.98514,0.234957,0
5.84231,1.98509,0.243739,0
5.8424,1.98302,0.252272,0
5.84249,1.98388,0.261183,0
5.84258,1.9847,0.270106,0
5.84266,1.99044,0.279738,0
5.84275,1.98326,0.287559,0
5.84284,1.98298,0.296358,0
5.84293,1.9787,0.304551,0
5.84301,1.99019,0.315215,0
5.8431,1.98781,0.323735,0
5.84319,1.98145,0.331581,0
5.84327,1.98195,0.340562,0
5.84336,1.97848,0.348859,0
5.84345,1.98579,0.35909,0
5.84354,1.97831,0.366658,0
5.84362,1.97669,0.375286,0
5.84371,1.97307,0.383526,0
5.8438,1.99099,0.396033,0
5.84389,1.98141,0.403122,0
5.84397,1.98453,0.412782,0
5.84406,1.97977,0.420813,0
5.84415,1.98378,0.430721,0
5.84423,1.97993,0.43894,0
5.84432,1.98677,0.449561,0
5.84441,1.97407,0.455751,0
5.8445,1.97791,0.465735,0
5.84458,1.98363,0.476228,0
5.84467,1.9796,0.484404,0
5.84476,1.98911,0.49594,0
5.84485,1.98111,0.503137,0
5.84493,1.98083,0.512277,0
5.84502,1.98051,0.521425,0
5.84511,1.98305,0.531355,0
5.84519,1.97974,0.53974,0
5.84528,1.98122,0.549442,0
5.84537,1.9817,0.558896,0
5.84546,1.98789,0.570018,0
5.84554,1.99786,0.582324,0
5.84563,1.98763,0.588764,0
5.84572,1.98983,0.598872,0
5.84581,1.98529,0.606964,0
5.84589,1.99026,0.617993,0
5.84598,1.9885,0.626972,0
5.84607,1.99146,0.637471,0
5.84615,1.9839,0.644609,0
5.84624,1.98677,0.655139,0
5.84633,1.98105,0.662849,0
5.84642,1.98666,0.67438,0
5.8465,1.98748,0.684344,0
5.84659,1.98731,0.693999,0
5.84668,1.98332,0.70233,0
5.84677,1.98118,0.711315,0
5.84685,1.99121,0.724741,0
5.84694,1.9899,0.734114,0
5.84703,1.98949,0.74384,0
5.84711,1.9881,0.753223,0
5.8472,1.99319,0.765115,0
5.84729,1.98704,0.772718,0
5.84738,1.98737,0.782847,0
5.84746,1.98858,0.793363,0
5.84755,1.98788,0.803156,0
5.84764,1.98899,0.813716,0
5.84773,1.97895,0.819708,0
5.84781,1.98734,0.833362,0
5.8479,1.99565,0.847105,0
5.84799,1.99378,0.856594,0
5.84807,1.99277,0.866482,0
5.84816,1.99263,0.876779,0
5.84825,2.00341,0.891973,0
5.84834,1.99585,0.899063,0
5.84842,1.98918,0.906519,0
5.84851,1.99156,0.918121,0
5.8486,1.99025,0.92807,0
5.84869,1.99432,0.940584,0
5.84877,1.9893,0.948846,0
5.84886,1.98694,0.958386,0
5.84895,1.98993,0.970554,0
5.84903,1.99285,0.982765,0
5.84912,1.98765,0.991005,0
5.84921,1.97795,0.996968,0
5.8493,1.98605,1.01194,0
5.84938,1.99229,1.0261,0
5.84947,1.98957,1.0357,0
5.84956,1.9868,1.0453,0
5.84965,1.99105,1.05866,0
5.84973,1.99257,1.07065,0
5.84982,1.98876,1.07981,0
5.84991,1.99192,1.09281,0
5.84999,1.99326,1.10488,0
5.85008,1.99104,1.11503,0
5.85017,1.99224,1.12716,0
5.85026,1.99599,1.1408,0
5.85034,1.99013,1.149,0
5.85043,1.99028,1.1607,0
5.85052,1.98347,1.16835,0
5.85061,1.99124,1.18467,0
5.85069,1.99549,1.19901,0
5.85078,1.9928,1.20926,0
5.85087,1.99518,1.22265,0
5.85095,1.99578,1.23502,0
5.85104,1.99122,1.24425,0
5.85113,1.98661,1.25346,0
5.85122,1.99462,1.27071,0
5.8513,1.99494,1.28319,0
5.85139,1.99017,1.29243,0
5.85148,1.99203,1.30603,0
5.85157,1.99215,1.31858,0
5.85165,1.99137,1.33059,0
5.85174,1.99218,1.34374,0
5.85183,1.99125,1.3558,0
5.85191,1.99521,1.37127,0
5.852,1.98921,1.37996,0
5.85209,1.98399,1.3892,0
5.85218,1.98771,1.40477,0
5.85226,1.9954,1.4233,0
5.85235,1.99323,1.43492,0
5.85244,1.99099,1.44654,0
5.85253,1.99595,1.46349,0
5.85261,1.99678,1.47754,0
5.8527,2.00634,1.4982,0
5.85279,1.99739,1.50514,0
5.85287,1.99876,1.51989,0
5.85296,1.9929,1.52921,0
5.85305,1.9957,1.54524,0
5.85314,2.00234,1.5644,0
5.85322,1.99549,1.57312,0
5.85331,1.99878,1.5899,0
5.8534,1.99962,1.60487,0
5.85348,2.00271,1.62176,0
5.85357,1.99561,1.63048,0
5.85366,1.99079,1.64108,0
5.85375,1.99822,1.6619,0
5.85383,2.00167,1.6796,0
5.85392,1.99967,1.69284,0
5.85401,2.00443,1.71194,0
5.8541,2.00073,1.72394,0
5.85418,1.99847,1.73724,0
5.85427,1.99613,1.75056,0
5.85436,2.00421,1.77317,0
5.85444,2.00391,1.78856,0
5.85453,1.9998,1.80063,0
5.85462,2.00229,1.81875,0
5.85471,2.00392,1.83625,0
5.85479,2.00984,1.85788,0
5.85488,2.00464,1.86936,0
5.85497,2.00739,1.88836,0
5.85506,2.00711,1.90468,0
5.85514,2.00023,1.9148,0
5.85523,1.99617,1.92768,0
5.85532,1.99848,1.94684,0
5.8554,2.00566,1.97096,0
5.85549,2.00627,1.98884,0
5.85558,2.00677,2.00677,0
5.85567,2.00855,2.02616,0
5.85575,2.0074,2.04275,0
5.85584,1.99708,2.05006,0
5.85593,1.98186,2.05228,0
5.85602,1.96044,2.0479,0
5.8561,1.9508,2.05571,0
5.85619,1.93222,2.05401,0
5.85628,1.91914,2.05803,0
5.85636,1.89589,2.05096,0
5.85645,1.88557,2.05774,0
5.85654,1.86515,2.05336,0
5.85663,1.84546,2.04959,0
5.85671,1.83251,2.05315,0
5.8568,1.81227,2.04839,0
5.85689,1.78749,2.03824,0
5.85698,1.77989,2.04753,0
5.85706,1.76376,2.04694,0
5.85715,1.75156,2.05081,0
5.85724,1.73484,2.04928,0
5.85732,1.72524,2.05606,0
5.85741,1.70474,2.04973,0
5.8575,1.68688,2.04635,0
5.85759,1.6773,2.05291,0
5.85767,1.65763,2.047,0
5.85776,1.63929,2.04252,0
5.85785,1.63223,2.052,0
5.85794,1.61584,2.04968,0
5.85802,1.6038,2.05277,0
5.85811,1.58932,2.05263,0
5.8582,1.57669,2.05479,0
5.85828,1.55561,2.04573,0
5.85837,1.53884,2.04211,0
5.85846,1.52992,2.04881,0
5.85855,1.52037,2.05466,0
5.85863,1.50725,2.05563,0
5.85872,1.48768,2.04762,0
5.85881,1.4799,2.05572,0
5.8589,1.46686,2.05646,0
5.85898,1.44806,2.04895,0
5.85907,1.43165,2.0446,0
5.85916,1.42499,2.05412,0
5.85924,1.41205,2.05455,0
5.85933,1.39744,2.05242,0
5.85942,1.38009,2.04606,0
5.85951,1.37004,2.0504,0
5.85959,1.35887,2.05303,0
5.85968,1.3488,2.05726,0
5.85977,1.3311,2.04971,0
5.85986,1.3216,2.05466,0
5.85994,1.30671,2.05113,0
5.86003,1.29241,2.04835,0
5.86012,1.2787,2.04634,0
5.8602,1.27081,2.0536,0
5.86029,1.25609,2.04975,0
5.86038,1.24298,2.04837,0
5.86047,1.23764,2.05977,0
5.86055,1.21892,2.04882,0
5.86064,1.21149,2.05671,0
5.86073,1.19445,2.04815,0
5.86082,1.1815,2.04642,0
5.8609,1.17752,2.06024,0
5.86099,1.15867,2.04795,0
5.86108,1.15168,2.05647,0
5.86116,1.13688,2.05098,0
5.86125,1.12984,2.05943,0
5.86134,1.11607,2.05555,0
5.86143,1.10378,2.05424,0
5.86151,1.08917,2.04844,0
5.8616,1.07976,2.05229,0
5.86169,1.06341,2.04279,0
5.86178,1.05265,2.04385,0
5.86186,1.04781,2.05644,0
5.86195,1.03838,2.0601,0
5.86204,1.02135,2.0485,0
5.86212,1.01328,2.05474,0
5.86221,1.00255,2.05554,0
5.8623,0.993576,2.0599,0
5.86239,0.980274,2.05519,0
5.86247,0.969164,2.05492,0
5.86256,0.958921,2.05641,0
5.86265,0.943659,2.04695,0
5.86274,0.93928,2.06106,0
5.86282,0.924118,2.05146,0
5.86291,0.915971,2.0573,0
5.863,0.904569,2.05579,0
5.86308,0.891204,2.04963,0
5.86317,0.882647,2.05442,0
5.86326,0.87094,2.05181,0
5.86335,0.863139,2.05835,0
5.86343,0.847261,2.04547,0
5.86352,0.842872,2.06025,0
5.86361,0.831627,2.05835,0
5.8637,0.816709,2.0471,0
5.86378,0.8118,2.06087,0
5.86387,0.801351,2.06067,0
5.86396,0.78841,2.05388,0
5.86404,0.780503,2.0601,0
5.86413,0.769406,2.05787,0
5.86422,0.757304,2.05276,0
5.86431,0.750392,2.06169,0
5.86439,0.736659,2.05176,0
5.86448,0.730369,2.0625,0
5.86457,0.718396,2.05717,0
5.86466,0.70746,2.05461,0
5.86474,0.694952,2.04726,0
5.86483,0.688868,2.05881,0
5.86492,0.675494,2.0485,0
5.865,0.665005,2.04667,0
5.86509,0.654239,2.04384,0
5.86518,0.64772,2.05431,0
5.86527,0.637861,2.05425,0
5.86535,0.629476,2.05892,0
5.86544,0.617028,2.05016,0
5.86553,0.609781,2.05859,0
5.86561,0.599114,2.05547,0
5.8657,0.589588,2.05614,0
5.86579,0.581697,2.06254,0
5.86588,0.570287,2.05639,0
5.86596,0.561309,2.05886,0
5.86605,0.550249,2.05356,0
5.86614,0.54383,2.06561,0
5.86623,0.531306,2.05441,0
5.86631,0.523322,2.06058,0
5.8664,0.513842,2.06091,0
5.86649,0.502468,2.05342,0
5.86657,0.49397,2.05753,0
5.86666,0.482925,2.05091,0
5.86675,0.475322,2.05884,0
5.86684,0.46501,2.05505,0
5.86692,0.456255,2.05803,0
5.86701,0.447271,2.06,0
5.8671,0.437446,2.05802,0
5.86719,0.427037,2.05306,0
5.86727,0.418075,2.0549,0
5.86736,0.409885,2.06063,0
5.86745,0.40089,2.0624,0
5.86753,0.389649,2.05234,0
5.86762,0.381966,2.0609,0
5.86771,0.37119,2.05271,0
5.8678,0.362577,2.05628,0
5.86788,0.353263,2.05587,0
5.86797,0.343299,2.05147,0
5.86806,0.336274,2.0648,0
5.86815,0.32601,2.05834,0
5.86823,0.317177,2.06073,0
5.86832,0.307887,2.06012,0
5.86841,0.298321,2.05749,0
5.86849,0.28948,2.05976,0
5.86858,0.279411,2.05307,0
5.86867,0.270711,2.05626,0
5.86876,0.261989,2.0594,0
5.86884,0.25227,2.05457,0
5.86893,0.244948,2.06955,0
5.86902,0.234104,2.05471,0
5.86911,0.225899,2.06267,0
5.86919,0.216269,2.05767,0
5.86928,0.208091,2.06655,0
5.86937,0.198017,2.05649,0
5.86945,0.189866,2.0663,0
5.86954,0.180761,2.06611,0
5.86963,0.170916,2.05691,0
5.86972,0.161704,2.05465,0
5.8698,0.153923,2.07129,0
5.86989,0.144256,2.06296,0
5.86998,0.1346,2.05359,0
5.87007,0.126248,2.06414,0
5.87015,0.116787,2.05669,0
5.87024,0.107969,2.06017,0
5.87033,0.0986431,2.05363,0
5.87041,0.0900305,2.06204,0
5.8705,0.0809931,2.06141,0
5.87059,0.0718581,2.05775,0
5.87068,0.0627262,2.05304,0
5.87076,0.0539246,2.05929,0
5.87085,0.0448951,2.05751,0
5.87094,0.0359695,2.06069,0
5.87103,0.0269908,2.06182,0
5.87111,0.0179767,2.05992,0
5.8712,0.00899722,2.06198,0
5.87129,7.48749e-08,2.058,0
5.87137,-0.00899271,2.06098,0
5.87146,-0.0180289,2.06592,0
5.87155,-0.0270561,2.06682,0
5.87164,-0.0360042,2.06269,0
5.87172,-0.0450258,2.06351,0
5.87181,-0.0540553,2.06429,0
5.8719,-0.0633063,2.07203,0
5.87199,-0.0723117,2.07074,0
5.87207,-0.0810714,2.06341,0
5.87216,-0.0900303,2.06204,0
5.87225,-0.0990748,2.06262,0
5.87233,-0.107969,2.06017,0
5.87242,-0.117071,2.06168,0
5.87251,-0.125882,2.05815,0
5.8726,-0.135057,2.06058,0
5.87268,-0.144814,2.07094,0
5.87277,-0.152812,2.05633,0
5.87286,-0.161626,2.05365,0
5.87295,-0.170833,2.05591,0
5.87303,-0.180238,2.06013,0
5.87312,-0.189225,2.05932,0
5.87321,-0.198305,2.05947,0
5.87329,-0.20779,2.06356,0
5.87338,-0.217524,2.0696,0
5.87347,-0.225899,2.06267,0
5.87356,-0.235349,2.06564,0
5.87364,-0.244125,2.0626,0
5.87373,-0.253123,2.06152,0
5.87382,-0.261989,2.0594,0
5.87391,-0.271886,2.06518,0
5.87399,-0.28049,2.061,0
5.87408,-0.289897,2.06273,0
5.87417,-0.297891,2.05452,0
5.87425,-0.307739,2.05913,0
5.87434,-0.317634,2.0637,0
5.87443,-0.324601,2.04945,0
5.87452,-0.33563,2.06085,0
5.8746,-0.344619,2.05936,0
5.87469,-0.353432,2.05686,0
5.87478,-0.363446,2.0612,0
5.87487,-0.373681,2.06649,0
5.87495,-0.381601,2.05894,0
5.87504,-0.390768,2.05823,0
5.87513,-0.400508,2.06044,0
5.87521,-0.410275,2.06259,0
5.8753,-0.41947,2.06176,0
5.87539,-0.428259,2.05893,0
5.87548,-0.437654,2.059,0
5.87556,-0.448331,2.06489,0
5.87565,-0.457337,2.06291,0
5.87574,-0.466996,2.06382,0
5.87583,-0.475771,2.06079,0
5.87591,-0.487051,2.06843,0
5.876,-0.492803,2.05267,0
5.87609,-0.503894,2.05925,0
5.87617,-0.516987,2.07352,0
5.87626,-0.524306,2.06446,0
5.87635,-0.53381,2.06409,0
5.87644,-0.542047,2.05884,0
5.87652,-0.552061,2.06032,0
5.87661,-0.561045,2.05789,0
5.8767,-0.572157,2.06313,0
5.87679,-0.581154,2.06062,0
5.87687,-0.590966,2.06095,0
5.87696,-0.601632,2.06411,0
5.87705,-0.612337,2.06722,0
5.87713,-0.622792,2.06931,0
5.87722,-0.629769,2.05988,0
5.87731,-0.644385,2.07526,0
5.8774,-0.649524,2.06003,0
5.87748,-0.216759,0.677153,0
5.87757,-0.217239,0.668593,0
5.87766,-0.237691,0.720822,0
5.87775,-0.232902,0.69607,0
5.87783,-0.230472,0.678949,0
5.87792,-0.228549,0.663754,0
5.87801,-0.225508,0.645757,0
5.87809,-0.230994,0.652308,0
5.87818,-0.224715,0.625882,0
5.87827,-0.226417,0.622077,0
5.87836,-0.227399,0.616392,0
5.87844,-0.225534,0.603217,0
5.87853,-0.226746,0.598487,0
5.87862,-0.226489,0.590023,0
5.8787,-0.226886,0.583437,0
5.87879,-0.226864,0.575929,0
5.87888,-0.229004,0.574004,0
5.87897,-0.225888,0.559092,0
5.87905,-0.226432,0.553473,0
5.87914,-0.225783,0.545089,0
5.87923,-0.228933,0.545943,0
5.87932,-0.228578,0.538495,0
5.8794,-0.230136,0.535655,0
5.87949,-0.230477,0.530061,0
5.87958,-0.229968,0.522643,0
5.87966,-0.229806,0.516153,0
5.87975,-0.229592,0.509675,0
5.87984,-0.235131,0.515948,0
5.87993,-0.239473,0.519458,0
5.88001,-0.246386,0.528377,0
5.8801,-0.243144,0.515539,0
5.88019,-0.242378,0.508156,0
5.88028,-0.237207,0.491781,0
5.88036,-0.234967,0.481754,0
5.88045,-0.236624,0.479827,0
5.88054,-0.236485,0.474315,0
5.88062,-0.236752,0.469707,0
5.88071,-0.232443,0.456195,0
5.8808,-0.234889,0.456066,0
5.88089,-0.236415,0.45415,0
5.88097,-0.239791,0.455769,0
5.88106,-0.232858,0.437942,0
5.88115,-0.23098,0.429875,0
5.88124,-0.233331,0.429742,0
5.88132,-0.23328,0.425213,0
5.88141,-0.2298,0.41457,0
5.8815,-0.237959,0.424906,0
5.88158,-0.230947,0.408197,0
5.88167,-0.233222,0.408053,0
5.88176,-0.2335,0.404434,0
5.88185,-0.230225,0.394773,0
5.88193,-0.236005,0.400658,0
5.88202,-0.229059,0.385014,0
5.88211,-0.229707,0.382297,0
5.8822,-0.226704,0.373596,0
5.88228,-0.226242,0.369193,0
5.88237,-0.22522,0.363951,0
5.88246,-0.239523,0.383318,0
5.88254,-0.242795,0.384806,0
5.88263,-0.233188,0.366032,0
5.88272,-0.228832,0.35576,0
5.88281,-0.227659,0.350564,0
5.88289,-0.239604,0.365457,0
5.88298,-0.234573,0.354401,0
5.88307,-0.231673,0.346723,0
5.88316,-0.223677,0.331615,0
5.88324,-0.229062,0.336422,0
5.88333,-0.23166,0.337068,0
5.88342,-0.228569,0.32948,0
5.8835,-0.230578,0.329299,0
5.88359,-0.229127,0.324207,0
5.88368,-0.234023,0.328089,0
5.88377,-0.2337,0.32463,0
5.88385,-0.232763,0.320371,0
5.88394,-0.224106,0.305643,0
5.88403,-0.233171,0.315112,0
5.88412,-0.231552,0.310085,0
5.8842,-0.22869,0.303481,0
5.88429,-0.227591,0.299297,0
5.88438,-0.230721,0.300681,0
5.88446,-0.231418,0.298881,0
5.88455,-0.23272,0.297868,0
5.88464,-0.234637,0.297635,0
5.88473,-0.237801,0.298956,0
5.88481,-0.230966,0.287777,0
5.8849,-0.234736,0.289875,0
5.88499,-0.240428,0.294269,0
5.88508,-0.240438,0.291674,0
5.88516,-0.248102,0.298311,0
5.88525,-0.238474,0.284202,0
5.88534,-0.243589,0.287739,0
5.88542,-0.245491,0.287433,0
5.88551,-0.243479,0.282572,0
5.8856,-0.236181,0.271695,0
5.88569,-0.23143,0.263896,0
5.88577,-0.231917,0.262135,0
5.88586,-0.231061,0.258882,0
5.88595,-0.230181,0.255642,0
5.88604,-0.232639,0.256115,0
5.88612,-0.233079,0.254361,0
5.88621,-0.221968,0.240123,0
5.8863,-0.212783,0.228182,0
5.88638,-0.195277,0.207586,0
5.88647,-0.298058,0.314087,0
5.88656,-0.183251,0.191426,0
5.88665,-0.16255,0.168326,0
5.88673,-0.1263,0.129651,0
5.88682,-0.124061,0.126245,0
5.88691,-0.0633613,0.0639167,0
5.887,-0.059397,0.059397,0
