7200
1267
1.09956
1.11535,-0.0380168,-0.03835,0
1.11544,-0.0364473,-0.037089,0
1.11553,-0.0251205,-0.0257869,0
1.11561,-0.0257024,-0.0266156,0
1.1157,-0.0601616,-0.0628457,0
1.11579,-0.0585101,-0.0616568,0
1.11588,-0.0870182,-0.0925031,0
1.11596,-0.0968438,-0.103852,0
1.11605,-0.134403,-0.145396,0
1.11614,-0.204704,-0.223395,0
1.11623,-0.218519,-0.240571,0
1.11631,-0.225497,-0.25044,0
1.1164,-0.35092,-0.393172,0
1.11649,-0.274325,-0.310068,0
1.11657,-0.278244,-0.317276,0
1.11666,-0.354272,-0.407543,0
1.11675,-0.353796,-0.4106,0
1.11684,-0.267573,-0.313287,0
1.11692,-0.283002,-0.334296,0
1.11701,-0.284112,-0.338592,0
1.1171,-0.289666,-0.348285,0
1.11719,-0.289416,-0.351089,0
1.11727,-0.29231,-0.357769,0
1.11736,-0.289487,-0.357487,0
1.11745,-0.296062,-0.368885,0
1.11753,-0.303787,-0.381913,0
1.11762,-0.304594,-0.386376,0
1.11771,-0.29798,-0.381397,0
1.1178,-0.304272,-0.392973,0
1.11788,-0.300119,-0.391123,0
1.11797,-0.297805,-0.391633,0
1.11806,-0.297297,-0.394526,0
1.11815,-0.303351,-0.406236,0
1.11823,-0.300386,-0.405948,0
1.11832,-0.307481,-0.419351,0
1.11841,-0.303297,-0.417453,0
1.11849,-0.297967,-0.413903,0
1.11858,-0.296739,-0.416013,0
1.11867,-0.298384,-0.422204,0
1.11876,-0.304569,-0.43497,0
1.11884,-0.304948,-0.439581,0
1.11893,-0.305859,-0.445028,0
1.11902,-0.298287,-0.438093,0
1.11911,-0.303083,-0.449338,0
1.11919,-0.29723,-0.444836,0
1.11928,-0.298598,-0.451132,0
1.11937,-0.299368,-0.456612,0
1.11945,-0.302275,-0.465462,0
1.11954,-0.302405,-0.470141,0
1.11963,-0.298739,-0.468926,0
1.11972,-0.291887,-0.462613,0
1.1198,-0.293575,-0.469819,0
1.11989,-0.285734,-0.461741,0
1.11998,-0.284762,-0.464689,0
1.12007,-0.293107,-0.483025,0
1.12015,-0.292542,-0.486871,0
1.12024,-0.295016,-0.495878,0
1.12033,-0.300463,-0.510084,0
1.12041,-0.296723,-0.508799,0
1.1205,-0.2985,-0.517017,0
1.12059,-0.29773,-0.520919,0
1.12068,-0.298409,-0.527436,0
1.12076,-0.299036,-0.533968,0
1.12085,-0.296703,-0.535267,0
1.12094,-0.298694,-0.544447,0
1.12102,-0.29727,-0.547503,0
1.12111,-0.301031,-0.560246,0
1.1212,-0.295298,-0.555374,0
1.12129,-0.298925,-0.568162,0
1.12137,-0.295981,-0.568574,0
1.12146,-0.298992,-0.580528,0
1.12155,-0.297818,-0.5845,0
1.12164,-0.298415,-0.592045,0
1.12172,-0.301184,-0.604081,0
1.12181,-0.29766,-0.603595,0
1.1219,-0.297654,-0.610281,0
1.12198,-0.295423,-0.612475,0
1.12207,-0.299636,-0.628199,0
1.12216,-0.295612,-0.626787,0
1.12225,-0.297101,-0.637134,0
1.12233,-0.296411,-0.642965,0
1.12242,-0.298164,-0.654262,0
1.12251,-0.293664,-0.65191,0
1.1226,-0.298951,-0.671456,0
1.12268,-0.298435,-0.678246,0
1.12277,-0.297068,-0.68321,0
1.12286,-0.296058,-0.689093,0
1.12294,-0.295783,-0.696822,0
1.12303,-0.295834,-0.705484,0
1.12312,-0.298876,-0.72155,0
1.12321,-0.297239,-0.726549,0
1.12329,-0.299311,-0.74082,0
1.12338,-0.299781,-0.751407,0
1.12347,-0.296133,-0.751777,0
1.12356,-0.296837,-0.763314,0
1.12364,-0.299237,-0.77954,0
1.12373,-0.29229,-0.771487,0
1.12382,-0.292073,-0.781185,0
1.1239,-0.295238,-0.800277,0
1.12399,-0.293111,-0.805317,0
1.12408,-0.295001,-0.821647,0
1.12417,-0.293416,-0.828582,0
1.12425,-0.296062,-0.847792,0
1.12434,-0.292035,-0.84813,0
1.12443,-0.291867,-0.859813,0
1.12452,-0.293824,-0.878148,0
1.1246,-0.296253,-0.898415,0
1.12469,-0.294802,-0.907308,0
1.12478,-0.295414,-0.922872,0
1.12486,-0.294391,-0.933689,0
1.12495,-0.294762,-0.94929,0
1.12504,-0.291202,-0.95248,0
1.12513,-0.293096,-0.97385,0
1.12521,-0.283731,-0.957861,0
1.1253,-0.266677,-0.914928,0
1.12539,-0.264061,-0.920889,0
1.12548,-0.269812,-0.956681,0
1.12556,-0.277661,-1.00121,0
1.12565,-0.292228,-1.07188,0
1.12574,-0.291689,-1.0886,0
1.12582,-0.291265,-1.1063,0
1.12591,-0.292194,-1.12983,0
1.126,-0.293907,-1.15726,0
1.12609,-0.294419,-1.18085,0
1.12617,-0.291878,-1.19281,0
1.12626,-0.292274,-1.21741,0
1.12635,-0.281229,-1.19434,0
1.12644,-0.275565,-1.1936,0
1.12652,-0.274989,-1.21528,0
1.12661,-0.277692,-1.25259,0
1.1267,-0.273285,-1.25867,0
1.12678,-0.270077,-1.27061,0
1.12687,-0.267789,-1.28744,0
1.12696,-0.278916,-1.37091,0
1.12705,-0.277614,-1.39566,0
1.12713,-0.274193,-1.4106,0
1.12722,-0.26617,-1.40196,0
1.12731,-0.262055,-1.41392,0
1.1274,-0.25873,-1.4308,0
1.12748,-0.258909,-1.46835,0
1.12757,-0.260968,-1.51874,0
1.12766,-0.257144,-1.53663,0
1.12774,-0.250437,-1.53774,0
1.12783,-0.243412,-1.53684,0
1.12792,-0.238073,-1.54679,0
1.12801,-0.229991,-1.53891,0
1.12809,-0.223275,-1.5399,0
1.12818,-0.215857,-1.53591,0
1.12827,-0.209558,-1.53981,0
1.12836,-0.201663,-1.53178,0
1.12844,-0.195482,-1.53662,0
1.12853,-0.188166,-1.53249,0
1.12862,-0.182183,-1.53926,0
1.1287,-0.174786,-1.53408,0
1.12879,-0.169179,-1.54476,0
1.12888,-0.161706,-1.53853,0
1.12897,-0.15439,-1.53325,0
1.12905,-0.146644,-1.52296,0
1.12914,-0.14073,-1.53155,0
1.12923,-0.133784,-1.52916,0
1.12932,-0.128104,-1.54169,0
1.1294,-0.120749,-1.53426,0
1.12949,-0.115609,-1.55571,0
1.12958,-0.110076,-1.57416,0
1.12966,-0.103599,-1.58061,0
1.12975,-0.0961515,-1.57206,0
1.12984,-0.089688,-1.57946,0
1.12993,-0.0824815,-1.57384,0
1.13001,-0.0754216,-1.57019,0
1.1301,-0.0685261,-1.5695,0
1.13019,-0.0615202,-1.56579,0
1.13028,-0.0546875,-1.56605,0
1.13036,-0.0479149,-1.56827,0
1.13045,-0.0409669,-1.56446,0
1.13054,-0.0343585,-1.57463,0
1.13062,-0.0272432,-1.56076,0
1.13071,-0.0204852,-1.56487,0
1.1308,-0.0137269,-1.57294,0
1.13089,-0.00688968,-1.57898,0
1.13097,-1.88647e-08,-1.566,0
1.13106,0.00685474,-1.57099,0
1.13115,0.0136483,-1.56394,0
1.13124,0.0205245,-1.56787,0
1.13132,0.0272606,-1.56176,0
1.13141,0.0341839,-1.56663,0
1.1315,0.0410454,-1.56746,0
1.13158,0.0476401,-1.55927,0
1.13167,0.0545479,-1.56205,0
1.13176,0.0609705,-1.5518,0
1.13185,0.068526,-1.5695,0
1.13193,0.0749418,-1.5602,0
1.13202,0.0822198,-1.56885,0
1.13211,0.0886108,-1.56049,0
1.1322,0.095602,-1.56308,0
1.13228,0.101963,-1.55566,0
1.13237,0.109587,-1.56717,0
1.13246,0.116795,-1.57167,0
1.13254,0.123652,-1.57114,0
1.13263,0.12976,-1.56162,0
1.13272,0.136312,-1.55805,0
1.13281,0.144847,-1.57636,0
1.13289,0.151436,-1.57273,0
1.13298,0.158397,-1.57305,0
1.13307,0.164841,-1.56836,0
1.13315,0.171792,-1.56862,0
1.13324,0.178861,-1.56984,0
1.13333,0.185709,-1.56905,0
1.13342,0.192432,-1.56723,0
1.1335,0.199394,-1.56737,0
1.13359,0.206492,-1.56847,0
1.13368,0.214278,-1.57449,0
1.13377,0.220589,-1.56957,0
1.13385,0.227005,-1.56563,0
1.13394,0.235313,-1.57451,0
1.13403,0.242789,-1.57742,0
1.13411,0.253424,-1.60006,0
1.1342,0.283711,-1.74205,0
1.13429,0.367561,-2.19646,0
1.13438,0.377819,-2.19878,0
1.13446,0.388104,-2.20105,0
1.13455,0.39628,-2.19146,0
1.13464,0.408754,-2.20544,0
1.13473,0.418373,-2.20364,0
1.13481,0.429129,-2.20768,0
1.1349,0.436417,-2.19402,0
1.13499,0.449176,-2.20777,0
1.13507,0.457379,-2.19894,0
1.13516,0.468425,-2.20377,0
1.13525,0.477612,-2.19975,0
1.13534,0.486989,-2.19667,0
1.13542,0.497452,-2.19842,0
1.13551,0.507939,-2.20013,0
1.1356,0.517764,-2.19886,0
1.13569,0.52852,-2.20145,0
1.13577,0.539785,-2.20592,0
1.13586,0.546985,-2.19384,0
1.13595,0.556799,-2.1924,0
1.13603,0.567611,-2.19479,0
1.13612,0.574637,-2.18262,0
1.13621,0.590366,-2.20328,0
1.1363,0.598133,-2.19393,0
1.13638,0.611441,-2.20479,0
1.13647,0.620513,-2.20017,0
1.13656,0.630658,-2.19937,0
1.13665,0.639969,-2.19563,0
1.13673,0.650111,-2.19474,0
1.13682,0.657664,-2.18518,0
1.13691,0.668069,-2.18516,0
1.13699,0.679377,-2.18795,0
1.13708,0.693728,-2.20022,0
1.13717,0.700883,-2.18956,0
1.13726,0.711666,-2.19028,0
1.13734,0.721529,-2.18811,0
1.13743,0.733608,-2.19252,0
1.13752,0.744132,-2.19214,0
1.13761,0.751411,-2.18226,0
1.13769,0.763893,-2.18745,0
1.13778,0.7751,-2.18881,0
1.13787,0.78836,-2.19576,0
1.13795,0.793829,-2.18103,0
1.13804,0.807145,-2.18786,0
1.13813,0.814232,-2.17776,0
1.13822,0.828332,-2.18635,0
1.1383,0.837147,-2.18084,0
1.13839,0.85028,-2.18649,0
1.13848,0.858712,-2.17997,0
1.13857,0.865993,-2.17063,0
1.13865,0.878452,-2.17425,0
1.13874,0.886795,-2.16762,0
1.13883,0.904664,-2.18405,0
1.13891,0.915732,-2.18377,0
1.139,0.928377,-2.18712,0
1.13909,0.936727,-2.18029,0
1.13918,0.951016,-2.18719,0
1.13926,0.958537,-2.17844,0
1.13935,0.968847,-2.17607,0
1.13944,0.981618,-2.17911,0
1.13953,0.991946,-2.17663,0
1.13961,1.00436,-2.17864,0
1.1397,1.01936,-2.18601,0
1.13979,1.02888,-2.18155,0
1.13987,1.03839,-2.17704,0
1.13996,1.04788,-2.17248,0
1.14005,1.0591,-2.17149,0
1.14014,1.07432,-2.1785,0
1.14022,1.08381,-2.1738,0
1.14031,1.09644,-2.1753,0
1.1404,1.10683,-2.17227,0
1.14049,1.12179,-2.17809,0
1.14057,1.12944,-2.16963,0
1.14066,1.14308,-2.17264,0
1.14075,1.15584,-2.17382,0
1.14083,1.17052,-2.17844,0
1.14092,1.17858,-2.17068,0
1.14101,1.19333,-2.17516,0
1.1411,1.20669,-2.17693,0
1.14118,1.21618,-2.17164,0
1.14127,1.22466,-2.16457,0
1.14136,1.24203,-2.1731,0
1.14145,1.2545,-2.17286,0
1.14153,1.26548,-2.16995,0
1.14162,1.28052,-2.17389,0
1.14171,1.28744,-2.16399,0
1.14179,1.30459,-2.1712,0
1.14188,1.31665,-2.16977,0
1.14197,1.3261,-2.164,0
1.14206,1.34027,-2.16585,0
1.14214,1.35712,-2.17185,0
1.14223,1.36819,-2.16845,0
1.14232,1.38301,-2.17089,0
1.14241,1.39247,-2.16483,0
1.14249,1.40844,-2.1688,0
1.14258,1.41679,-2.16096,0
1.14267,1.43835,-2.17311,0
1.14275,1.44448,-2.16182,0
1.14284,1.46564,-2.17291,0
1.14293,1.47624,-2.16814,0
1.14302,1.48908,-2.16663,0
1.1431,1.49909,-2.16093,0
1.14319,1.51137,-2.15847,0
1.14328,1.52886,-2.16328,0
1.14337,1.53828,-2.15659,0
1.14345,1.55644,-2.16203,0
1.14354,1.56997,-2.16088,0
1.14363,1.58944,-2.16772,0
1.14371,1.60364,-2.1672,0
1.1438,1.61607,-2.16419,0
1.14389,1.63272,-2.1667,0
1.14398,1.64761,-2.16672,0
1.14406,1.65887,-2.16189,0
1.14415,1.67809,-2.16728,0
1.14424,1.69553,-2.17018,0
1.14433,1.70932,-2.16826,0
1.14441,1.7169,-2.15843,0
1.1445,1.73506,-2.16184,0
1.14459,1.74888,-2.15969,0
1.14467,1.76462,-2.15978,0
1.14476,1.78484,-2.16518,0
1.14485,1.79491,-2.15814,0
1.14494,1.81716,-2.16561,0
1.14502,1.83305,-2.16529,0
1.14511,1.83924,-2.15347,0
1.1452,1.86493,-2.16436,0
1.14529,1.87764,-2.15998,0
1.14537,1.88837,-2.15327,0
1.14546,1.91166,-2.16074,0
1.14555,1.92573,-2.1576,0
1.14563,1.95654,-2.17296,0
1.14572,1.9539,-2.15107,0
1.14581,1.98488,-2.16612,0
1.1459,1.99703,-2.16038,0
1.14598,2.00985,-2.1553,0
1.14607,2.02677,-2.15452,0
1.14616,2.04923,-2.15944,0
1.14624,2.07108,-2.16348,0
1.14633,2.08259,-2.15658,0
1.14642,2.10384,-2.15965,0
1.14651,2.11815,-2.15544,0
1.14659,2.11838,-2.13695,0
1.14668,2.0195,-2.0195,0
1.14677,2.01835,-2.00081,0
1.14686,2.01493,-1.98007,0
1.14694,2.01997,-1.96777,0
1.14703,2.01127,-1.94226,0
1.14712,2.01323,-1.92725,0
1.1472,2.01074,-1.90812,0
1.14729,2.01467,-1.89522,0
1.14738,2.01342,-1.87754,0
1.14747,2.01498,-1.86263,0
1.14755,2.00908,-1.84098,0
1.14764,2.01561,-1.83085,0
1.14773,2.01615,-1.81535,0
1.14782,2.01212,-1.79588,0
1.1479,2.01244,-1.78046,0
1.14799,2.00892,-1.76177,0
1.14808,2.01281,-1.74971,0
1.14816,2.00679,-1.72916,0
1.14825,2.01203,-1.71844,0
1.14834,2.0073,-1.69931,0
1.14843,2.01623,-1.69182,0
1.14851,2.00591,-1.6683,0
1.1486,2.01008,-1.65698,0
1.14869,2.00568,-1.63871,0
1.14878,2.01436,-1.6312,0
1.14886,2.01132,-1.61426,0
1.14895,2.00426,-1.59426,0
1.14904,2.00884,-1.58364,0
1.14912,2.011,-1.57117,0
1.14921,2.00756,-1.55442,0
1.1493,2.00798,-1.54078,0
1.14939,2.00672,-1.52595,0
1.14947,2.00298,-1.50935,0
1.14956,2.00073,-1.49402,0
1.14965,2.00562,-1.48408,0
1.14974,1.99595,-1.46349,0
1.14982,1.99908,-1.45242,0
1.14991,1.99891,-1.43901,0
1.15,2.00517,-1.43027,0
1.15008,2.00404,-1.41631,0
1.15017,2.00119,-1.40125,0
1.15026,1.99742,-1.38566,0
1.15035,2.00015,-1.37467,0
1.15043,1.99539,-1.35861,0
1.15052,2.0013,-1.34989,0
1.15061,2.00052,-1.3367,0
1.1507,2.00633,-1.32796,0
1.15078,2.00458,-1.31426,0
1.15087,1.99436,-1.29515,0
1.15096,1.99158,-1.28103,0
1.15104,2.00558,-1.2777,0
1.15113,2.00184,-1.26307,0
1.15122,2.00309,-1.25167,0
1.15131,1.99918,-1.23713,0
1.15139,1.98921,-1.21899,0
1.15148,2.00562,-1.21704,0
1.15157,1.99463,-1.19849,0
1.15166,1.99984,-1.18978,0
1.15174,1.99639,-1.17597,0
1.15183,1.99978,-1.16624,0
1.15192,2.00658,-1.1585,0
1.152,2.0012,-1.14378,0
1.15209,1.99224,-1.12716,0
1.15218,1.99365,-1.1165,0
1.15227,1.99588,-1.10634,0
1.15235,1.99894,-1.09665,0
1.15244,1.99843,-1.08506,0
1.15253,1.99786,-1.07349,0
1.15262,2.00871,-1.06805,0
1.1527,2.00096,-1.05275,0
1.15279,1.99844,-1.04032,0
1.15288,1.9994,-1.02976,0
1.15296,1.99942,-1.01875,0
1.15305,1.98688,-1.00147,0
1.15314,2.00286,-0.998591,0
1.15323,1.99734,-0.984977,0
1.15331,2.00341,-0.977129,0
1.1534,1.99775,-0.9636,0
1.15349,1.99832,-0.953152,0
1.15358,1.99613,-0.941437,0
1.15366,2.00203,-0.933564,0
1.15375,2.00155,-0.922726,0
1.15384,1.991,-0.907349,0
1.15392,2.00223,-0.901939,0
1.15401,1.98787,-0.885059,0
1.1541,1.99629,-0.878391,0
1.15419,1.99461,-0.867279,0
1.15427,2.00021,-0.859357,0
1.15436,1.99473,-0.846714,0
1.15445,1.98458,-0.832202,0
1.15454,1.9965,-0.826979,0
1.15462,1.99269,-0.815231,0
1.15471,1.99994,-0.808026,0
1.1548,1.98765,-0.792993,0
1.15488,1.98551,-0.782114,0
1.15497,1.99077,-0.774168,0
1.15506,1.99133,-0.764399,0
1.15515,1.99184,-0.75464,0
1.15523,1.99792,-0.746992,0
1.15532,1.98146,-0.730999,0
1.15541,1.99027,-0.724399,0
1.1555,1.9887,-0.714018,0
1.15558,1.99651,-0.707003,0
1.15567,1.99014,-0.694988,0
1.15576,1.99315,-0.686298,0
1.15584,1.9895,-0.675344,0
1.15593,1.98389,-0.663801,0
1.15602,1.98677,-0.655139,0
1.15611,1.97344,-0.64121,0
1.15619,1.98384,-0.635032,0
1.15628,1.99136,-0.627874,0
1.15637,1.99504,-0.619475,0
1.15646,1.98816,-0.607841,0
1.15654,1.98983,-0.598872,0
1.15663,1.98763,-0.588764,0
1.15672,1.9873,-0.579246,0
1.1568,1.98404,-0.568916,0
1.15689,1.99036,-0.561339,0
1.15698,1.98701,-0.551046,0
1.15707,1.99422,-0.543686,0
1.15715,1.98594,-0.532132,0
1.15724,1.97954,-0.52117,0
1.15733,1.99148,-0.515032,0
1.15742,1.98402,-0.503876,0
1.1575,1.98425,-0.49473,0
1.15759,1.98834,-0.486543,0
1.15768,1.99336,-0.478563,0
1.15776,1.9818,-0.466652,0
1.15785,1.98771,-0.4589,0
1.15794,1.9897,-0.450223,0
1.15803,1.99848,-0.443052,0
1.15811,1.99648,-0.433479,0
1.1582,1.99249,-0.423516,0
1.15829,1.98648,-0.413189,0
1.15837,1.98827,-0.404518,0
1.15846,1.99099,-0.396033,0
1.15855,1.98289,-0.385434,0
1.15864,1.98553,-0.376965,0
1.15872,1.98421,-0.367751,0
1.15881,1.99071,-0.35998,0
1.1589,1.98537,-0.350075,0
1.15899,1.98195,-0.340562,0
1.15907,1.98835,-0.332736,0
1.15916,1.98386,-0.323093,0
1.15925,1.98229,-0.313964,0
1.15933,1.97969,-0.304703,0
1.15942,1.9899,-0.297393,0
1.15951,1.98722,-0.288133,0
1.1596,1.98747,-0.27932,0
1.15968,1.9748,-0.268758,0
1.15977,1.98884,-0.261836,0
1.15986,1.98897,-0.253029,0
1.15995,1.98708,-0.243982,0
1.16003,1.98713,-0.235192,0
1.16012,1.97721,-0.225274,0
1.16021,1.97817,-0.216645,0
1.16029,1.9791,-0.208012,0
1.16038,1.98994,-0.200376,0
1.16047,1.97785,-0.190446,0
1.16056,1.97767,-0.181722,0
1.16064,1.97247,-0.172568,0
1.16073,1.98815,-0.165202,0
1.16082,1.98087,-0.155898,0
1.16091,1.98652,-0.147624,0
1.16099,1.98415,-0.138746,0
1.16108,1.98474,-0.130087,0
1.16117,1.97231,-0.120632,0
1.16125,1.9838,-0.112649,0
1.16134,1.97829,-0.103678,0
1.16143,1.98072,-0.0951407,0
1.16152,1.98511,-0.0866718,0
1.1616,1.97747,-0.0776952,0
1.16169,1.98579,-0.0693453,0
1.16178,1.97608,-0.0603747,0
1.16187,1.98432,-0.0519613,0
1.16195,1.97553,-0.0431063,0
1.16204,1.9837,-0.0346256,0
1.16213,1.97283,-0.0258258,0
1.16221,1.96393,-0.017139,0
1.1623,1.96198,-0.00856086,0
1.16239,1.975,-4.78234e-08,0
1.16248,1.96398,0.00856949,0
1.16256,1.92493,0.0167985,0
1.16265,1.72585,0.0225926,0
1.16274,1.67175,0.0291804,0
1.16283,1.6706,0.0364526,0
1.16291,1.67043,0.0437416,0
1.163,1.66122,0.050755,0
1.16309,1.645,0.0574445,0
1.16317,1.65772,0.065132,0
1.16326,1.64943,0.0720156,0
1.16335,1.65709,0.0795957,0
1.16344,1.64974,0.086459,0
1.16352,1.65034,0.0937131,0
1.16361,1.6579,0.101402,0
1.1637,1.64148,0.107588,0
1.16379,1.64598,0.115098,0
1.16387,1.64247,0.122057,0
1.16396,1.64392,0.129379,0
1.16405,1.64234,0.136468,0
1.16413,1.6487,0.144243,0
1.16422,1.65005,0.151618,0
1.16431,1.65634,0.159487,0
1.1644,1.65563,0.166713,0
1.16448,1.6708,0.175608,0
1.16457,1.66107,0.181917,0
1.16466,1.66125,0.189276,0
1.16475,1.67829,0.198638,0
1.16483,1.74787,0.214612,0
1.16492,1.95326,0.248486,0
1.16501,1.97,0.259355,0
1.16509,1.9748,0.268758,0
1.16518,1.97162,0.277094,0
1.16527,1.96941,0.28555,0
1.16536,1.96517,0.293697,0
1.16544,1.96783,0.302878,0
1.16553,1.97735,0.313182,0
1.16562,1.96708,0.32036,0
1.16571,1.98243,0.331746,0
1.16579,1.97703,0.339715,0
1.16588,1.97552,0.348338,0
1.16597,1.97595,0.357311,0
1.16605,1.97339,0.365747,0
1.16614,1.9708,0.374167,0
1.16623,1.96031,0.381046,0
1.16632,1.9753,0.392912,0
1.1664,1.97063,0.400929,0
1.16649,1.97473,0.410745,0
1.16658,1.97781,0.420397,0
1.16667,1.97694,0.429235,0
1.16675,1.96236,0.435044,0
1.16684,1.97409,0.446692,0
1.16693,1.97212,0.455301,0
1.16701,1.96915,0.463672,0
1.1671,1.96419,0.47156,0
1.16719,1.9796,0.484404,0
1.16728,1.97358,0.492069,0
1.16736,1.97142,0.500676,0
1.16745,1.96631,0.508522,0
1.16754,1.97761,0.520661,0
1.16763,1.97725,0.529803,0
1.16771,1.97203,0.537636,0
1.1678,1.97159,0.54677,0
1.16789,1.96918,0.555367,0
1.16797,1.97251,0.565608,0
1.16806,1.97962,0.577007,0
1.16815,1.98284,0.587344,0
1.16824,1.9793,0.595702,0
1.16832,1.97286,0.603163,0
1.16841,1.97307,0.612655,0
1.1685,1.97229,0.62186,0
1.16859,1.97622,0.632593,0
1.16867,1.96869,0.639665,0
1.16876,1.96968,0.649502,0
1.16885,1.97631,0.661263,0
1.16893,1.9734,0.66988,0
1.16902,1.97141,0.67881,0
1.16911,1.9722,0.688724,0
1.1692,1.97483,0.699325,0
1.16928,1.97082,0.707598,0
1.16937,1.96866,0.716532,0
1.16946,1.97302,0.727884,0
1.16955,1.97169,0.737186,0
1.16963,1.96659,0.745074,0
1.16972,1.97826,0.759382,0
1.16981,1.98424,0.771631,0
1.16989,1.97714,0.778815,0
1.16998,1.96815,0.785211,0
1.17007,1.9647,0.793791,0
1.17016,1.96492,0.803871,0
1.17024,1.9614,0.812437,0
1.17033,1.97443,0.827948,0
1.17042,1.9662,0.834602,0
1.17051,1.96805,0.845541,0
1.17059,1.96801,0.855715,0
1.17068,1.96975,0.866711,0
1.17077,1.97052,0.877331,0
1.17085,1.97305,0.888796,0
1.17094,1.96279,0.894493,0
1.17103,1.96613,0.906398,0
1.17112,1.96759,0.917504,0
1.1712,1.96176,0.925228,0
1.17129,1.96854,0.938945,0
1.17138,1.96712,0.948828,0
1.17146,1.96476,0.958279,0
1.17155,1.96505,0.969054,0
1.17164,1.96707,0.980743,0
1.17173,1.96187,0.988866,0
1.17181,1.95576,0.996509,0
1.1719,1.9585,1.0087,0
1.17199,1.96916,1.02508,0
1.17208,1.96556,1.03413,0
1.17216,1.96897,1.04692,0
1.17225,1.9732,1.06024,0
1.17234,1.97031,1.06979,0
1.17242,1.9665,1.07886,0
1.17251,1.96789,1.09082,0
1.1726,1.97271,1.10477,0
1.17269,1.96526,1.11189,0
1.17277,1.96734,1.12443,0
1.17286,1.97021,1.1375,0
1.17295,1.96177,1.14407,0
1.17304,1.96451,1.15719,0
1.17312,1.96117,1.16677,0
1.17321,1.9552,1.1748,0
1.1733,1.96117,1.19007,0
1.17338,1.96193,1.20227,0
1.17347,1.96601,1.21661,0
1.17356,1.96747,1.22941,0
1.17365,1.97224,1.24439,0
1.17373,1.96763,1.25352,0
1.17382,1.97055,1.2675,0
1.17391,1.96501,1.27609,0
1.174,1.96444,1.28794,0
1.17408,1.96297,1.29926,0
1.17417,1.96476,1.31281,0
1.17426,1.96814,1.32752,0
1.17434,1.96811,1.34004,0
1.17443,1.96884,1.35314,0
1.17452,1.97524,1.37027,0
1.17461,1.96269,1.37429,0
1.17469,1.95912,1.38457,0
1.17478,1.9612,1.39891,0
1.17487,1.95833,1.40979,0
1.17496,1.96187,1.42538,0
1.17504,1.96369,1.43984,0
1.17513,1.96865,1.45672,0
1.17522,1.96307,1.4659,0
1.1753,1.96065,1.47746,0
1.17539,1.96692,1.49568,0
1.17548,1.96117,1.50486,0
1.17557,1.96249,1.51952,0
1.17565,1.95978,1.53115,0
1.17574,1.95937,1.54464,0
1.17583,1.9573,1.55691,0
1.17592,1.96141,1.5742,0
1.176,1.95996,1.58715,0
1.17609,1.96231,1.60328,0
1.17618,1.95838,1.61437,0
1.17626,1.95747,1.62801,0
1.17635,1.95571,1.64104,0
1.17644,1.96151,1.66054,0
1.17653,1.95957,1.67363,0
1.17661,1.96285,1.6913,0
1.1767,1.95545,1.69985,0
1.17679,1.96005,1.71891,0
1.17688,1.95702,1.73143,0
1.17696,1.94796,1.73862,0
1.17705,1.95447,1.75981,0
1.17714,1.95862,1.77908,0
1.17722,1.95821,1.79437,0
1.17731,1.96211,1.81376,0
1.1774,1.96003,1.82776,0
1.17749,1.9564,1.8404,0
1.17757,1.95633,1.85649,0
1.17766,1.96194,1.87815,0
1.17775,1.95948,1.89225,0
1.17784,1.95765,1.90706,0
1.17792,1.95645,1.92259,0
1.17801,1.95869,1.94167,0
1.1781,1.96576,1.96576,0
1.17818,1.96139,1.97858,0
1.17827,1.96325,1.99781,0
1.17836,1.95591,2.00779,0
1.17845,1.95477,2.02422,0
1.17853,1.9556,2.04285,0
1.17862,1.95424,2.05934,0
1.17871,1.95688,2.08023,0
1.1788,1.95461,2.09606,0
1.17888,1.95766,2.11779,0
1.17897,1.95448,2.13294,0
1.17906,1.96129,2.15922,0
1.17914,1.95654,2.17296,0
1.17923,1.9537,2.18893,0
1.17932,1.95539,2.21017,0
1.17941,1.95298,2.22695,0
1.17949,1.95046,2.24375,0
1.17958,1.9524,2.26588,0
1.17967,1.95224,2.28578,0
1.17976,1.95711,2.31183,0
1.17984,1.95729,2.33261,0
1.17993,1.9554,2.35112,0
1.18002,1.9553,2.37197,0
1.1801,1.95379,2.39132,0
1.18019,1.95593,2.41537,0
1.18028,1.95163,2.43168,0
1.18037,1.95719,2.46052,0
1.18045,1.95448,2.47925,0
1.18054,1.96211,2.51139,0
1.18063,1.96338,2.53574,0
1.18072,1.95778,2.55142,0
1.1808,1.96539,2.58462,0
1.18089,1.95951,2.60036,0
1.18098,1.96071,2.62571,0
1.18106,1.95697,2.64469,0
1.18115,1.95783,2.67014,0
1.18124,1.95674,2.69322,0
1.18133,1.95607,2.71715,0
1.18141,1.95523,2.74113,0
1.1815,1.95595,2.7676,0
1.18159,1.95532,2.79249,0
1.18168,1.95053,2.81168,0
1.18176,1.95863,2.84983,0
1.18185,1.95575,2.8724,0
1.18194,1.95606,2.89997,0
1.18202,1.95839,2.93093,0
1.18211,1.95331,2.95112,0
1.1822,1.94644,2.96882,0
1.18229,1.93347,2.97728,0
1.18237,1.90964,2.96887,0
1.18246,1.89613,2.97633,0
1.18255,1.87672,2.97442,0
1.18264,1.85578,2.96986,0
1.18272,1.83964,2.97283,0
1.18281,1.82248,2.97401,0
1.1829,1.80014,2.96654,0
1.18298,1.78409,2.96923,0
1.18307,1.76703,2.97011,0
1.18316,1.74847,2.96831,0
1.18325,1.72845,2.96382,0
1.18333,1.711,2.96354,0
1.18342,1.69706,2.96924,0
1.18351,1.67769,2.9653,0
1.1836,1.66131,2.96649,0
1.18368,1.64205,2.96234,0
1.18377,1.62189,2.95632,0
1.18386,1.59514,2.93789,0
1.18394,1.51273,2.81533,0
1.18403,1.48165,2.78658,0
1.18412,1.46808,2.79037,0
1.18421,1.45128,2.78787,0
1.18429,1.43589,2.78796,0
1.18438,1.41963,2.78618,0
1.18447,1.40386,2.7852,0
1.18455,1.38857,2.78504,0
1.18464,1.37508,2.78838,0
1.18473,1.35238,2.77278,0
1.18482,1.34461,2.78766,0
1.1849,1.33631,2.80162,0
1.18499,1.31938,2.79748,0
1.18508,1.30462,2.79777,0
1.18517,1.29491,2.80889,0
1.18525,1.28099,2.81087,0
1.18534,1.27035,2.82008,0
1.18543,1.25682,2.82286,0
1.18551,1.25697,2.85669,0
1.1856,1.25088,2.87682,0
1.18569,1.25331,2.91716,0
1.18578,1.25112,2.94746,0
1.18586,1.2398,2.95658,0
1.18595,1.22688,2.96196,0
1.18604,1.20865,2.95433,0
1.18613,1.19462,2.95679,0
1.18621,1.17948,2.9564,0
1.1863,1.16767,2.96431,0
1.18639,1.1482,2.9526,0
1.18647,1.13459,2.95572,0
1.18656,1.11779,2.95035,0
1.18665,1.10245,2.94864,0
1.18674,1.09096,2.95718,0
1.18682,1.07292,2.94782,0
1.18691,1.06309,2.96094,0
1.187,1.04615,2.95424,0
1.18709,1.03259,2.95689,0
1.18717,1.0161,2.95096,0
1.18726,1.00128,2.94969,0
1.18735,0.989039,2.95592,0
1.18743,0.973313,2.95166,0
1.18752,0.95888,2.95113,0
1.18761,0.947214,2.95909,0
1.1877,0.931887,2.95557,0
1.18778,0.917203,2.95388,0
1.18787,0.902259,2.95116,0
1.18796,0.890238,2.95794,0
1.18805,0.875051,2.95412,0
1.18813,0.857676,2.94255,0
1.18822,0.845931,2.95011,0
1.18831,0.833322,2.95474,0
1.18839,0.816681,2.94485,0
1.18848,0.80435,2.95032,0
1.18857,0.791728,2.95477,0
1.18866,0.776281,2.94852,0
1.18874,0.761906,2.94607,0
1.18883,0.749783,2.95228,0
1.18892,0.735927,2.95164,0
1.18901,0.723041,2.95482,0
1.18909,0.708974,2.95309,0
1.18918,0.694706,2.95031,0
1.18927,0.680027,2.94552,0
1.18935,0.667831,2.95139,0
1.18944,0.654513,2.95232,0
1.18953,0.640565,2.95026,0
1.18962,0.625606,2.94325,0
1.1897,0.611129,2.93812,0
1.18979,0.600098,2.94957,0
1.18988,0.586637,2.94922,0
1.18997,0.571855,2.94194,0
1.19005,0.560878,2.95423,0
1.19014,0.546524,2.94878,0
1.19023,0.532941,2.9472,0
1.19031,0.52025,2.95048,0
1.1904,0.506186,2.94583,0
1.19049,0.492007,2.94012,0
1.19058,0.479174,2.94224,0
1.19066,0.466644,2.94627,0
1.19075,0.453024,2.94334,0
1.19084,0.440324,2.94628,0
1.19093,0.428182,2.95312,0
1.19101,0.413901,2.94506,0
1.1911,0.400777,2.94485,0
1.19119,0.387924,2.94657,0
1.19127,0.372413,2.92741,0
1.19136,0.361221,2.94191,0
1.19145,0.348498,2.94445,0
1.19154,0.335308,2.94296,0
1.19162,0.322028,2.94042,0
1.19171,0.308986,2.93981,0
1.1918,0.295555,2.93516,0
1.19189,0.283128,2.9404,0
1.19197,0.270753,2.94659,0
1.19206,0.257022,2.93778,0
1.19215,0.24445,2.94186,0
1.19223,0.23169,2.9439,0
1.19232,0.218991,2.94687,0
1.19241,0.205921,2.94481,0
1.1925,0.192809,2.94169,0
1.19258,0.180215,2.94649,0
1.19267,0.166847,2.93827,0
1.19276,0.153868,2.93597,0
1.19285,0.140864,2.93262,0
1.19293,0.128023,2.93221,0
1.19302,0.115463,2.93873,0
1.19311,0.102395,2.93221,0
1.19319,0.0899666,2.94463,0
1.19328,0.0766724,2.928,0
1.19337,0.064005,2.9333,0
1.19346,0.0512404,2.93555,0
1.19354,0.0384966,2.94075,0
1.19363,0.0256038,2.93389,0
1.19372,0.0127977,2.93297,0
1.19381,1.06637e-07,2.931,0
1.19389,-0.0128106,2.93597,0
1.19398,-0.0256559,2.93989,0
1.19407,-0.0383917,2.93275,0
1.19415,-0.0512402,2.93555,0
1.19424,-0.0641138,2.9383,0
1.19433,-0.0772481,2.94999,0
1.19442,-0.0893556,2.92464,0
1.1945,-0.10257,2.93721,0
1.19459,-0.115306,2.93474,0
1.19468,-0.12859,2.94519,0
1.19477,-0.1412,2.93961,0
1.19485,-0.153554,2.92998,0
1.19494,-0.166393,2.93028,0
1.19503,-0.179299,2.93152,0
1.19511,-0.192285,2.93371,0
1.1952,-0.204665,2.92685,0
1.19529,-0.217434,2.92593,0
1.19538,-0.230905,2.93393,0
1.19546,-0.243125,2.92592,0
1.19555,-0.256499,2.9318,0
1.19564,-0.269015,2.92767,0
1.19573,-0.282457,2.93343,0
1.19581,-0.295254,2.93217,0
1.1959,-0.308254,2.93284,0
1.19599,-0.319851,2.92054,0
1.19607,-0.333044,2.92309,0
1.19616,-0.346853,2.93055,0
1.19625,-0.360002,2.93198,0
1.19634,-0.373296,2.93435,0
1.19642,-0.385574,2.92873,0
1.19651,-0.399428,2.93494,0
1.1966,-0.4107,2.92228,0
1.19668,-0.425025,2.93135,0
1.19677,-0.438846,2.93639,0
1.19686,-0.45135,2.93247,0
1.19695,-0.463672,2.92751,0
1.19703,-0.477727,2.93335,0
1.19712,-0.490026,2.92828,0
1.19721,-0.502799,2.92612,0
1.1973,-0.513478,2.91208,0
1.19738,-0.370656,2.04976,0
1.19747,-0.386521,2.08548,0
1.19756,-0.384799,2.0268,0
1.19764,-0.390586,2.00939,0
1.19773,-0.397204,1.99688,0
1.19782,-0.408505,2.00787,0
1.19791,-0.43396,2.08635,0
1.19799,-0.439733,2.06878,0
1.19808,-0.461699,2.12646,0
1.19817,-0.644341,2.90643,0
1.19826,-0.658782,2.9114,0
1.19834,-0.671254,2.90752,0
1.19843,-0.685767,2.91235,0
1.19852,-0.697301,2.90447,0
1.1986,-0.70973,2.90043,0
1.19869,-0.599482,2.40439,0
1.19878,-0.575999,2.268,0
1.19887,-0.581633,2.24901,0
1.19895,-0.589913,2.24065,0
1.19904,-0.602789,2.24964,0
1.19913,-0.604972,2.21901,0
1.19922,-0.598079,2.15661,0
1.1993,-0.601783,2.13376,0
1.19939,-0.604473,2.10805,0
1.19948,-0.604431,2.07371,0
1.19956,-0.579107,1.95503,0
1.19965,-0.572358,1.90174,0
1.19974,-0.595269,1.94704,0
1.19983,-0.599014,1.92914,0
1.19991,-0.601111,1.90648,0
1.2,-0.600278,1.87527,0
1.20009,-0.608145,1.87168,0
1.20018,-0.620691,1.8823,0
1.20026,-0.62509,1.8682,0
1.20035,-0.637414,1.87776,0
1.20044,-0.645602,1.87496,0
1.20052,-0.654766,1.87496,0
1.20061,-0.663274,1.87303,0
1.2007,-0.669751,1.86541,0
1.20079,-0.68062,1.86999,0
1.20087,-0.690503,1.87169,0
1.20096,-0.701465,1.87615,0
1.20105,-0.709999,1.87401,0
1.20114,-0.721753,1.88023,0
1.20122,-0.730313,1.878,0
1.20131,-0.739599,1.87758,0
1.2014,-0.749638,1.87898,0
1.20148,-0.758204,1.87662,0
1.20157,-0.76487,1.86959,0
1.20166,-0.777613,1.87732,0
1.20175,-0.786957,1.87668,0
1.20183,-0.794747,1.87231,0
1.20192,-0.804488,1.8725,0
1.20201,-0.816638,1.87814,0
1.2021,-0.823214,1.8709,0
1.20218,-0.836657,1.87916,0
1.20227,-0.841974,1.86911,0
1.20236,-0.849292,1.8636,0
1.20244,-0.86202,1.86987,0
1.20253,-0.875665,1.87787,0
1.20262,-0.882571,1.87132,0
1.20271,-0.894171,1.87467,0
1.20279,-0.904515,1.87525,0
1.20288,-0.912689,1.87129,0
1.20297,-0.924383,1.87446,0
1.20306,-0.934784,1.87489,0
1.20314,-0.939806,1.86454,0
1.20323,-0.952472,1.86933,0
1.20332,-0.961993,1.86783,0
1.2034,-0.973828,1.87071,0
1.20349,-0.984775,1.87175,0
1.20358,-0.996219,1.87361,0
1.20367,-1.02568,1.90889,0
1.20375,-1.02589,1.88946,0
1.20384,-1.02258,1.86392,0
1.20393,-1.03604,1.86906,0
1.20402,-1.05005,1.87499,0
1.2041,-1.05576,1.86604,0
1.20419,-1.06835,1.86923,0
1.20428,-1.08,1.87062,0
1.20436,-1.09319,1.87452,0
1.20445,-1.09933,1.86629,0
1.20454,-1.10746,1.86147,0
1.20463,-1.10785,1.84377,0
1.20471,-1.11329,1.83464,0
1.2048,-1.1077,1.8076,0
1.20489,-1.10715,1.78914,0
1.20498,-1.10276,1.76479,0
1.20506,-1.10512,1.7515,0
1.20515,-1.10469,1.73401,0
1.20524,-1.10683,1.72077,0
1.20532,-1.10289,1.69831,0
1.20541,-1.09713,1.67341,0
1.2055,-1.09946,1.6611,0
1.20559,-1.10114,1.64797,0
1.20567,-1.10161,1.6332,0
1.20576,-1.10197,1.61846,0
1.20585,-1.10506,1.60787,0
1.20594,-1.1018,1.58824,0
1.20602,-1.10012,1.57113,0
1.20611,-1.10119,1.55815,0
1.2062,-1.10334,1.54682,0
1.20628,-1.10073,1.52901,0
1.20637,-1.10386,1.51933,0
1.20646,-1.10161,1.50241,0
1.20655,-1.1028,1.49035,0
1.20663,-1.1057,1.48072,0
1.20672,-1.10253,1.4631,0
1.20681,-1.10587,1.4543,0
1.2069,-1.0976,1.43042,0
1.20698,-1.09832,1.4185,0
1.20707,-1.1008,1.40896,0
1.20716,-1.09889,1.39394,0
1.20724,-1.09749,1.37974,0
1.20733,-1.101,1.37182,0
1.20742,-1.09816,1.35612,0
1.20751,-1.10027,1.34667,0
1.20759,-1.09978,1.33414,0
1.20768,-1.09856,1.32087,0
1.20777,-1.0966,1.30687,0
1.20786,-1.101,1.30055,0
1.20794,-1.09952,1.28737,0
1.20803,-1.10316,1.28028,0
1.20812,-1.10546,1.27169,0
1.2082,-1.10243,1.25708,0
1.20829,-1.10658,1.25076,0
1.20838,-1.10403,1.23696,0
1.20847,-1.10273,1.2247,0
1.20855,-1.10335,1.2147,0
1.20864,-1.10729,1.2084,0
1.20873,-1.10916,1.19988,0
1.20882,-0.0286439,0.0307169,0
1.2089,-0.0465924,0.0495292,0
1.20899,-1.10756,1.16713,0
1.20908,-1.09812,1.14711,0
1.20916,-1.10451,1.14375,0
1.20925,-0.0216315,0.0222054,0
1.20934,-1.10183,1.12123,0
1.20943,-0.0330887,0.0333787,0
1.20951,-1.09389,1.09389,0
