7200
3921
3.42085
3.43655,-0.046669,-0.046669,0
3.43664,-0.0197124,-0.0198852,0
3.43673,-0.0343446,-0.0349493,0
3.43682,-0.0488453,-0.0501411,0
3.4369,-0.0500154,-0.0517925,0
3.43699,-0.0449483,-0.0469537,0
3.43708,-0.0502499,-0.0529523,0
3.43716,-0.0507035,-0.0538995,0
3.43725,-0.0545599,-0.0585083,0
3.43734,-0.0515889,-0.0558085,0
3.43743,-0.0587763,-0.0641431,0
3.43751,-0.0584959,-0.064399,0
3.4376,-0.0495157,-0.0549927,0
3.43769,-0.050607,-0.0567004,0
3.43777,-0.0457208,-0.0516779,0
3.43786,-0.0540664,-0.0616509,0
3.43795,-0.0564211,-0.064905,0
3.43804,-0.0535263,-0.0621203,0
3.43812,-0.062347,-0.072999,0
3.43821,-0.0723659,-0.085482,0
3.4383,-0.060422,-0.0720082,0
3.43839,-0.0530734,-0.0638139,0
3.43847,-0.0616996,-0.0748476,0
3.43856,-0.060107,-0.0735673,0
3.43865,-0.0641907,-0.0792689,0
3.43873,-0.0644701,-0.0803281,0
3.43882,-0.0591389,-0.0743478,0
3.43891,-0.0569566,-0.0722492,0
3.439,-0.0627975,-0.0803771,0
3.43908,-0.0612217,-0.079069,0
3.43917,-0.0608761,-0.0793353,0
3.43926,-0.0581082,-0.0764162,0
3.43935,-0.0559688,-0.0742731,0
3.43943,-0.068209,-0.0913429,0
3.43952,-0.0535341,-0.0723471,0
3.43961,-0.0520352,-0.0709671,0
3.43969,-0.0570152,-0.0784746,0
3.43978,-0.0531667,-0.0738532,0
3.43987,-0.0511019,-0.0716422,0
3.43996,-0.0582917,-0.0824808,0
3.44004,-0.0504747,-0.0720854,0
3.44013,-0.0632696,-0.0912028,0
3.44022,-0.0685352,-0.0997193,0
3.44031,-0.0579689,-0.0851387,0
3.44039,-0.0687807,-0.101972,0
3.44048,-0.0588904,-0.0881358,0
3.44057,-0.0546418,-0.0825547,0
3.44065,-0.0570225,-0.0869738,0
3.44074,-0.736352,-1.13388,0
3.44083,-0.723283,-1.12447,0
3.44092,-0.716758,-1.12508,0
3.441,-0.710775,-1.12651,0
3.44109,-0.709032,-1.13469,0
3.44118,-0.7046,-1.13862,0
3.44127,-0.695968,-1.13572,0
3.44135,-0.686856,-1.1319,0
3.44144,-0.68294,-1.1366,0
3.44153,-0.675929,-1.13614,0
3.44161,-0.677056,-1.14941,0
3.4417,-0.672035,-1.15236,0
3.44179,-0.6685,-1.15788,0
3.44188,-0.663441,-1.16078,0
3.44196,-0.657878,-1.1628,0
3.44205,-0.649378,-1.15955,0
3.44214,-0.645766,-1.16499,0
3.44223,-0.641639,-1.16955,0
3.44231,-0.638916,-1.17674,0
3.4424,-0.626675,-1.1663,0
3.44249,-0.632848,-1.19021,0
3.44257,-0.626252,-1.19031,0
3.44266,-0.625208,-1.20101,0
3.44275,-0.621793,-1.20729,0
3.44284,-0.630139,-1.23672,0
3.44292,-0.633739,-1.25731,0
3.44301,-0.630031,-1.26365,0
3.4431,-0.625839,-1.26907,0
3.44319,-0.620295,-1.27179,0
3.44327,-0.621691,-1.2889,0
3.44336,-0.626824,-1.31416,0
3.44345,-0.614686,-1.30332,0
3.44353,-0.593779,-1.27336,0
3.44362,-0.576494,-1.25051,0
3.44371,-0.566886,-1.24392,0
3.4438,-0.561863,-1.24729,0
3.44388,-0.564144,-1.26709,0
3.44397,-0.559415,-1.27137,0
3.44406,-0.555059,-1.27655,0
3.44415,-0.547904,-1.27528,0
3.44423,-0.550149,-1.29607,0
3.44432,-0.556477,-1.32705,0
3.44441,-0.55757,-1.34609,0
3.44449,-0.55207,-1.34944,0
3.44458,-0.551796,-1.36574,0
3.44467,-0.550648,-1.38021,0
3.44476,-0.547919,-1.39097,0
3.44484,-0.54257,-1.39522,0
3.44493,-0.541852,-1.41157,0
3.44502,-0.533562,-1.40831,0
3.44511,-0.534767,-1.4303,0
3.44519,-0.538212,-1.45889,0
3.44528,-0.543128,-1.49223,0
3.44537,-0.539315,-1.50212,0
3.44545,-0.546108,-1.54216,0
3.44554,-0.551243,-1.57852,0
3.44563,-0.553466,-1.60738,0
3.44572,-0.551269,-1.62399,0
3.4458,-0.653648,-1.95355,0
3.44589,-0.64136,-1.94498,0
3.44598,-0.649554,-1.99912,0
3.44607,-0.648446,-2.02575,0
3.44615,-0.651028,-2.0648,0
3.44624,-0.646164,-2.08099,0
3.44633,-0.63737,-2.08474,0
3.44641,-0.625674,-2.07889,0
3.4465,-0.617449,-2.08447,0
3.44659,-0.614225,-2.10731,0
3.44668,-0.602819,-2.10228,0
3.44676,-0.595812,-2.11259,0
3.44685,-0.591131,-2.13155,0
3.44694,-0.592083,-2.17174,0
3.44703,-0.598131,-2.23225,0
3.44711,-0.595514,-2.26192,0
3.4472,-0.594903,-2.30032,0
3.44729,-0.639014,-2.51612,0
3.44737,-0.640851,-2.57031,0
3.44746,-0.637949,-2.60708,0
3.44755,-0.640808,-2.66916,0
3.44764,-0.639011,-2.71378,0
3.44772,-0.629413,-2.72629,0
3.44781,-0.614863,-2.7173,0
3.4479,-0.604083,-2.72484,0
3.44799,-0.589217,-2.71377,0
3.44807,-0.578618,-2.72218,0
3.44816,-0.566531,-2.7237,0
3.44825,-0.55504,-2.72811,0
3.44833,-0.540985,-2.71972,0
3.44842,-0.52835,-2.71813,0
3.44851,-0.516112,-2.71844,0
3.4486,-0.503517,-2.71673,0
3.44868,-0.49326,-2.72776,0
3.44877,-0.479443,-2.71905,0
3.44886,-0.46605,-2.71225,0
3.44895,-0.455201,-2.72018,0
3.44903,-0.443167,-2.72115,0
3.44912,-0.430664,-2.71911,0
3.44921,-0.418644,-2.71997,0
3.44929,-0.406328,-2.7188,0
3.44938,-0.395466,-2.72748,0
3.44947,-0.3837,-2.73017,0
3.44956,-0.370031,-2.71894,0
3.44964,-0.358425,-2.72251,0
3.44973,-0.345659,-2.7171,0
3.44982,-0.334166,-2.72156,0
3.44991,-0.32217,-2.722,0
3.44999,-0.30995,-2.7204,0
3.45008,-0.29786,-2.71974,0
3.45017,-0.285885,-2.72002,0
3.45025,-0.273714,-2.71825,0
3.45034,-0.262042,-2.72141,0
3.45043,-0.250165,-2.72253,0
3.45052,-0.237761,-2.71762,0
3.4506,-0.22499,-2.70767,0
3.45069,-0.213173,-2.70862,0
3.45078,-0.202242,-2.7215,0
3.45086,-0.189947,-2.71637,0
3.45095,-0.178158,-2.71817,0
3.45104,-0.16593,-2.71293,0
3.45113,-0.153581,-2.70464,0
3.45121,-0.14204,-2.71028,0
3.4513,-0.130596,-2.71887,0
3.45139,-0.118906,-2.72341,0
3.45148,-0.106865,-2.7199,0
3.45156,-0.0952757,-2.72834,0
3.45165,-0.0832175,-2.72373,0
3.45174,-0.0712013,-2.71907,0
3.45182,-0.0592929,-2.71735,0
3.45191,-0.0474531,-2.71859,0
3.452,-0.0356037,-2.71977,0
3.45209,-0.0236489,-2.7099,0
3.45217,-0.0118115,-2.70697,0
3.45226,-3.2694e-08,-2.714,0
3.45235,0.011842,-2.71397,0
3.45244,0.0236402,-2.7089,0
3.45252,0.0355644,-2.71677,0
3.45261,0.0475229,-2.72259,0
3.4527,0.0592928,-2.71735,0
3.45278,0.0711751,-2.71807,0
3.45287,0.0830342,-2.71773,0
3.45296,0.0949266,-2.71834,0
3.45305,0.106747,-2.7169,0
3.45313,0.118514,-2.71441,0
3.45322,0.130117,-2.70888,0
3.45331,0.142354,-2.71627,0
3.4534,0.153864,-2.70964,0
3.45348,0.166418,-2.72092,0
3.45357,0.177962,-2.71517,0
3.45366,0.189877,-2.71537,0
3.45374,0.201279,-2.70853,0
3.45383,0.212546,-2.70065,0
3.45392,0.224907,-2.70667,0
3.45401,0.236715,-2.70566,0
3.45409,0.249067,-2.71058,0
3.45418,0.260892,-2.70947,0
3.45427,0.272712,-2.7083,0
3.45436,0.28484,-2.71007,0
3.45444,0.295682,-2.69986,0
3.45453,0.308818,-2.71046,0
3.45462,0.32076,-2.71008,0
3.4547,0.332338,-2.70667,0
3.45479,0.34528,-2.71413,0
3.45488,0.358033,-2.71953,0
3.45497,0.368952,-2.71101,0
3.45505,0.380638,-2.70838,0
3.45514,0.393313,-2.71263,0
3.45523,0.404259,-2.70496,0
3.45532,0.416362,-2.70515,0
3.4554,0.427848,-2.70133,0
3.45549,0.439309,-2.69746,0
3.45558,0.453386,-2.70933,0
3.45566,0.46588,-2.71126,0
3.45575,0.477532,-2.70822,0
3.45584,0.490234,-2.71103,0
3.45593,0.502241,-2.70985,0
3.45601,0.514993,-2.71255,0
3.4561,0.527587,-2.7142,0
3.45619,0.538254,-2.70599,0
3.45628,0.552648,-2.71635,0
3.45636,0.563477,-2.70902,0
3.45645,0.574668,-2.7036,0
3.45654,0.587732,-2.70693,0
3.45662,0.600836,-2.7102,0
3.45671,0.611553,-2.70267,0
3.4568,0.624689,-2.70583,0
3.45689,0.636948,-2.70502,0
3.45697,0.649211,-2.70416,0
3.45706,0.660529,-2.69936,0
3.45715,0.672543,-2.69742,0
3.45724,0.687752,-2.70803,0
3.45732,0.696808,-2.69435,0
3.45741,0.711103,-2.70096,0
3.4575,0.725211,-2.70652,0
3.45758,0.737013,-2.70333,0
3.45767,0.749604,-2.70298,0
3.45776,0.762205,-2.70257,0
3.45785,0.774265,-2.70018,0
3.45793,0.791077,-2.71406,0
3.45802,0.798367,-2.69524,0
3.45811,0.814154,-2.70514,0
3.4582,0.825658,-2.7006,0
3.45828,0.836544,-2.69411,0
3.45837,0.84799,-2.68948,0
3.45846,0.86368,-2.69814,0
3.45854,0.875445,-2.69434,0
3.45863,0.888133,-2.69335,0
3.45872,0.904636,-2.70367,0
3.45881,0.916424,-2.6997,0
3.45889,0.930799,-2.70324,0
3.45898,0.944234,-2.70387,0
3.45907,0.958359,-2.70632,0
3.45916,0.969483,-2.70023,0
3.45924,0.982624,-2.69974,0
3.45933,0.995433,-2.69824,0
3.45942,1.01035,-2.7023,0
3.4595,1.02319,-2.70067,0
3.45959,1.03676,-2.70085,0
3.45968,1.05143,-2.70375,0
3.45977,1.06359,-2.70007,0
3.45985,1.07721,-2.70005,0
3.45994,1.09123,-2.70089,0
3.46003,1.10338,-2.69703,0
3.46012,1.11667,-2.69588,0
3.4602,1.1292,-2.69283,0
3.46029,1.1425,-2.69156,0
3.46038,1.16292,-2.70676,0
3.46046,1.17152,-2.69432,0
3.46055,1.19052,-2.70566,0
3.46064,1.19825,-2.6913,0
3.46073,1.21819,-2.70429,0
3.46081,1.22874,-2.69622,0
3.4609,1.24468,-2.69991,0
3.46099,1.25856,-2.69898,0
3.46108,1.27288,-2.69889,0
3.46116,1.29024,-2.70505,0
3.46125,1.30203,-2.69939,0
3.46134,1.31424,-2.69458,0
3.46142,1.33217,-2.70138,0
3.46151,1.3435,-2.69465,0
3.4616,1.3566,-2.69144,0
3.46169,1.37378,-2.69619,0
3.46177,1.38553,-2.69017,0
3.46186,1.40464,-2.69829,0
3.46195,1.41733,-2.6939,0
3.46204,1.43142,-2.69211,0
3.46212,1.44646,-2.692,0
3.46221,1.46631,-2.7006,0
3.4623,1.48289,-2.70295,0
3.46238,1.48885,-2.68596,0
3.46247,1.51131,-2.69863,0
3.46256,1.5211,-2.68853,0
3.46265,1.54125,-2.69663,0
3.46273,1.551,-2.68641,0
3.46282,1.5753,-2.70121,0
3.46291,1.58961,-2.69862,0
3.46299,1.60444,-2.69682,0
3.46308,1.61619,-2.68979,0
3.46317,1.62947,-2.68528,0
3.46326,1.64326,-2.68155,0
3.46334,1.66126,-2.68456,0
3.46343,1.67878,-2.68662,0
3.46352,1.69689,-2.68941,0
3.46361,1.71399,-2.69042,0
3.46369,1.72517,-2.68207,0
3.46378,1.7472,-2.69046,0
3.46387,1.76167,-2.68699,0
3.46395,1.78165,-2.69178,0
3.46404,1.79616,-2.68814,0
3.46413,1.81961,-2.69769,0
3.46422,1.82743,-2.68394,0
3.4643,1.84932,-2.69077,0
3.46439,1.86389,-2.68679,0
3.46448,1.8819,-2.68764,0
3.46457,1.89419,-2.68022,0
3.46465,1.91516,-2.68495,0
3.46474,1.93679,-2.69037,0
3.46483,1.95203,-2.68675,0
3.46491,1.96551,-2.68062,0
3.465,1.98611,-2.68408,0
3.46509,2.00379,-2.6834,0
3.46518,2.01909,-2.67942,0
3.46526,2.02168,-2.65865,0
3.46535,2.03022,-2.64583,0
3.46544,2.0246,-2.61481,0
3.46553,2.02368,-2.59019,0
3.46561,2.02629,-2.57034,0
3.4657,2.02317,-2.54348,0
3.46579,2.0186,-2.51513,0
3.46587,2.01383,-2.48687,0
3.46596,2.01896,-2.47109,0
3.46605,2.01319,-2.44219,0
3.46614,2.02255,-2.43185,0
3.46622,2.019,-2.40615,0
3.46631,2.0172,-2.38281,0
3.4664,2.00679,-2.34965,0
3.46649,2.01246,-2.33557,0
3.46657,2.0082,-2.31017,0
3.46666,2.01628,-2.29913,0
3.46675,2.01238,-2.27458,0
3.46683,2.01762,-2.26055,0
3.46692,2.01007,-2.23241,0
3.46701,2.01643,-2.21991,0
3.4671,2.01056,-2.19414,0
3.46718,2.02011,-2.18534,0
3.46727,2.01326,-2.15896,0
3.46736,2.00896,-2.13558,0
3.46745,2.00311,-2.11084,0
3.46753,2.01092,-2.10063,0
3.46762,2.02771,-2.09975,0
3.46771,2.01243,-2.06581,0
3.46779,2.01301,-2.04846,0
3.46788,2.00785,-2.02545,0
3.46797,2.0103,-2.0103,0
3.46806,2.00769,-1.99025,0
3.46814,2.01422,-1.97937,0
3.46823,2.00851,-1.9566,0
3.46832,2.01271,-1.94365,0
3.46841,2.01106,-1.92517,0
3.46849,2.00856,-1.90605,0
3.46858,2.00083,-1.8822,0
3.46867,2.00245,-1.86731,0
3.46875,1.99736,-1.84634,0
3.46884,2.00539,-1.83761,0
3.46893,2.00229,-1.81875,0
3.46902,1.9998,-1.80063,0
3.4691,1.99943,-1.78456,0
3.46919,1.99821,-1.76787,0
3.46928,1.99989,-1.75386,0
3.46937,1.99545,-1.73462,0
3.46945,1.99467,-1.71872,0
3.46954,1.99531,-1.70415,0
3.46963,1.99433,-1.68832,0
3.46971,1.99631,-1.6751,0
3.4698,1.99207,-1.65679,0
3.46989,1.99079,-1.64108,0
3.46998,1.99948,-1.63365,0
3.47006,1.99338,-1.61421,0
3.47015,1.99572,-1.60174,0
3.47024,1.99487,-1.58679,0
3.47033,1.99156,-1.57002,0
3.47041,1.99288,-1.55701,0
3.4705,1.98621,-1.53789,0
3.47059,1.9929,-1.52921,0
3.47067,1.98841,-1.51202,0
3.47076,1.991,-1.50032,0
3.47085,1.99352,-1.48863,0
3.47094,1.99356,-1.47516,0
3.47102,1.98869,-1.45817,0
3.47111,1.98856,-1.44478,0
3.4712,1.99241,-1.43433,0
3.47129,1.99133,-1.4204,0
3.47137,1.99097,-1.40708,0
3.47146,1.99218,-1.39494,0
3.47155,1.98592,-1.37768,0
3.47163,1.99356,-1.37014,0
3.47172,1.9896,-1.35467,0
3.47181,1.98886,-1.3415,0
3.4719,1.99137,-1.33059,0
3.47198,1.99465,-1.32023,0
3.47207,1.99287,-1.30658,0
3.47216,1.98765,-1.29079,0
3.47225,1.99326,-1.28211,0
3.47233,1.99209,-1.2691,0
3.47242,1.99676,-1.25986,0
3.47251,1.99037,-1.24372,0
3.47259,1.99833,-1.2366,0
3.47268,1.9858,-1.2169,0
3.47277,1.99109,-1.20822,0
3.47286,1.98777,-1.19437,0
3.47294,1.98953,-1.18364,0
3.47303,1.99553,-1.17546,0
3.47312,2.0041,-1.16876,0
3.47321,2.00831,-1.1595,0
3.47329,1.99859,-1.14229,0
3.47338,2.00095,-1.13208,0
3.47347,1.9858,-1.1121,0
3.47355,1.99851,-1.10779,0
3.47364,1.99105,-1.09233,0
3.47373,1.99667,-1.0841,0
3.47382,1.98112,-1.0645,0
3.4739,1.99899,-1.06288,0
3.47399,1.99211,-1.0481,0
3.47408,1.99045,-1.03616,0
3.47417,1.9914,-1.02564,0
3.47425,1.98516,-1.01149,0
3.47434,1.99045,-1.00327,0
3.47443,1.98675,-0.990559,0
3.47451,1.99195,-0.982323,0
3.4746,1.99712,-0.974061,0
3.47469,1.98694,-0.958386,0
3.47478,1.98388,-0.946263,0
3.47486,1.98257,-0.935039,0
3.47495,1.9821,-0.924266,0
3.47504,1.99519,-0.919796,0
3.47513,1.98463,-0.904446,0
3.47521,1.99129,-0.89701,0
3.4753,1.98148,-0.882212,0
3.47539,1.98623,-0.87396,0
3.47547,1.98177,-0.861697,0
3.47556,1.98367,-0.852252,0
3.47565,1.98829,-0.843979,0
3.47574,1.99103,-0.834909,0
3.47582,1.99096,-0.824683,0
3.47591,1.98251,-0.811065,0
3.476,1.97768,-0.799036,0
3.47608,1.97836,-0.789287,0
3.47617,1.98458,-0.781747,0
3.47626,1.98331,-0.771268,0
3.47635,1.98292,-0.761174,0
3.47643,1.97875,-0.74968,0
3.47652,1.98106,-0.740689,0
3.47661,1.97771,-0.729615,0
3.4767,1.99215,-0.725083,0
3.47678,1.98212,-0.711653,0
3.47687,1.9852,-0.702997,0
3.47696,1.97598,-0.690043,0
3.47704,1.98086,-0.682065,0
3.47713,1.98666,-0.67438,0
3.47722,1.98389,-0.663801,0
3.47731,1.98202,-0.653573,0
3.47739,1.98961,-0.646464,0
3.47748,1.97813,-0.633203,0
3.47757,1.98755,-0.626671,0
3.47766,1.97976,-0.614731,0
3.47774,1.98051,-0.605502,0
3.47783,1.97738,-0.595125,0
3.47792,1.98092,-0.586776,0
3.478,1.98442,-0.578407,0
3.47809,1.97155,-0.565332,0
3.47818,1.98747,-0.560525,0
3.47827,1.97641,-0.548106,0
3.47835,1.9865,-0.541581,0
3.47844,1.97435,-0.529026,0
3.47853,1.98438,-0.522443,0
3.47862,1.98761,-0.51403,0
3.4787,1.98498,-0.504122,0
3.47879,1.98328,-0.494488,0
3.47888,1.98251,-0.485117,0
3.47896,1.98947,-0.477629,0
3.47905,1.9818,-0.466652,0
3.47914,1.97895,-0.456876,0
3.47923,1.98287,-0.448678,0
3.47931,1.98383,-0.439805,0
3.4794,1.98769,-0.431569,0
3.47949,1.97586,-0.419982,0
3.47958,1.98648,-0.413189,0
3.47966,1.97455,-0.401726,0
3.47975,1.99296,-0.396424,0
3.47984,1.98583,-0.386007,0
3.47992,1.98062,-0.376033,0
3.48001,1.99207,-0.369209,0
3.4801,1.9976,-0.361225,0
3.48019,1.98833,-0.350596,0
3.48027,1.99181,-0.342255,0
3.48036,1.98835,-0.332736,0
3.48045,1.98682,-0.323575,0
3.48054,1.99019,-0.315215,0
3.48062,1.98364,-0.305312,0
3.48071,1.99089,-0.29754,0
3.4808,1.97831,-0.286842,0
3.48088,1.97856,-0.278068,0
3.48097,1.98768,-0.270511,0
3.48106,1.99479,-0.262619,0
3.48115,1.98798,-0.252903,0
3.48123,1.98906,-0.244226,0
3.48132,1.98415,-0.23484,0
3.48141,1.98913,-0.226633,0
3.4815,1.98314,-0.217189,0
3.48158,1.98009,-0.208116,0
3.48167,1.98695,-0.200076,0
3.48176,1.98482,-0.191116,0
3.48184,1.97169,-0.181173,0
3.48193,1.97745,-0.173004,0
3.48202,1.98117,-0.164623,0
3.48211,1.98686,-0.156369,0
3.48219,1.99051,-0.147921,0
3.48228,1.99413,-0.139443,0
3.48237,1.99173,-0.130545,0
3.48246,1.98928,-0.12167,0
3.48254,1.98181,-0.112535,0
3.48263,1.98328,-0.103939,0
3.48272,1.98471,-0.0953326,0
3.4828,1.98411,-0.0866281,0
3.48289,1.98347,-0.0779308,0
3.48298,1.98479,-0.0693104,0
3.48307,1.97708,-0.0604052,0
3.48315,1.97932,-0.0518304,0
3.48324,1.97053,-0.0429972,0
3.48333,1.9467,-0.0339799,0
3.48342,1.77185,-0.0231948,0
3.4835,1.70594,-0.0148875,0
3.48359,1.69898,-0.0074133,0
3.48368,1.702,-4.12129e-08,0
3.48376,1.69698,0.0074045,0
3.48385,1.69994,0.0148351,0
3.48394,1.68486,0.0220559,0
3.48403,1.68974,0.0294945,0
3.48411,1.6986,0.0370634,0
3.4842,1.69742,0.0444484,0
3.48429,1.69621,0.0518238,0
3.48438,1.69996,0.059364,0
3.48446,1.69369,0.0665453,0
3.48455,1.69239,0.0738912,0
3.48464,1.69405,0.0813709,0
3.48472,1.68569,0.0883431,0
3.48481,1.68529,0.0956974,0
3.4849,1.68385,0.102989,0
3.48499,1.68538,0.110466,0
3.48507,1.69187,0.118307,0
3.48516,1.69433,0.12591,0
3.48525,1.74461,0.137303,0
3.48534,1.93932,0.161145,0
3.48542,1.97446,0.172743,0
3.48551,1.97966,0.181905,0
3.4856,1.98283,0.190925,0
3.48568,1.98596,0.199975,0
3.48577,1.9791,0.208012,0
3.48586,1.98712,0.217625,0
3.48595,1.9792,0.225501,0
3.48603,1.98216,0.234605,0
3.48612,1.97914,0.243007,0
3.48621,1.97012,0.250631,0
3.4863,1.9819,0.260922,0
3.48638,1.98371,0.269972,0
3.48647,1.98648,0.279181,0
3.48656,1.9892,0.28842,0
3.48664,1.99287,0.297836,0
3.48673,1.98265,0.305159,0
3.48682,1.97933,0.313495,0
3.48691,1.99275,0.324539,0
3.48699,1.98539,0.332241,0
3.48708,1.98392,0.340901,0
3.48717,1.98242,0.349554,0
3.48726,1.98875,0.359624,0
3.48734,1.98716,0.368298,0
3.48743,1.98357,0.376592,0
3.48752,1.98387,0.385625,0
3.4876,1.97922,0.393692,0
3.48769,1.98337,0.403521,0
3.48778,1.97571,0.410949,0
3.48787,1.97879,0.420605,0
3.48795,1.98964,0.431994,0
3.48804,1.98383,0.439805,0
3.48813,1.98287,0.448678,0
3.48821,1.98674,0.458675,0
3.4883,2.00321,0.471694,0
3.48839,1.98266,0.475995,0
3.48848,1.98348,0.485355,0
3.48856,1.9862,0.495214,0
3.48865,1.9908,0.505599,0
3.48874,1.9818,0.512528,0
3.48883,1.97954,0.52117,0
3.48891,1.98691,0.532391,0
3.489,1.9865,0.541581,0
3.48909,1.98315,0.549977,0
3.48917,1.98362,0.559439,0
3.48926,1.98597,0.569467,0
3.48935,1.98154,0.577567,0
3.48944,1.97517,0.585072,0
3.48952,1.98313,0.596854,0
3.48961,1.98338,0.606379,0
3.4897,1.99026,0.617993,0
3.48979,1.98659,0.62637,0
3.48987,1.98289,0.634727,0
3.48996,1.98105,0.643682,0
3.49005,1.98867,0.655765,0
3.49013,1.9782,0.661897,0
3.49022,1.98382,0.673416,0
3.49031,1.98086,0.682065,0
3.4904,1.98542,0.693339,0
3.49048,1.9852,0.702997,0
3.49057,1.98306,0.711991,0
3.49066,1.97899,0.720294,0
3.49075,1.97583,0.728922,0
3.49083,1.98106,0.740689,0
3.49092,1.97314,0.747554,0
3.49101,1.96985,0.756156,0
3.49109,1.97865,0.769456,0
3.49118,1.97621,0.778449,0
3.49127,1.98022,0.790028,0
3.49136,1.98232,0.800909,0
3.49144,1.98343,0.811444,0
3.49153,1.98172,0.820856,0
3.49162,1.97812,0.829495,0
3.49171,1.97909,0.840072,0
3.49179,1.98183,0.851462,0
3.49188,1.97351,0.858108,0
3.49197,1.97799,0.870336,0
3.49205,1.97417,0.878958,0
3.49214,1.97396,0.889206,0
3.49223,1.97371,0.89947,0
3.49232,1.97794,0.911841,0
3.4924,1.97031,0.918772,0
3.49249,1.96267,0.925654,0
3.49258,1.97486,0.941958,0
3.49267,1.97073,0.950566,0
3.49275,1.98004,0.965732,0
3.49284,1.97222,0.972593,0
3.49293,1.97065,0.982527,0
3.49301,1.9708,0.993367,0
3.4931,1.97358,1.00559,0
3.49319,1.97895,1.01923,0
3.49328,1.97183,1.02647,0
3.49336,1.98237,1.04298,0
3.49345,1.97427,1.04974,0
3.49354,1.97231,1.05976,0
3.49363,1.97207,1.07074,0
3.49371,1.98228,1.08752,0
3.4938,1.97227,1.09325,0
3.49389,1.97271,1.10477,0
3.49397,1.98006,1.12026,0
3.49406,1.97168,1.12691,0
3.49415,1.97194,1.1385,0
3.49424,1.96955,1.1486,0
3.49432,1.97916,1.16582,0
3.49441,1.97406,1.17444,0
3.4945,1.9792,1.18922,0
3.49459,1.97228,1.19681,0
3.49467,1.98239,1.21481,0
3.49476,1.97707,1.22345,0
3.49485,1.9785,1.2363,0
3.49493,1.97562,1.24652,0
3.49502,1.97944,1.26104,0
3.49511,1.98401,1.27616,0
3.4952,1.98094,1.28644,0
3.49528,1.98451,1.3011,0
3.49537,1.98882,1.31637,0
3.49546,2.05373,1.37226,0
3.49555,2.06099,1.39015,0
3.49563,2.05821,1.40138,0
3.49572,2.05867,1.41488,0
3.49581,2.04508,1.41872,0
3.49589,2.02986,1.42132,0
3.49598,2.03017,1.43478,0
3.49607,2.03285,1.45002,0
3.49616,2.02244,1.45595,0
3.49624,2.01122,1.46123,0
3.49633,1.99756,1.46467,0
3.49642,1.99035,1.47278,0
3.49651,1.97669,1.47607,0
3.49659,1.98301,1.49431,0
3.49668,1.96613,1.49508,0
3.49677,1.98021,1.51947,0
3.49685,1.96565,1.52197,0
3.49694,1.96687,1.53669,0
3.49703,1.97272,1.55516,0
3.49712,1.97217,1.56874,0
3.4972,1.96843,1.57983,0
3.49729,1.96773,1.59344,0
3.49738,1.97548,1.61403,0
3.49747,1.97073,1.62454,0
3.49755,1.979,1.64592,0
3.49764,1.9741,1.65646,0
3.49773,1.97143,1.66894,0
3.49781,1.96565,1.67882,0
3.4979,1.97118,1.69848,0
3.49799,1.96904,1.71166,0
3.49808,1.97433,1.73144,0
3.49816,1.969,1.74203,0
3.49825,1.97556,1.76325,0
3.49834,1.97305,1.77654,0
3.49843,1.97268,1.79186,0
3.49851,1.97222,1.8072,0
3.4986,1.97166,1.82258,0
3.49869,1.971,1.83799,0
3.49877,1.96369,1.84725,0
3.49886,1.96939,1.86888,0
3.49895,1.97494,1.8906,0
3.49904,1.97962,1.9117,0
3.49912,1.96983,1.91892,0
3.49921,1.97214,1.93801,0
3.4993,1.97503,1.95786,0
3.49939,1.97848,1.97848,0
3.49947,1.97476,1.99207,0
3.49956,1.97446,2.00923,0
3.49965,1.97056,2.02284,0
3.49973,1.97561,2.0458,0
3.49982,1.97565,2.06379,0
3.49991,1.97489,2.0811,0
3.5,1.97675,2.10135,0
3.50008,1.98325,2.12678,0
3.50017,1.97938,2.14128,0
3.50026,1.97272,2.15285,0
3.50035,1.9734,2.17254,0
3.50043,1.97929,2.19822,0
3.50052,1.98366,2.2225,0
3.50061,1.97858,2.23638,0
3.50069,1.98199,2.26003,0
3.50078,1.98523,2.28375,0
3.50087,1.98243,2.30072,0
3.50096,1.98406,2.32304,0
3.50104,1.9836,2.34312,0
3.50113,1.98879,2.37014,0
3.50122,1.98354,2.38495,0
3.5013,1.98266,2.40515,0
3.50139,1.98037,2.42385,0
3.50148,1.97732,2.44179,0
3.50157,1.96728,2.45118,0
3.50165,1.94536,2.44565,0
3.50174,1.92476,2.44155,0
3.50183,1.91409,2.44993,0
3.50192,1.88747,2.4377,0
3.502,1.87803,2.44749,0
3.50209,1.86552,2.45328,0
3.50218,1.84095,2.44303,0
3.50226,1.82728,2.44703,0
3.50235,1.80529,2.43971,0
3.50244,1.79758,2.45159,0
3.50253,1.77805,2.44728,0
3.50261,1.75859,2.44284,0
3.5027,1.74153,2.44153,0
3.50279,1.73086,2.44911,0
3.50288,1.71327,2.44681,0
3.50296,1.69574,2.4444,0
3.50305,1.68109,2.44601,0
3.50314,1.65915,2.43679,0
3.50322,1.65186,2.44898,0
3.50331,1.63282,2.44369,0
3.5034,1.61718,2.44329,0
3.50349,1.60376,2.44614,0
3.50357,1.58218,2.43634,0
3.50366,1.56991,2.4407,0
3.50375,1.55924,2.44752,0
3.50384,1.54268,2.445,0
3.50392,1.52405,2.43899,0
3.50401,1.50918,2.43881,0
3.5041,1.4933,2.43685,0
3.50418,1.48162,2.44163,0
3.50427,1.4658,2.4395,0
3.50436,1.45412,2.44415,0
3.50445,1.43633,2.43841,0
3.50453,1.42568,2.44465,0
3.50462,1.4085,2.43959,0
3.50471,1.39089,2.43356,0
3.5048,1.38076,2.44048,0
3.50488,1.36765,2.44212,0
3.50497,1.35213,2.43931,0
3.50506,1.33522,2.43379,0
3.50514,1.32221,2.4352,0
3.50523,1.30731,2.43302,0
3.50532,1.29903,2.44312,0
3.50541,1.28696,2.44611,0
3.50549,1.27258,2.4446,0
3.50558,1.25778,2.44213,0
3.50567,1.24575,2.44492,0
3.50576,1.22472,2.4298,0
3.50584,1.21857,2.44407,0
3.50593,1.20081,2.43501,0
3.50602,1.19281,2.44562,0
3.5061,1.17517,2.43639,0
3.50619,1.16023,2.43247,0
3.50628,1.1479,2.43389,0
3.50637,1.13262,2.42891,0
3.50645,1.12201,2.43382,0
3.50654,1.10765,2.43051,0
3.50663,1.09908,2.43988,0
3.50672,1.08233,2.43094,0
3.5068,1.07413,2.44114,0
3.50689,1.0531,2.42196,0
3.50698,1.04449,2.43112,0
3.50706,1.03505,2.43842,0
3.50715,1.01976,2.43184,0
3.50724,1.00761,2.43257,0
3.50733,0.995089,2.43232,0
3.50741,0.985965,2.44035,0
3.5075,0.970861,2.43348,0
3.50759,0.957668,2.43118,0
3.50768,0.945601,2.43161,0
3.50776,0.936415,2.43945,0
3.50785,0.920448,2.42948,0
3.50794,0.909839,2.43347,0
3.50802,0.895059,2.42616,0
3.50811,0.884464,2.43005,0
3.5082,0.874866,2.4367,0
3.50829,0.856882,2.41976,0
3.50837,0.85225,2.44047,0
3.50846,0.838338,2.43471,0
3.50855,0.825135,2.43077,0
3.50864,0.80754,2.41348,0
3.50872,0.801073,2.42933,0
3.50881,0.791084,2.4347,0
3.5089,0.77588,2.42385,0
3.50898,0.7668,2.43198,0
3.50907,0.752326,2.42289,0
3.50916,0.741455,2.42519,0
3.50925,0.730001,2.42553,0
3.50933,0.718559,2.42581,0
3.50942,0.709087,2.43277,0
3.50951,0.696536,2.42911,0
3.5096,0.685387,2.4302,0
3.50968,0.671036,2.41968,0
3.50977,0.660998,2.42451,0
3.50986,0.651965,2.43317,0
3.50994,0.639051,2.42729,0
3.51003,0.627703,2.42715,0
3.51012,0.613414,2.41532,0
3.51021,0.603837,2.42186,0
3.51029,0.592551,2.42156,0
3.51038,0.583847,2.4319,0
3.51047,0.570709,2.42371,0
3.51056,0.559903,2.42521,0
3.51064,0.549757,2.42958,0
3.51073,0.538718,2.43,0
3.51082,0.526413,2.42451,0
3.5109,0.515413,2.42483,0
3.51099,0.505643,2.43097,0
3.51108,0.49224,2.41943,0
3.51117,0.480898,2.41764,0
3.51125,0.47168,2.42658,0
3.51134,0.460714,2.42665,0
3.51143,0.449393,2.42471,0
3.51152,0.439165,2.42861,0
3.5116,0.428911,2.43248,0
3.51169,0.415076,2.4156,0
3.51178,0.405522,2.4233,0
3.51186,0.39607,2.43196,0
3.51195,0.385142,2.43169,0
3.51204,0.373159,2.42445,0
3.51213,0.362724,2.42704,0
3.51221,0.351844,2.42663,0
3.5123,0.340418,2.4222,0
3.51239,0.329306,2.41969,0
3.51248,0.318615,2.42012,0
3.51256,0.308809,2.42744,0
3.51265,0.296386,2.41387,0
3.51274,0.287614,2.43004,0
3.51282,0.27565,2.41935,0
3.51291,0.264873,2.41854,0
3.513,0.254422,2.42067,0
3.51309,0.244559,2.42872,0
3.51317,0.233384,2.42379,0
3.51326,0.222715,2.42379,0
3.51335,0.211876,2.42175,0
3.51343,0.200727,2.41567,0
3.51352,0.191048,2.42749,0
3.51361,0.180306,2.42631,0
3.5137,0.169369,2.42209,0
3.51378,0.159584,2.43478,0
3.51387,0.148592,2.42946,0
3.51396,0.137593,2.4231,0
3.51405,0.127176,2.42667,0
3.51413,0.116683,2.4292,0
3.51422,0.105908,2.42569,0
3.51431,0.0955192,2.43112,0
3.51439,0.0847361,2.42652,0
3.51448,0.0741476,2.42687,0
3.51457,0.0636101,2.42917,0
3.51466,0.0529666,2.42742,0
3.51474,0.0423571,2.42663,0
3.51483,0.0316115,2.41479,0
3.51492,0.0211009,2.41791,0
3.51501,0.0106073,2.43098,0
3.51509,8.84819e-08,2.432,0
3.51518,-0.0106028,2.42998,0
3.51527,-0.0212403,2.43391,0
3.51535,-0.0317945,2.42879,0
3.51544,-0.0425314,2.43663,0
3.51553,-0.0528356,2.42142,0
3.51562,-0.0635314,2.42617,0
3.5157,-0.0739031,2.41887,0
3.51579,-0.0841077,2.40853,0
3.51588,-0.0942235,2.39815,0
3.51597,-0.103552,2.37174,0
3.51605,-0.11318,2.35628,0
3.51614,-0.124612,2.37774,0
3.51623,-0.135042,2.37817,0
3.51631,-0.143647,2.34861,0
3.5164,-0.150689,2.29907,0
3.51649,-0.154231,2.20561,0
3.51658,-0.161482,2.17301,0
3.51666,-0.171276,2.17627,0
3.51675,-0.180273,2.16952,0
3.51684,-0.19061,2.17868,0
3.51693,-0.200022,2.17683,0
3.51701,-0.209231,2.17295,0
3.5171,-0.218911,2.17401,0
3.51719,-0.227872,2.16806,0
3.51727,-0.238963,2.18195,0
3.51736,-0.248255,2.1789,0
3.51745,-0.257054,2.17184,0
3.51754,-0.267259,2.17665,0
3.51762,-0.276754,2.17547,0
3.51771,-0.286113,2.17325,0
3.5178,-0.296133,2.17594,0
3.51789,-0.305067,2.17067,0
3.51797,-0.315253,2.17426,0
3.51806,-0.324294,2.1699,0
3.51815,-0.333302,2.1655,0
3.51823,-0.343843,2.17094,0
3.51832,-0.354437,2.17633,0
3.51841,-0.363765,2.17377,0
3.5185,-0.373416,2.17315,0
3.51858,-0.383762,2.17643,0
3.51867,-0.392365,2.16981,0
3.51876,-0.4011,2.16414,0
3.51885,-0.406436,2.14076,0
3.51893,-0.405278,2.08498,0
3.51902,-0.416128,2.09202,0
3.51911,-0.436416,2.14506,0
3.51919,-0.451066,2.16859,0
3.51928,-0.460732,2.16758,0
3.51937,-0.471883,2.17336,0
3.51946,-0.481145,2.17031,0
3.51954,-0.482445,2.1321,0
3.51963,-0.309533,1.34073,0
3.51972,-0.320651,1.36176,0
3.51981,-0.309782,1.29033,0
3.51989,-0.315885,1.29091,0
3.51998,-0.321272,1.28855,0
3.52015,-0.317231,1.22664,0
3.52024,-0.312142,1.1856,0
3.52033,-0.314465,1.1736,0
3.52042,-0.313796,1.15099,0
3.5205,-0.309195,1.11492,0
3.52059,-0.311342,1.10394,0
3.52068,-0.305406,1.06508,0
3.52077,-0.307532,1.05509,0
3.52085,-0.310145,1.04703,0
3.52094,-0.310099,1.03035,0
3.52103,-0.30816,1.00795,0
3.52111,-0.303065,0.97603,0
3.5212,-0.309727,0.982328,0
3.52129,-0.311876,0.974301,0
3.52138,-0.331575,1.02048,0
3.52146,-0.33258,1.00858,0
3.52155,-0.33317,0.99574,0
3.52164,-0.329475,0.970603,0
3.52173,-0.330126,0.958756,0
3.52181,-0.33002,0.945033,0
3.5219,-0.327131,0.923789,0
3.52199,-0.328117,0.913882,0
3.52207,-0.321157,0.882371,0
3.52216,-0.312198,0.846249,0
3.52225,-0.309933,0.828955,0
3.52234,-0.314256,0.829465,0
3.52242,-0.320023,0.833687,0
3.52251,-0.320395,0.823895,0
3.5226,-0.31849,0.808533,0
3.52269,-0.320532,0.80342,0
3.52277,-0.320663,0.793669,0
3.52286,-0.314278,0.768199,0
3.52295,-0.311122,0.751114,0
3.52303,-0.312849,0.746061,0
3.52312,-0.317274,0.74745,0
3.52321,-0.319348,0.743302,0
3.5233,-0.319398,0.734565,0
3.52338,-0.314948,0.715774,0
3.52347,-0.313187,0.70343,0
3.52356,-0.314611,0.69841,0
3.52365,-0.317655,0.69703,0
3.52373,-0.322368,0.69927,0
3.52382,-0.318232,0.68245,0
3.52391,-0.316087,0.670201,0
3.52399,-0.315565,0.661595,0
3.52408,-0.309759,0.642198,0
3.52417,-0.280996,0.576127,0
3.52426,-0.268469,0.544402,0
3.52434,-0.265934,0.533381,0
3.52443,-0.266458,0.528644,0
3.52452,-0.272848,0.535495,0
3.52461,-0.276556,0.536966,0
3.52469,-0.273817,0.525997,0
3.52478,-0.274713,0.522143,0
3.52487,-0.276988,0.520939,0
3.52495,-0.278312,0.517964,0
3.52504,-0.286772,0.528169,0
3.52513,-0.285226,0.519899,0
3.52522,-0.287492,0.51865,0
3.5253,-0.287798,0.5139,0
3.52539,-0.292992,0.517862,0
3.52548,-0.292271,0.511369,0
3.52557,-0.298,0.516151,0
3.52565,-0.300753,0.51571,0
3.52574,-0.30097,0.510946,0
3.52583,-0.306265,0.514784,0
3.52591,-0.309023,0.5143,0
3.526,-0.316452,0.521496,0
3.52609,-0.313499,0.511584,0
3.52618,-0.315202,0.509361,0
3.52626,-0.314242,0.502893,0
3.52635,-0.313232,0.496442,0
3.52644,-0.311634,0.489167,0
3.52652,-0.31647,0.492008,0
3.52661,-0.30881,0.475526,0
3.5267,-0.308141,0.469993,0
3.52679,-0.311292,0.470312,0
3.52687,-0.314453,0.470612,0
3.52696,-0.308115,0.4568,0
3.52705,-0.30898,0.453798,0
3.52714,-0.302461,0.440083,0
3.52722,-0.303238,0.437116,0
3.52731,-0.297113,0.424321,0
3.5274,-0.283378,0.400971,0
3.52748,-0.334485,0.468931,0
3.52757,-0.341202,0.473959,0
3.52766,-0.0593663,0.0817107,0
3.52775,-0.0620875,0.0846767,0
3.52783,-0.242688,0.327974,0
3.52792,-0.220183,0.294861,0
3.52801,-0.186563,0.247577,0
3.5281,-0.162219,0.213329,0
3.52818,-0.129666,0.168984,0
3.52827,-0.101628,0.131254,0
3.52836,-0.0874239,0.111898,0
3.52844,-0.065624,0.0832436,0
3.52853,-0.0566488,0.0712173,0
3.52862,-0.057585,0.0717494,0
3.52871,-0.0616734,0.0761603,0
3.52879,-0.0575762,0.0704697,0
3.52888,-0.0686964,0.0833355,0
3.52897,-0.0581889,0.0699646,0
3.52906,-0.0649216,0.0773705,0
3.52914,-0.0536283,0.0633483,0
3.52923,-0.068192,0.0798426,0
3.52932,-0.0646232,0.0749989,0
3.5294,-0.0603574,0.0694333,0
3.52949,-0.0632972,0.0721766,0
3.52958,-0.0602984,0.068155,0
3.52967,-0.0759105,0.0850505,0
3.52975,-0.0575452,0.0639105,0
3.52984,-0.0450486,0.0495946,0
3.52993,-0.0689102,0.0752023,0
3.53002,-0.0509101,0.0550742,0
3.5301,-0.0484219,0.0519261,0
3.53019,-0.0507035,0.0538995,0
3.53028,-0.0406129,0.0427971,0
3.53036,-0.0477144,0.0498431,0
3.53045,-0.0298703,0.0309316,0
3.53054,-0.0404718,0.0415455,0
3.53063,-0.03084,0.031383,0
3.53071,-0.048577,0.0490028,0
3.5308,-0.0480833,0.0480833,0
