7200
2876
2.49582
2.51153,-0.0212132,-0.0212132,0
2.51162,-0.0267526,-0.026987,0
2.5117,-0.0630818,-0.0641925,0
2.51179,-0.0572188,-0.0587368,0
2.51188,-0.0791911,-0.0820047,0
2.51197,-0.0961203,-0.100409,0
2.51205,-0.136983,-0.14435,0
2.51214,-0.161703,-0.171896,0
2.51223,-0.290531,-0.311557,0
2.51231,-0.285775,-0.30915,0
2.5124,-0.19457,-0.212336,0
2.51249,-0.210451,-0.231688,0
2.51258,-0.228843,-0.254156,0
2.51266,-0.224402,-0.251421,0
2.51275,-0.227941,-0.257641,0
2.51284,-0.228793,-0.260888,0
2.51292,-0.225684,-0.25962,0
2.51301,-0.233035,-0.270451,0
2.5131,-0.226657,-0.265382,0
2.51319,-0.21839,-0.257973,0
2.51327,-0.22369,-0.266583,0
2.51336,-0.225722,-0.271401,0
2.51345,-0.226444,-0.274698,0
2.51354,-0.221447,-0.271037,0
2.51362,-0.218374,-0.26967,0
2.51371,-0.219699,-0.273739,0
2.5138,-0.220993,-0.277826,0
2.51388,-0.209254,-0.265437,0
2.51397,-0.209325,-0.267924,0
2.51406,-0.216725,-0.279904,0
2.51415,-0.224024,-0.291954,0
2.51423,-0.216695,-0.284969,0
2.51432,-0.209432,-0.277925,0
2.51441,-0.218987,-0.293259,0
2.5145,-0.230791,-0.311896,0
2.51458,-0.222332,-0.303223,0
2.51467,-0.232175,-0.319562,0
2.51476,-0.2337,-0.32463,0
2.51484,-0.224151,-0.314249,0
2.51493,-0.219315,-0.310324,0
2.51502,-0.222548,-0.317831,0
2.51511,-0.213179,-0.307296,0
2.51519,-0.228262,-0.332123,0
2.51528,-0.223996,-0.328983,0
2.51537,-0.220881,-0.32747,0
2.51546,-0.216672,-0.324273,0
2.51554,-0.215807,-0.326049,0
2.51563,-0.217672,-0.332006,0
2.51572,-0.216766,-0.333791,0
2.5158,-0.226127,-0.351554,0
2.51589,-0.227815,-0.357598,0
2.51598,-0.226786,-0.359434,0
2.51607,-0.228395,-0.365509,0
2.51615,-0.229955,-0.371604,0
2.51624,-0.227287,-0.370898,0
2.51633,-0.235004,-0.387275,0
2.51642,-0.232282,-0.386582,0
2.5165,-0.244909,-0.411656,0
2.51659,-0.235498,-0.399796,0
2.51668,-0.236774,-0.406003,0
2.51676,-0.223,-0.386247,0
2.51685,-0.226771,-0.396767,0
2.51694,-0.220606,-0.389919,0
2.51703,-0.218414,-0.390006,0
2.51711,-0.223012,-0.402325,0
2.5172,-0.220293,-0.401541,0
2.51729,-0.222356,-0.409529,0
2.51738,-0.217254,-0.404329,0
2.51746,-0.215487,-0.405273,0
2.51755,-0.210458,-0.400014,0
2.51764,-0.210557,-0.404477,0
2.51772,-0.20467,-0.397391,0
2.51781,-0.205658,-0.403626,0
2.5179,-0.203895,-0.404519,0
2.51799,-0.204805,-0.410775,0
2.51807,-0.200357,-0.406283,0
2.51816,-0.203843,-0.417939,0
2.51825,-0.201583,-0.417924,0
2.51834,-0.202771,-0.425118,0
2.51842,-0.20134,-0.426903,0
2.51851,-0.199898,-0.428684,0
2.5186,-0.198026,-0.429552,0
2.51868,-0.217714,-0.47773,0
2.51877,-0.224252,-0.497822,0
2.51886,-0.216384,-0.486006,0
2.51895,-0.218289,-0.496099,0
2.51903,-0.217318,-0.499798,0
2.51912,-0.213556,-0.497066,0
2.51921,-0.212167,-0.499834,0
2.5193,-0.208051,-0.496144,0
2.51938,-0.20818,-0.50259,0
2.51947,-0.206364,-0.50442,0
2.51956,-0.201913,-0.499752,0
2.51964,-0.201954,-0.506201,0
2.51973,-0.196445,-0.498704,0
2.51982,-0.198616,-0.51074,0
2.51991,-0.197461,-0.514403,0
2.51999,-0.204426,-0.539573,0
2.52008,-0.20277,-0.542333,0
2.52017,-0.203863,-0.552595,0
2.52026,-0.205212,-0.563816,0
2.52034,-0.203426,-0.566588,0
2.52043,-0.20429,-0.576897,0
2.52052,-0.21331,-0.610826,0
2.5206,-0.21227,-0.616478,0
2.52069,-0.211507,-0.62308,0
2.52078,-0.206883,-0.618307,0
2.52087,-0.206375,-0.625852,0
2.52095,-0.202715,-0.623893,0
2.52104,-0.205479,-0.641915,0
2.52113,-0.201774,-0.639944,0
2.52122,-0.202834,-0.653234,0
2.5213,-0.204953,-0.67037,0
2.52139,-0.205484,-0.682748,0
2.52148,-0.209603,-0.707609,0
2.52156,-0.201197,-0.690276,0
2.52165,-0.196529,-0.68538,0
2.52174,-0.595269,-2.11066,0
2.52183,-0.582312,-2.09975,0
2.52191,-0.57183,-2.09745,0
2.522,-0.56112,-2.09413,0
2.52209,-0.551977,-2.09656,0
2.52218,-0.542073,-2.09604,0
2.52226,-0.533168,-2.09935,0
2.52235,-0.522793,-2.09681,0
2.52244,-0.514115,-2.10101,0
2.52252,-0.502374,-2.09254,0
2.52261,-0.493468,-2.09569,0
2.5227,-0.48342,-2.09392,0
2.52279,-0.475603,-2.10186,0
2.52287,-0.462099,-2.08439,0
2.52296,-0.45406,-2.09127,0
2.52305,-0.446594,-2.10106,0
2.52314,-0.435793,-2.09516,0
2.52322,-0.427245,-2.09998,0
2.52331,-0.415738,-2.09005,0
2.5234,-0.406996,-2.09381,0
2.52348,-0.398788,-2.10048,0
2.52357,-0.388708,-2.09728,0
2.52366,-0.378308,-2.09207,0
2.52375,-0.369002,-2.09272,0
2.52383,-0.360037,-2.09529,0
2.52392,-0.350396,-2.09388,0
2.52401,-0.339971,-2.0875,0
2.5241,-0.331485,-2.09291,0
2.52418,-0.322045,-2.09236,0
2.52427,-0.311878,-2.08682,0
2.52436,-0.302913,-2.08915,0
2.52444,-0.294769,-2.09739,0
2.52453,-0.285479,-2.09766,0
2.52462,-0.27528,-2.09096,0
2.52471,-0.266154,-2.09214,0
2.52479,-0.257997,-2.10122,0
2.52488,-0.247651,-2.0924,0
2.52497,-0.238406,-2.09246,0
2.52506,-0.229383,-2.09448,0
2.52514,-0.220451,-2.09745,0
2.52523,-0.210495,-2.09043,0
2.52532,-0.201564,-2.09332,0
2.5254,-0.192794,-2.09816,0
2.52549,-0.182766,-2.08902,0
2.52558,-0.1734,-2.08681,0
2.52567,-0.164215,-2.08655,0
2.52575,-0.155331,-2.09024,0
2.52584,-0.145512,-2.08092,0
2.52593,-0.136954,-2.08952,0
2.52601,-0.128324,-2.09808,0
2.5261,-0.118941,-2.09463,0
2.52619,-0.109225,-2.08414,0
2.52628,-0.10013,-2.0846,0
2.52636,-0.0909901,-2.08401,0
2.52645,-0.0822886,-2.09438,0
2.52654,-0.072591,-2.07873,0
2.52663,-0.0636423,-2.08303,0
2.52671,-0.0546051,-2.08529,0
2.5268,-0.0452441,-2.07351,0
2.52689,-0.0363534,-2.08268,0
2.52697,-0.0272657,-2.08282,0
2.52706,-0.0181687,-2.08192,0
2.52715,-0.0090888,-2.08298,0
2.52724,-2.51168e-08,-2.085,0
2.52732,0.0090713,-2.07898,0
2.52741,0.0182733,-2.09392,0
2.5275,0.0273311,-2.08782,0
2.52759,0.036301,-2.07968,0
2.52767,0.045484,-2.0845,0
2.52776,0.0543957,-2.07729,0
2.52785,0.0635201,-2.07903,0
2.52793,0.0727654,-2.08373,0
2.52802,0.0818567,-2.08339,0
2.52811,0.0910773,-2.08601,0
2.5282,0.0999864,-2.0816,0
2.52828,0.108911,-2.07815,0
2.52837,0.118658,-2.08963,0
2.52846,0.127225,-2.08011,0
2.52855,0.136693,-2.08553,0
2.52863,0.145163,-2.07593,0
2.52872,0.154072,-2.07328,0
2.52881,0.163744,-2.08057,0
2.52889,0.171993,-2.06987,0
2.52898,0.182766,-2.08902,0
2.52907,0.191787,-2.08721,0
2.52916,0.199647,-2.07341,0
2.52924,0.210195,-2.08744,0
2.52933,0.218569,-2.07955,0
2.52942,0.227967,-2.08155,0
2.52951,0.236255,-2.07358,0
2.52959,0.246006,-2.07849,0
2.52968,0.255073,-2.0774,0
2.52977,0.264261,-2.07726,0
2.52985,0.273322,-2.07609,0
2.52994,0.283052,-2.07983,0
2.53003,0.292403,-2.08055,0
2.53012,0.302052,-2.08322,0
2.5302,0.3104,-2.07693,0
2.53029,0.320524,-2.08248,0
2.53038,0.328043,-2.07118,0
2.53047,0.335952,-2.06282,0
2.53055,0.346435,-2.07021,0
2.53064,0.358005,-2.08347,0
2.53073,0.365008,-2.07007,0
2.53081,0.375283,-2.07534,0
2.5309,0.384699,-2.07565,0
2.53099,0.392633,-2.06806,0
2.53108,0.402989,-2.0732,0
2.53116,0.413201,-2.0773,0
2.53125,0.422261,-2.07548,0
2.53134,0.430499,-2.0697,0
2.53143,0.44202,-2.07954,0
2.53151,0.449392,-2.06978,0
2.5316,0.459068,-2.07072,0
2.53169,0.468761,-2.07163,0
2.53177,0.477796,-2.06956,0
2.53186,0.484988,-2.05967,0
2.53195,0.497005,-2.07018,0
2.53204,0.506509,-2.06993,0
2.53212,0.518439,-2.07934,0
2.53221,0.525537,-2.06931,0
2.5323,0.535813,-2.07184,0
2.53239,0.544594,-2.06851,0
2.53247,0.553355,-2.06515,0
2.53256,0.565254,-2.07333,0
2.53265,0.572959,-2.06602,0
2.53273,0.582511,-2.06543,0
2.53282,0.595928,-2.07825,0
2.53291,0.603591,-2.07083,0
2.533,0.611769,-2.0653,0
2.53308,0.62481,-2.07601,0
2.53317,0.631523,-2.06562,0
2.53326,0.642012,-2.06762,0
2.53335,0.652231,-2.06861,0
2.53343,0.660946,-2.06479,0
2.53352,0.669022,-2.05904,0
2.53361,0.681444,-2.06655,0
2.53369,0.692993,-2.07114,0
2.53378,0.701381,-2.0662,0
2.53387,0.713645,-2.07258,0
2.53396,0.721693,-2.06661,0
2.53404,0.73571,-2.07758,0
2.53413,0.742741,-2.0687,0
2.53422,0.753812,-2.07108,0
2.53431,0.76215,-2.0659,0
2.53439,0.774309,-2.07098,0
2.53448,0.78192,-2.06384,0
2.53457,0.793427,-2.06695,0
2.53465,0.803163,-2.06533,0
2.53474,0.815099,-2.06925,0
2.53483,0.825231,-2.06846,0
2.53492,0.83762,-2.07318,0
2.535,0.84325,-2.06118,0
2.53509,0.853767,-2.06118,0
2.53518,0.864299,-2.06112,0
2.53527,0.874847,-2.06101,0
2.53535,0.886595,-2.06361,0
2.53544,0.897584,-2.0643,0
2.53553,0.909402,-2.06677,0
2.53561,0.919631,-2.06553,0
2.5357,0.929867,-2.06423,0
2.53579,0.937207,-2.05651,0
2.53588,0.949939,-2.06058,0
2.53596,0.962724,-2.06457,0
2.53605,0.974283,-2.06578,0
2.53614,0.983287,-2.0615,0
2.53623,0.994011,-2.0608,0
2.53631,1.00299,-2.05644,0
2.5364,1.01549,-2.05922,0
2.53649,1.02849,-2.06282,0
2.53657,1.03838,-2.0601,0
2.53666,1.05053,-2.06179,0
2.53675,1.0586,-2.05541,0
2.53684,1.0768,-2.06851,0
2.53692,1.08581,-2.06379,0
2.53701,1.0995,-2.06786,0
2.5371,1.10425,-2.05512,0
2.53719,1.11941,-2.0617,0
2.53727,1.12984,-2.05943,0
2.53736,1.13882,-2.05448,0
2.53745,1.15461,-2.06171,0
2.53753,1.16606,-2.061,0
2.53762,1.17752,-2.06024,0
2.53771,1.187,-2.05594,0
2.5378,1.19848,-2.05506,0
2.53788,1.20997,-2.05412,0
2.53797,1.22659,-2.06172,0
2.53806,1.23609,-2.0572,0
2.53814,1.24869,-2.05777,0
2.53823,1.2587,-2.05401,0
2.53832,1.27081,-2.0536,0
2.53841,1.28664,-2.05906,0
2.53849,1.29615,-2.05427,0
2.53858,1.31047,-2.05703,0
2.53867,1.32431,-2.05886,0
2.53876,1.33763,-2.05978,0
2.53884,1.34825,-2.05643,0
2.53893,1.35942,-2.05386,0
2.53902,1.37004,-2.0504,0
2.5391,1.3868,-2.05601,0
2.53919,1.39857,-2.05408,0
2.53928,1.41885,-2.06444,0
2.53937,1.42556,-2.05494,0
2.53945,1.44025,-2.05689,0
2.53954,1.44748,-2.04814,0
2.53963,1.46395,-2.05239,0
2.53972,1.47698,-2.05166,0
2.5398,1.49004,-2.05086,0
2.53989,1.50902,-2.05805,0
2.53998,1.52334,-2.05868,0
2.54006,1.5371,-2.05842,0
2.54015,1.54546,-2.0509,0
2.54024,1.56045,-2.05209,0
2.54033,1.5773,-2.05558,0
2.54041,1.59054,-2.05421,0
2.5405,1.6038,-2.05277,0
2.54059,1.62265,-2.05832,0
2.54068,1.63286,-2.05278,0
2.54076,1.64931,-2.055,0
2.54085,1.65952,-2.04933,0
2.54094,1.67097,-2.04517,0
2.54102,1.68752,-2.04712,0
2.54111,1.70219,-2.04666,0
2.5412,1.72139,-2.05147,0
2.54129,1.73549,-2.05004,0
2.54137,1.75741,-2.05766,0
2.54146,1.76115,-2.04391,0
2.54155,1.78776,-2.05658,0
2.54164,1.79474,-2.04651,0
2.54172,1.81425,-2.05064,0
2.54181,1.82851,-2.04867,0
2.5419,1.84747,-2.05182,0
2.54198,1.86246,-2.0504,0
2.54207,1.88355,-2.05553,0
2.54216,1.89793,-2.05317,0
2.54225,1.91028,-2.04852,0
2.54233,1.9281,-2.04964,0
2.54242,1.94185,-2.04628,0
2.54251,1.96113,-2.04862,0
2.5426,1.97769,-2.04796,0
2.54268,2.00057,-2.05364,0
2.54277,2.01161,-2.04703,0
2.54286,2.02967,-2.04746,0
2.54294,2.0294,-2.0294,0
2.54303,2.03539,-2.01771,0
2.54312,2.03847,-2.0032,0
2.54321,2.0343,-1.98172,0
2.54329,2.0271,-1.95755,0
2.54338,2.03057,-1.94384,0
2.54347,2.03395,-1.93015,0
2.54356,2.02414,-1.90412,0
2.54364,2.03316,-1.89596,0
2.54373,2.02673,-1.87349,0
2.54382,2.02825,-1.85855,0
2.5439,2.02376,-1.83825,0
2.54399,2.02061,-1.81937,0
2.54408,2.02555,-1.80787,0
2.54417,2.02892,-1.79504,0
2.54425,2.02621,-1.77694,0
2.54434,2.02866,-1.76349,0
2.54443,2.00982,-1.73177,0
2.54452,2.01964,-1.72493,0
2.5446,2.01493,-1.70577,0
2.54469,2.01087,-1.68732,0
2.54478,2.01975,-1.67981,0
2.54486,2.01857,-1.66398,0
2.54495,2.02426,-1.65389,0
2.54504,2.01514,-1.63183,0
2.54513,2.01756,-1.61926,0
2.54521,2.0113,-1.59986,0
2.5453,2.01748,-1.59045,0
2.54539,2.01337,-1.57302,0
2.54548,2.01468,-1.55993,0
2.54556,2.01591,-1.54686,0
2.54565,2.01707,-1.53381,0
2.54574,2.01576,-1.51898,0
2.54582,2.01676,-1.50598,0
2.54591,2.0209,-1.49538,0
2.546,2.01531,-1.47768,0
2.54609,2.00879,-1.45947,0
2.54617,2.00946,-1.4466,0
2.54626,2.01656,-1.4384,0
2.54635,2.0122,-1.42209,0
2.54644,2.00692,-1.40526,0
2.54652,2.00235,-1.38908,0
2.54661,2.01004,-1.38146,0
2.5467,2.01275,-1.37043,0
2.54678,2.0013,-1.34989,0
2.54687,2.00218,-1.33781,0
2.54696,2.00383,-1.3263,0
2.54705,2.01127,-1.31865,0
2.54713,1.99771,-1.29733,0
2.54722,2.0084,-1.29185,0
2.54731,2.00052,-1.27447,0
2.5474,2.0086,-1.26733,0
2.54748,2.00479,-1.25273,0
2.54757,1.99918,-1.23713,0
2.54766,1.99859,-1.22474,0
2.54774,2.0022,-1.21497,0
2.54783,2.01091,-1.20828,0
2.54792,1.9964,-1.18773,0
2.54801,2.00587,-1.18155,0
2.54809,1.99805,-1.16523,0
2.54818,2.00052,-1.155,0
2.54827,2.0012,-1.14378,0
2.54836,1.99398,-1.12814,0
2.54844,1.99889,-1.11943,0
2.54853,1.99501,-1.10585,0
2.54862,2.00332,-1.09906,0
2.5487,2.00107,-1.08649,0
2.54879,2.0005,-1.07491,0
2.54888,1.99281,-1.0596,0
2.54897,2.0045,-1.05462,0
2.54905,1.99577,-1.03893,0
2.54914,1.98962,-1.02472,0
2.54923,1.99764,-1.01785,0
2.54932,2.00117,-1.00867,0
2.5494,1.9966,-0.995467,0
2.54949,2.00182,-0.987188,0
2.54958,2.00341,-0.977129,0
2.54966,2.00405,-0.966641,0
2.54975,1.99201,-0.950138,0
2.54984,1.99613,-0.941437,0
2.54993,2.00113,-0.933141,0
2.55001,1.9961,-0.920214,0
2.5501,2.00282,-0.91274,0
2.55019,2.00132,-0.901528,0
2.55028,2.00432,-0.89238,0
2.55036,2.00362,-0.881612,0
2.55045,2.00194,-0.870469,0
2.55054,1.99194,-0.855805,0
2.55062,1.99842,-0.848277,0
2.55071,1.99288,-0.835682,0
2.5508,1.99835,-0.827744,0
2.55089,1.99917,-0.817881,0
2.55097,2.00179,-0.808776,0
2.55106,1.99787,-0.797069,0
2.55115,1.99388,-0.785412,0
2.55123,1.99636,-0.776342,0
2.55132,1.98666,-0.762607,0
2.55141,1.99651,-0.756411,0
2.5515,1.98949,-0.743841,0
2.55158,1.99553,-0.736191,0
2.55167,1.99403,-0.725767,0
2.55176,1.99812,-0.717397,0
2.55185,1.99274,-0.705668,0
2.55193,1.99675,-0.697296,0
2.55202,1.99694,-0.6876,0
2.55211,1.99045,-0.675666,0
2.55219,1.99432,-0.667292,0
2.55228,1.98297,-0.653886,0
2.55237,1.98485,-0.644919,0
2.55246,1.98955,-0.636862,0
2.55254,1.98945,-0.627272,0
2.55263,1.99026,-0.617993,0
2.55272,1.9872,-0.607548,0
2.55281,1.98696,-0.598007,0
2.55289,1.98572,-0.588196,0
2.55298,1.99018,-0.580086,0
2.55307,1.9927,-0.571396,0
2.55315,1.99421,-0.562425,0
2.55324,1.98701,-0.551046,0
2.55333,1.99229,-0.54316,0
2.55342,1.98498,-0.531873,0
2.5535,1.99598,-0.525498,0
2.55359,1.9847,-0.513279,0
2.55368,1.99177,-0.505845,0
2.55377,1.97746,-0.493037,0
2.55385,1.98057,-0.484642,0
2.55394,1.98363,-0.476229,0
2.55403,1.98277,-0.466881,0
2.55411,1.99648,-0.460925,0
2.5542,1.98482,-0.449119,0
2.55429,1.99262,-0.441753,0
2.55438,1.99062,-0.432206,0
2.55446,1.98955,-0.422892,0
2.55455,1.98355,-0.412578,0
2.55464,1.98239,-0.403321,0
2.55473,1.98707,-0.395253,0
2.55481,1.98485,-0.385816,0
2.5549,1.98553,-0.376965,0
2.55499,1.98323,-0.367569,0
2.55507,1.9917,-0.360158,0
2.55516,1.98833,-0.350596,0
2.55525,1.99279,-0.342425,0
2.55534,1.97849,-0.331086,0
2.55542,1.97991,-0.32245,0
2.55551,1.98822,-0.314903,0
2.5556,1.98562,-0.305616,0
2.55569,1.99188,-0.297688,0
2.55577,1.9892,-0.28842,0
2.55586,1.9845,-0.278903,0
2.55595,1.99362,-0.27132,0
2.55603,1.98884,-0.261836,0
2.55612,1.985,-0.252524,0
2.55621,1.98211,-0.243373,0
2.5563,1.98614,-0.235075,0
2.55638,1.98516,-0.22618,0
2.55647,1.98513,-0.217407,0
2.55656,1.98009,-0.208116,0
2.55665,1.97999,-0.199374,0
2.55673,1.98183,-0.190829,0
2.55682,1.9936,-0.183186,0
2.55691,1.98143,-0.173353,0
2.55699,1.98516,-0.164954,0
2.55708,1.9719,-0.155192,0
2.55717,1.97156,-0.146513,0
2.55726,1.98216,-0.138606,0
2.55734,1.97676,-0.129564,0
2.55743,1.9813,-0.121181,0
2.55752,1.97682,-0.112252,0
2.55761,1.98627,-0.104096,0
2.55769,1.98571,-0.0953806,0
2.55778,1.98711,-0.086759,0
2.55787,1.97947,-0.0777737,0
2.55795,1.9768,-0.0690313,0
2.55804,1.98108,-0.0605274,0
2.55813,1.98532,-0.0519875,0
2.55822,1.97653,-0.0431281,0
2.5583,1.9727,-0.0344336,0
2.55839,1.97783,-0.0258913,0
2.55848,1.97792,-0.0172611,0
2.55857,1.98198,-0.00864813,0
2.55865,1.972,-4.77508e-08,0
2.55874,1.98598,0.00866548,0
2.55883,1.96993,0.0171912,0
2.55891,1.97483,0.0258519,0
2.559,1.9647,0.0342939,0
2.55909,1.96753,0.0429316,0
2.55918,1.91134,0.0500503,0
2.55926,1.72919,0.0528316,0
2.55935,1.69097,0.0590499,0
2.55944,1.70069,0.0668202,0
2.55953,1.71437,0.0748508,0
2.55961,1.70404,0.0818506,0
2.5597,1.69368,0.0887617,0
2.55979,1.69527,0.0962643,0
2.55987,1.69383,0.103599,0
2.55996,1.69137,0.110858,0
2.56005,1.69486,0.118516,0
2.56014,1.68037,0.124873,0
2.56022,1.69177,0.133145,0
2.56031,1.6842,0.139946,0
2.5604,1.69154,0.14799,0
2.56049,1.67992,0.154363,0
2.56057,1.68421,0.162171,0
2.56066,1.67951,0.169117,0
2.56075,1.69665,0.178326,0
2.56083,1.74159,0.190735,0
2.56092,1.9315,0.220067,0
2.56101,1.96925,0.233077,0
2.5611,1.97417,0.242398,0
2.56118,1.98103,0.252019,0
2.56127,1.97298,0.259747,0
2.56136,1.97777,0.269162,0
2.56145,1.98252,0.278625,0
2.56153,1.99019,0.288564,0
2.56162,1.98495,0.296653,0
2.56171,1.9787,0.304551,0
2.56179,1.97241,0.3124,0
2.56188,1.98584,0.323414,0
2.56197,1.99526,0.333891,0
2.56206,1.98491,0.34107,0
2.56214,1.98636,0.350248,0
2.56223,1.97792,0.357666,0
2.56232,1.98126,0.367205,0
2.56241,1.97767,0.375473,0
2.56249,1.98485,0.385816,0
2.56258,1.99296,0.396423,0
2.56267,1.98631,0.404119,0
2.56275,1.98844,0.413596,0
2.56284,1.98075,0.421021,0
2.56293,1.98378,0.430721,0
2.56302,1.98774,0.440671,0
2.5631,1.98775,0.449781,0
2.56319,1.97992,0.457101,0
2.56328,1.96915,0.463672,0
2.56337,1.97488,0.474127,0
2.56345,1.97668,0.483691,0
2.56354,1.97455,0.492311,0
2.56363,1.97529,0.50166,0
2.56371,1.98567,0.513529,0
2.5638,1.97471,0.519897,0
2.56389,1.97532,0.529285,0
2.56398,1.97588,0.538688,0
2.56406,1.97255,0.547037,0
2.56415,1.97111,0.55591,0
2.56424,1.97635,0.56671,0
2.56432,1.97674,0.576168,0
2.56441,1.96942,0.583367,0
2.5645,1.97068,0.593108,0
2.56459,1.97094,0.602578,0
2.56467,1.97212,0.612358,0
2.56476,1.97229,0.62186,0
2.56485,1.95622,0.626191,0
2.56494,1.96869,0.639665,0
2.56502,1.96968,0.649502,0
2.56511,1.97156,0.659676,0
2.5652,1.96961,0.668594,0
2.56528,1.96573,0.676856,0
2.56537,1.97031,0.688064,0
2.56546,1.96069,0.694318,0
2.56555,1.96988,0.70726,0
2.56563,1.96866,0.716532,0
2.56572,1.96833,0.726154,0
2.56581,1.96607,0.735085,0
2.5659,1.9722,0.7472,0
2.56598,1.96612,0.754723,0
2.56607,1.96933,0.765831,0
2.56616,1.96504,0.774051,0
2.56624,1.97001,0.785952,0
2.56633,1.97397,0.797537,0
2.56642,1.964,0.803492,0
2.56651,1.9614,0.812437,0
2.56659,1.96798,0.825241,0
2.56668,1.98369,0.842026,0
2.56677,1.97173,0.84712,0
2.56686,1.97351,0.858108,0
2.56694,1.96883,0.866308,0
2.56703,1.96869,0.876517,0
2.56712,1.96667,0.885921,0
2.5672,1.96552,0.895737,0
2.56729,1.97249,0.909329,0
2.56738,1.96216,0.914968,0
2.56747,1.97171,0.92992,0
2.56755,1.96944,0.939375,0
2.56764,1.97073,0.950566,0
2.56773,1.96926,0.960471,0
2.56782,1.97133,0.97215,0
2.5679,1.96617,0.980297,0
2.56799,1.96098,0.988416,0
2.56808,1.96912,1.00332,0
2.56816,1.96562,1.01236,0
2.56825,1.97005,1.02554,0
2.56834,1.96556,1.03413,0
2.56843,1.96897,1.04692,0
2.56851,1.96086,1.05361,0
2.5686,1.96855,1.06884,0
2.56869,1.96299,1.07693,0
2.56878,1.96789,1.09082,0
2.56886,1.95963,1.09744,0
2.56895,1.96961,1.11435,0
2.56904,1.95605,1.11798,0
2.56912,1.95982,1.1315,0
2.56921,1.97127,1.14961,0
2.5693,1.95676,1.15262,0
2.56939,1.96288,1.16779,0
2.56947,1.9612,1.17841,0
2.56956,1.96288,1.1911,0
2.56965,1.95425,1.19757,0
2.56974,1.96601,1.21661,0
2.56982,1.96323,1.22676,0
2.56991,1.96547,1.24012,0
2.57,1.96257,1.2503,0
2.57008,1.96635,1.2648,0
2.57017,1.95746,1.27119,0
2.57026,1.96695,1.28959,0
2.57035,1.96797,1.30257,0
2.57043,1.96393,1.31226,0
2.57052,1.96067,1.32249,0
2.57061,1.96232,1.3361,0
2.5707,1.96801,1.35258,0
2.57078,1.95963,1.35944,0
2.57087,1.95777,1.37085,0
2.57096,1.95667,1.38284,0
2.57104,1.9612,1.39891,0
2.57113,1.95508,1.40746,0
2.57122,1.95701,1.42185,0
2.57131,1.96047,1.43747,0
2.57139,1.959,1.44958,0
2.57148,1.96307,1.4659,0
2.57157,1.95346,1.47204,0
2.57166,1.96214,1.49205,0
2.57174,1.95562,1.5006,0
2.57183,1.9617,1.51891,0
2.57192,1.96609,1.53608,0
2.572,1.96094,1.54588,0
2.57209,1.95652,1.55629,0
2.57218,1.96297,1.57545,0
2.57227,1.95763,1.58526,0
2.57235,1.95766,1.59948,0
2.57244,1.9607,1.61627,0
2.57253,1.96516,1.63441,0
2.57262,1.96337,1.64746,0
2.5727,1.95464,1.65472,0
2.57279,1.96185,1.67558,0
2.57288,1.95603,1.68543,0
2.57296,1.96526,1.70838,0
2.57305,1.95478,1.7143,0
2.57314,1.96376,1.73739,0
2.57323,1.96064,1.74994,0
2.57331,1.95893,1.76383,0
2.5734,1.96306,1.78312,0
2.57349,1.96853,1.80383,0
2.57358,1.96284,1.81443,0
2.57366,1.96515,1.83253,0
2.57375,1.97024,1.85342,0
2.57384,1.97374,1.87301,0
2.57392,1.96916,1.88506,0
2.57401,1.97027,1.90267,0
2.5741,1.97341,1.92241,0
2.57419,1.96928,1.93521,0
2.57427,1.96579,1.94871,0
2.57436,1.96576,1.96576,0
2.57445,1.96068,1.97787,0
2.57454,1.95203,1.9864,0
2.57462,1.96498,2.01711,0
2.57471,1.96519,2.03501,0
2.5748,1.95698,2.04429,0
2.57488,1.96663,2.07239,0
2.57497,1.95825,2.08168,0
2.57506,1.96075,2.10264,0
2.57515,1.96106,2.12146,0
2.57523,1.95448,2.13294,0
2.57532,1.93574,2.13109,0
2.57541,1.92174,2.13431,0
2.5755,1.90509,2.13447,0
2.57558,1.89112,2.13752,0
2.57567,1.86793,2.12996,0
2.57576,1.85009,2.12828,0
2.57584,1.83948,2.13482,0
2.57593,1.8191,2.1299,0
2.57602,1.80462,2.13171,0
2.57611,1.78181,2.12348,0
2.57619,1.76805,2.12585,0
2.57628,1.75176,2.12505,0
2.57637,1.73741,2.12648,0
2.57645,1.72434,2.12938,0
2.57654,1.70564,2.12519,0
2.57663,1.69511,2.13104,0
2.57672,1.68022,2.13135,0
2.5768,1.66536,2.13157,0
2.57689,1.64564,2.12537,0
2.57698,1.63148,2.12619,0
2.57707,1.61674,2.12612,0
2.57715,1.60023,2.12357,0
2.57724,1.58436,2.12172,0
2.57733,1.5745,2.12781,0
2.57741,1.55396,2.11934,0
2.5775,1.54,2.11962,0
2.57759,1.52431,2.1174,0
2.57768,1.51041,2.11751,0
2.57776,1.5,2.12245,0
2.57785,1.4827,2.11751,0
2.57794,1.47629,2.12807,0
2.57803,1.45566,2.118,0
2.57811,1.4481,2.12682,0
2.5782,1.42874,2.11819,0
2.57829,1.41948,2.1244,0
2.57837,1.40523,2.12307,0
2.57846,1.39595,2.12918,0
2.57855,1.3763,2.11932,0
2.57864,1.36596,2.12362,0
2.57872,1.34647,2.11354,0
2.57881,1.34044,2.12447,0
2.5789,1.32586,2.12182,0
2.57899,1.30817,2.11398,0
2.57907,1.29945,2.12052,0
2.57916,1.27929,2.10821,0
2.57925,1.26802,2.11035,0
2.57933,1.25932,2.11672,0
2.57942,1.24854,2.11961,0
2.57951,1.23576,2.11899,0
2.5796,1.219,2.11137,0
2.57968,1.21325,2.12275,0
2.57977,1.1961,2.11409,0
2.57986,1.18149,2.1097,0
2.57995,1.17275,2.11571,0
2.58003,1.16303,2.11993,0
2.58012,1.14852,2.11531,0
2.58021,1.13502,2.11238,0
2.58029,1.12626,2.11819,0
2.58038,1.11189,2.11335,0
2.58047,1.10496,2.12262,0
2.58056,1.08699,2.11053,0
2.58064,1.07641,2.11258,0
2.58073,1.06313,2.10922,0
2.58082,1.05169,2.10936,0
2.58091,1.03672,2.10227,0
2.58099,1.03193,2.11576,0
2.58108,1.0153,2.10493,0
2.58117,1.01084,2.11927,0
2.58125,0.996465,2.11281,0
2.58134,0.985968,2.11442,0
2.58143,0.972965,2.11052,0
2.58152,0.963332,2.11384,0
2.5816,0.950403,2.10982,0
2.58169,0.937528,2.10572,0
2.58178,0.927526,2.10796,0
2.58187,0.917522,2.11016,0
2.58195,0.905542,2.10771,0
2.58204,0.894774,2.10796,0
2.58213,0.882088,2.10354,0
2.58221,0.874814,2.11199,0
2.5823,0.859911,2.1019,0
2.58239,0.854852,2.11583,0
2.58248,0.840795,2.10747,0
2.58256,0.828293,2.10274,0
2.58265,0.820197,2.10913,0
2.58274,0.810987,2.11269,0
2.58283,0.798926,2.10873,0
2.58291,0.790068,2.11313,0
2.583,0.775302,2.10155,0
2.58309,0.766809,2.10679,0
2.58317,0.757609,2.11012,0
2.58326,0.748729,2.11434,0
2.58335,0.737188,2.11098,0
2.58344,0.726994,2.11134,0
2.58352,0.713596,2.10218,0
2.58361,0.705051,2.10718,0
2.5837,0.694597,2.10643,0
2.58379,0.686945,2.1142,0
2.58387,0.67497,2.1086,0
2.58396,0.664259,2.10676,0
2.58405,0.65506,2.10964,0
2.58413,0.643218,2.10387,0
2.58422,0.631438,2.09804,0
2.58431,0.623414,2.10461,0
2.5844,0.613105,2.10347,0
2.58448,0.604197,2.10709,0
2.58457,0.593097,2.10296,0
2.58466,0.58258,2.10071,0
2.58475,0.574197,2.10613,0
2.58483,0.563449,2.10282,0
2.58492,0.552486,2.09849,0
2.58501,0.544076,2.10378,0
2.58509,0.534891,2.10614,0
2.58518,0.524003,2.10166,0
2.58527,0.51459,2.10296,0
2.58536,0.504709,2.10226,0
2.58544,0.494615,2.10055,0
2.58553,0.484545,2.09879,0
2.58562,0.475382,2.10089,0
2.58571,0.464047,2.09318,0
2.58579,0.455546,2.09812,0
2.58588,0.44805,2.10791,0
2.58597,0.436608,2.09907,0
2.58605,0.427844,2.10292,0
2.58614,0.417298,2.0979,0
2.58623,0.408904,2.10363,0
2.58632,0.397669,2.09458,0
2.5864,0.389984,2.10417,0
2.58649,0.379732,2.09994,0
2.58658,0.368829,2.09173,0
2.58667,0.360545,2.09825,0
2.58675,0.351221,2.09882,0
2.58684,0.342382,2.1023,0
2.58693,0.331015,2.08995,0
2.58701,0.322654,2.09631,0
2.5871,0.312913,2.09375,0
2.58719,0.303487,2.09311,0
2.58728,0.295186,2.10036,0
2.58736,0.285884,2.10064,0
2.58745,0.276977,2.10385,0
2.58754,0.267289,2.10107,0
2.58763,0.258119,2.10221,0
2.58771,0.248004,2.09537,0
2.5878,0.239538,2.1024,0
2.58789,0.230145,2.10144,0
2.58797,0.220555,2.09844,0
2.58806,0.210996,2.0954,0
2.58815,0.202235,2.10029,0
2.58824,0.192611,2.09617,0
2.58832,0.183637,2.09898,0
2.58841,0.174643,2.10176,0
2.5885,0.165627,2.10449,0
2.58859,0.155924,2.09821,0
2.58867,0.146558,2.09588,0
2.58876,0.13787,2.10349,0
2.58885,0.127897,2.09109,0
2.58893,0.118375,2.08464,0
2.58902,0.110063,2.10012,0
2.58911,0.100802,2.09858,0
2.5892,0.0916008,2.098,0
2.58928,0.0826027,2.10238,0
2.58937,0.0733239,2.09972,0
2.58946,0.0643447,2.10602,0
2.58954,0.0549717,2.09928,0
2.58963,0.0459422,2.1055,0
2.58972,0.0365978,2.09668,0
2.58981,0.0275406,2.10382,0
2.58989,0.0182734,2.09392,0
2.58998,0.00911939,2.08998,0
2.59007,7.62938e-08,2.097,0
2.59016,-0.00913233,2.09298,0
2.59024,-0.0183256,2.09992,0
2.59033,-0.027331,2.08782,0
2.59042,-0.0364056,2.08568,0
2.5905,-0.0456367,2.0915,0
2.59059,-0.0549715,2.09928,0
2.59068,-0.0639781,2.09402,0
2.59077,-0.0730446,2.09172,0
2.59085,-0.082367,2.09638,0
2.59094,-0.0914262,2.09401,0
2.59103,-0.100514,2.09259,0
2.59112,-0.109591,2.09113,0
2.5912,-0.118828,2.09263,0
2.59129,-0.12753,2.0851,0
2.59138,-0.136954,2.08952,0
2.59146,-0.145582,2.08192,0
2.59155,-0.155776,2.09622,0
2.59164,-0.164293,2.08754,0
2.59173,-0.173732,2.09079,0
2.59181,-0.183288,2.095,0
2.5919,-0.193068,2.10115,0
2.59199,-0.201276,2.09033,0
2.59208,-0.209493,2.08048,0
2.59216,-0.219301,2.08651,0
2.59225,-0.229056,2.09149,0
2.59234,-0.2375,2.08451,0
2.59242,-0.246828,2.08544,0
2.59251,-0.256291,2.08732,0
2.5926,-0.26628,2.09313,0
2.59269,-0.27528,2.09096,0
2.59277,-0.28467,2.09172,0
2.59286,-0.293098,2.0855,0
2.59295,-0.304635,2.10103,0
2.59304,-0.316016,2.11452,0
2.59312,-0.326152,2.11905,0
2.59321,-0.337586,2.13143,0
2.5933,-0.0888906,0.545809,0
2.59338,-0.0909412,0.543443,0
2.59347,-0.0907713,0.528258,0
2.59356,-0.101931,0.578082,0
2.59365,-0.105521,0.583536,0
2.59373,-0.105697,0.570288,0
2.59382,-0.108184,0.569821,0
2.59391,-0.107616,0.553638,0
2.594,-0.114518,0.575721,0
2.59408,-0.119023,0.585015,0
2.59417,-0.121574,0.58449,0
2.59426,-0.134935,0.634818,0
2.59434,-0.137067,0.631291,0
2.59443,-0.135275,0.610185,0
2.59452,-0.143895,0.635923,0
2.59461,-0.143069,0.619699,0
2.59469,-0.143938,0.611282,0
2.59478,-0.142635,0.594118,0
2.59487,-0.145464,0.594461,0
2.59496,-0.143218,0.574415,0
2.59504,-0.140554,0.553431,0
2.59513,-0.141214,0.546035,0
2.59522,-0.145887,0.554117,0
2.5953,-0.144939,0.540918,0
2.59539,-0.146508,0.537387,0
2.59548,-0.152326,0.549269,0
2.59557,-0.154992,0.549562,0
2.59565,-0.157665,0.549842,0
2.59574,-0.160902,0.552029,0
2.59583,-0.161889,0.546527,0
2.59592,-0.163407,0.542943,0
2.596,-0.165482,0.541268,0
2.59609,-0.170808,0.550091,0
2.59618,-0.168997,0.535989,0
2.59626,-0.176821,0.55239,0
2.59635,-0.17923,0.551613,0
2.59644,-0.180696,0.547976,0
2.59653,-0.180546,0.539596,0
2.59661,-0.188042,0.553954,0
2.5967,-0.190457,0.553128,0
2.59679,-0.190891,0.546628,0
2.59688,-0.19027,0.537306,0
2.59696,-0.193964,0.540235,0
2.59705,-0.201108,0.552539,0
2.59714,-0.202132,0.547904,0
2.59722,-0.205572,0.549827,0
2.59731,-0.20726,0.547054,0
2.5974,-0.213946,0.557348,0
2.59749,-0.213838,0.549885,0
2.59757,-0.216236,0.548946,0
2.59766,-0.222334,0.557286,0
2.59775,-0.219894,0.544257,0
2.59784,-0.22681,0.554399,0
2.59792,-0.228079,0.550632,0
2.59801,-0.232027,0.553321,0
2.5981,-0.230531,0.543098,0
2.59818,-0.233688,0.543924,0
2.59827,-0.240047,0.55207,0
2.59836,-0.246078,0.559255,0
2.59845,-0.244855,0.549954,0
2.59853,-0.243556,0.540675,0
2.59862,-0.250889,0.550527,0
2.59871,-0.25622,0.555784,0
2.5988,-0.258642,0.55466,0
2.59888,-0.257221,0.545386,0
2.59897,-0.264764,0.55509,0
2.59906,-0.264577,0.548525,0
2.59914,-0.270037,0.553657,0
2.59923,-0.272892,0.55337,0
2.59932,-0.273965,0.54949,0
2.59941,-0.27231,0.540252,0
2.59949,-0.28102,0.551533,0
2.59958,-0.286171,0.555636,0
2.59967,-0.286746,0.550834,0
2.59976,-0.291475,0.554002,0
2.59984,-0.288725,0.543013,0
2.59993,-0.296298,0.551438,0
2.60002,-0.29727,0.547503,0
2.6001,-0.300618,0.547954,0
2.60019,-0.301552,0.544013,0
2.60028,-0.3049,0.544438,0
2.60037,-0.309242,0.546583,0
2.60045,-0.310135,0.542624,0
2.60054,-0.32,0.554256,0
2.60063,-0.318385,0.545944,0
2.60072,-0.32584,0.553166,0
2.6008,-0.322626,0.542285,0
2.60089,-0.328079,0.546016,0
2.60098,-0.323196,0.53261,0
2.60106,-0.327084,0.533753,0
2.60115,-0.324148,0.523817,0
2.60124,-0.321131,0.513917,0
2.60133,-0.317501,0.503208,0
2.60141,-0.322917,0.506878,0
2.6015,-0.321339,0.499577,0
2.60159,-0.321882,0.495654,0
2.60167,-0.317462,0.48421,0
2.60176,-0.322331,0.486989,0
2.60185,-0.315564,0.472275,0
2.60194,-0.31147,0.461774,0
2.60202,-0.315734,0.463717,0
2.60211,-0.320586,0.466455,0
2.6022,-0.310648,0.447798,0
2.60229,-0.316614,0.452172,0
2.60237,-0.32147,0.454869,0
2.60246,-0.319387,0.447764,0
2.60255,-0.320753,0.445554,0
2.60263,-0.316816,0.43606,0
2.60272,-0.319899,0.436287,0
2.60281,-0.321204,0.434083,0
2.6029,-0.320702,0.429472,0
2.60298,-0.320767,0.425673,0
2.60307,-0.322016,0.423473,0
2.60316,-0.317165,0.413337,0
2.60325,-0.316516,0.408787,0
2.60333,-0.317681,0.406614,0
2.60342,-0.320691,0.406794,0
2.60351,-0.322463,0.405391,0
2.60359,-0.318595,0.396961,0
2.60368,-0.319065,0.394013,0
2.60377,-0.321414,0.393391,0
2.60386,-0.321856,0.390442,0
2.60394,-0.326114,0.392109,0
2.60403,-0.327179,0.389917,0
2.60412,-0.318539,0.376274,0
2.60421,-0.309137,0.361953,0
2.60429,-0.319852,0.371207,0
2.60438,-0.318189,0.366034,0
2.60447,-0.321761,0.366898,0
2.60455,-0.323359,0.36549,0
2.60464,-0.309635,0.346917,0
2.60473,-0.311815,0.346305,0
2.60482,-0.295169,0.324956,0
2.6049,-0.287126,0.313343,0
2.60499,-0.371983,0.402409,0
2.60508,-0.367597,0.3942,0
2.60517,-0.197333,0.209771,0
2.60525,-0.132852,0.139997,0
2.60534,-0.125164,0.130748,0
2.60543,-0.117397,0.121568,0
2.60551,-0.143745,0.147558,0
2.6056,-0.119155,0.121253,0
2.60569,-0.0781456,0.0788306,0
2.60578,-0.0692965,0.0692965,0
