7200
2718
2.35619
2.3719,-0.0487904,-0.0487904,0
2.37208,-0.0441573,-0.0449348,0
2.37216,-0.0586144,-0.0601694,0
2.37225,-0.0778017,-0.0805661,0
2.37234,-0.105801,-0.110522,0
2.37243,-0.121839,-0.128391,0
2.37251,-0.14937,-0.158785,0
2.3726,-0.167772,-0.179913,0
2.37269,-0.283739,-0.306947,0
2.37278,-0.191868,-0.209387,0
2.37286,-0.218519,-0.240571,0
2.37295,-0.214122,-0.237806,0
2.37304,-0.213748,-0.239484,0
2.37312,-0.230592,-0.260637,0
2.37321,-0.226156,-0.257881,0
2.3733,-0.231589,-0.266412,0
2.37339,-0.229771,-0.266663,0
2.37347,-0.226008,-0.264621,0
2.37356,-0.223559,-0.264078,0
2.37365,-0.226261,-0.269648,0
2.37374,-0.21613,-0.259869,0
2.37382,-0.225808,-0.273927,0
2.37391,-0.222712,-0.272586,0
2.374,-0.215857,-0.266561,0
2.37408,-0.229714,-0.286218,0
2.37417,-0.223483,-0.280956,0
2.37426,-0.225969,-0.286641,0
2.37435,-0.229642,-0.293928,0
2.37443,-0.231418,-0.298881,0
2.37452,-0.22098,-0.287987,0
2.37461,-0.217301,-0.285765,0
2.37469,-0.220264,-0.292301,0
2.37478,-0.223175,-0.298868,0
2.37487,-0.230791,-0.311896,0
2.37496,-0.226472,-0.308868,0
2.37504,-0.226297,-0.311472,0
2.37513,-0.216172,-0.300282,0
2.37522,-0.216022,-0.302851,0
2.37531,-0.215852,-0.305424,0
2.37539,-0.216812,-0.309639,0
2.37548,-0.210899,-0.304009,0
2.37557,-0.228262,-0.332123,0
2.37565,-0.217806,-0.31989,0
2.37574,-0.215289,-0.319179,0
2.37583,-0.221117,-0.330925,0
2.37592,-0.226846,-0.342727,0
2.376,-0.2089,-0.318625,0
2.37609,-0.224391,-0.345532,0
2.37618,-0.225045,-0.349872,0
2.37627,-0.218144,-0.342417,0
2.37635,-0.211311,-0.334908,0
2.37644,-0.214087,-0.342611,0
2.37653,-0.220484,-0.356298,0
2.37661,-0.225719,-0.368341,0
2.3767,-0.21581,-0.355643,0
2.37679,-0.220951,-0.367725,0
2.37688,-0.216788,-0.364388,0
2.37696,-0.216719,-0.367916,0
2.37705,-0.220149,-0.377496,0
2.37714,-0.221,-0.382783,0
2.37723,-0.215854,-0.377666,0
2.37731,-0.221098,-0.39079,0
2.3774,-0.222323,-0.396986,0
2.37749,-0.214771,-0.387457,0
2.37757,-0.217888,-0.397157,0
2.37766,-0.217107,-0.399862,0
2.37775,-0.22104,-0.411376,0
2.37784,-0.215487,-0.405273,0
2.37792,-0.214648,-0.407979,0
2.37801,-0.215637,-0.414234,0
2.3781,-0.213827,-0.415171,0
2.37819,-0.217915,-0.427683,0
2.37827,-0.214697,-0.425951,0
2.37836,-0.21596,-0.433148,0
2.37845,-0.21451,-0.434983,0
2.37853,-0.215679,-0.442207,0
2.37862,-0.214616,-0.444945,0
2.37871,-0.222144,-0.465734,0
2.3788,-0.219256,-0.46489,0
2.37888,-0.223988,-0.480343,0
2.37897,-0.225239,-0.488581,0
2.37906,-0.226008,-0.495929,0
2.37915,-0.224663,-0.498734,0
2.37923,-0.224519,-0.504277,0
2.37932,-0.220302,-0.500675,0
2.37941,-0.240446,-0.552987,0
2.37949,-0.245531,-0.571488,0
2.37958,-0.268432,-0.632387,0
2.37967,-0.268764,-0.64093,0
2.37976,-0.272853,-0.658726,0
2.37984,-0.270355,-0.660836,0
2.37993,-0.278333,-0.688898,0
2.38002,-0.282735,-0.708682,0
2.38011,-0.282939,-0.718282,0
2.38019,-0.284514,-0.731626,0
2.38028,-0.290995,-0.758067,0
2.38037,-0.290873,-0.767746,0
2.38045,-0.284719,-0.761514,0
2.38054,-0.288316,-0.781513,0
2.38063,-0.78733,-2.16317,0
2.38072,-0.77214,-2.15059,0
2.3808,-0.759411,-2.14451,0
2.38089,-0.749057,-2.14497,0
2.38098,-0.73611,-2.13782,0
2.38107,-0.724203,-2.13343,0
2.38115,-0.715839,-2.13942,0
2.38124,-0.705871,-2.14062,0
2.38133,-0.695288,-2.13988,0
2.38141,-0.683811,-2.13622,0
2.3815,-0.672679,-2.13346,0
2.38159,-0.661288,-2.12969,0
2.38168,-0.652866,-2.13543,0
2.38176,-0.64383,-2.13921,0
2.38185,-0.63591,-2.1468,0
2.38194,-0.622899,-2.13707,0
2.38203,-0.613844,-2.14073,0
2.38211,-0.603412,-2.13954,0
2.3822,-0.594605,-2.14408,0
2.38229,-0.582088,-2.13507,0
2.38237,-0.571214,-2.1318,0
2.38246,-0.562925,-2.13814,0
2.38255,-0.553089,-2.13864,0
2.38264,-0.541537,-2.13231,0
2.38272,-0.528357,-2.11913,0
2.38281,-0.431638,-1.76396,0
2.3829,-0.413665,-1.72304,0
2.38299,-0.40408,-1.71607,0
2.38307,-0.507939,-2.20013,0
2.38316,-0.481783,-2.12917,0
2.38325,-0.475518,-2.14492,0
2.38333,-0.463396,-2.13427,0
2.38342,-0.454079,-2.13627,0
2.38351,-0.445772,-2.14313,0
2.3836,-0.436815,-2.14702,0
2.38368,-0.426077,-2.14204,0
2.38377,-0.415964,-2.13995,0
2.38386,-0.408115,-2.1496,0
2.38395,-0.397273,-2.1435,0
2.38403,-0.385782,-2.1334,0
2.38412,-0.378553,-2.14688,0
2.38421,-0.366811,-2.13471,0
2.38429,-0.357823,-2.13827,0
2.38438,-0.348972,-2.14277,0
2.38447,-0.338994,-2.14032,0
2.38456,-0.329195,-2.13881,0
2.38464,-0.320451,-2.14419,0
2.38473,-0.310375,-2.14062,0
2.38482,-0.299501,-2.13106,0
2.38491,-0.28993,-2.13036,0
2.38499,-0.282067,-2.14251,0
2.38508,-0.271959,-2.13777,0
2.38517,-0.263847,-2.14886,0
2.38525,-0.253528,-2.14205,0
2.38534,-0.244519,-2.14612,0
2.38543,-0.234282,-2.13921,0
2.38552,-0.225154,-2.1422,0
2.3856,-0.214603,-2.13122,0
2.38569,-0.205685,-2.13612,0
2.38578,-0.196637,-2.13998,0
2.38587,-0.187298,-2.14082,0
2.38595,-0.177292,-2.13365,0
2.38604,-0.168766,-2.14437,0
2.38613,-0.159333,-2.14409,0
2.38621,-0.150325,-2.14975,0
2.3863,-0.140421,-2.1424,0
2.38639,-0.131376,-2.14799,0
2.38648,-0.120869,-2.12857,0
2.38656,-0.112313,-2.14306,0
2.38665,-0.102673,-2.13754,0
2.38674,-0.0939562,-2.15195,0
2.38683,-0.0840553,-2.13935,0
2.38691,-0.0748594,-2.14369,0
2.387,-0.0655662,-2.146,0
2.38709,-0.0559925,-2.13827,0
2.38717,-0.0466184,-2.13649,0
2.38726,-0.0373133,-2.13767,0
2.38735,-0.0280249,-2.14082,0
2.38744,-0.0187795,-2.15192,0
2.38752,-0.00934187,-2.14098,0
2.38761,-2.57673e-08,-2.139,0
2.3877,0.00932437,-2.13698,0
2.38778,0.0187533,-2.14892,0
2.38787,0.0279724,-2.13682,0
2.38796,0.0373307,-2.13867,0
2.38805,0.0464875,-2.13049,0
2.38813,0.0557045,-2.12727,0
2.38822,0.0655967,-2.147,0
2.38831,0.0746151,-2.1367,0
2.3884,0.0842123,-2.14335,0
2.38848,0.0934327,-2.13996,0
2.38857,0.102625,-2.13654,0
2.38866,0.11247,-2.14605,0
2.38874,0.121493,-2.13955,0
2.38883,0.131254,-2.14599,0
2.38892,0.139832,-2.13342,0
2.38901,0.149488,-2.13778,0
2.38909,0.159407,-2.14509,0
2.38918,0.168687,-2.14337,0
2.38927,0.177624,-2.13763,0
2.38936,0.187646,-2.14481,0
2.38944,0.196454,-2.13799,0
2.38953,0.206835,-2.14807,0
2.38962,0.215204,-2.13719,0
2.3897,0.225677,-2.14717,0
2.38979,0.235588,-2.15114,0
2.38988,0.244066,-2.14214,0
2.38997,0.254351,-2.149,0
2.39005,0.263969,-2.14985,0
2.39014,0.272211,-2.13975,0
2.39023,0.28272,-2.14747,0
2.39032,0.291817,-2.14423,0
2.3904,0.300892,-2.14096,0
2.39049,0.311666,-2.14952,0
2.39058,0.319268,-2.13627,0
2.39066,0.329956,-2.14376,0
2.39075,0.340089,-2.14723,0
2.39084,0.349294,-2.14474,0
2.39093,0.358483,-2.14221,0
2.39101,0.36715,-2.13669,0
2.3911,0.376469,-2.13506,0
2.39119,0.386493,-2.13734,0
2.39128,0.394904,-2.13071,0
2.39136,0.407182,-2.14469,0
2.39145,0.415582,-2.13798,0
2.39154,0.426077,-2.14204,0
2.39162,0.436616,-2.14604,0
2.39171,0.446179,-2.14509,0
2.3918,0.455119,-2.14117,0
2.39189,0.467427,-2.15284,0
2.39197,0.4766,-2.1498,0
2.39206,0.485314,-2.14478,0
2.39215,0.493768,-2.13874,0
2.39224,0.504012,-2.14046,0
2.39232,0.515214,-2.14602,0
2.39241,0.52386,-2.14084,0
2.3925,0.533196,-2.13853,0
2.39258,0.543014,-2.13812,0
2.39267,0.555343,-2.14735,0
2.39276,0.566489,-2.15168,0
2.39285,0.575355,-2.14725,0
2.39293,0.58314,-2.13893,0
2.39302,0.593269,-2.13926,0
2.39311,0.602326,-2.13569,0
2.3932,0.613844,-2.14073,0
2.39328,0.625418,-2.14571,0
2.39337,0.635342,-2.14488,0
2.39346,0.645271,-2.144,0
2.39354,0.65579,-2.14499,0
2.39363,0.666625,-2.14688,0
2.39372,0.675084,-2.14109,0
2.39381,0.686249,-2.14384,0
2.39389,0.697451,-2.14653,0
2.39398,0.704932,-2.13777,0
2.39407,0.718695,-2.14795,0
2.39416,0.726775,-2.14101,0
2.39424,0.73611,-2.13782,0
2.39433,0.742793,-2.12703,0
2.39442,0.755739,-2.13414,0
2.3945,0.768085,-2.13929,0
2.39459,0.782542,-2.15002,0
2.39468,0.791224,-2.14471,0
2.39477,0.802325,-2.14592,0
2.39485,0.809555,-2.13678,0
2.39494,0.822813,-2.1435,0
2.39503,0.832883,-2.14175,0
2.39512,0.842586,-2.13903,0
2.3952,0.8508,-2.13255,0
2.39529,0.865716,-2.14272,0
2.39538,0.878465,-2.14725,0
2.39546,0.890887,-2.15079,0
2.39555,0.899876,-2.14596,0
2.39564,0.910794,-2.1457,0
2.39573,0.922911,-2.14813,0
2.39581,0.932275,-2.14409,0
2.3959,0.937594,-2.13085,0
2.39599,0.950543,-2.13496,0
2.39608,0.9656,-2.14355,0
2.39616,0.977847,-2.14569,0
2.39625,0.988874,-2.14503,0
2.39634,0.999915,-2.14432,0
2.39642,1.00969,-2.14085,0
2.39651,1.02246,-2.14364,0
2.3966,1.03615,-2.14817,0
2.39669,1.04332,-2.13913,0
2.39677,1.05397,-2.13725,0
2.39686,1.06641,-2.13889,0
2.39695,1.07754,-2.13779,0
2.39704,1.09003,-2.13931,0
2.39712,1.10302,-2.14164,0
2.39721,1.11512,-2.14213,0
2.3973,1.12492,-2.13813,0
2.39738,1.13753,-2.13938,0
2.39747,1.15111,-2.14233,0
2.39756,1.15997,-2.1364,0
2.39765,1.17121,-2.13483,0
2.39773,1.18245,-2.1332,0
2.39782,1.19908,-2.14111,0
2.39791,1.2089,-2.13672,0
2.398,1.22565,-2.14445,0
2.39808,1.2325,-2.13475,0
2.39817,1.24785,-2.13972,0
2.39826,1.26326,-2.1446,0
2.39834,1.27516,-2.14336,0
2.39843,1.28193,-2.13349,0
2.39852,1.29641,-2.13642,0
2.39861,1.31043,-2.13842,0
2.39869,1.32343,-2.13864,0
2.39878,1.3301,-2.1286,0
2.39887,1.34578,-2.13293,0
2.39896,1.35991,-2.13462,0
2.39904,1.37191,-2.13287,0
2.39913,1.38774,-2.13693,0
2.39922,1.39376,-2.12584,0
2.3993,1.41461,-2.13725,0
2.39939,1.42782,-2.13688,0
2.39948,1.44216,-2.13809,0
2.39957,1.4481,-2.12682,0
2.39965,1.46869,-2.13696,0
2.39974,1.48256,-2.1371,0
2.39983,1.49589,-2.13635,0
2.39991,1.50577,-2.13062,0
2.4,1.52318,-2.13542,0
2.40009,1.53249,-2.12876,0
2.40018,1.54999,-2.13338,0
2.40026,1.56165,-2.12982,0
2.40035,1.57985,-2.13504,0
2.40044,1.58855,-2.12733,0
2.40053,1.60745,-2.13316,0
2.40061,1.62158,-2.13249,0
2.4007,1.63939,-2.1365,0
2.40079,1.64564,-2.12537,0
2.40087,1.65859,-2.1229,0
2.40096,1.68022,-2.13135,0
2.40105,1.6976,-2.13417,0
2.40114,1.70752,-2.12752,0
2.40122,1.72497,-2.13016,0
2.40131,1.74184,-2.1319,0
2.4014,1.76066,-2.13586,0
2.40149,1.77189,-2.13046,0
2.40157,1.78309,-2.12501,0
2.40166,1.79881,-2.12484,0
2.40175,1.81781,-2.12838,0
2.40183,1.84013,-2.13558,0
2.40192,1.84615,-2.12375,0
2.40201,1.8699,-2.13222,0
2.4021,1.88317,-2.12853,0
2.40218,1.89976,-2.1285,0
2.40227,1.91505,-2.12688,0
2.40236,1.93037,-2.12517,0
2.40245,1.94165,-2.11894,0
2.40253,1.96173,-2.12219,0
2.40262,1.98803,-2.1319,0
2.40271,2.00622,-2.13267,0
2.40279,2.0217,-2.13042,0
2.40288,2.03651,-2.12736,0
2.40297,2.03813,-2.11054,0
2.40306,2.04313,-2.09733,0
2.40314,2.03754,-2.07342,0
2.40323,2.03953,-2.05741,0
2.40332,2.04283,-2.04283,0
2.40341,2.03539,-2.01771,0
2.40349,2.03562,-2.0004,0
2.40358,2.03716,-1.98452,0
2.40367,2.03429,-1.96449,0
2.40375,2.03707,-1.95007,0
2.40384,2.03322,-1.92946,0
2.40393,2.02997,-1.90961,0
2.40402,2.02366,-1.88709,0
2.4041,2.0282,-1.87485,0
2.40419,2.02604,-1.85652,0
2.40428,2.0319,-1.84565,0
2.40437,2.03473,-1.83208,0
2.40445,2.03002,-1.81186,0
2.40454,2.02293,-1.78974,0
2.40463,2.02621,-1.77694,0
2.40471,2.0264,-1.76152,0
2.4048,2.02118,-1.74156,0
2.40489,2.0242,-1.72883,0
2.40498,2.02715,-1.71611,0
2.40506,2.02925,-1.70274,0
2.40515,2.0282,-1.68684,0
2.40524,2.02011,-1.66525,0
2.40533,2.02116,-1.65136,0
2.40541,2.02447,-1.63938,0
2.4055,2.02146,-1.62239,0
2.40559,2.01756,-1.60484,0
2.40567,2.02298,-1.59479,0
2.40576,2.02598,-1.58287,0
2.40585,2.02417,-1.56728,0
2.40594,2.02543,-1.55417,0
2.40602,2.02344,-1.53866,0
2.40611,2.02774,-1.52801,0
2.4062,2.048,-1.52932,0
2.40629,2.05385,-1.51977,0
2.40637,2.06047,-1.5108,0
2.40646,2.05248,-1.49121,0
2.40655,2.04679,-1.47348,0
2.40663,2.04669,-1.45989,0
2.40672,2.02772,-1.43305,0
2.40681,2.02331,-1.41673,0
2.4069,2.02618,-1.40561,0
2.40698,2.02405,-1.39109,0
2.40707,2.02101,-1.37606,0
2.40716,2.00876,-1.35492,0
2.40725,2.01132,-1.34392,0
2.40733,2.013,-1.33238,0
2.40742,2.0121,-1.31919,0
2.40751,2.0212,-1.31258,0
2.40759,2.01429,-1.29563,0
2.40768,2.01739,-1.28522,0
2.40777,2.01537,-1.2716,0
2.40786,2.01072,-1.25644,0
2.40794,2.00598,-1.24134,0
2.40803,2.00797,-1.23048,0
2.40812,2.01246,-1.22119,0
2.40821,2.0092,-1.20725,0
2.40829,2.00757,-1.19438,0
2.40838,2.01277,-1.18561,0
2.40847,2.00928,-1.17178,0
2.40855,2.01178,-1.1615,0
2.40864,2.01162,-1.14973,0
2.40873,2.00182,-1.13257,0
2.40882,2.00238,-1.12139,0
2.4089,2.016,-1.11749,0
2.40899,2.00858,-1.10195,0
2.40908,2.01337,-1.09317,0
2.40917,2.00403,-1.0768,0
2.40925,2.00341,-1.06523,0
2.40934,2.01158,-1.05834,0
2.40943,2.00642,-1.04448,0
2.40951,2.01007,-1.03525,0
2.4096,2.01367,-1.02602,0
2.40969,2.00652,-1.01137,0
2.40978,2.01181,-1.00305,0
2.40986,2.0063,-0.9894,0
2.40995,2.00701,-0.978883,0
2.41004,2.00135,-0.965337,0
2.41013,2.00554,-0.956596,0
2.41021,2.0097,-0.947836,0
2.4103,2.00203,-0.933564,0
2.41039,1.99792,-0.921052,0
2.41047,2.01647,-0.91896,0
2.41056,2.00496,-0.903171,0
2.41065,2.00341,-0.891974,0
2.41074,2.00453,-0.882015,0
2.41082,2.00561,-0.872064,0
2.41091,1.99929,-0.858963,0
2.411,2.00762,-0.852185,0
2.41109,2.0104,-0.84303,0
2.41117,2.0002,-0.82851,0
2.41126,1.99917,-0.817881,0
2.41135,2.0055,-0.810274,0
2.41143,2.01087,-0.802257,0
2.41152,2.00505,-0.78981,0
2.41161,1.99263,-0.774893,0
2.4117,1.98759,-0.762965,0
2.41178,1.99184,-0.75464,0
2.41187,2.00073,-0.748043,0
2.41196,1.99647,-0.736537,0
2.41205,2.00155,-0.728503,0
2.41213,1.99059,-0.714694,0
2.41222,1.99369,-0.706002,0
2.41231,1.99014,-0.694988,0
2.41239,1.99032,-0.685321,0
2.41248,1.99329,-0.67663,0
2.41257,1.99812,-0.668561,0
2.41266,1.99057,-0.656391,0
2.41274,1.99151,-0.647082,0
2.41283,1.99336,-0.638081,0
2.41292,1.99899,-0.630279,0
2.413,1.99217,-0.618586,0
2.41309,1.99581,-0.61018,0
2.41318,1.986,-0.597719,0
2.41327,1.99147,-0.5899,0
2.41335,1.99114,-0.580365,0
2.41344,1.99173,-0.571121,0
2.41353,1.99228,-0.561882,0
2.41362,1.98315,-0.549977,0
2.4137,1.98843,-0.542107,0
2.41379,1.9927,-0.533944,0
2.41388,1.98244,-0.521934,0
2.41396,1.99051,-0.514781,0
2.41405,1.98595,-0.504368,0
2.41414,1.99202,-0.496666,0
2.41423,1.98348,-0.485355,0
2.41431,1.98558,-0.476695,0
2.4144,1.98472,-0.46734,0
2.41449,1.99259,-0.460025,0
2.41458,1.98872,-0.450002,0
2.41466,1.98871,-0.440888,0
2.41475,1.98867,-0.431782,0
2.41484,1.99542,-0.42414,0
2.41492,1.98942,-0.4138,0
2.41501,1.99121,-0.405116,0
2.4151,1.98609,-0.395058,0
2.41519,1.99368,-0.387533,0
2.41527,1.98258,-0.376406,0
2.41536,1.99109,-0.369027,0
2.41545,1.98383,-0.358734,0
2.41554,1.99325,-0.351464,0
2.41562,1.98787,-0.341578,0
2.41571,1.98835,-0.332736,0
2.4158,1.98682,-0.323575,0
2.41588,1.98525,-0.314433,0
2.41597,1.99254,-0.306681,0
2.41606,1.99583,-0.298279,0
2.41615,1.99019,-0.288564,0
2.41623,1.98747,-0.27932,0
2.41632,1.97777,-0.269163,0
2.41641,1.9819,-0.260922,0
2.4165,1.985,-0.252524,0
2.41658,1.98509,-0.243739,0
2.41667,1.98514,-0.234957,0
2.41676,1.98615,-0.226293,0
2.41684,1.98115,-0.216972,0
2.41693,1.98705,-0.208848,0
2.41702,1.98297,-0.199675,0
2.41711,1.98382,-0.191021,0
2.41719,1.98763,-0.182637,0
2.41728,1.98442,-0.173614,0
2.41737,1.98914,-0.165285,0
2.41746,1.97689,-0.155584,0
2.41754,1.97854,-0.147031,0
2.41763,1.97817,-0.138327,0
2.41772,1.98275,-0.129956,0
2.4178,1.9773,-0.120937,0
2.41789,1.97682,-0.112252,0
2.41798,1.98727,-0.104149,0
2.41807,1.9907,-0.0956205,0
2.41815,1.98111,-0.0864973,0
2.41824,1.98047,-0.077813,0
2.41833,1.97779,-0.0690662,0
2.41842,1.98407,-0.060619,0
2.4185,1.98632,-0.0520136,0
2.41859,1.99253,-0.0434771,0
2.41868,1.9797,-0.0345558,0
2.41876,1.97983,-0.0259174,0
2.41885,1.98292,-0.0173048,0
2.41894,1.98498,-0.00866122,0
2.41903,1.99,-4.81866e-08,0
2.41911,1.98098,0.00864367,0
2.4192,1.97892,0.0172698,0
2.41929,1.97683,0.0258781,0
2.41938,1.9607,0.0342241,0
2.41946,1.95553,0.0426699,0
2.41955,1.94633,0.0509665,0
2.41964,1.94109,0.0593057,0
2.41972,1.92283,0.0671466,0
2.41981,1.8156,0.071335,0
2.4199,1.72336,0.0752434,0
2.41999,1.69804,0.0815628,0
2.42007,1.69867,0.0890234,0
2.42016,1.69427,0.0962076,0
2.42025,1.69383,0.103599,0
2.42034,1.69137,0.110858,0
2.42042,1.69785,0.118725,0
2.42051,1.69931,0.126281,0
2.4206,1.71769,0.135185,0
2.42068,1.82272,0.151456,0
2.42077,1.89277,0.165596,0
2.42086,1.79942,0.165343,0
2.42095,1.86935,0.179998,0
2.42103,1.94815,0.196168,0
2.42112,1.9602,0.206026,0
2.42121,1.97817,0.216645,0
2.4213,1.98019,0.225614,0
2.42138,1.98514,0.234957,0
2.42147,1.97914,0.243007,0
2.42156,1.98103,0.252019,0
2.42164,1.9928,0.262358,0
2.42173,1.97975,0.269432,0
2.42182,1.98252,0.278625,0
2.42191,1.9793,0.286985,0
2.42199,1.98298,0.296358,0
2.42208,1.98759,0.30592,0
2.42217,1.9813,0.313807,0
2.42226,1.97893,0.322289,0
2.42234,1.98638,0.332406,0
2.42243,1.98688,0.341409,0
2.42252,1.98734,0.350422,0
2.4226,1.98678,0.359268,0
2.42269,1.97929,0.36684,0
2.42278,1.98357,0.376592,0
2.42287,1.97602,0.384098,0
2.42295,1.97432,0.392717,0
2.42304,1.97259,0.401328,0
2.42313,1.96984,0.409727,0
2.42322,1.98662,0.422269,0
2.4233,1.9701,0.42775,0
2.42339,1.97212,0.437208,0
2.42348,1.96824,0.445367,0
2.42356,1.97505,0.455976,0
2.42365,1.97888,0.465964,0
2.42374,1.9671,0.47226,0
2.42383,1.97474,0.483215,0
2.42391,1.97261,0.491827,0
2.424,1.97142,0.500676,0
2.42409,1.96824,0.509022,0
2.42418,1.97374,0.519642,0
2.42426,1.97242,0.528508,0
2.42435,1.97299,0.537899,0
2.42444,1.9687,0.545968,0
2.42452,1.97592,0.557267,0
2.42461,1.96963,0.564781,0
2.4247,1.97962,0.577007,0
2.42479,1.96654,0.582515,0
2.42487,1.97834,0.595413,0
2.42496,1.96999,0.602286,0
2.42505,1.98071,0.615027,0
2.42514,1.97324,0.62216,0
2.42522,1.97813,0.633203,0
2.42531,1.97534,0.641828,0
2.4254,1.96873,0.649189,0
2.42548,1.97062,0.659359,0
2.42557,1.9734,0.66988,0
2.42566,1.97519,0.680112,0
2.42575,1.98542,0.693339,0
2.42583,1.99369,0.706001,0
2.42592,1.9887,0.714018,0
2.42601,1.97993,0.720636,0
2.42609,1.97583,0.728922,0
2.42618,1.97357,0.737887,0
2.42627,1.96939,0.746137,0
2.42636,1.96892,0.755798,0
2.42644,1.9712,0.766556,0
2.42653,1.96876,0.775517,0
2.42662,1.96722,0.784841,0
2.42671,1.96285,0.793042,0
2.42679,1.96677,0.804628,0
2.42688,1.96879,0.815498,0
2.42697,1.96705,0.824854,0
2.42705,1.95515,0.829913,0
2.42714,1.9607,0.842383,0
2.42723,1.96985,0.856513,0
2.42732,1.96151,0.863086,0
2.4274,1.97052,0.877331,0
2.42749,1.95938,0.882635,0
2.42758,1.96916,0.897396,0
2.42767,1.96159,0.904305,0
2.42775,1.96759,0.917504,0
2.42784,1.96538,0.926934,0
2.42793,1.97034,0.939806,0
2.42801,1.96712,0.948828,0
2.4281,1.96656,0.959156,0
2.42819,1.96415,0.968612,0
2.42828,1.96707,0.980743,0
2.42836,1.97259,0.994267,0
2.42845,1.96111,0.999233,0
2.42854,1.96562,1.01236,0
2.42863,1.96207,1.02139,0
2.42871,1.96113,1.0318,0
2.4288,1.96279,1.04364,0
2.42889,1.96439,1.0555,0
2.42897,1.96064,1.06454,0
2.42906,1.96474,1.0779,0
2.42915,1.9609,1.08694,0
2.42924,1.96573,1.10086,0
2.42932,1.96004,1.10894,0
2.42941,1.9656,1.12343,0
2.4295,1.96241,1.133,0
2.42959,1.96091,1.14357,0
2.42967,1.95762,1.15313,0
2.42976,1.9646,1.16882,0
2.42985,1.96377,1.17995,0
2.42993,1.96544,1.19266,0
2.43002,1.9534,1.19704,0
2.43011,1.96006,1.21292,0
2.4302,1.95814,1.22358,0
2.43028,1.95363,1.23265,0
2.43037,1.95667,1.24653,0
2.43046,1.96299,1.26263,0
2.43055,1.97171,1.28045,0
2.43063,1.96025,1.2852,0
2.43072,1.95546,1.29429,0
2.43081,1.95395,1.30559,0
2.43089,1.95984,1.32193,0
2.43098,1.95736,1.33272,0
2.43107,1.95483,1.34352,0
2.43116,1.95552,1.35659,0
2.43124,1.95941,1.37199,0
2.43133,1.95096,1.3788,0
2.43142,1.96446,1.40124,0
2.43151,1.9567,1.40863,0
2.43159,1.95378,1.4195,0
2.43168,1.9516,1.43097,0
2.43177,1.95257,1.44482,0
2.43185,1.94705,1.45393,0
2.43194,1.95027,1.46963,0
2.43203,1.95498,1.4866,0
2.43212,1.95958,1.50364,0
2.4322,1.96249,1.51952,0
2.43229,1.95663,1.52869,0
2.43238,1.95858,1.54402,0
2.43247,1.962,1.56064,0
2.43255,1.96375,1.57608,0
2.43264,1.95763,1.58526,0
2.43273,1.95302,1.59568,0
2.43281,1.96224,1.61755,0
2.4329,1.95824,1.62865,0
2.43299,1.95878,1.64361,0
2.43308,1.95616,1.65602,0
2.43316,1.95957,1.67363,0
2.43325,1.95831,1.68738,0
2.43334,1.95092,1.69591,0
2.43343,1.94877,1.70902,0
2.43351,1.95552,1.7301,0
2.4336,1.95318,1.74328,0
2.43369,1.95893,1.76383,0
2.43377,1.94751,1.769,0
2.43386,1.94641,1.78356,0
2.43395,1.9533,1.80561,0
2.43404,1.94613,1.8148,0
2.43412,1.95203,1.83629,0
2.43421,1.95053,1.85099,0
2.4343,1.95183,1.86847,0
2.43439,1.95157,1.88461,0
2.43447,1.95407,1.90357,0
2.43456,1.95145,1.91769,0
2.43465,1.94804,1.93111,0
2.43473,1.95444,1.95444,0
2.43482,1.95294,1.97005,0
2.43491,1.95133,1.98569,0
2.435,1.94544,1.99705,0
2.43508,1.95477,2.02422,0
2.43517,1.95076,2.03779,0
2.43526,1.95149,2.05644,0
2.43535,1.94866,2.07149,0
2.43543,1.95324,2.0946,0
2.43552,1.95698,2.11705,0
2.43561,1.95448,2.13294,0
2.43569,1.95054,2.14737,0
2.43578,1.95788,2.17444,0
2.43587,1.95303,2.18819,0
2.43596,1.93949,2.19219,0
2.43604,1.92265,2.19236,0
2.43613,1.90192,2.1879,0
2.43622,1.88974,2.19315,0
2.43631,1.86651,2.18541,0
2.43639,1.85631,2.19277,0
2.43648,1.83387,2.18552,0
2.43657,1.81537,2.18274,0
2.43665,1.80455,2.1891,0
2.43674,1.79056,2.19153,0
2.43683,1.77342,2.19,0
2.43692,1.75446,2.18602,0
2.437,1.74553,2.19443,0
2.43709,1.72294,2.18554,0
2.43718,1.71215,2.19146,0
2.43727,1.69584,2.19021,0
2.43735,1.68323,2.19362,0
2.43744,1.65911,2.18184,0
2.43753,1.64416,2.18187,0
2.43761,1.62864,2.18101,0
2.4377,1.62208,2.19212,0
2.43779,1.60245,2.18546,0
2.43788,1.58408,2.1803,0
2.43796,1.57222,2.18395,0
2.43805,1.55861,2.18509,0
2.43814,1.5404,2.17962,0
2.43822,1.52342,2.17567,0
2.43831,1.51505,2.18394,0
2.4384,1.49475,2.17487,0
2.43849,1.48918,2.18716,0
2.43857,1.47068,2.18037,0
2.43866,1.45837,2.18261,0
2.43875,1.44332,2.18061,0
2.43884,1.4305,2.18187,0
2.43892,1.41552,2.1797,0
2.43901,1.40545,2.18502,0
2.4391,1.38462,2.17342,0
2.43918,1.37833,2.18451,0
2.43927,1.3603,2.17694,0
2.43936,1.35079,2.18285,0
2.43945,1.33185,2.17338,0
2.43953,1.32235,2.17917,0
2.43962,1.30665,2.17463,0
2.43971,1.29459,2.17602,0
2.4398,1.28306,2.1782,0
2.43988,1.27153,2.18032,0
2.43997,1.2555,2.17459,0
2.44006,1.24253,2.17397,0
2.44014,1.23106,2.17589,0
2.44023,1.2196,2.17775,0
2.44032,1.20572,2.17518,0
2.44041,1.19574,2.17954,0
2.44049,1.17906,2.17156,0
2.44058,1.17147,2.1802,0
2.44067,1.15208,2.16675,0
2.44076,1.14588,2.17795,0
2.44084,1.13405,2.1785,0
2.44093,1.11675,2.16831,0
2.44102,1.10683,2.17227,0
2.4411,1.09104,2.16458,0
2.44119,1.08114,2.16843,0
2.44128,1.07211,2.17402,0
2.44137,1.06349,2.18047,0
2.44145,1.04614,2.16888,0
2.44154,1.03409,2.16801,0
2.44163,1.02462,2.1725,0
2.44172,1.01217,2.17061,0
2.4418,1.00143,2.17228,0
2.44189,0.987799,2.16753,0
2.44198,0.97669,2.16817,0
2.44206,0.965593,2.16876,0
2.44215,0.955718,2.17203,0
2.44224,0.944637,2.17252,0
2.44233,0.931201,2.16743,0
2.44241,0.919781,2.16687,0
2.4425,0.909931,2.16994,0
2.44259,0.894714,2.16003,0
2.44268,0.886038,2.16576,0
2.44276,0.877703,2.17239,0
2.44285,0.862658,2.16227,0
2.44294,0.852482,2.16415,0
2.44302,0.843031,2.16785,0
2.44311,0.831414,2.16591,0
2.4432,0.823372,2.17325,0
2.44329,0.81073,2.1684,0
2.44337,0.79953,2.16722,0
2.44346,0.788014,2.16505,0
2.44355,0.776533,2.16282,0
2.44364,0.767756,2.16808,0
2.44372,0.754003,2.15913,0
2.44381,0.748156,2.1728,0
2.4439,0.735132,2.16563,0
2.44398,0.724089,2.16407,0
2.44407,0.7137,2.16436,0
2.44416,0.705486,2.17126,0
2.44425,0.692347,2.16289,0
2.44433,0.682001,2.16303,0
2.44442,0.673446,2.16885,0
2.44451,0.661052,2.1622,0
2.4446,0.653917,2.17273,0
2.44468,0.639603,2.15926,0
2.44477,0.631294,2.16587,0
2.44486,0.622389,2.17053,0
2.44494,0.611827,2.16937,0
2.44503,0.599149,2.16046,0
2.44512,0.588401,2.15823,0
2.44521,0.578978,2.16078,0
2.44529,0.567508,2.15555,0
2.44538,0.559349,2.16284,0
2.44547,0.548676,2.16042,0
2.44556,0.539002,2.16182,0
2.44564,0.5279,2.15735,0
2.44573,0.515914,2.14894,0
2.44582,0.507679,2.15603,0
2.4459,0.500291,2.167,0
2.44599,0.489728,2.16428,0
2.44608,0.478115,2.15664,0
2.44617,0.467215,2.15186,0
2.44625,0.459485,2.16171,0
2.44634,0.44903,2.1588,0
2.44643,0.437812,2.15191,0
2.44652,0.430174,2.16263,0
2.4466,0.419589,2.1586,0
2.44669,0.409793,2.15844,0
2.44678,0.4011,2.16414,0
2.44686,0.390764,2.16095,0
2.44695,0.380637,2.1587,0
2.44704,0.370537,2.1564,0
2.44713,0.361619,2.16095,0
2.44721,0.351705,2.15955,0
2.4473,0.341184,2.15415,0
2.44739,0.331021,2.15067,0
2.44748,0.322668,2.15902,0
2.44756,0.313388,2.1614,0
2.44765,0.304232,2.16473,0
2.44774,0.294919,2.16702,0
2.44782,0.284286,2.15937,0
2.44791,0.274483,2.15761,0
2.448,0.265188,2.15978,0
2.44809,0.255174,2.15595,0
2.44817,0.24667,2.16499,0
2.44826,0.236568,2.16008,0
2.44835,0.226409,2.15413,0
2.44844,0.216907,2.15411,0
2.44852,0.20856,2.16598,0
2.44861,0.198101,2.15592,0
2.4487,0.189041,2.16075,0
2.44878,0.180191,2.16853,0
2.44887,0.169629,2.15534,0
2.44896,0.159778,2.15007,0
2.44905,0.150116,2.14676,0
2.44913,0.141336,2.15637,0
2.44922,0.132292,2.16296,0
2.44931,0.122853,2.16351,0
2.4494,0.112993,2.15604,0
2.44948,0.103441,2.15352,0
2.44957,0.0941743,2.15694,0
2.44966,0.0847228,2.15634,0
2.44974,0.0752434,2.15469,0
2.44983,0.0660854,2.16299,0
2.44992,0.0564376,2.15526,0
2.45001,0.0468148,2.14549,0
2.45009,0.0376275,2.15567,0
2.45018,0.0282082,2.15482,0
2.45027,0.0188494,2.15992,0
2.45036,0.0093681,2.14698,0
2.45044,7.78582e-08,2.14,0
2.45053,-0.00935486,2.14398,0
2.45062,-0.0188231,2.15692,0
2.4507,-0.0281164,2.14782,0
2.45079,-0.0374004,2.14267,0
2.45088,-0.0469019,2.14949,0
2.45097,-0.0564112,2.15426,0
2.45105,-0.0656272,2.148,0
2.45114,-0.0750338,2.14869,0
2.45123,-0.0842908,2.14534,0
2.45131,-0.0939561,2.15195,0
2.4514,-0.103297,2.15052,0
2.45149,-0.112679,2.15005,0
2.45158,-0.122003,2.14854,0
2.45166,-0.131621,2.15198,0
2.45175,-0.14114,2.15338,0
2.45184,-0.150534,2.15274,0
2.45193,-0.159111,2.1411,0
2.45201,-0.168922,2.14636,0
2.4521,-0.177624,2.13763,0
2.45219,-0.186949,2.13684,0
2.45227,-0.197918,2.15393,0
2.45236,-0.206452,2.14408,0
2.45245,-0.216707,2.15212,0
2.45254,-0.226409,2.15413,0
2.45262,-0.235697,2.15213,0
2.45271,-0.245085,2.15108,0
2.4528,-0.254586,2.15099,0
2.45289,-0.263481,2.14588,0
2.45297,-0.273221,2.14769,0
2.45306,-0.281936,2.14152,0
2.45315,-0.292357,2.1482,0
2.45323,-0.302145,2.14987,0
2.45332,-0.311092,2.14556,0
2.45341,-0.320746,2.14616,0
2.4535,-0.331173,2.15166,0
2.45358,-0.340401,2.14921,0
2.45367,-0.34849,2.13981,0
2.45376,-0.357988,2.13925,0
2.45385,-0.370537,2.1564,0
2.45393,-0.378032,2.14393,0
2.45402,-0.388273,2.14718,0
2.45411,-0.39782,2.14645,0
2.45419,-0.409047,2.15451,0
2.45428,-0.416918,2.14486,0
2.45437,-0.426272,2.14302,0
2.45446,-0.436815,2.14702,0
2.45454,-0.445772,2.14313,0
2.45463,-0.455119,2.14117,0
2.45472,-0.464881,2.14111,0
2.45481,-0.475951,2.14687,0
2.45489,-0.485093,2.1438,0
2.45498,-0.494217,2.14069,0
2.45507,-0.504012,2.14046,0
2.45515,-0.512879,2.1363,0
2.45524,-0.521007,2.12918,0
2.45533,-0.534163,2.14241,0
2.45542,-0.545722,2.14878,0
2.4555,-0.55384,2.14154,0
2.45559,-0.562925,2.13814,0
2.45568,-0.573543,2.14049,0
2.45577,-0.582351,2.13604,0
2.45585,-0.593536,2.14022,0
2.45594,-0.601783,2.13376,0
2.45603,-0.610537,2.12919,0
2.45611,-0.623459,2.13899,0
2.4562,-0.631366,2.13146,0
2.45629,-0.644119,2.14017,0
2.45638,-0.652281,2.13352,0
2.45646,-0.66277,2.13447,0
2.45655,-0.672378,2.13251,0
2.45664,-0.683506,2.13527,0
2.45673,-0.69158,2.12846,0
2.45681,-0.703679,2.13397,0
2.4569,-0.711714,2.12709,0
2.45699,-0.725489,2.13722,0
2.45707,-0.736109,2.13782,0
2.45716,-0.74609,2.13647,0
2.45725,-0.755739,2.13414,0
2.45734,-0.766395,2.13459,0
2.45742,-0.776728,2.13404,0
2.45751,-0.789147,2.13908,0
2.4576,-0.799523,2.13842,0
2.45769,-0.809555,2.13678,0
2.45777,-0.324681,0.845824,0
2.45786,-0.33453,0.860243,0
2.45795,-0.333516,0.84668,0
2.45803,-0.340172,0.852647,0
2.45812,-0.356625,0.882679,0
2.45821,-0.3529,0.862604,0
2.4583,-0.347477,0.838883,0
2.45838,-0.347653,0.829059,0
2.45847,-0.343062,0.808203,0
2.45856,-0.337901,0.786485,0
2.45865,-0.340532,0.783169,0
2.45873,-0.338307,0.768862,0
2.45882,-0.337998,0.759156,0
2.45891,-0.339254,0.753115,0
2.45899,-0.333413,0.731609,0
2.45908,-0.335346,0.727423,0
2.45917,-0.332601,0.713264,0
2.45926,-0.33443,0.709093,0
2.45934,-0.329341,0.690478,0
2.45943,-0.331482,0.687233,0
2.45952,-0.33097,0.67859,0
2.45961,-0.329505,0.66817,0
2.45969,-0.331971,0.665831,0
2.45978,-0.334423,0.663483,0
2.45987,-0.331413,0.650435,0
2.45995,-0.329669,0.640092,0
2.46004,-0.328303,0.630665,0
2.46013,-0.329655,0.626571,0
2.46022,-0.331447,0.623361,0
2.4603,-0.331797,0.617504,0
2.46039,-0.329717,0.607263,0
2.46048,-0.328515,0.598804,0
2.46057,-0.328216,0.592118,0
2.46065,-0.331285,0.591552,0
2.46074,-0.328446,0.580527,0
2.46083,-0.321052,0.561725,0
2.46091,-0.321,0.555988,0
2.461,-0.321912,0.551991,0
2.46109,-0.324317,0.550581,0
2.46118,-0.327739,0.550879,0
2.46126,-0.321899,0.53573,0
2.46135,-0.322677,0.531755,0
2.46144,-0.319247,0.520963,0
2.46153,-0.322569,0.521266,0
2.46161,-0.322191,0.515613,0
2.4617,-0.320169,0.507437,0
2.46179,-0.316469,0.496758,0
2.46187,-0.319716,0.497054,0
2.46196,-0.316435,0.487268,0
2.46205,-0.321848,0.4909,0
2.46214,-0.31626,0.477817,0
2.46222,-0.32612,0.488073,0
2.46231,-0.323773,0.480013,0
2.4624,-0.321924,0.472809,0
2.46249,-0.316055,0.459862,0
2.46257,-0.320338,0.461766,0
2.46266,-0.324644,0.46364,0
2.46275,-0.320316,0.453236,0
2.46283,-0.320548,0.449392,0
2.46292,-0.313158,0.435004,0
2.46301,-0.319167,0.439296,0
2.4631,-0.318716,0.434674,0
2.46318,-0.317635,0.42926,0
2.46327,-0.312924,0.419056,0
2.46336,-0.320767,0.425673,0
2.46344,-0.323227,0.425065,0
2.46353,-0.315947,0.41175,0
2.46362,-0.319577,0.41274,0
2.46371,-0.318913,0.40819,0
2.46379,-0.320072,0.406009,0
2.46388,-0.316237,0.397565,0
2.46397,-0.319221,0.397741,0
2.46406,-0.315289,0.38935,0
2.46414,-0.320149,0.391843,0
2.46423,-0.319311,0.387356,0
2.46432,-0.30821,0.370582,0
2.4644,-0.276399,0.329399,0
2.46449,-0.272664,0.322084,0
2.46458,-0.267573,0.313287,0
2.46467,-0.262409,0.304541,0
2.46475,-0.261768,0.301129,0
2.46484,-0.243299,0.277429,0
2.46493,-0.253783,0.28685,0
2.46502,-0.272346,0.305137,0
2.4651,-0.289064,0.321039,0
2.46519,-0.287773,0.316813,0
2.46528,-0.13782,0.150405,0
2.46536,-0.124221,0.134381,0
2.46545,-0.110484,0.118479,0
2.46554,-0.117851,0.12528,0
2.46563,-0.25538,0.269114,0
2.46571,-0.222667,0.232601,0
2.4658,-0.217428,0.225153,0
2.46589,-0.191892,0.196983,0
2.46598,-0.130369,0.132665,0
2.46606,-0.0760336,0.0767,0
2.46615,-0.0784888,0.0784889,0
