7200
2940
2.56563
2.58134,-0.0487904,-0.0487904,0
2.58143,-0.0373128,-0.0376398,0
2.58152,-0.0532691,-0.054207,0
2.5816,-0.0537299,-0.0551552,0
2.58169,-0.0541834,-0.0561085,0
2.58178,-0.0622362,-0.0650128,0
2.58187,-0.11702,-0.123314,0
2.58195,-0.173351,-0.184278,0
2.58204,-0.276891,-0.29693,0
2.58213,-0.183955,-0.199001,0
2.58221,-0.204028,-0.222658,0
2.5823,-0.206417,-0.227247,0
2.58239,-0.22349,-0.24821,0
2.58248,-0.227732,-0.255152,0
2.58256,-0.231917,-0.262134,0
2.58265,-0.223518,-0.254874,0
2.58274,-0.230277,-0.264903,0
2.58283,-0.229771,-0.266663,0
2.58291,-0.22341,-0.26158,0
2.583,-0.224851,-0.265605,0
2.58309,-0.215977,-0.257391,0
2.58317,-0.223164,-0.268326,0
2.58326,-0.217539,-0.263896,0
2.58335,-0.218916,-0.26794,0
2.58344,-0.234737,-0.289875,0
2.58352,-0.214692,-0.2675,0
2.58361,-0.238423,-0.299739,0
2.5837,-0.222874,-0.282714,0
2.58379,-0.223485,-0.286048,0
2.58387,-0.218562,-0.282276,0
2.58396,-0.228286,-0.297507,0
2.58405,-0.222143,-0.292133,0
2.58413,-0.213644,-0.283516,0
2.58422,-0.221978,-0.297265,0
2.58431,-0.223059,-0.301446,0
2.5844,-0.22115,-0.30161,0
2.58448,-0.213366,-0.293673,0
2.58457,-0.220262,-0.305963,0
2.58466,-0.220086,-0.30855,0
2.58475,-0.214121,-0.302974,0
2.58483,-0.215665,-0.308001,0
2.58492,-0.221159,-0.318799,0
2.58501,-0.224297,-0.326354,0
2.58509,-0.219494,-0.32237,0
2.58518,-0.222,-0.329128,0
2.58527,-0.225006,-0.336745,0
2.58536,-0.221879,-0.335222,0
2.58544,-0.233025,-0.355422,0
2.58553,-0.23365,-0.35979,0
2.58562,-0.222341,-0.345667,0
2.58571,-0.224054,-0.351694,0
2.58579,-0.224652,-0.356051,0
2.58588,-0.226276,-0.362117,0
2.58597,-0.229429,-0.370754,0
2.58605,-0.231989,-0.378572,0
2.58614,-0.229298,-0.377871,0
2.58623,-0.243613,-0.40544,0
2.58632,-0.240308,-0.403921,0
2.5864,-0.238543,-0.404966,0
2.58649,-0.229217,-0.393045,0
2.58658,-0.2245,-0.388845,0
2.58667,-0.226275,-0.395899,0
2.58675,-0.219128,-0.387308,0
2.58684,-0.220368,-0.393496,0
2.58693,-0.219134,-0.395328,0
2.58701,-0.22366,-0.407678,0
2.5871,-0.21663,-0.398983,0
2.58719,-0.214887,-0.399924,0
2.58728,-0.211262,-0.397326,0
2.58736,-0.206733,-0.392935,0
2.58745,-0.206402,-0.396494,0
2.58754,-0.204212,-0.396502,0
2.58763,-0.202026,-0.396498,0
2.58771,-0.199394,-0.39559,0
2.5878,-0.208374,-0.417934,0
2.58789,-0.211856,-0.429602,0
2.58797,-0.211733,-0.434118,0
2.58806,-0.20332,-0.421527,0
2.58815,-0.204062,-0.427825,0
2.58824,-0.209019,-0.443183,0
2.58832,-0.201589,-0.432309,0
2.58841,-0.208493,-0.452255,0
2.5885,-0.214396,-0.47045,0
2.58859,-0.225074,-0.499646,0
2.58867,-0.219231,-0.492401,0
2.58876,-0.218289,-0.496099,0
2.58885,-0.218514,-0.502549,0
2.58893,-0.214741,-0.499822,0
2.58902,-0.21373,-0.503516,0
2.58911,-0.210757,-0.5026,0
2.5892,-0.207797,-0.501667,0
2.58928,-0.20182,-0.493313,0
2.58937,-0.203411,-0.503461,0
2.58946,-0.197507,-0.495055,0
2.58955,-0.195345,-0.495913,0
2.58963,-0.196804,-0.50608,0
2.58972,-0.201761,-0.525606,0
2.58981,-0.2023,-0.533962,0
2.58989,-0.204521,-0.547017,0
2.58998,-0.208709,-0.565729,0
2.59007,-0.206922,-0.568514,0
2.59016,-0.20444,-0.569412,0
2.59024,-0.213303,-0.602348,0
2.59033,-0.214958,-0.615546,0
2.59042,-0.210643,-0.611751,0
2.5905,-0.212793,-0.626868,0
2.59059,-0.214181,-0.640118,0
2.59068,-0.215144,-0.652443,0
2.59077,-0.213222,-0.656229,0
2.59085,-0.212795,-0.664772,0
2.59094,-0.215305,-0.682861,0
2.59103,-0.230116,-0.741095,0
2.59112,-0.206414,-0.675151,0
2.5912,-0.62481,-2.07601,0
2.59129,-0.620006,-2.0931,0
2.59138,-0.608628,-2.08811,0
2.59146,-0.599236,-2.08978,0
2.59155,-0.589297,-2.08949,0
2.59164,-0.579106,-2.08819,0
2.59173,-0.5692,-2.0878,0
2.59181,-0.559308,-2.08737,0
2.5919,-0.551468,-2.09462,0
2.59199,-0.54057,-2.09023,0
2.59208,-0.53046,-2.08869,0
2.59216,-0.521342,-2.09099,0
2.59225,-0.511738,-2.0913,0
2.59234,-0.500507,-2.08476,0
2.59242,-0.491176,-2.08595,0
2.59251,-0.482745,-2.091,0
2.5926,-0.472955,-2.09016,0
2.59269,-0.462099,-2.08439,0
2.59277,-0.452787,-2.08541,0
2.59286,-0.442852,-2.08345,0
2.59295,-0.434368,-2.0883,0
2.59304,-0.422461,-2.07646,0
2.59312,-0.415933,-2.09103,0
2.59321,-0.404515,-2.08105,0
2.5933,-0.395991,-2.08574,0
2.59338,-0.385064,-2.07762,0
2.59347,-0.376351,-2.08125,0
2.59356,-0.36605,-2.07597,0
2.59365,-0.358344,-2.08544,0
2.59373,-0.348416,-2.08205,0
2.59382,-0.338845,-2.08059,0
2.59391,-0.32992,-2.08303,0
2.594,-0.320524,-2.08248,0
2.59408,-0.312321,-2.08979,0
2.59417,-0.300043,-2.06936,0
2.59426,-0.29282,-2.08352,0
2.59434,-0.283052,-2.07983,0
2.59443,-0.27293,-2.07311,0
2.59452,-0.264261,-2.07726,0
2.59461,-0.25556,-2.08137,0
2.59469,-0.246829,-2.08544,0
2.59478,-0.236934,-2.07955,0
2.59487,-0.228512,-2.08652,0
2.59496,-0.218255,-2.07656,0
2.59504,-0.209092,-2.0765,0
2.59513,-0.200605,-2.08336,0
2.59522,-0.190506,-2.07327,0
2.5953,-0.181807,-2.07806,0
2.59539,-0.172407,-2.07485,0
2.59548,-0.163744,-2.08057,0
2.59557,-0.154442,-2.07827,0
2.59565,-0.145442,-2.07992,0
2.59574,-0.135712,-2.07056,0
2.59583,-0.127469,-2.08411,0
2.59592,-0.117751,-2.07366,0
2.596,-0.108649,-2.07315,0
2.59609,-0.0997945,-2.0776,0
2.59618,-0.0907283,-2.07802,0
2.59626,-0.0812286,-2.0674,0
2.59635,-0.0723816,-2.07274,0
2.59644,-0.0633064,-2.07203,0
2.59653,-0.0542648,-2.07229,0
2.59661,-0.0452005,-2.07151,0
2.5967,-0.0360567,-2.06569,0
2.59679,-0.027174,-2.07582,0
2.59688,-0.0181163,-2.07592,0
2.59696,-0.00907134,-2.07898,0
2.59705,-2.49843e-08,-2.074,0
2.59714,0.00907566,-2.07998,0
2.59722,0.0179679,-2.05892,0
2.59731,0.027174,-2.07582,0
2.5974,0.0362137,-2.07468,0
2.59749,0.0450695,-2.06551,0
2.59757,0.054291,-2.07329,0
2.59766,0.0633063,-2.07203,0
2.59775,0.0725909,-2.07873,0
2.59784,0.0815819,-2.0764,0
2.59792,0.0905538,-2.07402,0
2.59801,0.0997465,-2.07661,0
2.5981,0.108859,-2.07715,0
2.59818,0.117581,-2.07066,0
2.59827,0.126859,-2.07412,0
2.59836,0.136366,-2.08054,0
2.59845,0.145163,-2.07593,0
2.59853,0.153849,-2.07029,0
2.59862,0.16343,-2.07658,0
2.59871,0.171744,-2.06688,0
2.5988,0.179802,-2.05515,0
2.59888,0.190415,-2.07227,0
2.59897,0.199263,-2.06943,0
2.59906,0.208992,-2.0755,0
2.59914,0.217419,-2.06861,0
2.59923,0.227749,-2.07957,0
2.59932,0.236368,-2.07458,0
2.59941,0.245418,-2.07353,0
2.59949,0.254829,-2.07541,0
2.59958,0.263503,-2.07131,0
2.59967,0.272539,-2.07014,0
2.59976,0.281164,-2.06596,0
2.59984,0.291707,-2.0756,0
2.59993,0.300617,-2.07332,0
2.60002,0.309808,-2.07298,0
2.6001,0.319459,-2.07556,0
2.60019,0.327574,-2.06822,0
2.60028,0.336595,-2.06677,0
2.60037,0.345115,-2.06232,0
2.60045,0.354787,-2.06474,0
2.60054,0.364487,-2.06711,0
2.60063,0.374927,-2.07337,0
2.60072,0.383606,-2.06975,0
2.6008,0.39226,-2.06609,0
2.60089,0.402416,-2.07025,0
2.60098,0.411445,-2.06848,0
2.60106,0.420467,-2.06666,0
2.60115,0.430906,-2.07166,0
2.60124,0.439733,-2.06878,0
2.60133,0.448968,-2.06782,0
2.60141,0.457337,-2.06291,0
2.6015,0.467658,-2.06675,0
2.60159,0.476896,-2.06566,0
2.60168,0.485446,-2.06162,0
2.60176,0.494671,-2.06045,0
2.60185,0.505082,-2.0641,0
2.60194,0.513842,-2.06091,0
2.60202,0.52603,-2.07125,0
2.60211,0.536314,-2.07377,0
2.6022,0.544594,-2.06851,0
2.60229,0.554132,-2.06805,0
2.60237,0.562887,-2.06465,0
2.60246,0.572425,-2.0641,0
2.60255,0.580611,-2.05869,0
2.60263,0.591242,-2.06191,0
2.60272,0.601632,-2.06411,0
2.60281,0.612337,-2.06722,0
2.6029,0.62308,-2.07027,0
2.60298,0.6324,-2.06849,0
2.60307,0.642309,-2.06857,0
2.60316,0.653734,-2.07338,0
2.60325,0.661556,-2.0667,0
2.60333,0.669331,-2.05999,0
2.60342,0.680818,-2.06465,0
2.60351,0.688234,-2.05691,0
2.60359,0.699774,-2.06147,0
2.60368,0.711041,-2.06501,0
2.60377,0.718066,-2.05623,0
2.60386,0.732038,-2.06721,0
2.60394,0.736996,-2.0527,0
2.60403,0.75005,-2.06075,0
2.60412,0.760073,-2.06027,0
2.60421,0.769055,-2.05693,0
2.60429,0.781566,-2.06291,0
2.60438,0.79056,-2.05948,0
2.60447,0.801713,-2.0616,0
2.60455,0.810701,-2.05808,0
2.60464,0.82412,-2.06567,0
2.60473,0.83275,-2.06113,0
2.60482,0.841357,-2.05655,0
2.6049,0.853767,-2.06118,0
2.60499,0.860819,-2.05282,0
2.60508,0.873675,-2.05825,0
2.60517,0.888963,-2.06912,0
2.60525,0.89559,-2.05972,0
2.60534,0.909402,-2.06677,0
2.60543,0.918411,-2.06279,0
2.60551,0.929046,-2.06241,0
2.6056,0.938865,-2.06015,0
2.60569,0.950776,-2.06239,0
2.60578,0.962302,-2.06366,0
2.60586,0.970444,-2.05764,0
2.60595,0.983718,-2.06241,0
2.60604,0.993142,-2.059,0
2.60613,1.00343,-2.05734,0
2.60621,1.01638,-2.06101,0
2.6063,1.02759,-2.06103,0
2.60639,1.03973,-2.06278,0
2.60647,1.04645,-2.05377,0
2.60656,1.05448,-2.04741,0
2.60665,1.07126,-2.05787,0
2.60674,1.08255,-2.0576,0
2.60682,1.08964,-2.04932,0
2.60691,1.10236,-2.05159,0
2.607,1.11751,-2.05819,0
2.60709,1.12792,-2.05592,0
2.60717,1.13882,-2.05448,0
2.60726,1.14973,-2.05298,0
2.60735,1.16064,-2.05143,0
2.60743,1.17157,-2.04982,0
2.60752,1.1825,-2.04815,0
2.60761,1.19596,-2.05075,0
2.6077,1.21251,-2.05843,0
2.60778,1.21534,-2.04281,0
2.60787,1.23094,-2.04863,0
2.60796,1.24402,-2.05008,0
2.60805,1.25191,-2.04293,0
2.60813,1.26554,-2.0451,0
2.60822,1.2787,-2.04634,0
2.60831,1.28975,-2.04412,0
2.60839,1.30241,-2.04438,0
2.60848,1.31998,-2.05214,0
2.60857,1.32783,-2.04468,0
2.60866,1.34058,-2.04472,0
2.60874,1.3539,-2.04552,0
2.60883,1.36892,-2.04874,0
2.60892,1.38232,-2.04938,0
2.60901,1.39519,-2.04912,0
2.60909,1.41035,-2.05207,0
2.60918,1.41815,-2.04426,0
2.60927,1.43107,-2.04378,0
2.60935,1.44459,-2.04405,0
2.60944,1.46105,-2.04831,0
2.60953,1.47231,-2.04517,0
2.60962,1.47946,-2.0363,0
2.6097,1.50015,-2.04595,0
2.60979,1.52334,-2.05868,0
2.60988,1.52932,-2.048,0
2.60997,1.54185,-2.0461,0
2.61005,1.555,-2.04493,0
2.61014,1.56634,-2.0413,0
2.61023,1.57891,-2.03919,0
2.61031,1.59456,-2.04095,0
2.6104,1.61274,-2.04575,0
2.61049,1.62539,-2.04339,0
2.61058,1.64055,-2.04408,0
2.61066,1.6526,-2.04079,0
2.61075,1.67097,-2.04517,0
2.61084,1.68243,-2.04095,0
2.61093,1.69771,-2.04128,0
2.61101,1.71496,-2.04381,0
2.6111,1.72515,-2.03783,0
2.61119,1.74377,-2.04169,0
2.61127,1.75331,-2.03482,0
2.61136,1.77923,-2.04677,0
2.61145,1.79078,-2.042,0
2.61154,1.80829,-2.0439,0
2.61162,1.81985,-2.03897,0
2.61171,1.83609,-2.03919,0
2.6118,1.85708,-2.04448,0
2.61189,1.87138,-2.04226,0
2.61197,1.88978,-2.04435,0
2.61206,1.90005,-2.03755,0
2.61215,1.91988,-2.0409,0
2.61223,1.92946,-2.03322,0
2.61232,1.95214,-2.03923,0
2.61241,1.97214,-2.04221,0
2.6125,1.9901,-2.04289,0
2.61258,1.99899,-2.03419,0
2.61267,2.02615,-2.04391,0
2.61276,2.0294,-2.0294,0
2.61285,2.03681,-2.01911,0
2.61293,2.03134,-1.99619,0
2.61302,2.03645,-1.98382,0
2.61311,2.0307,-1.96102,0
2.61319,2.0349,-1.94799,0
2.61328,2.02597,-1.92257,0
2.61337,2.02778,-1.90755,0
2.61346,2.02804,-1.89118,0
2.61354,2.02379,-1.87077,0
2.61363,2.02383,-1.8545,0
2.61372,2.02302,-1.83758,0
2.61381,2.02061,-1.81937,0
2.61389,2.02032,-1.80321,0
2.61398,2.02368,-1.7904,0
2.61407,2.01794,-1.76968,0
2.61415,2.0264,-1.76152,0
2.61424,2.01967,-1.74026,0
2.61433,2.02192,-1.72688,0
2.61442,2.01417,-1.70512,0
2.6145,2.02083,-1.69567,0
2.61459,2.01129,-1.67277,0
2.61468,2.02088,-1.66589,0
2.61477,2.02039,-1.65073,0
2.61485,2.0198,-1.6356,0
2.61494,2.016,-1.61801,0
2.61503,2.01756,-1.60484,0
2.61511,2.01277,-1.58674,0
2.6152,2.02046,-1.57856,0
2.61529,2.00519,-1.55258,0
2.61538,2.01353,-1.54504,0
2.61546,2.02025,-1.53624,0
2.61555,2.01496,-1.51838,0
2.61564,2.01355,-1.50359,0
2.61572,2.00964,-1.48706,0
2.61581,2.02579,-1.48537,0
2.6159,2.00798,-1.45888,0
2.61599,2.00865,-1.44602,0
2.61607,2.00517,-1.43027,0
2.61616,2.01302,-1.42266,0
2.61625,2.01102,-1.40813,0
2.61634,2.00646,-1.39193,0
2.61642,2.00922,-1.3809,0
2.61651,2.00944,-1.36818,0
2.6166,2.01705,-1.36052,0
2.61668,2.00883,-1.34226,0
2.61677,2.00133,-1.32465,0
2.61686,2.01127,-1.31865,0
2.61695,2.00191,-1.30005,0
2.61703,1.99747,-1.28481,0
2.61712,2.00137,-1.27501,0
2.61721,1.99676,-1.25986,0
2.6173,2.00479,-1.25273,0
2.61738,1.99833,-1.2366,0
2.61747,2.00541,-1.22892,0
2.61756,1.99622,-1.21134,0
2.61764,2.00063,-1.2021,0
2.61773,2.00156,-1.1908,0
2.61782,2.00156,-1.17901,0
2.61791,2.00323,-1.16825,0
2.61799,2.00658,-1.1585,0
2.61808,1.99512,-1.14031,0
2.61817,1.99921,-1.1311,0
2.61826,1.99802,-1.11894,0
2.61834,2.00725,-1.11264,0
2.61843,1.99806,-1.09617,0
2.61852,1.99843,-1.08506,0
2.6186,2.00315,-1.07633,0
2.61869,2.00782,-1.06758,0
2.61878,1.9983,-1.05136,0
2.61887,2.0011,-1.0417,0
2.61895,1.99584,-1.02793,0
2.61904,1.99229,-1.01512,0
2.61913,1.99134,-1.00372,0
2.61922,1.98586,-0.990113,0
2.6193,2.00272,-0.987631,0
2.61939,1.99802,-0.974499,0
2.61948,2.00495,-0.967075,0
2.61956,1.99562,-0.95186,0
2.61965,1.99975,-0.943143,0
2.61974,1.99841,-0.931873,0
2.61983,2.00336,-0.923563,0
2.61991,1.99736,-0.910252,0
2.62,2.00223,-0.901939,0
2.62009,1.99701,-0.889126,0
2.62018,2.0027,-0.88121,0
2.62026,1.99919,-0.869273,0
2.62035,2.00848,-0.86291,0
2.62044,2.00486,-0.851012,0
2.62052,1.9938,-0.836069,0
2.62061,1.99928,-0.828127,0
2.6207,1.98991,-0.814095,0
2.62079,2.00272,-0.80915,0
2.62087,1.9988,-0.79744,0
2.62096,1.98923,-0.78358,0
2.62105,1.99077,-0.774168,0
2.62114,1.99599,-0.766191,0
2.62122,1.98529,-0.75216,0
2.62131,1.9998,-0.747693,0
2.6214,1.98803,-0.733422,0
2.62148,1.99591,-0.726451,0
2.62157,1.98965,-0.714356,0
2.62166,1.99651,-0.707003,0
2.62175,1.98636,-0.693669,0
2.62183,1.98653,-0.684019,0
2.62192,1.98003,-0.67213,0
2.62201,1.98294,-0.663484,0
2.6221,1.97253,-0.650441,0
2.62218,1.96488,-0.638429,0
2.62227,1.94955,-0.624057,0
2.62236,1.95512,-0.616447,0
2.62244,1.95493,-0.607021,0
2.62253,1.93652,-0.592053,0
2.62262,1.81077,-0.544979,0
2.62271,1.72108,-0.509808,0
2.62279,1.71081,-0.498655,0
2.62288,1.7072,-0.489532,0
2.62297,1.70355,-0.48045,0
2.62306,1.70755,-0.473546,0
2.62314,1.70671,-0.465302,0
2.62323,1.70679,-0.457333,0
2.62332,1.70974,-0.450136,0
2.6234,1.70491,-0.440919,0
2.62349,1.70875,-0.433968,0
2.62358,1.70869,-0.426024,0
2.62367,1.71053,-0.418565,0
2.62375,1.70456,-0.40923,0
2.62384,1.69757,-0.399725,0
2.62393,1.69833,-0.39209,0
2.62402,1.70392,-0.385558,0
2.6241,1.70168,-0.377254,0
2.62419,1.70331,-0.369826,0
2.62428,1.70882,-0.363222,0
2.62436,1.70354,-0.354337,0
2.62445,1.70605,-0.3471,0
2.62454,1.70068,-0.338287,0
2.62463,1.70312,-0.331054,0
2.62471,1.69866,-0.3225,0
2.6248,1.703,-0.315632,0
2.62489,1.69747,-0.306953,0
2.62498,1.70273,-0.300238,0
2.62506,1.6991,-0.291959,0
2.62515,1.69542,-0.283717,0
2.62524,1.69369,-0.275834,0
2.62532,1.685,-0.266877,0
2.62541,1.6901,-0.260131,0
2.6255,1.68924,-0.252459,0
2.62559,1.69626,-0.245946,0
2.62567,1.6993,-0.238821,0
2.62576,1.69042,-0.230056,0
2.62585,1.68744,-0.222156,0
2.62594,1.69038,-0.215043,0
2.62602,1.68534,-0.206934,0
2.62611,1.69715,-0.200871,0
2.6262,1.68708,-0.192219,0
2.62628,1.69487,-0.185618,0
2.62637,1.69168,-0.177803,0
2.62646,1.68349,-0.169518,0
2.62655,1.68421,-0.162171,0
2.62663,1.67793,-0.15418,0
2.62672,1.68556,-0.147468,0
2.62681,1.6822,-0.13978,0
2.6269,1.69476,-0.133381,0
2.62698,1.71926,-0.127763,0
2.62707,1.78763,-0.125004,0
2.62716,1.92786,-0.126359,0
2.62724,1.95634,-0.119655,0
2.62733,1.97282,-0.112025,0
2.62742,1.97629,-0.103573,0
2.62751,1.97472,-0.0948528,0
2.62759,1.97911,-0.0864101,0
2.62768,1.97548,-0.0776167,0
2.62777,1.97979,-0.0691359,0
2.62785,1.97408,-0.0603136,0
2.62794,1.98032,-0.0518566,0
2.62803,1.97653,-0.0431281,0
2.62812,1.9807,-0.0345733,0
2.6282,1.97683,-0.0258782,0
2.62829,1.97792,-0.0172611,0
2.62838,1.97498,-0.00861758,0
2.62847,1.981,-4.79687e-08,0
2.62855,1.97998,0.0086393,0
2.62864,1.97492,0.0172349,0
2.62873,1.97483,0.0258519,0
2.62881,1.9887,0.0347128,0
2.6289,1.98353,0.0432807,0
2.62899,1.98232,0.0519088,0
2.62908,1.97508,0.0603441,0
2.62916,1.9738,0.0689265,0
2.62925,1.98347,0.0779307,0
2.62934,1.98211,0.0865408,0
2.62943,1.98371,0.0952845,0
2.62951,1.98228,0.103887,0
2.6296,1.97182,0.111968,0
2.62969,1.94836,0.119167,0
2.62977,1.74027,0.114063,0
2.62986,1.70583,0.119284,0
2.62995,1.70231,0.126503,0
2.63004,1.69277,0.133224,0
2.63012,1.68719,0.140194,0
2.63021,1.69253,0.148078,0
2.6303,1.69984,0.156193,0
2.63039,1.69914,0.163609,0
2.63047,1.7014,0.171322,0
2.63056,1.6877,0.177385,0
2.63065,1.6889,0.184965,0
2.63073,1.68609,0.192106,0
2.63082,1.69517,0.200636,0
2.63091,1.69626,0.208275,0
2.631,1.69633,0.2158,0
2.63108,1.6914,0.222678,0
2.63117,1.69339,0.23046,0
2.63126,1.68643,0.237012,0
2.63135,1.69131,0.245229,0
2.63143,1.68331,0.251572,0
2.63152,1.6901,0.260131,0
2.63161,1.68598,0.267034,0
2.63169,1.68085,0.273745,0
2.63178,1.69838,0.284212,0
2.63187,1.842,0.316514,0
2.63196,1.95287,0.344344,0
2.63204,1.97497,0.357133,0
2.63213,1.97044,0.3652,0
2.63222,1.97473,0.374913,0
2.63231,1.97405,0.383717,0
2.63239,1.97726,0.393302,0
2.63248,1.97553,0.401926,0
2.63257,1.97571,0.410949,0
2.63265,1.97195,0.41915,0
2.63274,1.97987,0.429872,0
2.63283,1.98188,0.439372,0
2.63292,1.98092,0.448236,0
2.633,1.97895,0.456876,0
2.63309,1.97109,0.464131,0
2.63318,1.96905,0.472727,0
2.63327,1.96891,0.481789,0
2.63335,1.96873,0.490859,0
2.63344,1.97142,0.500676,0
2.63353,1.97309,0.510274,0
2.63361,1.97471,0.519897,0
2.6337,1.97628,0.529544,0
2.63379,1.98264,0.540529,0
2.63388,1.98122,0.549442,0
2.63396,1.98073,0.558624,0
2.63405,1.9677,0.56423,0
2.63414,1.96426,0.57253,0
2.63423,1.97421,0.584788,0
2.63431,1.9726,0.593684,0
2.6344,1.97764,0.604625,0
2.63449,1.97307,0.612655,0
2.63457,1.9761,0.623062,0
2.63466,1.97051,0.630764,0
2.63475,1.97439,0.641519,0
2.63484,1.96683,0.648562,0
2.63492,1.97156,0.659676,0
2.63501,1.97814,0.671487,0
2.6351,1.96573,0.676856,0
2.63519,1.97787,0.690702,0
2.63527,1.96824,0.696989,0
2.63536,1.97082,0.707598,0
2.63545,1.97054,0.717216,0
2.63553,1.96833,0.726154,0
2.63562,1.97451,0.738237,0
2.63571,1.97875,0.74968,0
2.6358,1.96705,0.755081,0
2.63588,1.96933,0.765831,0
2.63597,1.96783,0.77515,0
2.63606,1.97929,0.789658,0
2.63615,1.9749,0.797912,0
2.63623,1.9751,0.808036,0
2.63632,1.97248,0.817029,0
2.63641,1.97167,0.826788,0
2.63649,1.96988,0.836165,0
2.63658,1.97173,0.84712,0
2.63667,1.97626,0.859304,0
2.63676,1.98073,0.871544,0
2.63684,1.97965,0.881398,0
2.63693,1.97761,0.890849,0
2.63702,1.97826,0.901543,0
2.63711,1.97612,0.911004,0
2.63719,1.98028,0.923421,0
2.63728,1.98166,0.934612,0
2.63737,1.97395,0.941528,0
2.63745,1.97793,0.954042,0
2.63754,1.97555,0.96354,0
2.63763,1.97133,0.97215,0
2.63772,1.96528,0.97985,0
2.6378,1.9717,0.993817,0
2.63789,1.97269,1.00513,0
2.63798,1.97184,1.01556,0
2.63807,1.96828,1.02462,0
2.63815,1.95936,1.03087,0
2.63824,1.97604,1.05068,0
2.63833,1.97143,1.05929,0
2.63841,1.97031,1.06979,0
2.6385,1.9665,1.07886,0
2.63859,1.97052,1.09228,0
2.63868,1.9701,1.10331,0
2.63876,1.96787,1.11337,0
2.63885,1.97081,1.12641,0
2.63894,1.96415,1.134,0
2.63903,1.96523,1.14609,0
2.63911,1.96538,1.15769,0
2.6392,1.97578,1.17546,0
2.63929,1.96977,1.18356,0
2.63937,1.96886,1.19473,0
2.63946,1.96534,1.20436,0
2.63955,1.95836,1.21187,0
2.63964,1.95305,1.2204,0
2.63972,1.96801,1.24172,0
2.63981,1.96595,1.25245,0
2.6399,1.96635,1.2648,0
2.63999,1.96417,1.27554,0
2.64007,1.96778,1.29013,0
2.64016,1.97131,1.30478,0
2.64025,1.96393,1.31226,0
2.64033,1.95819,1.32081,0
2.64042,1.9648,1.33779,0
2.64051,1.96637,1.35145,0
2.6406,1.96045,1.36001,0
2.64068,1.95859,1.37142,0
2.64077,1.96157,1.3863,0
2.64086,1.95469,1.39427,0
2.64094,1.9632,1.4133,0
2.64103,1.95782,1.42244,0
2.64112,1.96047,1.43747,0
2.64121,1.94935,1.44245,0
2.64129,1.95907,1.4629,0
2.64138,1.96225,1.47866,0
2.64147,1.95896,1.48963,0
2.64156,1.958,1.50242,0
2.64164,1.96486,1.52136,0
2.64173,1.96372,1.53423,0
2.64182,1.96957,1.55269,0
2.6419,1.95809,1.55753,0
2.64199,1.96765,1.5792,0
2.64208,1.96152,1.5884,0
2.64217,1.96463,1.60517,0
2.64225,1.96378,1.61882,0
2.64234,1.95593,1.62673,0
2.64243,1.95571,1.64104,0
2.64252,1.96456,1.66312,0
2.6426,1.96717,1.68012,0
2.64269,1.95679,1.68608,0
2.64278,1.95243,1.69722,0
2.64286,1.95102,1.711,0
2.64295,1.95477,1.72944,0
2.64304,1.96362,1.7526,0
2.64313,1.96413,1.76851,0
2.64321,1.95566,1.77639,0
2.6433,1.95526,1.79167,0
2.64339,1.96211,1.81376,0
2.64348,1.96295,1.83048,0
2.64356,1.95495,1.83903,0
2.64365,1.96141,1.86131,0
2.64374,1.96339,1.87953,0
2.64382,1.96452,1.89711,0
2.64391,1.95765,1.90706,0
2.644,1.96358,1.9296,0
2.64409,1.96082,1.94378,0
2.64417,1.96293,1.96293,0
2.64426,1.95998,1.97716,0
2.64435,1.96185,1.99639,0
2.64444,1.95591,2.00779,0
2.64452,1.95477,2.02422,0
2.64461,1.95698,2.04429,0
2.6447,1.96456,2.07022,0
2.64478,1.95551,2.07877,0
2.64487,1.96347,2.10557,0
2.64496,1.9597,2.11999,0
2.64505,1.95178,2.12999,0
2.64513,1.94045,2.13627,0
2.64522,1.91907,2.13134,0
2.64531,1.90176,2.13074,0
2.6454,1.88052,2.12554,0
2.64548,1.86793,2.12996,0
2.64557,1.8514,2.12979,0
2.64566,1.83164,2.12573,0
2.64574,1.81845,2.12914,0
2.64583,1.80269,2.12942,0
2.64592,1.78631,2.12884,0
2.64601,1.77253,2.13123,0
2.64609,1.75367,2.12737,0
2.64618,1.73551,2.12416,0
2.64627,1.72182,2.12627,0
2.64636,1.7094,2.12986,0
2.64644,1.68888,2.12322,0
2.64653,1.6697,2.118,0
2.64662,1.65675,2.12054,0
2.6467,1.64686,2.12696,0
2.64679,1.6327,2.12777,0
2.64688,1.61492,2.12373,0
2.64697,1.59541,2.11718,0
2.64705,1.58795,2.12653,0
2.64714,1.56974,2.12138,0
2.64723,1.55219,2.11692,0
2.64732,1.54059,2.12043,0
2.6474,1.52664,2.12064,0
2.64749,1.50925,2.11589,0
2.64758,1.49596,2.11673,0
2.64766,1.48556,2.1216,0
2.64775,1.46489,2.11163,0
2.64784,1.4551,2.11718,0
2.64793,1.44416,2.12103,0
2.64801,1.43321,2.12482,0
2.6481,1.41837,2.12274,0
2.64819,1.40413,2.12141,0
2.64828,1.38828,2.11748,0
2.64836,1.37576,2.11848,0
2.64845,1.36001,2.11437,0
2.64854,1.34755,2.11523,0
2.64862,1.3351,2.11601,0
2.64871,1.32374,2.11842,0
2.6488,1.30764,2.11313,0
2.64889,1.29423,2.11199,0
2.64897,1.27929,2.10821,0
2.64906,1.26802,2.11035,0
2.64915,1.2588,2.11586,0
2.64924,1.23941,2.1041,0
2.64932,1.22719,2.1043,0
2.64941,1.224,2.12003,0
2.6495,1.21077,2.11841,0
2.64958,1.19708,2.11583,0
2.64967,1.18442,2.11493,0
2.64976,1.1713,2.11308,0
2.64985,1.16111,2.11642,0
2.64993,1.14948,2.11707,0
2.65002,1.13691,2.1159,0
2.65011,1.11969,2.10583,0
2.6502,1.11096,2.11158,0
2.65028,1.09942,2.11197,0
2.65037,1.08928,2.11497,0
2.65046,1.0746,2.10901,0
2.65054,1.06493,2.11279,0
2.65063,1.05526,2.11652,0
2.65072,1.03849,2.10586,0
2.65081,1.02842,2.10857,0
2.65089,1.01704,2.10853,0
2.65098,1.00438,2.10573,0
2.65107,0.996891,2.11371,0
2.65116,0.985546,2.11351,0
2.65124,0.976733,2.1187,0
2.65133,0.962503,2.11202,0
2.65142,0.951636,2.11255,0
2.6515,0.935901,2.10207,0
2.65159,0.928734,2.11071,0
2.65168,0.916724,2.10832,0
2.65177,0.900806,2.09668,0
2.65185,0.889304,2.09507,0
2.65194,0.880541,2.09985,0
2.65203,0.870222,2.1009,0
2.65212,0.86029,2.10283,0
2.6522,0.848859,2.101,0
2.65229,0.839313,2.10375,0
2.65238,0.825727,2.09623,0
2.65246,0.818748,2.10541,0
2.65255,0.807403,2.10336,0
2.65264,0.792549,2.0919,0
2.65273,0.784815,2.09908,0
2.65281,0.77461,2.09967,0
2.6529,0.768519,2.11149,0
2.65299,0.756596,2.10729,0
2.65308,0.747727,2.11152,0
2.65316,0.732243,2.09682,0
2.65325,0.725691,2.10756,0
2.65334,0.711346,2.09556,0
2.65342,0.704416,2.10528,0
2.65351,0.693032,2.10168,0
2.6536,0.683855,2.10469,0
2.65369,0.675579,2.11051,0
2.65377,0.663658,2.10485,0
2.65386,0.651205,2.09722,0
2.65395,0.642341,2.101,0
2.65403,0.634608,2.10857,0
2.65412,0.622278,2.10077,0
2.65421,0.611147,2.09675,0
2.6543,0.601992,2.0994,0
2.65438,0.592826,2.102,0
2.65447,0.582312,2.09975,0
2.65456,0.572619,2.10034,0
2.65465,0.563708,2.10379,0
2.65473,0.550959,2.09269,0
2.65482,0.544326,2.10475,0
2.65491,0.533168,2.09935,0
2.65499,0.524245,2.10263,0
2.65508,0.512689,2.09518,0
2.65517,0.504942,2.10324,0
2.65526,0.492781,2.09277,0
2.65534,0.48387,2.09587,0
2.65543,0.47472,2.09796,0
2.65552,0.466211,2.10294,0
2.65561,0.454909,2.09518,0
2.65569,0.445555,2.09617,0
2.65578,0.435183,2.09222,0
2.65587,0.425451,2.09116,0
2.65595,0.416713,2.09496,0
2.65604,0.407377,2.09577,0
2.65613,0.399721,2.10539,0
2.65622,0.387797,2.09237,0
2.6563,0.379732,2.09994,0
2.65639,0.369871,2.09764,0
2.65648,0.359698,2.09332,0
2.65657,0.350066,2.09191,0
2.65665,0.341578,2.09737,0
2.65674,0.331485,2.09291,0
2.65683,0.322197,2.09335,0
2.65691,0.313947,2.10067,0
2.657,0.302913,2.08915,0
2.65709,0.293934,2.09145,0
2.65718,0.28467,2.09172,0
2.65726,0.27541,2.09195,0
2.65735,0.265649,2.08817,0
2.65744,0.255682,2.08236,0
2.65753,0.249062,2.10431,0
2.65761,0.238746,2.09544,0
2.6577,0.230145,2.10144,0
2.65779,0.220869,2.10142,0
2.65787,0.210696,2.09242,0
2.65796,0.20166,2.09431,0
2.65805,0.192336,2.09318,0
2.65814,0.183027,2.09201,0
2.65822,0.173566,2.0888,0
2.65831,0.16398,2.08356,0
2.6584,0.155776,2.09622,0
2.65849,0.146489,2.09488,0
2.65857,0.137216,2.09351,0
2.65866,0.127653,2.0871,0
2.65875,0.118771,2.09163,0
2.65883,0.109382,2.08714,0
2.65892,0.100082,2.0836,0
2.65901,0.0911646,2.08801,0
2.6591,0.0825635,2.10138,0
2.65918,0.0728353,2.08573,0
2.65927,0.0639172,2.09202,0
2.65936,0.0547884,2.09228,0
2.65945,0.0456368,2.0915,0
2.65953,0.0364582,2.08868,0
2.65962,0.0273835,2.09182,0
2.65971,0.0182211,2.08792,0
2.65979,0.00910194,2.08598,0
2.65988,7.58936e-08,2.086,0
2.65997,-0.00908433,2.08198,0
2.66006,-0.0182297,2.08892,0
2.66014,-0.0273703,2.09082,0
2.66023,-0.0365278,2.09268,0
2.66032,-0.0456585,2.0925,0
2.66041,-0.0547097,2.08928,0
2.66049,-0.063856,2.09002,0
2.66058,-0.0729399,2.08873,0
2.66067,-0.0822492,2.09338,0
2.66075,-0.0910772,2.08601,0
2.66084,-0.100562,2.09359,0
2.66093,-0.10933,2.08614,0
2.66102,-0.118374,2.08464,0
2.6611,-0.127469,2.08411,0
2.66119,-0.136496,2.08253,0
2.66128,-0.14593,2.0869,0
2.66137,-0.155035,2.08625,0
2.66145,-0.163979,2.08356,0
2.66154,-0.173152,2.08382,0
2.66163,-0.182417,2.08504,0
2.66171,-0.19133,2.08223,0
2.6618,-0.201372,2.09133,0
2.66189,-0.210395,2.08943,0
2.66198,-0.21951,2.0885,0
2.66206,-0.22862,2.08752,0
2.66215,-0.237047,2.08054,0
2.66224,-0.246946,2.08644,0
2.66233,-0.256535,2.08931,0
2.66241,-0.266154,2.09214,0
2.6625,-0.0715283,0.543312,0
2.66259,-0.0769999,0.565784,0
2.66267,-0.0791895,0.563463,0
2.66276,-0.0797819,0.550246,0
2.66285,-0.0866163,0.579563,0
2.66294,-0.0883837,0.574238,0
2.66302,-0.0897934,0.566933,0
2.66311,-0.0943559,0.579367,0
2.6632,-0.0967179,0.577963,0
2.66329,-0.0972066,0.565709,0
2.66337,-0.100021,0.567249,0
2.66346,-0.103563,0.572712,0
2.66355,-0.10679,0.576187,0
2.66363,-0.108184,0.569821,0
2.66372,-0.117729,0.605664,0
2.66381,-0.110811,0.557086,0
2.6639,-0.11344,0.557577,0
2.66398,-0.119334,0.573721,0
2.66407,-0.123084,0.579063,0
2.66416,-0.117334,0.540409,0
2.66425,-0.130297,0.58773,0
2.66433,-0.13286,0.587156,0
2.66442,-0.13812,0.598263,0
2.66451,-0.143709,0.610309,0
2.66459,-0.147771,0.61551,0
2.66468,-0.150455,0.61486,0
2.66477,-0.150717,0.604494,0
2.66486,-0.144738,0.569908,0
2.66494,-0.142967,0.552812,0
2.66503,-0.147669,0.560887,0
2.66512,-0.147786,0.551544,0
2.66521,-0.147034,0.539316,0
2.66529,-0.150722,0.543488,0
2.66538,-0.150107,0.532238,0
2.66547,-0.156286,0.545035,0
2.66555,-0.160062,0.549149,0
2.66564,-0.161889,0.546527,0
2.66573,-0.167154,0.555391,0
2.66582,-0.169576,0.554657,0
2.6659,-0.169622,0.546271,0
2.66599,-0.170199,0.539804,0
2.66608,-0.174992,0.546675,0
2.66616,-0.178612,0.549711,0
2.66625,-0.180382,0.547027,0
2.66634,-0.179912,0.5377,0
2.66643,-0.184185,0.542591,0
2.66651,-0.188829,0.548401,0
2.6666,-0.190561,0.545683,0
2.66669,-0.191939,0.542019,0
2.66678,-0.197005,0.548706,0
2.66686,-0.19974,0.548781,0
2.66695,-0.201786,0.546966,0
2.66704,-0.200669,0.536713,0
2.66712,-0.205134,0.541443,0
2.66721,-0.210362,0.548012,0
2.6673,-0.212389,0.546157,0
2.66739,-0.215869,0.548016,0
2.66747,-0.220482,0.552642,0
2.66756,-0.222142,0.54982,0
2.66765,-0.225296,0.550697,0
2.66774,-0.227697,0.549708,0
2.66782,-0.232413,0.554243,0
2.66791,-0.231313,0.544939,0
2.668,-0.237636,0.553112,0
2.66808,-0.240047,0.55207,0
2.66817,-0.244467,0.555594,0
2.66826,-0.240788,0.540819,0
2.66835,-0.243556,0.540675,0
2.66843,-0.246328,0.540517,0
2.66852,-0.248684,0.539437,0
2.66861,-0.250613,0.537441,0
2.6687,-0.255088,0.540864,0
2.66878,-0.263042,0.55148,0
2.66887,-0.268053,0.555731,0
2.66896,-0.270913,0.555455,0
2.66904,-0.270681,0.548886,0
2.66913,-0.272627,0.546805,0
2.66922,-0.277261,0.550075,0
2.66931,-0.280112,0.549751,0
2.66939,-0.282508,0.548524,0
2.66948,-0.284437,0.546399,0
2.66957,-0.289612,0.550462,0
2.66966,-0.289194,0.543896,0
2.66974,-0.293931,0.547033,0
2.66983,-0.296316,0.545745,0
2.66992,-0.302061,0.550584,0
2.67,-0.303006,0.546637,0
2.67009,-0.302945,0.540948,0
2.67018,-0.30678,0.542232,0
2.67027,-0.309143,0.540888,0
2.67035,-0.3175,0.549926,0
2.67044,-0.315866,0.541625,0
2.67053,-0.323809,0.549719,0
2.67062,-0.321603,0.540567,0
2.6707,-0.328594,0.546873,0
2.67079,-0.321121,0.52919,0
2.67088,-0.320814,0.523521,0
2.67096,-0.315728,0.510211,0
2.67105,-0.315832,0.505437,0
2.67114,-0.309496,0.490522,0
2.67123,-0.313246,0.491697,0
2.67131,-0.308896,0.480233,0
2.6714,-0.317525,0.488945,0
2.67149,-0.319655,0.487555,0
2.67158,-0.320675,0.484488,0
2.67166,-0.322231,0.482252,0
2.67175,-0.314266,0.465919,0
2.67184,-0.315734,0.463717,0
2.67192,-0.314922,0.458214,0
2.67201,-0.326038,0.469982,0
2.6721,-0.316614,0.452172,0
2.67219,-0.31743,0.449153,0
2.67227,-0.320548,0.449392,0
2.67236,-0.318416,0.442308,0
2.67245,-0.32387,0.445768,0
2.67254,-0.319899,0.436287,0
2.67262,-0.317635,0.42926,0
2.67271,-0.3213,0.430273,0
2.6728,-0.314749,0.417686,0
2.67288,-0.318385,0.418697,0
2.67297,-0.317165,0.413337,0
2.67306,-0.315904,0.407996,0
2.67315,-0.310909,0.397945,0
2.67323,-0.312023,0.3958,0
2.67332,-0.31437,0.395217,0
2.67341,-0.312336,0.389162,0
2.6735,-0.315919,0.390127,0
2.67358,-0.316985,0.387971,0
2.67367,-0.317403,0.385041,0
2.67376,-0.320359,0.38519,0
2.67384,-0.315609,0.376128,0
2.67393,-0.322416,0.380853,0
2.67402,-0.313683,0.367276,0
2.67411,-0.316588,0.367419,0
2.67419,-0.318845,0.366789,0
2.67428,-0.317145,0.361635,0
2.67437,-0.313419,0.354256,0
2.67446,-0.314962,0.352885,0
2.67454,-0.305793,0.339617,0
2.67463,-0.30391,0.334579,0
2.67472,-0.291179,0.317767,0
2.6748,-0.275593,0.298135,0
2.67489,-0.11594,0.12433,0
2.67498,-0.16924,0.179908,0
2.67507,-0.142489,0.150153,0
2.67515,-0.122398,0.127858,0
2.67524,-0.137542,0.142429,0
2.67533,-0.181426,0.186239,0
2.67542,-0.232702,0.236799,0
2.6755,-0.223173,0.225129,0
2.67559,-0.142836,0.142836,0
