7200
6465
5.63741
5.65312,-0.0346482,-0.0346482,0
5.65321,-0.0330887,-0.0333787,0
5.6533,-0.0350455,-0.0356625,0
5.65338,-0.0753614,-0.0773606,0
5.65347,-0.153519,-0.158974,0
5.65356,-0.19639,-0.205151,0
5.65365,-0.20513,-0.216162,0
5.65373,-0.226796,-0.241091,0
5.65382,-0.359413,-0.385423,0
5.65391,-0.116075,-0.125569,0
5.65399,-0.122282,-0.133447,0
5.65408,-0.121026,-0.133239,0
5.65417,-0.122451,-0.135996,0
5.65426,-0.119193,-0.133544,0
5.65434,-0.277638,-0.313812,0
5.65443,-0.27165,-0.309758,0
5.65452,-0.270952,-0.311695,0
5.6546,-0.280687,-0.325753,0
5.65469,-0.289004,-0.338381,0
5.65478,-0.290756,-0.343455,0
5.65487,-0.295682,-0.35238,0
5.65495,-0.287748,-0.345979,0
5.65504,-0.344118,-0.417449,0
5.65513,-0.272063,-0.332989,0
5.65522,-0.285711,-0.352824,0
5.6553,-0.270399,-0.33691,0
5.65539,-0.264569,-0.332608,0
5.65548,-0.260019,-0.329833,0
5.65556,-0.275816,-0.353029,0
5.65565,-0.294477,-0.380322,0
5.65574,-0.300119,-0.391123,0
5.65583,-0.305673,-0.401981,0
5.65591,-0.307527,-0.408103,0
5.656,-0.305744,-0.409441,0
5.65609,-0.305739,-0.413182,0
5.65618,-0.303933,-0.414513,0
5.65626,-0.305648,-0.420689,0
5.65635,-0.312574,-0.434192,0
5.65644,-0.306611,-0.429853,0
5.65652,-0.304156,-0.43037,0
5.65661,-0.304569,-0.43497,0
5.6567,-0.312358,-0.450262,0
5.65679,-0.303594,-0.441732,0
5.65687,-0.312357,-0.458757,0
5.65696,-0.30476,-0.451825,0
5.65705,-0.305008,-0.456477,0
5.65714,-0.311292,-0.470312,0
5.65722,-0.311979,-0.475847,0
5.65731,-0.308266,-0.474688,0
5.6574,-0.312142,-0.48528,0
5.65748,-0.312708,-0.490854,0
5.65757,-0.311631,-0.493905,0
5.65766,-0.307353,-0.491868,0
5.65775,-0.30994,-0.500857,0
5.65783,-0.306184,-0.499647,0
5.65792,-0.311264,-0.512947,0
5.65801,-0.313143,-0.521158,0
5.6581,-0.309332,-0.519941,0
5.65818,-0.316196,-0.536795,0
5.65827,-0.313851,-0.53817,0
5.65836,-0.3175,-0.549926,0
5.65844,-0.31212,-0.546097,0
5.65853,-0.313181,-0.553546,0
5.65862,-0.313695,-0.560142,0
5.65871,-0.309309,-0.558007,0
5.65879,-0.310719,-0.566365,0
5.65888,-0.313493,-0.577383,0
5.65897,-0.311918,-0.580507,0
5.65906,-0.315015,-0.592458,0
5.65914,-0.310565,-0.590287,0
5.65923,-0.312604,-0.600506,0
5.65932,-0.308149,-0.598309,0
5.6594,-0.312799,-0.613904,0
5.65949,-0.312368,-0.619727,0
5.65958,-0.313231,-0.628244,0
5.65967,-0.317121,-0.643058,0
5.65975,-0.313435,-0.642638,0
5.65984,-0.313235,-0.649403,0
5.65993,-0.315134,-0.660692,0
5.66002,-0.316087,-0.670201,0
5.6601,-0.313583,-0.67248,0
5.66019,-0.315669,-0.68474,0
5.66028,-0.316826,-0.69521,0
5.66036,-0.317075,-0.70388,0
5.66045,-0.314814,-0.707084,0
5.66054,-0.31817,-0.723096,0
5.66063,-0.315809,-0.726312,0
5.66071,-0.320927,-0.746977,0
5.6608,-0.316883,-0.746529,0
5.66089,-0.31981,-0.76266,0
5.66098,-0.315331,-0.761277,0
5.66106,-0.323745,-0.791337,0
5.66115,-0.327406,-0.810359,0
5.66124,-0.328314,-0.822925,0
5.66132,-0.329118,-0.835515,0
5.66141,-0.333805,-0.858379,0
5.6615,-0.331849,-0.864495,0
5.66159,-0.322759,-0.851908,0
5.66167,-0.315187,-0.843005,0
5.66176,-0.313582,-0.850001,0
5.66185,-0.307476,-0.844784,0
5.66194,-0.766395,-2.13459,0
5.66202,-0.75407,-2.12943,0
5.66211,-0.744441,-2.13175,0
5.6622,-0.734482,-2.13309,0
5.66228,-0.72131,-2.12491,0
5.66237,-0.712349,-2.12899,0
5.66246,-0.703992,-2.13492,0
5.66255,-0.690962,-2.12656,0
5.66263,-0.679543,-2.12289,0
5.66272,-0.670273,-2.12584,0
5.66281,-0.661881,-2.1316,0
5.6629,-0.651989,-2.13256,0
5.66298,-0.641237,-2.1306,0
5.66307,-0.629094,-2.12379,0
5.66316,-0.619541,-2.12555,0
5.66324,-0.610261,-2.12823,0
5.66333,-0.59934,-2.1251,0
5.66342,-0.589261,-2.1248,0
5.66351,-0.579195,-2.12446,0
5.66359,-0.57199,-2.1347,0
5.66368,-0.560379,-2.12847,0
5.66377,-0.550836,-2.12992,0
5.66386,-0.539568,-2.12455,0
5.66394,-0.529567,-2.12398,0
5.66403,-0.520057,-2.1253,0
5.66412,-0.510778,-2.12755,0
5.6642,-0.499886,-2.12294,0
5.66429,-0.493318,-2.13679,0
5.66438,-0.482224,-2.13112,0
5.66447,-0.472921,-2.13321,0
5.66455,-0.462335,-2.12939,0
5.66464,-0.452624,-2.12943,0
5.66473,-0.444346,-2.13628,0
5.66482,-0.433625,-2.13134,0
5.6649,-0.424517,-2.13419,0
5.66499,-0.414628,-2.13308,0
5.66508,-0.406622,-2.14174,0
5.66516,-0.395087,-2.1317,0
5.66525,-0.384892,-2.12848,0
5.66534,-0.375427,-2.12915,0
5.66543,-0.36715,-2.13669,0
5.66551,-0.356503,-2.13038,0
5.6656,-0.347043,-2.13093,0
5.66569,-0.337116,-2.12847,0
5.66578,-0.328282,-2.13288,0
5.66586,-0.318234,-2.12935,0
5.66595,-0.307505,-2.12082,0
5.66604,-0.298387,-2.12313,0
5.66612,-0.290469,-2.13433,0
5.66621,-0.281153,-2.13557,0
5.6663,-0.272085,-2.13876,0
5.66639,-0.262628,-2.13894,0
5.66647,-0.252823,-2.13609,0
5.66656,-0.243613,-2.13817,0
5.66665,-0.233737,-2.13424,0
5.66674,-0.224109,-2.13226,0
5.66682,-0.214202,-2.12724,0
5.66691,-0.204247,-2.12119,0
5.667,-0.195447,-2.12704,0
5.66708,-0.186949,-2.13684,0
5.66717,-0.177458,-2.13564,0
5.66726,-0.16751,-2.12842,0
5.66735,-0.158518,-2.13312,0
5.66743,-0.150116,-2.14676,0
5.66752,-0.139832,-2.13342,0
5.66761,-0.129789,-2.12203,0
5.66769,-0.120869,-2.12857,0
5.66778,-0.11179,-2.13307,0
5.66787,-0.102529,-2.13454,0
5.66796,-0.0928221,-2.12597,0
5.66804,-0.0837805,-2.13235,0
5.66813,-0.0747547,-2.1407,0
5.66822,-0.0649249,-2.12501,0
5.66831,-0.0556784,-2.12627,0
5.66839,-0.0464439,-2.12849,0
5.66848,-0.0371911,-2.13068,0
5.66857,-0.0279856,-2.13782,0
5.66865,-0.0186835,-2.14092,0
5.66874,-0.00932005,-2.13598,0
5.66883,-2.56709e-08,-2.131,0
5.66892,0.00929819,-2.13098,0
5.669,0.0185351,-2.12392,0
5.66909,0.0277107,-2.11682,0
5.66918,0.0371561,-2.12868,0
5.66927,0.0464875,-2.13049,0
5.66935,0.0558092,-2.13127,0
5.66944,0.0648943,-2.12401,0
5.66953,0.0742661,-2.1267,0
5.66961,0.0837019,-2.13036,0
5.6697,0.0929529,-2.12897,0
5.66979,0.102001,-2.12355,0
5.66988,0.111633,-2.13008,0
5.66996,0.120812,-2.12757,0
5.67005,0.12985,-2.12303,0
5.67014,0.139374,-2.12644,0
5.67023,0.149558,-2.13878,0
5.67031,0.158147,-2.12813,0
5.6704,0.167746,-2.13141,0
5.67049,0.177292,-2.13365,0
5.67057,0.186688,-2.13385,0
5.67066,0.196088,-2.13401,0
5.67075,0.204822,-2.12716,0
5.67084,0.213901,-2.12426,0
5.67092,0.223691,-2.12828,0
5.67101,0.233955,-2.13623,0
5.6711,0.242594,-2.12922,0
5.67119,0.252823,-2.13609,0
5.67127,0.262994,-2.14191,0
5.67136,0.271706,-2.13579,0
5.67145,0.28024,-2.12863,0
5.67153,0.28966,-2.12838,0
5.67162,0.300892,-2.14096,0
5.67171,0.308796,-2.12973,0
5.6718,0.319416,-2.13726,0
5.67188,0.327826,-2.12992,0
5.67197,0.33915,-2.14131,0
5.67206,0.347847,-2.13586,0
5.67215,0.356338,-2.12939,0
5.67223,0.366642,-2.13373,0
5.67232,0.375254,-2.12817,0
5.67241,0.383646,-2.12159,0
5.67249,0.396909,-2.14153,0
5.67258,0.406249,-2.13978,0
5.67267,0.414437,-2.13209,0
5.67276,0.423736,-2.13027,0
5.67284,0.434821,-2.13722,0
5.67293,0.443939,-2.13432,0
5.67302,0.453871,-2.1353,0
5.67311,0.463396,-2.13427,0
5.67319,0.473137,-2.13418,0
5.67328,0.483107,-2.13502,0
5.67337,0.491743,-2.12997,0
5.67345,0.50172,-2.13073,0
5.67354,0.513346,-2.13824,0
5.67363,0.522671,-2.13598,0
5.67372,0.53247,-2.13562,0
5.6738,0.539322,-2.12358,0
5.67389,0.548833,-2.12218,0
5.67398,0.560379,-2.12847,0
5.67407,0.571472,-2.13276,0
5.67415,0.579984,-2.12736,0
5.67424,0.589528,-2.12577,0
5.67433,0.602326,-2.13569,0
5.67441,0.610261,-2.12823,0
5.6745,0.620381,-2.12843,0
5.67459,0.632218,-2.13433,0
5.67468,0.641813,-2.13251,0
5.67476,0.651404,-2.13065,0
5.67485,0.660695,-2.12778,0
5.67494,0.671476,-2.12965,0
5.67503,0.679238,-2.12194,0
5.67511,0.692816,-2.13227,0
5.6752,0.70274,-2.13112,0
5.67529,0.71457,-2.13562,0
5.67537,0.722274,-2.12775,0
5.67546,0.732854,-2.12836,0
5.67555,0.742463,-2.12609,0
5.67564,0.756073,-2.13508,0
5.67572,0.766733,-2.13553,0
5.67581,0.776386,-2.1331,0
5.6759,0.786724,-2.13251,0
5.67599,0.796372,-2.12999,0
5.67607,0.807429,-2.13117,0
5.67616,0.817796,-2.13043,0
5.67625,0.829983,-2.1343,0
5.67633,0.838188,-2.12786,0
5.67642,0.852653,-2.13719,0
5.67651,0.860471,-2.12974,0
5.6766,0.871649,-2.13059,0
5.67668,0.879407,-2.12308,0
5.67677,0.893302,-2.13028,0
5.67686,0.904543,-2.13097,0
5.67695,0.91699,-2.13435,0
5.67703,0.923901,-2.12483,0
5.67712,0.935178,-2.12535,0
5.67721,0.946069,-2.12491,0
5.67729,0.959028,-2.12896,0
5.67738,0.967065,-2.12203,0
5.67747,0.983432,-2.13323,0
5.67756,0.991885,-2.1271,0
5.67764,1.00713,-2.13542,0
5.67773,1.01428,-2.12649,0
5.67782,1.0279,-2.13105,0
5.67791,1.03631,-2.12475,0
5.67799,1.04955,-2.12828,0
5.67808,1.06284,-2.13173,0
5.67817,1.07258,-2.12797,0
5.67825,1.08685,-2.13307,0
5.67834,1.10073,-2.1372,0
5.67843,1.10866,-2.12971,0
5.67852,1.12399,-2.13636,0
5.6786,1.12579,-2.11731,0
5.67869,1.14496,-2.13087,0
5.67878,1.15711,-2.13113,0
5.67887,1.17265,-2.13746,0
5.67895,1.17712,-2.12358,0
5.67904,1.19419,-2.13238,0
5.67913,1.21038,-2.13933,0
5.67921,1.22317,-2.14011,0
5.6793,1.231,-2.13215,0
5.67939,1.24382,-2.13281,0
5.67948,1.25666,-2.13339,0
5.67956,1.26954,-2.13391,0
5.67965,1.28038,-2.13092,0
5.67974,1.29849,-2.13984,0
5.67983,1.3052,-2.12989,0
5.67991,1.31974,-2.13268,0
5.68,1.33222,-2.13199,0
5.68009,1.34578,-2.13293,0
5.68017,1.35776,-2.13125,0
5.68026,1.36867,-2.12783,0
5.68035,1.38828,-2.13777,0
5.68044,1.40363,-2.14089,0
5.68052,1.4102,-2.13058,0
5.68061,1.42448,-2.13189,0
5.6807,1.4416,-2.13726,0
5.68078,1.45035,-2.13012,0
5.68087,1.46529,-2.13201,0
5.68096,1.48028,-2.13382,0
5.68105,1.49589,-2.13635,0
5.68113,1.50866,-2.1347,0
5.68122,1.52086,-2.13217,0
5.68131,1.53599,-2.13363,0
5.6814,1.55587,-2.14147,0
5.68148,1.56401,-2.13305,0
5.68157,1.58342,-2.13987,0
5.68166,1.59573,-2.13694,0
5.68174,1.61046,-2.13715,0
5.68183,1.62158,-2.13249,0
5.68192,1.63757,-2.13412,0
5.68201,1.65482,-2.13723,0
5.68209,1.67275,-2.14103,0
5.68218,1.68765,-2.14077,0
5.68227,1.70445,-2.14278,0
5.68236,1.71879,-2.14156,0
5.68244,1.72937,-2.1356,0
5.68253,1.75006,-2.14197,0
5.68262,1.75876,-2.13354,0
5.6827,1.78148,-2.14199,0
5.68279,1.79466,-2.1388,0
5.68288,1.81238,-2.14087,0
5.68297,1.8256,-2.1375,0
5.68305,1.84405,-2.14012,0
5.68314,1.86583,-2.14639,0
5.68323,1.87914,-2.14274,0
5.68332,1.88979,-2.13602,0
5.6834,1.90709,-2.13671,0
5.68349,1.92442,-2.13728,0
5.68358,1.95255,-2.14959,0
5.68366,1.96529,-2.14474,0
5.68375,1.98142,-2.14349,0
5.68384,1.97507,-2.118,0
5.68393,1.98292,-2.10791,0
5.68401,1.98177,-2.08835,0
5.6841,1.98533,-2.07391,0
5.68419,1.98256,-2.053,0
5.68428,1.97684,-2.02928,0
5.68436,1.98147,-2.01636,0
5.68445,1.97406,-1.99136,0
5.68454,1.98556,-1.98556,0
5.68462,1.97929,-1.96209,0
5.68471,1.97784,-1.94362,0
5.6848,1.98272,-1.93148,0
5.68489,1.97675,-1.90892,0
5.68497,1.97639,-1.89198,0
5.68506,1.98027,-1.87921,0
5.68515,1.97971,-1.86233,0
5.68524,1.97831,-1.84481,0
5.68532,1.97459,-1.8253,0
5.68541,1.97812,-1.81261,0
5.6855,1.9749,-1.79387,0
5.68558,1.97751,-1.78056,0
5.68567,1.97407,-1.76192,0
5.68576,1.97649,-1.74865,0
5.68585,1.97208,-1.72946,0
5.68593,1.9796,-1.72084,0
5.68602,1.97724,-1.7037,0
5.68611,1.98086,-1.69181,0
5.6862,1.98135,-1.67734,0
5.68628,1.98099,-1.66225,0
5.68637,1.97208,-1.64016,0
5.68646,1.98153,-1.63345,0
5.68654,1.96463,-1.60517,0
5.68663,1.97317,-1.59784,0
5.68672,1.97545,-1.58546,0
5.68681,1.98,-1.57496,0
5.68689,1.97743,-1.55888,0
5.68698,1.97475,-1.54285,0
5.68707,1.97593,-1.52993,0
5.68716,1.97545,-1.51582,0
5.68724,1.97249,-1.49992,0
5.68733,1.97902,-1.4913,0
5.68742,1.97589,-1.47547,0
5.6875,1.97025,-1.45791,0
5.68759,1.97014,-1.44457,0
5.68768,1.97157,-1.43243,0
5.68777,1.97618,-1.42265,0
5.68785,1.97342,-1.40762,0
5.68794,1.97219,-1.39381,0
5.68803,1.97416,-1.38232,0
5.68812,1.97277,-1.36856,0
5.6882,1.96636,-1.35145,0
5.68829,1.97472,-1.34454,0
5.68838,1.96896,-1.32808,0
5.68846,1.97807,-1.3217,0
5.68855,1.97464,-1.30699,0
5.68864,1.97113,-1.29233,0
5.68873,1.97004,-1.27936,0
5.68881,1.97896,-1.27291,0
5.6889,1.97607,-1.25889,0
5.68899,1.97393,-1.24546,0
5.68908,1.97086,-1.23153,0
5.68916,1.98047,-1.22555,0
5.68925,1.97301,-1.20906,0
5.68934,1.9757,-1.19889,0
5.68942,1.97063,-1.18407,0
5.68951,1.9732,-1.17393,0
5.6896,1.97485,-1.16328,0
5.68969,1.97732,-1.15314,0
5.68977,1.96501,-1.1345,0
5.68986,1.97863,-1.13088,0
5.68995,1.97745,-1.11879,0
5.69004,1.98755,-1.11308,0
5.69012,1.97052,-1.09228,0
5.69021,1.97264,-1.08222,0
5.6903,1.97822,-1.07408,0
5.69038,1.982,-1.06497,0
5.69047,1.97604,-1.05068,0
5.69056,1.97618,-1.03972,0
5.69065,1.9807,-1.03108,0
5.69073,1.97006,-1.01465,0
5.69082,1.97536,-1.0065,0
5.69091,1.97795,-0.996968,0
5.691,1.98407,-0.989221,0
5.69108,1.97581,-0.974362,0
5.69117,1.98184,-0.966608,0
5.69126,1.97883,-0.954476,0
5.69134,1.97666,-0.942819,0
5.69143,1.97443,-0.9312,0
5.69152,1.98753,-0.926802,0
5.69161,1.97884,-0.91226,0
5.69169,1.97735,-0.901128,0
5.69178,1.9767,-0.890438,0
5.69187,1.97509,-0.879365,0
5.69196,1.98256,-0.872349,0
5.69204,1.97443,-0.858507,0
5.69213,1.98367,-0.852252,0
5.69222,1.98645,-0.843198,0
5.6923,1.98273,-0.831429,0
5.69239,1.97987,-0.820091,0
5.69248,1.98714,-0.812959,0
5.69257,1.99345,-0.805404,0
5.69265,1.98951,-0.793734,0
5.69274,1.98737,-0.782847,0
5.69283,1.96933,-0.765832,0
5.69291,1.97266,-0.757231,0
5.693,1.97875,-0.74968,0
5.69309,1.98387,-0.741739,0
5.69318,1.97677,-0.729269,0
5.69326,1.97805,-0.719952,0
5.69335,1.968,-0.706584,0
5.69344,1.98049,-0.701328,0
5.69353,1.97975,-0.691361,0
5.69361,1.98653,-0.684019,0
5.6937,1.9753,-0.670523,0
5.69379,1.98294,-0.663484,0
5.69387,1.97442,-0.651068,0
5.69396,1.98676,-0.645537,0
5.69405,1.98765,-0.636252,0
5.69414,1.98087,-0.624566,0
5.69422,1.98167,-0.615324,0
5.69431,1.9719,-0.602871,0
5.6944,1.97738,-0.595125,0
5.69449,1.97805,-0.585924,0
5.69457,1.97866,-0.576728,0
5.69466,1.97635,-0.56671,0
5.69475,1.98362,-0.559439,0
5.69483,1.97641,-0.548106,0
5.69492,1.97974,-0.53974,0
5.69501,1.97822,-0.530061,0
5.6951,1.96891,-0.51837,0
5.69518,1.97889,-0.511777,0
5.69527,1.97335,-0.501168,0
5.69536,1.97746,-0.493037,0
5.69545,1.98251,-0.485117,0
5.69553,1.98072,-0.475528,0
5.69562,1.97791,-0.465735,0
5.69571,1.97895,-0.456876,0
5.69579,1.97117,-0.44603,0
5.69588,1.97602,-0.438074,0
5.69597,1.97596,-0.429023,0
5.69606,1.97195,-0.41915,0
5.69614,1.96592,-0.408913,0
5.69623,1.97553,-0.401926,0
5.69632,1.97628,-0.393107,0
5.69641,1.97209,-0.383335,0
5.69649,1.97571,-0.3751,0
5.69658,1.97733,-0.366476,0
5.69667,1.98383,-0.358734,0
5.69675,1.97159,-0.347644,0
5.69684,1.97703,-0.339715,0
5.69693,1.97652,-0.330755,0
5.69702,1.9809,-0.32261,0
5.6971,1.98229,-0.313964,0
5.69719,1.97672,-0.304247,0
5.69728,1.97012,-0.294436,0
5.69737,1.96941,-0.28555,0
5.69745,1.96667,-0.276398,0
5.69754,1.95399,-0.265926,0
5.69763,1.96207,-0.258311,0
5.69771,1.95723,-0.248991,0
5.6978,1.96623,-0.241423,0
5.69789,1.96528,-0.232607,0
5.69798,1.96429,-0.223803,0
5.69806,1.96525,-0.21523,0
5.69815,1.96418,-0.206444,0
5.69824,1.96805,-0.198172,0
5.69833,1.95297,-0.188049,0
5.69841,1.94879,-0.179069,0
5.6985,1.86787,-0.163417,0
5.69859,1.70014,-0.141271,0
5.69867,1.66585,-0.131105,0
5.69876,1.67438,-0.124428,0
5.69885,1.66992,-0.116772,0
5.69894,1.66642,-0.109223,0
5.69902,1.66189,-0.101646,0
5.69911,1.65234,-0.0938266,0
5.6992,1.65772,-0.0868777,0
5.69929,1.6491,-0.0792119,0
5.69937,1.65243,-0.0721465,0
5.69946,1.64773,-0.0647395,0
5.69955,1.66499,-0.0581426,0
5.69963,1.65723,-0.0506329,0
5.69972,1.65843,-0.0434276,0
5.69981,1.65861,-0.0361909,0
5.6999,1.66575,-0.0290757,0
5.69998,1.66486,-0.0217942,0
5.70007,1.66994,-0.0145734,0
5.70016,1.68998,-0.00737403,0
5.70025,1.701,-4.11887e-08,0
5.70033,1.74998,0.00763575,0
5.70042,1.75693,0.0153325,0
5.70051,1.70385,0.0223046,0
5.70059,1.68974,0.0294945,0
5.70068,1.6996,0.0370853,0
5.70077,1.70941,0.0447625,0
5.70086,1.81415,0.0554274,0
5.70094,1.9628,0.0685426,0
5.70103,1.96748,0.0773025,0
5.70112,1.97911,0.08641,0
5.70121,1.97772,0.0949966,0
5.70129,1.98727,0.104149,0
5.70138,1.97781,0.112308,0
5.70147,1.98729,0.121548,0
5.70155,1.98374,0.130021,0
5.70164,1.98116,0.138536,0
5.70173,1.98453,0.147476,0
5.70182,1.98087,0.155898,0
5.7019,1.98317,0.164788,0
5.70199,1.98044,0.173266,0
5.70208,1.97966,0.181905,0
5.70217,1.97885,0.190541,0
5.70225,1.98297,0.199675,0
5.70234,1.98009,0.208116,0
5.70243,1.98414,0.217298,0
5.70251,1.97323,0.224822,0
5.7026,1.97323,0.233547,0
5.70269,1.97814,0.242886,0
5.70278,1.98203,0.252145,0
5.70286,1.97496,0.260008,0
5.70295,1.98173,0.269702,0
5.70304,1.9845,0.278903,0
5.70313,1.98524,0.287846,0
5.70321,1.98298,0.296358,0
5.7033,1.98166,0.305007,0
5.70339,1.98525,0.314433,0
5.70347,1.98189,0.322771,0
5.70356,1.98539,0.332241,0
5.70365,1.98491,0.34107,0
5.70374,1.98439,0.349901,0
5.70382,1.97891,0.357844,0
5.70391,1.98519,0.367933,0
5.704,1.98455,0.376778,0
5.70409,1.97896,0.384671,0
5.70417,1.97138,0.392132,0
5.70426,1.98239,0.403321,0
5.70435,1.98648,0.413189,0
5.70443,1.97684,0.420189,0
5.70452,1.97694,0.429235,0
5.70461,1.97895,0.438723,0
5.7047,1.98677,0.449561,0
5.70478,1.97407,0.455751,0
5.70487,1.98375,0.46711,0
5.70496,1.98558,0.476695,0
5.70505,1.98931,0.486781,0
5.70513,1.97552,0.492553,0
5.70522,1.98595,0.504368,0
5.70531,1.98761,0.51403,0
5.70539,1.98631,0.522952,0
5.70548,1.97339,0.528767,0
5.70557,1.97685,0.538951,0
5.70566,1.97448,0.547571,0
5.70574,1.97496,0.556996,0
5.70583,1.97443,0.566159,0
5.70592,1.97866,0.576728,0
5.706,1.97996,0.586492,0
5.70609,1.97643,0.594837,0
5.70618,1.99007,0.608425,0
5.70627,1.97307,0.612655,0
5.70635,1.98278,0.625167,0
5.70644,1.98575,0.635642,0
5.70653,1.98295,0.6443,0
5.70662,1.98297,0.653886,0
5.7067,1.98105,0.662849,0
5.70679,1.98571,0.674058,0
5.70688,1.98086,0.682065,0
5.70696,1.98448,0.69301,0
5.70705,1.97201,0.698324,0
5.70714,1.97835,0.710301,0
5.70723,1.98087,0.720978,0
5.70731,1.97865,0.729961,0
5.7074,1.98668,0.74279,0
5.70749,1.98529,0.75216,0
5.70758,1.98759,0.762965,0
5.70766,1.98611,0.772355,0
5.70775,1.98365,0.781381,0
5.70784,1.97929,0.789658,0
5.70792,1.9851,0.802033,0
5.70801,1.98528,0.812201,0
5.7081,1.97525,0.818177,0
5.70819,1.9855,0.832589,0
5.70827,1.98553,0.842807,0
5.70836,1.99194,0.855805,0
5.70845,1.99094,0.865684,0
5.70854,1.98806,0.874766,0
5.70862,1.99518,0.888313,0
5.70871,1.98399,0.893724,0
5.7088,1.98281,0.903616,0
5.70888,1.99156,0.918121,0
5.70897,1.99478,0.930183,0
5.70906,1.98437,0.935892,0
5.70915,1.98749,0.947985,0
5.70923,1.98334,0.956648,0
5.70932,1.99173,0.97143,0
5.70941,1.98388,0.978342,0
5.7095,1.98586,0.990113,0
5.70958,1.97973,0.997868,0
5.70967,1.9914,1.01467,0
5.70976,1.99407,1.02701,0
5.70984,1.98336,1.03247,0
5.70993,1.98768,1.04577,0
5.71002,1.98222,1.05396,0
5.71011,1.98377,1.06592,0
5.71019,1.98788,1.07933,0
5.71028,1.98228,1.08752,0
5.71037,1.98626,1.101,0
5.71046,1.98842,1.11357,0
5.71054,1.98528,1.12322,0
5.71063,1.98731,1.13584,0
5.71072,1.9806,1.1435,0
5.7108,1.98682,1.15868,0
5.71089,1.98347,1.16835,0
5.71098,1.98437,1.18058,0
5.71107,1.9852,1.19283,0
5.71115,1.98596,1.20511,0
5.71124,1.98665,1.21742,0
5.71133,1.99663,1.23555,0
5.71142,1.98782,1.24213,0
5.7115,1.98577,1.25293,0
5.71159,1.9904,1.26803,0
5.71168,1.98569,1.27724,0
5.71176,1.99687,1.29679,0
5.71185,1.98283,1.3,0
5.71194,1.98715,1.31527,0
5.71203,1.99303,1.3317,0
5.71211,1.98886,1.3415,0
5.7122,2.00117,1.36255,0
5.71229,1.98697,1.36561,0
5.71238,1.99085,1.3811,0
5.71246,1.98399,1.3892,0
5.71255,1.99587,1.41054,0
5.71264,1.98888,1.41866,0
5.71272,1.98673,1.43024,0
5.71281,1.98937,1.44536,0
5.7129,1.99837,1.46527,0
5.71299,1.98794,1.471,0
5.71307,1.98871,1.48504,0
5.71316,1.99819,1.50574,0
5.71325,1.99319,1.51566,0
5.71334,1.98814,1.52556,0
5.71342,1.99096,1.54156,0
5.71351,1.98894,1.55393,0
5.7136,1.9947,1.5725,0
5.71368,1.99096,1.58368,0
5.71377,1.99338,1.59986,0
5.71386,1.99338,1.61421,0
5.71395,2.00103,1.63491,0
5.71403,1.9877,1.63854,0
5.71412,1.99514,1.65934,0
5.71421,1.99478,1.67382,0
5.7143,1.99967,1.69284,0
5.71438,1.9915,1.7009,0
5.71447,1.9924,1.71676,0
5.71456,1.99696,1.73593,0
5.71464,1.99839,1.75254,0
5.71473,1.99971,1.7692,0
5.71482,1.99794,1.78323,0
5.71491,2.00426,1.80465,0
5.71499,1.99489,1.81203,0
5.71508,1.99434,1.82747,0
5.71517,2.00029,1.84905,0
5.71526,1.9944,1.85981,0
5.71534,2.00011,1.88151,0
5.71543,2.00348,1.90124,0
5.71552,2.00528,1.91964,0
5.7156,2.00192,1.93323,0
5.71569,1.9992,1.94753,0
5.71578,2.00566,1.97096,0
5.71587,2.00769,1.99025,0
5.71595,2.00677,2.00677,0
5.71604,2.00151,2.01906,0
5.71613,2.00881,2.04418,0
5.71622,2.00405,2.05722,0
5.7163,2.00339,2.07458,0
5.71639,1.98603,2.07463,0
5.71648,1.97076,2.07675,0
5.71656,1.94181,2.0642,0
5.71665,1.92392,2.06315,0
5.71674,1.91082,2.06712,0
5.71683,1.89368,2.06659,0
5.71691,1.8833,2.07335,0
5.717,1.86219,2.06817,0
5.71709,1.84582,2.06807,0
5.71718,1.82883,2.06712,0
5.71726,1.81914,2.07433,0
5.71735,1.79235,2.06187,0
5.71744,1.78595,2.0727,0
5.71752,1.76715,2.06906,0
5.71761,1.751,2.06836,0
5.7177,1.73296,2.06526,0
5.71779,1.71945,2.06742,0
5.71787,1.70215,2.06487,0
5.71796,1.68806,2.06608,0
5.71805,1.6784,2.07265,0
5.71813,1.6612,2.06981,0
5.71822,1.64717,2.07078,0
5.71831,1.62326,2.0591,0
5.7184,1.61365,2.06538,0
5.71848,1.60523,2.07319,0
5.71857,1.584,2.06431,0
5.71866,1.57255,2.06801,0
5.71875,1.5587,2.06847,0
5.71883,1.54487,2.06884,0
5.71892,1.5281,2.06511,0
5.71901,1.51257,2.06289,0
5.71909,1.50414,2.07027,0
5.71918,1.48399,2.0614,0
5.71927,1.47266,2.0646,0
5.71936,1.46075,2.06692,0
5.71944,1.45172,2.07327,0
5.71953,1.43411,2.06726,0
5.71962,1.42451,2.07268,0
5.71971,1.4042,2.06234,0
5.71979,1.39966,2.07508,0
5.71988,1.38226,2.0687,0
5.71997,1.36549,2.06303,0
5.72005,1.35703,2.06981,0
5.72014,1.34635,2.07319,0
5.72023,1.33567,2.07653,0
5.72032,1.32068,2.07306,0
5.7204,1.30629,2.07034,0
5.72049,1.29035,2.065,0
5.72058,1.28291,2.07316,0
5.72067,1.26758,2.06851,0
5.72075,1.25906,2.07487,0
5.72084,1.24227,2.06749,0
5.72093,1.23324,2.07289,0
5.72101,1.22114,2.07308,0
5.7211,1.20503,2.06629,0
5.72119,1.199,2.07673,0
5.72128,1.1805,2.06544,0
5.72136,1.16901,2.06622,0
5.72145,1.16145,2.07392,0
5.72154,1.14415,2.0641,0
5.72163,1.13658,2.07171,0
5.72171,1.12562,2.07313,0
5.7218,1.11419,2.07362,0
5.72189,1.1042,2.07669,0
5.72197,1.0914,2.07441,0
5.72206,1.0768,2.06851,0
5.72215,1.06639,2.07052,0
5.72224,1.05598,2.07248,0
5.72232,1.03883,2.061,0
5.72241,1.03206,2.06998,0
5.7225,1.02124,2.07088,0
5.72259,1.01176,2.07442,0
5.72267,0.998355,2.0698,0
5.72276,0.991037,2.07775,0
5.72285,0.979828,2.07753,0
5.72293,0.967373,2.07454,0
5.72302,0.953288,2.06784,0
5.72311,0.945501,2.07471,0
5.7232,0.931921,2.06879,0
5.72328,0.924512,2.07649,0
5.72337,0.908597,2.06494,0
5.72346,0.900774,2.07164,0
5.72355,0.891726,2.07555,0
5.72363,0.879145,2.07114,0
5.72372,0.8701,2.07495,0
5.72381,0.856828,2.06857,0
5.72389,0.84893,2.07506,0
5.72398,0.835373,2.06762,0
5.72407,0.825973,2.07032,0
5.72416,0.816565,2.07297,0
5.72424,0.80425,2.06813,0
5.72433,0.796294,2.07442,0
5.72442,0.783692,2.06852,0
5.72451,0.77746,2.07941,0
5.72459,0.765265,2.07434,0
5.72468,0.756207,2.07766,0
5.72477,0.743417,2.07059,0
5.72485,0.731037,2.06438,0
5.72494,0.723341,2.07133,0
5.72503,0.712669,2.06974,0
5.72512,0.704274,2.07472,0
5.7252,0.692042,2.06829,0
5.72529,0.685202,2.07794,0
5.72538,0.672421,2.0695,0
5.72547,0.664604,2.07622,0
5.72555,0.65614,2.08101,0
5.72564,0.644385,2.07526,0
5.72573,0.6324,2.06849,0
5.72581,0.62481,2.07601,0
5.7259,0.614041,2.07297,0
5.72599,0.604151,2.07275,0
5.72608,0.593447,2.0696,0
5.72616,0.584411,2.07217,0
5.72625,0.574028,2.06988,0
5.72634,0.561835,2.06079,0
5.72643,0.555167,2.07191,0
5.72651,0.544848,2.06948,0
5.7266,0.536564,2.07474,0
5.72669,0.525537,2.06931,0
5.72677,0.517713,2.07643,0
5.72686,0.507697,2.07479,0
5.72695,0.498406,2.07601,0
5.72704,0.488426,2.07427,0
5.72712,0.48072,2.08223,0
5.72721,0.468982,2.0726,0
5.7273,0.459934,2.07463,0
5.72739,0.452363,2.08346,0
5.72747,0.43807,2.06096,0
5.72756,0.431517,2.0746,0
5.72765,0.421663,2.07254,0
5.72773,0.412031,2.07142,0
5.72782,0.401844,2.06731,0
5.72791,0.393939,2.07494,0
5.728,0.38397,2.07172,0
5.72808,0.373504,2.0655,0
5.72817,0.365703,2.07401,0
5.72826,0.356142,2.07262,0
5.72835,0.346765,2.07219,0
5.72843,0.336916,2.06874,0
5.72852,0.328356,2.07316,0
5.72861,0.319916,2.07852,0
5.72869,0.309661,2.07199,0
5.72878,0.300474,2.07233,0
5.72887,0.292542,2.08154,0
5.72896,0.281704,2.06992,0
5.72904,0.27293,2.07311,0
5.72913,0.262494,2.06337,0
5.72922,0.254098,2.06946,0
5.72931,0.24483,2.06856,0
5.72939,0.236368,2.07458,0
5.72948,0.227641,2.07857,0
5.72957,0.217628,2.07059,0
5.72965,0.209193,2.07749,0
5.72974,0.199359,2.07042,0
5.72983,0.190232,2.07028,0
5.72992,0.181807,2.07806,0
5.73,0.17249,2.07585,0
5.73009,0.163587,2.07857,0
5.73018,0.153923,2.07129,0
5.73027,0.145163,2.07593,0
5.73035,0.136366,2.08054,0
5.73044,0.126737,2.07213,0
5.73053,0.118034,2.07865,0
5.73061,0.108493,2.07016,0
5.7307,0.0997466,2.07661,0
5.73079,0.0909901,2.08401,0
5.73088,0.0817783,2.08139,0
5.73096,0.07294,2.08873,0
5.73105,0.0635202,2.07903,0
5.73114,0.054422,2.07829,0
5.73122,0.045375,2.0795,0
5.73131,0.0364407,2.08768,0
5.7314,0.0272003,2.07782,0
5.73149,0.0181164,2.07592,0
5.73157,0.00907576,2.07998,0
5.73166,7.58208e-08,2.084,0
5.73175,-0.00906688,2.07798,0
5.73184,-0.0181511,2.07992,0
5.73192,-0.0272786,2.08382,0
5.73201,-0.0364056,2.08568,0
5.7321,-0.0453531,2.07851,0
5.73218,-0.0542386,2.07129,0
5.73227,-0.06352,2.07903,0
5.73236,-0.0730795,2.09272,0
5.73245,-0.0819352,2.08539,0
5.73253,-0.0909463,2.08302,0
5.73262,-0.100274,2.08759,0
5.73271,-0.109277,2.08514,0
5.7328,-0.118374,2.08464,0
5.73288,-0.127591,2.0861,0
5.73297,-0.1363,2.07954,0
5.73306,-0.145233,2.07693,0
5.73314,-0.154294,2.07627,0
5.73323,-0.163509,2.07758,0
5.73332,-0.172572,2.07684,0
5.73341,-0.181807,2.07806,0
5.73349,-0.19133,2.08223,0
5.73358,-0.201084,2.08834,0
5.73367,-0.209794,2.08346,0
5.73376,-0.217942,2.07358,0
5.73384,-0.227532,2.07758,0
5.73393,-0.236029,2.0716,0
5.73402,-0.246476,2.08246,0
5.7341,-0.255438,2.08038,0
5.73419,-0.264261,2.07726,0
5.73428,-0.274366,2.08402,0
5.73437,-0.282647,2.07685,0
5.73445,-0.292263,2.07956,0
5.73454,-0.301765,2.08124,0
5.73463,-0.310843,2.0799,0
5.73472,-0.319611,2.07655,0
5.7348,-0.329607,2.08106,0
5.73489,-0.339649,2.08552,0
5.73498,-0.349406,2.08797,0
5.73506,-0.357497,2.08051,0
5.73515,-0.366745,2.07991,0
5.73524,-0.374749,2.07239,0
5.73533,-0.383788,2.07073,0
5.73541,-0.394125,2.07592,0
5.7355,-0.404515,2.08105,0
5.73559,-0.413787,2.08025,0
5.73568,-0.422461,2.07646,0
5.73576,-0.433146,2.08243,0
5.73585,-0.442644,2.08248,0
5.73594,-0.452999,2.08639,0
5.73602,-0.4608,2.07853,0
5.73611,-0.47141,2.08333,0
5.7362,-0.481845,2.0871,0
5.73629,-0.49026,2.08206,0
5.73637,-0.498406,2.07601,0
5.73646,-0.509836,2.08353,0
5.73655,-0.518197,2.07837,0
5.73664,-0.527999,2.079,0
5.73672,-0.538567,2.08249,0
5.73681,-0.548922,2.08495,0
5.7369,-0.555943,2.07481,0
5.73698,-0.564465,2.07043,0
5.73707,-0.573493,2.06795,0
5.73716,-0.584954,2.07409,0
5.73725,-0.596479,2.08017,0
5.73733,-0.607229,2.08331,0
5.73742,-0.617449,2.08447,0
5.73751,-0.628556,2.08846,0
5.7376,-0.637078,2.08379,0
5.73768,-0.645571,2.07908,0
5.73777,-0.657343,2.08483,0
5.73786,-0.216454,0.676201,0
5.73794,-0.21384,0.658131,0
5.73803,-0.22861,0.69328,0
5.73812,-0.23068,0.689431,0
5.73821,-0.228222,0.67232,0
5.73829,-0.226595,0.658081,0
5.73838,-0.222871,0.638204,0
5.73847,-0.227656,0.642882,0
5.73856,-0.227418,0.633411,0
5.73864,-0.227785,0.625835,0
5.73873,-0.227399,0.616392,0
5.73882,-0.223432,0.597597,0
5.7389,-0.21718,0.573238,0
5.73899,-0.218604,0.569484,0
5.73908,-0.219275,0.563865,0
5.73917,-0.218801,0.555459,0
5.73925,-0.216035,0.541496,0
5.73934,-0.216897,0.536839,0
5.73943,-0.216208,0.528484,0
5.73952,-0.211241,0.509982,0
5.7396,-0.20805,0.496144,0
5.73969,-0.211386,0.497993,0
5.73978,-0.213951,0.497985,0
5.73986,-0.218116,0.501632,0
5.73995,-0.218289,0.496099,0
5.74004,-0.218824,0.491487,0
5.74013,-0.225895,0.501469,0
5.74021,-0.225593,0.495019,0
5.7403,-0.229844,0.498571,0
5.74039,-0.229904,0.493031,0
5.74048,-0.237172,0.502877,0
5.74056,-0.236351,0.495519,0
5.74065,-0.217223,0.450349,0
5.74074,-0.213048,0.436814,0
5.74082,-0.218048,0.442158,0
5.74091,-0.224884,0.451047,0
5.741,-0.22775,0.451847,0
5.74109,-0.225179,0.441939,0
5.74117,-0.2239,0.434729,0
5.74126,-0.223025,0.428426,0
5.74135,-0.218839,0.415944,0
5.74144,-0.210323,0.395561,0
5.74152,-0.212047,0.394639,0
5.74161,-0.218062,0.401619,0
5.7417,-0.216926,0.395404,0
5.74178,-0.216225,0.39008,0
5.74187,-0.223789,0.399603,0
5.74196,-0.226515,0.400364,0
5.74205,-0.229252,0.401108,0
5.74213,-0.234,0.4053,0
5.74222,-0.229217,0.393045,0
5.74231,-0.228392,0.387733,0
5.7424,-0.230593,0.387592,0
5.74248,-0.240008,0.39944,0
5.74257,-0.24123,0.397534,0
5.74266,-0.244529,0.399036,0
5.74274,-0.245742,0.397115,0
5.74283,-0.238994,0.38247,0
5.74292,-0.235858,0.373812,0
5.74301,-0.235337,0.369405,0
5.74309,-0.236947,0.368375,0
5.74318,-0.232561,0.358112,0
5.74327,-0.237959,0.362948,0
5.74335,-0.226294,0.341893,0
5.74344,-0.230006,0.344228,0
5.74353,-0.22144,0.328299,0
5.74362,-0.225122,0.330636,0
5.7437,-0.225996,0.328826,0
5.74379,-0.224579,0.323729,0
5.74388,-0.216812,0.309639,0
5.74397,-0.219892,0.31114,0
5.74405,-0.217764,0.305293,0
5.74414,-0.217925,0.302717,0
5.74423,-0.226297,0.311472,0
5.74431,-0.212871,0.29032,0
5.7444,-0.223059,0.301446,0
5.74449,-0.214799,0.28765,0
5.74458,-0.227486,0.301884,0
5.74466,-0.221538,0.291337,0
5.74475,-0.231329,0.301474,0
5.74484,-0.228969,0.295718,0
5.74493,-0.237645,0.304172,0
5.74501,-0.217302,0.275646,0
5.7451,-0.214145,0.269217,0
5.74519,-0.229714,0.286218,0
5.74527,-0.214598,0.265007,0
5.74536,-0.21512,0.263294,0
5.74545,-0.202273,0.245377,0
5.74554,-0.208457,0.250642,0
5.74562,-0.224976,0.268116,0
5.74571,-0.228728,0.270184,0
5.7458,-0.230554,0.269944,0
5.74589,-0.230424,0.26742,0
5.74597,-0.224372,0.258111,0
5.74606,-0.220221,0.251114,0
5.74615,-0.226616,0.256143,0
5.74623,-0.231061,0.258882,0
5.74632,-0.22349,0.24821,0
5.74641,-0.228605,0.251674,0
5.7465,-0.231052,0.252149,0
5.74658,-0.214501,0.232046,0
5.74667,-0.205963,0.220869,0
5.74676,-0.192536,0.204672,0
5.74685,-0.294616,0.31046,0
5.74693,-0.169421,0.176979,0
5.74702,-0.147962,0.153219,0
5.74711,-0.142349,0.146126,0
5.74719,-0.0953237,0.0970021,0
5.74728,-0.0880018,0.0887732,0
5.74737,-0.0572756,0.0572757,0
