7200
1205
1.0472
1.06291,-0.0318198,-0.0318198,0
1.06299,-0.0337927,-0.0340889,0
1.06317,-0.0404718,-0.0415455,0
1.06325,-0.0437635,-0.0453184,0
1.06334,-0.0394162,-0.0411747,0
1.06343,-0.0557567,-0.0587553,0
1.06352,-0.0657776,-0.0699236,0
1.0636,-0.0736558,-0.0789862,0
1.06369,-0.117433,-0.127038,0
1.06378,-0.159439,-0.173997,0
1.06387,-0.190952,-0.210222,0
1.06395,-0.226166,-0.251183,0
1.06404,-0.229063,-0.256644,0
1.06413,-0.3439,-0.388708,0
1.06421,-0.348794,-0.397723,0
1.0643,-0.276857,-0.318487,0
1.06439,-0.130552,-0.151513,0
1.06448,-0.272768,-0.319371,0
1.06456,-0.283002,-0.334296,0
1.06465,-0.271899,-0.324037,0
1.06474,-0.282632,-0.339828,0
1.06483,-0.290052,-0.351861,0
1.06491,-0.292943,-0.358544,0
1.065,-0.303962,-0.375362,0
1.06509,-0.29168,-0.363426,0
1.06517,-0.303787,-0.381913,0
1.06526,-0.29407,-0.373026,0
1.06535,-0.303521,-0.388489,0
1.06544,-0.293864,-0.379531,0
1.06552,-0.301946,-0.393503,0
1.06561,-0.305068,-0.401185,0
1.0657,-0.309935,-0.411297,0
1.06579,-0.299162,-0.400627,0
1.06587,-0.305739,-0.413182,0
1.06596,-0.29802,-0.406448,0
1.06605,-0.303885,-0.418262,0
1.06613,-0.303226,-0.421207,0
1.06622,-0.294416,-0.412757,0
1.06631,-0.284533,-0.402604,0
1.0664,-0.282773,-0.403842,0
1.06648,-0.280438,-0.40425,0
1.06657,-0.279238,-0.406294,0
1.06666,-0.289845,-0.425694,0
1.06675,-0.286307,-0.424467,0
1.06683,-0.292786,-0.438184,0
1.06692,-0.292527,-0.441959,0
1.06701,-0.303206,-0.462466,0
1.06709,-0.301185,-0.463785,0
1.06718,-0.305651,-0.475187,0
1.06727,-0.304649,-0.478203,0
1.06736,-0.301492,-0.477836,0
1.06744,-0.300464,-0.480843,0
1.06753,-0.300994,-0.486401,0
1.06762,-0.302527,-0.493679,0
1.06771,-0.298813,-0.492429,0
1.06779,-0.296662,-0.493728,0
1.06788,-0.298084,-0.501034,0
1.06797,-0.299955,-0.509223,0
1.06805,-0.29773,-0.510527,0
1.06814,-0.292,-0.505759,0
1.06823,-0.296737,-0.519183,0
1.06832,-0.2925,-0.516991,0
1.0684,-0.298548,-0.533095,0
1.06849,-0.294279,-0.530894,0
1.06858,-0.282821,-0.515515,0
1.06867,-0.288204,-0.530806,0
1.06875,-0.282099,-0.525011,0
1.06884,-0.283091,-0.532417,0
1.06893,-0.289147,-0.549577,0
1.06901,-0.299213,-0.574783,0
1.0691,-0.295329,-0.573416,0
1.06919,-0.298272,-0.585391,0
1.06928,-0.297515,-0.590259,0
1.06936,-0.298506,-0.598711,0
1.06945,-0.301199,-0.61077,0
1.06954,-0.292394,-0.599496,0
1.06963,-0.293685,-0.608872,0
1.06971,-0.298775,-0.626394,0
1.0698,-0.296465,-0.628596,0
1.06989,-0.290339,-0.622633,0
1.06997,-0.286782,-0.622078,0
1.07006,-0.293188,-0.643343,0
1.07015,-0.29695,-0.659204,0
1.07024,-0.300578,-0.67511,0
1.07032,-0.299644,-0.680992,0
1.07041,-0.298663,-0.686878,0
1.0705,-0.296847,-0.690931,0
1.07058,-0.294611,-0.694061,0
1.07067,-0.292353,-0.697184,0
1.07076,-0.295049,-0.712311,0
1.07085,-0.297618,-0.727475,0
1.07093,-0.294815,-0.729694,0
1.07102,-0.295705,-0.74119,0
1.07111,-0.292834,-0.743404,0
1.0712,-0.293212,-0.753994,0
1.07128,-0.294937,-0.768337,0
1.07137,-0.291936,-0.770551,0
1.07146,-0.297326,-0.795235,0
1.07154,-0.293507,-0.795586,0
1.07163,-0.292427,-0.803437,0
1.07172,-0.29365,-0.817882,0
1.07181,-0.295419,-0.834238,0
1.07189,-0.292436,-0.837407,0
1.07198,-0.29236,-0.849076,0
1.07207,-0.293474,-0.864547,0
1.07216,-0.293824,-0.878148,0
1.07224,-0.292495,-0.887019,0
1.07233,-0.292021,-0.898748,0
1.07242,-0.293584,-0.917157,0
1.0725,-0.277852,-0.881234,0
1.07259,-0.267777,-0.862383,0
1.07268,-0.265181,-0.867368,0
1.07277,-0.274363,-0.911608,0
1.07285,-0.294524,-0.994296,0
1.07294,-0.288504,-0.989811,0
1.07303,-0.291624,-1.01701,0
1.07312,-0.285284,-1.01154,0
1.0732,-0.284074,-1.02434,0
1.07329,-0.298277,-1.09407,0
1.07338,-0.29816,-1.11275,0
1.07346,-0.294574,-1.11887,0
1.07355,-0.295198,-1.14145,0
1.07364,-0.29243,-1.15145,0
1.07373,-0.293451,-1.17697,0
1.07381,-0.293542,-1.19961,0
1.0739,-0.295308,-1.23005,0
1.07399,-0.282604,-1.20018,0
1.07408,-0.275115,-1.19165,0
1.07416,-0.279624,-1.23576,0
1.07425,-0.290029,-1.30824,0
1.07434,-0.286228,-1.31828,0
1.07442,-0.269869,-1.26964,0
1.07451,-0.264531,-1.27178,0
1.0746,-0.273333,-1.34348,0
1.07469,-0.28015,-1.40841,0
1.07477,-0.273429,-1.40667,0
1.07486,-0.267849,-1.4108,0
1.07495,-0.261326,-1.40999,0
1.07504,-0.259798,-1.4367,0
1.07512,-0.263251,-1.49297,0
1.07521,-0.261984,-1.52466,0
1.0753,-0.258134,-1.54255,0
1.07538,-0.251401,-1.54366,0
1.07547,-0.243725,-1.53882,0
1.07556,-0.237465,-1.54283,0
1.07565,-0.230435,-1.54188,0
1.07573,-0.222844,-1.53693,0
1.07582,-0.215997,-1.5369,0
1.07591,-0.209289,-1.53782,0
1.076,-0.201794,-1.53277,0
1.07608,-0.195356,-1.53562,0
1.07617,-0.19036,-1.55036,0
1.07626,-0.182653,-1.54323,0
1.07634,-0.175125,-1.53706,0
1.07643,-0.16907,-1.54377,0
1.07652,-0.16181,-1.53952,0
1.07661,-0.15429,-1.53225,0
1.07669,-0.148273,-1.53988,0
1.07678,-0.14137,-1.53852,0
1.07687,-0.134568,-1.53812,0
1.07696,-0.128104,-1.54169,0
1.07704,-0.121062,-1.53824,0
1.07713,-0.114275,-1.53776,0
1.07722,-0.110006,-1.57316,0
1.0773,-0.104514,-1.59458,0
1.07739,-0.0970061,-1.58604,0
1.07748,-0.089688,-1.57946,0
1.07757,-0.0827432,-1.57883,0
1.07765,-0.076717,-1.59716,0
1.07774,-0.0693112,-1.58749,0
1.07783,-0.0626587,-1.59477,0
1.07792,-0.0554902,-1.58903,0
1.078,-0.0485868,-1.59026,0
1.07809,-0.0416737,-1.59145,0
1.07818,-0.0346421,-1.58762,0
1.07826,-0.0278541,-1.59576,0
1.07835,-0.0207601,-1.58586,0
1.07844,-0.0139014,-1.59294,0
1.07853,-0.00693332,-1.58898,0
1.07861,-1.91659e-08,-1.591,0
1.0787,0.00692455,-1.58698,0
1.07879,0.0138315,-1.58494,0
1.07888,0.0207601,-1.58586,0
1.07896,0.0275573,-1.57876,0
1.07905,0.0345111,-1.58162,0
1.07914,0.0414643,-1.58346,0
1.07922,0.0485257,-1.58826,0
1.07931,0.0551412,-1.57904,0
1.0794,0.0624231,-1.58877,0
1.07949,0.0690931,-1.58249,0
1.07957,0.0764771,-1.59216,0
1.07966,0.0829001,-1.58183,0
1.07975,0.0901982,-1.58844,0
1.07984,0.0965788,-1.57905,0
1.07992,0.103926,-1.5856,0
1.08001,0.111541,-1.5951,0
1.0801,0.118055,-1.58862,0
1.08018,0.125142,-1.59008,0
1.08027,0.131085,-1.57756,0
1.08036,0.138665,-1.58495,0
1.08045,0.145396,-1.58233,0
1.08053,0.152107,-1.57969,0
1.08062,0.1596,-1.58498,0
1.08071,0.165887,-1.57831,0
1.0808,0.174187,-1.59049,0
1.08088,0.180672,-1.58574,0
1.08097,0.187237,-1.58196,0
1.08106,0.193894,-1.57914,0
1.08114,0.199899,-1.57134,0
1.08123,0.207667,-1.57739,0
1.08132,0.215357,-1.58241,0
1.08141,0.221424,-1.57552,0
1.08149,0.228153,-1.57355,0
1.08158,0.234574,-1.56957,0
1.08167,0.242941,-1.57841,0
1.08176,0.261558,-1.65141,0
1.08184,0.289497,-1.77758,0
1.08193,0.368551,-2.20238,0
1.08202,0.37748,-2.1968,0
1.0821,0.388104,-2.20105,0
1.08219,0.39717,-2.19638,0
1.08228,0.407661,-2.19954,0
1.08237,0.419306,-2.20855,0
1.08245,0.42932,-2.20866,0
1.08254,0.438758,-2.20579,0
1.08263,0.449375,-2.20875,0
1.08272,0.458398,-2.20383,0
1.0828,0.470296,-2.21257,0
1.08289,0.479309,-2.20757,0
1.08298,0.488288,-2.20252,0
1.08306,0.498335,-2.20232,0
1.08315,0.507715,-2.19915,0
1.08324,0.518451,-2.20178,0
1.08333,0.529921,-2.20728,0
1.08341,0.54026,-2.20786,0
1.0835,0.549647,-2.20451,0
1.08359,0.559753,-2.20403,0
1.08367,0.568112,-2.19673,0
1.08376,0.577437,-2.19326,0
1.08385,0.589331,-2.19941,0
1.08394,0.601815,-2.20743,0
1.08402,0.609571,-2.19804,0
1.08411,0.621599,-2.20402,0
1.0842,0.632312,-2.20513,0
1.08429,0.642487,-2.20427,0
1.08437,0.651247,-2.19857,0
1.08446,0.663428,-2.20433,0
1.08455,0.67187,-2.19759,0
1.08463,0.683528,-2.20132,0
1.08472,0.691924,-2.1945,0
1.08481,0.704237,-2.20003,0
1.0849,0.713211,-2.19504,0
1.08498,0.725914,-2.2014,0
1.08507,0.736464,-2.20106,0
1.08516,0.744775,-2.19404,0
1.08525,0.754667,-2.19171,0
1.08533,0.763893,-2.18745,0
1.08542,0.779105,-2.20013,0
1.08551,0.788022,-2.19482,0
1.08559,0.801353,-2.2017,0
1.08568,0.807837,-2.18974,0
1.08577,0.822637,-2.20024,0
1.08586,0.83223,-2.19663,0
1.08594,0.843598,-2.19765,0
1.08603,0.853179,-2.19395,0
1.08612,0.867142,-2.20137,0
1.08621,0.877851,-2.20035,0
1.08629,0.891189,-2.20577,0
1.08638,0.897019,-2.19261,0
1.08647,0.908873,-2.19421,0
1.08655,0.920372,-2.19484,0
1.08664,0.930331,-2.19172,0
1.08673,0.936727,-2.18029,0
1.08682,0.94982,-2.18444,0
1.0869,0.963773,-2.19034,0
1.08699,0.974948,-2.18977,0
1.08708,0.985314,-2.18732,0
1.08717,0.997752,-2.18937,0
1.08725,1.00646,-2.18318,0
1.08734,1.0202,-2.18783,0
1.08743,1.03699,-2.19873,0
1.08751,1.04829,-2.1978,0
1.0876,1.05396,-2.18509,0
1.08769,1.06612,-2.18587,0
1.08778,1.08184,-2.19375,0
1.08786,1.08961,-2.18543,0
1.08795,1.10274,-2.1878,0
1.08804,1.11409,-2.18653,0
1.08813,1.12591,-2.18609,0
1.08821,1.1359,-2.18205,0
1.0883,1.15333,-2.19211,0
1.08839,1.16288,-2.18706,0
1.08847,1.17762,-2.19166,0
1.08856,1.18526,-2.18298,0
1.08865,1.19959,-2.18656,0
1.08874,1.2096,-2.18218,0
1.08882,1.22204,-2.18211,0
1.08891,1.23648,-2.18546,0
1.089,1.24947,-2.18612,0
1.08909,1.2615,-2.18498,0
1.08917,1.27253,-2.18205,0
1.08926,1.28458,-2.18078,0
1.08935,1.29766,-2.18117,0
1.08943,1.30614,-2.17378,0
1.08952,1.32287,-2.18003,0
1.08961,1.33551,-2.17935,0
1.0897,1.35026,-2.182,0
1.08978,1.36295,-2.18118,0
1.08987,1.37459,-2.17859,0
1.08996,1.38355,-2.17173,0
1.09005,1.39626,-2.17072,0
1.09013,1.41824,-2.1839,0
1.09022,1.43433,-2.18772,0
1.09031,1.43062,-2.16143,0
1.09039,1.45615,-2.17928,0
1.09048,1.45893,-2.16296,0
1.09057,1.46948,-2.15823,0
1.09066,1.48285,-2.15756,0
1.09074,1.51391,-2.18229,0
1.09083,1.66911,-2.38373,0
1.09092,1.75452,-2.48259,0
1.09101,1.76882,-2.4798,0
1.09109,1.76794,-2.45582,0
1.09118,1.85623,-2.55488,0
1.09127,1.85849,-2.53466,0
1.09135,1.7928,-2.42282,0
1.09144,1.80395,-2.41578,0
1.09153,1.82109,-2.41667,0
1.09162,1.83525,-2.41348,0
1.0917,1.85611,-2.41893,0
1.09179,1.87155,-2.41714,0
1.09188,1.88762,-2.41604,0
1.09197,1.89505,-2.40386,0
1.09205,1.9217,-2.41591,0
1.09214,1.78263,-2.22111,0
1.09223,1.95467,-2.41382,0
1.09231,1.97594,-2.41843,0
1.0924,1.99092,-2.41518,0
1.09249,2.00784,-2.41416,0
1.09258,2.08263,-2.48198,0
1.09266,2.03464,-2.40342,0
1.09275,2.05745,-2.40897,0
1.09284,2.07839,-2.41209,0
1.09293,2.09086,-2.40526,0
1.09301,2.19364,-2.50137,0
1.0931,2.13165,-2.40939,0
1.09319,2.15479,-2.41424,0
1.09327,2.16865,-2.40853,0
1.09336,2.19797,-2.41977,0
1.09345,2.21729,-2.41974,0
1.09354,2.24072,-2.424,0
1.09362,2.3263,-2.49465,0
1.09371,2.26864,-2.41164,0
1.0938,2.27432,-2.39664,0
1.09389,2.273,-2.37441,0
1.09397,2.27431,-2.35512,0
1.09406,2.27898,-2.33944,0
1.09415,2.27375,-2.31378,0
1.09423,2.26693,-2.2868,0
1.09432,2.05273,-2.05273,0
1.09441,2.02332,-2.00574,0
1.0945,2.01351,-1.97867,0
1.09458,2.01926,-1.96707,0
1.09467,2.01415,-1.94504,0
1.09476,2.01395,-1.92794,0
1.09485,2.00421,-1.90192,0
1.09493,2.01322,-1.89385,0
1.09502,2.01927,-1.883,0
1.09511,2.01718,-1.86467,0
1.09519,2.01056,-1.84233,0
1.09528,2.01339,-1.82884,0
1.09537,2.01318,-1.81267,0
1.09546,2.02107,-1.80387,0
1.09554,2.01469,-1.78245,0
1.09563,2.01343,-1.76573,0
1.09572,2.00904,-1.74643,0
1.0958,2.00982,-1.73177,0
1.09589,2.00367,-1.7113,0
1.09598,2.01264,-1.70383,0
1.09607,2.01699,-1.69246,0
1.09615,2.0159,-1.67661,0
1.09624,2.02011,-1.66525,0
1.09633,2.00181,-1.63554,0
1.09642,2.01514,-1.63183,0
1.0965,2.0043,-1.60862,0
1.09659,2.00504,-1.59488,0
1.09668,2.0057,-1.58117,0
1.09676,2.01022,-1.57055,0
1.09685,2.00677,-1.55381,0
1.09694,2.0056,-1.53895,0
1.09703,2.0107,-1.52897,0
1.09711,2.00378,-1.50995,0
1.0972,2.00554,-1.49761,0
1.09729,2.00803,-1.48587,0
1.09738,2.0024,-1.46822,0
1.09746,1.99989,-1.45301,0
1.09755,2.00621,-1.44427,0
1.09764,2.00354,-1.42911,0
1.09772,2.00975,-1.42035,0
1.09781,1.99709,-1.39838,0
1.0979,2.004,-1.39022,0
1.09799,1.99933,-1.3741,0
1.09807,1.99869,-1.36086,0
1.09816,1.99301,-1.3443,0
1.09825,1.99802,-1.33504,0
1.09834,2.00383,-1.3263,0
1.09842,1.99872,-1.31042,0
1.09851,2.0061,-1.30278,0
1.0986,2.00504,-1.28968,0
1.09868,2.00137,-1.27501,0
1.09877,2.00184,-1.26307,0
1.09886,2.00224,-1.25114,0
1.09895,2.00173,-1.23871,0
1.09903,2.00115,-1.2263,0
1.09912,1.99622,-1.21134,0
1.09921,1.99463,-1.19849,0
1.0993,1.99812,-1.18876,0
1.09938,1.99898,-1.17749,0
1.09947,2.00151,-1.16724,0
1.09956,1.99532,-1.152,0
1.09964,2.00033,-1.14328,0
1.09973,1.99573,-1.12913,0
1.09982,2.00151,-1.1209,0
1.09991,1.99501,-1.10585,0
1.09999,2.00595,-1.1005,0
1.10008,2.00107,-1.08649,0
1.10017,2.00403,-1.0768,0
1.10026,2.00164,-1.06429,0
1.10034,2.00096,-1.05275,0
1.10043,1.99666,-1.0394,0
1.10052,2.00207,-1.03113,0
1.1006,2.00566,-1.02193,0
1.10069,2.00742,-1.01182,0
1.10078,2.00197,-0.998145,0
1.10087,2.00003,-0.986304,0
1.10095,1.99892,-0.974937,0
1.10104,2.00676,-0.967944,0
1.10113,1.99652,-0.952291,0
1.10122,1.99161,-0.939304,0
1.1013,1.99388,-0.92976,0
1.10139,1.99337,-0.918958,0
1.10148,1.99463,-0.909008,0
1.10156,1.99494,-0.898653,0
1.10165,1.9897,-0.885872,0
1.10174,2.00179,-0.880807,0
1.10183,2.00011,-0.869672,0
1.10191,1.99561,-0.857384,0
1.102,1.99013,-0.844761,0
1.10209,1.99564,-0.836843,0
1.10218,1.9965,-0.826979,0
1.10226,1.99361,-0.815609,0
1.10235,1.98881,-0.803531,0
1.10244,1.99137,-0.794475,0
1.10252,1.99482,-0.785779,0
1.10261,1.99729,-0.776705,0
1.1027,1.98759,-0.762965,0
1.10279,1.99371,-0.755349,0
1.10287,1.99136,-0.744541,0
1.10296,1.99741,-0.736883,0
1.10305,1.99027,-0.724399,0
1.10314,1.99153,-0.715032,0
1.10322,1.99274,-0.705668,0
1.10331,1.99769,-0.697625,0
1.1034,2.00355,-0.689879,0
1.10348,1.98477,-0.673737,0
1.10357,1.98389,-0.663801,0
1.10366,1.98582,-0.654826,0
1.10375,1.99817,-0.649245,0
1.10383,1.99146,-0.637471,0
1.10392,1.99708,-0.629678,0
1.10401,1.99599,-0.619772,0
1.1041,1.9939,-0.609595,0
1.10418,1.99654,-0.600889,0
1.10427,1.98092,-0.586776,0
1.10436,1.98634,-0.578966,0
1.10444,1.99173,-0.571121,0
1.10453,1.99324,-0.562153,0
1.10462,1.99568,-0.553451,0
1.10471,1.99132,-0.542896,0
1.10479,2.0014,-0.536273,0
1.10488,1.99211,-0.52448,0
1.10497,1.99535,-0.516033,0
1.10506,1.99855,-0.507568,0
1.10514,1.99784,-0.498117,0
1.10523,1.98931,-0.486781,0
1.10532,1.99433,-0.478797,0
1.1054,1.99056,-0.468715,0
1.10549,1.99454,-0.460475,0
1.10558,1.98385,-0.448899,0
1.10567,1.99262,-0.441753,0
1.10575,1.98671,-0.431357,0
1.10584,1.99151,-0.423308,0
1.10593,1.98355,-0.412578,0
1.10602,1.99121,-0.405116,0
1.1061,1.98609,-0.395058,0
1.10619,1.98191,-0.385243,0
1.10628,1.99339,-0.378457,0
1.10636,1.99404,-0.369574,0
1.10645,1.99662,-0.361048,0
1.10654,1.99128,-0.351117,0
1.10663,1.98885,-0.341747,0
1.10671,1.98638,-0.332406,0
1.1068,1.98781,-0.323736,0
1.10689,1.98723,-0.314746,0
1.10698,1.99155,-0.306529,0
1.10706,1.98199,-0.29621,0
1.10715,1.98425,-0.287703,0
1.10724,1.9845,-0.278903,0
1.10732,1.97777,-0.269163,0
1.10741,1.98785,-0.261705,0
1.1075,1.98401,-0.252398,0
1.10759,1.99502,-0.244957,0
1.10767,1.98216,-0.234605,0
1.10776,1.99012,-0.226746,0
1.10785,1.98414,-0.217298,0
1.10794,1.9781,-0.207907,0
1.10802,1.98795,-0.200176,0
1.10811,1.98382,-0.191021,0
1.1082,1.98763,-0.182637,0
1.10828,1.97346,-0.172656,0
1.10837,1.98217,-0.164706,0
1.10846,1.97489,-0.155428,0
1.10855,1.98553,-0.14755,0
1.10863,1.98815,-0.139025,0
1.10872,1.97676,-0.129564,0
1.10881,1.97531,-0.120815,0
1.10889,1.97582,-0.112195,0
1.10898,1.9703,-0.103259,0
1.10907,1.96473,-0.094373,0
1.10916,1.97312,-0.0861483,0
1.10924,1.96149,-0.0770671,0
1.10933,1.9638,-0.0685776,0
1.10942,1.96808,-0.0601304,0
1.10951,1.96133,-0.0513592,0
1.10959,1.95054,-0.0425609,0
1.10968,1.9477,-0.0339973,0
1.10977,1.93883,-0.0253808,0
1.10985,1.95093,-0.0170255,0
1.10994,1.94298,-0.00847796,0
1.11003,1.947,-4.71454e-08,0
1.11012,1.95298,0.0085215,0
1.1102,1.91993,0.0167549,0
1.11029,1.73685,0.0227366,0
1.11038,1.67275,0.0291978,0
1.11047,1.6616,0.0362563,0
1.11055,1.65843,0.0434275,0
1.11064,1.66622,0.0509077,0
1.11073,1.65399,0.0577586,0
1.11081,1.65272,0.0649357,0
1.1109,1.65043,0.0720592,0
1.11099,1.65709,0.0795957,0
1.11108,1.64974,0.086459,0
1.11116,1.65134,0.0937698,0
1.11125,1.65291,0.101096,0
1.11134,1.65445,0.108438,0
1.11143,1.65296,0.115586,0
1.11151,1.64247,0.122057,0
1.1116,1.6499,0.12985,0
1.11169,1.64732,0.136882,0
1.11177,1.65767,0.145027,0
1.11186,1.64806,0.151435,0
1.11195,1.66032,0.159871,0
1.11204,1.65662,0.166813,0
1.11212,1.65488,0.173935,0
1.11221,1.65809,0.18159,0
1.1123,1.67616,0.190974,0
1.11239,1.66637,0.197228,0
1.11247,1.68832,0.2073,0
1.11256,1.7995,0.228925,0
1.11265,1.96604,0.258833,0
1.11273,1.96786,0.267814,0
1.11282,1.98252,0.278625,0
1.11291,1.97435,0.286268,0
1.113,1.981,0.296062,0
1.11308,1.97475,0.303942,0
1.11317,1.97241,0.3124,0
1.11326,1.97498,0.321646,0
1.11335,1.97948,0.33125,0
1.11343,1.979,0.340054,0
1.11352,1.97848,0.348859,0
1.11361,1.97399,0.356955,0
1.11369,1.96848,0.364836,0
1.11378,1.9649,0.373048,0
1.11387,1.97994,0.384862,0
1.11396,1.97334,0.392522,0
1.11404,1.96965,0.40073,0
1.11413,1.97376,0.410542,0
1.11422,1.97097,0.418942,0
1.11431,1.97303,0.428387,0
1.11439,1.97017,0.436775,0
1.11448,1.97604,0.447133,0
1.11457,1.97407,0.455751,0
1.11465,1.97985,0.466194,0
1.11474,1.96516,0.471793,0
1.11483,1.9728,0.48274,0
1.11492,1.97164,0.491585,0
1.115,1.97045,0.50043,0
1.11509,1.96534,0.508271,0
1.11518,1.9631,0.516842,0
1.11527,1.96373,0.526179,0
1.11535,1.96238,0.535005,0
1.11544,1.9687,0.545968,0
1.11553,1.96822,0.555096,0
1.11561,1.97251,0.565608,0
1.1157,1.96906,0.573929,0
1.11579,1.97037,0.583651,0
1.11588,1.96302,0.590802,0
1.11596,1.96808,0.601701,0
1.11605,1.96543,0.610283,0
1.11614,1.98278,0.625167,0
1.11623,1.97336,0.631679,0
1.11631,1.97344,0.64121,0
1.1164,1.96018,0.64637,0
1.11649,1.97251,0.659994,0
1.11657,1.96867,0.668273,0
1.11666,1.97708,0.680763,0
1.11675,1.97031,0.688064,0
1.11684,1.96164,0.694652,0
1.11692,1.96894,0.706922,0
1.11701,1.97148,0.717558,0
1.1171,1.9702,0.726846,0
1.11719,1.96982,0.736486,0
1.11727,1.97314,0.747554,0
1.11736,1.97919,0.75974,0
1.11745,1.98238,0.770906,0
1.11753,1.97714,0.778815,0
1.11762,1.97093,0.786323,0
1.11771,1.97212,0.796788,0
1.1178,1.96955,0.805764,0
1.11788,1.96971,0.815881,0
1.11797,1.9689,0.825628,0
1.11806,1.96712,0.834992,0
1.11815,1.96346,0.843568,0
1.11823,1.97535,0.858905,0
1.11832,1.97433,0.868725,0
1.11841,1.9623,0.87367,0
1.11849,1.96941,0.887153,0
1.11858,1.97553,0.900299,0
1.11867,1.97521,0.910585,0
1.11876,1.96578,0.916659,0
1.11884,1.97533,0.931626,0
1.11893,1.97486,0.941958,0
1.11902,1.96532,0.947959,0
1.11911,1.97195,0.961786,0
1.11919,1.96864,0.970824,0
1.11928,1.97781,0.986097,0
1.11937,1.96902,0.992467,0
1.11945,1.96912,1.00332,0
1.11954,1.97006,1.01465,0
1.11963,1.96473,1.02277,0
1.11972,1.96025,1.03134,0
1.1198,1.96103,1.0427,0
1.11989,1.96174,1.05408,0
1.11998,1.95449,1.0612,0
1.12007,1.95861,1.07453,0
1.12015,1.96177,1.08743,0
1.12024,1.96748,1.10184,0
1.12033,1.95917,1.10845,0
1.12041,1.96126,1.12095,0
1.1205,1.96155,1.1325,0
1.12059,1.96782,1.1476,0
1.12068,1.96021,1.15465,0
1.12076,1.96117,1.16677,0
1.12085,1.95777,1.17635,0
1.12094,1.96202,1.19058,0
1.12103,1.96193,1.20227,0
1.12111,1.95581,1.21029,0
1.1212,1.96408,1.22729,0
1.12129,1.96547,1.24012,0
1.12137,1.96004,1.24868,0
1.12146,1.95794,1.25939,0
1.12155,1.95746,1.27119,0
1.12164,1.96611,1.28904,0
1.12172,1.95963,1.29705,0
1.12181,1.96144,1.31059,0
1.1219,1.96399,1.32473,0
1.12198,1.96398,1.33722,0
1.12207,1.95812,1.34578,0
1.12216,1.9662,1.364,0
1.12225,1.96597,1.37658,0
1.12233,1.96239,1.38688,0
1.12242,1.95795,1.39659,0
1.12251,1.97212,1.41973,0
1.1226,1.95944,1.42362,0
1.12268,1.96289,1.43925,0
1.12277,1.9598,1.45018,0
1.12286,1.96708,1.46889,0
1.12294,1.95905,1.47625,0
1.12303,1.95737,1.48842,0
1.12312,1.95086,1.49694,0
1.12321,1.95379,1.51279,0
1.12329,1.95899,1.53053,0
1.12338,1.95465,1.54092,0
1.12347,1.95574,1.55566,0
1.12356,1.95127,1.56606,0
1.12364,1.95141,1.58022,0
1.12373,1.95689,1.59885,0
1.12382,1.95453,1.61119,0
1.1239,1.96824,1.63696,0
1.12399,1.95418,1.63975,0
1.12408,1.95693,1.65666,0
1.12417,1.95044,1.66583,0
1.12425,1.95679,1.68608,0
1.12434,1.95545,1.69985,0
1.12443,1.95478,1.7143,0
1.12452,1.95852,1.73275,0
1.1246,1.94572,1.73662,0
1.12469,1.96042,1.76517,0
1.12478,1.96232,1.78244,0
1.12486,1.95747,1.79369,0
1.12495,1.95697,1.809,0
1.12504,1.95783,1.82571,0
1.12513,1.95713,1.84109,0
1.12521,1.94908,1.84961,0
1.1253,1.95327,1.86985,0
1.12539,1.95013,1.88322,0
1.12548,1.95622,1.90567,0
1.12556,1.95431,1.92049,0
1.12565,1.95727,1.94026,0
1.12574,1.95374,1.95374,0
1.12582,1.96139,1.97858,0
1.12591,1.95273,1.98712,0
1.126,1.9587,2.01066,0
1.12609,1.95407,2.0235,0
1.12617,1.95076,2.03779,0
1.12626,1.94529,2.04991,0
1.12635,1.95551,2.07877,0
1.12644,1.95052,2.09167,0
1.12652,1.95563,2.11558,0
1.12661,1.95516,2.13368,0
1.1267,1.96129,2.15922,0
1.12678,1.94918,2.16478,0
1.12687,1.95569,2.19117,0
1.12696,1.95473,2.20942,0
1.12705,1.94705,2.22018,0
1.12713,1.9485,2.24149,0
1.12722,1.9511,2.26436,0
1.12731,1.95094,2.28426,0
1.1274,1.94806,2.30115,0
1.12748,1.956,2.33107,0
1.12757,1.95285,2.34804,0
1.12766,1.95721,2.37429,0
1.12774,1.95316,2.39055,0
1.12783,1.95845,2.41848,0
1.12792,1.951,2.4309,0
1.12801,1.95158,2.45348,0
1.12809,1.95077,2.47453,0
1.12818,1.95288,2.49957,0
1.12827,1.95542,2.52546,0
1.12836,1.9596,2.5538,0
1.12844,1.96055,2.57825,0
1.12853,1.95409,2.59317,0
1.12862,1.95532,2.6185,0
1.1287,1.95518,2.64228,0
1.12879,1.95664,2.66853,0
1.12888,1.95615,2.69241,0
1.12897,1.95548,2.71634,0
1.12905,1.95523,2.74113,0
1.12914,1.95595,2.7676,0
1.12923,1.95647,2.79413,0
1.12932,1.95737,2.82154,0
1.1294,1.95184,2.83994,0
1.12949,1.94956,2.86331,0
1.12958,1.95326,2.89583,0
1.12966,1.95894,2.93176,0
1.12975,1.95055,2.94695,0
1.12984,1.95138,2.97634,0
1.12993,1.92911,2.97057,0
1.13001,1.91234,2.97307,0
1.1301,1.89237,2.97042,0
1.13019,1.87886,2.97781,0
1.13028,1.85631,2.97071,0
1.13036,1.83964,2.97283,0
1.13045,1.82248,2.97401,0
1.13054,1.8017,2.96911,0
1.13062,1.78255,2.96666,0
1.13071,1.7655,2.96753,0
1.1308,1.74847,2.96831,0
1.13089,1.73197,2.96987,0
1.13097,1.714,2.96873,0
1.13106,1.69111,2.95882,0
1.13115,1.67473,2.96008,0
1.13124,1.65936,2.963,0
1.13132,1.64399,2.96584,0
1.13141,1.62574,2.96334,0
1.1315,1.60659,2.95898,0
1.13158,1.51983,2.82854,0
1.13167,1.48916,2.80071,0
1.13176,1.46575,2.78594,0
1.13185,1.44851,2.78255,0
1.13193,1.43086,2.77818,0
1.13202,1.42099,2.78885,0
1.13211,1.40116,2.77984,0
1.1322,1.38901,2.78593,0
1.13228,1.37419,2.78658,0
1.13237,1.35807,2.78446,0
1.13246,1.34591,2.79036,0
1.13254,1.33286,2.7944,0
1.13263,1.31639,2.79115,0
1.13272,1.30335,2.79505,0
1.13281,1.29282,2.80435,0
1.13289,1.2814,2.81178,0
1.13298,1.27159,2.82282,0
1.13307,1.25844,2.82651,0
1.13316,1.25415,2.85028,0
1.13324,1.24928,2.87315,0
1.13333,1.24976,2.90889,0
1.13342,1.25151,2.94838,0
1.1335,1.24018,2.9575,0
1.13359,1.2265,2.96103,0
1.13368,1.21054,2.95895,0
1.13377,1.19649,2.96143,0
1.13385,1.18023,2.95826,0
1.13394,1.16621,2.96059,0
1.13403,1.14929,2.9554,0
1.13411,1.13173,2.94825,0
1.1342,1.12062,2.95783,0
1.13429,1.10736,2.96176,0
1.13438,1.08785,2.94874,0
1.13446,1.07463,2.95251,0
1.13455,1.05734,2.94494,0
1.13464,1.04648,2.95518,0
1.13473,1.03358,2.95972,0
1.13481,1.01903,2.95947,0
1.1349,1.00353,2.95632,0
1.13499,0.988404,2.95403,0
1.13507,0.976758,2.96211,0
1.13516,0.959807,2.95398,0
1.13525,0.946909,2.95814,0
1.13534,0.930685,2.95175,0
1.13542,0.918093,2.95674,0
1.13551,0.902844,2.95307,0
1.1356,0.886492,2.94549,0
1.13569,0.875335,2.95508,0
1.13577,0.860474,2.95215,0
1.13586,0.847309,2.95492,0
1.13595,0.831422,2.948,0
1.13603,0.816948,2.94582,0
1.13612,0.803034,2.9455,0
1.13621,0.790175,2.94897,0
1.1363,0.778064,2.95529,0
1.13638,0.76441,2.95575,0
1.13647,0.75126,2.95809,0
1.13656,0.737136,2.95649,0
1.13665,0.725655,2.96551,0
1.13673,0.709441,2.95503,0
1.13682,0.696769,2.95907,0
1.13691,0.681827,2.95332,0
1.13699,0.669375,2.95821,0
1.13708,0.652782,2.94451,0
1.13717,0.641625,2.95515,0
1.13726,0.62623,2.94618,0
1.13734,0.612554,2.94497,0
1.13743,0.599898,2.94859,0
1.13752,0.586442,2.94824,0
1.13761,0.573,2.94783,0
1.13769,0.55864,2.94244,0
1.13778,0.546342,2.9478,0
1.13787,0.532585,2.94523,0
1.13795,0.519208,2.94458,0
1.13804,0.506863,2.94977,0
1.13813,0.492997,2.94604,0
1.13822,0.480299,2.94915,0
1.1383,0.46727,2.95023,0
1.13839,0.454545,2.95322,0
1.13848,0.440768,2.94925,0
1.13857,0.427752,2.95015,0
1.13865,0.414458,2.94902,0
1.13874,0.401451,2.94981,0
1.13883,0.388054,2.94757,0
1.13891,0.374559,2.94427,0
1.139,0.362561,2.95282,0
1.13909,0.348028,2.94048,0
1.13918,0.335308,2.94296,0
1.13926,0.322137,2.94141,0
1.13935,0.308464,2.93483,0
1.13944,0.297458,2.95406,0
1.13953,0.28332,2.94239,0
1.13961,0.270662,2.94559,0
1.1397,0.257632,2.94475,0
1.13979,0.245112,2.94983,0
1.13987,0.232161,2.94988,0
1.13996,0.218917,2.94588,0
1.14005,0.205712,2.94182,0
1.14014,0.192939,2.94368,0
1.14022,0.180215,2.94649,0
1.14031,0.167697,2.95324,0
1.1404,0.154077,2.93997,0
1.14049,0.141536,2.9466,0
1.14057,0.128677,2.94719,0
1.14066,0.115699,2.94473,0
1.14075,0.1025,2.93521,0
1.14083,0.0896917,2.93563,0
1.14092,0.0770912,2.94399,0
1.14101,0.064005,2.9333,0
1.1411,0.0513102,2.93955,0
1.14118,0.0385359,2.94375,0
1.14127,0.0256998,2.94489,0
1.14136,0.0128108,2.93597,0
1.14145,1.07037e-07,2.942,0
1.14153,-0.0128324,2.94097,0
1.14162,-0.0257432,2.94989,0
1.14171,-0.0384702,2.93875,0
1.14179,-0.0513623,2.94255,0
1.14188,-0.0642011,2.9423,0
1.14197,-0.077091,2.94399,0
1.14206,-0.089722,2.93663,0
1.14214,-0.102465,2.93421,0
1.14223,-0.115659,2.94373,0
1.14232,-0.128285,2.9382,0
1.14241,-0.140816,2.93162,0
1.14249,-0.153868,2.93597,0
1.14258,-0.16713,2.94326,0
1.14267,-0.180154,2.9455,0
1.14275,-0.19307,2.94568,0
1.14284,-0.205781,2.94281,0
1.14293,-0.218175,2.9359,0
1.14302,-0.231062,2.93592,0
1.1431,-0.244201,2.93887,0
1.14319,-0.257284,2.94077,0
1.14328,-0.270296,2.94161,0
1.14337,-0.282937,2.93841,0
1.14345,-0.296356,2.94312,0
1.14354,-0.309718,2.94677,0
1.14363,-0.32181,2.93843,0
1.14371,-0.334289,2.93402,0
1.1438,-0.347793,2.93849,0
1.14389,-0.360368,2.93496,0
1.14398,-0.374306,2.94229,0
1.14406,-0.386357,2.93468,0
1.14415,-0.399833,2.93792,0
1.14424,-0.412787,2.93714,0
1.14433,-0.425456,2.93432,0
1.14441,-0.438403,2.93342,0
1.1445,-0.453023,2.94334,0
1.14459,-0.464923,2.93541,0
1.14467,-0.478048,2.93533,0
1.14476,-0.490851,2.93321,0
1.14485,-0.502968,2.9271,0
1.14494,-0.518687,2.94162,0
1.14502,-0.531339,2.93835,0
1.14511,-0.544155,2.936,0
1.1452,-0.55808,2.93949,0
1.14529,-0.571282,2.93899,0
1.14537,-0.584686,2.93941,0
1.14546,-0.598104,2.93977,0
1.14555,-0.611129,2.93812,0
1.14563,-0.622072,2.92662,0
1.14572,-0.634623,2.9229,0
1.14581,-0.648669,2.92596,0
1.1459,-0.663196,2.9309,0
1.14598,-0.675303,2.92506,0
1.14607,-0.689893,2.92987,0
1.14616,-0.706872,2.94434,0
1.14625,-0.718049,2.93442,0
1.14633,-0.73133,2.9332,0
1.14642,-0.74486,2.93289,0
1.14651,-0.758651,2.93349,0
1.14659,-0.770171,2.92531,0
1.14668,-0.665424,2.4834,0
1.14677,-0.622332,2.28269,0
1.14686,-0.615984,2.22117,0
1.14694,-0.602055,2.13473,0
1.14703,-0.614671,2.14361,0
1.14712,-0.609468,2.09099,0
1.1472,-0.613189,2.07009,0
1.14729,-0.600889,1.99654,0
1.14738,-0.607841,1.98816,0
1.14747,-0.610579,1.96639,0
1.14755,-0.60923,1.93223,0
1.14764,-0.60546,1.89146,0
1.14773,-0.610618,1.87929,0
1.14782,-0.62163,1.88515,0
1.1479,-0.630167,1.88337,0
1.14799,-0.6387,1.88155,0
1.14808,-0.647555,1.88064,0
1.14816,-0.659381,1.88818,0
1.14825,-0.669617,1.89094,0
1.14834,-0.679213,1.89176,0
1.14843,-0.686434,1.88596,0
1.14851,-0.695349,1.88483,0
1.1486,-0.706018,1.88833,0
1.14869,-0.716731,1.89178,0
1.14878,-0.722828,1.88303,0
1.14886,-0.730313,1.878,0
1.14895,-0.741798,1.88317,0
1.14904,-0.750008,1.87991,0
1.14912,-0.762324,1.88682,0
1.14921,-0.771686,1.88625,0
1.1493,-0.778378,1.87917,0
1.14939,-0.78773,1.87852,0
1.14947,-0.799436,1.88335,0
1.14956,-0.807251,1.87893,0
1.14965,-0.81903,1.88364,0
1.14974,-0.826436,1.87822,0
1.14982,-0.834624,1.8746,0
1.14991,-0.847313,1.88097,0
1.15,-0.85883,1.88453,0
1.15008,-0.866207,1.87895,0
1.15017,-0.878201,1.88331,0
1.15026,-0.886836,1.88036,0
1.15035,-0.894171,1.87467,0
1.15043,-0.904949,1.87615,0
1.15052,-0.917072,1.88028,0
1.15061,-0.930133,1.88612,0
1.1507,-0.935677,1.87668,0
1.15078,-0.947457,1.87972,0
1.15087,-0.961098,1.88626,0
1.15096,-0.969777,1.88294,0
1.15104,-0.979369,1.88135,0
1.15113,-0.990362,1.88237,0
1.15122,-1.00373,1.88774,0
1.15131,-1.01622,1.89127,0
1.15139,-1.02541,1.88858,0
1.15148,-1.0322,1.88146,0
1.15157,-1.0404,1.87693,0
1.15166,-1.05005,1.87499,0
1.15174,-1.06314,1.8791,0
1.15183,-1.07232,1.87618,0
1.15192,-1.084,1.87754,0
1.152,-1.08866,1.86675,0
1.15209,-1.10187,1.8706,0
1.15218,-1.11053,1.86663,0
1.15227,-1.10991,1.8472,0
1.15235,-1.10966,1.82866,0
1.15244,-1.10508,1.80333,0
1.15253,-1.10505,1.78574,0
1.15262,-1.10488,1.76818,0
1.1527,-1.10938,1.75827,0
1.15279,-1.102,1.7298,0
1.15288,-1.10629,1.71992,0
1.15296,-1.10289,1.69831,0
1.15305,-1.10481,1.68512,0
1.15314,-1.10995,1.67694,0
1.15323,-1.10781,1.65795,0
1.15331,-1.10329,1.63569,0
1.1534,-1.1076,1.62673,0
1.15349,-1.10109,1.6021,0
1.15358,-1.10408,1.59153,0
1.15366,-1.10299,1.57523,0
1.15375,-1.10466,1.56305,0
1.15384,-1.10217,1.54519,0
1.15392,-1.10657,1.53712,0
1.15401,-1.1068,1.52338,0
1.1541,-1.10161,1.50241,0
1.15419,-1.10459,1.49276,0
1.15427,-1.1063,1.48152,0
1.15436,-1.10373,1.4647,0
1.15445,-1.10587,1.4543,0
1.15454,-1.1049,1.43994,0
1.15462,-1.10628,1.42878,0
1.15471,-1.10265,1.41133,0
1.1548,-1.10384,1.40022,0
1.15488,-1.10247,1.386,0
1.15497,-1.10538,1.37728,0
1.15506,-1.09691,1.35457,0
1.15515,-1.09331,1.33815,0
1.15523,-1.10487,1.34031,0
1.15532,-1.10239,1.32548,0
1.15541,-1.10302,1.31453,0
1.1555,-1.0997,1.29902,0
1.15558,-1.10146,1.28965,0
1.15567,-1.09664,1.27271,0
1.15576,-1.10152,1.26716,0
1.15584,-1.11232,1.26835,0
1.15593,-1.10856,1.253,0
1.15602,-1.10869,1.24219,0
1.15611,-1.11276,1.23585,0
1.15619,-1.11075,1.22284,0
1.15628,-1.11067,1.21208,0
1.15637,-1.1112,1.20209,0
1.15646,-1.11234,1.19284,0
1.15654,-0.0541295,0.0575413,0
1.15663,-1.10137,1.1606,0
1.15672,-1.08844,1.137,0
1.1568,-1.1059,1.14519,0
1.15689,-0.0530321,0.0544389,0
1.15698,-0.0378491,0.0385155,0
1.15707,-1.10671,1.11641,0
1.15715,-1.13066,1.13066,0
