7200
3085
2.68781
2.70352,-0.0424264,-0.0424264,0
2.7036,-0.0323847,-0.0326685,0
2.70369,-0.0504655,-0.051354,0
2.70378,-0.0481475,-0.0494248,0
2.70386,-0.0639086,-0.0661793,0
2.70395,-0.107185,-0.111966,0
2.70404,-0.120462,-0.126941,0
2.70413,-0.148,-0.157328,0
2.70421,-0.291895,-0.313019,0
2.7043,-0.195495,-0.211485,0
2.70439,-0.198624,-0.21676,0
2.70447,-0.190952,-0.210222,0
2.70456,-0.220144,-0.244495,0
2.70465,-0.232393,-0.260374,0
2.70474,-0.221315,-0.250151,0
2.70482,-0.218243,-0.248859,0
2.70491,-0.226996,-0.261129,0
2.705,-0.230424,-0.26742,0
2.70509,-0.227307,-0.266142,0
2.70517,-0.223559,-0.264078,0
2.70526,-0.22819,-0.271946,0
2.70535,-0.228919,-0.275245,0
2.70543,-0.23026,-0.279328,0
2.70552,-0.235366,-0.288074,0
2.70561,-0.235995,-0.29143,0
2.7057,-0.223455,-0.278419,0
2.70578,-0.22037,-0.277043,0
2.70587,-0.211111,-0.267793,0
2.70596,-0.217328,-0.278168,0
2.70605,-0.210603,-0.271997,0
2.70613,-0.213675,-0.278467,0
2.70622,-0.227591,-0.299297,0
2.70631,-0.213043,-0.282717,0
2.70639,-0.229158,-0.30688,0
2.70648,-0.227222,-0.307073,0
2.70657,-0.212871,-0.29032,0
2.70666,-0.215717,-0.296909,0
2.70674,-0.230194,-0.31976,0
2.70683,-0.225313,-0.315877,0
2.70692,-0.227972,-0.322573,0
2.70701,-0.219106,-0.312916,0
2.70709,-0.222869,-0.321264,0
2.70718,-0.22373,-0.32553,0
2.70727,-0.230187,-0.338075,0
2.70735,-0.226473,-0.33576,0
2.70744,-0.217228,-0.325105,0
2.70753,-0.219671,-0.331887,0
2.70762,-0.216028,-0.329497,0
2.7077,-0.210775,-0.324566,0
2.70779,-0.230455,-0.358283,0
2.70788,-0.234263,-0.367719,0
2.70797,-0.229988,-0.364509,0
2.70805,-0.232105,-0.371445,0
2.70814,-0.225746,-0.364801,0
2.70823,-0.230944,-0.376867,0
2.70831,-0.220479,-0.363338,0
2.7084,-0.226617,-0.377154,0
2.70849,-0.227525,-0.382436,0
2.70858,-0.2289,-0.388595,0
2.70866,-0.224179,-0.384407,0
2.70875,-0.223,-0.386247,0
2.70884,-0.233718,-0.408922,0
2.70893,-0.232424,-0.410808,0
2.70901,-0.228186,-0.407456,0
2.7091,-0.22883,-0.41282,0
2.70919,-0.227508,-0.414692,0
2.70927,-0.22331,-0.411286,0
2.70936,-0.227193,-0.422828,0
2.70945,-0.225816,-0.424698,0
2.70954,-0.226754,-0.430989,0
2.70962,-0.221178,-0.424878,0
2.70971,-0.222985,-0.432951,0
2.7098,-0.225179,-0.441939,0
2.70989,-0.225049,-0.446489,0
2.70997,-0.228453,-0.458206,0
2.71006,-0.225567,-0.457405,0
2.71015,-0.222254,-0.455689,0
2.71023,-0.220698,-0.457555,0
2.71032,-0.225588,-0.472955,0
2.71041,-0.222242,-0.471221,0
2.7105,-0.223565,-0.479437,0
2.71058,-0.233612,-0.506744,0
2.71067,-0.238034,-0.522318,0
2.71076,-0.230824,-0.51241,0
2.71085,-0.230213,-0.517067,0
2.71093,-0.223927,-0.508913,0
2.71102,-0.226489,-0.52089,0
2.71111,-0.217109,-0.505335,0
2.71119,-0.218028,-0.513642,0
2.71128,-0.217718,-0.519199,0
2.71137,-0.215068,-0.51922,0
2.71146,-0.215451,-0.526633,0
2.71154,-0.21877,-0.541475,0
2.71163,-0.215294,-0.539638,0
2.71172,-0.216236,-0.548946,0
2.71181,-0.218913,-0.562933,0
2.71189,-0.217171,-0.56575,0
2.71198,-0.217535,-0.574173,0
2.71207,-0.214327,-0.573243,0
2.71215,-0.211824,-0.574173,0
2.71224,-0.209316,-0.575092,0
2.71233,-0.213225,-0.593882,0
2.71242,-0.21397,-0.604233,0
2.7125,-0.215288,-0.61649,0
2.71259,-0.216828,-0.629715,0
2.71268,-0.212472,-0.625921,0
2.71277,-0.214181,-0.640118,0
2.71285,-0.213265,-0.646745,0
2.71294,-0.211986,-0.652425,0
2.71303,-0.215539,-0.673344,0
2.71311,-0.214103,-0.679046,0
2.7132,-0.223889,-0.72104,0
2.71329,-0.206999,-0.677064,0
2.71338,-0.213265,-0.708603,0
2.71346,-0.613757,-2.07201,0
2.71355,-0.60639,-2.08043,0
2.71364,-0.592345,-2.06575,0
2.71373,-0.585497,-2.07602,0
2.71381,-0.574563,-2.07181,0
2.7139,-0.564991,-2.07236,0
2.71399,-0.55439,-2.06901,0
2.71407,-0.544848,-2.06948,0
2.71416,-0.534561,-2.067,0
2.71425,-0.526276,-2.07222,0
2.71434,-0.518681,-2.08031,0
2.71442,-0.507697,-2.07479,0
2.71451,-0.496305,-2.06726,0
2.7146,-0.486592,-2.06648,0
2.71469,-0.476221,-2.06274,0
2.71477,-0.467437,-2.06578,0
2.71486,-0.458636,-2.06877,0
2.71495,-0.448544,-2.06587,0
2.71503,-0.439941,-2.06976,0
2.71512,-0.430906,-2.07166,0
2.71521,-0.421065,-2.0696,0
2.7153,-0.412226,-2.0724,0
2.71538,-0.401653,-2.06633,0
2.71547,-0.393379,-2.07199,0
2.71556,-0.383241,-2.06779,0
2.71565,-0.373148,-2.06353,0
2.71573,-0.36414,-2.06514,0
2.71582,-0.355295,-2.0677,0
2.71591,-0.347095,-2.07416,0
2.71599,-0.335952,-2.06282,0
2.71608,-0.328512,-2.07415,0
2.71617,-0.317786,-2.06469,0
2.71626,-0.307739,-2.05913,0
2.71634,-0.299326,-2.06441,0
2.71643,-0.289898,-2.06273,0
2.71652,-0.281164,-2.06596,0
2.71661,-0.271103,-2.05923,0
2.71669,-0.263882,-2.07428,0
2.71678,-0.253732,-2.06648,0
2.71687,-0.244478,-2.06558,0
2.71695,-0.235123,-2.06365,0
2.71704,-0.225572,-2.05968,0
2.71713,-0.217628,-2.07059,0
2.71722,-0.20799,-2.06555,0
2.7173,-0.198784,-2.06445,0
2.71739,-0.189591,-2.06331,0
2.71748,-0.180935,-2.0681,0
2.71756,-0.171082,-2.0589,0
2.71765,-0.162018,-2.05863,0
2.71774,-0.15333,-2.06331,0
2.71783,-0.144814,-2.07094,0
2.71791,-0.134992,-2.05958,0
2.718,-0.12576,-2.05616,0
2.71809,-0.117127,-2.06268,0
2.71818,-0.108231,-2.06517,0
2.71826,-0.0989309,-2.05963,0
2.71835,-0.0898123,-2.05704,0
2.71844,-0.0813464,-2.0704,0
2.71852,-0.0718232,-2.05675,0
2.71861,-0.0629704,-2.06104,0
2.7187,-0.053846,-2.0563,0
2.71879,-0.0450041,-2.06251,0
2.71887,-0.0358822,-2.05569,0
2.71896,-0.0269646,-2.05982,0
2.71905,-0.0179592,-2.05792,0
2.71914,-0.00901026,-2.06498,0
2.71922,-2.47795e-08,-2.057,0
2.71931,0.00900148,-2.06298,0
2.7194,0.0180115,-2.06392,0
2.71948,0.02703,-2.06482,0
2.71957,0.0358996,-2.05669,0
2.71966,0.0451568,-2.06951,0
2.71975,0.0538721,-2.05729,0
2.71983,0.0627566,-2.05404,0
2.71992,0.0716835,-2.05275,0
2.72001,0.0806396,-2.05242,0
2.7201,0.0894197,-2.04805,0
2.72018,0.0984991,-2.05064,0
2.72027,0.108021,-2.06117,0
2.72036,0.116504,-2.05169,0
2.72044,0.126493,-2.06814,0
2.72053,0.134273,-2.0486,0
2.72062,0.143977,-2.05897,0
2.72071,0.152663,-2.05434,0
2.72079,0.161312,-2.04966,0
2.72088,0.170585,-2.05292,0
2.72097,0.179889,-2.05615,0
2.72106,0.189042,-2.05733,0
2.72114,0.197921,-2.05549,0
2.72123,0.206989,-2.0556,0
2.72132,0.215956,-2.05468,0
2.7214,0.225572,-2.05968,0
2.72149,0.234104,-2.05471,0
2.72158,0.244595,-2.06658,0
2.72167,0.251295,-2.04663,0
2.72175,0.26161,-2.05643,0
2.72184,0.270842,-2.05725,0
2.72193,0.278872,-2.04911,0
2.72202,0.288506,-2.05283,0
2.7221,0.29746,-2.05155,0
2.72219,0.306705,-2.05221,0
2.72228,0.316569,-2.05678,0
2.72236,0.323976,-2.0455,0
2.72245,0.334023,-2.05098,0
2.72254,0.343629,-2.05345,0
2.72263,0.353432,-2.05686,0
2.72271,0.361709,-2.05135,0
2.7228,0.370834,-2.05074,0
2.72289,0.378685,-2.0432,0
2.72298,0.390581,-2.05725,0
2.72306,0.397646,-2.04571,0
2.72315,0.407934,-2.05082,0
2.72324,0.415682,-2.04314,0
2.72332,0.426833,-2.05208,0
2.72341,0.435783,-2.0502,0
2.7235,0.445785,-2.05316,0
2.72359,0.453657,-2.04632,0
2.72367,0.463465,-2.04822,0
2.72376,0.473522,-2.05105,0
2.72385,0.481779,-2.04604,0
2.72394,0.491636,-2.04781,0
2.72402,0.501755,-2.0505,0
2.72411,0.510697,-2.04829,0
2.7242,0.518153,-2.04023,0
2.72428,0.528803,-2.04473,0
2.72437,0.538992,-2.04724,0
2.72446,0.548955,-2.04873,0
2.72455,0.557626,-2.04535,0
2.72463,0.568416,-2.04964,0
2.72472,0.575454,-2.04041,0
2.72481,0.587934,-2.05037,0
2.7249,0.596316,-2.04587,0
2.72498,0.605521,-2.0442,0
2.72507,0.617605,-2.05208,0
2.72516,0.625675,-2.04649,0
2.72524,0.634896,-2.0447,0
2.72533,0.64772,-2.05431,0
2.72542,0.655458,-2.04765,0
2.72551,0.665932,-2.04953,0
2.72559,0.674868,-2.0466,0
2.72568,0.685061,-2.04743,0
2.72577,0.696881,-2.05294,0
2.72586,0.70225,-2.03948,0
2.72594,0.713121,-2.04206,0
2.72603,0.723693,-2.04365,0
2.72612,0.735983,-2.04988,0
2.7262,0.744578,-2.04571,0
2.72629,0.754189,-2.04432,0
2.72638,0.761701,-2.03726,0
2.72647,0.776606,-2.04982,0
2.72655,0.783751,-2.04174,0
2.72664,0.796276,-2.04762,0
2.72673,0.806303,-2.04692,0
2.72682,0.817079,-2.04802,0
2.7269,0.824509,-2.04073,0
2.72699,0.836435,-2.04452,0
2.72708,0.845348,-2.04085,0
2.72716,0.854245,-2.03714,0
2.72725,0.867032,-2.0426,0
2.72734,0.881858,-2.05258,0
2.72743,0.88602,-2.03771,0
2.72751,0.896917,-2.0384,0
2.7276,0.90865,-2.04086,0
2.72769,0.918778,-2.03961,0
2.72778,0.929742,-2.04013,0
2.72786,0.939891,-2.03878,0
2.72795,0.948778,-2.03466,0
2.72804,0.964472,-2.04497,0
2.72812,0.974247,-2.04255,0
2.72821,0.982281,-2.03648,0
2.7283,0.991596,-2.03307,0
2.72839,1.00355,-2.035,0
2.72847,1.01555,-2.03687,0
2.72856,1.02757,-2.03867,0
2.72865,1.03828,-2.03773,0
2.72874,1.0499,-2.03852,0
2.72882,1.06156,-2.03924,0
2.72891,1.07324,-2.0399,0
2.729,1.0826,-2.03608,0
2.72908,1.09715,-2.0419,0
2.72917,1.1051,-2.03534,0
2.72926,1.11637,-2.03488,0
2.72935,1.12476,-2.02912,0
2.72943,1.13556,-2.02768,0
2.72952,1.15523,-2.04185,0
2.72961,1.16561,-2.0394,0
2.72969,1.1765,-2.03776,0
2.72978,1.18588,-2.03347,0
2.72987,1.20084,-2.03861,0
2.72996,1.2087,-2.03164,0
2.73004,1.22373,-2.03663,0
2.73013,1.23416,-2.03384,0
2.73022,1.25086,-2.04122,0
2.73031,1.25818,-2.03319,0
2.73039,1.27128,-2.03447,0
2.73048,1.28067,-2.02975,0
2.73057,1.29435,-2.03173,0
2.73065,1.30699,-2.03195,0
2.73074,1.32511,-2.04049,0
2.73083,1.33564,-2.03719,0
2.73092,1.34452,-2.03135,0
2.731,1.35281,-2.02463,0
2.73109,1.36723,-2.027,0
2.73118,1.38394,-2.03258,0
2.73127,1.39902,-2.03559,0
2.73135,1.41416,-2.03851,0
2.73144,1.42648,-2.03723,0
2.73153,1.43825,-2.03507,0
2.73161,1.45176,-2.03529,0
2.7317,1.4577,-2.02488,0
2.73179,1.47358,-2.02821,0
2.73188,1.49247,-2.03547,0
2.73196,1.49955,-2.02652,0
2.73205,1.51556,-2.02958,0
2.73214,1.52801,-2.02774,0
2.73223,1.54471,-2.0314,0
2.73231,1.5566,-2.0286,0
2.7324,1.57279,-2.03128,0
2.73249,1.58594,-2.02992,0
2.73257,1.59974,-2.02926,0
2.73266,1.61729,-2.03322,0
2.73275,1.62427,-2.0238,0
2.73284,1.64945,-2.0369,0
2.73292,1.66275,-2.0351,0
2.73301,1.67161,-2.02783,0
2.7331,1.68684,-2.0282,0
2.73319,1.70467,-2.03155,0
2.73327,1.71094,-2.02104,0
2.73336,1.73143,-2.02724,0
2.73345,1.74744,-2.028,0
2.73353,1.76545,-2.03092,0
2.73362,1.77891,-2.02846,0
2.73371,1.79172,-2.02518,0
2.7338,1.81053,-2.02853,0
2.73388,1.82271,-2.02433,0
2.73397,1.8322,-2.01709,0
2.73406,1.86328,-2.03341,0
2.73415,1.87145,-2.02453,0
2.73423,1.89118,-2.02804,0
2.73432,1.90001,-2.01977,0
2.73441,1.9267,-2.03032,0
2.73449,1.93969,-2.02623,0
2.73458,1.95477,-2.02422,0
2.73467,1.97335,-2.0257,0
2.73476,1.98778,-2.02278,0
2.73484,2.00785,-2.02545,0
2.73493,2.0202,-2.0202,0
2.73502,2.03468,-2.017,0
2.73511,2.03205,-1.99689,0
2.73519,2.0343,-1.98172,0
2.73528,2.03142,-1.96172,0
2.73537,2.03129,-1.94453,0
2.73545,2.02452,-1.9212,0
2.73554,2.0307,-1.91029,0
2.73563,2.02658,-1.88982,0
2.73572,2.026,-1.87281,0
2.7358,2.02383,-1.8545,0
2.73589,2.02746,-1.84161,0
2.73598,2.0273,-1.82539,0
2.73607,2.02405,-1.80654,0
2.73615,2.02817,-1.79438,0
2.73624,2.0217,-1.77298,0
2.73633,2.02187,-1.75758,0
2.73641,2.01664,-1.73765,0
2.7365,2.01508,-1.72104,0
2.73659,2.02028,-1.71029,0
2.73668,2.0101,-1.68667,0
2.73676,2.02667,-1.68556,0
2.73685,2.00854,-1.65571,0
2.73694,2.02426,-1.65389,0
2.73703,2.02058,-1.63623,0
2.73711,2.01444,-1.61676,0
2.7372,2.00974,-1.59862,0
2.73729,2.01355,-1.58736,0
2.73737,2.01967,-1.57794,0
2.73746,2.01942,-1.5636,0
2.73755,2.0175,-1.54808,0
2.73764,2.01866,-1.53503,0
2.73772,2.00857,-1.51356,0
2.73781,2.01195,-1.50239,0
2.7379,2.01447,-1.49063,0
2.73799,2.01531,-1.47768,0
2.73807,2.02173,-1.46888,0
2.73816,2.01108,-1.44777,0
2.73825,2.00842,-1.43259,0
2.73833,2.00649,-1.41805,0
2.73842,2.01593,-1.41157,0
2.73851,2.01139,-1.39535,0
2.7386,2.01334,-1.38373,0
2.73868,2.00696,-1.36649,0
2.73877,2.00627,-1.35325,0
2.73886,1.99968,-1.33615,0
2.73895,2.00633,-1.32796,0
2.73903,2.00207,-1.31261,0
2.73912,2.00526,-1.30223,0
2.73921,2.0084,-1.29185,0
2.73929,2.00558,-1.2777,0
2.73938,1.9993,-1.26146,0
2.73947,2.00309,-1.25167,0
2.73956,2.00853,-1.24292,0
2.73964,1.99944,-1.22526,0
2.73973,2.01075,-1.22015,0
2.73982,1.99806,-1.20055,0
2.73991,2.00328,-1.19182,0
2.73999,2.00587,-1.18155,0
2.74008,2.00669,-1.17027,0
2.74017,1.99965,-1.1545,0
2.74025,1.99946,-1.14279,0
2.74034,1.99398,-1.12814,0
2.74043,1.99627,-1.11797,0
2.74052,2.002,-1.10973,0
2.7406,2.00244,-1.09858,0
2.74069,2.00195,-1.08697,0
2.74078,1.99874,-1.07396,0
2.74087,2.00076,-1.06382,0
2.74095,1.99653,-1.05043,0
2.74104,2.00021,-1.04124,0
2.74113,1.99584,-1.02793,0
2.74121,2.00298,-1.02057,0
2.7413,1.99759,-1.00687,0
2.74139,2.00018,-0.997252,0
2.74148,1.99464,-0.98365,0
2.74156,1.99892,-0.974937,0
2.74165,2.00405,-0.966641,0
2.74174,1.99652,-0.952291,0
2.74183,1.99523,-0.941011,0
2.74191,1.99297,-0.929338,0
2.742,2.00155,-0.922726,0
2.74209,1.99463,-0.909008,0
2.74217,1.99949,-0.900707,0
2.74226,1.99518,-0.888313,0
2.74235,1.99629,-0.878391,0
2.74244,2.00561,-0.872064,0
2.74252,2.00664,-0.862121,0
2.74261,1.99657,-0.847496,0
2.7427,2.00025,-0.838776,0
2.74278,2.00205,-0.829275,0
2.74287,2.00194,-0.819017,0
2.74296,1.99808,-0.807277,0
2.74305,1.99508,-0.795957,0
2.74313,2.00319,-0.789077,0
2.74322,1.99636,-0.776342,0
2.74331,1.99973,-0.767624,0
2.7434,1.99277,-0.754994,0
2.74348,1.98762,-0.74314,0
2.74357,1.99929,-0.737576,0
2.74366,1.99873,-0.727477,0
2.74374,1.99341,-0.715708,0
2.74383,1.99651,-0.707003,0
2.74392,1.99108,-0.695318,0
2.74401,1.99032,-0.685321,0
2.74409,1.99613,-0.677594,0
2.74418,1.98484,-0.664119,0
2.74427,1.99722,-0.658584,0
2.74436,1.99246,-0.647391,0
2.74444,1.99432,-0.638386,0
2.74453,1.99041,-0.627573,0
2.74462,1.99981,-0.620958,0
2.7447,1.99103,-0.608718,0
2.74479,1.986,-0.597719,0
2.74488,1.98763,-0.588764,0
2.74497,1.99018,-0.580086,0
2.74505,1.98308,-0.56864,0
2.74514,1.97881,-0.558082,0
2.74523,1.98219,-0.549709,0
2.74532,1.99422,-0.543686,0
2.7454,1.99753,-0.535238,0
2.74549,1.99308,-0.524735,0
2.74558,1.98858,-0.514281,0
2.74566,1.98692,-0.504614,0
2.74575,1.98911,-0.49594,0
2.74584,1.98445,-0.485592,0
2.74593,1.98655,-0.476929,0
2.74601,1.98861,-0.468256,0
2.7461,1.99161,-0.4598,0
2.74619,1.98872,-0.450002,0
2.74628,1.98774,-0.440671,0
2.74636,1.99062,-0.432206,0
2.74645,1.98173,-0.421229,0
2.74654,1.97669,-0.411153,0
2.74662,1.97651,-0.402125,0
2.74671,1.98413,-0.394668,0
2.7468,1.99074,-0.386961,0
2.74689,1.99143,-0.378084,0
2.74697,1.98814,-0.36848,0
2.74706,1.98481,-0.358912,0
2.74715,1.99227,-0.35129,0
2.74724,1.99082,-0.342086,0
2.74732,1.98243,-0.331746,0
2.74741,1.98288,-0.322932,0
2.7475,1.98032,-0.313651,0
2.74758,1.98463,-0.305464,0
2.74767,1.98594,-0.296801,0
2.74776,1.99019,-0.288564,0
2.74785,1.99242,-0.280016,0
2.74793,1.99659,-0.271725,0
2.74802,1.98983,-0.261966,0
2.74811,1.97806,-0.251641,0
2.7482,1.9702,-0.241911,0
2.74828,1.98812,-0.23531,0
2.74837,1.98019,-0.225614,0
2.74846,1.98314,-0.217189,0
2.74854,1.98904,-0.209057,0
2.74863,1.97999,-0.199374,0
2.74872,1.98482,-0.191116,0
2.74881,1.98364,-0.182271,0
2.74889,1.9884,-0.173963,0
2.74898,1.98117,-0.164623,0
2.74907,1.98287,-0.156055,0
2.74916,1.98154,-0.147254,0
2.74924,1.97917,-0.138397,0
2.74933,1.98873,-0.130348,0
2.74942,1.98429,-0.121365,0
2.7495,1.9848,-0.112705,0
2.74959,1.98228,-0.103887,0
2.74968,1.96973,-0.0946129,0
2.74977,1.98411,-0.0866281,0
2.74985,1.97348,-0.0775382,0
2.74994,1.9718,-0.0688568,0
2.75003,1.98008,-0.0604968,0
2.75012,1.97732,-0.0517781,0
2.7502,1.98453,-0.0433026,0
2.75029,1.9827,-0.0346082,0
2.75038,1.98583,-0.025996,0
2.75046,1.97992,-0.0172786,0
2.75055,1.98498,-0.00866122,0
2.75064,1.984,-4.80413e-08,0
2.75073,1.98898,0.00867857,0
2.75081,1.97692,0.0172523,0
2.7509,1.97483,0.0258519,0
2.75099,1.9747,0.0344685,0
2.75108,1.97553,0.0431062,0
2.75116,1.95933,0.0513068,0
2.75125,1.88112,0.0574734,0
2.75134,1.71695,0.0599573,0
2.75142,1.6867,0.0662705,0
2.75151,1.69838,0.0741529,0
2.7516,1.69505,0.0814188,0
2.75169,1.69268,0.0887094,0
2.75177,1.68429,0.0956407,0
2.75186,1.68485,0.10305,0
2.75195,1.68838,0.110662,0
2.75204,1.68788,0.118028,0
2.75212,1.69533,0.125984,0
2.75221,1.69277,0.133224,0
2.7523,1.68918,0.14036,0
2.75238,1.68158,0.147119,0
2.75247,1.69187,0.155461,0
2.75256,1.68222,0.161979,0
2.75265,1.68747,0.169919,0
2.75273,1.67776,0.176339,0
2.75282,1.67399,0.183332,0
2.75291,1.67914,0.191313,0
2.753,1.69616,0.200754,0
2.75308,1.80246,0.221315,0
2.75317,1.95822,0.249117,0
2.75326,1.98091,0.260791,0
2.75334,1.97975,0.269432,0
2.75343,1.98747,0.27932,0
2.75352,1.98029,0.287129,0
2.75361,1.98199,0.29621,0
2.75369,1.97277,0.303638,0
2.75378,1.97834,0.313338,0
2.75387,1.97695,0.321967,0
2.75396,1.97553,0.33059,0
2.75404,1.98294,0.340731,0
2.75413,1.97552,0.348338,0
2.75422,1.98087,0.3582,0
2.7543,1.97733,0.366476,0
2.75439,1.98455,0.376778,0
2.75448,1.97307,0.383526,0
2.75457,1.96647,0.391156,0
2.75465,1.97651,0.402125,0
2.75474,1.98453,0.412782,0
2.75483,1.96803,0.418318,0
2.75491,1.98573,0.431145,0
2.755,1.9809,0.439156,0
2.75509,1.98287,0.448678,0
2.75518,1.97505,0.455976,0
2.75526,1.97401,0.464818,0
2.75535,1.97877,0.475061,0
2.75544,1.97182,0.482502,0
2.75553,1.97649,0.492795,0
2.75561,1.97335,0.501168,0
2.7557,1.97986,0.512027,0
2.75579,1.97181,0.519133,0
2.75587,1.97435,0.529026,0
2.75596,1.96624,0.536058,0
2.75605,1.96581,0.545166,0
2.75614,1.96341,0.553738,0
2.75622,1.96963,0.564781,0
2.75631,1.96618,0.57309,0
2.7564,1.97133,0.583935,0
2.75649,1.97834,0.595413,0
2.75657,1.96808,0.601701,0
2.75666,1.97021,0.611765,0
2.75675,1.96656,0.620055,0
2.75683,1.97622,0.632593,0
2.75692,1.96964,0.639974,0
2.75701,1.97632,0.651694,0
2.7571,1.97251,0.659994,0
2.75718,1.97435,0.670201,0
2.75727,1.9629,0.675879,0
2.75736,1.96465,0.686086,0
2.75745,1.97295,0.698658,0
2.75753,1.96988,0.70726,0
2.75762,1.97617,0.719268,0
2.75771,1.96363,0.724423,0
2.75779,1.97169,0.737186,0
2.75788,1.96939,0.746137,0
2.75797,1.96519,0.754364,0
2.75806,1.9684,0.765469,0
2.75814,1.96318,0.773318,0
2.75823,1.96629,0.78447,0
2.75832,1.96841,0.79529,0
2.75841,1.97233,0.8069,0
2.75849,1.96324,0.813202,0
2.75858,1.96982,0.826015,0
2.75867,1.96988,0.836165,0
2.75875,1.97724,0.849489,0
2.75884,1.96985,0.856513,0
2.75893,1.96517,0.864697,0
2.75902,1.97691,0.880178,0
2.7591,1.96576,0.88551,0
2.75919,1.97189,0.89864,0
2.75928,1.96431,0.905561,0
2.75937,1.97213,0.919617,0
2.75945,1.97262,0.930346,0
2.75954,1.97756,0.94325,0
2.75963,1.97433,0.952304,0
2.75971,1.97195,0.961786,0
2.7598,1.97312,0.973035,0
2.75989,1.97423,0.984312,0
2.75998,1.9708,0.993367,0
2.76006,1.96556,1.0015,0
2.76015,1.95939,1.00915,0
2.76024,1.96384,1.02231,0
2.76033,1.9691,1.03599,0
2.76041,1.96721,1.04598,0
2.7605,1.96791,1.0574,0
2.76059,1.96679,1.06788,0
2.76067,1.96825,1.07982,0
2.76076,1.95303,1.08258,0
2.76085,1.96486,1.10038,0
2.76094,1.96526,1.11189,0
2.76102,1.96821,1.12492,0
2.76111,1.96934,1.137,0
2.7612,1.96782,1.1476,0
2.76129,1.96107,1.15516,0
2.76137,1.96718,1.17035,0
2.76146,1.96291,1.17944,0
2.76155,1.96801,1.19422,0
2.76163,1.95425,1.19757,0
2.76172,1.95581,1.21029,0
2.76181,1.95814,1.22358,0
2.7619,1.96209,1.23799,0
2.76198,1.96257,1.2503,0
2.76207,1.9571,1.25885,0
2.76216,1.96417,1.27554,0
2.76225,1.96109,1.28575,0
2.76233,1.95296,1.29264,0
2.76242,1.95479,1.30615,0
2.76251,1.96233,1.32361,0
2.76259,1.96067,1.33497,0
2.76268,1.95565,1.34408,0
2.76277,1.95716,1.35773,0
2.76286,1.95532,1.36913,0
2.76294,1.96239,1.38688,0
2.76303,1.95632,1.39543,0
2.76312,1.95589,1.40804,0
2.76321,1.95863,1.42303,0
2.76329,1.95724,1.43511,0
2.76338,1.9598,1.45018,0
2.76347,1.95506,1.45991,0
2.76355,1.94947,1.46903,0
2.76364,1.96214,1.49205,0
2.76373,1.96434,1.50729,0
2.76382,1.96091,1.5183,0
2.7639,1.97003,1.53915,0
2.76399,1.96015,1.54526,0
2.76408,1.95965,1.55878,0
2.76417,1.96297,1.57545,0
2.76425,1.96229,1.58903,0
2.76434,1.96154,1.60264,0
2.76443,1.96456,1.61946,0
2.76451,1.96362,1.63313,0
2.7646,1.9649,1.64875,0
2.76469,1.95769,1.65731,0
2.76478,1.95881,1.67298,0
2.76486,1.95982,1.68869,0
2.76495,1.95621,1.7005,0
2.76504,1.9608,1.71957,0
2.76513,1.96152,1.7354,0
2.76521,1.96064,1.74994,0
2.7653,1.96785,1.77186,0
2.76539,1.9638,1.78379,0
2.76547,1.95452,1.79099,0
2.76556,1.94889,1.80154,0
2.76565,1.95857,1.82639,0
2.76574,1.96223,1.84588,0
2.76582,1.95633,1.85649,0
2.76591,1.95544,1.87193,0
2.766,1.96236,1.89503,0
2.76609,1.96338,1.91264,0
2.76617,1.96144,1.9275,0
2.76626,1.95656,1.93956,0
2.76635,1.95798,1.95798,0
2.76643,1.95927,1.97645,0
2.76652,1.95764,1.99211,0
2.76661,1.95521,2.00708,0
2.7667,1.9631,2.03285,0
2.76678,1.9556,2.04285,0
2.76687,1.95975,2.06514,0
2.76696,1.96236,2.08605,0
2.76705,1.96416,2.1063,0
2.76713,1.95019,2.10971,0
2.76722,1.95448,2.13294,0
2.76731,1.94247,2.13849,0
2.76739,1.91974,2.13208,0
2.76748,1.8971,2.12552,0
2.76757,1.88582,2.13153,0
2.76766,1.86001,2.12094,0
2.76774,1.84549,2.123,0
2.76783,1.82903,2.1227,0
2.76792,1.81651,2.12686,0
2.768,1.80075,2.12713,0
2.76809,1.78052,2.12194,0
2.76818,1.76933,2.12739,0
2.76827,1.75049,2.12351,0
2.76835,1.73678,2.12571,0
2.76844,1.72686,2.13249,0
2.76853,1.70815,2.1283,0
2.76862,1.6895,2.124,0
2.7687,1.67093,2.11957,0
2.76879,1.66105,2.12605,0
2.76888,1.6438,2.123,0
2.76896,1.62418,2.11667,0
2.76905,1.61492,2.12373,0
2.76914,1.59662,2.11878,0
2.76923,1.58496,2.12252,0
2.76931,1.5739,2.12701,0
2.7694,1.55278,2.11772,0
2.76949,1.54059,2.12043,0
2.76958,1.52606,2.11983,0
2.76966,1.51215,2.11996,0
2.76975,1.49885,2.12082,0
2.76984,1.48442,2.11997,0
2.76992,1.47116,2.12067,0
2.77001,1.45736,2.12048,0
2.7701,1.44528,2.12268,0
2.77019,1.43265,2.12399,0
2.77027,1.42004,2.12524,0
2.77036,1.40082,2.1164,0
2.77045,1.3806,2.10577,0
2.77054,1.37412,2.11597,0
2.77062,1.36109,2.11605,0
2.77071,1.34862,2.11691,0
2.7708,1.3335,2.11347,0
2.77088,1.32109,2.11418,0
2.77097,1.30975,2.11653,0
2.77106,1.29841,2.11881,0
2.77115,1.28448,2.11676,0
2.77123,1.27369,2.11977,0
2.77132,1.25574,2.1107,0
2.77141,1.24651,2.11616,0
2.7715,1.23173,2.11208,0
2.77158,1.2245,2.1209,0
2.77167,1.20581,2.10972,0
2.77176,1.19659,2.11496,0
2.77184,1.18686,2.11929,0
2.77193,1.16888,2.10871,0
2.77202,1.15678,2.10853,0
2.77211,1.14423,2.1074,0
2.77219,1.13691,2.1159,0
2.77228,1.12626,2.11819,0
2.77237,1.11282,2.11512,0
2.77246,1.09942,2.11197,0
2.77254,1.08699,2.11053,0
2.77263,1.08004,2.1197,0
2.77272,1.06403,2.111,0
2.7728,1.05347,2.11294,0
2.77289,1.04513,2.11931,0
2.77298,1.03193,2.11576,0
2.77307,1.01877,2.11214,0
2.77315,1.0074,2.11205,0
2.77324,0.997744,2.11552,0
2.77333,0.984701,2.1117,0
2.77342,0.972128,2.10871,0
2.7735,0.957112,2.10019,0
2.77359,0.939314,2.0852,0
2.77368,0.964779,2.16693,0
2.77376,0.840532,1.91025,0
2.77385,0.74925,1.72316,0
2.77394,0.727118,1.69241,0
2.77403,0.719727,1.69557,0
2.77411,0.716189,1.70792,0
2.7742,0.713705,1.72304,0
2.77429,0.712995,1.74279,0
2.77438,0.711378,1.76072,0
2.77446,0.712953,1.78703,0
2.77455,0.71541,1.81618,0
2.77464,0.711828,1.83046,0
2.77472,0.702401,1.82982,0
2.77481,0.693348,1.83006,0
2.7749,0.685356,1.83307,0
2.77499,0.675621,1.83135,0
2.77507,0.665913,1.82958,0
2.77516,0.649476,1.80894,0
2.77525,0.63924,1.80516,0
2.77534,0.632347,1.81076,0
2.77542,0.621184,1.80405,0
2.77551,0.616842,1.81716,0
2.7756,0.604148,1.80561,0
2.77568,0.593759,1.80063,0
2.77577,0.587441,1.80796,0
2.77586,0.575584,1.79812,0
2.77595,0.56653,1.7968,0
2.77603,0.558388,1.7983,0
2.77612,0.550536,1.80072,0
2.77621,0.540944,1.79736,0
2.7763,0.537357,1.81409,0
2.77638,0.527478,1.80969,0
2.77647,0.52123,1.81775,0
2.77656,0.509765,1.80749,0
2.77664,0.504279,1.81837,0
2.77673,0.492658,1.80705,0
2.77682,0.487098,1.81787,0
2.77691,0.475087,1.80451,0
2.77699,0.467209,1.80656,0
2.77708,0.460553,1.81343,0
2.77717,0.449491,1.80281,0
2.77726,0.445661,1.82127,0
2.77734,0.434909,1.81153,0
2.77743,0.425854,1.80854,0
2.77752,0.419084,1.81525,0
2.7776,0.409835,1.81121,0
2.77769,0.39998,1.8042,0
2.77778,0.387012,1.78247,0
2.77787,0.37736,1.77534,0
2.77795,0.367573,1.76718,0
2.77804,0.360856,1.77366,0
2.77813,0.358576,1.80268,0
2.77822,0.353188,1.81699,0
2.7783,0.343391,1.80869,0
2.77839,0.3375,1.82099,0
2.77848,0.32884,1.81851,0
2.77856,0.322117,1.82682,0
2.77865,0.31245,1.81835,0
2.77874,0.306493,1.83153,0
2.77883,0.296731,1.822,0
2.77891,0.290186,1.83216,0
2.779,0.280668,1.82353,0
2.77909,0.273004,1.82671,0
2.77918,0.262305,1.80908,0
2.77926,0.256357,1.82407,0
2.77935,0.248395,1.82517,0
2.77944,0.240168,1.82426,0
2.77952,0.231575,1.82033,0
2.77961,0.223265,1.81834,0
2.7797,0.215799,1.82327,0
2.77979,0.206936,1.81625,0
2.77987,0.199662,1.8231,0
2.77996,0.191287,1.81998,0
2.78005,0.182342,1.81084,0
2.78013,0.175014,1.81759,0
2.78022,0.167814,1.82631,0
2.78031,0.159146,1.81905,0
2.7804,0.150297,1.80877,0
2.78048,0.142717,1.81339,0
2.78057,0.135026,1.81699,0
2.78066,0.127027,1.81656,0
2.78075,0.118184,1.80313,0
2.78083,0.110132,1.80064,0
2.78092,0.102387,1.8031,0
2.78101,0.0946235,1.80552,0
2.78109,0.0867445,1.80592,0
2.78118,0.0790384,1.81028,0
2.78127,0.0707855,1.80161,0
2.78136,0.0629588,1.8029,0
2.78144,0.0551221,1.80416,0
2.78153,0.0472756,1.80538,0
2.78162,0.039245,1.79857,0
2.78171,0.031205,1.78773,0
2.78179,0.023365,1.78485,0
2.78188,0.0156991,1.79893,0
2.78197,0.00777985,1.78298,0
2.78205,6.46151e-08,1.776,0
2.78214,-0.0077099,1.76698,0
2.78223,-0.0153761,1.76193,0
2.78232,-0.0230114,1.75785,0
2.7824,-0.0305242,1.74873,0
2.78249,-0.0382414,1.75258,0
2.78258,-0.0458096,1.7494,0
2.78267,-0.0538699,1.76318,0
2.78275,-0.0617022,1.76692,0
2.78284,-0.0695291,1.76963,0
2.78293,-0.0775552,1.77631,0
2.78301,-0.0855929,1.78195,0
2.7831,-0.0945187,1.80352,0
2.78319,-0.101763,1.79211,0
2.78328,-0.11007,1.79964,0
2.78336,-0.117464,1.79215,0
2.78345,-0.12605,1.8026,0
2.78354,-0.133469,1.79605,0
2.78363,-0.139971,1.7785,0
2.78371,-0.143755,1.73004,0
2.7838,-0.147293,1.68357,0
2.78389,-0.153906,1.67494,0
2.78397,-0.162171,1.68421,0
2.78406,-0.169518,1.68349,0
2.78415,-0.175817,1.67279,0
2.78424,-0.183658,1.67697,0
2.78432,-0.189842,1.66622,0
2.78441,-0.196875,1.66339,0
2.7845,-0.205472,1.67343,0
2.78459,-0.212393,1.66954,0
2.78467,-0.219676,1.6686,0
2.78476,-0.226549,1.66465,0
2.78485,-0.234646,1.66959,0
2.78493,-0.241929,1.66855,0
2.78502,-0.249502,1.66946,0
2.78511,-0.256936,1.66934,0
2.7852,-0.265782,1.67808,0
2.78528,-0.273423,1.67888,0
2.78537,-0.279921,1.67274,0
2.78546,-0.286539,1.66756,0
2.78555,-0.293465,1.66433,0
2.78563,-0.301614,1.66795,0
2.78572,-0.310165,1.6735,0
2.78581,-0.317277,1.67115,0
2.78589,-0.319796,1.64521,0
2.78598,-0.327752,1.64772,0
2.78607,-0.335337,1.64823,0
2.78616,-0.342322,1.64578,0
2.78624,-0.349915,1.64622,0
2.78633,-0.359217,1.65445,0
2.78642,-0.364484,1.64408,0
2.78651,-0.370992,1.63955,0
2.78659,-0.378143,1.63792,0
2.78668,-0.389411,1.65377,0
2.78677,-0.393355,1.63844,0
2.78685,-0.401451,1.6406,0
2.78694,-0.409332,1.64174,0
2.78703,-0.415753,1.63703,0
2.78712,-0.422141,1.6323,0
2.7872,-0.432059,1.64108,0
2.78729,-0.441028,1.64594,0
2.78738,-0.446101,1.63628,0
2.78747,-0.457512,1.64974,0
2.78755,-0.465249,1.64965,0
2.78764,-0.474372,1.65433,0
2.78773,-0.485223,1.66473,0
2.78781,-0.491346,1.65876,0
2.7879,-0.499156,1.65851,0
2.78799,-0.505511,1.65345,0
2.78808,-0.510645,1.64454,0
2.78816,-0.516613,1.63849,0
2.78825,-0.531074,1.65907,0
2.78834,-0.536762,1.65199,0
2.78843,-0.542086,1.64393,0
2.78851,-0.551793,1.64913,0
2.7886,-0.558019,1.64387,0
2.78869,-0.562256,1.63291,0
2.78877,-0.541022,1.54925,0
2.78886,-0.522408,1.47523,0
2.78895,-0.520392,1.44941,0
2.78904,-0.524317,1.44055,0
2.78912,-0.529559,1.43543,0
2.78921,-0.535117,1.43124,0
2.7893,-0.540648,1.42702,0
2.78939,-0.53791,1.4013,0
2.78947,-0.476968,1.22652,0
2.78956,-0.319589,0.811324,0
2.78965,-0.297187,0.744905,0
2.78973,-0.302307,0.748237,0
2.78982,-0.304433,0.744135,0
2.78991,-0.304233,0.734484,0
2.79,-0.305888,0.729461,0
2.79008,-0.311022,0.732722,0
2.79017,-0.311848,0.725845,0
2.79026,-0.3186,0.732731,0
2.79035,-0.32703,0.743233,0
2.79043,-0.32905,0.739058,0
2.79052,-0.330218,0.733057,0
2.79061,-0.327193,0.717959,0
2.79069,-0.331578,0.719249,0
2.79078,-0.331755,0.711452,0
2.79087,-0.330591,0.700953,0
2.79096,-0.326327,0.68416,0
2.79104,-0.329309,0.682729,0
2.79113,-0.332285,0.681286,0
2.79122,-0.321544,0.652026,0
2.79131,-0.324386,0.650617,0
2.79139,-0.325871,0.646517,0
2.79148,-0.320971,0.629942,0
2.79157,-0.304486,0.591196,0
2.79165,-0.306601,0.588975,0
2.79174,-0.309168,0.587632,0
2.79183,-0.314076,0.590692,0
2.79192,-0.332744,0.619266,0
2.792,-0.324468,0.597596,0
2.79209,-0.324186,0.590914,0
2.79218,-0.328216,0.592118,0
2.79227,-0.329819,0.588935,0
2.79235,-0.331893,0.58662,0
2.79244,-0.326014,0.570407,0
2.79253,-0.3285,0.568979,0
2.79261,-0.328964,0.564085,0
2.7927,-0.32584,0.553166,0
2.79279,-0.323137,0.543145,0
2.79288,-0.318809,0.530587,0
2.79296,-0.325271,0.53603,0
2.79305,-0.324472,0.52949,0
2.79314,-0.318359,0.514463,0
2.79322,-0.32484,0.519853,0
2.79331,-0.324971,0.515048,0
2.7934,-0.323992,0.508565,0
2.79349,-0.317011,0.492849,0
2.79357,-0.318614,0.490622,0
2.79366,-0.316913,0.483373,0
2.79375,-0.323435,0.488657,0
2.79384,-0.322231,0.482252,0
2.79392,-0.322654,0.478355,0
2.79401,-0.32305,0.474463,0
2.7941,-0.322285,0.468928,0
2.79418,-0.318058,0.458479,0
2.79427,-0.315467,0.450534,0
2.79436,-0.312236,0.441803,0
2.79445,-0.318806,0.446949,0
2.79453,-0.317832,0.441496,0
2.79462,-0.313877,0.432015,0
2.79471,-0.318125,0.433867,0
2.7948,-0.31823,0.430063,0
2.79488,-0.31412,0.420658,0
2.79497,-0.309935,0.411297,0
2.79506,-0.316569,0.416309,0
2.79514,-0.313512,0.408577,0
2.79523,-0.312231,0.403252,0
2.79532,-0.310293,0.397157,0
2.79541,-0.309547,0.392658,0
2.79549,-0.310012,0.389739,0
2.79558,-0.301069,0.375124,0
2.79567,-0.300186,0.370699,0
2.79576,-0.302433,0.37016,0
2.79584,-0.310406,0.376553,0
2.79593,-0.305652,0.367506,0
2.79602,-0.305324,0.363871,0
2.7961,-0.304324,0.359482,0
2.79619,-0.311735,0.364995,0
2.79628,-0.308103,0.357571,0
2.79637,-0.302443,0.347921,0
2.79645,-0.363959,0.415016,0
2.79654,-0.30613,0.346018,0
2.79663,-0.367567,0.411824,0
2.79672,-0.355308,0.39461,0
2.7968,-0.0800117,0.088086,0
2.79689,-0.251995,0.275004,0
2.79698,-0.0787409,0.0851814,0
2.79706,-0.240063,0.257437,0
2.79715,-0.204185,0.217055,0
2.79724,-0.087421,0.0921226,0
2.79733,-0.0428738,0.0447866,0
2.79741,-0.0986415,0.102146,0
2.7975,-0.0607078,0.0623183,0
2.79759,-0.0343446,0.0349493,0
2.79768,-0.0563212,0.0568148,0
2.79776,-0.0403051,0.0403051,0
