7200
6640
5.79449
5.8102,-0.053033,-0.053033,0
5.81029,-0.0528011,-0.0532639,0
5.81038,-0.0862118,-0.0877298,0
5.81046,-0.0718724,-0.0737791,0
5.81055,-0.122955,-0.127323,0
5.81064,-0.135537,-0.141583,0
5.81072,-0.308383,-0.324968,0
5.81081,-0.334369,-0.355445,0
5.8109,-0.315765,-0.338617,0
5.81099,-0.207034,-0.223968,0
5.81107,-0.182409,-0.199065,0
5.81116,-0.175488,-0.193197,0
5.81125,-0.214122,-0.237806,0
5.81134,-0.131179,-0.146973,0
5.81142,-0.296191,-0.334783,0
5.81151,-0.283519,-0.323291,0
5.8116,-0.300475,-0.345657,0
5.81168,-0.304186,-0.353025,0
5.81177,-0.307838,-0.360432,0
5.81186,-0.303678,-0.358719,0
5.81195,-0.305967,-0.364637,0
5.81203,-0.306931,-0.369044,0
5.81212,-0.302137,-0.366522,0
5.81221,-0.307495,-0.376355,0
5.8123,-0.306479,-0.37847,0
5.81238,-0.307328,-0.382923,0
5.81247,-0.31188,-0.392087,0
5.81256,-0.309547,-0.392658,0
5.81264,-0.300443,-0.384549,0
5.81273,-0.304272,-0.392973,0
5.81282,-0.307425,-0.400643,0
5.81291,-0.309305,-0.406757,0
5.81299,-0.309935,-0.411297,0
5.81308,-0.309334,-0.414248,0
5.81317,-0.303954,-0.410771,0
5.81326,-0.305707,-0.416932,0
5.81334,-0.305061,-0.41988,0
5.81343,-0.314326,-0.436627,0
5.81352,-0.307192,-0.430667,0
5.8136,-0.30935,-0.43772,0
5.81369,-0.30629,-0.437427,0
5.81378,-0.307228,-0.442868,0
5.81387,-0.309824,-0.450797,0
5.81395,-0.307854,-0.452145,0
5.81404,-0.307556,-0.455971,0
5.81413,-0.308341,-0.461466,0
5.81422,-0.308533,-0.466142,0
5.8143,-0.311979,-0.475847,0
5.81439,-0.309355,-0.476365,0
5.81448,-0.310519,-0.482756,0
5.81456,-0.310022,-0.486637,0
5.81465,-0.314299,-0.498134,0
5.81474,-0.309473,-0.49526,0
5.81483,-0.307309,-0.496606,0
5.81491,-0.311409,-0.508174,0
5.815,-0.309189,-0.509528,0
5.81509,-0.300782,-0.500586,0
5.81518,-0.29655,-0.498456,0
5.81526,-0.299448,-0.508361,0
5.81535,-0.301257,-0.516574,0
5.81544,-0.307,-0.53174,0
5.81552,-0.31212,-0.546097,0
5.81561,-0.30875,-0.545713,0
5.8157,-0.310274,-0.554035,0
5.81579,-0.300582,-0.542264,0
5.81587,-0.299175,-0.545324,0
5.81596,-0.294407,-0.54223,0
5.81605,-0.294405,-0.547914,0
5.81614,-0.291072,-0.547428,0
5.81622,-0.284956,-0.541612,0
5.81631,-0.283975,-0.545512,0
5.8164,-0.277014,-0.537855,0
5.81648,-0.275118,-0.53995,0
5.81657,-0.27456,-0.544717,0
5.81666,-0.273519,-0.548595,0
5.81675,-0.263162,-0.533639,0
5.81683,-0.267845,-0.549163,0
5.81692,-0.265446,-0.550327,0
5.81701,-0.26132,-0.547869,0
5.8171,-0.255941,-0.542673,0
5.81718,-0.25019,-0.536534,0
5.81727,-0.248684,-0.539437,0
5.81736,-0.244669,-0.536877,0
5.81744,-0.243967,-0.541587,0
5.81753,-0.240788,-0.540819,0
5.81762,-0.240843,-0.547356,0
5.81771,-0.237654,-0.546568,0
5.81779,-0.236057,-0.549437,0
5.81788,-0.228968,-0.539416,0
5.81797,-0.226999,-0.541332,0
5.81806,-0.225401,-0.544165,0
5.81814,-0.223781,-0.546994,0
5.81823,-0.220643,-0.546111,0
5.81832,-0.218258,-0.547069,0
5.8184,-0.216969,-0.550807,0
5.81849,-0.210576,-0.541497,0
5.81858,-0.206062,-0.536809,0
5.81867,-0.205489,-0.542378,0
5.81875,-0.199968,-0.53484,0
5.81884,-0.203171,-0.550718,0
5.81893,-0.19803,-0.544082,0
5.81902,-0.198019,-0.551529,0
5.8191,-0.196612,-0.555216,0
5.81919,-0.188253,-0.539075,0
5.81928,-0.190457,-0.553128,0
5.81936,-0.186435,-0.549219,0
5.81945,-0.181816,-0.543389,0
5.81954,-0.181009,-0.548926,0
5.81963,-0.175831,-0.541151,0
5.81971,-0.173468,-0.541913,0
5.8198,-0.17471,-0.55411,0
5.81989,-0.171698,-0.552957,0
5.81998,-0.166652,-0.545094,0
5.82006,-0.166577,-0.553476,0
5.82015,-0.161605,-0.545568,0
5.82024,-0.161461,-0.553949,0
5.82032,-0.158491,-0.552725,0
5.82041,-0.15445,-0.547637,0
5.8205,-0.152059,-0.548306,0
5.82059,-0.149402,-0.547999,0
5.82067,-0.147268,-0.549612,0
5.82076,-0.143596,-0.545414,0
5.82085,-0.143217,-0.55378,0
5.82093,-0.141784,-0.558277,0
5.82102,-0.136202,-0.546277,0
5.82111,-0.133579,-0.545894,0
5.8212,-0.13143,-0.547444,0
5.82128,-0.133165,-0.565533,0
5.82137,-0.13902,-0.602161,0
5.82146,-0.141467,-0.625194,0
5.82155,-0.137872,-0.621901,0
5.82163,-0.134945,-0.621519,0
5.82172,-0.131816,-0.620146,0
5.82181,-0.134404,-0.64617,0
5.82189,-0.12301,-0.604614,0
5.82198,-0.120956,-0.608087,0
5.82207,-0.116012,-0.596829,0
5.82216,-0.105759,-0.557049,0
5.82224,-0.102963,-0.555539,0
5.82233,-0.103207,-0.570744,0
5.82242,-0.1028,-0.583006,0
5.82251,-0.0987308,-0.574579,0
5.82259,-0.0963878,-0.575991,0
5.82268,-0.0922662,-0.566536,0
5.82277,-0.0904191,-0.570884,0
5.82285,-0.0877752,-0.570285,0
5.82294,-0.0860251,-0.575607,0
5.82303,-0.0848041,-0.584884,0
5.82312,-0.0812771,-0.578317,0
5.8232,-0.080506,-0.591547,0
5.82329,-0.0810568,-0.615687,0
5.82338,-0.0738264,-0.580323,0
5.82347,-0.0686124,-0.558803,0
5.82355,-0.0657034,-0.555125,0
5.82364,-0.23784,-2.08749,0
5.82373,-0.229056,-2.09149,0
5.82381,-0.219092,-2.08452,0
5.8239,-0.211096,-2.0964,0
5.82399,-0.200989,-2.08735,0
5.82408,-0.192062,-2.09019,0
5.82416,-0.182678,-2.08802,0
5.82425,-0.173649,-2.0898,0
5.82434,-0.163901,-2.08256,0
5.82443,-0.155257,-2.08924,0
5.82451,-0.145373,-2.07892,0
5.8246,-0.13702,-2.09051,0
5.82469,-0.127836,-2.09009,0
5.82477,-0.118148,-2.08065,0
5.82486,-0.109278,-2.08514,0
5.82495,-0.100322,-2.08859,0
5.82504,-0.0912518,-2.09001,0
5.82512,-0.0819353,-2.08539,0
5.82521,-0.0727655,-2.08373,0
5.8253,-0.0637644,-2.08703,0
5.82539,-0.0545004,-2.08129,0
5.82547,-0.0455059,-2.0855,0
5.82556,-0.0365977,-2.09668,0
5.82565,-0.0273049,-2.08582,0
5.82573,-0.0182734,-2.09392,0
5.82582,-0.0091368,-2.09398,0
5.82591,-2.52252e-08,-2.094,0
5.826,0.00911056,-2.08798,0
5.82608,0.0181599,-2.08092,0
5.82617,0.0272787,-2.08382,0
5.82626,0.0365279,-2.09268,0
5.82635,0.0456585,-2.0925,0
5.82643,0.0549454,-2.09828,0
5.82652,0.0636422,-2.08303,0
5.82661,0.0730446,-2.09172,0
5.82669,0.0817782,-2.08139,0
5.82678,0.0912517,-2.09001,0
5.82687,0.0999864,-2.0816,0
5.82696,0.109277,-2.08514,0
5.82704,0.118261,-2.08264,0
5.82713,0.128202,-2.09608,0
5.82722,0.136889,-2.08852,0
5.82731,0.146558,-2.09588,0
5.82739,0.155035,-2.08625,0
5.82748,0.164607,-2.09153,0
5.82757,0.173897,-2.09279,0
5.82765,0.182068,-2.08105,0
5.82774,0.190689,-2.07526,0
5.82783,0.201276,-2.09033,0
5.82792,0.210094,-2.08645,0
5.828,0.219928,-2.09247,0
5.82809,0.228838,-2.08951,0
5.82818,0.238066,-2.08948,0
5.82827,0.246476,-2.08246,0
5.82835,0.256779,-2.09129,0
5.82844,0.264765,-2.08123,0
5.82853,0.275019,-2.08897,0
5.82861,0.284401,-2.08974,0
5.8287,0.293655,-2.08947,0
5.82879,0.302482,-2.08619,0
5.82888,0.313652,-2.09869,0
5.82896,0.322349,-2.09434,0
5.82905,0.331641,-2.0939,0
5.82914,0.34206,-2.10033,0
5.82923,0.350231,-2.0929,0
5.82931,0.358005,-2.08347,0
5.8294,0.367092,-2.08188,0
5.82949,0.377774,-2.08912,0
5.82957,0.387797,-2.09237,0
5.82966,0.396364,-2.08771,0
5.82975,0.406423,-2.09087,0
5.82984,0.416713,-2.09496,0
5.82992,0.427445,-2.10096,0
5.83001,0.434775,-2.09026,0
5.8301,0.443891,-2.08835,0
5.83019,0.454909,-2.09518,0
5.83027,0.463397,-2.09025,0
5.83036,0.475162,-2.09991,0
5.83045,0.483645,-2.0949,0
5.83053,0.490947,-2.08498,0
5.83062,0.501674,-2.08962,0
5.83071,0.511025,-2.08839,0
5.8308,0.521342,-2.09099,0
5.83088,0.527999,-2.079,0
5.83097,0.539819,-2.08733,0
5.83106,0.549176,-2.08592,0
5.83115,0.560861,-2.09316,0
5.83123,0.56841,-2.08491,0
5.83132,0.579106,-2.08819,0
5.83141,0.589297,-2.08949,0
5.83149,0.598133,-2.08594,0
5.83158,0.609188,-2.09003,0
5.83167,0.618585,-2.08831,0
5.83176,0.629132,-2.09038,0
5.83184,0.637663,-2.0857,0
5.83193,0.647647,-2.08576,0
5.83202,0.657944,-2.08673,0
5.83211,0.667958,-2.0867,0
5.83219,0.679528,-2.09137,0
5.83228,0.6899,-2.09219,0
5.83237,0.698705,-2.08821,0
5.83245,0.707488,-2.08419,0
5.83254,0.717878,-2.08487,0
5.83263,0.729605,-2.08927,0
5.83272,0.741051,-2.09266,0
5.8328,0.750175,-2.08941,0
5.83289,0.759969,-2.088,0
5.83298,0.770803,-2.08935,0
5.83306,0.780262,-2.08691,0
5.83315,0.79184,-2.09003,0
5.83324,0.800952,-2.08655,0
5.83333,0.814761,-2.09515,0
5.83341,0.826827,-2.09902,0
5.8335,0.835607,-2.09447,0
5.83359,0.846236,-2.09451,0
5.83368,0.853095,-2.08524,0
5.83376,0.86142,-2.07965,0
5.83385,0.87358,-2.08325,0
5.83394,0.884615,-2.08402,0
5.83402,0.896069,-2.08566,0
5.83411,0.909945,-2.09273,0
5.8342,0.918262,-2.08691,0
5.83429,0.929393,-2.08745,0
5.83437,0.941778,-2.09067,0
5.83446,0.952136,-2.08927,0
5.83455,0.964173,-2.09145,0
5.83464,0.977093,-2.09538,0
5.83472,0.9858,-2.0902,0
5.83481,1.00008,-2.09671,0
5.8349,1.00922,-2.09232,0
5.83498,1.02228,-2.09599,0
5.83507,1.03451,-2.09779,0
5.83516,1.04187,-2.08967,0
5.83525,1.05053,-2.08421,0
5.83533,1.06506,-2.0903,0
5.83542,1.07692,-2.09097,0
5.83551,1.08788,-2.0898,0
5.8356,1.10304,-2.09654,0
5.83568,1.11499,-2.097,0
5.83577,1.12224,-2.08859,0
5.83586,1.13421,-2.08895,0
5.83594,1.1462,-2.08924,0
5.83603,1.15821,-2.08947,0
5.83612,1.17123,-2.09137,0
5.83621,1.18132,-2.08798,0
5.83629,1.19489,-2.09062,0
5.83638,1.2065,-2.08972,0
5.83647,1.21661,-2.08616,0
5.83656,1.22723,-2.08342,0
5.83664,1.24295,-2.08922,0
5.83673,1.25669,-2.09149,0
5.83682,1.27099,-2.09453,0
5.8369,1.28221,-2.09238,0
5.83699,1.29186,-2.08761,0
5.83708,1.30466,-2.08789,0
5.83717,1.31429,-2.08303,0
5.83725,1.33197,-2.09077,0
5.83734,1.34865,-2.09671,0
5.83743,1.36378,-2.10003,0
5.83752,1.37238,-2.09322,0
5.8376,1.38426,-2.09139,0
5.83769,1.4017,-2.0978,0
5.83778,1.41196,-2.09332,0
5.83786,1.42896,-2.09871,0
5.83795,1.44377,-2.1007,0
5.83804,1.45748,-2.10095,0
5.83813,1.46491,-2.09211,0
5.83821,1.48038,-2.09469,0
5.8383,1.49357,-2.09391,0
5.83839,1.50503,-2.09061,0
5.83848,1.51649,-2.08726,0
5.83856,1.53859,-2.09837,0
5.83865,1.55368,-2.09967,0
5.83874,1.56163,-2.09127,0
5.83882,1.58157,-2.09881,0
5.83891,1.59677,-2.09985,0
5.839,1.61261,-2.10159,0
5.83909,1.6285,-2.10323,0
5.83917,1.63704,-2.09532,0
5.83926,1.6505,-2.09365,0
5.83935,1.66336,-2.09113,0
5.83944,1.68436,-2.09867,0
5.83952,1.70042,-2.09985,0
5.83961,1.71779,-2.10248,0
5.8397,1.73395,-2.10345,0
5.83978,1.74695,-2.10048,0
5.83987,1.75802,-2.09513,0
5.83996,1.7749,-2.0966,0
5.84005,1.79962,-2.10708,0
5.84013,1.81141,-2.10224,0
5.84022,1.82581,-2.10036,0
5.84031,1.84419,-2.1029,0
5.8404,1.85335,-2.09483,0
5.84048,1.86846,-2.09344,0
5.84057,1.89163,-2.10087,0
5.84066,1.91019,-2.10296,0
5.84074,1.93084,-2.10714,0
5.84083,1.94476,-2.10383,0
5.84092,1.96416,-2.1063,0
5.84101,1.97812,-2.10281,0
5.84109,1.98453,-2.09125,0
5.84118,1.98603,-2.07463,0
5.84127,1.9895,-2.06019,0
5.84136,1.99359,-2.04647,0
5.84144,1.99058,-2.02563,0
5.84153,1.98814,-2.00556,0
5.84162,1.98909,-1.98909,0
5.8417,1.99065,-1.97335,0
5.84179,1.98997,-1.95554,0
5.84188,1.98774,-1.93637,0
5.84197,1.9861,-1.91795,0
5.84205,1.99011,-1.90512,0
5.84214,1.97955,-1.87852,0
5.84223,1.98481,-1.86712,0
5.84232,1.9827,-1.8489,0
5.8424,1.9768,-1.82733,0
5.84249,1.98844,-1.82207,0
5.84258,1.98156,-1.79993,0
5.84266,1.98048,-1.78323,0
5.84275,1.97258,-1.76059,0
5.84284,1.98174,-1.75329,0
5.84293,1.98185,-1.73804,0
5.84301,1.96979,-1.71231,0
5.8431,1.97876,-1.70501,0
5.84319,1.9839,-1.69441,0
5.84328,1.98746,-1.68251,0
5.84336,1.98099,-1.66225,0
5.84345,1.97977,-1.64656,0
5.84354,1.97845,-1.6309,0
5.84362,1.9809,-1.61846,0
5.84371,1.9825,-1.6054,0
5.8438,1.98247,-1.5911,0
5.84389,1.98548,-1.57932,0
5.84397,1.979,-1.56012,0
5.84406,1.97633,-1.54408,0
5.84415,1.97356,-1.52809,0
5.84424,1.97624,-1.51642,0
5.84432,1.98204,-1.50718,0
5.84441,1.97982,-1.4919,0
5.8445,1.9831,-1.48085,0
5.84458,1.97508,-1.46148,0
5.84467,1.97901,-1.45107,0
5.84476,1.97966,-1.43831,0
5.84485,1.98186,-1.42674,0
5.84493,1.97586,-1.40937,0
5.84502,1.98281,-1.40131,0
5.84511,1.97825,-1.38519,0
5.8452,1.97606,-1.37084,0
5.84528,1.97708,-1.35881,0
5.84537,1.97968,-1.34792,0
5.84546,1.97725,-1.33368,0
5.84554,1.97973,-1.32281,0
5.84563,1.98298,-1.31251,0
5.84572,1.97447,-1.29452,0
5.84581,1.97926,-1.28535,0
5.84589,1.97812,-1.27237,0
5.84598,1.97691,-1.25943,0
5.84607,1.97562,-1.24652,0
5.84615,1.97595,-1.23471,0
5.84624,1.98217,-1.2266,0
5.84633,1.97642,-1.21115,0
5.84642,1.98254,-1.20304,0
5.8465,1.97577,-1.18716,0
5.84659,1.97921,-1.17751,0
5.84668,1.98002,-1.16632,0
5.84677,1.97905,-1.15415,0
5.84685,1.97973,-1.143,0
5.84694,1.98123,-1.13237,0
5.84703,1.9818,-1.12125,0
5.84711,1.98231,-1.11015,0
5.8472,1.98276,-1.09906,0
5.84729,1.98316,-1.088,0
5.84738,1.98437,-1.07742,0
5.84746,1.98112,-1.0645,0
5.84755,1.97692,-1.05115,0
5.84764,1.97795,-1.04065,0
5.84773,1.97094,-1.02601,0
5.84781,1.97006,-1.01465,0
5.8479,1.97893,-1.00831,0
5.84799,1.98688,-1.00147,0
5.84807,1.9778,-0.986097,0
5.84816,1.98478,-0.978785,0
5.84825,1.98094,-0.96617,0
5.84834,1.98604,-0.957952,0
5.84842,1.98388,-0.946263,0
5.84851,1.98347,-0.935465,0
5.8486,1.98391,-0.925111,0
5.84869,1.98338,-0.914353,0
5.84877,1.98463,-0.904446,0
5.84886,1.98673,-0.894956,0
5.84895,1.98605,-0.884246,0
5.84903,1.98989,-0.875571,0
5.84912,1.98085,-0.861298,0
5.84921,1.97724,-0.849489,0
5.8493,1.97264,-0.837337,0
5.84938,1.96798,-0.825241,0
5.84947,1.9771,-0.818943,0
5.84956,1.98436,-0.811823,0
5.84965,1.98325,-0.801284,0
5.84973,1.97929,-0.789658,0
5.84982,1.97435,-0.777716,0
5.84991,1.97492,-0.768006,0
5.84999,1.98012,-0.760098,0
5.85008,1.97968,-0.750034,0
5.85017,1.97732,-0.739288,0
5.85026,1.98334,-0.731692,0
5.85034,1.97617,-0.719268,0
5.85043,1.98776,-0.71368,0
5.85052,1.97766,-0.700327,0
5.85061,1.97881,-0.691032,0
5.85069,1.96952,-0.678158,0
5.85078,1.96583,-0.667308,0
5.85087,1.95165,-0.653013,0
5.85095,1.86616,-0.615367,0
5.85104,1.78894,-0.581261,0
5.85113,1.74003,-0.556987,0
5.85122,1.72718,-0.544578,0
5.8513,1.7114,-0.531403,0
5.85139,1.70222,-0.520422,0
5.85148,1.70256,-0.512413,0
5.85157,1.7067,-0.505547,0
5.85165,1.70217,-0.496137,0
5.85174,1.70432,-0.488705,0
5.85183,1.70162,-0.479907,0
5.85191,1.70466,-0.472745,0
5.852,1.70478,-0.464776,0
5.85209,1.701,-0.45578,0
5.85218,1.7049,-0.448863,0
5.85226,1.69716,-0.438916,0
5.85235,1.69906,-0.431507,0
5.85244,1.70966,-0.426266,0
5.85253,1.71345,-0.419278,0
5.85261,1.70165,-0.408529,0
5.8527,1.70536,-0.401559,0
5.85279,1.70515,-0.393664,0
5.85287,1.70392,-0.385558,0
5.85296,1.70266,-0.377471,0
5.85305,1.70038,-0.369189,0
5.85314,1.70687,-0.362806,0
5.85322,1.70452,-0.35454,0
5.85331,1.70507,-0.3469,0
5.8534,1.6997,-0.338092,0
5.85349,1.69723,-0.329909,0
5.85357,1.70946,-0.324552,0
5.85366,1.70103,-0.315268,0
5.85375,1.70239,-0.307842,0
5.85383,1.69879,-0.299543,0
5.85392,1.70403,-0.292805,0
5.85401,1.70726,-0.285697,0
5.8541,1.69171,-0.275513,0
5.85418,1.69784,-0.268911,0
5.85427,1.70295,-0.262109,0
5.85436,1.70012,-0.254084,0
5.85445,1.69428,-0.245659,0
5.85453,1.70227,-0.239239,0
5.85462,1.69934,-0.231269,0
5.85471,1.70529,-0.224505,0
5.85479,1.7003,-0.216305,0
5.85488,1.69328,-0.207909,0
5.85497,1.69417,-0.200519,0
5.85506,1.69404,-0.193012,0
5.85514,1.69785,-0.185945,0
5.85523,1.69864,-0.178535,0
5.85532,1.69543,-0.170721,0
5.85541,1.69118,-0.162842,0
5.85549,1.69386,-0.155644,0
5.85558,1.68855,-0.147729,0
5.85567,1.69715,-0.141022,0
5.85575,1.75457,-0.138088,0
5.85584,1.90076,-0.141251,0
5.85593,1.94226,-0.135816,0
5.85602,1.91888,-0.12577,0
5.8561,1.7657,-0.107995,0
5.85619,1.68828,-0.0958675,0
5.85628,1.6737,-0.0877151,0
5.85637,1.67607,-0.0805073,0
5.85645,1.67341,-0.0730625,0
5.85654,1.67171,-0.0656817,0
5.85663,1.66898,-0.0582822,0
5.85671,1.66722,-0.0509383,0
5.8568,1.66643,-0.043637,0
5.85689,1.6756,-0.0365618,0
5.85698,1.66675,-0.0290932,0
5.85706,1.66186,-0.0217549,0
5.85715,1.66094,-0.0144948,0
5.85724,1.70798,-0.00745257,0
5.85733,1.752,-4.24236e-08,0
5.85741,1.70798,0.00745249,0
5.8575,1.69894,0.0148263,0
5.85759,1.69485,0.0221868,0
5.85767,1.69374,0.0295643,0
5.85776,1.6946,0.0369762,0
5.85785,1.68842,0.0442128,0
5.85794,1.69921,0.0519154,0
5.85802,1.68597,0.0588754,0
5.85811,1.69869,0.0667416,0
5.8582,1.69938,0.0741965,0
5.85828,1.69405,0.0813709,0
5.85837,1.69068,0.0886047,0
5.85846,1.68828,0.0958675,0
5.85855,1.69483,0.10366,0
5.85863,1.69137,0.110858,0
5.85872,1.68987,0.118167,0
5.85881,1.69433,0.12591,0
5.8589,1.70174,0.13393,0
5.85898,1.70512,0.141685,0
5.85907,1.73736,0.152,0
5.85916,1.85419,0.170376,0
5.85924,1.97586,0.190254,0
5.85933,1.98297,0.199675,0
5.85942,1.98904,0.209057,0
5.85951,1.98016,0.216863,0
5.85959,1.98714,0.226406,0
5.85968,1.98614,0.235075,0
5.85977,1.9841,0.243617,0
5.85986,1.985,0.252524,0
5.85994,1.98487,0.261313,0
5.86003,1.98966,0.270781,0
5.86012,1.99638,0.280573,0
5.8602,2.00108,0.290142,0
5.86029,1.98495,0.296653,0
5.86038,1.98364,0.305312,0
5.86047,1.98822,0.314903,0
5.86055,1.98682,0.323575,0
5.86064,1.98934,0.332901,0
5.86073,1.98984,0.341917,0
5.86082,1.99522,0.351811,0
5.8609,1.98973,0.359802,0
5.86099,1.98323,0.367569,0
5.86108,1.98357,0.376592,0
5.86116,1.9878,0.386388,0
5.86125,1.98707,0.395253,0
5.86134,1.98239,0.403321,0
5.86143,1.98159,0.412171,0
5.86151,1.98564,0.422061,0
5.8616,1.98867,0.431782,0
5.86169,1.98383,0.439805,0
5.86178,1.97604,0.447133,0
5.86186,1.97895,0.456876,0
5.86195,1.98861,0.468256,0
5.86204,1.98266,0.475995,0
5.86212,1.98737,0.486305,0
5.86221,1.99105,0.496424,0
5.8623,1.98886,0.505107,0
5.86239,1.98567,0.513529,0
5.86247,1.99018,0.523971,0
5.86256,1.98884,0.532908,0
5.86265,1.9836,0.540792,0
5.86274,1.98219,0.549709,0
5.86282,1.98362,0.559439,0
5.86291,1.98885,0.570294,0
5.863,1.99114,0.580365,0
5.86308,1.98572,0.588196,0
5.86317,1.98505,0.597431,0
5.86326,1.99007,0.608425,0
5.86335,1.9874,0.617103,0
5.86343,1.98373,0.625468,0
5.86352,1.98194,0.634423,0
5.86361,1.98771,0.645845,0
5.8637,1.98487,0.654512,0
5.86378,1.98674,0.664753,0
5.86387,1.99139,0.675987,0
5.86396,1.98748,0.684344,0
5.86404,1.98731,0.693999,0
5.86413,1.99086,0.705,0
5.86422,1.98776,0.71368,0
5.86431,1.98933,0.724057,0
5.86439,1.98709,0.733076,0
5.86448,1.9923,0.744891,0
5.86457,1.98249,0.751097,0
5.86466,1.98573,0.762249,0
5.86474,1.98611,0.772355,0
5.86483,1.98458,0.781747,0
5.86492,1.98208,0.79077,0
5.865,1.97397,0.797537,0
5.86509,1.98343,0.811444,0
5.86518,1.98819,0.823535,0
5.86527,1.99195,0.835296,0
5.86535,1.98369,0.842026,0
5.86544,1.98826,0.854226,0
5.86553,1.98819,0.864488,0
5.86562,1.9908,0.875974,0
5.8657,1.98788,0.885059,0
5.86579,1.98946,0.896188,0
5.86588,1.98827,0.906105,0
5.86596,1.98611,0.915609,0
5.86605,1.983,0.924689,0
5.86614,1.99071,0.938878,0
5.86623,1.9902,0.949277,0
5.86631,1.99144,0.960558,0
5.8664,1.98993,0.970554,0
5.86649,1.99375,0.983208,0
5.86658,1.98496,0.989667,0
5.86666,1.98688,1.00147,0
5.86675,1.98962,1.01376,0
5.86684,1.98962,1.02472,0
5.86692,1.98513,1.03339,0
5.86701,1.98237,1.04298,0
5.8671,1.98751,1.05678,0
5.86719,1.98377,1.06592,0
5.86727,1.98525,1.0779,0
5.86736,1.98666,1.08992,0
5.86745,1.98976,1.10294,0
5.86754,1.97708,1.10722,0
5.86762,1.98441,1.12273,0
5.86771,1.99078,1.13782,0
5.8678,1.99532,1.152,0
5.86788,1.98337,1.15666,0
5.86797,1.98864,1.1714,0
5.86806,1.98953,1.18364,0
5.86815,1.98349,1.1918,0
5.86823,1.98596,1.20511,0
5.86832,1.98836,1.21847,0
5.86841,1.98302,1.22713,0
5.8685,1.98698,1.2416,0
5.86858,1.99,1.25559,0
5.86867,1.9904,1.26803,0
5.86876,1.98401,1.27616,0
5.86884,1.98346,1.28807,0
5.86893,1.99538,1.30823,0
5.86902,1.99382,1.31968,0
5.86911,1.99386,1.33226,0
5.86919,1.99466,1.34542,0
5.86928,1.99208,1.35636,0
5.86937,1.99603,1.37184,0
5.86946,1.99742,1.38566,0
5.86954,1.99136,1.39436,0
5.86963,1.99342,1.40881,0
5.86972,1.99458,1.42272,0
5.8698,1.99079,1.43316,0
5.86989,1.99665,1.45065,0
5.86998,1.99998,1.46645,0
5.87007,1.99598,1.47694,0
5.87015,1.99833,1.49222,0
5.87024,1.99978,1.50694,0
5.87033,1.99797,1.51929,0
5.87042,1.99528,1.53103,0
5.8705,1.99728,1.54646,0
5.87059,1.99918,1.56193,0
5.87068,2.00177,1.57807,0
5.87076,1.99956,1.59052,0
5.87085,1.9965,1.60236,0
5.87094,1.99649,1.61672,0
5.87103,2.00413,1.63744,0
5.87111,1.99851,1.64744,0
5.8712,2.00053,1.66382,0
5.87129,1.99631,1.6751,0
5.87137,2.0012,1.69414,0
5.87146,2.00291,1.71065,0
5.87155,2.00149,1.72459,0
5.87164,1.99923,1.7379,0
5.87172,2.00365,1.75716,0
5.87181,1.99896,1.76853,0
5.8719,2.00242,1.78723,0
5.87199,2.00129,1.80197,0
5.87207,2.00155,1.81808,0
5.87216,2.00245,1.8349,0
5.87225,2.00764,1.85584,0
5.87233,2.00757,1.87209,0
5.87242,2.00448,1.88562,0
5.87251,2.00493,1.90261,0
5.8726,2.00456,1.91895,0
5.87268,2.00264,1.93393,0
5.87277,1.9992,1.94753,0
5.87286,2.00851,1.97376,0
5.87295,2.00911,1.99166,0
5.87303,2.0103,2.0103,0
5.87312,2.00785,2.02545,0
5.87321,2.01161,2.04703,0
5.87329,1.99777,2.05077,0
5.87338,1.98186,2.05228,0
5.87347,1.9715,2.05946,0
5.87356,1.95355,2.05861,0
5.87364,1.93359,2.05546,0
5.87373,1.91983,2.05876,0
5.87382,1.90471,2.06051,0
5.87391,1.87409,2.04521,0
5.87399,1.85909,2.0467,0
5.87408,1.85215,2.05702,0
5.87417,1.83117,2.05166,0
5.87425,1.81955,2.05663,0
5.87434,1.80265,2.05553,0
5.87443,1.79039,2.0596,0
5.87452,1.76963,2.05376,0
5.8746,1.75481,2.05462,0
5.87469,1.73549,2.05004,0
5.87478,1.72074,2.0507,0
5.87487,1.70794,2.05358,0
5.87495,1.69833,2.06024,0
5.87504,1.67477,2.04982,0
5.87513,1.66141,2.05167,0
5.87521,1.65181,2.05812,0
5.8753,1.63721,2.05826,0
5.87539,1.61584,2.04968,0
5.87548,1.59949,2.04725,0
5.87556,1.59727,2.06291,0
5.87565,1.57852,2.05717,0
5.87574,1.56529,2.05846,0
5.87583,1.55389,2.06208,0
5.87591,1.5359,2.05682,0
5.876,1.51918,2.05305,0
5.87609,1.50429,2.05159,0
5.87617,1.49239,2.05409,0
5.87626,1.47874,2.05409,0
5.87635,1.46395,2.05239,0
5.87644,1.45267,2.05549,0
5.87652,1.44254,2.06017,0
5.87661,1.42385,2.05247,0
5.8767,1.41092,2.0529,0
5.87679,1.39519,2.04912,0
5.87687,1.38848,2.0585,0
5.87696,1.3767,2.06038,0
5.87705,1.36108,2.05636,0
5.87713,1.34825,2.05643,0
5.87722,1.336,2.05726,0
5.87731,1.31998,2.05214,0
5.8774,1.31101,2.05788,0
5.87748,1.30042,2.06104,0
5.87757,1.28611,2.05821,0
5.87766,1.27239,2.05615,0
5.87775,1.26445,2.06339,0
5.87783,1.24869,2.05777,0
5.87792,1.23918,2.06234,0
5.87801,1.21995,2.05054,0
5.87809,1.21149,2.05671,0
5.87818,1.19747,2.05334,0
5.87827,1.185,2.05248,0
5.87836,1.17157,2.04982,0
5.87844,1.16163,2.05317,0
5.87853,1.15412,2.06084,0
5.87862,1.14124,2.05885,0
5.87871,1.13032,2.06031,0
5.87879,1.11941,2.0617,0
5.87888,1.10378,2.05424,0
5.87897,1.09575,2.0608,0
5.87905,1.08116,2.05494,0
5.87914,1.07033,2.05609,0
5.87923,1.06044,2.05896,0
5.87932,1.04917,2.05912,0
5.8794,1.03928,2.06189,0
5.87949,1.02581,2.05745,0
5.87958,1.01638,2.06101,0
5.87967,1.00475,2.06004,0
5.87975,0.993142,2.059,0
5.87984,0.980274,2.05519,0
5.87993,0.967458,2.0513,0
5.88001,0.959343,2.05732,0
5.8801,0.950776,2.06239,0
5.88019,0.936377,2.05469,0
5.88028,0.926582,2.05694,0
5.88036,0.917191,2.06005,0
5.88045,0.90618,2.05945,0
5.88054,0.8924,2.05238,0
5.88063,0.885411,2.06085,0
5.88071,0.872893,2.05641,0
5.8808,0.863139,2.05835,0
5.88089,0.853767,2.06118,0
5.88097,0.843251,2.06118,0
5.88106,0.834624,2.06577,0
5.88115,0.821896,2.0601,0
5.88124,0.813999,2.06646,0
5.88132,0.801713,2.0616,0
5.88141,0.792352,2.06415,0
5.8815,0.780149,2.05917,0
5.88159,0.768705,2.056,0
5.88167,0.75765,2.0537,0
5.88176,0.749024,2.05793,0
5.88185,0.740038,2.06118,0
5.88193,0.731371,2.06533,0
5.88202,0.721693,2.06661,0
5.88211,0.708436,2.05745,0
5.8822,0.700095,2.06241,0
5.88228,0.691724,2.06735,0
5.88237,0.68301,2.07129,0
5.88246,0.670258,2.06284,0
5.88255,0.659117,2.05908,0
5.88263,0.650727,2.06384,0
5.88272,0.639344,2.05902,0
5.88281,0.629769,2.05988,0
5.88289,0.618757,2.05591,0
5.88298,0.610633,2.06146,0
5.88307,0.601353,2.06315,0
5.88316,0.589313,2.05518,0
5.88324,0.578168,2.05003,0
5.88333,0.570019,2.05542,0
5.88342,0.561572,2.05982,0
5.8835,0.551543,2.05839,0
5.88359,0.542557,2.06077,0
5.88368,0.532809,2.06022,0
5.88377,0.523076,2.05962,0
5.88385,0.514326,2.06285,0
5.88394,0.505558,2.06604,0
5.88403,0.494671,2.06045,0
5.88412,0.484988,2.05967,0
5.8842,0.476446,2.06372,0
5.88429,0.466775,2.06285,0
5.88438,0.458419,2.0678,0
5.88446,0.448756,2.06684,0
5.88455,0.438694,2.06389,0
5.88464,0.429073,2.06285,0
5.88473,0.419869,2.06372,0
5.88481,0.409495,2.05867,0
5.8849,0.399936,2.05749,0
5.88499,0.391701,2.06315,0
5.88508,0.383241,2.06779,0
5.88516,0.37297,2.06255,0
5.88525,0.362925,2.05825,0
5.88534,0.355295,2.0677,0
5.88542,0.34495,2.06134,0
5.88551,0.335952,2.06282,0
5.8856,0.325697,2.05637,0
5.88569,0.317938,2.06568,0
5.88577,0.308035,2.06111,0
5.88586,0.299613,2.06639,0
5.88595,0.290733,2.06867,0
5.88604,0.281569,2.06893,0
5.88612,0.272278,2.06815,0
5.88621,0.262494,2.06337,0
5.8863,0.252635,2.05755,0
5.88638,0.244243,2.0636,0
5.88647,0.233765,2.05173,0
5.88656,0.225246,2.0567,0
5.88665,0.217419,2.06861,0
5.88673,0.208391,2.06953,0
5.88682,0.198401,2.06047,0
5.88691,0.19014,2.06928,0
5.887,0.180848,2.0671,0
5.88708,0.171993,2.06987,0
5.88717,0.162724,2.06761,0
5.88726,0.153331,2.06331,0
5.88734,0.144535,2.06695,0
5.88743,0.135777,2.07156,0
5.88752,0.126004,2.06015,0
5.88761,0.116844,2.05769,0
5.88769,0.108493,2.07016,0
5.88778,0.0995067,2.07161,0
5.88787,0.0898124,2.05704,0
5.88796,0.0811501,2.06541,0
5.88804,0.0718232,2.05675,0
5.88813,0.0627873,2.05504,0
5.88822,0.0540816,2.06529,0
5.8883,0.0450914,2.06651,0
5.88839,0.0361615,2.07168,0
5.88848,0.0269777,2.06082,0
5.88857,0.0179855,2.06092,0
5.88865,0.00901903,2.06698,0
5.88874,7.50932e-08,2.064,0
5.88883,-0.00899271,2.06098,0
5.88892,-0.0179068,2.05192,0
5.889,-0.0269776,2.06082,0
5.88909,-0.0358821,2.05569,0
5.88918,-0.0449822,2.06151,0
5.88926,-0.0538459,2.0563,0
5.88935,-0.0631841,2.06804,0
5.88944,-0.0722768,2.06974,0
5.88953,-0.0811107,2.06441,0
5.88961,-0.0901612,2.06503,0
5.8897,-0.0988829,2.05863,0
5.88979,-0.10844,2.06916,0
5.88988,-0.117694,2.07266,0
5.88996,-0.126309,2.06514,0
5.89005,-0.135515,2.06756,0
5.89014,-0.144047,2.05997,0
5.89022,-0.153849,2.07029,0
5.89031,-0.162489,2.06462,0
5.8904,-0.172241,2.07286,0
5.89049,-0.181197,2.07109,0
5.89057,-0.190415,2.07227,0
5.89066,-0.198976,2.06644,0
5.89075,-0.20799,2.06555,0
5.89084,-0.217001,2.06463,0
5.89092,-0.227423,2.07658,0
5.89101,-0.235236,2.06464,0
5.8911,-0.244478,2.06558,0
5.89118,-0.253001,2.06053,0
5.89127,-0.261863,2.05841,0
5.89136,-0.272147,2.06716,0
5.89145,-0.280894,2.06397,0
5.89153,-0.290593,2.06768,0
5.89162,-0.300473,2.07233,0
5.89171,-0.308478,2.06408,0
5.8918,-0.31809,2.06666,0
5.89188,-0.326635,2.06229,0
5.89197,-0.336595,2.06677,0
5.89206,-0.34594,2.06725,0
5.89214,-0.354956,2.06573,0
5.89223,-0.365008,2.07007,0
5.89232,-0.374749,2.07239,0
5.89241,-0.383241,2.06779,0
5.89249,-0.39226,2.06609,0
5.89258,-0.402798,2.07222,0
5.89267,-0.411836,2.07044,0
5.89276,-0.420068,2.0647,0
5.89284,-0.428666,2.06089,0
5.89293,-0.438694,2.06389,0
5.89302,-0.448544,2.06587,0
5.8931,-0.45777,2.06487,0
5.89319,-0.467658,2.06675,0
5.89328,-0.477346,2.06761,0
5.89337,-0.486134,2.06454,0
5.89345,-0.496772,2.0692,0
5.89354,-0.507459,2.07382,0
5.89363,-0.515777,2.06867,0
5.89372,-0.525045,2.06737,0
5.8938,-0.535312,2.0699,0
5.89389,-0.54383,2.06561,0
5.89398,-0.552579,2.06225,0
5.89406,-0.564202,2.06947,0
5.89415,-0.575097,2.07373,0
5.89424,-0.583325,2.06832,0
5.89433,-0.593723,2.07056,0
5.89441,-0.599114,2.05547,0
5.8945,-0.608929,2.05571,0
5.89459,-0.623369,2.07123,0
5.89468,-0.633569,2.07231,0
5.89476,-0.643199,2.07144,0
5.89485,-0.223124,0.707658,0
5.89494,-0.226514,0.70763,0
5.89502,-0.241033,0.741824,0
5.89511,-0.237065,0.718922,0
5.8952,-0.230046,0.687535,0
5.89529,-0.226936,0.668533,0
5.89537,-0.230177,0.668482,0
5.89546,-0.227487,0.651421,0
5.89555,-0.228991,0.646652,0
5.89564,-0.230797,0.642823,0
5.89572,-0.225733,0.620197,0
5.89581,-0.227399,0.616392,0
5.8959,-0.226934,0.606964,0
5.89598,-0.223203,0.589135,0
5.89607,-0.225055,0.586289,0
5.89616,-0.224349,0.576913,0
5.89625,-0.226864,0.575929,0
5.89633,-0.225669,0.565645,0
5.89642,-0.227386,0.562801,0
5.89651,-0.227189,0.555324,0
5.89659,-0.230375,0.556175,0
5.89668,-0.227773,0.543176,0
5.89677,-0.228187,0.537575,0
5.89686,-0.232109,0.540249,0
5.89694,-0.229281,0.52731,0
5.89703,-0.227552,0.517151,0
5.89712,-0.227366,0.510672,0
5.89721,-0.229181,0.508763,0
5.89729,-0.23596,0.517768,0
5.89738,-0.239892,0.520366,0
5.89747,-0.241315,0.517502,0
5.89755,-0.241864,0.512826,0
5.89764,-0.237212,0.497324,0
5.89773,-0.239379,0.496285,0
5.89782,-0.234967,0.481754,0
5.8979,-0.231317,0.469064,0
5.89799,-0.230238,0.461786,0
5.89808,-0.22775,0.451847,0
5.89817,-0.231989,0.455304,0
5.89825,-0.236263,0.458733,0
5.89834,-0.234568,0.450602,0
5.89843,-0.230479,0.438069,0
5.89851,-0.230511,0.433527,0
5.8986,-0.22956,0.427232,0
5.89869,-0.237148,0.436772,0
5.89878,-0.229432,0.418199,0
5.89886,-0.233678,0.421567,0
5.89895,-0.231606,0.413563,0
5.89904,-0.234886,0.41516,0
5.89913,-0.232726,0.407185,0
5.89921,-0.2255,0.390577,0
5.8993,-0.224683,0.385271,0
5.89939,-0.225347,0.382563,0
5.89947,-0.230082,0.386733,0
5.89956,-0.228677,0.380582,0
5.89965,-0.222554,0.366757,0
5.89974,-0.233557,0.38113,0
5.89982,-0.230482,0.372454,0
5.89991,-0.226276,0.362117,0
5.9,-0.229454,0.363663,0
5.90009,-0.224591,0.352538,0
5.90017,-0.224504,0.349031,0
5.90026,-0.226025,0.348048,0
5.90035,-0.224252,0.342041,0
5.90043,-0.222431,0.336056,0
5.90052,-0.225006,0.336745,0
5.90061,-0.229269,0.339905,0
5.9007,-0.225122,0.330636,0
5.90078,-0.227695,0.331299,0
5.90087,-0.230279,0.331945,0
5.90096,-0.231151,0.330118,0
5.90105,-0.227972,0.322573,0
5.90113,-0.235185,0.329717,0
5.90122,-0.231947,0.322195,0
5.90131,-0.240992,0.331697,0
5.90139,-0.238298,0.324997,0
5.90148,-0.232576,0.314308,0
5.90157,-0.23215,0.310887,0
5.90166,-0.235911,0.313065,0
5.90174,-0.22638,0.297705,0
5.90183,-0.221589,0.288781,0
5.90192,-0.224072,0.289392,0
5.90201,-0.223485,0.286048,0
5.90209,-0.240828,0.305488,0
5.90218,-0.242781,0.305217,0
5.90227,-0.243484,0.303375,0
5.90235,-0.23159,0.28599,0
5.90244,-0.24549,0.300464,0
5.90253,-0.235985,0.286273,0
5.90262,-0.241068,0.289853,0
5.9027,-0.242974,0.289565,0
5.90279,-0.23842,0.281633,0
5.90288,-0.23575,0.276027,0
5.90297,-0.240868,0.279541,0
5.90305,-0.242086,0.278488,0
5.90314,-0.243299,0.277429,0
5.90323,-0.239206,0.270373,0
5.90331,-0.241715,0.270819,0
5.9034,-0.229512,0.254899,0
5.90349,-0.231294,0.254635,0
5.90358,-0.226998,0.247725,0
5.90366,-0.219931,0.237921,0
5.90375,-0.208009,0.223063,0
5.90384,-0.205555,0.218511,0
5.90393,-0.190674,0.200929,0
5.90401,-0.288361,0.301226,0
5.9041,-0.169497,0.175519,0
5.90419,-0.146536,0.150423,0
5.90427,-0.100931,0.102708,0
5.90436,-0.0408329,0.0411908,0
5.90445,-0.0219203,0.0219203,0
