7200
6627
5.77704
5.79275,-0.0431335,-0.0431335,0
5.79283,-0.0352007,-0.0355093,0
5.79292,-0.0434564,-0.0442215,0
5.79301,-0.0230271,-0.023638,0
5.7931,-0.0333436,-0.0345283,0
5.79318,-0.0698428,-0.0729588,0
5.79327,-0.0647053,-0.0681852,0
5.79336,-0.097296,-0.103429,0
5.79345,-0.199144,-0.213555,0
5.79353,-0.228077,-0.246732,0
5.79362,-0.0959338,-0.104693,0
5.79371,-0.353665,-0.389355,0
5.79379,-0.262299,-0.291313,0
5.79388,-0.267684,-0.299915,0
5.79397,-0.274325,-0.310068,0
5.79406,-0.293409,-0.334569,0
5.79414,-0.291946,-0.335846,0
5.79423,-0.298311,-0.346207,0
5.79432,-0.30589,-0.358151,0
5.79441,-0.300448,-0.354903,0
5.79449,-0.302753,-0.360807,0
5.79458,-0.308849,-0.371351,0
5.79467,-0.307862,-0.373466,0
5.79475,-0.304331,-0.372483,0
5.79484,-0.307738,-0.380024,0
5.79493,-0.310458,-0.386823,0
5.79502,-0.310012,-0.389739,0
5.7951,-0.303975,-0.385591,0
5.79519,-0.311525,-0.398733,0
5.79528,-0.30366,-0.392182,0
5.79537,-0.308033,-0.401437,0
5.79545,-0.302042,-0.397205,0
5.79554,-0.302713,-0.401714,0
5.79563,-0.311727,-0.417453,0
5.79571,-0.313472,-0.423633,0
5.7958,-0.310438,-0.423383,0
5.79589,-0.295656,-0.406936,0
5.79598,-0.291541,-0.404975,0
5.79606,-0.294416,-0.412757,0
5.79615,-0.300115,-0.424654,0
5.79624,-0.304569,-0.43497,0
5.79633,-0.311218,-0.448619,0
5.79641,-0.316621,-0.460687,0
5.7965,-0.311231,-0.457104,0
5.79659,-0.309793,-0.459287,0
5.79667,-0.310008,-0.46396,0
5.79676,-0.310189,-0.468644,0
5.79685,-0.309237,-0.471665,0
5.79694,-0.308266,-0.474688,0
5.79702,-0.309437,-0.481074,0
5.79711,-0.306261,-0.480733,0
5.7972,-0.312698,-0.495597,0
5.79729,-0.313182,-0.501196,0
5.79737,-0.313097,-0.50596,0
5.79746,-0.312977,-0.510731,0
5.79755,-0.309189,-0.509528,0
5.79763,-0.312113,-0.519443,0
5.79772,-0.310355,-0.52166,0
5.79781,-0.309091,-0.524732,0
5.7979,-0.30831,-0.528667,0
5.79798,-0.3085,-0.534338,0
5.79807,-0.311128,-0.544361,0
5.79816,-0.313181,-0.553546,0
5.79825,-0.310763,-0.554907,0
5.79833,-0.318035,-0.573751,0
5.79842,-0.312643,-0.569872,0
5.79851,-0.312539,-0.575625,0
5.79859,-0.315231,-0.586673,0
5.79868,-0.31126,-0.585394,0
5.79877,-0.314755,-0.598252,0
5.79886,-0.316298,-0.607602,0
5.79894,-0.312728,-0.607199,0
5.79903,-0.314161,-0.616576,0
5.79912,-0.310118,-0.615263,0
5.79921,-0.316354,-0.634508,0
5.79929,-0.31314,-0.634986,0
5.79938,-0.311244,-0.638144,0
5.79947,-0.301505,-0.625085,0
5.79955,-0.299205,-0.627297,0
5.79964,-0.294332,-0.624074,0
5.79973,-0.29541,-0.633509,0
5.79982,-0.292643,-0.634792,0
5.7999,-0.293188,-0.643343,0
5.79999,-0.290789,-0.645528,0
5.80008,-0.290003,-0.651358,0
5.80017,-0.280714,-0.637972,0
5.80025,-0.282314,-0.649279,0
5.80034,-0.278294,-0.647748,0
5.80043,-0.27781,-0.654479,0
5.80051,-0.273018,-0.651074,0
5.8006,-0.279359,-0.674432,0
5.80069,-0.304433,-0.744135,0
5.80078,-0.324035,-0.802014,0
5.80086,-0.328684,-0.823854,0
5.80095,-0.331317,-0.841097,0
5.80104,-0.327282,-0.841603,0
5.80113,-0.335432,-0.873831,0
5.80121,-0.318862,-0.841622,0
5.8013,-0.316938,-0.847688,0
5.80139,-0.312198,-0.846249,0
5.80147,-0.770229,-2.11619,0
5.80156,-0.758623,-2.11294,0
5.80165,-0.743722,-2.10021,0
5.80174,-0.732902,-2.09871,0
5.80182,-0.723412,-2.10094,0
5.80191,-0.711988,-2.09745,0
5.802,-0.704734,-2.10623,0
5.80209,-0.693345,-2.10263,0
5.80217,-0.684782,-2.10754,0
5.80226,-0.67436,-2.1067,0
5.80235,-0.662756,-2.10199,0
5.80243,-0.651502,-2.09818,0
5.80252,-0.645264,-2.11056,0
5.80261,-0.629421,-2.09134,0
5.8027,-0.623414,-2.10461,0
5.80278,-0.612546,-2.10155,0
5.80287,-0.603921,-2.10612,0
5.80296,-0.59174,-2.09815,0
5.80304,-0.584183,-2.1065,0
5.80313,-0.572882,-2.10131,0
5.80322,-0.563967,-2.10475,0
5.80331,-0.553505,-2.10236,0
5.80339,-0.543575,-2.10185,0
5.80348,-0.531199,-2.0916,0
5.80357,-0.525696,-2.10845,0
5.80366,-0.516967,-2.11267,0
5.80374,-0.506576,-2.11004,0
5.80383,-0.496677,-2.10931,0
5.80392,-0.486794,-2.10854,0
5.804,-0.476707,-2.10674,0
5.80409,-0.467726,-2.10978,0
5.80418,-0.456606,-2.103,0
5.80427,-0.448673,-2.11084,0
5.80435,-0.438441,-2.10789,0
5.80444,-0.428641,-2.10684,0
5.80453,-0.419444,-2.10869,0
5.80462,-0.408904,-2.10363,0
5.8047,-0.399161,-2.10244,0
5.80479,-0.391077,-2.11006,0
5.80488,-0.381511,-2.10978,0
5.80496,-0.369871,-2.09764,0
5.80505,-0.361731,-2.10515,0
5.80514,-0.354192,-2.11657,0
5.80523,-0.342703,-2.10428,0
5.80531,-0.333362,-2.10476,0
5.8054,-0.324175,-2.1062,0
5.80549,-0.314243,-2.10265,0
5.80558,-0.304635,-2.10103,0
5.80566,-0.295882,-2.10531,0
5.80575,-0.286693,-2.10658,0
5.80584,-0.277368,-2.10682,0
5.80592,-0.269056,-2.11495,0
5.80601,-0.258363,-2.1042,0
5.8061,-0.249414,-2.10729,0
5.80619,-0.239198,-2.09942,0
5.80627,-0.230036,-2.10044,0
5.80636,-0.221391,-2.1064,0
5.80645,-0.211397,-2.09938,0
5.80654,-0.202522,-2.10327,0
5.80662,-0.193343,-2.10414,0
5.80671,-0.184073,-2.10396,0
5.8068,-0.174311,-2.09777,0
5.80688,-0.166255,-2.11247,0
5.80697,-0.156072,-2.10021,0
5.80706,-0.146558,-2.09588,0
5.80715,-0.137674,-2.10049,0
5.80723,-0.128263,-2.09708,0
5.80732,-0.118941,-2.09463,0
5.80741,-0.110534,-2.10911,0
5.8075,-0.101282,-2.10857,0
5.80758,-0.0917752,-2.102,0
5.80767,-0.0829168,-2.11037,0
5.80776,-0.0733937,-2.10172,0
5.80784,-0.0645279,-2.11201,0
5.80793,-0.0548669,-2.09528,0
5.80802,-0.0458549,-2.1015,0
5.80811,-0.0367199,-2.10368,0
5.80819,-0.0275013,-2.10082,0
5.80828,-0.0182734,-2.09392,0
5.80837,-0.00917606,-2.10298,0
5.80846,-2.53457e-08,-2.104,0
5.80854,0.00919347,-2.10698,0
5.80863,0.0183432,-2.10192,0
5.80872,0.0275012,-2.10082,0
5.8088,0.0366326,-2.09868,0
5.80889,0.0459203,-2.1045,0
5.80898,0.054893,-2.09628,0
5.80907,0.0643446,-2.10602,0
5.80915,0.0733238,-2.09972,0
5.80924,0.0824456,-2.09838,0
5.80933,0.0916879,-2.1,0
5.80942,0.100802,-2.09858,0
5.8095,0.110272,-2.10411,0
5.80959,0.119395,-2.10261,0
5.80968,0.12808,-2.09409,0
5.80976,0.137412,-2.0965,0
5.80985,0.146977,-2.10187,0
5.80994,0.156072,-2.10021,0
5.81003,0.165706,-2.10549,0
5.81011,0.175139,-2.10774,0
5.8102,0.183899,-2.10197,0
5.81029,0.1938,-2.10911,0
5.81038,0.20396,-2.1182,0
5.81046,0.212499,-2.11033,0
5.81055,0.221809,-2.11038,0
5.81064,0.230798,-2.1074,0
5.81072,0.239425,-2.1014,0
5.81081,0.248944,-2.10332,0
5.8109,0.257876,-2.10023,0
5.81099,0.267163,-2.10007,0
5.81107,0.276846,-2.10285,0
5.81116,0.286423,-2.1046,0
5.81125,0.295743,-2.10432,0
5.81134,0.305639,-2.10796,0
5.81142,0.312765,-2.09276,0
5.81151,0.324023,-2.10521,0
5.8116,0.335239,-2.11662,0
5.81168,0.344311,-2.11415,0
5.81177,0.352377,-2.10572,0
5.81186,0.36173,-2.10515,0
5.81195,0.370912,-2.10355,0
5.81203,0.381689,-2.11077,0
5.81212,0.390895,-2.10908,0
5.81221,0.399908,-2.10637,0
5.8123,0.411003,-2.11442,0
5.81238,0.418274,-2.1028,0
5.81247,0.429638,-2.11174,0
5.81256,0.439866,-2.11474,0
5.81264,0.447842,-2.10693,0
5.81273,0.457667,-2.10789,0
5.81282,0.465778,-2.10099,0
5.81291,0.47781,-2.11162,0
5.81299,0.486569,-2.10756,0
5.81308,0.494385,-2.09958,0
5.81317,0.50681,-2.11102,0
5.81326,0.516729,-2.1117,0
5.81334,0.525212,-2.10651,0
5.81343,0.534399,-2.1042,0
5.81352,0.543575,-2.10185,0
5.8136,0.554014,-2.10429,0
5.81369,0.56552,-2.11055,0
5.81378,0.574197,-2.10613,0
5.81387,0.583649,-2.10457,0
5.81395,0.594997,-2.1097,0
5.81404,0.603921,-2.10612,0
5.81413,0.613385,-2.10443,0
5.81422,0.625118,-2.11036,0
5.8143,0.633167,-2.10378,0
5.81439,0.641756,-2.09909,0
5.81448,0.654467,-2.10773,0
5.81456,0.663056,-2.10295,0
5.81465,0.674665,-2.10765,0
5.81474,0.684782,-2.10754,0
5.81483,0.695537,-2.10928,0
5.81491,0.705685,-2.10907,0
5.815,0.714238,-2.10408,0
5.81509,0.723738,-2.10189,0
5.81517,0.736859,-2.11004,0
5.81526,0.745724,-2.10586,0
5.81535,0.752878,-2.09694,0
5.81544,0.768519,-2.11149,0
5.81552,0.775302,-2.10155,0
5.81561,0.786215,-2.10283,0
5.8157,0.797155,-2.10405,0
5.81579,0.80597,-2.09962,0
5.81587,0.82056,-2.11007,0
5.81596,0.827193,-2.09995,0
5.81605,0.838942,-2.10282,0
5.81613,0.84736,-2.09729,0
5.81622,0.856882,-2.0945,0
5.81631,0.868691,-2.09721,0
5.8164,0.882088,-2.10354,0
5.81648,0.896728,-2.11256,0
5.81657,0.904358,-2.10495,0
5.81666,0.916724,-2.10832,0
5.81675,0.926317,-2.10522,0
5.81683,0.937528,-2.10572,0
5.81692,0.949993,-2.10891,0
5.81701,0.960429,-2.10747,0
5.81709,0.969197,-2.10235,0
5.81718,0.982165,-2.10626,0
5.81727,0.992199,-2.10376,0
5.81736,1.00481,-2.10663,0
5.81744,1.0153,-2.10493,0
5.81753,1.03105,-2.11396,0
5.81762,1.03672,-2.10227,0
5.81771,1.05124,-2.10847,0
5.81779,1.06223,-2.10743,0
5.81788,1.07051,-2.10099,0
5.81797,1.07967,-2.0963,0
5.81805,1.0925,-2.09867,0
5.81814,1.1077,-2.10539,0
5.81823,1.12204,-2.11024,0
5.81832,1.13171,-2.10621,0
5.8184,1.14232,-2.10389,0
5.81849,1.15293,-2.10151,0
5.81858,1.16839,-2.10783,0
5.81867,1.17758,-2.10272,0
5.81875,1.19511,-2.11235,0
5.81884,1.20432,-2.10712,0
5.81893,1.214,-2.10271,0
5.81901,1.2287,-2.10689,0
5.8191,1.24296,-2.11013,0
5.81919,1.25471,-2.10898,0
5.81928,1.26648,-2.10777,0
5.81936,1.27929,-2.10821,0
5.81945,1.29266,-2.10943,0
5.81954,1.30133,-2.10292,0
5.81963,1.30996,-2.09637,0
5.81971,1.32817,-2.10502,0
5.8198,1.34217,-2.10679,0
5.81989,1.3573,-2.11017,0
5.81997,1.36759,-2.1059,0
5.82006,1.38225,-2.10828,0
5.82015,1.39971,-2.11473,0
5.82024,1.41004,-2.11027,0
5.82032,1.41867,-2.10327,0
5.82041,1.43515,-2.1078,0
5.8205,1.4483,-2.10729,0
5.82059,1.46489,-2.11163,0
5.82067,1.47753,-2.11014,0
5.82076,1.49423,-2.11428,0
5.82085,1.50344,-2.10775,0
5.82093,1.51671,-2.10685,0
5.82102,1.53118,-2.10749,0
5.82111,1.54568,-2.10805,0
5.8212,1.55725,-2.1045,0
5.82128,1.58137,-2.11771,0
5.82137,1.58458,-2.10281,0
5.82146,1.60706,-2.11339,0
5.82155,1.62113,-2.1127,0
5.82163,1.63401,-2.11035,0
5.82172,1.64505,-2.10556,0
5.82181,1.66351,-2.11015,0
5.82189,1.68266,-2.11539,0
5.82198,1.70189,-2.12051,0
5.82207,1.70986,-2.11151,0
5.82216,1.72982,-2.11719,0
5.82224,1.73904,-2.10962,0
5.82233,1.75846,-2.11432,0
5.82242,1.77024,-2.10969,0
5.82251,1.78976,-2.11415,0
5.82259,1.80547,-2.11393,0
5.82268,1.83034,-2.12421,0
5.82277,1.8304,-2.10564,0
5.82285,1.84749,-2.10666,0
5.82294,1.87256,-2.11655,0
5.82303,1.88777,-2.11507,0
5.82312,1.90568,-2.11648,0
5.8232,1.92633,-2.12072,0
5.82329,1.94165,-2.11894,0
5.82338,1.95766,-2.11779,0
5.82347,1.97302,-2.11581,0
5.82355,1.9836,-2.10863,0
5.82364,1.99141,-2.09851,0
5.82373,1.98741,-2.07607,0
5.82381,1.9902,-2.06091,0
5.8239,1.98521,-2.03788,0
5.82399,1.99619,-2.03134,0
5.82408,1.98814,-2.00556,0
5.82416,1.98556,-1.98556,0
5.82425,1.98355,-1.96631,0
5.82434,1.98212,-1.94783,0
5.82443,1.98272,-1.93148,0
5.82451,1.98394,-1.91587,0
5.8246,1.98722,-1.90235,0
5.82469,1.98825,-1.88678,0
5.82477,1.98335,-1.86575,0
5.82486,1.98782,-1.85367,0
5.82495,1.98781,-1.83751,0
5.82504,1.98328,-1.81734,0
5.82512,1.97786,-1.79656,0
5.82521,1.97751,-1.78056,0
5.8253,1.98004,-1.76725,0
5.82539,1.98398,-1.75528,0
5.82547,1.9826,-1.7387,0
5.82556,1.97885,-1.72019,0
5.82565,1.98331,-1.70893,0
5.82573,1.97553,-1.68727,0
5.82582,1.98059,-1.67669,0
5.82591,1.97256,-1.65518,0
5.826,1.98054,-1.64719,0
5.82608,1.9823,-1.63408,0
5.82617,1.97935,-1.61719,0
5.82626,1.9825,-1.6054,0
5.82635,1.98169,-1.59047,0
5.82643,1.97687,-1.57247,0
5.82652,1.98371,-1.56383,0
5.82661,1.9716,-1.54039,0
5.82669,1.98305,-1.53544,0
5.82678,1.981,-1.52008,0
5.82687,1.99001,-1.51323,0
5.82696,1.9902,-1.49972,0
5.82704,1.9815,-1.47966,0
5.82713,1.98553,-1.46921,0
5.82722,1.99031,-1.45935,0
5.82731,1.98695,-1.4436,0
5.82739,1.99728,-1.43784,0
5.82748,1.98807,-1.41808,0
5.82757,1.98771,-1.40477,0
5.82765,1.98808,-1.39207,0
5.82774,1.98921,-1.37996,0
5.82783,1.98697,-1.36561,0
5.82792,1.98299,-1.35017,0
5.828,1.97891,-1.33479,0
5.82809,1.97807,-1.3217,0
5.82818,1.98632,-1.31471,0
5.82826,1.98283,-1.3,0
5.82835,1.98429,-1.28862,0
5.82844,1.97981,-1.27345,0
5.82853,1.97691,-1.25943,0
5.82861,1.979,-1.24866,0
5.8287,1.9751,-1.23418,0
5.82879,1.98387,-1.22766,0
5.82888,1.98324,-1.21533,0
5.82896,1.98596,-1.20511,0
5.82905,1.97663,-1.18768,0
5.82914,1.97406,-1.17444,0
5.82922,1.98089,-1.16683,0
5.82931,1.98769,-1.15918,0
5.8294,1.9832,-1.145,0
5.82949,1.97776,-1.13038,0
5.82957,1.98702,-1.1242,0
5.82966,1.98755,-1.11308,0
5.82975,1.98626,-1.101,0
5.82984,1.97614,-1.08415,0
5.82992,1.98085,-1.07552,0
5.83001,1.98112,-1.0645,0
5.8301,1.98045,-1.05302,0
5.83018,1.98591,-1.04484,0
5.83027,1.98336,-1.03247,0
5.83036,1.98073,-1.02014,0
5.83045,1.97982,-1.00877,0
5.83053,1.97884,-0.997418,0
5.83062,1.98765,-0.991005,0
5.83071,1.97312,-0.973035,0
5.8308,1.98274,-0.967047,0
5.83088,1.98514,-0.957517,0
5.83097,1.98749,-0.947985,0
5.83106,1.98166,-0.934612,0
5.83114,1.983,-0.924689,0
5.83123,1.99337,-0.918958,0
5.83132,1.98372,-0.904031,0
5.83141,1.98582,-0.894546,0
5.83149,1.98696,-0.884652,0
5.83158,1.98348,-0.872752,0
5.83167,1.9891,-0.864887,0
5.83176,1.98459,-0.852647,0
5.83184,1.98461,-0.842416,0
5.83193,1.98734,-0.833362,0
5.83202,1.98265,-0.821239,0
5.8321,1.97881,-0.809551,0
5.83219,1.98139,-0.800534,0
5.83228,1.97651,-0.788546,0
5.83237,1.97062,-0.77625,0
5.83245,1.98238,-0.770906,0
5.83254,1.97452,-0.757948,0
5.83263,1.97875,-0.74968,0
5.83272,1.98106,-0.740689,0
5.8328,1.9824,-0.731345,0
5.83289,1.98557,-0.722689,0
5.83298,1.98776,-0.71368,0
5.83306,1.98332,-0.70233,0
5.83315,1.97598,-0.690043,0
5.83324,1.98181,-0.682391,0
5.83333,1.97719,-0.671166,0
5.83341,1.98105,-0.662849,0
5.8335,1.97727,-0.652007,0
5.83359,1.9839,-0.64461,0
5.83368,1.97908,-0.633508,0
5.83376,1.9761,-0.623062,0
5.83385,1.97498,-0.613248,0
5.83394,1.97286,-0.603163,0
5.83402,1.98409,-0.597143,0
5.83411,1.97133,-0.583936,0
5.8342,1.9825,-0.577847,0
5.83429,1.97732,-0.566986,0
5.83437,1.98073,-0.558625,0
5.83446,1.98604,-0.550778,0
5.83455,1.98264,-0.540529,0
5.83464,1.98015,-0.530579,0
5.83472,1.97084,-0.518879,0
5.83481,1.97599,-0.511026,0
5.8349,1.97917,-0.502645,0
5.83498,1.9862,-0.495214,0
5.83507,1.98154,-0.484879,0
5.83516,1.98461,-0.476462,0
5.83525,1.97109,-0.464131,0
5.83533,1.98187,-0.45755,0
5.83542,1.97799,-0.447574,0
5.83551,1.97407,-0.437641,0
5.8356,1.97889,-0.42966,0
5.83568,1.9876,-0.422477,0
5.83577,1.98746,-0.413393,0
5.83586,1.97259,-0.401328,0
5.83594,1.99001,-0.395838,0
5.83603,1.97896,-0.384671,0
5.83612,1.9875,-0.377338,0
5.83621,1.97044,-0.3652,0
5.83629,1.98186,-0.358378,0
5.83638,1.97848,-0.348859,0
5.83647,1.98688,-0.341409,0
5.83656,1.98638,-0.332406,0
5.83664,1.99077,-0.324218,0
5.83673,1.98525,-0.314433,0
5.83682,1.98957,-0.306224,0
5.8369,1.98397,-0.296506,0
5.83699,1.98128,-0.287272,0
5.83708,1.96568,-0.276259,0
5.83717,1.96687,-0.267679,0
5.83725,1.9581,-0.257789,0
5.83734,1.79454,-0.228294,0
5.83743,1.7042,-0.20925,0
5.83752,1.68325,-0.199226,0
5.8376,1.69007,-0.192559,0
5.83769,1.69487,-0.185618,0
5.83778,1.68671,-0.17728,0
5.83786,1.68747,-0.169919,0
5.83795,1.6872,-0.162459,0
5.83804,1.69088,-0.15537,0
5.83813,1.69253,-0.148078,0
5.83821,1.68619,-0.140112,0
5.8383,1.68878,-0.13291,0
5.83839,1.68136,-0.124947,0
5.83848,1.67691,-0.117261,0
5.83856,1.6764,-0.109877,0
5.83865,1.66589,-0.10189,0
5.83874,1.66132,-0.0943368,0
5.83882,1.6747,-0.0877674,0
5.83891,1.67307,-0.0803634,0
5.839,1.65642,-0.072321,0
5.83909,1.65572,-0.0650536,0
5.83917,1.66299,-0.0580728,0
5.83926,1.66722,-0.0509383,0
5.83935,1.66943,-0.0437155,0
5.83944,1.6686,-0.0364091,0
5.83952,1.67275,-0.0291979,0
5.83961,1.66886,-0.0218466,0
5.8397,1.67494,-0.014617,0
5.83978,1.67398,-0.00730422,0
5.83987,1.727,-4.18182e-08,0
5.83996,1.89498,0.00826843,0
5.84005,1.93893,0.0169207,0
5.84013,1.95283,0.0255639,0
5.84022,1.9457,0.0339623,0
5.84031,1.93154,0.0421463,0
5.84039,1.81838,0.0476158,0
5.84048,1.76618,0.0539615,0
5.84057,1.72695,0.0603063,0
5.84066,1.71368,0.0673305,0
5.84074,1.69638,0.0740657,0
5.84083,1.69005,0.081179,0
5.84092,1.68669,0.0883954,0
5.84101,1.67929,0.0953572,0
5.84109,1.68286,0.102928,0
5.84118,1.68139,0.110204,0
5.84127,1.6809,0.11754,0
5.84135,1.68535,0.125243,0
5.84144,1.68579,0.132674,0
5.84153,1.68021,0.139615,0
5.84162,1.68457,0.14738,0
5.8417,1.68689,0.155004,0
5.84179,1.68919,0.16265,0
5.84188,1.68349,0.169518,0
5.84197,1.67577,0.17613,0
5.84205,1.6889,0.184965,0
5.84214,1.69404,0.193011,0
5.84223,1.68822,0.199814,0
5.84231,1.6913,0.207665,0
5.8424,1.68938,0.214917,0
5.84249,1.68942,0.222417,0
5.84258,1.68943,0.229921,0
5.84266,1.6894,0.237429,0
5.84275,1.68637,0.244511,0
5.84284,1.69023,0.252606,0
5.84293,1.69207,0.260435,0
5.84301,1.68993,0.267659,0
5.8431,1.69171,0.275513,0
5.84319,1.69247,0.283222,0
5.84327,1.69614,0.29145,0
5.84336,1.69781,0.299369,0
5.84345,1.69255,0.306063,0
5.84354,1.68727,0.312716,0
5.84362,1.67901,0.31877,0
5.84371,1.69036,0.328573,0
5.8438,1.68401,0.33497,0
5.84389,1.69135,0.344109,0
5.84397,1.68102,0.349653,0
5.84406,1.68535,0.358232,0
5.84415,1.6867,0.366219,0
5.84423,1.69485,0.375739,0
5.84432,1.68734,0.381807,0
5.84441,1.69248,0.39074,0
5.8445,1.69465,0.399038,0
5.84458,1.6929,0.406428,0
5.84467,1.69499,0.414762,0
5.84476,1.69414,0.422396,0
5.84485,1.69422,0.430276,0
5.84493,1.68458,0.435661,0
5.84502,1.69426,0.446063,0
5.84511,1.68457,0.45138,0
5.84519,1.68645,0.459779,0
5.84528,1.68732,0.467934,0
5.84537,1.6997,0.479364,0
5.84546,1.69855,0.487051,0
5.84554,1.70793,0.497816,0
5.84563,1.69615,0.502423,0
5.84572,1.70543,0.513278,0
5.84581,1.69648,0.518667,0
5.84589,1.70471,0.529327,0
5.84598,1.69857,0.535557,0
5.84607,1.70288,0.545097,0
5.84615,1.69764,0.551595,0
5.84624,1.69996,0.560563,0
5.84633,1.69655,0.567658,0
5.84642,1.70069,0.577305,0
5.8465,1.70382,0.586674,0
5.84659,1.70219,0.594432,0
5.84668,1.6977,0.601186,0
5.84677,1.69788,0.609602,0
5.84685,1.70366,0.620082,0
5.84694,1.73659,0.640663,0
5.84703,1.91737,0.716874,0
5.84711,1.98155,0.750743,0
5.8472,1.98946,0.763682,0
5.84729,1.98704,0.772718,0
5.84738,1.99109,0.784313,0
5.84746,1.98487,0.791881,0
5.84755,1.98974,0.803906,0
5.84764,1.99176,0.814852,0
5.84773,1.98911,0.823917,0
5.84781,1.98827,0.833749,0
5.8479,1.99565,0.847105,0
5.84799,1.99102,0.85541,0
5.84807,1.99461,0.867279,0
5.84816,1.99172,0.876377,0
5.84825,2.00066,0.890753,0
5.84834,1.99129,0.89701,0
5.84842,1.98099,0.902787,0
5.84851,1.99337,0.918958,0
5.8486,1.98935,0.927647,0
5.84869,1.99251,0.939731,0
5.84877,1.99201,0.950138,0
5.84886,1.99505,0.962296,0
5.84895,1.99083,0.970992,0
5.84903,1.99016,0.981439,0
5.84912,1.99123,0.99279,0
5.84921,1.98599,1.00102,0
5.8493,1.9914,1.01467,0
5.84938,1.99229,1.0261,0
5.84947,1.99045,1.03616,0
5.84956,1.99034,1.04717,0
5.84965,1.98045,1.05302,0
5.84973,1.98024,1.06402,0
5.84982,1.99843,1.08506,0
5.84991,1.99017,1.09184,0
5.84999,1.99151,1.10391,0
5.85008,1.99104,1.11503,0
5.85017,1.99747,1.13011,0
5.85026,1.98904,1.13683,0
5.85034,1.98753,1.1475,0
5.85043,1.99373,1.16271,0
5.85052,1.98864,1.1714,0
5.85061,1.99382,1.1862,0
5.85069,1.98863,1.19489,0
5.85078,1.99365,1.20978,0
5.85087,1.99774,1.22421,0
5.85095,1.99578,1.23502,0
5.85104,1.99546,1.2469,0
5.85113,1.99253,1.2572,0
5.85122,1.99884,1.2734,0
5.8513,1.98738,1.27832,0
5.85139,1.98681,1.29025,0
5.85148,1.99705,1.30932,0
5.85157,1.99299,1.31913,0
5.85165,1.98971,1.32948,0
5.85174,1.99466,1.34542,0
5.85183,1.99704,1.35974,0
5.85191,1.99026,1.36787,0
5.852,1.99003,1.38053,0
5.85209,1.98972,1.39322,0
5.85218,1.99016,1.4065,0
5.85226,1.99458,1.42272,0
5.85235,1.99404,1.4355,0
5.85244,1.99342,1.4483,0
5.85253,1.99595,1.46349,0
5.85261,1.99678,1.47754,0
5.8527,2.00794,1.4994,0
5.85279,1.99739,1.50514,0
5.85287,1.9916,1.51445,0
5.85296,1.9929,1.52921,0
5.85305,1.99017,1.54095,0
5.85314,1.99446,1.55824,0
5.85322,1.99785,1.57497,0
5.85331,2.00191,1.59239,0
5.8534,1.99494,1.60111,0
5.85348,1.99804,1.61798,0
5.85357,2.00103,1.63491,0
5.85366,2.00314,1.65126,0
5.85375,1.99899,1.66254,0
5.85383,1.99708,1.67575,0
5.85392,1.99814,1.69155,0
5.85401,2.00139,1.70935,0
5.8541,1.99694,1.72067,0
5.85418,1.99772,1.73659,0
5.85427,1.99613,1.75056,0
5.85436,1.99821,1.76787,0
5.85444,1.99347,1.77924,0
5.85453,1.99683,1.79795,0
5.85462,2.00007,1.81674,0
5.85471,1.99728,1.83017,0
5.85479,2.0047,1.85313,0
5.85488,1.99952,1.86458,0
5.85497,2.00011,1.88151,0
5.85506,1.99478,1.89297,0
5.85514,2.00312,1.91757,0
5.85523,2.00264,1.93393,0
5.85532,1.99633,1.94474,0
5.8554,2.00423,1.96955,0
5.85549,2.00627,1.98884,0
5.85558,2.0096,2.0096,0
5.85567,2.00785,2.02545,0
5.85575,2.0074,2.04275,0
5.85584,1.99917,2.05221,0
5.85593,1.97908,2.0494,0
5.85602,1.97289,2.0609,0
5.8561,1.94185,2.04628,0
5.85619,1.92673,2.04818,0
5.85628,1.91505,2.05364,0
5.85636,1.89793,2.05317,0
5.85645,1.87679,2.04816,0
5.85654,1.86918,2.05781,0
5.85663,1.8468,2.05108,0
5.85671,1.83117,2.05166,0
5.8568,1.81094,2.0469,0
5.85689,1.80067,2.05327,0
5.85698,1.78645,2.05507,0
5.85706,1.76506,2.04846,0
5.85715,1.75806,2.05842,0
5.85724,1.73807,2.0531,0
5.85732,1.72203,2.05223,0
5.85741,1.70602,2.05127,0
5.8575,1.69451,2.05561,0
5.85759,1.6773,2.05291,0
5.85767,1.65952,2.04933,0
5.85776,1.65056,2.05656,0
5.85785,1.62539,2.04339,0
5.85794,1.62326,2.0591,0
5.85802,1.60503,2.05434,0
5.85811,1.58993,2.05342,0
5.8582,1.57669,2.05479,0
5.85828,1.56529,2.05846,0
5.85837,1.54366,2.0485,0
5.85846,1.53351,2.05361,0
5.85855,1.51918,2.05305,0
5.85863,1.50547,2.05321,0
5.85872,1.49768,2.06138,0
5.85881,1.47172,2.04435,0
5.8589,1.46628,2.05564,0
5.85898,1.45441,2.05794,0
5.85907,1.44197,2.05935,0
5.85916,1.41986,2.04672,0
5.85924,1.40752,2.04795,0
5.85933,1.39294,2.04581,0
5.85942,1.38792,2.05767,0
5.85951,1.37337,2.05539,0
5.85959,1.35501,2.04719,0
5.85968,1.34606,2.05308,0
5.85977,1.33545,2.05642,0
5.85986,1.32214,2.0555,0
5.85994,1.31047,2.05703,0
5.86003,1.29989,2.06019,0
5.86012,1.28346,2.05397,0
5.8602,1.27765,2.06466,0
5.86029,1.25818,2.05316,0
5.86038,1.24609,2.0535,0
5.86047,1.23712,2.05892,0
5.86055,1.2271,2.06258,0
5.86064,1.20997,2.05412,0
5.86073,1.20251,2.06198,0
5.86082,1.188,2.05768,0
5.8609,1.17157,2.04982,0
5.86099,1.16064,2.05143,0
5.86108,1.15266,2.05822,0
5.86116,1.13785,2.05273,0
5.86125,1.12936,2.05855,0
5.86134,1.11464,2.05292,0
5.86143,1.10851,2.06305,0
5.86151,1.09528,2.05992,0
5.8616,1.08302,2.05848,0
5.86169,1.07357,2.0623,0
5.86178,1.05952,2.05719,0
5.86186,1.04963,2.06001,0
5.86195,1.04243,2.06814,0
5.86204,1.02759,2.06103,0
5.86212,1.01461,2.05743,0
5.86221,1.00694,2.06453,0
5.8623,0.99488,2.0626,0
5.86239,0.983718,2.06241,0
5.86247,0.968738,2.05402,0
5.86256,0.95723,2.05279,0
5.86265,0.949939,2.06058,0
5.86274,0.938451,2.05924,0
5.86282,0.92535,2.0542,0
5.86291,0.918818,2.0637,0
5.863,0.908194,2.06403,0
5.86308,0.893198,2.05421,0
5.86317,0.881068,2.05074,0
5.86326,0.874847,2.06101,0
5.86335,0.864299,2.06112,0
5.86343,0.852619,2.0584,0
5.86352,0.840221,2.05377,0
5.86361,0.832001,2.05928,0
5.8637,0.819673,2.05453,0
5.86378,0.810701,2.05808,0
5.86387,0.801713,2.0616,0
5.86396,0.788768,2.05481,0
5.86404,0.780503,2.0601,0
5.86413,0.768355,2.05506,0
5.86422,0.758689,2.05652,0
5.86431,0.746972,2.05229,0
5.86439,0.735307,2.048,0
5.86448,0.728367,2.05684,0
5.86457,0.718726,2.05811,0
5.86466,0.708762,2.05839,0
5.86474,0.698167,2.05673,0
5.86483,0.686965,2.05312,0
5.86492,0.681131,2.0656,0
5.865,0.670258,2.06284,0
5.86509,0.659726,2.06098,0
5.86518,0.651028,2.0648,0
5.86527,0.641716,2.06666,0
5.86535,0.630353,2.06179,0
5.86544,0.620198,2.06069,0
5.86553,0.612053,2.06626,0
5.86561,0.601912,2.06507,0
5.8657,0.592069,2.06479,0
5.86579,0.582511,2.06543,0
5.86588,0.57189,2.06217,0
5.86596,0.559994,2.05403,0
5.86605,0.552838,2.06322,0
5.86614,0.544339,2.06754,0
5.86623,0.534061,2.06506,0
5.86631,0.524553,2.06543,0
5.8664,0.514568,2.06382,0
5.86649,0.505796,2.06702,0
5.86657,0.494904,2.06142,0
5.86666,0.485676,2.06259,0
5.86675,0.476221,2.06274,0
5.86684,0.464347,2.05212,0
5.86692,0.456688,2.05998,0
5.86701,0.44918,2.0688,0
5.8671,0.437654,2.059,0
5.86719,0.429684,2.06579,0
5.86727,0.420068,2.0647,0
5.86736,0.411055,2.06651,0
5.86745,0.401271,2.06436,0
5.86753,0.391328,2.06118,0
5.86762,0.382877,2.06582,0
5.86771,0.372436,2.0596,0
5.8678,0.364314,2.06613,0
5.86788,0.354957,2.06573,0
5.86797,0.344619,2.05936,0
5.86806,0.335631,2.06085,0
5.86815,0.326635,2.06229,0
5.86823,0.318242,2.06765,0
5.86832,0.308478,2.06408,0
5.86841,0.300187,2.07035,0
5.86849,0.290315,2.0657,0
5.86858,0.281299,2.06695,0
5.86867,0.272278,2.06815,0
5.86876,0.262368,2.06238,0
5.86884,0.253366,2.0635,0
5.86893,0.24436,2.06459,0
5.86902,0.235123,2.06365,0
5.86911,0.226334,2.06664,0
5.86919,0.217837,2.07258,0
5.86928,0.208191,2.06754,0
5.86937,0.198688,2.06346,0
5.86945,0.1895,2.06231,0
5.86954,0.180674,2.06511,0
5.86963,0.171082,2.0589,0
5.86972,0.162803,2.0686,0
5.8698,0.153479,2.06531,0
5.86989,0.143908,2.05797,0
5.86998,0.135058,2.06058,0
5.87007,0.126004,2.06015,0
5.87015,0.117468,2.06867,0
5.87024,0.107812,2.05718,0
5.87033,0.0990749,2.06262,0
5.87041,0.0900741,2.06303,0
5.8705,0.080836,2.05741,0
5.87059,0.0722071,2.06774,0
5.87068,0.0629705,2.06104,0
5.87076,0.0541602,2.06829,0
5.87085,0.0448951,2.05751,0
5.87094,0.0359171,2.05769,0
5.87103,0.0270563,2.06682,0
5.87111,0.0179593,2.05792,0
5.8712,0.00899286,2.06098,0
5.87129,7.48385e-08,2.057,0
5.87137,-0.00901888,2.06698,0
5.87146,-0.0179853,2.06092,0
5.87155,-0.026886,2.05382,0
5.87164,-0.0360217,2.06369,0
5.87172,-0.0449168,2.05851,0
5.87181,-0.0543956,2.07729,0
5.8719,-0.0628482,2.05704,0
5.87199,-0.0719627,2.06074,0
5.87207,-0.0809144,2.05941,0
5.87216,-0.0904665,2.07203,0
5.87225,-0.0990268,2.06162,0
5.87233,-0.108178,2.06417,0
5.87242,-0.11673,2.05569,0
5.87251,-0.125821,2.05716,0
5.8726,-0.135581,2.06856,0
5.87268,-0.143977,2.05897,0
5.87277,-0.153553,2.0663,0
5.87286,-0.162881,2.0696,0
5.87295,-0.171496,2.06389,0
5.87303,-0.180587,2.06412,0
5.87312,-0.189591,2.06331,0
5.87321,-0.199167,2.06843,0
5.87329,-0.20759,2.06157,0
5.87338,-0.216478,2.05965,0
5.87347,-0.224701,2.05173,0
5.87356,-0.235349,2.06564,0
5.87364,-0.243772,2.05962,0
5.87373,-0.253854,2.06747,0
5.87382,-0.262115,2.06039,0
5.87391,-0.271103,2.05923,0
5.87399,-0.28049,2.061,0
5.87408,-0.289202,2.05778,0
5.87417,-0.299613,2.06639,0
5.87425,-0.308183,2.0621,0
5.87434,-0.317481,2.06271,0
5.87443,-0.326166,2.05933,0
5.87452,-0.335952,2.06282,0
5.8746,-0.344619,2.05936,0
5.87469,-0.35394,2.05981,0
5.87478,-0.363619,2.06219,0
5.87487,-0.37208,2.05763,0
5.87495,-0.381783,2.05992,0
5.87504,-0.3917,2.06315,0
5.87513,-0.400126,2.05847,0
5.87521,-0.410275,2.06259,0
5.8753,-0.418872,2.05882,0
5.87539,-0.427648,2.056,0
5.87548,-0.439525,2.0678,0
5.87556,-0.449604,2.07075,0
5.87565,-0.456904,2.06096,0
5.87574,-0.466775,2.06285,0
5.87583,-0.477796,2.06956,0
5.87591,-0.485905,2.06356,0
5.876,-0.496538,2.06823,0
5.87609,-0.505795,2.06702,0
5.87617,-0.51481,2.06479,0
5.87626,-0.524306,2.06446,0
5.87635,-0.535312,2.0699,0
5.87644,-0.54332,2.06368,0
5.87652,-0.552837,2.06322,0
5.87661,-0.564202,2.06947,0
5.8767,-0.571356,2.06024,0
5.87679,-0.582783,2.06639,0
5.87687,-0.593723,2.07056,0
5.87696,-0.601632,2.06411,0
5.87705,-0.613473,2.07105,0
5.87713,-0.621639,2.06548,0
5.87722,-0.6324,2.06849,0
5.87731,-0.643792,2.07335,0
5.8774,-0.654035,2.07433,0
5.87748,-0.216454,0.676201,0
5.87757,-0.224964,0.692369,0
5.87766,-0.241449,0.732218,0
5.87775,-0.234805,0.70176,0
5.87783,-0.228222,0.67232,0
5.87792,-0.2292,0.665645,0
5.87801,-0.228476,0.654254,0
5.87809,-0.228658,0.645709,0
5.87818,-0.227418,0.633411,0
5.87827,-0.224365,0.616438,0
5.87836,-0.227745,0.61733,0
5.87844,-0.226584,0.606027,0
5.87853,-0.227455,0.600357,0
5.87862,-0.225413,0.587222,0
5.8787,-0.226886,0.583437,0
5.87879,-0.226131,0.574068,0
5.87888,-0.226411,0.567503,0
5.87897,-0.226637,0.560946,0
5.87905,-0.228325,0.558101,0
5.87914,-0.226549,0.546937,0
5.87923,-0.228159,0.544099,0
5.87932,-0.232094,0.54678,0
5.8794,-0.229741,0.534737,0
5.87949,-0.230477,0.530061,0
5.87958,-0.229163,0.520812,0
5.87966,-0.231026,0.518894,0
5.87975,-0.229592,0.509675,0
5.87984,-0.226008,0.495929,0
5.87993,-0.228588,0.495846,0
5.88001,-0.235821,0.50572,0
5.8801,-0.24613,0.521871,0
5.88019,-0.233337,0.489201,0
5.88028,-0.219395,0.454853,0
5.88036,-0.218309,0.447599,0
5.88045,-0.218048,0.442158,0
5.88054,-0.213283,0.427779,0
5.88062,-0.213347,0.423272,0
5.88071,-0.214283,0.420555,0
5.8808,-0.216116,0.419616,0
5.88089,-0.21656,0.416008,0
5.88097,-0.215114,0.408864,0
5.88106,-0.214079,0.402624,0
5.88115,-0.218674,0.406972,0
5.88124,-0.21997,0.405135,0
5.88132,-0.220293,0.401541,0
5.88141,-0.218649,0.394453,0
5.8815,-0.226232,0.403966,0
5.88158,-0.229962,0.406456,0
5.88167,-0.232229,0.406317,0
5.88176,-0.2325,0.402702,0
5.88185,-0.235262,0.403411,0
5.88193,-0.237528,0.403242,0
5.88202,-0.235706,0.396186,0
5.88211,-0.237433,0.395154,0
5.8822,-0.24538,0.404373,0
5.88228,-0.253412,0.41353,0
5.88237,-0.248899,0.402217,0
5.88246,-0.242173,0.387558,0
5.88254,-0.238526,0.37804,0
5.88263,-0.242322,0.38037,0
5.88272,-0.239652,0.37258,0
5.88281,-0.236373,0.363983,0
5.88289,-0.2248,0.342877,0
5.88298,-0.230158,0.34773,0
5.88307,-0.221117,0.330925,0
5.88316,-0.224796,0.333273,0
5.88324,-0.235252,0.345515,0
5.88333,-0.228262,0.332123,0
5.88342,-0.238259,0.343448,0
5.8835,-0.236887,0.33831,0
5.88359,-0.225087,0.31849,0
5.88368,-0.230539,0.323204,0
5.88377,-0.236621,0.328687,0
5.88385,-0.230412,0.317135,0
5.88394,-0.22588,0.308062,0
5.88403,-0.227817,0.307877,0
5.88412,-0.218987,0.293259,0
5.8842,-0.230495,0.305877,0
5.88429,-0.217906,0.286561,0
5.88438,-0.234373,0.305441,0
5.88446,-0.238765,0.308369,0
5.88455,-0.23703,0.303384,0
5.88464,-0.230303,0.292138,0
5.88473,-0.22535,0.283304,0
5.88481,-0.230966,0.287777,0
5.8849,-0.217745,0.268892,0
5.88499,-0.222712,0.272586,0
5.88508,-0.215631,0.261581,0
5.88516,-0.229559,0.276014,0
5.88525,-0.226261,0.269648,0
5.88534,-0.225497,0.266368,0
5.88542,-0.226657,0.265382,0
5.88551,-0.233688,0.271208,0
5.8856,-0.239462,0.275469,0
5.88569,-0.228134,0.260137,0
5.88577,-0.237881,0.268875,0
5.88586,-0.229729,0.25739,0
5.88595,-0.226835,0.251926,0
5.88604,-0.236001,0.259817,0
5.88612,-0.22362,0.244039,0
5.88621,-0.212465,0.229843,0
5.8863,-0.198462,0.212824,0
5.88638,-0.201444,0.214141,0
5.88647,-0.188609,0.198753,0
5.88656,-0.177027,0.184925,0
5.88665,-0.16255,0.168326,0
5.88673,-0.131882,0.135381,0
5.88682,-0.125463,0.127672,0
5.88691,-0.0894099,0.0901935,0
5.887,-0.0494975,0.0494975,0
