7200
3265
2.84489
2.86068,-0.0274566,-0.0276972,0
2.86077,-0.04626,-0.0470745,0
2.86086,-0.0593122,-0.0608857,0
2.86094,-0.0555727,-0.0575472,0
2.86103,-0.0912797,-0.095352,0
2.86112,-0.0943046,-0.0993763,0
2.86121,-0.136351,-0.144946,0
2.86129,-0.178684,-0.191615,0
2.86138,-0.196173,-0.212219,0
2.86147,-0.206731,-0.225607,0
2.86155,-0.214485,-0.23613,0
2.86164,-0.220813,-0.245238,0
2.86173,-0.224402,-0.251421,0
2.86182,-0.229267,-0.259139,0
2.8619,-0.216265,-0.246603,0
2.86199,-0.223716,-0.257356,0
2.86208,-0.234341,-0.271966,0
2.86217,-0.237049,-0.277548,0
2.86225,-0.232605,-0.274764,0
2.86234,-0.230118,-0.274244,0
2.86243,-0.236592,-0.284471,0
2.86251,-0.233441,-0.283186,0
2.8626,-0.232836,-0.284976,0
2.86269,-0.225926,-0.278995,0
2.86278,-0.231592,-0.288557,0
2.86286,-0.22784,-0.286435,0
2.86295,-0.23216,-0.294494,0
2.86304,-0.235183,-0.30102,0
2.86313,-0.229581,-0.296509,0
2.86321,-0.228894,-0.298301,0
2.8633,-0.233643,-0.307257,0
2.86339,-0.238921,-0.317058,0
2.86347,-0.229158,-0.30688,0
2.86356,-0.230791,-0.311896,0
2.86365,-0.240072,-0.327417,0
2.86374,-0.222771,-0.306617,0
2.86382,-0.219678,-0.305152,0
2.86391,-0.22299,-0.31262,0
2.864,-0.218738,-0.309507,0
2.86409,-0.226563,-0.323565,0
2.86417,-0.223439,-0.322086,0
2.86426,-0.22373,-0.32553,0
2.86435,-0.221182,-0.32485,0
2.86443,-0.210257,-0.311718,0
2.86452,-0.216672,-0.324273,0
2.86461,-0.219119,-0.331053,0
2.8647,-0.233573,-0.356258,0
2.86478,-0.229838,-0.353919,0
2.86487,-0.229373,-0.356601,0
2.86496,-0.2348,-0.368562,0
2.86505,-0.211845,-0.335754,0
2.86513,-0.214617,-0.343459,0
2.86522,-0.214695,-0.346944,0
2.86531,-0.226242,-0.369193,0
2.86539,-0.226704,-0.373596,0
2.86548,-0.228677,-0.380582,0
2.86557,-0.222924,-0.374701,0
2.86566,-0.223824,-0.379978,0
2.86574,-0.219645,-0.376632,0
2.86583,-0.224,-0.387979,0
2.86592,-0.230244,-0.402844,0
2.86601,-0.2275,-0.402104,0
2.86609,-0.228675,-0.408328,0
2.86618,-0.221558,-0.399701,0
2.86627,-0.219812,-0.400664,0
2.86635,-0.224742,-0.413923,0
2.86644,-0.224827,-0.418423,0
2.86653,-0.219713,-0.413219,0
2.86662,-0.222564,-0.423024,0
2.8667,-0.216098,-0.415121,0
2.86679,-0.228021,-0.442731,0
2.86688,-0.222909,-0.437484,0
2.86696,-0.224599,-0.445597,0
2.86705,-0.215514,-0.432253,0
2.86714,-0.222029,-0.45023,0
2.86723,-0.227076,-0.465575,0
2.86731,-0.225477,-0.467462,0
2.8674,-0.225157,-0.472052,0
2.86749,-0.232053,-0.492024,0
2.86758,-0.224833,-0.482156,0
2.86766,-0.221471,-0.480408,0
2.86775,-0.223934,-0.491379,0
2.86784,-0.227128,-0.504204,0
2.86792,-0.222485,-0.499709,0
2.86801,-0.223927,-0.508913,0
2.8681,-0.220907,-0.508051,0
2.86819,-0.22303,-0.519117,0
2.86827,-0.215293,-0.507198,0
2.86836,-0.212304,-0.506288,0
2.86845,-0.213537,-0.515525,0
2.86854,-0.216587,-0.529409,0
2.86862,-0.215773,-0.534058,0
2.86871,-0.215294,-0.539638,0
2.8688,-0.215869,-0.548016,0
2.86888,-0.2171,-0.558273,0
2.86897,-0.217888,-0.567617,0
2.86906,-0.214346,-0.565757,0
2.86915,-0.217479,-0.581673,0
2.86923,-0.212516,-0.57605,0
2.86932,-0.213079,-0.585429,0
2.86941,-0.21255,-0.592,0
2.8695,-0.215973,-0.609889,0
2.86958,-0.214629,-0.614602,0
2.86967,-0.213247,-0.619315,0
2.86976,-0.211829,-0.624027,0
2.86984,-0.211325,-0.631584,0
2.86993,-0.21483,-0.651494,0
2.87002,-0.213531,-0.65718,0
2.87011,-0.217978,-0.680963,0
2.87019,-0.214704,-0.680954,0
2.87028,-0.214993,-0.692389,0
2.87037,-0.217525,-0.711491,0
2.87046,-0.223929,-0.744033,0
2.87054,-0.207899,-0.701856,0
2.87063,-0.214909,-0.737318,0
2.87072,-0.597306,-2.08305,0
2.8708,-0.589297,-2.08949,0
2.87089,-0.5767,-2.07951,0
2.87098,-0.569989,-2.09069,0
2.87107,-0.557237,-2.07964,0
2.87115,-0.549431,-2.08689,0
2.87124,-0.537315,-2.07764,0
2.87133,-0.530214,-2.08772,0
2.87142,-0.51989,-2.08517,0
2.8715,-0.509836,-2.08353,0
2.87159,-0.498873,-2.07795,0
2.87168,-0.489572,-2.07914,0
2.87176,-0.480945,-2.0832,0
2.87185,-0.472072,-2.08626,0
2.87194,-0.461882,-2.08342,0
2.87203,-0.453636,-2.08932,0
2.87211,-0.441812,-2.07856,0
2.8722,-0.432535,-2.07949,0
2.87229,-0.424255,-2.08528,0
2.87238,-0.415152,-2.08711,0
2.87246,-0.403179,-2.07418,0
2.87255,-0.395058,-2.08083,0
2.87264,-0.384881,-2.07663,0
2.87272,-0.374571,-2.07141,0
2.87281,-0.366919,-2.0809,0
2.8729,-0.357327,-2.07952,0
2.87299,-0.347755,-2.0781,0
2.87307,-0.336916,-2.06874,0
2.87316,-0.329607,-2.08106,0
2.87325,-0.318546,-2.06963,0
2.87334,-0.310843,-2.0799,0
2.87342,-0.301478,-2.07926,0
2.87351,-0.291846,-2.07659,0
2.8736,-0.281704,-2.06992,0
2.87368,-0.273191,-2.07509,0
2.87377,-0.263503,-2.07131,0
2.87386,-0.255926,-2.08435,0
2.87395,-0.246476,-2.08246,0
2.87403,-0.236821,-2.07855,0
2.87412,-0.227096,-2.0736,0
2.87421,-0.217419,-2.06861,0
2.8743,-0.209593,-2.08147,0
2.87438,-0.19888,-2.06545,0
2.87447,-0.19014,-2.06928,0
2.87456,-0.180848,-2.0671,0
2.87464,-0.172655,-2.07784,0
2.87473,-0.163587,-2.07857,0
2.87482,-0.154146,-2.07428,0
2.87491,-0.144814,-2.07094,0
2.87499,-0.136627,-2.08453,0
2.87508,-0.12692,-2.07512,0
2.87517,-0.118204,-2.08165,0
2.87526,-0.108597,-2.07216,0
2.87534,-0.0995546,-2.07261,0
2.87543,-0.0905975,-2.07502,0
2.87552,-0.0813464,-2.0704,0
2.8756,-0.0721024,-2.06474,0
2.87569,-0.0633369,-2.07303,0
2.87578,-0.0540554,-2.06429,0
2.87587,-0.0452005,-2.07151,0
2.87595,-0.0362138,-2.07468,0
2.87604,-0.0271348,-2.07282,0
2.87613,-0.0180465,-2.06792,0
2.87622,-0.00904517,-2.07298,0
2.8763,-2.49722e-08,-2.073,0
2.87639,0.00904075,-2.07198,0
2.87648,0.0180465,-2.06792,0
2.87656,0.0270562,-2.06682,0
2.87665,0.0362835,-2.07868,0
2.87674,0.0449605,-2.06051,0
2.87683,0.0543695,-2.07629,0
2.87691,0.0629704,-2.06104,0
2.877,0.0724164,-2.07374,0
2.87709,0.0812678,-2.0684,0
2.87718,0.0901612,-2.06503,0
2.87726,0.0993627,-2.06862,0
2.87735,0.108545,-2.07116,0
2.87744,0.117751,-2.07366,0
2.87752,0.12637,-2.06614,0
2.87761,0.135188,-2.06257,0
2.8777,0.144117,-2.06097,0
2.87779,0.153108,-2.06032,0
2.87787,0.162646,-2.06661,0
2.87796,0.171661,-2.06588,0
2.87805,0.180412,-2.06212,0
2.87814,0.190323,-2.07127,0
2.87822,0.199263,-2.06943,0
2.87831,0.208291,-2.06854,0
2.8784,0.216897,-2.06363,0
2.87848,0.226987,-2.07261,0
2.87857,0.235689,-2.06862,0
2.87866,0.244948,-2.06955,0
2.87875,0.252879,-2.05953,0
2.87883,0.263503,-2.07131,0
2.87892,0.271886,-2.06518,0
2.87901,0.280085,-2.05803,0
2.87909,0.290733,-2.06867,0
2.87918,0.299469,-2.0654,0
2.87927,0.308183,-2.0621,0
2.87936,0.317329,-2.06172,0
2.87944,0.327574,-2.06822,0
2.87953,0.336113,-2.06381,0
2.87962,0.34561,-2.06528,0
2.87971,0.354618,-2.06375,0
2.87979,0.364661,-2.0681,0
2.87988,0.37297,-2.06255,0
2.87997,0.382512,-2.06385,0
2.88005,0.39226,-2.06609,0
2.88014,0.400699,-2.06142,0
2.88023,0.408909,-2.05573,0
2.88032,0.419869,-2.06372,0
2.8804,0.428259,-2.05893,0
2.88049,0.437446,-2.05802,0
2.88058,0.447695,-2.06196,0
2.88067,0.45777,-2.06487,0
2.88075,0.466554,-2.06187,0
2.88084,0.475547,-2.05982,0
2.88093,0.48453,-2.05772,0
2.88101,0.494671,-2.06045,0
2.8811,0.505558,-2.06604,0
2.88119,0.512874,-2.05703,0
2.88128,0.522583,-2.05768,0
2.88136,0.532558,-2.05925,0
2.88145,0.542048,-2.05884,0
2.88154,0.549473,-2.05066,0
2.88163,0.564202,-2.06947,0
2.88171,0.570287,-2.05639,0
2.8818,0.580068,-2.05677,0
2.88189,0.590691,-2.05998,0
2.88197,0.598274,-2.05259,0
2.88206,0.611769,-2.0653,0
2.88215,0.620775,-2.06261,0
2.88224,0.630353,-2.06179,0
2.88232,0.639047,-2.05807,0
2.88241,0.650126,-2.06194,0
2.8825,0.658507,-2.05717,0
2.88259,0.668713,-2.05809,0
2.88267,0.678313,-2.05705,0
2.88276,0.688551,-2.05786,0
2.88285,0.697524,-2.05484,0
2.88293,0.706808,-2.05272,0
2.88302,0.717407,-2.05434,0
2.88311,0.727699,-2.05496,0
2.8832,0.739024,-2.05835,0
2.88328,0.745946,-2.04947,0
2.88337,0.759727,-2.05933,0
2.88346,0.767304,-2.05225,0
2.88355,0.77944,-2.0573,0
2.88363,0.786259,-2.04828,0
2.88372,0.800263,-2.05787,0
2.88381,0.808868,-2.05343,0
2.88389,0.820785,-2.05731,0
2.88398,0.826757,-2.04629,0
2.88407,0.838328,-2.04915,0
2.88416,0.848792,-2.04916,0
2.88424,0.861592,-2.05466,0
2.88433,0.874456,-2.06009,0
2.88442,0.883437,-2.05625,0
2.88451,0.891603,-2.05055,0
2.88459,0.907388,-2.0622,0
2.88468,0.910683,-2.04543,0
2.88477,0.928225,-2.06058,0
2.88485,0.934718,-2.05105,0
2.88494,0.947846,-2.05604,0
2.88503,0.958921,-2.05641,0
2.88512,0.967031,-2.0504,0
2.8852,0.977691,-2.04977,0
2.88529,0.989666,-2.05179,0
2.88538,1.00036,-2.05105,0
2.88547,1.01063,-2.04935,0
2.88555,1.02224,-2.05029,0
2.88564,1.03343,-2.05028,0
2.88573,1.04509,-2.0511,0
2.88581,1.05998,-2.05807,0
2.8859,1.06387,-2.04367,0
2.88599,1.07976,-2.05229,0
2.88608,1.0887,-2.04756,0
2.88616,1.10331,-2.05336,0
2.88625,1.11035,-2.04501,0
2.88634,1.12599,-2.05242,0
2.88643,1.13542,-2.04836,0
2.88651,1.14826,-2.05037,0
2.8866,1.16015,-2.05056,0
2.88669,1.17107,-2.04895,0
2.88677,1.182,-2.04728,0
2.88686,1.19546,-2.04988,0
2.88695,1.2054,-2.04637,0
2.88704,1.21585,-2.04367,0
2.88712,1.22785,-2.04349,0
2.88721,1.23779,-2.03982,0
2.8873,1.25347,-2.04548,0
2.88739,1.26449,-2.0434,0
2.88747,1.28081,-2.04973,0
2.88756,1.29028,-2.04497,0
2.88765,1.30779,-2.05281,0
2.88773,1.31511,-2.04457,0
2.88782,1.32674,-2.043,0
2.88791,1.33893,-2.04221,0
2.888,1.35556,-2.04802,0
2.88808,1.36559,-2.04375,0
2.88817,1.37953,-2.04524,0
2.88826,1.3935,-2.04664,0
2.88835,1.40412,-2.04301,0
2.88843,1.41815,-2.04426,0
2.88852,1.43165,-2.0446,0
2.88861,1.44229,-2.04079,0
2.88869,1.45002,-2.03285,0
2.88878,1.46647,-2.03705,0
2.88887,1.48298,-2.04115,0
2.88896,1.50607,-2.05401,0
2.88904,1.51144,-2.0426,0
2.88913,1.53051,-2.04961,0
2.88922,1.54125,-2.04531,0
2.88931,1.55439,-2.04413,0
2.88939,1.56452,-2.03892,0
2.88948,1.5783,-2.0384,0
2.88957,1.59148,-2.03701,0
2.88965,1.60717,-2.03868,0
2.88974,1.62725,-2.04574,0
2.88983,1.64055,-2.04408,0
2.88992,1.65574,-2.04467,0
2.89,1.66908,-2.04285,0
2.89009,1.68243,-2.04095,0
2.89018,1.69771,-2.04128,0
2.89027,1.7066,-2.03385,0
2.89035,1.72386,-2.0363,0
2.89044,1.74312,-2.04093,0
2.89053,1.75984,-2.0424,0
2.89061,1.77661,-2.04375,0
2.8907,1.79804,-2.05027,0
2.89079,1.80431,-2.03941,0
2.89088,1.82252,-2.04196,0
2.89096,1.83342,-2.03622,0
2.89105,1.85035,-2.03708,0
2.89114,1.86328,-2.03341,0
2.89123,1.88571,-2.03995,0
2.89131,1.90141,-2.03901,0
2.8914,1.91851,-2.03944,0
2.89149,1.93221,-2.03613,0
2.89157,1.9556,-2.04285,0
2.89166,1.97005,-2.04005,0
2.89175,1.98521,-2.03788,0
2.89184,1.99969,-2.0349,0
2.89192,2.017,-2.03468,0
2.89201,2.02728,-2.02728,0
2.8921,2.03681,-2.01911,0
2.89218,2.02991,-1.99479,0
2.89227,2.03788,-1.98521,0
2.89236,2.03357,-1.9638,0
2.89245,2.03057,-1.94384,0
2.89253,2.03177,-1.92808,0
2.89262,2.0307,-1.91029,0
2.89271,2.02877,-1.89186,0
2.8928,2.02673,-1.87349,0
2.89288,2.02972,-1.8599,0
2.89297,2.02524,-1.8396,0
2.89306,2.02804,-1.82606,0
2.89314,2.02853,-1.81053,0
2.89323,2.02817,-1.79438,0
2.89332,2.01643,-1.76837,0
2.89341,2.0196,-1.75561,0
2.89349,2.01891,-1.7396,0
2.89358,2.01279,-1.71909,0
2.89367,2.01875,-1.709,0
2.89376,2.02236,-1.69696,0
2.89384,2.01898,-1.67917,0
2.89393,2.01471,-1.6608,0
2.89402,2.02271,-1.65263,0
2.8941,2.01203,-1.62931,0
2.89419,2.01678,-1.61864,0
2.89428,2.00817,-1.59737,0
2.89437,2.01984,-1.59231,0
2.89445,2.01416,-1.57363,0
2.89454,2.0131,-1.55871,0
2.89463,2.01591,-1.54686,0
2.89472,2.02344,-1.53866,0
2.8948,2.02454,-1.5256,0
2.89489,2.02797,-1.51436,0
2.89498,2.03054,-1.50252,0
2.89506,2.03143,-1.48951,0
2.89515,2.01122,-1.46123,0
2.89524,2.01351,-1.44952,0
2.89533,2.01331,-1.43608,0
2.89541,2.01874,-1.4267,0
2.8955,2.0102,-1.40756,0
2.89559,2.00975,-1.39421,0
2.89568,2.00592,-1.37863,0
2.89576,2.00283,-1.36368,0
2.89585,2.00295,-1.35101,0
2.89594,2.00717,-1.34115,0
2.89602,2.00383,-1.3263,0
2.89611,2.00792,-1.31645,0
2.8962,2.00862,-1.30441,0
2.89629,2.01261,-1.29455,0
2.89637,2.00137,-1.27501,0
2.89646,2.00945,-1.26787,0
2.89655,2.00309,-1.25167,0
2.89664,2.00343,-1.23976,0
2.89672,2.00115,-1.2263,0
2.89681,1.99536,-1.21082,0
2.8969,2.00234,-1.20313,0
2.89698,2.00757,-1.19438,0
2.89707,2.00329,-1.18003,0
2.89716,1.99978,-1.16624,0
2.89725,2.00052,-1.155,0
2.89733,2.00293,-1.14477,0
2.89742,2.00878,-1.13651,0
2.89751,2.00151,-1.1209,0
2.8976,2.00375,-1.1107,0
2.89768,1.99894,-1.09665,0
2.89777,2.0037,-1.08792,0
2.89786,1.9961,-1.07254,0
2.89794,2.00606,-1.06664,0
2.89803,1.9983,-1.05136,0
2.89812,2.00642,-1.04448,0
2.89821,1.99673,-1.02838,0
2.89829,1.99764,-1.01785,0
2.89838,1.99224,-1.00417,0
2.89847,2.00197,-0.998145,0
2.89856,1.99823,-0.985419,0
2.89864,2.00161,-0.976253,0
2.89873,2.00045,-0.964903,0
2.89882,2.00554,-0.956596,0
2.8989,2.00065,-0.94357,0
2.89899,1.99932,-0.932296,0
2.89908,1.98974,-0.917284,0
2.89917,2.001,-0.91191,0
2.89925,2.00041,-0.901117,0
2.89934,1.9961,-0.88872,0
2.89943,2.00545,-0.882418,0
2.89952,2.00378,-0.871267,0
2.8996,1.99929,-0.858963,0
2.89969,1.99013,-0.844761,0
2.89978,1.99011,-0.834522,0
2.89986,1.99281,-0.825448,0
2.89995,1.99547,-0.816366,0
2.90004,1.99437,-0.805779,0
2.90013,1.9988,-0.79744,0
2.90021,1.99202,-0.784679,0
2.9003,1.9945,-0.775617,0
2.90039,1.99413,-0.765474,0
2.90048,2.00025,-0.757829,0
2.90056,1.98762,-0.74314,0
2.90065,1.99553,-0.736191,0
2.90074,1.99027,-0.724399,0
2.90082,1.99812,-0.717397,0
2.90091,1.99463,-0.706335,0
2.901,1.99392,-0.696307,0
2.90109,1.98748,-0.684344,0
2.90117,1.99045,-0.675666,0
2.90126,1.99432,-0.667292,0
2.90135,1.98962,-0.656078,0
2.90144,1.99532,-0.648318,0
2.90152,1.99051,-0.637166,0
2.90161,1.98945,-0.627272,0
2.9017,1.99122,-0.618289,0
2.90178,1.99103,-0.608718,0
2.90187,1.98888,-0.598584,0
2.90196,1.99722,-0.591604,0
2.90205,1.98826,-0.579526,0
2.90213,1.98404,-0.568916,0
2.90222,1.98555,-0.559982,0
2.90231,1.99471,-0.553183,0
2.9024,1.99132,-0.542896,0
2.90248,1.99657,-0.534979,0
2.90257,1.98535,-0.522698,0
2.90266,1.9818,-0.512528,0
2.90274,1.98983,-0.505353,0
2.90283,1.99105,-0.496424,0
2.90292,1.98834,-0.486543,0
2.90301,1.99044,-0.477863,0
2.90309,1.98375,-0.46711,0
2.90318,1.98382,-0.458,0
2.90327,1.9897,-0.450223,0
2.90336,1.99262,-0.441753,0
2.90344,1.98867,-0.431782,0
2.90353,1.98466,-0.421853,0
2.90362,1.98061,-0.411967,0
2.9037,1.99317,-0.405514,0
2.90379,1.98707,-0.395253,0
2.90388,1.98583,-0.386007,0
2.90397,1.98258,-0.376406,0
2.90405,1.98912,-0.368663,0
2.90414,1.98481,-0.358912,0
2.90423,1.99424,-0.351638,0
2.90432,1.97801,-0.339884,0
2.9044,1.98342,-0.331911,0
2.90449,1.98288,-0.322932,0
2.90458,1.98229,-0.313964,0
2.90466,1.98661,-0.305768,0
2.90475,1.97902,-0.295767,0
2.90484,1.98524,-0.287846,0
2.90493,1.98747,-0.27932,0
2.90501,1.99461,-0.271455,0
2.9051,1.99875,-0.263141,0
2.90519,1.99294,-0.253534,0
2.90527,1.99204,-0.244592,0
2.90536,1.98415,-0.23484,0
2.90545,1.98714,-0.226406,0
2.90554,1.97917,-0.216754,0
2.90562,1.98407,-0.208534,0
2.90571,1.98098,-0.199474,0
2.9058,1.98183,-0.190829,0
2.90589,1.98763,-0.182637,0
2.90597,1.98243,-0.17344,0
2.90606,1.98117,-0.164623,0
2.90615,1.98087,-0.155898,0
2.90623,1.97954,-0.147105,0
2.90632,1.98116,-0.138536,0
2.90641,1.98474,-0.130087,0
2.9065,1.9823,-0.121242,0
2.90658,1.97881,-0.112365,0
2.90667,1.97429,-0.103468,0
2.90676,1.98271,-0.0952366,0
2.90685,1.98211,-0.0865409,0
2.90693,1.97448,-0.0775774,0
2.90702,1.9728,-0.0688917,0
2.90711,1.97708,-0.0604052,0
2.90719,1.96733,-0.0515163,0
2.90728,1.93854,-0.0422991,0
2.90737,1.73274,-0.0302451,0
2.90746,1.69685,-0.0222131,0
2.90754,1.69194,-0.0147653,0
2.90763,1.69198,-0.00738276,0
2.90772,1.686,-4.08255e-08,0
2.90781,1.68798,0.00736522,0
2.90789,1.67794,0.0146431,0
2.90798,1.69285,0.0221606,0
2.90807,1.68974,0.0294945,0
2.90815,1.6946,0.0369762,0
2.90824,1.69242,0.0443175,0
2.90833,1.68521,0.0514879,0
2.90842,1.68797,0.0589452,0
2.9085,1.6817,0.0660742,0
2.90859,1.68839,0.0737167,0
2.90868,1.68006,0.0806992,0
2.90877,1.68169,0.0881337,0
2.90885,1.68129,0.0954706,0
2.90894,1.69583,0.103721,0
2.90903,1.75324,0.114913,0
2.90911,1.93926,0.135607,0
2.9092,1.97156,0.146512,0
2.90929,1.98087,0.155898,0
2.90938,1.9732,0.16396,0
2.90946,1.97944,0.173178,0
2.90955,1.97667,0.181631,0
2.90964,1.98382,0.191021,0
2.90973,1.98596,0.199975,0
2.90981,1.98109,0.208221,0
2.9099,1.98612,0.217516,0
2.90999,1.9782,0.225388,0
2.91007,1.98713,0.235192,0
2.91016,1.97219,0.242154,0
2.91025,1.97905,0.251767,0
2.91034,1.98388,0.261183,0
2.91042,1.98173,0.269702,0
2.91051,1.98351,0.278764,0
2.9106,1.97732,0.286698,0
2.91069,1.98199,0.29621,0
2.91077,1.97672,0.304247,0
2.91086,1.97636,0.313025,0
2.91095,1.97794,0.322128,0
2.91103,1.97849,0.331085,0
2.91112,1.9859,0.341239,0
2.91121,1.96962,0.347296,0
2.9113,1.98579,0.35909,0
2.91138,1.97241,0.365564,0
2.91147,1.97964,0.375846,0
2.91156,1.97405,0.383717,0
2.91165,1.98511,0.394863,0
2.91173,1.97553,0.401926,0
2.91182,1.97082,0.409931,0
2.91191,1.97586,0.419982,0
2.91199,1.97694,0.429235,0
2.91208,1.977,0.43829,0
2.91217,1.97214,0.44625,0
2.91226,1.97407,0.455751,0
2.91234,1.97304,0.464589,0
2.91243,1.97683,0.474594,0
2.91252,1.96794,0.481552,0
2.91261,1.97746,0.493037,0
2.91269,1.96948,0.500183,0
2.91278,1.96824,0.509022,0
2.91287,1.97084,0.518879,0
2.91295,1.97145,0.52825,0
2.91304,1.97492,0.538425,0
2.91313,1.97062,0.546502,0
2.91322,1.97688,0.557539,0
2.9133,1.97443,0.566159,0
2.91339,1.97386,0.575328,0
2.91348,1.97805,0.585924,0
2.91357,1.97164,0.593396,0
2.91365,1.96903,0.601993,0
2.91374,1.96639,0.610579,0
2.91383,1.97229,0.62186,0
2.91391,1.97146,0.631069,0
2.914,1.97534,0.641828,0
2.91409,1.97063,0.649815,0
2.91418,1.96493,0.657455,0
2.91426,1.96204,0.666023,0
2.91435,1.96762,0.677507,0
2.91444,1.97598,0.690042,0
2.91453,1.97201,0.698324,0
2.91461,1.97176,0.707935,0
2.9147,1.97148,0.717558,0
2.91479,1.9627,0.724077,0
2.91487,1.97076,0.736836,0
2.91496,1.96939,0.746137,0
2.91505,1.96799,0.75544,0
2.91514,1.96467,0.764019,0
2.91522,1.9669,0.774784,0
2.91531,1.97279,0.787064,0
2.9154,1.96563,0.794166,0
2.91549,1.96955,0.805764,0
2.91557,1.96694,0.814733,0
2.91566,1.97167,0.826788,0
2.91575,1.96436,0.83382,0
2.91583,1.96805,0.845541,0
2.91592,1.95792,0.851329,0
2.91601,1.96609,0.8651,0
2.9161,1.96595,0.875297,0
2.91618,1.9767,0.890438,0
2.91627,1.97098,0.898225,0
2.91636,1.96885,0.907654,0
2.91645,1.96941,0.918349,0
2.91653,1.969,0.92864,0
2.91662,1.97756,0.94325,0
2.91671,1.96712,0.948828,0
2.91679,1.97735,0.964417,0
2.91688,1.96684,0.969939,0
2.91697,1.97602,0.985205,0
2.91706,1.97259,0.994267,0
2.91714,1.97803,1.00786,0
2.91723,1.96295,1.01099,0
2.91732,1.96916,1.02508,0
2.9174,1.96644,1.0346,0
2.91749,1.95749,1.04082,0
2.91758,1.96615,1.05645,0
2.91767,1.96504,1.06693,0
2.91775,1.9665,1.07886,0
2.91784,1.9644,1.08888,0
2.91793,1.96137,1.09842,0
2.91802,1.9731,1.11632,0
2.9181,1.9656,1.12343,0
2.91819,1.95982,1.1315,0
2.91828,1.96436,1.14558,0
2.91836,1.96193,1.15566,0
2.91845,1.96632,1.16984,0
2.91854,1.95777,1.17635,0
2.91863,1.96801,1.19422,0
2.91871,1.95851,1.20018,0
2.9188,1.96516,1.21608,0
2.91889,1.9573,1.22305,0
2.91898,1.95871,1.23585,0
2.91906,1.95414,1.24492,0
2.91915,1.96635,1.2648,0
2.91924,1.95913,1.27228,0
2.91932,1.96276,1.28684,0
2.91941,1.96297,1.29926,0
2.9195,1.96144,1.31059,0
2.91959,1.96482,1.32529,0
2.91967,1.95654,1.33216,0
2.91976,1.96142,1.34805,0
2.91985,1.96045,1.36001,0
2.91994,1.96842,1.3783,0
2.92002,1.96157,1.3863,0
2.92011,1.9669,1.40298,0
2.9202,1.96076,1.41155,0
2.92028,1.96348,1.42655,0
2.92037,1.96853,1.44339,0
2.92046,1.96382,1.45315,0
2.92055,1.95826,1.46231,0
2.92063,1.95346,1.47204,0
2.92072,1.95976,1.49023,0
2.92081,1.95324,1.49877,0
2.9209,1.96012,1.51769,0
2.92098,1.96215,1.533,0
2.92107,1.97193,1.55454,0
2.92116,1.95574,1.55566,0
2.92124,1.95985,1.57295,0
2.92133,1.96229,1.58903,0
2.92142,1.96231,1.60328,0
2.92151,1.9607,1.61627,0
2.92159,1.96516,1.63441,0
2.92168,1.96107,1.64554,0
2.92177,1.96303,1.66183,0
2.92186,1.96337,1.67687,0
2.92194,1.95528,1.68477,0
2.92203,1.95545,1.69985,0
2.92212,1.96005,1.71891,0
2.9222,1.95328,1.72811,0
2.92229,1.95542,1.74528,0
2.92238,1.95744,1.76249,0
2.92247,1.95714,1.77774,0
2.92255,1.95231,1.78896,0
2.92264,1.96138,1.81308,0
2.92273,1.95857,1.82639,0
2.92282,1.9564,1.8404,0
2.9229,1.95488,1.85512,0
2.92299,1.96266,1.87884,0
2.92308,1.95876,1.89155,0
2.92316,1.96553,1.91474,0
2.92325,1.95645,1.92259,0
2.92334,1.97005,1.95294,0
2.92343,1.95939,1.95939,0
2.92351,1.96772,1.98497,0
2.9236,1.96395,1.99853,0
2.92369,1.9594,2.01138,0
2.92378,1.96033,2.02998,0
2.92386,1.95837,2.04573,0
2.92395,1.9625,2.06804,0
2.92404,1.96236,2.08605,0
2.92412,1.96347,2.10557,0
2.92421,1.96581,2.1266,0
2.9243,1.96867,2.14843,0
2.92439,1.9586,2.15626,0
2.92447,1.94717,2.16255,0
2.92456,1.92839,2.16058,0
2.92465,1.91033,2.15924,0
2.92474,1.88903,2.15402,0
2.92482,1.87436,2.15621,0
2.92491,1.86559,2.16512,0
2.925,1.83924,2.15347,0
2.92508,1.82724,2.15842,0
2.92517,1.80945,2.15641,0
2.92526,1.79554,2.15891,0
2.92535,1.77593,2.15438,0
2.92543,1.76335,2.15823,0
2.92552,1.74448,2.15425,0
2.92561,1.7263,2.15092,0
2.9257,1.7169,2.15843,0
2.92578,1.70189,2.15884,0
2.92587,1.68507,2.15679,0
2.92596,1.6738,2.16175,0
2.92604,1.65827,2.16109,0
2.92613,1.64458,2.16274,0
2.92622,1.62069,2.15073,0
2.92631,1.61189,2.15858,0
2.92639,1.59531,2.15594,0
2.92648,1.57939,2.15401,0
2.92657,1.5641,2.15279,0
2.92666,1.55177,2.15554,0
2.92674,1.53596,2.15334,0
2.92683,1.52366,2.15593,0
2.92692,1.5108,2.15765,0
2.927,1.4951,2.15518,0
2.92709,1.47719,2.14932,0
2.92718,1.46329,2.14913,0
2.92727,1.44887,2.14804,0
2.92735,1.43115,2.14187,0
2.92744,1.4251,2.15309,0
2.92753,1.41186,2.15344,0
2.92762,1.39918,2.15454,0
2.9277,1.38273,2.1497,0
2.92779,1.37334,2.15571,0
2.92788,1.34898,2.138,0
2.92796,1.33381,2.13454,0
2.92805,1.32395,2.13949,0
2.92814,1.29998,2.12137,0
2.92823,1.32806,2.18857,0
2.92831,1.18459,1.97148,0
2.9284,1.11155,1.86835,0
2.92849,1.08867,1.84819,0
2.92858,1.07707,1.84688,0
2.92866,1.066,1.84637,0
2.92875,1.05942,1.8536,0
2.92884,1.0597,1.87301,0
2.92892,1.05835,1.88983,0
2.92901,1.05349,1.90055,0
2.9291,1.05866,1.92968,0
2.92919,1.06072,1.95361,0
2.92927,1.06118,1.97496,0
2.92936,1.05537,1.98487,0
2.92945,1.03087,1.95936,0
2.92954,0.935503,1.79708,0
2.92962,0.916206,1.77892,0
2.92971,0.907527,1.78112,0
2.9298,0.898397,1.78239,0
2.92988,0.887487,1.78002,0
2.92997,0.878828,1.78209,0
2.93006,0.867098,1.77781,0
2.93015,0.858464,1.77978,0
2.93023,0.85112,1.78441,0
2.93032,0.841194,1.78359,0
2.93041,0.836362,1.79358,0
2.93049,0.826434,1.79267,0
2.93058,0.815287,1.78898,0
2.93067,0.805009,1.78705,0
2.93076,0.778901,1.74944,0
2.93084,0.763608,1.73543,0
2.93093,0.753237,1.73233,0
2.93102,0.743697,1.731,0
2.93111,0.729886,1.7195,0
2.93119,0.719669,1.71622,0
2.93128,0.714853,1.72581,0
2.93137,0.717539,1.7539,0
2.93145,0.715873,1.77185,0
2.93154,0.713694,1.78889,0
2.93163,0.735934,1.86828,0
2.93172,0.742636,1.90968,0
2.9318,0.741463,1.93158,0
2.93189,0.743657,1.96285,0
2.93198,0.74244,1.98574,0
2.93207,0.744152,2.01711,0
2.93215,0.742526,2.04007,0
2.93224,0.741051,2.064,0
2.93233,0.742387,2.09643,0
2.93241,0.732902,2.09871,0
2.9325,0.728622,2.11607,0
2.93259,0.720024,2.12112,0
2.93268,0.711397,2.12614,0
2.93276,0.702113,2.12923,0
2.93285,0.689108,2.12086,0
2.93294,0.677409,2.11622,0
2.93303,0.667868,2.11821,0
2.93311,0.660991,2.12874,0
2.9332,0.650819,2.12873,0
2.93329,0.639219,2.12389,0
2.93337,0.629378,2.12474,0
2.93346,0.616184,2.11403,0
2.93355,0.60778,2.11958,0
2.93364,0.597712,2.11933,0
2.93372,0.583916,2.10553,0
2.93381,0.569989,2.09069,0
2.9339,0.528767,1.97339,0
2.93399,0.50513,1.91862,0
2.93407,0.491746,1.90144,0
2.93416,0.483691,1.90454,0
2.93425,0.47199,1.89305,0
2.93433,0.458496,1.87372,0
2.93442,0.448215,1.86695,0
2.93451,0.439377,1.86597,0
2.9346,0.431681,1.86982,0
2.93468,0.421311,1.86193,0
2.93477,0.411019,1.85399,0
2.93486,0.401652,1.8499,0
2.93495,0.384637,1.80957,0
2.93503,0.375923,1.80732,0
2.93512,0.368033,1.80894,0
2.93521,0.372427,1.87232,0
2.93529,0.377039,1.9397,0
2.93538,0.369877,1.9482,0
2.93547,0.373036,2.01272,0
2.93556,0.37902,2.09601,0
2.93564,0.37126,2.10552,0
2.93573,0.362239,2.1081,0
2.93582,0.354192,2.11657,0
2.93591,0.344793,2.11711,0
2.93599,0.335083,2.11563,0
2.93608,0.324327,2.10719,0
2.93617,0.314539,2.10463,0
2.93625,0.306931,2.11686,0
2.93634,0.297691,2.11818,0
2.93643,0.288177,2.11748,0
2.93652,0.278804,2.11773,0
2.9366,0.269056,2.11495,0
2.93669,0.259338,2.11214,0
2.93678,0.250355,2.11524,0
2.93687,0.241576,2.12028,0
2.93695,0.232213,2.12032,0
2.93704,0.222332,2.11535,0
2.93713,0.2133,2.11829,0
2.93721,0.203864,2.11721,0
2.9373,0.193435,2.10513,0
2.93739,0.183812,2.10097,0
2.93748,0.175636,2.11372,0
2.93756,0.166804,2.11945,0
2.93765,0.157332,2.11716,0
2.93774,0.147465,2.10885,0
2.93783,0.138459,2.11247,0
2.93791,0.128996,2.10906,0
2.938,0.118488,2.08664,0
2.93809,0.106347,2.02922,0
2.93817,0.094373,1.96473,0
2.93826,0.0837493,1.91817,0
2.93835,0.0743582,1.89254,0
2.93844,0.0657856,1.88385,0
2.93852,0.0569849,1.86513,0
2.93861,0.0488724,1.86636,0
2.9387,0.040903,1.87455,0
2.93879,0.0327233,1.87471,0
2.93887,0.0246478,1.88284,0
2.93896,0.0164321,1.88293,0
2.93905,0.00822491,1.88498,0
2.93913,6.88354e-08,1.892,0
2.93922,-0.00830331,1.90298,0
2.93931,-0.0165454,1.89593,0
2.9394,-0.0247785,1.89284,0
2.93948,-0.0330199,1.89171,0
2.93957,-0.0413173,1.89355,0
2.93966,-0.0495267,1.89135,0
2.93975,-0.057565,1.88412,0
2.93983,-0.0657506,1.88285,0
2.93992,-0.0736514,1.87455,0
2.94001,-0.0822661,1.8842,0
2.94009,-0.0905347,1.88483,0
2.94018,-0.0985485,1.88042,0
2.94027,-0.106752,1.87997,0
2.94036,-0.114466,1.8715,0
2.94044,-0.121846,1.85901,0
2.94053,-0.129886,1.85746,0
2.94062,-0.137101,1.84491,0
2.94071,-0.143423,1.82236,0
2.94079,-0.143921,1.73203,0
2.94088,-0.148252,1.69453,0
2.94097,-0.155919,1.69685,0
2.94105,-0.159487,1.65634,0
2.94114,-0.166112,1.64966,0
2.94123,-0.0536231,0.51019,0
2.94132,-0.0583526,0.532814,0
2.9414,-0.062941,0.552426,0
2.94149,-0.0635877,0.53725,0
2.94158,-0.066175,0.538953,0
2.94167,-0.068526,0.538659,0
2.94175,-0.0702231,0.533397,0
2.94184,-0.0745725,0.547949,0
2.94193,-0.0750143,0.533754,0
2.94201,-0.078347,0.54035,0
2.9421,-0.0826254,0.55286,0
2.94219,-0.08382,0.544587,0
2.94228,-0.0861954,0.544216,0
2.94236,-0.0885691,0.543835,0
2.94245,-0.090281,0.539498,0
2.94254,-0.0921261,0.536143,0
2.94262,-0.097243,0.551492,0
2.94271,-0.0989366,0.547127,0
2.9428,-0.102234,0.551606,0
2.94289,-0.104453,0.550172,0
2.94297,-0.107235,0.551674,0
2.94306,-0.110421,0.555124,0
2.94315,-0.112045,0.550718,0
2.94324,-0.115261,0.55414,0
2.94332,-0.115599,0.54385,0
2.94341,-0.116698,0.537477,0
2.9435,-0.122505,0.552584,0
2.94358,-0.124473,0.550093,0
2.94367,-0.127547,0.552468,0
2.94376,-0.132936,0.56456,0
2.94385,-0.136566,0.568836,0
2.94393,-0.135481,0.553665,0
2.94402,-0.138863,0.55695,0
2.94411,-0.141538,0.557308,0
2.9442,-0.14472,0.559589,0
2.94428,-0.146651,0.557018,0
2.94437,-0.150891,0.563135,0
2.94446,-0.154136,0.565365,0
2.94454,-0.1558,0.561797,0
2.94463,-0.16015,0.567849,0
2.94472,-0.160972,0.561377,0
2.94481,-0.164819,0.565469,0
2.94489,-0.167569,0.565704,0
2.94498,-0.168883,0.561137,0
2.94507,-0.170745,0.558482,0
2.94516,-0.178221,0.573967,0
2.94524,-0.176815,0.560786,0
2.94533,-0.184443,0.576199,0
2.94542,-0.184174,0.56683,0
2.9455,-0.187272,0.56792,0
2.94559,-0.189431,0.566149,0
2.94568,-0.193828,0.570999,0
2.94577,-0.194364,0.564475,0
2.94585,-0.198144,0.567398,0
2.94594,-0.201953,0.570298,0
2.94603,-0.207143,0.576941,0
2.94612,-0.20658,0.567574,0
2.9462,-0.210093,0.569482,0
2.94629,-0.215027,0.575117,0
2.94638,-0.220015,0.580719,0
2.94646,-0.219321,0.571351,0
2.94655,-0.220725,0.567593,0
2.94664,-0.225032,0.571276,0
2.94673,-0.230116,0.576791,0
2.94681,-0.236002,0.584126,0
2.9469,-0.240063,0.586793,0
2.94699,-0.239942,0.579272,0
2.94708,-0.244788,0.583753,0
2.94716,-0.248114,0.584521,0
2.94725,-0.25382,0.590783,0
2.94734,-0.255199,0.586918,0
2.94742,-0.258161,0.586715,0
2.94751,-0.258684,0.581015,0
2.9476,-0.261217,0.579881,0
2.94769,-0.268307,0.588745,0
2.94777,-0.27171,0.589385,0
2.94786,-0.281041,0.602695,0
2.94795,-0.27599,0.585182,0
2.94804,-0.282846,0.592999,0
2.94812,-0.280217,0.58095,0
2.94821,-0.287571,0.589609,0
2.9483,-0.294122,0.59642,0
2.94838,-0.298506,0.598711,0
2.94847,-0.302916,0.600975,0
2.94856,-0.298272,0.585391,0
2.94865,-0.304486,0.591196,0
2.94873,-0.308448,0.592523,0
2.94882,-0.311962,0.592942,0
2.94891,-0.319241,0.600404,0
2.949,-0.317124,0.590197,0
2.94908,-0.320651,0.590565,0
2.94917,-0.324667,0.591791,0
2.94926,-0.326277,0.588619,0
2.94934,-0.326399,0.582827,0
2.94943,-0.326969,0.577916,0
2.94952,-0.328495,0.574748,0
2.94961,-0.3275,0.567247,0
2.94969,-0.322919,0.553719,0
2.94978,-0.310106,0.526455,0
2.94987,-0.304731,0.512206,0
2.94996,-0.299237,0.498014,0
2.95004,-0.297776,0.490719,0
2.95013,-0.297302,0.485152,0
2.95022,-0.297837,0.481299,0
2.9503,-0.299404,0.479147,0
2.95039,-0.305761,0.484602,0
2.95048,-0.304112,0.47736,0
2.95057,-0.304569,0.473505,0
2.95065,-0.302819,0.466301,0
2.95074,-0.299368,0.456612,0
2.95083,-0.291423,0.440292,0
2.95092,-0.288341,0.431533,0
2.951,-0.296372,0.43939,0
2.95109,-0.291533,0.428174,0
2.95118,-0.283769,0.412887,0
2.95126,-0.282148,0.406715,0
2.95135,-0.33841,0.4833,0
2.95144,-0.339938,0.481002,0
2.95153,-0.344357,0.482771,0
2.95161,-0.115681,0.160692,0
2.9517,-0.346793,0.47732,0
2.95179,-0.347099,0.473383,0
2.95188,-0.348566,0.47106,0
2.95196,-0.35002,0.468733,0
2.95205,-0.352062,0.467202,0
2.95214,-0.348649,0.458497,0
2.95222,-0.350038,0.456178,0
2.95231,-0.351413,0.453856,0
2.9524,-0.0609505,0.0780131,0
2.95249,-0.347312,0.440563,0
2.95257,-0.0709667,0.0892173,0
2.95266,-0.0788664,0.0982654,0
2.95275,-0.0730012,0.0901489,0
2.95284,-0.26194,0.320599,0
2.95292,-0.31295,0.379639,0
2.95301,-0.0652228,0.0784219,0
2.9531,-0.0597792,0.0712421,0
2.95318,-0.171223,0.202257,0
2.95327,-0.102613,0.120144,0
2.95336,-0.0933446,0.108332,0
2.95345,-0.0603574,0.0694333,0
2.95353,-0.0632972,0.0721766,0
2.95362,-0.0636115,0.0718997,0
2.95371,-0.0539364,0.0604306,0
2.9538,-0.071597,0.0795165,0
2.95388,-0.0712709,0.0784631,0
2.95397,-0.0783685,0.0855242,0
2.95406,-0.0563405,0.0609488,0
2.95414,-0.0559239,0.059971,0
2.95423,-0.0575554,0.0611832,0
2.95432,-0.0371711,0.0391702,0
2.95441,-0.0401078,0.0418971,0
2.95449,-0.054878,0.0568279,0
2.95458,-0.056521,0.0580205,0
2.95467,-0.0728946,0.0741781,0
2.95476,-0.0647693,0.0653371,0
2.95484,-0.0516188,0.0516188,0
