7200
574
0.488692
0.5044,-0.0367696,-0.0367696,0
0.504487,-0.0387208,-0.0390602,0
0.504575,-0.0546709,-0.0556335,0
0.504662,-0.0327962,-0.0336662,0
0.504749,-0.054878,-0.0568278,0
0.504836,-0.0656937,-0.0686246,0
0.504924,-0.0502499,-0.0529523,0
0.505011,-0.0479628,-0.050986,0
0.505098,-0.0552419,-0.0592396,0
0.505186,-0.0515889,-0.0558085,0
0.505273,-0.0601275,-0.0656177,0
0.50536,-0.0544617,-0.0599577,0
0.505447,-0.0588835,-0.0653967,0
0.505535,-0.0546023,-0.0611767,0
0.505622,-0.0669246,-0.0756445,0
0.505709,-0.0560444,-0.0639064,0
0.505796,-0.0570771,-0.0656597,0
0.505884,-0.0665815,-0.0772716,0
0.505971,-0.0578009,-0.0676761,0
0.506058,-0.073012,-0.0862453,0
0.506145,-0.0655643,-0.0781365,0
0.506233,-0.0696988,-0.0838038,0
0.50632,-0.0597914,-0.0725327,0
0.506407,-0.0613724,-0.0751161,0
0.506495,-0.0560095,-0.069166,0
0.506582,-0.0644701,-0.0803281,0
0.506669,-0.0603839,-0.075913,0
0.506756,-0.0631476,-0.0801023,0
0.506844,-0.0597192,-0.076437,0
0.506931,-0.0612217,-0.079069,0
0.507018,-0.066355,-0.0864755,0
0.507105,-0.0641612,-0.0843762,0
0.507193,-0.0631906,-0.0838567,0
0.50728,-0.0652174,-0.0873367,0
0.507367,-0.0600771,-0.0811895,0
0.507454,-0.0620875,-0.0846767,0
0.507542,-0.062893,-0.0865648,0
0.507629,-0.0671887,-0.093331,0
0.507716,-0.0650387,-0.0911809,0
0.507804,-0.0640631,-0.0906472,0
0.507891,-0.0682556,-0.0974791,0
0.507978,-0.0780896,-0.112566,0
0.508065,-0.0838281,-0.121971,0
0.508153,-0.107496,-0.157879,0
0.50824,-0.140917,-0.208917,0
0.508327,-0.166671,-0.249441,0
0.508414,-0.188211,-0.284355,0
0.508502,-0.294433,-0.449086,0
0.508589,-0.295194,-0.454559,0
0.508676,-0.230455,-0.358283,0
0.508763,-0.249844,-0.392177,0
0.508851,-0.249198,-0.394955,0
0.508938,-0.257541,-0.412151,0
0.509025,-0.27521,-0.444734,0
0.509113,-0.283194,-0.462131,0
0.5092,-0.278581,-0.459088,0
0.509287,-0.272455,-0.453442,0
0.509374,-0.263316,-0.442594,0
0.509462,-0.268488,-0.455802,0
0.509549,-0.270023,-0.463016,0
0.509636,-0.262,-0.453797,0
0.509723,-0.260514,-0.455804,0
0.509811,-0.265416,-0.469122,0
0.509898,-0.264344,-0.47202,0
0.509985,-0.259373,-0.467922,0
0.510072,-0.26262,-0.478693,0
0.51016,-0.256234,-0.471925,0
0.510247,-0.256539,-0.477443,0
0.510334,-0.253984,-0.477675,0
0.510422,-0.253294,-0.481433,0
0.510509,-0.25073,-0.481647,0
0.510596,-0.249083,-0.483625,0
0.510683,-0.255143,-0.500746,0
0.510771,-0.252955,-0.501854,0
0.510858,-0.254779,-0.511007,0
0.510945,-0.25697,-0.521083,0
0.511032,-0.251625,-0.515908,0
0.51112,-0.253282,-0.525107,0
0.511207,-0.254863,-0.53433,0
0.511294,-0.26106,-0.553527,0
0.511381,-0.235821,-0.50572,0
0.511469,-0.229426,-0.497662,0
0.511556,-0.221446,-0.485919,0
0.511643,-0.226306,-0.502381,0
0.511731,-0.237534,-0.533511,0
0.511818,-0.255341,-0.580307,0
0.511905,-0.324183,-0.74557,0
0.511992,-0.293295,-0.682662,0
0.51208,-0.2993,-0.705107,0
0.512167,-0.303955,-0.72485,0
0.512254,-0.304616,-0.735408,0
0.512341,-0.305948,-0.747837,0
0.512429,-0.289196,-0.715786,0
0.512516,-0.251609,-0.630662,0
0.512603,-0.223566,-0.567555,0
0.51269,-0.212389,-0.546157,0
0.512778,-0.212512,-0.553613,0
0.512865,-0.209386,-0.552665,0
0.512952,-0.204521,-0.547017,0
0.51304,-0.201094,-0.545089,0
0.513127,-0.203502,-0.559117,0
0.513214,-0.195992,-0.545882,0
0.513301,-0.194943,-0.550503,0
0.513389,-0.19155,-0.548516,0
0.513476,-0.183295,-0.532327,0
0.513563,-0.182578,-0.537856,0
0.51365,-0.18245,-0.545286,0
0.513738,-0.178503,-0.541328,0
0.513825,-0.178921,-0.550662,0
0.513912,-0.17865,-0.558104,0
0.513999,-0.173507,-0.550295,0
0.514087,-0.168139,-0.541496,0
0.514174,-0.168991,-0.552744,0
0.514261,-0.163984,-0.544858,0
0.514349,-0.161605,-0.545568,0
0.514436,-0.156704,-0.537628,0
0.514523,-0.152703,-0.532539,0
0.51461,-0.15445,-0.547637,0
0.514698,-0.151791,-0.547342,0
0.514785,-0.152558,-0.559577,0
0.514872,-0.150374,-0.561203,0
0.514959,-0.142832,-0.542513,0
0.515047,-0.139712,-0.540226,0
0.515134,-0.139077,-0.547615,0
0.515221,-0.132573,-0.531722,0
0.515308,-0.135719,-0.554636,0
0.515396,-0.133531,-0.556196,0
0.515483,-0.127206,-0.540226,0
0.51557,-0.128672,-0.55734,0
0.515658,-0.125356,-0.553994,0
0.515745,-0.126184,-0.569181,0
0.515832,-0.121153,-0.557999,0
0.515919,-0.119965,-0.564391,0
0.516007,-0.114447,-0.550224,0
0.516094,-0.114238,-0.561497,0
0.516181,-0.113933,-0.572779,0
0.516268,-0.111051,-0.571307,0
0.516356,-0.107438,-0.565891,0
0.516443,-0.105879,-0.571271,0
0.51653,-0.103207,-0.570744,0
0.516617,-0.101063,-0.573158,0
0.516705,-0.0968679,-0.563738,0
0.516792,-0.0965528,-0.576977,0
0.516879,-0.0937129,-0.575419,0
0.516967,-0.0905756,-0.571872,0
0.517054,-0.0876231,-0.569296,0
0.517141,-0.0854338,-0.571651,0
0.517228,-0.0825083,-0.56905,0
0.517316,-0.0800245,-0.569404,0
0.517403,-0.0772696,-0.567766,0
0.51749,-0.0755747,-0.574047,0
0.517577,-0.0718072,-0.564451,0
0.517665,-0.0701967,-0.571707,0
0.517752,-0.066056,-0.558104,0
0.517839,-0.0650919,-0.571304,0
0.517926,-0.0622719,-0.5686,0
0.518014,-0.0593722,-0.564888,0
0.518101,-0.0571072,-0.567132,0
0.518188,-0.0552072,-0.573348,0
0.518276,-0.0516069,-0.561634,0
0.518363,-0.0496788,-0.567831,0
0.51845,-0.0476147,-0.573025,0
0.518537,-0.0454278,-0.577215,0
0.518625,-0.0426124,-0.573419,0
0.518712,-0.0394124,-0.563624,0
0.518799,-0.0361025,-0.550818,0
0.518886,-0.0345535,-0.564944,0
0.518974,-0.0320881,-0.56509,0
0.519061,-0.0299885,-0.572215,0
0.519148,-0.0273475,-0.569344,0
0.519235,-0.0248631,-0.569457,0
0.519323,-0.0229277,-0.58355,0
0.51941,-0.0203813,-0.583644,0
0.519497,-0.0179567,-0.587726,0
0.519585,-0.0154706,-0.590797,0
0.519672,-0.0127181,-0.582861,0
0.519759,-0.0102097,-0.584911,0
0.519846,-0.00772287,-0.589949,0
0.519934,-0.00517484,-0.592977,0
0.520021,-0.00257872,-0.590994,0
0.520108,-7.17967e-09,-0.596,0
0.520195,0.00260053,-0.595994,0
0.520283,0.005297,-0.606977,0
0.52037,0.0070422,-0.537954,0
0.520457,0.00952901,-0.545917,0
0.520544,0.0117364,-0.537872,0
0.520632,0.0147114,-0.561807,0
0.520719,0.017071,-0.558739,0
0.520806,0.0190202,-0.544668,0
0.520894,0.0211218,-0.537585,0
0.520981,0.023947,-0.548477,0
0.521068,0.0260041,-0.541376,0
0.521155,0.0282091,-0.538261,0
0.521243,0.0301039,-0.530146,0
0.52133,0.0338819,-0.553965,0
0.521417,0.0351215,-0.53585,0
0.521504,0.0374592,-0.535692,0
0.521592,0.0393516,-0.52954,0
0.521679,0.0426033,-0.541326,0
0.521766,0.0435571,-0.524193,0
0.521853,0.0472384,-0.539937,0
0.521941,0.0491364,-0.534747,0
0.522028,0.0519484,-0.539505,0
0.522115,0.0542017,-0.538278,0
0.522203,0.0537276,-0.511184,0
0.52229,0.264655,-2.41655,0
0.522377,0.275197,-2.41537,0
0.522464,0.285968,-2.41614,0
0.522552,0.296508,-2.41486,0
0.522639,0.307421,-2.41652,0
0.522726,0.317831,-2.41417,0
0.522813,0.328901,-2.41672,0
0.522901,0.338886,-2.4113,0
0.522988,0.351126,-2.42168,0
0.523075,0.361394,-2.41814,0
0.523162,0.372854,-2.42247,0
0.52325,0.383264,-2.41984,0
0.523337,0.394944,-2.42505,0
0.523424,0.405357,-2.42232,0
0.523512,0.415753,-2.41954,0
0.523599,0.427522,-2.4246,0
0.523686,0.438809,-2.42664,0
0.523773,0.450668,-2.43159,0
0.523861,0.459595,-2.42076,0
0.523948,0.471298,-2.42462,0
0.524035,0.481093,-2.41862,0
0.524122,0.492439,-2.42041,0
0.52421,0.502791,-2.41726,0
0.524297,0.517492,-2.43461,0
0.524384,0.52514,-2.41865,0
0.524471,0.538718,-2.43,0
0.524559,0.548874,-2.42568,0
0.524646,0.562603,-2.4369,0
0.524733,0.572313,-2.43053,0
0.524821,0.584547,-2.43481,0
0.524908,0.596829,-2.43904,0
0.524995,0.609159,-2.4432,0
0.525082,0.619322,-2.43859,0
0.52517,0.63271,-2.44651,0
0.525257,0.644397,-2.44759,0
0.525344,0.656365,-2.44959,0
0.525431,0.668625,-2.45249,0
0.525519,0.678518,-2.44666,0
0.525606,0.691902,-2.4533,0
0.525693,0.703151,-2.45218,0
0.52578,0.715523,-2.45485,0
0.525868,0.729919,-2.46417,0
0.525955,0.744987,-2.47532,0
0.526042,0.755196,-2.47014,0
0.52613,0.769525,-2.47828,0
0.526217,0.783038,-2.48348,0
0.526304,0.795391,-2.4848,0
0.526391,0.804989,-2.4775,0
0.526479,0.820176,-2.48726,0
0.526566,0.831656,-2.48556,0
0.526653,0.845707,-2.49137,0
0.52674,0.856895,-2.4886,0
0.526828,0.872691,-2.499,0
0.526915,0.882919,-2.49329,0
0.527002,0.896155,-2.496,0
0.527089,0.910116,-2.50052,0
0.527177,0.919287,-2.49184,0
0.527264,0.934353,-2.49904,0
0.527351,0.945248,-2.49494,0
0.527439,0.956126,-2.49079,0
0.527526,0.972059,-2.49964,0
0.527613,0.981857,-2.49259,0
0.5277,0.996429,-2.49757,0
0.527788,1.00732,-2.4932,0
0.527875,1.02046,-2.49433,0
0.527962,1.03248,-2.49263,0
0.528049,1.04489,-2.49179,0
0.528137,1.05771,-2.49181,0
0.528224,1.06502,-2.4789,0
0.528311,1.08141,-2.48707,0
0.528398,1.09346,-2.48507,0
0.528486,1.10795,-2.4885,0
0.528573,1.11716,-2.47999,0
0.52866,1.13211,-2.48419,0
0.528747,1.14629,-2.4865,0
0.528835,1.15586,-2.47875,0
0.528922,1.1705,-2.48182,0
0.529009,1.1852,-2.48482,0
0.529097,1.20124,-2.49043,0
0.529184,1.21122,-2.48337,0
0.529271,1.22381,-2.48165,0
0.529358,1.2324,-2.47181,0
0.529446,1.25037,-2.4807,0
0.529533,1.26119,-2.47522,0
0.52962,1.27838,-2.48214,0
0.529707,1.28643,-2.47121,0
0.529795,1.30651,-2.48328,0
0.529882,1.3164,-2.47579,0
0.529969,1.33381,-2.48235,0
0.530056,1.34702,-2.4809,0
0.530144,1.35735,-2.47412,0
0.530231,1.37298,-2.47692,0
0.530318,1.38866,-2.47963,0
0.530406,1.40045,-2.47529,0
0.530493,1.4167,-2.47871,0
0.53058,1.4305,-2.4777,0
0.530667,1.44432,-2.47662,0
0.530755,1.46273,-2.48322,0
0.530842,1.47355,-2.47681,0
0.530929,1.48743,-2.4755,0
0.531016,1.50133,-2.47412,0
0.531104,1.51786,-2.47692,0
0.531191,1.53339,-2.47793,0
0.531278,1.5463,-2.4746,0
0.531365,1.56242,-2.47629,0
0.531453,1.58288,-2.48463,0
0.53154,1.59425,-2.47854,0
0.531627,1.61431,-2.48582,0
0.531715,1.62459,-2.47792,0
0.531802,1.64808,-2.48998,0
0.531889,1.66004,-2.48443,0
0.531976,1.67031,-2.47634,0
0.532064,1.68673,-2.47729,0
0.532151,1.70771,-2.48474,0
0.532238,1.7231,-2.48384,0
0.532325,1.7408,-2.48613,0
0.532413,1.75972,-2.48994,0
0.5325,1.77927,-2.49445,0
0.532587,1.79423,-2.49234,0
0.532674,1.81508,-2.49824,0
0.532762,1.82656,-2.49111,0
0.532849,1.84752,-2.49678,0
0.532936,1.86857,-2.50232,0
0.533024,1.8897,-2.50772,0
0.533111,1.90547,-2.50581,0
0.533198,1.9316,-2.51731,0
0.533285,1.94624,-2.5136,0
0.533373,1.96827,-2.51927,0
0.53346,1.98172,-2.5138,0
0.533547,2.00885,-2.52548,0
0.533634,2.02361,-2.52137,0
0.533722,2.04466,-2.52495,0
0.533809,2.06072,-2.5222,0
0.533896,2.08316,-2.52707,0
0.533983,2.06027,-2.47721,0
0.534071,2.01385,-2.40002,0
0.534158,2.01009,-2.37442,0
0.534245,2.01394,-2.35802,0
0.534333,2.00593,-2.328,0
0.53442,2.0082,-2.31017,0
0.534507,2.01562,-2.29837,0
0.534594,2.01834,-2.28132,0
0.534682,2.00564,-2.24712,0
0.534769,2.01007,-2.23241,0
0.534856,2.01038,-2.21325,0
0.534943,2.0038,-2.18676,0
0.535031,2.00518,-2.16919,0
0.535118,2.01394,-2.15969,0
0.535205,2.0069,-2.1334,0
0.535292,2.00793,-2.11592,0
0.53538,2.00746,-2.09702,0
0.535467,2.00617,-2.07745,0
0.535554,2.00545,-2.05865,0
0.535642,2.00811,-2.04346,0
0.535729,2.00855,-2.02616,0
0.535816,2.00606,-2.00606,0
0.535903,2.01125,-1.99377,0
0.535991,2.00352,-1.96885,0
0.536078,2.01138,-1.9594,0
0.536165,2.01271,-1.94365,0
0.536252,2.00817,-1.92241,0
0.53634,2.00493,-1.90261,0
0.536427,2.00593,-1.88699,0
0.536514,2.0061,-1.87072,0
0.536601,1.99883,-1.8477,0
0.536689,2.00613,-1.83828,0
0.536776,2.00229,-1.81875,0
0.536863,2.00055,-1.8013,0
0.536951,2.00391,-1.78856,0
0.537038,2.00121,-1.77052,0
0.537125,1.99989,-1.75386,0
0.537212,1.99923,-1.7379,0
0.5373,2.00224,-1.72524,0
0.537387,2.00443,-1.71195,0
0.537474,2.00806,-1.69995,0
0.537561,2.00397,-1.68153,0
0.537649,2.00206,-1.6651,0
0.537736,2.00931,-1.65635,0
0.537823,2.00645,-1.63934,0
0.53791,2.00504,-1.62365,0
0.537998,2.00118,-1.60612,0
0.538085,2.00348,-1.59364,0
0.538172,2.0057,-1.58117,0
0.53826,2.00155,-1.56378,0
0.538347,1.9957,-1.54524,0
0.538434,1.99687,-1.53225,0
0.538521,2.00274,-1.52292,0
0.538609,1.99898,-1.50634,0
0.538696,1.99512,-1.48983,0
0.538783,1.98713,-1.4704,0
0.53887,1.99111,-1.45994,0
0.538958,1.99989,-1.45301,0
0.539045,1.99891,-1.43901,0
0.539132,1.99703,-1.42446,0
0.539219,1.99016,-1.4065,0
0.539307,1.99218,-1.39494,0
0.539394,1.99907,-1.3868,0
0.539481,1.99274,-1.36957,0
0.539569,2.00035,-1.36199,0
0.539656,1.99964,-1.34877,0
0.539743,1.99719,-1.33448,0
0.53983,1.99882,-1.32299,0
0.539918,1.99287,-1.30658,0
0.540005,1.99017,-1.29243,0
0.540092,1.99242,-1.28157,0
0.540179,1.99209,-1.2691,0
0.540267,1.99,-1.25559,0
0.540354,1.98782,-1.24213,0
0.540441,1.99748,-1.23608,0
0.540528,2.00541,-1.22892,0
0.540616,1.99707,-1.21185,0
0.540703,1.9972,-1.20004,0
0.54079,1.99296,-1.18569,0
0.540878,1.99898,-1.17749,0
0.540965,1.99373,-1.16271,0
0.541052,1.98839,-1.148,0
0.541139,1.98991,-1.13733,0
0.541227,1.99398,-1.12814,0
0.541314,1.99191,-1.11552,0
0.541401,1.98626,-1.101,0
0.541488,1.98929,-1.09136,0
0.541576,1.99404,-1.08267,0
0.541663,1.99346,-1.07112,0
0.54175,1.9884,-1.05725,0
0.541837,1.98503,-1.04437,0
0.541925,1.98868,-1.03524,0
0.542012,1.99229,-1.0261,0
0.542099,1.98605,-1.01194,0
0.542187,1.99224,-1.00417,0
0.542274,1.98854,-0.991452,0
0.542361,1.98568,-0.979227,0
0.542448,1.98633,-0.9688,0
0.542536,1.98874,-0.959255,0
0.542623,1.9884,-0.948416,0
0.54271,1.98347,-0.935465,0
0.542797,1.98119,-0.923844,0
0.542885,1.98338,-0.914353,0
0.542972,1.98372,-0.904031,0
0.543059,1.98491,-0.894135,0
0.543146,1.98057,-0.881805,0
0.543234,1.98989,-0.875571,0
0.543321,1.98819,-0.864488,0
0.543408,1.98643,-0.853436,0
0.543496,1.97448,-0.838118,0
0.543583,1.98827,-0.833749,0
0.54367,1.99004,-0.8243,0
0.543757,1.98806,-0.813337,0
0.543845,1.98325,-0.801284,0
0.543932,1.98208,-0.79077,0
0.544019,1.98365,-0.781381,0
0.544106,1.97772,-0.769094,0
0.544194,1.98666,-0.762607,0
0.544281,1.98716,-0.752868,0
0.544368,1.97544,-0.738587,0
0.544455,1.9505,-0.719577,0
0.544543,1.81455,-0.660441,0
0.54463,1.73835,-0.624132,0
0.544717,1.71938,-0.608864,0
0.544805,1.71258,-0.598059,0
0.544892,1.71612,-0.590906,0
0.544979,1.70921,-0.580198,0
0.545066,1.71457,-0.573687,0
0.545154,1.71706,-0.5662,0
0.545241,1.71666,-0.557776,0
0.545328,1.71336,-0.548451,0
0.545415,1.71001,-0.539166,0
0.545503,1.71331,-0.531996,0
0.54559,1.7137,-0.52393,0
0.545677,1.7016,-0.512125,0
0.545764,1.71533,-0.508103,0
0.545852,1.70409,-0.496697,0
0.545939,1.71489,-0.491737,0
0.546026,1.70355,-0.48045,0
0.546114,1.71237,-0.474883,0
0.546201,1.70092,-0.463724,0
0.546288,1.70969,-0.45811,0
0.546375,1.7107,-0.450391,0
0.546463,1.70588,-0.44117,0
0.54655,1.701,-0.431999,0
0.546637,1.70384,-0.424815,0
0.546724,1.70665,-0.417614,0
0.546812,1.70651,-0.409697,0
0.546899,1.7112,-0.402934,0
0.546986,1.70905,-0.394564,0
0.547073,1.70587,-0.386,0
0.547161,1.70168,-0.377254,0
0.547248,1.6994,-0.368977,0
0.547335,1.70785,-0.363014,0
0.547423,1.70648,-0.354948,0
0.54751,1.70115,-0.346103,0
0.547597,1.69774,-0.337701,0
0.547684,1.6992,-0.33029,0
0.547772,1.7016,-0.32306,0
0.547859,1.70103,-0.315268,0
0.547946,1.70239,-0.307842,0
0.548033,1.70076,-0.29989,0
0.548121,1.70304,-0.292636,0
0.548208,1.7043,-0.285202,0
0.548295,1.70454,-0.277602,0
0.548382,1.70475,-0.270006,0
0.54847,1.70097,-0.261804,0
0.548557,1.70309,-0.254528,0
0.548644,1.70517,-0.247238,0
0.548732,1.70029,-0.23896,0
0.548819,1.70231,-0.231674,0
0.548906,1.70231,-0.224114,0
0.548993,1.69831,-0.216053,0
0.549081,1.69825,-0.208518,0
0.549168,1.69914,-0.201107,0
0.549255,1.69801,-0.193464,0
0.549342,1.70481,-0.186707,0
0.54943,1.70362,-0.179057,0
0.549517,1.69841,-0.171021,0
0.549604,1.69616,-0.163321,0
0.549691,1.69984,-0.156193,0
0.549779,1.69951,-0.148688,0
0.549866,1.69715,-0.141022,0
0.549953,1.69875,-0.133694,0
0.550041,1.70031,-0.126355,0
0.550128,1.69586,-0.118586,0
0.550215,1.69536,-0.11112,0
0.550302,1.69383,-0.103599,0
0.55039,1.70126,-0.0966045,0
0.550477,1.70866,-0.0895469,0
0.550564,1.732,-0.0831941,0
0.550651,1.76232,-0.0769446,0
0.550739,1.8186,-0.0714529,0
0.550826,1.88285,-0.0657507,0
0.550913,1.9201,-0.0586645,0
0.551,1.92634,-0.050443,0
0.551088,1.95353,-0.0426263,0
0.551175,1.9547,-0.0341195,0
0.551262,1.95783,-0.0256295,0
0.55135,1.96193,-0.0171215,0
0.551437,1.95998,-0.00855213,0
0.551524,1.952,-4.72665e-08,0
0.551611,1.92698,0.00840805,0
0.551699,1.86893,0.0163098,0
0.551786,1.71885,0.022501,0
0.551873,1.67874,0.0293026,0
0.55196,1.6736,0.0365181,0
0.552048,1.67043,0.0437416,0
0.552135,1.66722,0.0509382,0
0.552222,1.67398,0.0584566,0
0.552309,1.67071,0.0656424,0
0.552397,1.67241,0.0730188,0
0.552484,1.66708,0.0800755,0
0.552571,1.6727,0.0876627,0
0.552659,1.6783,0.0953005,0
0.552746,1.67188,0.102256,0
0.552833,1.68339,0.110335,0
0.55292,1.68588,0.117888,0
0.553008,1.69433,0.12591,0
0.553095,1.69077,0.133067,0
0.553182,1.69516,0.140857,0
0.553269,1.69552,0.148339,0
0.553357,1.68689,0.155004,0
0.553444,1.70412,0.164088,0
0.553531,1.69941,0.171121,0
0.553618,1.69268,0.177907,0
0.553706,1.69288,0.1854,0
0.553793,1.7,0.193691,0
0.55388,1.69417,0.200519,0
0.553968,1.69031,0.207543,0
0.554055,1.69236,0.215295,0
0.554142,1.70033,0.223852,0
0.554229,1.71915,0.233966,0
0.554317,1.80724,0.253991,0
0.554404,1.95258,0.283111,0
0.554491,1.97704,0.295471,0
0.554578,1.98364,0.305312,0
0.554666,1.98229,0.313964,0
0.554753,1.98485,0.323253,0
0.55484,1.97849,0.331085,0
0.554927,1.98885,0.341747,0
0.555015,1.98636,0.350248,0
0.555102,1.98186,0.358378,0
0.555189,1.97831,0.366658,0
0.555277,1.97374,0.374727,0
0.555364,1.98387,0.385625,0
0.555451,1.98413,0.394668,0
0.555538,1.98239,0.403321,0
0.555626,1.97473,0.410745,0
0.555713,1.98368,0.421645,0
0.5558,1.97498,0.428811,0
0.555887,1.97212,0.437208,0
0.555975,1.97702,0.447354,0
0.556062,1.97992,0.457101,0
0.556149,1.97499,0.465048,0
0.556236,1.98072,0.475528,0
0.556324,1.98639,0.486068,0
0.556411,1.98037,0.493763,0
0.556498,1.97917,0.502645,0
0.556586,1.97889,0.511777,0
0.556673,1.97858,0.520916,0
0.55676,1.97918,0.53032,0
0.556847,1.98264,0.540529,0
0.556935,1.96773,0.545701,0
0.557022,1.98266,0.559167,0
0.557109,1.98501,0.569191,0
0.557196,2.00362,0.584003,0
0.557284,1.98955,0.589332,0
0.557371,1.98313,0.596854,0
0.557458,1.98624,0.607256,0
0.557545,1.97976,0.614731,0
0.557633,1.97038,0.621258,0
0.55772,1.98289,0.634727,0
0.557807,1.98105,0.643682,0
0.557894,1.98962,0.656078,0
0.557982,1.97725,0.66158,0
0.558069,1.97814,0.671487,0
0.558156,1.97897,0.681414,0
0.558244,1.97881,0.691032,0
0.558331,1.97766,0.700327,0
0.558418,1.97835,0.710301,0
0.558505,1.97899,0.720294,0
0.558593,1.98146,0.730999,0
0.55868,1.98013,0.740338,0
0.558767,1.98062,0.750388,0
0.558854,1.98012,0.760098,0
0.558942,1.98424,0.771631,0
0.559029,1.97528,0.778082,0
0.559116,1.97093,0.786323,0
0.559203,1.96934,0.795664,0
0.559291,1.97881,0.809551,0
0.559378,1.97803,0.819325,0
0.559465,1.98089,0.830655,0
0.559553,1.98737,0.843588,0
0.55964,1.98367,0.852252,0
0.559727,1.9726,0.857709,0
0.559814,1.97982,0.871141,0
0.559902,1.98331,0.883025,0
0.559989,1.98399,0.893724,0
0.560076,1.97644,0.900714,0
0.560163,1.97794,0.911841,0
0.560251,1.97938,0.922998,0
0.560338,1.97714,0.932479,0
0.560425,1.97576,0.942389,0
0.560512,1.97793,0.954042,0
0.5606,1.97645,0.963978,0
0.560687,1.96864,0.970824,0
0.560774,1.97602,0.985205,0
0.560862,1.98063,0.998318,0
0.560949,1.97803,1.00786,0
0.561036,1.97273,1.01602,0
0.561123,1.97803,1.0297,0
0.561211,1.98237,1.04298,0
0.561298,1.97339,1.04927,0
0.561385,1.97936,1.06355,0
0.561472,1.98437,1.07742,0
0.56156,1.9779,1.08511,0
0.561647,1.97489,1.0947,0
0.561734,1.97446,1.10575,0
0.561821,1.97571,1.1178,0
0.561909,1.97255,1.1274,0
0.561996,1.96848,1.1365,0
0.562083,1.97386,1.15112,0
0.562171,1.96968,1.16023,0
0.562258,1.96374,1.1683,0
0.562345,1.96206,1.17892,0
0.562432,1.97228,1.19681,0
0.56252,1.97301,1.20906,0
0.562607,1.96857,1.21819,0
0.562694,1.97426,1.23365,0
0.562781,1.97139,1.24386,0
0.562869,1.97269,1.25674,0
0.562956,1.97392,1.26967,0
0.563043,1.97088,1.2799,0
0.56313,1.97364,1.29397,0
0.563218,1.97548,1.30754,0
0.563305,1.97058,1.3167,0
0.563392,1.97228,1.33032,0
0.56348,1.97059,1.34173,0
0.563567,1.97625,1.35824,0
0.563654,1.96949,1.36628,0
0.563741,1.96842,1.3783,0
0.563829,1.96321,1.38746,0
0.563916,1.96283,1.40007,0
0.564003,1.97618,1.42265,0
0.56409,1.974,1.4342,0
0.564178,1.97337,1.44693,0
0.564265,1.97266,1.4597,0
0.564352,1.97509,1.47487,0
0.564439,1.97263,1.48648,0
0.564527,1.97488,1.50173,0
0.564614,1.97307,1.51399,0
0.564701,1.97672,1.53054,0
0.564789,1.97791,1.54531,0
0.564876,1.97115,1.55393,0
0.564963,1.97374,1.56998,0
0.56505,1.97623,1.58609,0
0.565138,1.97473,1.5991,0
0.565225,1.96463,1.60517,0
0.565312,1.97536,1.62836,0
0.565399,1.97823,1.64528,0
0.565487,1.97486,1.65711,0
0.565574,1.96914,1.667,0
0.565661,1.97021,1.68272,0
0.565748,1.96967,1.69718,0
0.565836,1.97508,1.71691,0
0.565923,1.97433,1.73144,0
0.56601,1.97724,1.74932,0
0.566098,1.98377,1.77058,0
0.566185,1.97379,1.77721,0
0.566272,1.9712,1.79051,0
0.566359,1.96558,1.80112,0
0.566447,1.97386,1.82462,0
0.566534,1.97173,1.83867,0
0.566621,1.97097,1.85411,0
0.566708,1.97592,1.87508,0
0.566796,1.9735,1.88921,0
0.566883,1.97243,1.90475,0
0.56697,1.97413,1.92311,0
0.567057,1.97071,1.93661,0
0.567145,1.97005,1.95294,0
0.567232,1.96434,1.96434,0
0.567319,1.96843,1.98568,0
0.567407,1.96815,2.00281,0
0.567494,1.97544,2.02785,0
0.567581,1.97005,2.04005,0
0.567668,1.96597,2.05368,0
0.567756,1.97145,2.07747,0
0.567843,1.97196,2.09625,0
0.56793,1.96825,2.11069,0
0.568017,1.96988,2.131,0
0.568105,1.9734,2.15359,0
0.568192,1.9734,2.17254,0
0.568279,1.96724,2.18485,0
0.568366,1.96768,2.2046,0
0.568454,1.96864,2.22515,0
0.568541,1.96419,2.23973,0
0.568628,1.97277,2.26941,0
0.568716,1.98178,2.29997,0
0.568803,2.02303,2.36866,0
0.56889,2.02754,2.39502,0
0.568977,2.04535,2.43755,0
0.569065,2.05644,2.4726,0
0.569152,2.06217,2.50161,0
0.569239,2.0525,2.51213,0
0.569326,2.03459,2.51251,0
0.569414,2.0161,2.51201,0
0.569501,2.00948,2.52626,0
0.569588,2.00029,2.53736,0
0.569675,2.00952,2.57207,0
0.569763,2.04052,2.63537,0
0.56985,2.04909,2.67043,0
0.569937,2.05679,2.70481,0
0.570025,2.04918,2.71935,0
0.570112,2.03191,2.72106,0
0.570199,2.01526,2.72347,0
0.570286,2.00336,2.73223,0
0.570374,1.99965,2.75228,0
0.570461,2.04137,2.83564,0
0.570548,2.04001,2.85999,0
0.570635,2.05925,2.91378,0
0.570723,2.04308,2.91782,0
0.57081,2.02976,2.92588,0
0.570897,2.00621,2.91905,0
0.570984,1.99627,2.93191,0
0.571072,1.98625,2.94474,0
0.571159,1.97783,2.96003,0
0.571246,1.97649,2.98615,0
0.571334,1.97331,3.00979,0
0.571421,1.97704,3.04437,0
0.571508,1.97456,3.06979,0
0.571595,1.9735,3.09778,0
0.571683,1.97811,3.13511,0
0.57177,1.97872,3.16661,0
0.571857,1.97488,3.19137,0
0.571944,1.97609,3.22469,0
0.572032,1.97341,3.25208,0
0.572119,1.97929,3.29409,0
0.572206,1.97973,3.32762,0
0.572293,1.98397,3.36811,0
0.572381,1.97681,3.38969,0
0.572468,1.973,3.41734,0
0.572555,1.95906,3.42765,0
0.572643,1.93473,3.41963,0
0.57273,1.92077,3.42978,0
0.572817,1.89609,3.42064,0
0.572904,1.87682,3.42099,0
0.572992,1.85949,3.42475,0
0.573079,1.83175,3.40905,0
0.573166,1.81404,3.41171,0
0.573253,1.80146,3.42402,0
0.573341,1.78143,3.42209,0
0.573428,1.75915,3.4156,0
0.573515,1.74151,3.4179,0
0.573602,1.71443,3.40136,0
0.57369,1.70135,3.41238,0
0.573777,1.6776,3.40184,0
0.573864,1.66844,3.42081,0
0.573952,1.65437,3.42986,0
0.574039,1.64627,3.45149,0
0.574126,1.63674,3.47039,0
0.574213,1.63215,3.50016,0
0.574301,1.62984,3.5354,0
0.574388,1.62684,3.56978,0
0.574475,1.6322,3.62334,0
0.574562,1.69691,3.81131,0
0.57465,1.64683,3.74271,0
0.574737,1.76845,4.06716,0
0.574824,1.7649,4.10792,0
0.574911,1.7704,4.17081,0
0.574999,1.78699,4.26149,0
0.575086,1.78139,4.30066,0
0.575173,1.78911,4.37318,0
0.575261,1.78687,4.42267,0
0.575348,1.78683,4.47872,0
0.575435,1.7834,4.52741,0
0.575522,1.78211,4.58268,0
0.57561,1.78216,4.6427,0
0.575697,1.77925,4.69625,0
0.575784,1.77905,4.75829,0
0.575871,1.77904,4.8223,0
0.575959,1.77714,4.88264,0
0.576046,1.77474,4.94306,0
0.576133,1.77786,5.02051,0
0.57622,1.77505,5.08297,0
0.576308,1.77239,5.1474,0
0.576395,1.76888,5.21096,0
0.576482,1.1534,3.44716,0
0.57657,1.1324,3.43411,0
0.576657,1.11184,3.4219,0
0.576744,1.0966,3.42577,0
0.576831,1.08044,3.4267,0
0.576919,1.0714,3.45049,0
0.577006,1.06219,3.47426,0
0.577093,1.04702,3.47886,0
0.57718,1.04574,3.53037,0
0.577268,1.76068,6.04063,0
0.577355,1.7605,6.13958,0
0.577442,1.76246,6.24922,0
0.577529,1.76484,6.36382,0
0.577617,1.75074,6.42162,0
0.577704,1.71908,6.41568,0
0.577791,1.68776,6.41055,0
0.577879,1.65902,6.41495,0
0.577966,1.64209,6.46574,0
0.578053,1.62209,6.50583,0
0.57814,1.59891,6.53422,0
0.578228,1.58043,6.58294,0
0.578315,1.93285,8.20851,0
0.578402,1.92536,8.33963,0
0.578489,1.92095,8.48938,0
0.578577,1.92069,8.66365,0
0.578664,1.92063,8.8459,0
0.578751,1.91715,9.0195,0
0.578838,1.91118,9.18834,0
0.578926,1.91792,9.42688,0
0.579013,1.90389,9.57148,0
0.5791,1.90847,9.81823,0
0.579362,1.17639,6.50549,0
0.579449,1.15094,6.52731,0
0.579537,1.10111,6.40809,0
0.579624,1.06852,6.38521,0
0.579711,1.04065,6.38981,0
0.579798,1.01182,6.38837,0
0.579886,0.984999,6.39964,0
0.579973,0.954701,6.38805,0
0.58006,0.927106,6.39414,0
0.580147,0.899058,6.39713,0
0.580235,0.869789,6.39108,0
0.580322,0.840589,6.3849,0
0.580409,0.813353,6.39347,0
0.580497,0.784595,6.39001,0
0.580584,0.756588,6.39238,0
0.580671,0.729029,6.3986,0
0.580758,0.69947,6.38681,0
0.580846,0.670968,6.38384,0
0.580933,0.643408,6.38969,0
0.58102,0.614947,6.38646,0
0.581107,0.586343,6.38112,0
0.581195,0.557797,6.37565,0
0.581282,0.530552,6.38499,0
0.581369,0.502452,6.38426,0
0.581456,0.473702,6.37442,0
0.581544,0.446163,6.38042,0
0.581631,0.418384,6.3833,0
0.581718,0.390039,6.37708,0
0.581806,0.36204,6.37573,0
0.581893,0.334375,6.38024,0
0.58198,0.306724,6.38564,0
0.582067,0.278466,6.37792,0
0.582155,0.250439,6.37408,0
0.582242,0.222938,6.38411,0
0.582329,0.194683,6.37203,0
0.582416,0.166983,6.37681,0
0.582504,0.139201,6.37948,0
0.582591,0.11112,6.36603,0
0.582678,0.0834726,6.37645,0
0.582765,0.0555708,6.36776,0
0.582853,0.0278032,6.37194,0
0.58294,2.31937e-07,6.375,0
0.583027,-0.0278159,6.37494,0
0.583115,-0.0557187,6.38476,0
0.583202,-0.0834459,6.37445,0
0.583289,-0.111276,6.37503,0
0.583376,-0.139113,6.37548,0
0.583464,-0.166616,6.36282,0
0.583551,-0.1945,6.36603,0
0.583638,-0.222135,6.36112,0
0.583725,-0.250517,6.37608,0
0.583813,-0.278422,6.37692,0
0.5839,-0.306004,6.37065,0
0.583987,-0.333641,6.36626,0
0.584074,-0.361246,6.36175,0
0.584162,-0.389306,6.36511,0
0.584249,-0.416749,6.35836,0
0.584336,-0.444767,6.36047,0
0.584424,-0.472738,6.36146,0
0.584511,-0.500647,6.36133,0
0.584598,-0.528482,6.36008,0
0.584685,-0.557274,6.36967,0
0.584773,-0.584878,6.36519,0
0.58486,-0.611783,6.35361,0
0.584947,-0.640201,6.35785,0
0.585034,-0.668459,6.35997,0
0.585122,-0.69555,6.35103,0
0.585209,-0.724274,6.35687,0
0.585296,-0.752239,6.35564,0
0.585383,-0.780329,6.35527,0
0.585471,-0.808683,6.35677,0
0.585558,-0.836542,6.35417,0
0.585645,-0.865068,6.3564,0
0.585732,-0.892656,6.35158,0
0.58582,-0.92194,6.35851,0
0.585907,-0.947902,6.34256,0
0.585994,-0.977393,6.35022,0
0.586082,-1.00572,6.34985,0
0.586169,-1.03229,6.33849,0
0.586256,-1.06093,6.33984,0
0.586343,-1.08722,6.32727,0
0.586431,-1.11413,6.31853,0
0.586518,-1.14133,6.31164,0
0.586605,-1.15884,6.25252,0
0.586692,-1.16148,6.11772,0
0.58678,-1.15802,5.9575,0
0.586867,-1.15357,5.79938,0
0.586954,-1.13799,5.59341,0
0.587041,-1.12879,5.42685,0
0.587129,-1.13936,5.36025,0
0.587216,-1.1326,5.21646,0
0.587303,-1.13133,5.1031,0
0.587391,-1.13174,5.00156,0
0.587478,-1.13488,4.9157,0
0.587565,-1.12812,4.79097,0
0.587652,-1.13058,4.70919,0
0.58774,-0.57829,2.36328,0
0.587827,-0.589805,2.36558,0
0.587914,-0.589537,2.32131,0
0.588001,-0.589895,2.28096,0
0.588089,-0.592713,2.25128,0
0.588176,-0.598907,2.23515,0
0.588263,-0.600763,2.20357,0
0.58835,-0.605829,2.18455,0
0.588438,-0.612641,2.17226,0
0.588525,-0.615223,2.14554,0
0.588612,-0.618422,2.12171,0
0.5887,-0.622278,2.10077,0
0.588787,-0.628556,2.08846,0
0.588874,-0.630353,2.06179,0
0.588961,-0.639047,2.05807,0
0.589049,-0.644412,2.04382,0
0.589136,-0.653324,2.04098,0
0.589223,-0.678292,2.08757,0
0.58931,-0.698668,2.11878,0
0.589398,-0.703464,2.10243,0
0.589485,-0.697845,2.05579,0
0.589572,-0.701599,2.03759,0
0.589659,-0.696307,1.99392,0
0.589747,-0.697322,1.96918,0
0.589834,-0.694757,1.93506,0
0.589921,-0.696353,1.91321,0
0.590009,-0.695695,1.88576,0
0.590096,-0.700064,1.87241,0
0.590183,-0.699725,1.84689,0
0.59027,-0.699893,1.82328,0
0.590358,-0.701317,1.80344,0
0.590445,-0.704415,1.78826,0
0.590532,-0.708876,1.77681,0
0.590619,-0.715499,1.77092,0
0.590707,-0.715646,1.74927,0
0.590794,-0.723272,1.74613,0
0.590881,-0.733977,1.75034,0
0.590968,-0.738873,1.74067,0
0.591056,-0.744092,1.73192,0
0.591143,-0.753636,1.73324,0
0.59123,-0.759983,1.72719,0
0.591318,-0.769546,1.72843,0
0.591405,-0.779134,1.72961,0
0.591492,-0.788746,1.73075,0
0.591579,-0.797547,1.73001,0
0.591667,-0.810159,1.73739,0
0.591754,-0.820292,1.73927,0
0.591841,-0.827873,1.73567,0
0.591928,-0.841955,1.74555,0
0.592016,-0.850878,1.74456,0
0.592103,-0.861578,1.74711,0
0.59219,-0.874548,1.75407,0
0.592277,-0.891645,1.76899,0
0.592365,-0.913429,1.79271,0
0.592452,-0.927195,1.80026,0
0.592539,-0.934579,1.79531,0
0.592627,-0.954975,1.81511,0
0.592714,-1.08213,2.03519,0
0.592801,-1.09715,2.0419,0
0.592888,-1.09699,2.0204,0
0.592976,-1.09617,1.99806,0
0.593063,-1.09228,1.97052,0
0.59315,-1.09695,1.95875,0
0.593237,-1.09761,1.94002,0
0.593325,-1.09713,1.91959,0
0.593412,-1.0815,1.87321,0
0.593499,-0.705787,1.21023,0
0.593586,-0.714106,1.21231,0
0.593674,-0.68411,1.14989,0
0.593761,-0.67882,1.12975,0
0.593848,-0.674405,1.11139,0
0.593936,-0.677681,1.10587,0
0.594023,-0.676711,1.09355,0
0.59411,-0.672997,1.07702,0
0.594197,-0.67609,1.07154,0
0.594285,-0.672162,1.05508,0
0.594372,-0.677841,1.05382,0
0.594459,-0.679709,1.04666,0
0.594546,-0.679335,1.03616,0
0.594634,-0.675571,1.02068,0
0.594721,-0.0616683,0.0922931,0
0.594808,-0.0715767,0.106117,0
0.594895,-0.0500896,0.0735665,0
0.594983,-0.0521094,0.0758196,0
0.59507,-0.0678296,0.097776,0
0.595157,-0.0613727,0.0876493,0
0.595245,-0.0686803,0.0971804,0
0.595332,-0.0638773,0.0895527,0
0.595419,-0.060762,0.0844037,0
0.595506,-0.0611297,0.0841378,0
0.595594,-0.0632701,0.0862896,0
0.595681,-0.0880338,0.118971,0
0.595768,-0.0610291,0.0817279,0
0.595855,-0.0607833,0.0806622,0
0.595943,-0.0611347,0.0803962,0
0.59603,-0.0633112,0.0825088,0
0.596117,-0.0606095,0.0782783,0
0.596204,-0.0578722,0.074073,0
0.596292,-0.0650049,0.0824583,0
0.596379,-0.0572713,0.072,0
0.596466,-0.0600886,0.0748689,0
0.596554,-0.0610441,0.0753832,0
0.596641,-0.0620051,0.0758905,0
0.596728,-0.0515223,0.0625016,0
0.596815,-0.046679,0.0561255,0
0.596903,-0.0584937,0.06971,0
0.59699,-0.0639663,0.07556,0
0.597077,-0.062347,0.072999,0
0.597164,-0.0639705,0.0742414,0
0.597252,-0.066918,0.0769804,0
0.597339,-0.0600005,0.0684174,0
0.597426,-0.0616237,0.0696529,0
0.597513,-0.0685858,0.0768439,0
0.597601,-0.0655748,0.0728282,0
0.597688,-0.0537893,0.0592174,0
0.597775,-0.0452645,0.0493976,0
0.597863,-0.0556617,0.0602144,0
0.59795,-0.0579699,0.0621651,0
0.598037,-0.0527591,0.0560846,0
0.598124,-0.0481848,0.0507762,0
0.598212,-0.0414908,0.0433418,0
0.598299,-0.0347329,0.035967,0
0.598386,-0.0348895,0.0358151,0
0.598473,-0.0343446,0.0349493,0
0.598561,-0.0281606,0.0284074,0
0.598648,-0.0381838,0.0381838,0
