7200
6733
5.86431
5.88001,-0.0445477,-0.0445477,0
5.8801,-0.0612493,-0.0617861,0
5.88019,-0.05397,-0.0549203,0
5.88028,-0.0690813,-0.0709139,0
5.88036,-0.0986415,-0.102146,0
5.88045,-0.198464,-0.207318,0
5.88054,-0.124592,-0.131293,0
5.88062,-0.324777,-0.345248,0
5.88071,-0.229151,-0.245735,0
5.8808,-0.177167,-0.191658,0
5.88089,-0.16079,-0.175472,0
5.88097,-0.16473,-0.181353,0
5.88106,-0.188026,-0.208824,0
5.88115,-0.121856,-0.136528,0
5.88124,-0.290228,-0.328043,0
5.88132,-0.299343,-0.341335,0
5.88141,-0.299163,-0.344148,0
5.8815,-0.296353,-0.343935,0
5.88158,-0.301993,-0.353589,0
5.88167,-0.301094,-0.355666,0
5.88176,-0.30661,-0.365403,0
5.88185,-0.310767,-0.373657,0
5.88193,-0.313587,-0.380411,0
5.88202,-0.312556,-0.38255,0
5.88211,-0.30585,-0.377693,0
5.8822,-0.305451,-0.380584,0
5.88228,-0.312502,-0.392869,0
5.88237,-0.310166,-0.393444,0
5.88246,-0.308446,-0.394793,0
5.88254,-0.300599,-0.388229,0
5.88263,-0.306207,-0.399057,0
5.88272,-0.306884,-0.403573,0
5.88281,-0.306926,-0.407304,0
5.88289,-0.316514,-0.423863,0
5.88298,-0.309308,-0.418006,0
5.88307,-0.303342,-0.413706,0
5.88316,-0.307999,-0.423925,0
5.88324,-0.311989,-0.43338,0
5.88333,-0.308353,-0.432295,0
5.88342,-0.311658,-0.440986,0
5.8835,-0.317761,-0.45381,0
5.88359,-0.312928,-0.451084,0
5.88368,-0.309824,-0.450797,0
5.88377,-0.310106,-0.455451,0
5.88385,-0.310352,-0.460116,0
5.88394,-0.309453,-0.463129,0
5.88403,-0.307429,-0.464474,0
5.88412,-0.310334,-0.473338,0
5.8842,-0.310989,-0.478881,0
5.88429,-0.309437,-0.481074,0
5.88438,-0.307335,-0.48242,0
5.88446,-0.316433,-0.501517,0
5.88455,-0.309473,-0.49526,0
5.88464,-0.303625,-0.490653,0
5.88473,-0.304094,-0.496237,0
5.88481,-0.301926,-0.497559,0
5.8849,-0.303872,-0.505729,0
5.88499,-0.318024,-0.534551,0
5.88508,-0.312644,-0.530764,0
5.88516,-0.307806,-0.527803,0
5.88525,-0.311,-0.538668,0
5.88534,-0.309639,-0.541756,0
5.88542,-0.310227,-0.548324,0
5.88551,-0.30832,-0.550545,0
5.8856,-0.308339,-0.556258,0
5.88569,-0.297251,-0.541817,0
5.88577,-0.296316,-0.545745,0
5.88586,-0.294878,-0.548795,0
5.88595,-0.29295,-0.550959,0
5.88604,-0.28775,-0.546922,0
5.88612,-0.286284,-0.549947,0
5.88621,-0.283882,-0.551191,0
5.8863,-0.281474,-0.552424,0
5.88638,-0.279961,-0.555433,0
5.88647,-0.273965,-0.54949,0
5.88656,-0.271565,-0.55068,0
5.88665,-0.26653,-0.546467,0
5.88673,-0.263708,-0.546724,0
5.88682,-0.260029,-0.545161,0
5.88691,-0.254235,-0.539055,0
5.887,-0.249345,-0.534722,0
5.88708,-0.248684,-0.539437,0
5.88717,-0.248816,-0.545977,0
5.88726,-0.241913,-0.537028,0
5.88734,-0.239161,-0.537165,0
5.88743,-0.235607,-0.535457,0
5.88752,-0.233667,-0.537397,0
5.88761,-0.234083,-0.544843,0
5.88769,-0.227796,-0.536654,0
5.88778,-0.227773,-0.543176,0
5.88787,-0.228079,-0.550632,0
5.88796,-0.219616,-0.536813,0
5.88804,-0.219894,-0.544257,0
5.88813,-0.215664,-0.540567,0
5.88822,-0.216602,-0.549877,0
5.8883,-0.215288,-0.553613,0
5.88839,-0.207495,-0.540543,0
5.88848,-0.207615,-0.547989,0
5.88857,-0.20277,-0.542333,0
5.88865,-0.200402,-0.543213,0
5.88874,-0.199398,-0.547841,0
5.88883,-0.193288,-0.538353,0
5.88892,-0.189602,-0.53542,0
5.889,-0.190232,-0.544739,0
5.88909,-0.187202,-0.543673,0
5.88918,-0.18097,-0.533122,0
5.88926,-0.180546,-0.539596,0
5.88935,-0.179443,-0.544178,0
5.88944,-0.177376,-0.545906,0
5.88953,-0.172858,-0.540008,0
5.88961,-0.1705,-0.540757,0
5.8897,-0.167546,-0.539586,0
5.88979,-0.166944,-0.54605,0
5.88988,-0.16456,-0.546773,0
5.88996,-0.159901,-0.539816,0
5.89005,-0.160902,-0.552029,0
5.89014,-0.155459,-0.542152,0
5.89022,-0.153907,-0.545712,0
5.89031,-0.15099,-0.544451,0
5.8904,-0.150454,-0.551858,0
5.89049,-0.14468,-0.539953,0
5.89057,-0.142577,-0.541546,0
5.89066,-0.14472,-0.559589,0
5.89075,-0.139323,-0.548585,0
5.89083,-0.137895,-0.553069,0
5.89092,-0.133817,-0.546866,0
5.89101,-0.131897,-0.549389,0
5.8911,-0.133395,-0.566507,0
5.89118,-0.136095,-0.589494,0
5.89127,-0.139039,-0.614466,0
5.89136,-0.135275,-0.610185,0
5.89145,-0.131338,-0.604906,0
5.89153,-0.118718,-0.558522,0
5.89162,-0.115058,-0.553161,0
5.89171,-0.112244,-0.551698,0
5.89179,-0.115493,-0.580625,0
5.89188,-0.108761,-0.559527,0
5.89197,-0.107997,-0.568839,0
5.89206,-0.107154,-0.578154,0
5.89214,-0.101428,-0.560903,0
5.89223,-0.103842,-0.588915,0
5.89232,-0.0950051,-0.552897,0
5.89241,-0.0942422,-0.563169,0
5.89249,-0.0900158,-0.552718,0
5.89258,-0.0872904,-0.55113,0
5.89267,-0.0848849,-0.551506,0
5.89275,-0.0836601,-0.559783,0
5.89284,-0.078921,-0.544308,0
5.89293,-0.0777978,-0.55356,0
5.89302,-0.0765953,-0.562812,0
5.8931,-0.0730947,-0.555209,0
5.89319,-0.0724382,-0.569411,0
5.89328,-0.0694655,-0.565751,0
5.89337,-0.0658209,-0.556118,0
5.89345,-0.2375,-2.08451,0
5.89354,-0.229274,-2.09348,0
5.89363,-0.219196,-2.08551,0
5.89371,-0.210295,-2.08844,0
5.8938,-0.201372,-2.09133,0
5.89389,-0.193068,-2.10115,0
5.89398,-0.182243,-2.08304,0
5.89406,-0.173318,-2.08581,0
5.89415,-0.16445,-2.08954,0
5.89424,-0.155035,-2.08625,0
5.89433,-0.145931,-2.0869,0
5.89441,-0.13702,-2.09051,0
5.8945,-0.127591,-2.0861,0
5.89459,-0.118828,-2.09263,0
5.89467,-0.109749,-2.09413,0
5.89476,-0.100418,-2.09059,0
5.89485,-0.0915571,-2.097,0
5.89494,-0.0823671,-2.09638,0
5.89502,-0.0732192,-2.09672,0
5.89511,-0.0640698,-2.09702,0
5.8952,-0.0548669,-2.09528,0
5.89529,-0.0454841,-2.0845,0
5.89537,-0.0364232,-2.08668,0
5.89546,-0.0273049,-2.08582,0
5.89555,-0.0182472,-2.09092,0
5.89563,-0.00912807,-2.09198,0
5.89572,-2.5165e-08,-2.089,0
5.89581,0.00914983,-2.09698,0
5.8959,0.0182297,-2.08892,0
5.89598,0.0273834,-2.09182,0
5.89607,0.0365104,-2.09168,0
5.89616,0.0455931,-2.0895,0
5.89625,0.054893,-2.09628,0
5.89633,0.0636422,-2.08303,0
5.89642,0.0730097,-2.09073,0
5.89651,0.0817782,-2.08139,0
5.89659,0.0910336,-2.08501,0
5.89668,0.100418,-2.09059,0
5.89677,0.10912,-2.08214,0
5.89686,0.118375,-2.08464,0
5.89694,0.127042,-2.07712,0
5.89703,0.13702,-2.09051,0
5.89712,0.145582,-2.08192,0
5.89721,0.154961,-2.08525,0
5.89729,0.164686,-2.09253,0
5.89738,0.173814,-2.09179,0
5.89747,0.183027,-2.09201,0
5.89755,0.191787,-2.08721,0
5.89764,0.201851,-2.0963,0
5.89773,0.209794,-2.08346,0
5.89782,0.21951,-2.0885,0
5.8979,0.228185,-2.08354,0
5.89799,0.23784,-2.08749,0
5.89808,0.247886,-2.09438,0
5.89817,0.256535,-2.08931,0
5.89825,0.265775,-2.08916,0
5.89834,0.27541,-2.09195,0
5.89843,0.283591,-2.08379,0
5.89851,0.292542,-2.08154,0
5.8986,0.302482,-2.08619,0
5.89869,0.311878,-2.08682,0
5.89878,0.321132,-2.08643,0
5.89886,0.32992,-2.08303,0
5.89895,0.339649,-2.08552,0
5.89904,0.350066,-2.09191,0
5.89913,0.358344,-2.08544,0
5.89921,0.368134,-2.08779,0
5.8993,0.37724,-2.08617,0
5.89939,0.386157,-2.08352,0
5.89947,0.395617,-2.08378,0
5.89956,0.407568,-2.09676,0
5.89965,0.414567,-2.08417,0
5.89974,0.424454,-2.08626,0
5.89982,0.434164,-2.08732,0
5.89991,0.443891,-2.08835,0
5.9,0.452151,-2.08248,0
5.90009,0.461882,-2.08342,0
5.90017,0.469423,-2.07455,0
5.90026,0.48252,-2.09002,0
5.90035,0.491864,-2.08887,0
5.90043,0.503308,-2.09643,0
5.90052,0.510312,-2.08547,0
5.90061,0.519648,-2.0842,0
5.9007,0.530706,-2.08966,0
5.90078,0.539319,-2.08539,0
5.90087,0.549686,-2.08785,0
5.90096,0.560343,-2.09123,0
5.90105,0.569726,-2.08973,0
5.90113,0.580442,-2.09301,0
5.90122,0.591197,-2.09623,0
5.90131,0.598684,-2.08786,0
5.90139,0.609747,-2.09195,0
5.90148,0.619437,-2.09119,0
5.90157,0.629421,-2.09134,0
5.90166,0.636493,-2.08188,0
5.90174,0.647054,-2.08385,0
5.90183,0.662154,-2.10008,0
5.90192,0.671311,-2.09718,0
5.90201,0.680764,-2.09518,0
5.90209,0.691779,-2.09789,0
5.90218,0.699657,-2.09105,0
5.90227,0.708131,-2.08609,0
5.90235,0.71918,-2.08865,0
5.90244,0.728287,-2.08549,0
5.90253,0.740384,-2.09078,0
5.90262,0.751189,-2.09223,0
5.9027,0.762705,-2.09551,0
5.90279,0.771841,-2.09217,0
5.90288,0.783064,-2.0944,0
5.90297,0.791132,-2.08816,0
5.90305,0.804178,-2.09495,0
5.90314,0.815486,-2.09702,0
5.90323,0.821329,-2.08507,0
5.90331,0.834495,-2.09168,0
5.9034,0.84736,-2.09729,0
5.90349,0.858396,-2.0982,0
5.90358,0.86563,-2.08982,0
5.90366,0.87822,-2.09432,0
5.90375,0.889695,-2.09599,0
5.90384,0.900016,-2.09484,0
5.90392,0.913534,-2.10098,0
5.90401,0.921887,-2.09515,0
5.9041,0.934274,-2.09841,0
5.90419,0.943832,-2.09523,0
5.90427,0.949233,-2.0829,0
5.90436,0.963336,-2.08964,0
5.90445,0.974135,-2.08904,0
5.90454,0.987933,-2.09472,0
5.90462,0.997494,-2.09129,0
5.90471,1.01313,-2.10043,0
5.9048,1.02623,-2.10408,0
5.90488,1.03097,-2.09061,0
5.90497,1.04143,-2.08878,0
5.90506,1.05728,-2.09761,0
5.90515,1.06597,-2.09208,0
5.90523,1.07967,-2.0963,0
5.90532,1.09019,-2.09423,0
5.90541,1.1049,-2.10008,0
5.9055,1.11359,-2.09435,0
5.90558,1.12603,-2.09564,0
5.90567,1.13898,-2.09774,0
5.90576,1.14764,-2.09187,0
5.90584,1.1616,-2.09559,0
5.90593,1.17416,-2.09661,0
5.90602,1.18576,-2.09582,0
5.90611,1.19787,-2.09583,0
5.90619,1.206,-2.08885,0
5.90628,1.21813,-2.08875,0
5.90637,1.22824,-2.08514,0
5.90646,1.24193,-2.0875,0
5.90654,1.25721,-2.09235,0
5.90663,1.26892,-2.09111,0
5.90672,1.28221,-2.09238,0
5.9068,1.29343,-2.09017,0
5.90689,1.30784,-2.09298,0
5.90698,1.32176,-2.09487,0
5.90707,1.33626,-2.09751,0
5.90715,1.34432,-2.08998,0
5.90724,1.35506,-2.08661,0
5.90733,1.37622,-2.09908,0
5.90742,1.38315,-2.08972,0
5.9075,1.40226,-2.09863,0
5.90759,1.40973,-2.09,0
5.90768,1.42952,-2.09954,0
5.90776,1.43414,-2.08669,0
5.90785,1.45064,-2.09109,0
5.90794,1.46721,-2.09539,0
5.90803,1.48499,-2.10122,0
5.90811,1.49647,-2.09798,0
5.9082,1.51029,-2.09792,0
5.90829,1.51707,-2.08807,0
5.90838,1.53918,-2.09918,0
5.90846,1.54832,-2.09244,0
5.90855,1.56941,-2.10169,0
5.90864,1.58157,-2.09881,0
5.90872,1.59677,-2.09985,0
5.90881,1.61017,-2.09842,0
5.9089,1.62421,-2.0977,0
5.90899,1.63889,-2.09768,0
5.90907,1.65174,-2.09523,0
5.90916,1.66149,-2.08878,0
5.90925,1.67998,-2.09321,0
5.90934,1.70483,-2.10529,0
5.90942,1.71906,-2.10402,0
5.90951,1.73586,-2.10576,0
5.9096,1.74823,-2.10201,0
5.90968,1.76381,-2.10203,0
5.90977,1.77749,-2.09965,0
5.90986,1.78728,-2.09264,0
5.90995,1.80749,-2.0977,0
5.91003,1.83369,-2.10941,0
5.91012,1.84485,-2.10365,0
5.91021,1.86594,-2.10906,0
5.9103,1.88245,-2.1091,0
5.91038,1.8923,-2.10161,0
5.91047,1.91087,-2.1037,0
5.91056,1.93151,-2.10788,0
5.91064,1.94137,-2.10016,0
5.91073,1.95529,-2.09679,0
5.91082,1.9836,-2.10863,0
5.91091,1.99072,-2.09778,0
5.91099,1.99087,-2.07969,0
5.91108,1.9902,-2.06091,0
5.91117,1.988,-2.04074,0
5.91126,1.99198,-2.02706,0
5.91134,1.97828,-1.99562,0
5.91143,1.97566,-1.97566,0
5.91152,1.98852,-1.97124,0
5.9116,1.97927,-1.94502,0
5.91169,1.98487,-1.93358,0
5.91178,1.98178,-1.91378,0
5.91187,1.99011,-1.90512,0
5.91195,1.981,-1.8799,0
5.91204,1.98408,-1.86644,0
5.91213,1.98051,-1.84685,0
5.91222,1.98708,-1.83683,0
5.9123,1.98106,-1.81531,0
5.91239,1.97786,-1.79656,0
5.91248,1.98122,-1.7839,0
5.91256,1.98227,-1.76925,0
5.91265,1.97649,-1.74865,0
5.91274,1.98335,-1.73935,0
5.91283,1.98036,-1.7215,0
5.91291,1.97952,-1.70566,0
5.913,1.97173,-1.68402,0
5.91309,1.97601,-1.67281,0
5.91318,1.98022,-1.66161,0
5.91326,1.98207,-1.64847,0
5.91335,1.97536,-1.62836,0
5.91344,1.9778,-1.61593,0
5.91352,1.97473,-1.5991,0
5.91361,1.97779,-1.58734,0
5.9137,1.97922,-1.57434,0
5.91379,1.97743,-1.55888,0
5.91387,1.98106,-1.54777,0
5.91396,1.98147,-1.53422,0
5.91405,1.97862,-1.51825,0
5.91414,1.98204,-1.50718,0
5.91422,1.97662,-1.48949,0
5.91431,1.97269,-1.47308,0
5.9144,1.97668,-1.46267,0
5.91448,1.97095,-1.44516,0
5.91457,1.97562,-1.43537,0
5.91466,1.97699,-1.42323,0
5.91475,1.98237,-1.41401,0
5.91483,1.97872,-1.39842,0
5.91492,1.9676,-1.37773,0
5.91501,1.9777,-1.37198,0
5.9151,1.98038,-1.36107,0
5.91518,1.97886,-1.34736,0
5.91527,1.97643,-1.33312,0
5.91536,1.9764,-1.32059,0
5.91544,1.97714,-1.30864,0
5.91553,1.97865,-1.29726,0
5.91562,1.98849,-1.29134,0
5.91571,1.98317,-1.27562,0
5.91579,1.98197,-1.26265,0
5.91588,1.97985,-1.24919,0
5.91597,1.97765,-1.23577,0
5.91605,1.97452,-1.22187,0
5.91614,1.96875,-1.20645,0
5.91623,1.97228,-1.19681,0
5.91632,1.97663,-1.18768,0
5.9164,1.97921,-1.17751,0
5.91649,1.98519,-1.16937,0
5.91658,1.98423,-1.15717,0
5.91667,1.9832,-1.145,0
5.91675,1.98123,-1.13237,0
5.91684,1.97745,-1.11879,0
5.91693,1.97795,-1.1077,0
5.91701,1.97402,-1.09422,0
5.9171,1.98316,-1.088,0
5.91719,1.97822,-1.07408,0
5.91728,1.97848,-1.06308,0
5.91736,1.98398,-1.0549,0
5.91745,1.98591,-1.04484,0
5.91754,1.98602,-1.03386,0
5.91763,1.98073,-1.02014,0
5.91771,1.97714,-1.00741,0
5.9178,1.97259,-0.994268,0
5.91789,1.97691,-0.985651,0
5.91797,1.9794,-0.976131,0
5.91806,1.97375,-0.962663,0
5.91815,1.98154,-0.95578,0
5.91824,1.98027,-0.944541,0
5.91832,1.98166,-0.934612,0
5.91841,1.97938,-0.922998,0
5.9185,1.98338,-0.914353,0
5.91859,1.98736,-0.90569,0
5.91867,1.97852,-0.89126,0
5.91876,1.97417,-0.878958,0
5.91885,1.967,-0.865503,0
5.91893,1.935,-0.841361,0
5.91902,1.77143,-0.761066,0
5.91911,1.74252,-0.739654,0
5.9192,1.72359,-0.722763,0
5.91928,1.72211,-0.713322,0
5.91937,1.70947,-0.699364,0
5.91946,1.71714,-0.693771,0
5.91955,1.72108,-0.686643,0
5.91963,1.72127,-0.678027,0
5.91972,1.70837,-0.664349,0
5.91981,1.71219,-0.657247,0
5.91989,1.70756,-0.646935,0
5.91998,1.71411,-0.64088,0
5.92007,1.71877,-0.634086,0
5.92016,1.71494,-0.624187,0
5.92024,1.70823,-0.613319,0
5.92033,1.71466,-0.607195,0
5.92042,1.70502,-0.595421,0
5.92051,1.71328,-0.58993,0
5.92059,1.71678,-0.58277,0
5.92068,1.71836,-0.574956,0
5.92077,1.70376,-0.561816,0
5.92085,1.71285,-0.55654,0
5.92094,1.70765,-0.546622,0
5.92103,1.71097,-0.539466,0
5.92112,1.71044,-0.531106,0
5.9212,1.707,-0.521884,0
5.92129,1.71788,-0.517024,0
5.92138,1.70862,-0.506115,0
5.92147,1.71561,-0.500054,0
5.92155,1.71681,-0.492288,0
5.92164,1.71606,-0.483978,0
5.92173,1.71141,-0.474615,0
5.92181,1.70671,-0.465302,0
5.9219,1.71742,-0.46018,0
5.92199,1.7078,-0.449627,0
5.92208,1.71265,-0.442922,0
5.92216,1.71845,-0.43643,0
5.92225,1.70966,-0.426266,0
5.92234,1.70762,-0.417852,0
5.92243,1.70262,-0.408763,0
5.92251,1.70633,-0.401788,0
5.9226,1.70417,-0.393439,0
5.92269,1.71368,-0.387765,0
5.92277,1.7134,-0.379852,0
5.92286,1.70918,-0.371099,0
5.92295,1.70882,-0.363222,0
5.92304,1.70354,-0.354337,0
5.92312,1.70311,-0.346502,0
5.92321,1.70853,-0.339847,0
5.9233,1.71098,-0.33258,0
5.92339,1.70455,-0.323619,0
5.92347,1.703,-0.315632,0
5.92356,1.70042,-0.307487,0
5.92365,1.70864,-0.30128,0
5.92373,1.69811,-0.291789,0
5.92382,1.69247,-0.283222,0
5.92391,1.68776,-0.27487,0
5.924,1.69586,-0.268598,0
5.92408,1.70394,-0.262261,0
5.92417,1.69715,-0.253641,0
5.92426,1.69725,-0.24609,0
5.92435,1.70227,-0.239239,0
5.92443,1.70132,-0.231539,0
5.92452,1.69934,-0.223722,0
5.92461,1.6993,-0.216179,0
5.92469,1.70321,-0.209128,0
5.92478,1.69517,-0.200636,0
5.92487,1.69801,-0.193464,0
5.92496,1.69089,-0.185183,0
5.92504,1.70362,-0.179057,0
5.92513,1.69841,-0.171021,0
5.92522,1.69416,-0.16313,0
5.92531,1.69586,-0.155827,0
5.92539,1.71844,-0.150344,0
5.92548,1.80279,-0.1498,0
5.92557,1.93502,-0.152289,0
5.92565,1.94663,-0.14466,0
5.92574,1.9253,-0.13463,0
5.92583,1.82309,-0.119492,0
5.92592,1.70282,-0.104149,0
5.926,1.68029,-0.095414,0
5.92609,1.6767,-0.0878721,0
5.92618,1.67107,-0.0802674,0
5.92627,1.67241,-0.0730189,0
5.92635,1.67371,-0.0657602,0
5.92644,1.66898,-0.0582822,0
5.92653,1.67522,-0.0511826,0
5.92661,1.67643,-0.0438988,0
5.9267,1.6776,-0.0366054,0
5.92679,1.67375,-0.0292154,0
5.92688,1.67286,-0.0218989,0
5.92696,1.67294,-0.0145995,0
5.92705,1.67898,-0.00732604,0
5.92714,1.694,-4.10192e-08,0
5.92723,1.69598,0.00740013,0
5.92731,1.68794,0.0147304,0
5.9274,1.69086,0.0221345,0
5.92749,1.69874,0.0296516,0
5.92757,1.6976,0.0370416,0
5.92766,1.69042,0.0442652,0
5.92775,1.68321,0.0514268,0
5.92784,1.69297,0.0591197,0
5.92792,1.69369,0.0665453,0
5.92801,1.69139,0.0738476,0
5.9281,1.69405,0.0813709,0
5.92819,1.68868,0.0885001,0
5.92827,1.69028,0.0959808,0
5.92836,1.68685,0.103172,0
5.92845,1.69836,0.111316,0
5.92853,1.71382,0.119842,0
5.92862,1.76114,0.130876,0
5.92871,1.89514,0.149151,0
5.9288,1.97719,0.164291,0
5.92888,1.98542,0.173701,0
5.92897,1.97966,0.181905,0
5.92906,1.97586,0.190254,0
5.92914,1.98198,0.199575,0
5.92923,1.98308,0.20843,0
5.92932,1.98513,0.217407,0
5.92941,1.98516,0.22618,0
5.92949,1.98514,0.234957,0
5.92958,1.97914,0.243007,0
5.92967,1.98996,0.253155,0
5.92976,1.98785,0.261705,0
5.92984,1.9857,0.270241,0
5.92993,1.99341,0.280155,0
5.93002,1.99415,0.289138,0
5.9301,1.9899,0.297392,0
5.93019,1.99748,0.307441,0
5.93028,1.99019,0.315215,0
5.93037,1.98978,0.324057,0
5.93045,1.98737,0.332571,0
5.93054,1.979,0.340054,0
5.93063,1.97749,0.348685,0
5.93072,1.98776,0.359446,0
5.9308,1.98716,0.368298,0
5.93089,1.99241,0.378271,0
5.93098,1.99368,0.387533,0
5.93106,1.99099,0.396033,0
5.93115,1.98141,0.403122,0
5.93124,1.98942,0.4138,0
5.93133,1.98662,0.422269,0
5.93141,1.98671,0.431357,0
5.9315,1.98383,0.439805,0
5.93159,1.9858,0.44934,0
5.93168,1.98382,0.458,0
5.93176,1.98083,0.466423,0
5.93185,1.98461,0.476462,0
5.93194,1.98737,0.486305,0
5.93202,1.99202,0.496666,0
5.93211,1.98595,0.504368,0
5.9322,1.98277,0.512778,0
5.93229,1.98825,0.523462,0
5.93237,1.99174,0.533685,0
5.93246,1.99422,0.543685,0
5.93255,1.98701,0.551045,0
5.93264,1.98362,0.559439,0
5.93272,1.98404,0.568915,0
5.93281,1.98826,0.579526,0
5.9329,1.97996,0.586492,0
5.93298,1.98409,0.597143,0
5.93307,1.98433,0.606671,0
5.93316,1.98835,0.6174,0
5.93325,1.98945,0.627272,0
5.93333,1.98955,0.636861,0
5.93342,1.9839,0.644609,0
5.93351,1.98677,0.655139,0
5.9336,1.98863,0.665388,0
5.93368,1.99139,0.675987,0
5.93377,1.99126,0.685646,0
5.93386,1.97881,0.691032,0
5.93394,1.97766,0.700327,0
5.93403,1.97835,0.710301,0
5.93412,1.98933,0.724057,0
5.93421,1.99084,0.73446,0
5.93429,1.97544,0.738587,0
5.93438,1.9881,0.753223,0
5.93447,1.99226,0.764757,0
5.93456,1.9889,0.773443,0
5.93464,1.99388,0.785412,0
5.93473,1.98765,0.792993,0
5.93482,1.98417,0.801658,0
5.9349,1.98806,0.813337,0
5.93499,1.99188,0.825065,0
5.93508,1.98827,0.833749,0
5.93517,1.98921,0.84437,0
5.93525,1.99102,0.85541,0
5.93534,1.99094,0.865684,0
5.93543,1.98073,0.871544,0
5.93552,1.9897,0.885872,0
5.9356,1.99676,0.899474,0
5.93569,1.99009,0.906934,0
5.93578,1.99065,0.917702,0
5.93586,1.99025,0.92807,0
5.93595,1.99161,0.939304,0
5.93604,1.99742,0.952721,0
5.93613,1.99144,0.960558,0
5.93621,1.99083,0.970992,0
5.9363,1.98837,0.980554,0
5.93639,1.99033,0.992344,0
5.93648,1.98688,1.00147,0
5.93656,1.98962,1.01376,0
5.93665,1.98695,1.02335,0
5.93674,1.98602,1.03386,0
5.93682,1.98503,1.04437,0
5.93691,1.98663,1.05631,0
5.937,1.98905,1.06876,0
5.93709,1.98349,1.07695,0
5.93717,1.97877,1.08559,0
5.93726,1.99151,1.10391,0
5.93735,1.99278,1.11601,0
5.93744,1.98354,1.12223,0
5.93752,1.99252,1.13882,0
5.93761,1.99013,1.149,0
5.9377,1.99114,1.1612,0
5.93778,1.98778,1.17089,0
5.93787,1.98781,1.18262,0
5.93796,1.99206,1.19695,0
5.93805,1.99109,1.20822,0
5.93813,1.99091,1.22003,0
5.93822,1.99493,1.2345,0
5.93831,1.998,1.24849,0
5.9384,1.98915,1.25506,0
5.93848,1.98703,1.26588,0
5.93857,1.98569,1.27724,0
5.93866,1.99687,1.29679,0
5.93874,1.99371,1.30713,0
5.93883,1.99465,1.32023,0
5.93892,2.00135,1.33726,0
5.93901,2.00047,1.34933,0
5.93909,1.99621,1.35917,0
5.93918,1.99191,1.369,0
5.93927,1.99825,1.38623,0
5.93936,2.00201,1.40182,0
5.93944,1.99506,1.40997,0
5.93953,1.99458,1.42272,0
5.93962,1.99485,1.43609,0
5.9397,1.99261,1.44772,0
5.93979,2.00079,1.46704,0
5.93988,1.99517,1.47635,0
5.93997,1.99352,1.48863,0
5.94005,1.99339,1.50213,0
5.94014,1.99558,1.51747,0
5.94023,1.99846,1.53347,0
5.94032,1.99728,1.54646,0
5.9404,1.99603,1.55947,0
5.94049,1.9947,1.5725,0
5.94058,2.00269,1.59301,0
5.94066,2.00274,1.60737,0
5.94075,1.99882,1.61861,0
5.94084,1.99484,1.62985,0
5.94093,1.99696,1.64617,0
5.94101,1.99514,1.65934,0
5.9411,1.99401,1.67318,0
5.94119,2.00043,1.69349,0
5.94127,2.00139,1.70935,0
5.94136,1.99846,1.72198,0
5.94145,2.00074,1.73921,0
5.94154,1.99689,1.75122,0
5.94162,1.99222,1.76257,0
5.94171,1.99645,1.7819,0
5.9418,1.99757,1.79862,0
5.94189,1.99119,1.80867,0
5.94197,1.99434,1.82747,0
5.94206,1.99736,1.84634,0
5.94215,2.00318,1.86799,0
5.94223,2.00375,1.88494,0
5.94232,1.99768,1.89573,0
5.94241,2.00745,1.92171,0
5.9425,2.00048,1.93184,0
5.94258,2.0035,1.95172,0
5.94267,2.00352,1.96885,0
5.94276,2.00698,1.98955,0
5.94285,2.00323,2.00323,0
5.94293,2.00926,2.02687,0
5.94302,2.00881,2.04418,0
5.94311,2.00545,2.05865,0
5.94319,1.977,2.04724,0
5.94328,1.96321,2.05079,0
5.94337,1.94942,2.05426,0
5.94346,1.92948,2.05109,0
5.94354,1.91096,2.04925,0
5.94363,1.89657,2.0517,0
5.94372,1.8849,2.057,0
5.94381,1.86178,2.04966,0
5.94389,1.85015,2.0548,0
5.94398,1.83783,2.05912,0
5.94407,1.81823,2.05513,0
5.94415,1.7987,2.05102,0
5.94424,1.78579,2.05432,0
5.94433,1.77485,2.05982,0
5.94442,1.75091,2.05005,0
5.9445,1.73549,2.05004,0
5.94459,1.71946,2.04917,0
5.94468,1.70347,2.04819,0
5.94477,1.69706,2.05869,0
5.94485,1.6811,2.05756,0
5.94494,1.65826,2.04778,0
5.94503,1.64743,2.05266,0
5.94511,1.63286,2.05278,0
5.9452,1.61707,2.05125,0
5.94529,1.60134,2.04962,0
5.94538,1.58932,2.05263,0
5.94546,1.57669,2.05479,0
5.94555,1.55742,2.04811,0
5.94564,1.54486,2.0501,0
5.94573,1.53051,2.04961,0
5.94581,1.52334,2.05868,0
5.9459,1.50607,2.05401,0
5.94599,1.49004,2.05086,0
5.94607,1.4764,2.05085,0
5.94616,1.46628,2.05564,0
5.94625,1.45325,2.0563,0
5.94634,1.43968,2.05607,0
5.94642,1.42556,2.05494,0
5.94651,1.41262,2.05537,0
5.9466,1.40364,2.06151,0
5.94669,1.38568,2.05435,0
5.94677,1.37337,2.05539,0
5.94686,1.36108,2.05636,0
5.94695,1.34716,2.05475,0
5.94703,1.33382,2.0539,0
5.94712,1.32593,2.06139,0
5.94721,1.30886,2.0545,0
5.9473,1.29562,2.05343,0
5.94738,1.28452,2.05567,0
5.94747,1.2687,2.0502,0
5.94756,1.25138,2.04207,0
5.94765,1.24298,2.04837,0
5.94773,1.23455,2.05463,0
5.94782,1.22301,2.0557,0
5.94791,1.21099,2.05585,0
5.94799,1.19949,2.05679,0
5.94808,1.1855,2.05335,0
5.94817,1.17851,2.06197,0
5.94826,1.16409,2.05752,0
5.94834,1.15119,2.0556,0
5.94843,1.13979,2.05623,0
5.94852,1.12936,2.05855,0
5.94861,1.11798,2.05907,0
5.94869,1.10662,2.05952,0
5.94878,1.09199,2.05374,0
5.94887,1.08116,2.05494,0
5.94895,1.07357,2.0623,0
5.94904,1.05815,2.05452,0
5.94913,1.04826,2.05733,0
5.94922,1.03388,2.05117,0
5.9493,1.02269,2.05119,0
5.94939,1.01373,2.05563,0
5.94948,1.00431,2.05914,0
5.94957,0.991839,2.05629,0
5.94965,0.980274,2.05519,0
5.94974,0.970017,2.05673,0
5.94983,0.961457,2.06185,0
5.94991,0.947427,2.05513,0
5.95,0.93928,2.06106,0
5.95009,0.929046,2.06241,0
5.95018,0.916378,2.05822,0
5.95026,0.905777,2.05854,0
5.95035,0.893996,2.05605,0
5.95044,0.884621,2.05901,0
5.95053,0.871721,2.05365,0
5.95061,0.863139,2.05835,0
5.9507,0.850323,2.05286,0
5.95079,0.842872,2.06025,0
5.95087,0.832001,2.05928,0
5.95096,0.820044,2.05546,0
5.95105,0.806669,2.04785,0
5.95114,0.799538,2.05601,0
5.95122,0.792352,2.06415,0
5.95131,0.780149,2.05917,0
5.9514,0.771857,2.06443,0
5.95149,0.758343,2.05558,0
5.95157,0.747998,2.05511,0
5.95166,0.73801,2.05553,0
5.95175,0.730703,2.06344,0
5.95183,0.719385,2.06,0
5.95192,0.712343,2.06879,0
5.95201,0.701381,2.0662,0
5.9521,0.690138,2.0626,0
5.95218,0.678626,2.058,0
5.95227,0.668713,2.05809,0
5.95236,0.658202,2.05622,0
5.95245,0.646518,2.05049,0
5.95253,0.637268,2.05234,0
5.95262,0.628307,2.0551,0
5.95271,0.620487,2.06165,0
5.95279,0.610065,2.05954,0
5.95288,0.600793,2.06123,0
5.95297,0.59262,2.06671,0
5.95306,0.581154,2.06062,0
5.95314,0.571356,2.06024,0
5.95323,0.561309,2.05886,0
5.95332,0.552061,2.06032,0
5.95341,0.543575,2.06464,0
5.95349,0.534061,2.06506,0
5.95358,0.523568,2.06155,0
5.95367,0.512633,2.05606,0
5.95375,0.504132,2.06022,0
5.95384,0.495138,2.0624,0
5.95393,0.485217,2.06064,0
5.95402,0.476446,2.06372,0
5.9541,0.467879,2.06773,0
5.95419,0.453225,2.04436,0
5.95428,0.445573,2.05219,0
5.95436,0.438902,2.06487,0
5.95445,0.428462,2.05991,0
5.95454,0.420467,2.06666,0
5.95463,0.410665,2.06455,0
5.95471,0.399936,2.05749,0
5.9548,0.391887,2.06413,0
5.95489,0.381055,2.05599,0
5.95498,0.372792,2.06157,0
5.95506,0.363967,2.06416,0
5.95515,0.35411,2.0608,0
5.95524,0.34495,2.06134,0
5.95532,0.335309,2.05887,0
5.95541,0.326479,2.06131,0
5.9555,0.317329,2.06172,0
5.95559,0.308626,2.06507,0
5.95567,0.299756,2.06738,0
5.95576,0.288228,2.05085,0
5.95585,0.280895,2.06397,0
5.95594,0.272017,2.06617,0
5.95602,0.262999,2.06734,0
5.95611,0.253854,2.06747,0
5.9562,0.245301,2.07253,0
5.95628,0.23535,2.06564,0
5.95637,0.227096,2.0736,0
5.95646,0.21721,2.06662,0
5.95655,0.208291,2.06854,0
5.95663,0.19888,2.06545,0
5.95672,0.189408,2.06132,0
5.95681,0.180064,2.05814,0
5.9569,0.171247,2.0609,0
5.95698,0.16296,2.0706,0
5.95707,0.153775,2.06929,0
5.95716,0.144396,2.06496,0
5.95724,0.134731,2.05559,0
5.95733,0.126554,2.06913,0
5.95742,0.117638,2.07166,0
5.95751,0.108336,2.06716,0
5.95759,0.0990749,2.06262,0
5.95768,0.0900305,2.06204,0
5.95777,0.0810716,2.06341,0
5.95786,0.0719977,2.06174,0
5.95794,0.0630926,2.06504,0
5.95803,0.0540816,2.06529,0
5.95812,0.0450042,2.06251,0
5.9582,0.035952,2.05969,0
5.95829,0.0270563,2.06682,0
5.95838,0.0180291,2.06592,0
5.95847,0.00900158,2.06298,0
5.95855,7.4984e-08,2.061,0
5.95864,-0.00900579,2.06398,0
5.95873,-0.0180377,2.06692,0
5.95882,-0.0270299,2.06482,0
5.9589,-0.0359693,2.06069,0
5.95899,-0.0450477,2.06451,0
5.95908,-0.0541862,2.06929,0
5.95916,-0.063062,2.06404,0
5.95925,-0.0720674,2.06374,0
5.95934,-0.0811892,2.06641,0
5.95943,-0.0905538,2.07402,0
5.95951,-0.0990268,2.06162,0
5.9596,-0.107917,2.05917,0
5.95969,-0.117694,2.07266,0
5.95978,-0.126676,2.07113,0
5.95986,-0.135319,2.06457,0
5.95995,-0.144605,2.06795,0
5.96004,-0.15333,2.06331,0
5.96012,-0.16241,2.06362,0
5.96021,-0.171579,2.06488,0
5.9603,-0.180848,2.0671,0
5.96039,-0.189866,2.0663,0
5.96047,-0.198592,2.06246,0
5.96056,-0.20799,2.06555,0
5.96065,-0.217315,2.06761,0
5.96074,-0.226116,2.06465,0
5.96082,-0.236029,2.0716,0
5.96091,-0.243655,2.05863,0
5.961,-0.252269,2.05457,0
5.96108,-0.263882,2.07428,0
5.96117,-0.271755,2.06419,0
5.96126,-0.281029,2.06496,0
5.96135,-0.290593,2.06768,0
5.96143,-0.299613,2.06639,0
5.96152,-0.308478,2.06408,0
5.96161,-0.318394,2.06864,0
5.9617,-0.327887,2.07019,0
5.96178,-0.336595,2.06677,0
5.96187,-0.344784,2.06035,0
5.96196,-0.355295,2.0677,0
5.96204,-0.365529,2.07302,0
5.96213,-0.37297,2.06255,0
5.96222,-0.38233,2.06287,0
5.96231,-0.392073,2.06511,0
5.96239,-0.401462,2.06534,0
5.96248,-0.41086,2.06553,0
5.96257,-0.420467,2.06666,0
5.96266,-0.430702,2.07068,0
5.96274,-0.439941,2.06976,0
5.96283,-0.450453,2.07466,0
5.96292,-0.458419,2.0678,0
5.963,-0.467658,2.06675,0
5.96309,-0.477121,2.06664,0
5.96318,-0.486822,2.06746,0
5.96327,-0.496772,2.0692,0
5.96335,-0.506033,2.06799,0
5.96344,-0.515294,2.06673,0
5.96353,-0.52603,2.07125,0
5.96362,-0.535062,2.06893,0
5.9637,-0.543066,2.06271,0
5.96379,-0.556461,2.07674,0
5.96388,-0.565517,2.07429,0
5.96396,-0.572425,2.0641,0
5.96405,-0.581968,2.0635,0
5.96414,-0.589313,2.05518,0
5.96423,-0.601352,2.06315,0
5.96431,-0.615461,2.07776,0
5.9644,-0.625386,2.07793,0
5.96449,-0.632692,2.06944,0
5.96458,-0.645571,2.07908,0
5.96466,-0.218312,0.692399,0
5.96475,-0.223466,0.698106,0
5.96484,-0.240415,0.739922,0
5.96492,-0.235812,0.715123,0
5.96501,-0.229411,0.685638,0
5.9651,-0.226615,0.667586,0
5.96519,-0.227572,0.660918,0
5.96527,-0.227816,0.652366,0
5.96536,-0.228991,0.646652,0
5.96545,-0.230459,0.641882,0
5.96554,-0.226759,0.623016,0
5.96562,-0.228091,0.618268,0
5.96571,-0.222732,0.595724,0
5.9658,-0.230998,0.609708,0
5.96588,-0.226489,0.590023,0
5.96597,-0.225436,0.579709,0
5.96606,-0.226864,0.575929,0
5.96615,-0.224558,0.562859,0
5.96623,-0.228135,0.564655,0
5.96632,-0.224917,0.549771,0
5.96641,-0.225783,0.545089,0
5.96649,-0.226613,0.54041,0
5.96658,-0.226624,0.533893,0
5.96667,-0.224214,0.521873,0
5.96676,-0.225692,0.519056,0
5.96684,-0.227149,0.516236,0
5.96693,-0.224112,0.503364,0
5.96702,-0.227949,0.506028,0
5.96711,-0.231814,0.508668,0
5.96719,-0.238636,0.517642,0
5.96728,-0.240047,0.514783,0
5.96737,-0.239732,0.508304,0
5.96745,-0.244961,0.513571,0
5.96754,-0.238076,0.493583,0
5.96763,-0.235405,0.482652,0
5.96772,-0.232202,0.470858,0
5.9678,-0.232469,0.466261,0
5.96789,-0.231351,0.458991,0
5.96798,-0.232897,0.457086,0
5.96807,-0.234889,0.456066,0
5.96815,-0.231798,0.445279,0
5.96824,-0.232342,0.441609,0
5.96833,-0.229572,0.431761,0
5.96841,-0.234293,0.436041,0
5.9685,-0.237148,0.436772,0
5.96859,-0.230394,0.419952,0
5.96868,-0.233193,0.420692,0
5.96876,-0.228675,0.408328,0
5.96885,-0.225038,0.397753,0
5.96894,-0.224786,0.393294,0
5.96903,-0.2255,0.390577,0
5.96911,-0.231232,0.3965,0
5.9692,-0.230422,0.39118,0
5.96929,-0.222412,0.373842,0
5.96937,-0.228162,0.379725,0
5.96946,-0.224629,0.370177,0
5.96955,-0.232512,0.379425,0
5.96964,-0.226798,0.366502,0
5.96972,-0.228395,0.365509,0
5.96981,-0.224652,0.356051,0
5.9699,-0.232651,0.365189,0
5.96999,-0.22775,0.354077,0
5.97007,-0.238007,0.366499,0
5.97016,-0.228638,0.348731,0
5.97025,-0.234573,0.354401,0
5.97033,-0.227228,0.340071,0
5.97042,-0.223677,0.331615,0
5.97051,-0.227373,0.333942,0
5.9706,-0.234492,0.341188,0
5.97068,-0.231989,0.33441,0
5.97077,-0.229431,0.327661,0
5.97086,-0.234898,0.332373,0
5.97095,-0.224151,0.314249,0
5.97103,-0.216172,0.300282,0
5.97112,-0.231587,0.318753,0
5.97121,-0.227063,0.309675,0
5.97129,-0.232576,0.314308,0
5.97138,-0.215995,0.289253,0
5.97147,-0.239522,0.317857,0
5.97156,-0.233038,0.306461,0
5.97164,-0.228894,0.298301,0
5.97173,-0.223459,0.288602,0
5.97182,-0.239492,0.306536,0
5.97191,-0.221636,0.281143,0
5.97199,-0.23282,0.292695,0
5.97208,-0.239103,0.297916,0
5.97217,-0.238512,0.294538,0
5.97225,-0.242959,0.297367,0
5.97234,-0.239165,0.290131,0
5.97243,-0.23915,0.287547,0
5.97252,-0.233975,0.27884,0
5.9726,-0.240358,0.283922,0
5.97269,-0.238997,0.279829,0
5.97278,-0.234994,0.272723,0
5.97287,-0.231589,0.266412,0
5.97295,-0.236046,0.269159,0
5.97304,-0.233242,0.263632,0
5.97313,-0.23439,0.262612,0
5.97321,-0.232188,0.257871,0
5.9733,-0.238018,0.262037,0
5.97339,-0.233754,0.255098,0
5.97348,-0.225362,0.243795,0
5.97356,-0.207327,0.222332,0
5.97365,-0.204185,0.217055,0
5.97374,-0.296681,0.312636,0
5.97383,-0.179102,0.187092,0
5.97391,-0.175749,0.181993,0
5.974,-0.144443,0.148275,0
5.97409,-0.0897164,0.0912961,0
5.97417,-0.0661774,0.0667574,0
