7200
1395
1.20428
1.21999,-0.0367696,-0.0367696,0
1.22007,-0.0506891,-0.0511333,0
1.22016,-0.0595773,-0.0606263,0
1.22025,-0.0725702,-0.0744954,0
1.22033,-0.0986415,-0.102146,0
1.22042,-0.0815985,-0.0852389,0
1.22051,-0.132164,-0.139272,0
1.2206,-0.124703,-0.132564,0
1.22068,-0.126852,-0.136032,0
1.22077,-0.128972,-0.139521,0
1.22086,-0.156737,-0.171048,0
1.22095,-0.159351,-0.175432,0
1.22103,-0.157915,-0.175382,0
1.22112,-0.154485,-0.173085,0
1.22121,-0.176257,-0.199222,0
1.22129,-0.122638,-0.139842,0
1.22138,-0.272921,-0.313959,0
1.22147,-0.282645,-0.328026,0
1.22156,-0.286407,-0.335339,0
1.22164,-0.295279,-0.348797,0
1.22173,-0.303396,-0.361573,0
1.22182,-0.289026,-0.347517,0
1.2219,-0.286235,-0.347231,0
1.22199,-0.287248,-0.351574,0
1.22208,-0.291375,-0.359819,0
1.22217,-0.289177,-0.360307,0
1.22225,-0.293827,-0.369391,0
1.22234,-0.30088,-0.381664,0
1.22243,-0.303521,-0.388489,0
1.22252,-0.300599,-0.388229,0
1.2226,-0.301946,-0.393503,0
1.22269,-0.303252,-0.398797,0
1.22278,-0.307527,-0.408103,0
1.22286,-0.306941,-0.411043,0
1.22295,-0.299791,-0.405144,0
1.22304,-0.301568,-0.411287,0
1.22313,-0.296832,-0.408554,0
1.22321,-0.299136,-0.415526,0
1.2233,-0.301385,-0.422526,0
1.22339,-0.306464,-0.433637,0
1.22348,-0.309158,-0.441523,0
1.22356,-0.294688,-0.424791,0
1.22365,-0.303027,-0.440908,0
1.22374,-0.303915,-0.446358,0
1.22382,-0.303083,-0.449338,0
1.22391,-0.300564,-0.449825,0
1.224,-0.294734,-0.445295,0
1.22409,-0.30211,-0.460794,0
1.22417,-0.299551,-0.461269,0
1.22426,-0.302405,-0.470141,0
1.22435,-0.297664,-0.467239,0
1.22444,-0.305761,-0.484602,0
1.22452,-0.298345,-0.477451,0
1.22461,-0.303099,-0.489803,0
1.2247,-0.299392,-0.488563,0
1.22478,-0.298295,-0.491574,0
1.22487,-0.296147,-0.492871,0
1.22496,-0.299618,-0.503612,0
1.22505,-0.29488,-0.500607,0
1.22513,-0.300249,-0.514846,0
1.22522,-0.295,-0.510955,0
1.22531,-0.300707,-0.526128,0
1.2254,-0.299394,-0.529176,0
1.22548,-0.29757,-0.53135,0
1.22557,-0.295249,-0.532643,0
1.22566,-0.299656,-0.546201,0
1.22574,-0.300133,-0.552776,0
1.22583,-0.295351,-0.549676,0
1.22592,-0.296237,-0.55714,0
1.22601,-0.2952,-0.561082,0
1.22609,-0.294596,-0.565913,0
1.22618,-0.298534,-0.579639,0
1.22627,-0.29691,-0.582718,0
1.22636,-0.295265,-0.585794,0
1.22644,-0.296275,-0.594236,0
1.22653,-0.298545,-0.605389,0
1.22662,-0.295024,-0.604888,0
1.2267,-0.296726,-0.615177,0
1.22679,-0.294039,-0.616466,0
1.22688,-0.297318,-0.630405,0
1.22697,-0.297101,-0.637134,0
1.22705,-0.293899,-0.637516,0
1.22714,-0.289041,-0.634243,0
1.22723,-0.292021,-0.648263,0
1.22732,-0.294071,-0.660493,0
1.2274,-0.295213,-0.670923,0
1.22749,-0.295473,-0.679542,0
1.22758,-0.295268,-0.687256,0
1.22766,-0.296565,-0.698663,0
1.22775,-0.297767,-0.710095,0
1.22784,-0.292753,-0.706768,0
1.22793,-0.296482,-0.724698,0
1.22801,-0.291819,-0.722276,0
1.2281,-0.296075,-0.742119,0
1.22819,-0.292468,-0.742473,0
1.22828,-0.293937,-0.755858,0
1.22836,-0.291353,-0.759001,0
1.22845,-0.291227,-0.768681,0
1.22854,-0.292423,-0.782121,0
1.22862,-0.29593,-0.802154,0
1.22871,-0.287639,-0.790282,0
1.2288,-0.281147,-0.783058,0
1.22889,-0.27973,-0.789934,0
1.22897,-0.289798,-0.829854,0
1.22906,-0.293988,-0.853803,0
1.22915,-0.294439,-0.867388,0
1.22924,-0.29668,-0.886683,0
1.22932,-0.297192,-0.901264,0
1.22941,-0.295111,-0.908259,0
1.2295,-0.299072,-0.9343,0
1.22958,-0.294391,-0.933689,0
1.22967,-0.296542,-0.95502,0
1.22976,-0.294711,-0.963955,0
1.22985,-0.297419,-0.988214,0
1.22993,-0.296228,-1.00005,0
1.23002,-0.29494,-1.01189,0
1.23011,-0.29824,-1.04009,0
1.2302,-0.298856,-1.05966,0
1.23028,-0.309195,-1.11492,0
1.23037,-0.311692,-1.14327,0
1.23046,-0.305665,-1.14076,0
1.23054,-0.302976,-1.15078,0
1.23063,-0.299955,-1.15984,0
1.23072,-0.30203,-1.18925,0
1.23081,-0.297322,-1.19249,0
1.23089,-0.294255,-1.20252,0
1.23098,-0.290406,-1.20963,0
1.23107,-0.290397,-1.23327,0
1.23116,-0.288837,-1.25109,0
1.23124,-0.289776,-1.28062,0
1.23133,-0.282454,-1.27407,0
1.23142,-0.276255,-1.27235,0
1.2315,-0.277146,-1.30387,0
1.23159,-0.290393,-1.39612,0
1.23168,-0.286093,-1.40619,0
1.23177,-0.28093,-1.41233,0
1.23185,-0.273048,-1.40471,0
1.23194,-0.266543,-1.40392,0
1.23203,-0.260415,-1.40507,0
1.23212,-0.257662,-1.42489,0
1.2322,-0.256131,-1.45259,0
1.23229,-0.257581,-1.49903,0
1.23238,-0.256649,-1.53367,0
1.23246,-0.251562,-1.54465,0
1.23255,-0.244038,-1.54079,0
1.23264,-0.238073,-1.54679,0
1.23273,-0.230435,-1.54188,0
1.23281,-0.223705,-1.54287,0
1.2329,-0.21711,-1.54482,0
1.23299,-0.210772,-1.54872,0
1.23308,-0.202968,-1.5417,0
1.23316,-0.195987,-1.54058,0
1.23325,-0.189994,-1.54738,0
1.23334,-0.18136,-1.5323,0
1.23342,-0.175125,-1.53706,0
1.23351,-0.16907,-1.54377,0
1.2336,-0.162855,-1.54947,0
1.23369,-0.15449,-1.53424,0
1.23377,-0.147602,-1.53291,0
1.23386,-0.141187,-1.53653,0
1.23395,-0.134481,-1.53713,0
1.23404,-0.127276,-1.53172,0
1.23412,-0.121925,-1.54921,0
1.23421,-0.115313,-1.55172,0
1.2343,-0.110913,-1.58613,0
1.23438,-0.106346,-1.62252,0
1.23447,-0.101585,-1.6609,0
1.23456,-0.09394,-1.65433,0
1.23465,-0.0868777,-1.65772,0
1.23473,-0.0827143,-1.72201,0
1.23482,-0.0948286,-2.17193,0
1.23491,-0.0840553,-2.13935,0
1.23499,-0.0735333,-2.10572,0
1.23508,-0.0667572,-2.18498,0
1.23517,-0.0550763,-2.10328,0
1.23526,-0.0464439,-2.12849,0
1.23534,-0.0374005,-2.14267,0
1.23543,-0.0271871,-2.07682,0
1.23552,-0.0186399,-2.13592,0
1.23561,-0.00956876,-2.19298,0
1.23569,-2.66346e-08,-2.211,0
1.23578,0.00968652,-2.21998,0
1.23587,0.0194951,-2.23391,0
1.23595,0.0291243,-2.22481,0
1.23604,0.0386047,-2.21166,0
1.23613,0.048429,-2.21947,0
1.23622,0.057851,-2.20924,0
1.2363,0.0682535,-2.23396,0
1.23639,0.0782097,-2.23963,0
1.23648,0.0871568,-2.21829,0
1.23657,0.0978819,-2.24186,0
1.23665,0.105936,-2.20546,0
1.23674,0.115558,-2.20497,0
1.23683,0.125574,-2.21144,0
1.23691,0.133818,-2.18791,0
1.237,0.128059,-1.95381,0
1.23709,0.141396,-2.02206,0
1.23718,0.159926,-2.15207,0
1.23726,0.166961,-2.12144,0
1.23735,0.17721,-2.13265,0
1.23744,0.193311,-2.20956,0
1.23753,0.203683,-2.21666,0
1.23761,0.212778,-2.20978,0
1.2377,0.221516,-2.19988,0
1.23779,0.230172,-2.18994,0
1.23787,0.244406,-2.23166,0
1.23796,0.252896,-2.21964,0
1.23805,0.263636,-2.22745,0
1.23814,0.272134,-2.21636,0
1.23822,0.283443,-2.22804,0
1.23831,0.287288,-2.18217,0
1.2384,0.301931,-2.21855,0
1.23849,0.312444,-2.22315,0
1.23857,0.322428,-2.22375,0
1.23866,0.332276,-2.22331,0
1.23875,0.339539,-2.20602,0
1.23883,0.350257,-2.21143,0
1.23892,0.3636,-2.23259,0
1.23901,0.368221,-2.2004,0
1.2391,0.377819,-2.19878,0
1.23918,0.396265,-2.24733,0
1.23927,0.404999,-2.23968,0
1.23936,0.402376,-2.17103,0
1.23945,0.421544,-2.22034,0
1.23953,0.430083,-2.21259,0
1.23962,0.441294,-2.21854,0
1.23971,0.452765,-2.22541,0
1.23979,0.458398,-2.20383,0
1.23988,0.479444,-2.25561,0
1.23997,0.480795,-2.21441,0
1.24006,0.484825,-2.1869,0
1.24014,0.502969,-2.22281,0
1.24023,0.508614,-2.20305,0
1.24032,0.519139,-2.2047,0
1.24041,0.536224,-2.23353,0
1.24049,0.54335,-2.22049,0
1.24058,0.549647,-2.20451,0
1.24067,0.562214,-2.21372,0
1.24075,0.575624,-2.22577,0
1.24084,0.58202,-2.21067,0
1.24093,0.587519,-2.19265,0
1.24102,0.596292,-2.18717,0
1.2411,0.612778,-2.2096,0
1.24119,0.624042,-2.21268,0
1.24128,0.638652,-2.22724,0
1.24137,0.643327,-2.20715,0
1.24145,0.663176,-2.23884,0
1.24154,0.675244,-2.24359,0
1.24163,0.672163,-2.19854,0
1.24171,0.687383,-2.21374,0
1.2418,0.690721,-2.19069,0
1.24189,0.702712,-2.19527,0
1.24198,0.727117,-2.23784,0
1.24206,0.731237,-2.21755,0
1.24215,0.739003,-2.20865,0
1.24224,0.74574,-2.19688,0
1.24233,0.764434,-2.22008,0
1.24241,0.773784,-2.21578,0
1.24407,1.87099,-4.20231,0
1.24416,1.8774,-4.16766,0
1.24425,1.87441,-4.11303,0
1.24433,1.87476,-4.06667,0
1.24442,1.87431,-4.01947,0
1.24451,1.87349,-3.97237,0
1.24459,1.87358,-3.92805,0
1.24468,1.06787,-2.21392,0
1.24477,1.87711,-3.84864,0
1.24486,1.87044,-3.79288,0
1.24494,1.87403,-3.75872,0
1.24503,1.88051,-3.73087,0
1.24512,1.87316,-3.67629,0
1.24521,1.87499,-3.64053,0
1.24529,1.87054,-3.59328,0
1.24538,1.87037,-3.555,0
1.24547,1.86521,-3.50795,0
1.24555,1.87387,-3.48745,0
1.24564,1.87714,-3.45727,0
1.24573,1.87441,-3.4166,0
1.24582,1.86991,-3.37341,0
1.2459,1.86995,-3.33904,0
1.24599,1.87367,-3.3117,0
1.24608,1.87074,-3.27311,0
1.24617,1.872,-3.2424,0
1.24625,1.86799,-3.2031,0
1.24634,1.87485,-3.18286,0
1.24643,1.8698,-3.14285,0
1.24651,1.86907,-3.11066,0
1.2466,1.86706,-3.07683,0
1.24669,1.86114,-3.0371,0
1.24678,1.86385,-3.01195,0
1.24686,1.86214,-2.98004,0
1.24695,1.389,-2.20143,0
1.24704,1.40504,-2.20547,0
1.24712,1.4114,-2.19427,0
1.24721,1.42532,-2.1948,0
1.2473,1.43653,-2.19107,0
1.24739,1.44387,-2.18145,0
1.24747,1.45226,-2.17346,0
1.24756,1.46397,-2.17042,0
1.24765,1.48018,-2.17393,0
1.24774,1.49928,-2.18146,0
1.24782,1.56749,-2.25953,0
1.24791,1.76432,-2.51971,0
1.248,1.66333,-2.35356,0
1.24808,1.88264,-2.63936,0
1.24817,1.88012,-2.61164,0
1.24826,1.88855,-2.59937,0
1.24835,1.82183,-2.48466,0
1.24843,1.82194,-2.46221,0
1.24852,1.83506,-2.45745,0
1.24861,1.85479,-2.46139,0
1.2487,1.86915,-2.45805,0
1.24878,1.89325,-2.46733,0
1.24887,1.90155,-2.45588,0
1.24896,1.91655,-2.45308,0
1.24904,1.94148,-2.46275,0
1.24913,1.95221,-2.45426,0
1.24922,1.96853,-2.45274,0
1.24931,1.98865,-2.45578,0
1.24939,2.01264,-2.46334,0
1.24948,2.024,-2.45531,0
1.24957,2.03789,-2.4503,0
1.24966,2.06206,-2.45747,0
1.24974,2.07923,-2.45608,0
1.24983,2.09772,-2.45611,0
1.24992,2.12604,-2.46739,0
1.25,2.13678,-2.45809,0
1.25009,2.15276,-2.45476,0
1.25018,2.17074,-2.45358,0
1.25027,2.18476,-2.44781,0
1.25035,2.20278,-2.44643,0
1.25044,2.22822,-2.45308,0
1.25053,2.24904,-2.4544,0
1.25062,2.26991,-2.45557,0
1.2507,2.28538,-2.45077,0
1.25079,2.29947,-2.44441,0
1.25088,2.2936,-2.41695,0
1.25096,2.28614,-2.38814,0
1.25105,2.28682,-2.36807,0
1.25114,2.28666,-2.34732,0
1.25123,2.27866,-2.31878,0
1.25131,2.1388,-2.15754,0
1.2514,2.02657,-2.02657,0
1.25149,2.02332,-2.00574,0
1.25158,2.01707,-1.98217,0
1.25166,2.02928,-1.97684,0
1.25175,2.00984,-1.94088,0
1.25184,2.01684,-1.9307,0
1.25192,2.01582,-1.91294,0
1.25201,2.0205,-1.9007,0
1.2521,2.01342,-1.87754,0
1.25219,2.01939,-1.8667,0
1.25227,2.01867,-1.84977,0
1.25236,2.01709,-1.8322,0
1.25245,2.00946,-1.80933,0
1.25254,2.01659,-1.79988,0
1.25262,2.01769,-1.7851,0
1.25271,2.01568,-1.76771,0
1.2528,2.01055,-1.74774,0
1.25288,2.01133,-1.73308,0
1.25297,2.01127,-1.71779,0
1.25306,2.01112,-1.70254,0
1.25315,2.01623,-1.69182,0
1.25323,2.0136,-1.67469,0
1.25332,2.01548,-1.66144,0
1.25341,2.008,-1.6406,0
1.2535,2.02136,-1.63686,0
1.25358,2.00742,-1.61113,0
1.25367,2.00739,-1.59675,0
1.25376,2.0057,-1.58117,0
1.25384,2.01179,-1.57178,0
1.25393,2.00677,-1.55381,0
1.25402,2.01512,-1.54625,0
1.25411,2.01309,-1.53079,0
1.25419,2.01416,-1.51778,0
1.25428,2.00794,-1.4994,0
1.25437,2,-1.47992,0
1.25446,2.0024,-1.46822,0
1.25454,2.00879,-1.45947,0
1.25463,2.01027,-1.44719,0
1.25472,2.00842,-1.43259,0
1.2548,2.00077,-1.41401,0
1.25489,2.0061,-1.40469,0
1.25498,2.01139,-1.39535,0
1.25507,2.00098,-1.37523,0
1.25515,1.99952,-1.36143,0
1.25524,2.00378,-1.35157,0
1.25533,1.99968,-1.33615,0
1.25542,2.00383,-1.3263,0
1.2555,2.00876,-1.317,0
1.25559,2.01029,-1.3055,0
1.25568,1.99915,-1.2859,0
1.25576,2.01233,-1.282,0
1.25585,1.99845,-1.26093,0
1.25594,2.00479,-1.25273,0
1.25603,2.00343,-1.23976,0
1.25611,2.00967,-1.23153,0
1.2562,2.00648,-1.21756,0
1.25629,1.99634,-1.19952,0
1.25638,1.99898,-1.18927,0
1.25646,2.00156,-1.17901,0
1.25655,2.00323,-1.16825,0
1.25664,2.00052,-1.155,0
1.25672,2.00554,-1.14626,0
1.25681,2.00095,-1.13208,0
1.2569,2.0111,-1.12627,0
1.25699,2.00113,-1.10924,0
1.25707,2.00332,-1.09906,0
1.25716,1.99843,-1.08506,0
1.25725,2.00755,-1.0787,0
1.25734,2.00253,-1.06476,0
1.25742,2.0045,-1.05462,0
1.25751,1.99755,-1.03986,0
1.2576,2.00651,-1.03342,0
1.25768,2.00833,-1.02329,0
1.25777,2.00206,-1.00912,0
1.25786,2.00107,-0.997698,0
1.25795,1.99464,-0.98365,0
1.25803,2.00161,-0.976253,0
1.25812,1.99505,-0.962296,0
1.25821,1.99381,-0.950999,0
1.2583,1.99704,-0.941864,0
1.25838,1.99841,-0.931873,0
1.25847,1.99792,-0.921052,0
1.25856,2.00009,-0.911496,0
1.25864,1.99402,-0.898242,0
1.25873,2.00706,-0.8936,0
1.25882,1.99904,-0.879599,0
1.25891,2.00102,-0.87007,0
1.25899,1.99653,-0.857778,0
1.25908,1.99013,-0.844761,0
1.25917,2.0021,-0.83955,0
1.25926,1.99188,-0.825065,0
1.25934,1.99547,-0.816366,0
1.25943,1.98788,-0.803157,0
1.25952,1.98579,-0.792252,0
1.2596,1.99854,-0.787245,0
1.25969,1.98704,-0.772718,0
1.25978,2.00066,-0.767983,0
1.25987,1.98529,-0.75216,0
1.25995,1.99699,-0.746642,0
1.26004,1.99459,-0.735845,0
1.26013,1.99967,-0.727819,0
1.26021,1.99529,-0.716383,0
1.2603,1.99086,-0.705,0
1.26039,1.99108,-0.695318,0
1.26048,1.98653,-0.684019,0
1.26056,1.9734,-0.66988,0
1.26065,1.84259,-0.616523,0
1.26074,1.73415,-0.571837,0
1.26083,1.71285,-0.55654,0
1.26091,1.71336,-0.548451,0
1.261,1.71669,-0.54127,0
1.26109,1.71904,-0.533775,0
1.26117,1.70987,-0.522761,0
1.26126,1.71118,-0.515007,0
1.26135,1.71533,-0.508103,0
1.26144,1.71657,-0.500334,0
1.26152,1.71201,-0.49091,0
1.26161,1.7151,-0.483707,0
1.2617,1.71333,-0.47515,0
1.26179,1.71539,-0.46767,0
1.26187,1.71548,-0.459663,0
1.26196,1.71457,-0.451409,0
1.26205,1.71653,-0.443924,0
1.26213,1.71942,-0.436676,0
1.26222,1.71548,-0.427718,0
1.26231,1.71053,-0.418565,0
1.2624,1.70748,-0.40993,0
1.26248,1.71315,-0.403393,0
1.26257,1.71781,-0.396589,0
1.26266,1.70587,-0.386,0
1.26275,1.71047,-0.379202,0
1.26283,1.70429,-0.370038,0
1.26292,1.70687,-0.362806,0
1.26301,1.71039,-0.355762,0
1.26309,1.71487,-0.348894,0
1.26318,1.70755,-0.339652,0
1.26327,1.70705,-0.331817,0
1.26336,1.71143,-0.324925,0
1.26344,1.70398,-0.315814,0
1.26353,1.70829,-0.30891,0
1.26362,1.70963,-0.301453,0
1.26371,1.70797,-0.293483,0
1.26379,1.7043,-0.285202,0
1.26388,1.70158,-0.27712,0
1.26397,1.69882,-0.269067,0
1.26405,1.70295,-0.262109,0
1.26414,1.71199,-0.255858,0
1.26423,1.70814,-0.247668,0
1.26432,1.6894,-0.237429,0
1.2644,1.68546,-0.229381,0
1.26449,1.70231,-0.224114,0
1.26458,1.70426,-0.21681,0
1.26467,1.70718,-0.209615,0
1.26475,1.70013,-0.201224,0
1.26484,1.69901,-0.193578,0
1.26493,1.70083,-0.186271,0
1.26501,1.70461,-0.179162,0
1.2651,1.69642,-0.170821,0
1.26519,1.70113,-0.1638,0
1.26528,1.70382,-0.156559,0
1.26536,1.68955,-0.147816,0
1.26545,1.69316,-0.140691,0
1.26554,1.69875,-0.133694,0
1.26563,1.7033,-0.126577,0
1.26571,1.70284,-0.119074,0
1.2658,1.69037,-0.110793,0
1.26589,1.68485,-0.10305,0
1.26597,1.69527,-0.0962644,0
1.26606,1.69567,-0.0888665,0
1.26615,1.69704,-0.0815149,0
1.26624,1.69838,-0.074153,0
1.26632,1.6897,-0.0663884,0
1.26641,1.70096,-0.059399,0
1.2665,1.69621,-0.0518239,0
1.26659,1.68642,-0.0441606,0
1.26667,1.6916,-0.0369108,0
1.26676,1.69074,-0.0295121,0
1.26685,1.68786,-0.0220953,0
1.26693,1.69194,-0.0147653,0
1.26702,1.67998,-0.0073304,0
1.26711,1.696,-4.10676e-08,0
1.2672,1.69498,0.00739577,0
1.26728,1.69794,0.0148176,0
1.26737,1.68786,0.0220952,0
1.26746,1.66375,0.0290408,0
1.26755,1.6616,0.0362563,0
1.26763,1.67043,0.0437416,0
1.26772,1.66522,0.0508771,0
1.26781,1.65799,0.0578982,0
1.26789,1.65772,0.065132,0
1.26798,1.65942,0.0724518,0
1.26807,1.6521,0.0793558,0
1.26816,1.64674,0.086302,0
1.26824,1.64535,0.0934297,0
1.26833,1.63994,0.100303,0
1.26842,1.65445,0.108438,0
1.26851,1.64498,0.115028,0
1.26859,1.65045,0.12265,0
1.26868,1.64192,0.129222,0
1.26877,1.64932,0.137048,0
1.26885,1.64671,0.144068,0
1.26894,1.65403,0.151984,0
1.26903,1.64838,0.158721,0
1.26912,1.63971,0.16511,0
1.2692,1.66085,0.174562,0
1.26929,1.6551,0.181263,0
1.26938,1.66225,0.189389,0
1.26947,1.6614,0.19664,0
1.26955,1.66847,0.204862,0
1.26964,1.67252,0.212771,0
1.26973,1.70529,0.224505,0
1.26981,1.87075,0.254598,0
1.2699,1.96172,0.275702,0
1.26999,1.97238,0.285981,0
1.27008,1.97803,0.295619,0
1.27016,1.97475,0.303942,0
1.27025,1.97636,0.313025,0
1.27034,1.97498,0.321646,0
1.27043,1.98441,0.332076,0
1.27051,1.9859,0.341239,0
1.2706,1.97749,0.348685,0
1.27069,1.97595,0.357311,0
1.27077,1.97733,0.366476,0
1.27086,1.98062,0.376032,0
1.27095,1.97896,0.384671,0
1.27104,1.97236,0.392327,0
1.27112,1.97945,0.402723,0
1.27121,1.97963,0.411764,0
1.2713,1.9739,0.419566,0
1.27139,1.97498,0.428811,0
1.27147,1.97993,0.43894,0
1.27156,1.9858,0.44934,0
1.27165,1.97797,0.456651,0
1.27173,1.97304,0.464589,0
1.27182,1.97197,0.473427,0
1.27191,1.96697,0.481314,0
1.272,1.96,0.488682,0
1.27208,1.97239,0.500922,0
1.27217,1.96728,0.508772,0
1.27226,1.95537,0.514805,0
1.27234,1.96856,0.527473,0
1.27243,1.9701,0.53711,0
1.27252,1.97737,0.548373,0
1.27261,1.97592,0.557267,0
1.27269,1.97732,0.566986,0
1.27278,1.97386,0.575328,0
1.27287,1.96558,0.582231,0
1.27296,1.9726,0.593684,0
1.27304,1.97477,0.603748,0
1.27313,1.97021,0.611765,0
1.27322,1.97038,0.621258,0
1.2733,1.97146,0.631069,0
1.27339,1.97249,0.640901,0
1.27348,1.97537,0.651381,0
1.27357,1.97156,0.659676,0
1.27365,1.96488,0.666987,0
1.27374,1.96573,0.676856,0
1.27383,1.96276,0.685427,0
1.27392,1.96824,0.696989,0
1.274,1.97553,0.709287,0
1.27409,1.9696,0.716874,0
1.27418,1.97583,0.728922,0
1.27426,1.97169,0.737186,0
1.27435,1.96659,0.745074,0
1.27444,1.96799,0.75544,0
1.27453,1.96654,0.764744,0
1.27461,1.97993,0.779915,0
1.2747,1.97651,0.788546,0
1.27479,1.96656,0.794541,0
1.27488,1.9714,0.806522,0
1.27496,1.97341,0.817412,0
1.27505,1.96521,0.824081,0
1.27514,1.96712,0.834992,0
1.27522,1.96897,0.845936,0
1.27531,1.96709,0.855317,0
1.2754,1.95877,0.861878,0
1.27549,1.9696,0.876924,0
1.27557,1.96941,0.887153,0
1.27566,1.9637,0.894908,0
1.27575,1.96341,0.905142,0
1.27584,1.96216,0.914968,0
1.27592,1.97262,0.930346,0
1.27601,1.96042,0.93507,0
1.2761,1.96262,0.946656,0
1.27618,1.95937,0.955649,0
1.27627,1.96595,0.969497,0
1.27636,1.96796,0.981189,0
1.27645,1.96455,0.990217,0
1.27653,1.96645,1.00196,0
1.27662,1.95939,1.00915,0
1.27671,1.96118,1.02093,0
1.2768,1.96113,1.0318,0
1.27688,1.96279,1.04364,0
1.27697,1.95205,1.04888,0
1.27706,1.96504,1.06693,0
1.27714,1.95948,1.07501,0
1.27723,1.9609,1.08694,0
1.27732,1.95439,1.09451,0
1.27741,1.96091,1.10943,0
1.27749,1.9656,1.12343,0
1.27758,1.96068,1.132,0
1.27767,1.9635,1.14508,0
1.27776,1.96365,1.15668,0
1.27784,1.96718,1.17035,0
1.27793,1.95177,1.17274,0
1.27802,1.9586,1.18851,0
1.2781,1.96107,1.20175,0
1.27819,1.96176,1.21398,0
1.27828,1.96069,1.22517,0
1.27837,1.95448,1.23318,0
1.27845,1.95498,1.24546,0
1.27854,1.95289,1.25614,0
1.27863,1.96584,1.27663,0
1.27872,1.96193,1.2863,0
1.2788,1.96547,1.30092,0
1.27889,1.96061,1.31003,0
1.27898,1.96233,1.32361,0
1.27906,1.95736,1.33272,0
1.27915,1.96801,1.35258,0
1.27924,1.95634,1.35716,0
1.27933,1.96023,1.37257,0
1.27941,1.96484,1.38861,0
1.2795,1.96365,1.40066,0
1.27959,1.95752,1.40921,0
1.27968,1.96187,1.42538,0
1.27976,1.95482,1.43333,0
1.27985,1.9598,1.45018,0
1.27994,1.96147,1.4647,0
1.28002,1.95346,1.47204,0
1.28011,1.95498,1.4866,0
1.2802,1.958,1.50242,0
1.28029,1.96249,1.51952,0
1.28037,1.9716,1.54039,0
1.28046,1.96015,1.54526,0
1.28055,1.95887,1.55815,0
1.28064,1.95673,1.57044,0
1.28072,1.96307,1.58966,0
1.28081,1.95844,1.60011,0
1.2809,1.95144,1.60864,0
1.28098,1.95747,1.62801,0
1.28107,1.95112,1.63718,0
1.28116,1.95388,1.65408,0
1.28125,1.95424,1.66908,0
1.28133,1.95831,1.68738,0
1.28142,1.94791,1.69329,0
1.28151,1.95328,1.71298,0
1.2816,1.95328,1.72811,0
1.28168,1.95019,1.74061,0
1.28177,1.95596,1.76115,0
1.28186,1.95788,1.77841,0
1.28194,1.95452,1.79099,0
1.28203,1.95844,1.81036,0
1.28212,1.96222,1.8298,0
1.28221,1.95495,1.83903,0
1.28229,1.95271,1.85305,0
1.28238,1.95111,1.86778,0
1.28247,1.95013,1.88322,0
1.28256,1.95336,1.90287,0
1.28264,1.95787,1.924,0
1.28273,1.95798,1.94097,0
1.28282,1.95939,1.95939,0
1.2829,1.96209,1.97929,0
1.28299,1.96745,2.00209,0
1.28308,1.96009,2.01209,0
1.28317,1.95268,2.02206,0
1.28325,1.94799,2.0349,0
1.28334,1.94667,2.05136,0
1.28343,1.95483,2.07804,0
1.28352,1.94915,2.09021,0
1.2836,1.95155,2.11118,0
1.28369,1.95381,2.13221,0
1.28378,1.94919,2.14589,0
1.28386,1.95252,2.1685,0
1.28395,1.95303,2.18819,0
1.28404,1.95142,2.20567,0
1.28413,1.95364,2.2277,0
1.28421,1.95506,2.24903,0
1.2843,1.95045,2.2636,0
1.28439,1.94964,2.28274,0
1.28448,1.95065,2.3042,0
1.28456,1.95665,2.33184,0
1.28465,1.95413,2.34958,0
1.28474,1.95785,2.37506,0
1.28482,1.95063,2.38745,0
1.28491,1.95152,2.40993,0
1.285,1.95163,2.43168,0
1.28509,1.94909,2.45035,0
1.28517,1.95015,2.47375,0
1.28526,1.95349,2.50036,0
1.28535,1.95542,2.52546,0
1.28543,1.95291,2.54508,0
1.28552,1.95631,2.57268,0
1.28561,1.9559,2.59557,0
1.2857,1.95652,2.6201,0
1.28578,1.94804,2.63263,0
1.28587,1.94777,2.65643,0
1.28596,1.95321,2.68836,0
1.28605,1.95198,2.71147,0
1.28613,1.95116,2.73543,0
1.28622,1.95537,2.76678,0
1.28631,1.94901,2.78348,0
1.28639,1.95395,2.81661,0
1.28648,1.95014,2.83747,0
1.28657,1.94899,2.86248,0
1.28666,1.9527,2.895,0
1.28674,1.94783,2.91513,0
1.28683,1.95386,2.95196,0
1.28692,1.9585,2.98721,0
1.28701,1.94817,2.99992,0
1.28709,1.93777,3.0126,0
1.28718,1.9187,3.01175,0
1.28727,1.9002,3.01164,0
1.28735,1.88333,3.01396,0
1.28744,1.86017,3.006,0
1.28753,1.8439,3.00897,0
1.28762,1.82971,3.01527,0
1.2877,1.81087,3.0138,0
1.28779,1.79617,3.01909,0
1.28788,1.77182,3.00795,0
1.28797,1.75817,3.01479,0
1.28805,1.735,3.00511,0
1.28814,1.72088,3.01091,0
1.28823,1.70477,3.01317,0
1.28831,1.6877,3.0136,0
1.2884,1.66968,3.01219,0
1.28849,1.64979,3.00717,0
1.28858,1.63379,3.00907,0
1.28866,1.61497,3.0056,0
1.28875,1.60418,3.01703,0
1.28884,1.5803,3.00365,0
1.28893,1.56348,3.00342,0
1.28901,1.55128,3.01199,0
1.2891,1.53086,3.00447,0
1.28919,1.51593,3.00755,0
1.28927,1.50279,3.01414,0
1.28936,1.48299,3.00721,0
1.28945,1.46635,3.00647,0
1.28954,1.44714,3.00023,0
1.28962,1.43188,3.002,0
1.28971,1.41621,3.00279,0
1.2898,1.40267,3.00804,0
1.28989,1.38241,2.99869,0
1.28997,1.36932,3.00469,0
1.29006,1.35209,3.00152,0
1.29015,1.33816,3.00556,0
1.29023,1.32302,3.0068,0
1.29032,1.3063,3.00429,0
1.29041,1.28726,2.99618,0
1.2905,1.273,2.999,0
1.29058,1.25836,3.00084,0
1.29067,1.23798,2.98875,0
1.29076,1.22758,3.0006,0
1.29085,1.2111,2.99759,0
1.29093,1.19468,2.99448,0
1.29102,1.1805,2.99687,0
1.29111,1.16959,3.00759,0
1.29119,1.15036,2.99679,0
1.29128,1.13869,3.00552,0
1.29137,1.12276,3.00297,0
1.29146,1.10619,2.99846,0
1.29154,1.09173,2.9995,0
1.29163,1.07593,2.9967,0
1.29172,1.06017,2.99383,0
1.29181,1.04578,2.99465,0
1.29189,1.03303,3.00013,0
1.29198,1.01511,2.99041,0
1.29207,1.003,2.99765,0
1.29215,0.988658,2.9982,0
1.29224,0.975258,3.00153,0
1.29233,0.958798,2.99528,0
1.29242,0.943314,2.99181,0
1.2925,0.929065,2.99208,0
1.29259,0.912785,2.98558,0
1.29268,0.901478,2.99528,0
1.29277,0.886128,2.99152,0
1.29285,0.872787,2.9944,0
1.29294,0.853649,2.97703,0
1.29303,0.840108,2.9788,0
1.29311,0.826034,2.97858,0
1.2932,0.812504,2.98023,0
1.29329,0.796386,2.97215,0
1.29338,0.784174,2.9785,0
1.29346,0.769167,2.97415,0
1.29355,0.757414,2.98232,0
1.29364,0.741491,2.97396,0
1.29373,0.726844,2.97036,0
1.29381,0.714343,2.97545,0
1.2939,0.701812,2.98049,0
1.29399,0.684751,2.96598,0
1.29407,0.671582,2.96797,0
1.29416,0.660357,2.97868,0
1.29425,0.646718,2.9786,0
1.29434,0.632467,2.97553,0
1.29442,0.618053,2.9714,0
1.29451,0.605879,2.97799,0
1.2946,0.589368,2.96295,0
1.29469,0.576052,2.96353,0
1.29477,0.563676,2.96897,0
1.29486,0.55108,2.97336,0
1.29495,0.536322,2.9659,0
1.29503,0.524591,2.9751,0
1.29512,0.509234,2.96357,0
1.29521,0.496463,2.96675,0
1.2953,0.483996,2.97185,0
1.29538,0.46946,2.96405,0
1.29547,0.455914,2.96212,0
1.29556,0.442837,2.96309,0
1.29565,0.430334,2.96796,0
1.29573,0.416684,2.96486,0
1.29582,0.403744,2.96665,0
1.29591,0.390143,2.96343,0
1.29599,0.376199,2.95717,0
1.29608,0.364268,2.96672,0
1.29617,0.352025,2.97424,0
1.29626,0.337233,2.95985,0
1.29634,0.323879,2.95732,0
1.29643,0.310659,2.95572,0
1.29652,0.297358,2.95307,0
1.29661,0.285525,2.96529,0
1.29669,0.271668,2.95654,0
1.29678,0.25833,2.95272,0
1.29687,0.245692,2.95681,0
1.29695,0.232945,2.95985,0
1.29704,0.21988,2.95884,0
1.29713,0.206898,2.95878,0
1.29722,0.193659,2.95466,0
1.2973,0.181192,2.96246,0
1.29739,0.168208,2.96223,0
1.29748,0.155281,2.96293,0
1.29757,0.141823,2.9526,0
1.29765,0.128983,2.95419,0
1.29774,0.115934,2.95072,0
1.29783,0.103128,2.9532,0
1.29791,0.0903636,2.95762,0
1.298,0.0772483,2.94999,0
1.29809,0.0642231,2.9433,0
1.29818,0.051572,2.95455,0
1.29826,0.0387322,2.95875,0
1.29835,0.0257608,2.95189,0
1.29844,0.0128981,2.95597,0
1.29852,1.07401e-07,2.952,0
1.29861,-0.0129415,2.96597,0
1.2987,-0.0259526,2.97389,0
1.29879,-0.0389938,2.97874,0
1.29887,-0.0519906,2.97855,0
1.29896,-0.0650737,2.98229,0
1.29905,-0.0783213,2.99097,0
1.29914,-0.0910963,2.98161,0
1.29922,-0.104105,2.98118,0
1.29931,-0.11719,2.9827,0
1.2994,-0.129942,2.97616,0
1.29948,-0.143023,2.97757,0
1.29957,-0.155595,2.96893,0
1.29966,-0.169455,2.98419,0
1.29975,-0.182047,2.97644,0
1.29983,-0.19549,2.9826,0
1.29992,-0.208083,2.97573,0
1.30001,-0.222029,2.98776,0
1.3001,-0.234671,2.98178,0
1.30018,-0.247514,2.97873,0
1.30027,-0.260247,2.97464,0
1.30036,-0.274139,2.98343,0
1.30044,-0.287537,2.98619,0
1.30053,-0.300564,2.98491,0
1.30062,-0.313167,2.97959,0
1.30071,-0.326601,2.98217,0
1.30079,-0.339383,2.97873,0
1.30088,-0.35273,2.9802,0
1.30097,-0.36512,2.97367,0
1.30106,-0.377587,2.96808,0
1.30114,-0.390273,2.96442,0
1.30123,-0.405092,2.97656,0
1.30132,-0.41905,2.9817,0
1.3014,-0.431769,2.97786,0
1.30149,-0.444463,2.97397,0
1.30158,-0.4585,2.97892,0
1.30167,-0.47165,2.97788,0
1.30175,-0.483514,2.96888,0
1.30184,-0.497618,2.97365,0
1.30193,-0.510589,2.97145,0
1.30202,-0.524417,2.97412,0
1.3021,-0.538101,2.97574,0
1.30219,-0.550898,2.97238,0
1.30228,-0.556401,2.93065,0
1.30236,-0.554872,2.85457,0
1.30245,-0.491628,2.47158,0
1.30254,-0.496227,2.43903,0
1.30263,-0.500348,2.40551,0
1.30271,-0.510215,2.40037,0
1.3028,-0.526837,2.42646,0
1.30289,-0.548891,2.47589,0
1.30298,-0.549757,2.42958,0
1.30306,-0.559903,2.42521,0
1.30315,-0.569792,2.41982,0
1.30324,-0.58408,2.43287,0
1.30332,-0.591362,2.4167,0
1.30341,-0.606014,2.43059,0
1.3035,-0.613906,2.41726,0
1.30359,-0.627452,2.42618,0
1.30367,-0.637269,2.42052,0
1.30376,-0.648342,2.41964,0
1.30385,-0.661786,2.4274,0
1.30394,-0.673173,2.42739,0
1.30402,-0.683487,2.42346,0
1.30411,-0.694882,2.42334,0
1.3042,-0.70405,2.41549,0
1.30428,-0.720547,2.43253,0
1.30437,-0.729425,2.42361,0
1.30446,-0.742039,2.4271,0
1.30455,-0.753512,2.42671,0
1.30463,-0.766499,2.43102,0
1.30472,-0.778318,2.43147,0
1.30481,-0.788302,2.42615,0
1.3049,-0.803265,2.43598,0
1.30498,-0.811983,2.42676,0
1.30507,-0.824492,2.42888,0
1.30516,-0.834757,2.42431,0
1.30524,-0.847964,2.4282,0
1.30533,-0.852543,2.40751,0
1.30542,-0.858984,2.39247,0
1.30551,-0.872151,2.39622,0
1.30559,-0.89229,2.41866,0
1.30568,-0.904235,2.41849,0
1.30577,-0.917968,2.42294,0
1.30586,-0.930681,2.42451,0
1.30594,-0.948138,2.43813,0
1.30603,-0.956568,2.42839,0
1.30612,-0.97049,2.43255,0
1.3062,-0.980345,2.42644,0
1.30629,-0.992438,2.42584,0
1.30638,-1.00569,2.42796,0
1.30647,-1.01628,2.42354,0
1.30655,-1.03114,2.42921,0
1.30664,-1.04528,2.43296,0
1.30673,-1.05549,2.42746,0
1.30682,-1.06768,2.42649,0
1.3069,-1.08395,2.4346,0
1.30699,-1.09415,2.42893,0
1.30708,-1.10889,2.43324,0
1.30716,-1.12033,2.43019,0
1.30725,-1.12585,2.4144,0
1.30734,-1.12998,2.3959,0
1.30743,-1.12708,2.36297,0
1.30751,-1.12695,2.33641,0
1.3076,-1.11872,2.29372,0
1.30769,-1.12253,2.27626,0
1.30778,-1.11951,2.24539,0
1.30786,-1.12255,2.22709,0
1.30795,-1.11591,2.19009,0
1.30804,-1.1195,2.17365,0
1.30812,-1.12066,2.15278,0
1.30821,-1.1212,2.13105,0
1.3083,-1.11734,2.10142,0
1.30839,-1.11609,2.07714,0
1.30847,-1.11798,2.05907,0
1.30856,-1.12167,2.04453,0
1.30865,-1.11458,2.01075,0
1.30874,-1.1165,1.99365,0
1.30882,-1.11288,1.967,0
1.30891,-1.11549,1.95171,0
1.309,-1.114,1.9295,0
1.30908,-1.11787,1.91685,0
1.30917,-1.11303,1.88955,0
1.30926,-1.11718,1.8778,0
1.30935,-1.11197,1.85062,0
1.30943,-1.11588,1.83892,0
1.30952,-1.10979,1.81101,0
1.30961,-1.10873,1.79169,0
1.3097,-1.11336,1.78175,0
1.30978,-1.11259,1.76334,0
1.30987,-1.10899,1.74076,0
1.30996,-1.10846,1.72329,0
1.31004,-1.10344,1.69915,0
1.31013,-1.10646,1.68763,0
1.31022,-1.10939,1.67611,0
1.31031,-1.10503,1.65379,0
1.31039,-1.10664,1.64067,0
1.31048,-1.10647,1.62508,0
1.31057,-1.11242,1.61858,0
1.31065,-1.10465,1.59235,0
1.31074,-1.10586,1.57933,0
1.31083,-1.10812,1.56795,0
1.31092,-1.1074,1.55252,0
1.311,-1.10657,1.53712,0
1.31109,-1.10445,1.52014,0
1.31118,-1.10693,1.50966,0
1.31127,-1.10697,1.49598,0
1.31135,-1.1069,1.48232,0
1.31144,-1.11215,1.47588,0
1.31153,-1.10587,1.4543,0
1.31161,-1.10795,1.4439,0
1.3117,-1.10505,1.42719,0
1.31179,-1.10819,1.41842,0
1.31188,-1.10818,1.40572,0
1.31196,-1.10372,1.38756,0
1.31205,-1.10601,1.37806,0
1.31214,-1.1076,1.36778,0
1.31223,-1.11166,1.36061,0
1.31231,-1.1055,1.34108,0
1.3124,-1.09856,1.32087,0
1.31249,-1.09917,1.30994,0
1.31257,-1.09841,1.2975,0
1.31266,-1.10341,1.29193,0
1.31275,-1.10839,1.28635,0
1.31284,-1.11005,1.27697,0
1.31292,-1.10902,1.26459,0
1.31301,-1.10525,1.24926,0
1.3131,-1.11002,1.24368,0
1.31319,-1.11209,1.23511,0
1.31327,-1.11344,1.2258,0
1.31336,-1.11337,1.21503,0
1.31345,-1.11052,1.20135,0
1.31353,-1.10552,1.18552,0
1.31362,-1.09424,1.16321,0
1.31371,-0.0158322,0.0166836,0
1.3138,-1.10227,1.15145,0
1.31388,-0.0333436,0.0345283,0
1.31397,-0.0230271,0.023638,0
1.31406,-1.10253,1.12194,0
1.31415,-0.046465,0.0468722,0
1.31423,-1.15753,1.15753,0
