7200
127
0.10472
0.120428,-0.0226274,-0.0226274,0
0.120515,-0.0513931,-0.0518435,0
0.120602,-0.0532691,-0.054207,0
0.12069,-0.0509387,-0.05229,0
0.120777,-0.0312596,-0.0323703,0
0.120864,-0.0532465,-0.055622,0
0.120951,-0.0440547,-0.046424,0
0.121039,-0.0541295,-0.0575413,0
0.121126,-0.0566059,-0.0607024,0
0.121213,-0.0597345,-0.0646204,0
0.1213,-0.0486425,-0.053084,0
0.121388,-0.0672367,-0.0740218,0
0.121475,-0.0655748,-0.0728282,0
0.121562,-0.0712493,-0.0798281,0
0.121649,-0.0669246,-0.0756445,0
0.121737,-0.0481322,-0.0548843,0
0.121824,-0.0649498,-0.0747162,0
0.121911,-0.065276,-0.0757565,0
0.121999,-0.0578009,-0.0676761,0
0.122086,-0.0536283,-0.0633483,0
0.122173,-0.0642788,-0.0766044,0
0.12226,-0.0620256,-0.0745777,0
0.122348,-0.0604274,-0.0733043,0
0.122435,-0.0683322,-0.0836344,0
0.122522,-0.0585268,-0.0722746,0
0.122609,-0.0563331,-0.0701896,0
0.122697,-0.0591389,-0.0743478,0
0.122784,-0.0612903,-0.0777464,0
0.122871,-0.0609505,-0.0780131,0
0.122958,-0.0599973,-0.0774876,0
0.123046,-0.0633112,-0.0825088,0
0.123133,-0.0623453,-0.0819882,0
0.12322,-0.0661997,-0.0878499,0
0.123308,-0.0706023,-0.0945479,0
0.123395,-0.0797063,-0.107717,0
0.123482,-0.0709572,-0.0967733,0
0.123569,-0.0922823,-0.127016,0
0.123657,-0.15541,-0.215879,0
0.123744,-0.205569,-0.288197,0
0.123831,-0.238361,-0.337273,0
0.123918,-0.0602255,-0.086011,0
0.124006,-0.0615597,-0.0887379,0
0.124093,-0.0662695,-0.0964228,0
0.12418,-0.24482,-0.359567,0
0.124267,-0.245486,-0.363948,0
0.124355,-0.245562,-0.36751,0
0.124442,-0.252787,-0.38192,0
0.124529,-0.258246,-0.393891,0
0.124617,-0.285935,-0.440302,0
0.124704,-0.294831,-0.458366,0
0.124791,-0.303037,-0.475673,0
0.124878,-0.306295,-0.485448,0
0.124966,-0.307353,-0.491868,0
0.125053,-0.301521,-0.487252,0
0.12514,-0.303049,-0.494531,0
0.125227,-0.305039,-0.502688,0
0.125315,-0.303357,-0.504872,0
0.125402,-0.308821,-0.519081,0
0.125489,-0.309598,-0.525594,0
0.125576,-0.308813,-0.529531,0
0.125664,-0.311,-0.538668,0
0.125751,-0.309143,-0.540888,0
0.125838,-0.310227,-0.548324,0
0.125926,-0.305388,-0.54531,0
0.126013,-0.302036,-0.544888,0
0.1261,-0.305428,-0.556722,0
0.126187,-0.31063,-0.57211,0
0.126275,-0.292512,-0.54439,0
0.126362,-0.30187,-0.567735,0
0.126449,-0.310565,-0.590287,0
0.126536,-0.313527,-0.60228,0
0.126624,-0.312728,-0.607199,0
0.126711,-0.30372,-0.596083,0
0.126798,-0.306517,-0.608119,0
0.126885,-0.306984,-0.615715,0
0.126973,-0.316236,-0.641264,0
0.12706,-0.314312,-0.644435,0
0.127147,-0.314104,-0.651205,0
0.127234,-0.306954,-0.643543,0
0.127322,-0.300304,-0.636736,0
0.127409,-0.297946,-0.638947,0
0.127496,-0.301435,-0.653863,0
0.127584,-0.294847,-0.646982,0
0.127671,-0.290378,-0.644616,0
0.127758,-0.29285,-0.657753,0
0.127845,-0.294408,-0.669093,0
0.127933,-0.293081,-0.674039,0
0.12802,-0.290531,-0.67623,0
0.128107,-0.286406,-0.67473,0
0.128194,-0.279979,-0.667673,0
0.128282,-0.275532,-0.665193,0
0.128369,-0.26619,-0.650655,0
0.128456,-0.268218,-0.663864,0
0.128543,-0.26569,-0.665956,0
0.128631,-0.263148,-0.66804,0
0.128718,-0.258056,-0.66359,0
0.128805,-0.256233,-0.66751,0
0.128893,-0.247295,-0.652724,0
0.12898,-0.251449,-0.672531,0
0.129067,-0.240205,-0.651105,0
0.129154,-0.240782,-0.661544,0
0.129242,-0.234176,-0.652235,0
0.129329,-0.236001,-0.666448,0
0.129416,-0.230454,-0.659918,0
0.129503,-0.225944,-0.65619,0
0.129591,-0.22115,-0.651488,0
0.129678,-0.219892,-0.657188,0
0.129765,-0.215144,-0.652443,0
0.129852,-0.211677,-0.651474,0
0.12994,-0.205783,-0.642867,0
0.130027,-0.206284,-0.65425,0
0.130114,-0.201648,-0.649414,0
0.130202,-0.197643,-0.646462,0
0.130289,-0.194244,-0.645403,0
0.130376,-0.190006,-0.64145,0
0.130463,-0.187485,-0.643233,0
0.130551,-0.186331,-0.649813,0
0.130638,-0.178065,-0.631371,0
0.130725,-0.179851,-0.648523,0
0.130812,-0.17439,-0.639654,0
0.1309,-0.173926,-0.649102,0
0.130987,-0.168801,-0.641151,0
0.131074,-0.16475,-0.637041,0
0.131161,-0.162953,-0.641631,0
0.131249,-0.15991,-0.641365,0
0.131336,-0.153783,-0.628458,0
0.131423,-0.151273,-0.630096,0
0.131511,-0.149439,-0.634643,0
0.131598,-0.148468,-0.643084,0
0.131685,-0.142571,-0.630071,0
0.131772,-0.142634,-0.643379,0
0.13186,-0.138552,-0.638132,0
0.131947,-0.134727,-0.63384,0
0.132034,-0.13196,-0.634421,0
0.132121,-0.129988,-0.638911,0
0.132209,-0.125833,-0.632607,0
0.132296,-0.123835,-0.637076,0
0.132383,-0.117883,-0.620909,0
0.13247,-0.116631,-0.629283,0
0.132558,-0.113172,-0.62585,0
0.132645,-0.110614,-0.627323,0
0.132732,-0.108045,-0.628785,0
0.13282,-0.106951,-0.639113,0
0.132907,-0.102715,-0.630691,0
0.132994,-0.0985537,-0.622244,0
0.133081,-0.0953814,-0.619703,0
0.133169,-0.0919375,-0.615168,0
0.133256,-0.0905439,-0.62447,0
0.133343,-0.0882358,-0.62783,0
0.13343,-0.0833379,-0.612355,0
0.133518,-0.0827536,-0.628576,0
0.133605,-0.0787482,-0.619011,0
0.133692,-0.0760465,-0.619349,0
0.133779,-0.0729907,-0.616696,0
0.133867,-0.0722237,-0.633899,0
0.133954,-0.0683684,-0.624267,0
0.134041,-0.0649122,-0.617598,0
0.134129,-0.0613151,-0.608921,0
0.134216,-0.0588493,-0.611173,0
0.134303,-0.0557245,-0.606445,0
0.13439,-0.0537751,-0.614652,0
0.134478,-0.0510099,-0.613884,0
0.134565,-0.0472324,-0.600144,0
0.134652,-0.0452062,-0.608323,0
0.134739,-0.0422724,-0.604524,0
0.134827,-0.03813,-0.581752,0
0.134914,-0.157139,-2.5692,0
0.135001,-0.146097,-2.57286,0
0.135088,-0.134817,-2.57247,0
0.135176,-0.123352,-2.56804,0
0.135263,-0.112233,-2.57055,0
0.13535,-0.100662,-2.56202,0
0.135438,-0.0897615,-2.57043,0
0.135525,-0.0783008,-2.5628,0
0.135612,-0.0673795,-2.57312,0
0.135699,-0.0561079,-2.57139,0
0.135787,-0.0448353,-2.56861,0
0.135874,-0.0336141,-2.56778,0
0.135961,-0.022497,-2.5779,0
0.136048,-0.0111876,-2.56398,0
0.136136,-3.08027e-08,-2.557,0
0.136223,0.0111526,-2.55598,0
0.13631,0.0224184,-2.5689,0
0.136397,0.0335617,-2.56378,0
0.136485,0.0446781,-2.55961,0
0.136572,0.0557588,-2.55539,0
0.136659,0.0671177,-2.56312,0
0.136747,0.0781175,-2.55681,0
0.136834,0.0896917,-2.56843,0
0.136921,0.100348,-2.55403,0
0.137008,0.111796,-2.56056,0
0.137096,0.122584,-2.55206,0
0.137183,0.134451,-2.56548,0
0.13727,0.14519,-2.55688,0
0.137357,0.155735,-2.54624,0
0.137445,0.16704,-2.54853,0
0.137532,0.178367,-2.55077,0
0.137619,0.189421,-2.54897,0
0.137706,0.200384,-2.54613,0
0.137794,0.211244,-2.54224,0
0.137881,0.222334,-2.54129,0
0.137968,0.234061,-2.54727,0
0.138056,0.244311,-2.53726,0
0.138143,0.25568,-2.53916,0
0.13823,0.267279,-2.54299,0
0.138317,0.277937,-2.53783,0
0.138405,0.289347,-2.53957,0
0.138492,0.300543,-2.53928,0
0.138579,0.311132,-2.53397,0
0.138666,0.322186,-2.53259,0
0.138754,0.333233,-2.53116,0
0.138841,0.343735,-2.52572,0
0.138928,0.355309,-2.52815,0
0.139015,0.365189,-2.51866,0
0.139103,0.376766,-2.521,0
0.13919,0.388827,-2.52625,0
0.139277,0.397813,-2.51169,0
0.139365,0.408929,-2.51092,0
0.139452,0.418066,-2.49826,0
0.139539,0.431672,-2.51218,0
0.139626,0.44315,-2.51323,0
0.139714,0.452154,-2.50045,0
0.139801,0.464518,-2.50632,0
0.139888,0.476196,-2.5082,0
0.139975,0.48599,-2.5002,0
0.140063,0.49787,-2.50296,0
0.14015,0.509983,-2.50665,0
0.140237,0.51949,-2.49755,0
0.140324,0.532462,-2.50504,0
0.140412,0.543599,-2.50367,0
0.140499,0.554085,-2.49932,0
0.140586,0.564544,-2.49493,0
0.140674,0.57655,-2.49731,0
0.140761,0.586065,-2.48893,0
0.140848,0.59832,-2.49218,0
0.140935,0.609902,-2.49246,0
0.141023,0.620772,-2.48978,0
0.14111,0.632368,-2.48995,0
0.141197,0.642225,-2.4833,0
0.141284,0.654582,-2.48628,0
0.141372,0.665165,-2.48243,0
0.141459,0.679147,-2.49108,0
0.141546,0.688673,-2.48328,0
0.141633,0.703845,-2.49565,0
0.141721,0.713349,-2.48775,0
0.141808,0.725037,-2.48749,0
0.141895,0.738724,-2.49389,0
0.141983,0.749022,-2.48873,0
0.14207,0.762213,-2.49309,0
0.142157,0.77338,-2.49069,0
0.142244,0.784541,-2.48825,0
0.142332,0.796915,-2.48956,0
0.142419,0.80777,-2.48606,0
0.142506,0.818923,-2.48346,0
0.142593,0.828482,-2.47607,0
0.142681,0.8441,-2.48664,0
0.142768,0.856244,-2.48671,0
0.142855,0.864779,-2.47635,0
0.142942,0.87858,-2.48103,0
0.14303,0.896493,-2.49694,0
0.143117,0.908063,-2.49488,0
0.143204,0.923786,-2.50403,0
0.143292,0.932952,-2.49529,0
0.143379,0.946666,-2.49868,0
0.143466,0.956842,-2.49266,0
0.143553,0.971334,-2.49778,0
0.143641,0.983689,-2.49724,0
0.143728,0.999023,-2.50407,0
0.143815,1.01106,-2.50247,0
0.143902,1.02311,-2.50081,0
0.14399,1.03095,-2.48893,0
0.144077,1.04219,-2.48533,0
0.144164,1.05615,-2.48812,0
0.144251,1.07331,-2.49819,0
0.144339,1.08978,-2.50633,0
0.144426,1.1003,-2.50063,0
0.144513,1.1169,-2.5086,0
0.144601,1.12907,-2.50643,0
0.144688,1.14207,-2.50603,0
0.144775,1.15383,-2.50284,0
0.144862,1.17023,-2.50957,0
0.14495,1.18415,-2.51077,0
0.145037,1.19596,-2.50738,0
0.145124,1.2121,-2.51295,0
0.145211,1.22043,-2.50224,0
0.145299,1.24106,-2.51662,0
0.145386,1.25292,-2.51298,0
0.145473,1.27108,-2.52177,0
0.14556,1.28071,-2.51353,0
0.145648,1.29258,-2.5097,0
0.145735,1.30121,-2.4996,0
0.145822,1.32374,-2.51602,0
0.14591,1.33518,-2.5111,0
0.145997,1.35417,-2.52023,0
0.146084,1.36467,-2.51342,0
0.146171,1.38044,-2.51621,0
0.146259,1.39577,-2.51803,0
0.146346,1.41602,-2.52849,0
0.146433,1.43049,-2.52838,0
0.14652,1.44151,-2.52212,0
0.146608,1.4555,-2.521,0
0.146695,1.47203,-2.52413,0
0.146782,1.48049,-2.51337,0
0.146869,1.50116,-2.52322,0
0.146957,1.5137,-2.51921,0
0.147044,1.52571,-2.5143,0
0.147131,1.54398,-2.51955,0
0.147219,1.5597,-2.52044,0
0.147306,1.5728,-2.51701,0
0.147393,1.5907,-2.52111,0
0.14748,1.61029,-2.52764,0
0.147568,1.62563,-2.52732,0
0.147655,1.63392,-2.51601,0
0.147742,1.65201,-2.51973,0
0.147829,1.66299,-2.5125,0
0.147917,1.68671,-2.52434,0
0.148004,1.70051,-2.5211,0
0.148091,1.71543,-2.51945,0
0.148178,1.72924,-2.51606,0
0.148266,1.7459,-2.5167,0
0.148353,1.76489,-2.52053,0
0.14844,1.77876,-2.51689,0
0.148528,1.78857,-2.50748,0
0.148615,1.80416,-2.50614,0
0.148702,1.82625,-2.51362,0
0.148789,1.85021,-2.52337,0
0.148877,1.8618,-2.51607,0
0.148964,1.87814,-2.51514,0
0.149051,1.88549,-2.50213,0
0.149138,1.91031,-2.51218,0
0.149226,1.91821,-2.49986,0
0.149313,1.94073,-2.50649,0
0.1494,1.95473,-2.50193,0
0.149487,1.97243,-2.50202,0
0.149575,1.97897,-2.48791,0
0.149662,2.00233,-2.49485,0
0.149749,1.99746,-2.46666,0
0.149837,2.02213,-2.47496,0
0.149924,2.00746,-2.43525,0
0.150011,2.00272,-2.40801,0
0.150098,2.00871,-2.39389,0
0.150186,2.00945,-2.37365,0
0.150273,2.00679,-2.34965,0
0.15036,2.00919,-2.33179,0
0.150447,2.00557,-2.30715,0
0.150535,2.00639,-2.28785,0
0.150622,2.00575,-2.26709,0
0.150709,2.0043,-2.24563,0
0.150796,1.99936,-2.22052,0
0.150884,2.005,-2.20733,0
0.150971,1.99975,-2.18234,0
0.151058,1.99975,-2.16331,0
0.151146,2.00508,-2.15018,0
0.151233,2.00347,-2.12976,0
0.15132,2.00931,-2.11737,0
0.151407,2.00262,-2.09197,0
0.151495,2.00201,-2.07314,0
0.151582,2.00615,-2.05937,0
0.151669,2.0011,-2.03633,0
0.151756,2.00081,-2.01835,0
0.151844,1.99899,-1.99899,0
0.151931,1.99207,-1.97476,0
0.152018,2.00352,-1.96885,0
0.152105,1.99992,-1.94823,0
0.152193,2.0012,-1.93254,0
0.15228,2.00384,-1.91826,0
0.152367,1.99986,-1.89779,0
0.152455,2.00448,-1.88562,0
0.152542,2.0083,-1.87277,0
0.152629,2.00103,-1.84973,0
0.152716,1.99802,-1.83085,0
0.152804,2.00081,-1.81741,0
0.152891,1.9998,-1.80063,0
0.152978,1.99943,-1.78456,0
0.153065,1.99821,-1.76787,0
0.153153,1.99839,-1.75254,0
0.15324,2.01281,-1.74971,0
0.153327,2.00073,-1.72394,0
0.153414,2.00443,-1.71195,0
0.153502,1.99967,-1.69284,0
0.153589,2.03844,-1.71046,0
0.153676,2.03666,-1.69387,0
0.153764,2.034,-1.6767,0
0.153851,2.03665,-1.66402,0
0.153938,2.03146,-1.64504,0
0.154025,2.04798,-1.64368,0
0.154113,2.04887,-1.62974,0
0.1542,2.07795,-1.63812,0
0.154287,2.08271,-1.62719,0
0.154374,2.089,-1.61748,0
0.154462,2.09842,-1.61017,0
0.154549,2.08632,-1.58648,0
0.154636,2.07486,-1.56352,0
0.154723,2.06964,-1.54547,0
0.154811,2.05466,-1.52037,0
0.154898,2.06853,-1.51671,0
0.154985,2.08241,-1.51296,0
0.155072,2.10198,-1.51321,0
0.15516,2.09228,-1.49241,0
0.155247,2.05712,-1.45383,0
0.155334,2.04133,-1.42935,0
0.155422,2.02782,-1.40675,0
0.155509,2.01993,-1.38826,0
0.155596,2.02845,-1.38112,0
0.155683,2.04441,-1.37897,0
0.155771,2.04542,-1.3667,0
0.155858,2.05553,-1.36052,0
0.155945,2.03803,-1.33619,0
0.156032,2.05474,-1.33437,0
0.15612,2.04709,-1.31673,0
0.156207,2.05366,-1.30832,0
0.156294,2.06442,-1.30255,0
0.156381,2.07687,-1.29777,0
0.156469,2.08336,-1.28922,0
0.156556,2.09238,-1.28221,0
0.156643,2.07744,-1.26062,0
0.156731,2.05463,-1.23455,0
0.156818,2.04883,-1.21892,0
0.156905,2.05929,-1.21302,0
0.156992,2.06198,-1.20251,0
0.15708,2.04728,-1.182,0
0.157167,1.99425,-1.13981,0
0.157254,1.98528,-1.12322,0
0.157341,1.9858,-1.1121,0
0.157429,1.98714,-1.10149,0
0.157516,1.99017,-1.09184,0
0.157603,1.98085,-1.07552,0
0.15769,1.98377,-1.06592,0
0.157778,1.98575,-1.05584,0
0.157865,1.98414,-1.04391,0
0.157952,1.98247,-1.03201,0
0.15804,1.98518,-1.02243,0
0.158127,1.98071,-1.00922,0
0.158214,1.9708,-0.993367,0
0.158301,1.98049,-0.987436,0
0.158389,1.9785,-0.975689,0
0.158476,1.98903,-0.970115,0
0.158563,1.98694,-0.958386,0
0.15865,1.9911,-0.949708,0
0.158738,1.98437,-0.935892,0
0.158825,1.98481,-0.925534,0
0.158912,1.97884,-0.91226,0
0.158999,1.98372,-0.904031,0
0.159087,1.98217,-0.892903,0
0.159174,1.98057,-0.881805,0
0.159261,1.9789,-0.870738,0
0.159349,1.97718,-0.859703,0
0.159436,1.99102,-0.85541,0
0.159523,1.97632,-0.8389,0
0.15961,1.98734,-0.833362,0
0.159698,1.9771,-0.818943,0
0.159785,1.98343,-0.811444,0
0.159872,1.9851,-0.802033,0
0.159959,1.98951,-0.793734,0
0.160047,1.98086,-0.780281,0
0.160134,1.98518,-0.771993,0
0.160221,1.98106,-0.760457,0
0.160308,1.98436,-0.751806,0
0.160396,1.99605,-0.746292,0
0.160483,2.00679,-0.740344,0
0.16057,1.98839,-0.723715,0
0.160658,1.97553,-0.709287,0
0.160745,1.98709,-0.703665,0
0.160832,1.98636,-0.693669,0
0.160919,1.98275,-0.682716,0
0.161007,1.97908,-0.671808,0
0.161094,1.9801,-0.662532,0
0.161181,1.98582,-0.654826,0
0.161268,1.96964,-0.639974,0
0.161356,1.97908,-0.633508,0
0.161443,1.97896,-0.623965,0
0.16153,1.99122,-0.618289,0
0.161617,1.98433,-0.606671,0
0.161705,1.98026,-0.59599,0
0.161792,1.98572,-0.588196,0
0.161879,1.99114,-0.580365,0
0.161967,1.98693,-0.569742,0
0.162054,1.98458,-0.55971,0
0.162141,1.97737,-0.548373,0
0.162228,1.98264,-0.540529,0
0.162316,1.97822,-0.530061,0
0.162403,1.98244,-0.521934,0
0.16249,1.9818,-0.512528,0
0.162577,1.98111,-0.503137,0
0.162665,1.98231,-0.494246,0
0.162752,1.97765,-0.483929,0
0.162839,1.9778,-0.474828,0
0.162926,1.9818,-0.466652,0
0.163014,1.98382,-0.458,0
0.163101,1.98872,-0.450002,0
0.163188,1.97895,-0.438723,0
0.163276,1.9916,-0.432418,0
0.163363,1.98564,-0.422061,0
0.16345,1.98746,-0.413393,0
0.163537,1.98435,-0.40372,0
0.163625,1.98707,-0.395253,0
0.163712,1.98681,-0.386197,0
0.163799,1.99143,-0.378084,0
0.163886,1.98028,-0.367022,0
0.163974,1.98186,-0.358378,0
0.164061,1.98636,-0.350248,0
0.164148,1.97801,-0.339884,0
0.164235,1.97454,-0.330425,0
0.164323,1.97991,-0.32245,0
0.16441,1.97735,-0.313182,0
0.164497,1.99649,-0.307289,0
0.164585,1.98199,-0.29621,0
0.164672,1.98722,-0.288133,0
0.164759,1.98846,-0.27946,0
0.164846,1.97975,-0.269432,0
0.164934,1.97595,-0.260139,0
0.165021,1.97905,-0.251767,0
0.165108,1.99006,-0.244348,0
0.165195,1.98018,-0.23437,0
0.165283,1.98416,-0.226067,0
0.16537,1.98712,-0.217625,0
0.165457,1.98208,-0.208325,0
0.165544,1.98098,-0.199474,0
0.165632,1.97984,-0.190637,0
0.165719,1.98265,-0.18218,0
0.165806,1.97645,-0.172917,0
0.165894,1.97719,-0.164292,0
0.165981,1.96592,-0.154721,0
0.166068,1.97555,-0.146809,0
0.166155,1.97717,-0.138257,0
0.166243,1.98374,-0.130021,0
0.16633,1.9823,-0.121242,0
0.166417,1.98181,-0.112535,0
0.166504,1.98228,-0.103887,0
0.166592,1.98671,-0.0954285,0
0.166679,1.97412,-0.086192,0
0.166766,1.97448,-0.0775774,0
0.166853,1.9678,-0.0687172,0
0.166941,1.94309,-0.0593669,0
0.167028,1.78839,-0.0468306,0
0.167115,1.74159,-0.0380016,0
0.167203,1.75173,-0.0305767,0
0.16729,1.83584,-0.0240325,0
0.167377,1.76993,-0.015446,0
0.167464,1.70498,-0.00743948,0
0.167552,1.688,-4.08739e-08,0
0.167639,1.68698,0.00736086,0
0.167726,1.68794,0.0147304,0
0.167813,1.70285,0.0222915,0
0.167901,1.69774,0.0296341,0
0.167988,1.70459,0.0371943,0
0.168075,1.68842,0.0442128,0
0.168162,1.7162,0.0524346,0
0.16825,1.82089,0.0635868,0
0.168337,1.91552,0.075261,0
0.168424,1.92916,0.084229,0
0.168512,1.93677,0.0930295,0
0.168599,1.95232,0.102317,0
0.168686,1.96483,0.111571,0
0.168773,1.9793,0.121059,0
0.168861,1.98275,0.129956,0
0.168948,1.99014,0.139164,0
0.169035,1.97755,0.146957,0
0.169122,1.9739,0.155349,0
0.16921,1.98815,0.165202,0
0.169297,1.98542,0.173701,0
0.169384,1.98862,0.182729,0
0.169471,1.97487,0.190158,0
0.169559,1.97999,0.199374,0
0.169646,1.9781,0.207907,0
0.169733,1.98811,0.217734,0
0.169821,1.98516,0.22618,0
0.169908,1.98912,0.235427,0
0.169995,1.99006,0.244348,0
0.170082,1.98798,0.252903,0
0.17017,1.98785,0.261705,0
0.170257,1.98074,0.269567,0
0.170344,1.98351,0.278764,0
0.170431,1.97633,0.286555,0
0.170519,1.98594,0.296801,0
0.170606,1.98068,0.304855,0
0.170693,1.97439,0.312712,0
0.17078,1.97301,0.321324,0
0.170868,1.98046,0.331416,0
0.170955,1.99082,0.342086,0
0.171042,1.9834,0.349727,0
0.17113,1.97989,0.358022,0
0.171217,1.98126,0.367205,0
0.171304,1.99241,0.378271,0
0.171391,1.99467,0.387724,0
0.171479,1.98315,0.394473,0
0.171566,1.98533,0.403919,0
0.171653,1.98159,0.412171,0
0.17174,1.98564,0.422061,0
0.171828,1.97596,0.429023,0
0.171915,1.98383,0.439805,0
0.172002,1.97799,0.447574,0
0.172089,1.98284,0.457775,0
0.172177,1.97596,0.465277,0
0.172264,1.97683,0.474594,0
0.172351,1.97765,0.483928,0
0.172439,1.97649,0.492795,0
0.172526,1.97723,0.502153,0
0.172613,1.98567,0.513529,0
0.1727,1.97858,0.520916,0
0.172788,1.97532,0.529285,0
0.172875,1.97588,0.538688,0
0.172962,1.98026,0.549175,0
0.173049,1.96726,0.554824,0
0.173137,1.98116,0.568089,0
0.173224,1.97194,0.574769,0
0.173311,1.97709,0.58564,0
0.173398,1.98122,0.596278,0
0.173486,1.96903,0.601993,0
0.173573,1.97403,0.612951,0
0.17366,1.97419,0.622461,0
0.173748,1.9686,0.630154,0
0.173835,1.96298,0.637811,0
0.173922,1.97822,0.65232,0
0.174009,1.97156,0.659676,0
0.174097,1.97814,0.671487,0
0.174184,1.96952,0.678158,0
0.174271,1.97598,0.690042,0
0.174358,1.96918,0.697322,0
0.174446,1.968,0.706584,0
0.174533,1.97523,0.718926,0
0.17462,1.97395,0.72823,0
0.174707,1.97263,0.737537,0
0.174795,1.96565,0.74472,0
0.174882,1.97639,0.758665,0
0.174969,1.97679,0.768731,0
0.175057,1.97807,0.779182,0
0.175144,1.97372,0.787435,0
0.175231,1.97212,0.796788,0
0.175318,1.97695,0.808793,0
0.175406,1.98357,0.821621,0
0.175493,1.96705,0.824854,0
0.17558,1.96252,0.833039,0
0.175667,1.97448,0.848304,0
0.175755,1.97443,0.858507,0
0.175842,1.97799,0.870336,0
0.175929,1.976,0.879771,0
0.176016,1.98126,0.892492,0
0.176104,1.9728,0.899055,0
0.176191,1.9743,0.910166,0
0.176278,1.97938,0.922998,0
0.176366,1.97352,0.930773,0
0.176453,1.98298,0.945833,0
0.17654,1.97613,0.953173,0
0.176627,1.98184,0.966608,0
0.176715,1.9794,0.976131,0
0.176802,1.98407,0.98922,0
0.176889,1.97527,0.995618,0
0.176976,1.97714,1.0074,0
0.177064,1.97184,1.01556,0
0.177151,1.97005,1.02554,0
0.177238,1.97883,1.04111,0
0.177325,1.98487,1.05537,0
0.177413,1.98377,1.06592,0
0.1775,1.98437,1.07742,0
0.177587,1.98929,1.09136,0
0.177675,1.97839,1.09664,0
0.177762,1.98318,1.11064,0
0.177849,1.97571,1.1178,0
0.177936,1.99078,1.13782,0
0.178024,1.9806,1.1435,0
0.178111,1.98855,1.15969,0
0.178198,1.97744,1.1648,0
0.178285,1.97921,1.17751,0
0.178373,1.98006,1.18974,0
0.17846,1.98083,1.202,0
0.178547,1.9875,1.21794,0
0.178634,1.98047,1.22555,0
0.178722,1.98189,1.23842,0
0.178809,1.97816,1.24812,0
0.178896,1.98113,1.26212,0
0.178984,1.98569,1.27724,0
0.179071,1.98765,1.29079,0
0.179158,1.97782,1.29671,0
0.179245,1.98048,1.31085,0
0.179333,1.98139,1.32392,0
0.17942,1.98306,1.33759,0
0.179507,1.97638,1.34567,0
0.179594,1.98038,1.36107,0
0.179682,1.97524,1.37027,0
0.179769,1.97825,1.38519,0
0.179856,1.97464,1.39554,0
0.179943,1.97423,1.4082,0
0.180031,1.97537,1.42206,0
0.180118,1.96753,1.42949,0
0.180205,1.97256,1.44634,0
0.180293,1.97025,1.45791,0
0.18038,1.97269,1.47308,0
0.180467,1.97582,1.48889,0
0.180554,1.97886,1.50476,0
0.180642,1.97783,1.51764,0
0.180729,1.97435,1.52871,0
0.180816,1.96845,1.53792,0
0.180903,1.97272,1.55516,0
0.180991,1.97452,1.5706,0
0.181078,1.96999,1.58108,0
0.181165,1.97084,1.59596,0
0.181252,1.96851,1.60834,0
0.18134,1.9769,1.62963,0
0.181427,1.97208,1.64016,0
0.181514,1.97946,1.66096,0
0.181602,1.97601,1.67281,0
0.181689,1.97477,1.68662,0
0.181776,1.97952,1.70566,0
0.181863,1.97357,1.71559,0
0.181951,1.97734,1.73408,0
0.182038,1.97874,1.75064,0
0.182125,1.98078,1.76792,0
0.182212,1.98197,1.78457,0
0.1823,1.9823,1.8006,0
0.182387,1.97738,1.81193,0
0.182474,1.98194,1.83208,0
0.182561,1.97904,1.84549,0
0.182649,1.97607,1.8589,0
0.182736,1.97882,1.87783,0
0.182823,1.98072,1.89613,0
0.18291,1.97962,1.9117,0
0.182998,1.98631,1.93497,0
0.183085,1.98212,1.94783,0
0.183172,1.98,1.96279,0
0.18326,1.9799,1.9799,0
0.183347,1.97476,1.99207,0
0.183434,1.97797,2.01279,0
0.183521,1.98172,2.0343,0
0.183609,1.98117,2.05156,0
0.183696,1.98741,2.07607,0
0.183783,1.98315,2.0898,0
0.18387,1.98429,2.10936,0
0.183958,1.99075,2.13482,0
0.184045,1.99092,2.15377,0
0.184132,1.99029,2.17202,0
0.184219,1.98012,2.17994,0
0.184307,1.98732,2.20714,0
0.184394,1.98566,2.22474,0
0.184481,1.98786,2.24687,0
0.184569,1.98199,2.26003,0
0.184656,1.98851,2.28752,0
0.184743,1.98961,2.30906,0
0.18483,1.98082,2.31924,0
0.184918,1.98619,2.34618,0
0.185005,1.97979,2.35942,0
0.185092,1.9797,2.38033,0
0.185179,1.98138,2.40361,0
0.185267,1.98986,2.43546,0
0.185354,1.98676,2.45345,0
0.185441,1.98543,2.47379,0
0.185528,1.99018,2.502,0
0.185616,1.98296,2.51537,0
0.185703,1.98797,2.54449,0
0.18579,1.98726,2.56658,0
0.185878,1.99491,2.59982,0
0.185965,1.98779,2.61407,0
0.186052,1.9884,2.63869,0
0.186139,1.98464,2.65776,0
0.186227,1.9766,2.67122,0
0.186314,1.95546,2.66691,0
0.186401,1.93616,2.6649,0
0.186488,1.92043,2.66764,0
0.186576,1.89832,2.66134,0
0.186663,1.88496,2.66715,0
0.18675,1.8624,2.65979,0
0.186837,1.85648,2.6761,0
0.186925,1.83006,2.66275,0
0.187012,1.81842,2.67071,0
0.187099,1.79948,2.66784,0
0.187187,1.78227,2.66735,0
0.187274,1.77061,2.67511,0
0.187361,1.75399,2.67528,0
0.187448,1.73413,2.67033,0
0.187536,1.7203,2.6745,0
0.187623,1.70163,2.67102,0
0.18771,1.68515,2.67081,0
0.187797,1.6719,2.67559,0
0.187885,1.65021,2.6667,0
0.187972,1.63438,2.66706,0
0.188059,1.62065,2.67074,0
0.188146,1.60125,2.66493,0
0.188234,1.59319,2.67791,0
0.188321,1.5754,2.6745,0
0.188408,1.56069,2.67616,0
0.188496,1.5415,2.66996,0
0.188583,1.52835,2.67405,0
0.18867,1.51568,2.67895,0
0.188757,1.49665,2.67246,0
0.188845,1.48158,2.67284,0
0.188932,1.46461,2.66963,0
0.189019,1.45152,2.67336,0
0.189106,1.43889,2.67791,0
0.189194,1.42907,2.68769,0
0.189281,1.41128,2.6824,0
0.189368,1.39725,2.68409,0
0.189455,1.37683,2.67327,0
0.189543,1.3647,2.67837,0
0.18963,1.35255,2.6834,0
0.189717,1.33056,2.66869,0
0.189805,1.31625,2.66909,0
0.189892,1.31029,2.6865,0
0.189979,1.29508,2.68498,0
0.190066,1.27819,2.67978,0
0.190154,1.26862,2.68985,0
0.190241,1.24757,2.67542,0
0.190328,1.23672,2.68265,0
0.190415,1.22044,2.67802,0
0.190503,1.20792,2.68149,0
0.19059,1.19011,2.67303,0
0.190677,1.17965,2.68095,0
0.190764,1.16714,2.68423,0
0.190852,1.15226,2.68195,0
0.190939,1.13898,2.68327,0
0.191026,1.12417,2.68084,0
0.191114,1.10978,2.67925,0
0.191201,1.09581,2.67851,0
0.191288,1.08149,2.67678,0
0.191375,1.07276,2.6889,0
0.191463,1.05369,2.67495,0
0.19155,1.03983,2.67393,0
0.191637,1.02672,2.67471,0
0.191724,1.01611,2.68197,0
0.191812,1.00475,2.68731,0
0.191899,0.990933,2.68604,0
0.191986,0.976468,2.68282,0
0.192073,0.962387,2.68047,0
0.192161,0.948679,2.67899,0
0.192248,0.936651,2.68216,0
0.192335,0.923637,2.68244,0
0.192423,0.912567,2.68833,0
0.19251,0.896068,2.67807,0
0.192597,0.881243,2.67245,0
0.192684,0.871737,2.68293,0
0.192772,0.858193,2.68099,0
0.192859,0.846788,2.68567,0
0.192946,0.83091,2.67597,0
0.193033,0.819518,2.68052,0
0.193121,0.806085,2.67833,0
0.193208,0.791551,2.67223,0
0.193295,0.782402,2.6843,0
0.193382,0.769304,2.68288,0
0.19347,0.757319,2.68525,0
0.193557,0.742388,2.67697,0
0.193644,0.732279,2.68597,0
0.193732,0.717705,2.67851,0
0.193819,0.705502,2.67968,0
0.193906,0.693803,2.68274,0
0.193993,0.683322,2.69058,0
0.194081,0.668672,2.6819,0
0.194168,0.659103,2.69353,0
0.194255,0.648511,2.70124,0
0.194342,0.634427,2.69431,0
0.19443,0.622215,2.69511,0
0.194517,0.610229,2.69682,0
0.194604,0.595642,2.68677,0
0.194691,0.583701,2.68836,0
0.194779,0.570094,2.68208,0
0.194866,0.559811,2.6914,0
0.194953,0.547066,2.68891,0
0.195041,0.534743,2.68833,0
0.195128,0.523198,2.69162,0
0.195215,0.510889,2.69093,0
0.195302,0.497139,2.68232,0
0.19539,0.486676,2.69135,0
0.195477,0.475102,2.69443,0
0.195564,0.463002,2.69451,0
0.195651,0.44992,2.68861,0
0.195739,0.438988,2.69549,0
0.195826,0.425345,2.68552,0
0.195913,0.41408,2.69032,0
0.196,0.404259,2.70496,0
0.196088,0.3903,2.69185,0
0.196175,0.378133,2.69056,0
0.196262,0.366929,2.69615,0
0.19635,0.353204,2.68285,0
0.196437,0.341747,2.68635,0
0.196524,0.330022,2.68781,0
0.196611,0.319467,2.69916,0
0.196699,0.306554,2.69059,0
0.196786,0.295791,2.70085,0
0.196873,0.283168,2.69416,0
0.19696,0.270608,2.68741,0
0.197048,0.258784,2.68757,0
0.197135,0.247512,2.69365,0
0.197222,0.236802,2.70666,0
0.197309,0.223499,2.68973,0
0.197397,0.211997,2.69367,0
0.197484,0.200612,2.69956,0
0.197571,0.188412,2.69442,0
0.197659,0.176196,2.68823,0
0.197746,0.164831,2.69496,0
0.197833,0.153241,2.69865,0
0.19792,0.140731,2.68531,0
0.198008,0.129733,2.70089,0
0.198095,0.117729,2.69643,0
0.198182,0.105884,2.69492,0
0.198269,0.0942636,2.69935,0
0.198357,0.0822098,2.69074,0
0.198444,0.070547,2.69408,0
0.198531,0.0589003,2.69936,0
0.198618,0.0470518,2.69559,0
0.198706,0.0352504,2.69277,0
0.198793,0.0235879,2.7029,0
0.19888,0.0117636,2.69597,0
0.198968,9.80504e-08,2.695,0
0.199055,-0.0117852,2.70097,0
0.199142,-0.023675,2.7129,0
0.199229,-0.0353811,2.70277,0
0.199317,-0.0470865,2.69759,0
0.199404,-0.0588128,2.69536,0
0.199491,-0.0704944,2.69208,0
0.199578,-0.0823623,2.69574,0
0.199666,-0.0942285,2.69836,0
0.199753,-0.106433,2.70891,0
0.19984,-0.11799,2.70243,0
0.199927,-0.130261,2.71187,0
0.200015,-0.141935,2.70828,0
0.200102,-0.153014,2.69466,0
0.200189,-0.164648,2.69197,0
0.200277,-0.177177,2.7032,0
0.200364,-0.189528,2.71038,0
0.200451,-0.200908,2.70355,0
0.200538,-0.213095,2.70763,0
0.200626,-0.224824,2.70568,0
0.200713,-0.236279,2.70068,0
0.2008,-0.248976,2.70959,0
0.200887,-0.260509,2.70549,0
0.200975,-0.272311,2.70432,0
0.201062,-0.283899,2.70112,0
0.201149,-0.295029,2.69389,0
0.201236,-0.308365,2.70649,0
0.201324,-0.320877,2.71108,0
0.201411,-0.332581,2.70866,0
0.201498,-0.344018,2.70421,0
0.201586,-0.35712,2.71259,0
0.201673,-0.369357,2.71398,0
0.20176,-0.380917,2.71036,0
0.201847,-0.39317,2.71164,0
0.201935,-0.403076,2.69705,0
0.202022,-0.416057,2.70317,0
0.202109,-0.429412,2.7112,0
0.202196,-0.441881,2.71325,0
0.202284,-0.454376,2.71524,0
0.202371,-0.465203,2.70732,0
0.202458,-0.47979,2.72102,0
0.202545,-0.49059,2.713,0
0.202633,-0.502423,2.71083,0
0.20272,-0.514433,2.7096,0
0.202807,-0.528159,2.71714,0
0.202895,-0.540985,2.71972,0
0.202982,-0.552448,2.71537,0
0.203069,-0.563884,2.71098,0
0.203156,-0.575915,2.70947,0
0.203244,-0.587944,2.70791,0
0.203331,-0.600187,2.70727,0
0.203418,-0.613539,2.71145,0
0.203505,-0.626039,2.71167,0
0.203593,-0.639011,2.71378,0
0.20368,-0.652713,2.71875,0
0.203767,-0.665045,2.71782,0
0.203854,-0.67593,2.71101,0
0.203942,-0.688983,2.71288,0
0.204029,-0.691049,2.67209,0
0.204116,-0.685388,2.60329,0
0.204204,-0.685353,2.55777,0
0.204291,-0.678094,2.48722,0
0.204378,-0.638165,2.30115,0
0.204465,-0.636256,2.256,0
0.204553,-0.640581,2.23397,0
0.20464,-0.636611,2.18411,0
0.204727,-0.63591,2.1468,0
0.204814,-0.634896,2.10953,0
0.204902,-0.637663,2.0857,0
0.204989,-0.649129,2.09054,0
0.205076,-0.652832,2.07052,0
0.205163,-0.664299,2.07527,0
0.205251,-0.67273,2.07045,0
0.205338,-0.68395,2.07414,0
0.205425,-0.685378,2.04838,0
0.205513,-0.685952,2.02075,0
0.2056,-0.682391,1.98181,0
0.205687,-0.686086,1.96465,0
0.205774,-0.677294,1.91262,0
0.205862,-0.673806,1.8767,0
0.205949,-0.585196,1.60781,0
0.206036,-0.582515,1.57898,0
0.206123,-0.586597,1.56893,0
0.206211,-0.577849,1.52521,0
0.206298,-0.570522,1.48626,0
0.206385,-0.566491,1.45673,0
0.206472,-0.564045,1.43191,0
0.20656,-0.566212,1.41922,0
0.206647,-0.564907,1.39819,0
0.206734,-0.570245,1.39386,0
0.206822,-0.572112,1.3812,0
0.206909,-0.576586,1.375,0
0.206996,-0.583362,1.37431,0
0.207083,-0.580273,1.35062,0
0.207171,-0.587357,1.35083,0
0.207258,-0.581163,1.32079,0
0.207345,-0.566584,1.27257,0
0.207432,-0.567203,1.25914,0
0.20752,-0.576838,1.26576,0
0.207607,-0.580262,1.25869,0
0.207694,-0.586594,1.25796,0
0.207781,-0.585252,1.24091,0
0.207869,-0.588509,1.23383,0
0.207956,-0.597362,1.23846,0
0.208043,-0.606267,1.24303,0
0.208131,-0.624512,1.26638,0
0.208218,-0.641186,1.28602,0
0.208305,-0.651742,1.29303,0
0.208392,-0.657378,1.29018,0
0.20848,-0.660712,1.28285,0
0.208567,-0.661224,1.2702,0
0.208654,-0.664898,1.26376,0
0.208741,-0.66618,1.2529,0
0.208829,-0.662174,1.23237,0
0.208916,-0.664205,1.22331,0
0.209003,-0.660878,1.20462,0
0.20909,-0.655463,1.18249,0
0.209178,-0.652798,1.16565,0
0.209265,-0.654923,1.15757,0
0.209352,-0.662449,1.15905,0
0.20944,-0.667,1.15528,0
0.209527,-0.675561,1.1584,0
0.209614,-0.683654,1.16061,0
0.209701,-0.688712,1.15762,0
0.209789,-0.692726,1.15289,0
0.209876,-0.695675,1.14644,0
0.209963,-0.697536,1.13827,0
0.21005,-0.701443,1.13352,0
0.210138,-0.705323,1.12875,0
0.210225,-0.713976,1.13158,0
0.210312,-0.717295,1.12593,0
0.210399,-0.730856,1.13624,0
0.210487,-0.726548,1.11879,0
0.210574,-0.731971,1.11644,0
0.210661,-0.740699,1.11907,0
0.210748,-0.750575,1.12332,0
0.210836,-0.758265,1.12417,0
0.210923,-0.764852,1.12334,0
0.21101,-0.770879,1.12164,0
0.211098,-0.0564297,0.081343,0
0.211185,-0.0573576,0.0819152,0
0.211272,-0.0727203,0.102897,0
0.211359,-0.0522633,0.0732704,0
0.211447,-0.0683572,0.0949542,0
0.211534,-0.0599541,0.0825197,0
0.211621,-0.0656354,0.0895154,0
0.211708,-0.0624564,0.084405,0
0.211796,-0.0717989,0.0961505,0
0.211883,-0.0668015,0.0886485,0
0.21197,-0.0581082,0.0764162,0
0.212057,-0.0712251,0.0928223,0
0.212145,-0.0765272,0.0988362,0
0.212232,-0.0597192,0.076437,0
0.212319,-0.0674812,0.0855995,0
0.212407,-0.0709667,0.0892173,0
0.212494,-0.0632183,0.0787683,0
0.212581,-0.066708,0.0823775,0
0.212668,-0.0651686,0.0797624,0
0.212756,-0.0604274,0.0733043,0
0.212843,-0.0613861,0.0738088,0
0.21293,-0.0610648,0.0727742,0
0.213017,-0.0555667,0.065638,0
0.213105,-0.0506569,0.0593117,0
0.213192,-0.0502625,0.0583325,0
0.213279,-0.0682301,0.0784898,0
0.213366,-0.0606598,0.0691693,0
0.213454,-0.0742134,0.083883,0
0.213541,-0.0645905,0.0723676,0
0.213628,-0.0655748,0.0728282,0
0.213716,-0.0632025,0.0695805,0
0.213803,-0.0459401,0.0501349,0
0.21389,-0.0570193,0.0616831,0
0.213977,-0.0702458,0.0753294,0
0.214065,-0.0465924,0.0495292,0
0.214152,-0.0399246,0.0420717,0
0.214239,-0.0497889,0.0520102,0
0.214326,-0.0611299,0.0633019,0
0.214414,-0.0474498,0.0487085,0
0.214501,-0.0476618,0.048501,0
0.214588,-0.0316807,0.0319583,0
0.214675,-0.0268701,0.0268701,0
