7200
1251
1.0821
1.09781,-0.0346482,-0.0346482,0
1.0979,-0.0176004,-0.0177546,0
1.09799,-0.0504655,-0.051354,0
1.09807,-0.0523343,-0.0537226,0
1.09816,-0.0416795,-0.0431604,0
1.09825,-0.0359587,-0.0375629,0
1.09834,-0.0612636,-0.0645583,0
1.09842,-0.103463,-0.109984,0
1.09851,-0.10912,-0.117017,0
1.0986,-0.135081,-0.14613,0
1.09868,-0.166195,-0.18137,0
1.09877,-0.195659,-0.215403,0
1.09886,-0.225497,-0.25044,0
1.09895,-0.348256,-0.390188,0
1.09903,-0.34655,-0.391704,0
1.09912,-0.27165,-0.309758,0
1.09921,-0.360176,-0.414336,0
1.0993,-0.360323,-0.418176,0
1.09938,-0.285757,-0.334579,0
1.09947,-0.28171,-0.332769,0
1.09956,-0.286683,-0.341656,0
1.09964,-0.292224,-0.351361,0
1.09973,-0.297685,-0.36112,0
1.09982,-0.300535,-0.367837,0
1.09991,-0.291375,-0.359819,0
1.09999,-0.295436,-0.368105,0
1.10008,-0.291337,-0.366261,0
1.10017,-0.294689,-0.373811,0
1.10026,-0.304752,-0.390065,0
1.10034,-0.302435,-0.390601,0
1.10043,-0.292814,-0.381603,0
1.10052,-0.300831,-0.395613,0
1.1006,-0.303917,-0.403311,0
1.10069,-0.307539,-0.411844,0
1.10078,-0.295627,-0.399517,0
1.10087,-0.300385,-0.409674,0
1.10095,-0.297419,-0.409363,0
1.10104,-0.305563,-0.424453,0
1.10113,-0.303127,-0.424968,0
1.10122,-0.30531,-0.432003,0
1.1013,-0.29826,-0.425959,0
1.10139,-0.307798,-0.443689,0
1.10148,-0.298496,-0.434315,0
1.10156,-0.30504,-0.448012,0
1.10165,-0.296372,-0.43939,0
1.10174,-0.30223,-0.45232,0
1.10183,-0.29915,-0.451966,0
1.10191,-0.305948,-0.466648,0
1.102,-0.301185,-0.463785,0
1.10209,-0.304569,-0.473505,0
1.10218,-0.299813,-0.470612,0
1.10226,-0.300959,-0.47699,0
1.10235,-0.299404,-0.479147,0
1.10244,-0.300994,-0.486401,0
1.10252,-0.297824,-0.486005,0
1.10261,-0.298813,-0.492429,0
1.1027,-0.301297,-0.501443,0
1.10279,-0.301663,-0.50705,0
1.10287,-0.302493,-0.513531,0
1.10296,-0.300753,-0.51571,0
1.10305,-0.3035,-0.525677,0
1.10314,-0.298722,-0.522656,0
1.10322,-0.299886,-0.530047,0
1.10331,-0.29415,-0.525243,0
1.1034,-0.296219,-0.534393,0
1.10348,-0.296289,-0.540064,0
1.10357,-0.29727,-0.547503,0
1.10366,-0.299138,-0.556723,0
1.10375,-0.299053,-0.562438,0
1.10383,-0.297528,-0.565507,0
1.10392,-0.29321,-0.563252,0
1.10401,-0.293497,-0.56986,0
1.1041,-0.299634,-0.588064,0
1.10418,-0.296165,-0.58758,0
1.10427,-0.294491,-0.590657,0
1.10436,-0.29368,-0.595523,0
1.10444,-0.299408,-0.613876,0
1.10453,-0.297161,-0.616078,0
1.10462,-0.297483,-0.623686,0
1.10471,-0.296465,-0.628596,0
1.10479,-0.296255,-0.635322,0
1.10488,-0.292643,-0.634792,0
1.10497,-0.29775,-0.653352,0
1.10506,-0.299414,-0.664675,0
1.10514,-0.303832,-0.682418,0
1.10523,-0.298033,-0.67733,0
1.10532,-0.301056,-0.69238,0
1.1054,-0.291321,-0.678068,0
1.10549,-0.294221,-0.69314,0
1.10558,-0.29274,-0.698106,0
1.10567,-0.294284,-0.710463,0
1.10575,-0.295346,-0.721922,0
1.10584,-0.294441,-0.728767,0
1.10593,-0.291999,-0.731902,0
1.10602,-0.292834,-0.743404,0
1.1061,-0.292488,-0.75213,0
1.10619,-0.296729,-0.773005,0
1.10628,-0.293707,-0.775227,0
1.10636,-0.298377,-0.798045,0
1.10645,-0.288316,-0.781513,0
1.10654,-0.293453,-0.806256,0
1.10663,-0.292298,-0.814117,0
1.10671,-0.294418,-0.83141,0
1.1068,-0.292436,-0.837407,0
1.10689,-0.296593,-0.861367,0
1.10698,-0.291546,-0.858866,0
1.10706,-0.29668,-0.886683,0
1.10715,-0.293435,-0.889868,0
1.10724,-0.293257,-0.902553,0
1.10732,-0.291755,-0.911443,0
1.10741,-0.295895,-0.938457,0
1.1075,-0.293576,-0.94547,0
1.10759,-0.295588,-0.966824,0
1.10767,-0.292231,-0.970977,0
1.10776,-0.29424,-0.993337,0
1.10785,-0.292141,-1.00229,0
1.10793,-0.290522,-1.01317,0
1.10802,-0.288813,-1.02405,0
1.10811,-0.292092,-1.05325,0
1.1082,-0.292491,-1.07284,0
1.10828,-0.291171,-1.08667,0
1.10837,-0.286427,-1.08793,0
1.10846,-0.289439,-1.11918,0
1.10855,-0.291199,-1.1466,0
1.10863,-0.292726,-1.17406,0
1.10872,-0.292591,-1.19572,0
1.10881,-0.291106,-1.21255,0
1.10889,-0.284438,-1.20796,0
1.10898,-0.27804,-1.20432,0
1.10907,-0.273886,-1.2104,0
1.10916,-0.274445,-1.23794,0
1.10924,-0.273497,-1.25965,0
1.10933,-0.27881,-1.3117,0
1.10942,-0.279397,-1.34325,0
1.10951,-0.279713,-1.37483,0
1.10959,-0.278199,-1.3986,0
1.10968,-0.271712,-1.39784,0
1.10977,-0.267475,-1.40883,0
1.10985,-0.26333,-1.4208,0
1.10994,-0.258552,-1.42981,0
1.11003,-0.262556,-1.48903,0
1.11012,-0.26029,-1.5148,0
1.1102,-0.25896,-1.54748,0
1.11029,-0.251401,-1.54366,0
1.11038,-0.243568,-1.53783,0
1.11047,-0.236096,-1.53394,0
1.11055,-0.230878,-1.54484,0
1.11064,-0.222988,-1.53792,0
1.11073,-0.217667,-1.54878,0
1.11081,-0.209558,-1.53981,0
1.1109,-0.201924,-1.53377,0
1.11099,-0.19523,-1.53463,0
1.11108,-0.189385,-1.54242,0
1.11116,-0.18136,-1.5323,0
1.11125,-0.174786,-1.53408,0
1.11134,-0.167655,-1.53085,0
1.11143,-0.16181,-1.53952,0
1.11151,-0.155091,-1.54021,0
1.1116,-0.149424,-1.55182,0
1.11169,-0.140821,-1.53254,0
1.11177,-0.134656,-1.53912,0
1.11186,-0.12769,-1.5367,0
1.11195,-0.121455,-1.54323,0
1.11204,-0.115535,-1.55471,0
1.11212,-0.109727,-1.56917,0
1.11221,-0.102814,-1.56863,0
1.1123,-0.0959073,-1.56807,0
1.11239,-0.0888943,-1.56548,0
1.11247,-0.0819581,-1.56385,0
1.11256,-0.0747499,-1.55621,0
1.11265,-0.0684825,-1.56851,0
1.11273,-0.0611276,-1.5558,0
1.11282,-0.0544781,-1.56005,0
1.11291,-0.0473653,-1.55028,0
1.113,-0.0408361,-1.55947,0
1.11308,-0.0339658,-1.55663,0
1.11317,-0.0271385,-1.55476,0
1.11326,-0.0204329,-1.56087,0
1.11335,-0.0135698,-1.55494,0
1.11343,-0.00680678,-1.55999,0
1.11352,-1.87804e-08,-1.559,0
1.11361,0.00678929,-1.55599,0
1.11369,0.0136221,-1.56094,0
1.11378,0.0205376,-1.56887,0
1.11387,0.0272083,-1.55876,0
1.11396,0.0341185,-1.56363,0
1.11404,0.0407575,-1.55647,0
1.11413,0.0478538,-1.56627,0
1.11422,0.0542338,-1.55305,0
1.11431,0.0615594,-1.56679,0
1.11439,0.0678281,-1.55352,0
1.11448,0.0750378,-1.5622,0
1.11457,0.0820628,-1.56585,0
1.11465,0.0883273,-1.55549,0
1.11474,0.0959072,-1.56807,0
1.11483,0.101702,-1.55167,0
1.11492,0.109866,-1.57116,0
1.115,0.11598,-1.5607,0
1.11509,0.12271,-1.55918,0
1.11518,0.128767,-1.54966,0
1.11527,0.135876,-1.55307,0
1.11535,0.143566,-1.56242,0
1.11544,0.149328,-1.55083,0
1.11553,0.157095,-1.56011,0
1.11561,0.163483,-1.55543,0
1.1157,0.170594,-1.55769,0
1.11579,0.178408,-1.56587,0
1.11588,0.184181,-1.55614,0
1.11596,0.190116,-1.54837,0
1.11605,0.198259,-1.55844,0
1.11614,0.205318,-1.55954,0
1.11623,0.213604,-1.56953,0
1.11631,0.219337,-1.56066,0
1.1164,0.226575,-1.56266,0
1.11649,0.235165,-1.57352,0
1.11657,0.240507,-1.5626,0
1.11666,0.249826,-1.57734,0
1.11675,0.284836,-1.74896,0
1.11684,0.375648,-2.24479,0
1.11692,0.384931,-2.24017,0
1.11701,0.397133,-2.25226,0
1.1171,0.406423,-2.24755,0
1.11719,0.416226,-2.24575,0
1.11727,0.425834,-2.24293,0
1.11736,0.435999,-2.24302,0
1.11745,0.446757,-2.246,0
1.11753,0.456951,-2.24599,0
1.11762,0.467154,-2.24593,0
1.11771,0.477573,-2.2468,0
1.1178,0.487584,-2.24568,0
1.11788,0.496945,-2.24158,0
1.11797,0.50959,-2.25207,0
1.11806,0.515588,-2.23326,0
1.11815,0.526473,-2.23585,0
1.11823,0.540193,-2.25006,0
1.11832,0.548817,-2.24283,0
1.11841,0.560291,-2.2472,0
1.11849,0.571568,-2.25055,0
1.11858,0.578378,-2.23642,0
1.11867,0.590676,-2.24355,0
1.11876,0.602531,-2.24868,0
1.11884,0.607076,-2.22673,0
1.11893,0.623734,-2.24911,0
1.11902,0.631099,-2.23771,0
1.11911,0.640857,-2.23493,0
1.11919,0.652561,-2.23884,0
1.11928,0.663176,-2.23884,0
1.11937,0.677549,-2.25125,0
1.11945,0.682103,-2.23106,0
1.11954,0.693314,-2.23284,0
1.11963,0.705155,-2.23647,0
1.11972,0.716126,-2.23718,0
1.1198,0.727735,-2.23974,0
1.11989,0.737814,-2.23749,0
1.11998,0.747887,-2.2352,0
1.12006,0.757954,-2.23286,0
1.12015,0.771271,-2.23993,0
1.12024,0.782686,-2.24127,0
1.12033,0.794126,-2.24254,0
1.12041,0.803228,-2.23718,0
1.1205,0.816744,-2.24399,0
1.12059,0.824797,-2.23571,0
1.12068,0.835595,-2.2349,0
1.12076,0.845693,-2.23217,0
1.12085,0.854708,-2.22659,0
1.12094,0.869126,-2.23495,0
1.12102,0.876304,-2.22463,0
1.12111,0.895267,-2.244,0
1.1212,0.903551,-2.23637,0
1.12129,0.907999,-2.21945,0
1.12137,0.924946,-2.23302,0
1.12146,0.933907,-2.22712,0
1.12155,0.946351,-2.22946,0
1.12164,0.954096,-2.22072,0
1.12172,0.967764,-2.2257,0
1.12181,0.980688,-2.22878,0
1.1219,0.993251,-2.23088,0
1.12198,1.00256,-2.22561,0
1.12207,1.01641,-2.23031,0
1.12216,1.02446,-2.22223,0
1.12225,1.03668,-2.22317,0
1.12233,1.0468,-2.21953,0
1.12242,1.05518,-2.21224,0
1.12251,1.07308,-2.22472,0
1.1226,1.08453,-2.22362,0
1.12268,1.09378,-2.21797,0
1.12277,1.10746,-2.22123,0
1.12286,1.12165,-2.2253,0
1.12294,1.13271,-2.22306,0
1.12303,1.14148,-2.21632,0
1.12312,1.16037,-2.22906,0
1.12321,1.16823,-2.22043,0
1.12329,1.18025,-2.21973,0
1.12338,1.18945,-2.21368,0
1.12347,1.2053,-2.21989,0
1.12356,1.2169,-2.21812,0
1.12364,1.22948,-2.21804,0
1.12373,1.24012,-2.2144,0
1.12382,1.24879,-2.20722,0
1.1239,1.26535,-2.21391,0
1.12399,1.2735,-2.20577,0
1.12408,1.29268,-2.2166,0
1.12417,1.30336,-2.21266,0
1.12425,1.31914,-2.21727,0
1.12434,1.32622,-2.20721,0
1.12443,1.34103,-2.20995,0
1.12452,1.35066,-2.20407,0
1.1246,1.365,-2.20581,0
1.12469,1.38097,-2.21001,0
1.12478,1.39007,-2.20312,0
1.12486,1.40719,-2.20884,0
1.12495,1.41573,-2.201,0
1.12504,1.43458,-2.20906,0
1.12513,1.43159,-2.18354,0
1.12521,1.44166,-2.17811,0
1.1253,1.44837,-2.16764,0
1.12539,1.46564,-2.17291,0
1.12548,1.47117,-2.16071,0
1.12556,1.48908,-2.16663,0
1.12565,1.53215,-2.20859,0
1.12574,1.69148,-2.41568,0
1.12582,1.7424,-2.46544,0
1.12591,1.75547,-2.46107,0
1.126,1.76736,-2.45501,0
1.12609,1.84682,-2.54193,0
1.12617,1.77984,-2.4274,0
1.12626,1.7809,-2.40675,0
1.12635,1.80395,-2.41578,0
1.12644,1.81869,-2.41348,0
1.12652,1.83646,-2.41507,0
1.12661,1.85063,-2.41179,0
1.1267,1.87767,-2.42504,0
1.12678,1.88269,-2.40974,0
1.12687,1.89938,-2.40935,0
1.12696,1.9161,-2.40887,0
1.12705,1.9291,-2.4036,0
1.12713,1.94712,-2.40449,0
1.12722,1.96328,-2.40294,0
1.12731,1.97375,-2.39435,0
1.1274,2.06603,-2.48413,0
1.12748,2.07813,-2.47662,0
1.12757,2.01785,-2.38357,0
1.12766,2.04901,-2.39908,0
1.12774,2.05162,-2.38103,0
1.12783,2.0679,-2.37884,0
1.12792,2.09079,-2.38408,0
1.12801,2.09719,-2.37044,0
1.12809,2.2034,-2.4687,0
1.12818,2.21482,-2.45981,0
1.12827,2.15426,-2.37166,0
1.12836,2.17135,-2.36961,0
1.12844,2.18574,-2.36452,0
1.12853,2.19331,-2.35203,0
1.12862,2.21588,-2.35555,0
1.1287,2.21375,-2.3328,0
1.12879,2.22321,-2.3224,0
1.12888,2.23611,-2.31555,0
1.12897,2.24061,-2.30005,0
1.12905,2.2324,-2.2717,0
1.12914,2.27467,-2.29461,0
1.12923,2.04,-2.04,0
1.12932,2.01835,-2.00081,0
1.1294,2.01636,-1.98147,0
1.12949,2.00994,-1.958,0
1.12958,2.01991,-1.9506,0
1.12966,2.01323,-1.92725,0
1.12975,2.01509,-1.91225,0
1.12984,2.01904,-1.89933,0
1.12993,2.01634,-1.88027,0
1.13001,2.01351,-1.86127,0
1.1301,2.01203,-1.84369,0
1.13019,2.01487,-1.83018,0
1.13028,2.01467,-1.81401,0
1.13036,2.00689,-1.79122,0
1.13045,2.01394,-1.78179,0
1.13054,2.00892,-1.76177,0
1.13062,2.01432,-1.75102,0
1.13071,2.01058,-1.73242,0
1.1308,2.01051,-1.71714,0
1.13089,2.00883,-1.7006,0
1.13097,2.01623,-1.69182,0
1.13106,2.01283,-1.67405,0
1.13115,2.01085,-1.65762,0
1.13124,2.008,-1.6406,0
1.13132,2.01669,-1.63309,0
1.13141,2.0082,-1.61175,0
1.1315,2.00974,-1.59862,0
1.13158,2.0112,-1.5855,0
1.13167,2.00391,-1.56563,0
1.13176,2.01547,-1.56054,0
1.13185,2.00956,-1.54199,0
1.13193,2.00752,-1.52655,0
1.13202,1.99419,-1.50273,0
1.13211,2.01115,-1.50179,0
1.1322,2.00562,-1.48408,0
1.13228,2.0024,-1.46822,0
1.13237,2.00474,-1.45653,0
1.13246,2.00215,-1.44134,0
1.13254,2.00354,-1.42911,0
1.13263,2.00404,-1.41631,0
1.13272,2.00201,-1.40182,0
1.13281,2.00318,-1.38965,0
1.13289,1.99603,-1.37184,0
1.13298,2.00365,-1.36424,0
1.13307,1.99798,-1.34765,0
1.13315,2.00384,-1.33892,0
1.13324,1.99799,-1.32244,0
1.13333,1.99705,-1.30932,0
1.13342,2.00023,-1.29896,0
1.1335,1.98738,-1.27832,0
1.13359,1.99546,-1.27125,0
1.13368,1.99592,-1.25933,0
1.13377,2.00139,-1.25061,0
1.13385,1.99663,-1.23555,0
1.13394,2.002,-1.22683,0
1.13403,1.99964,-1.21341,0
1.13411,1.99463,-1.19849,0
1.1342,1.99898,-1.18927,0
1.13429,1.99812,-1.17698,0
1.13438,2.00755,-1.17077,0
1.13446,1.99446,-1.1515,0
1.13455,1.99425,-1.13981,0
1.13464,1.99137,-1.12667,0
1.13473,1.99976,-1.11992,0
1.13481,1.99851,-1.10779,0
1.1349,2.00595,-1.1005,0
1.13499,1.99579,-1.08363,0
1.13507,1.99346,-1.07112,0
1.13516,1.99546,-1.06101,0
1.13525,2.00715,-1.05601,0
1.13534,2.00021,-1.04124,0
1.13542,2.00296,-1.03159,0
1.13551,2.00209,-1.02012,0
1.1356,1.99224,-1.00417,0
1.13569,2.00197,-0.998145,0
1.13577,1.99106,-0.981881,0
1.13586,1.99622,-0.973622,0
1.13595,1.99054,-0.960124,0
1.13603,1.99742,-0.952721,0
1.13612,1.9898,-0.938451,0
1.13621,1.99388,-0.92976,0
1.1363,1.99882,-0.92147,0
1.13638,1.99555,-0.909422,0
1.13647,1.99311,-0.897831,0
1.13656,1.99062,-0.886279,0
1.13665,1.99996,-0.880002,0
1.13673,1.98819,-0.864488,0
1.13682,1.98551,-0.853042,0
1.13691,1.99105,-0.845152,0
1.13699,1.99749,-0.837616,0
1.13708,1.99096,-0.824683,0
1.13717,1.99547,-0.816366,0
1.13726,1.98881,-0.803531,0
1.13734,1.99044,-0.794105,0
1.13743,1.99016,-0.783946,0
1.13752,1.98611,-0.772355,0
1.13761,1.99226,-0.764757,0
1.13769,1.97781,-0.749326,0
1.13778,1.9923,-0.744891,0
1.13787,1.98427,-0.732038,0
1.13795,1.99121,-0.724741,0
1.13804,1.9887,-0.714018,0
1.13813,1.9984,-0.707671,0
1.13822,1.9892,-0.694658,0
1.1383,1.97992,-0.68174,0
1.13839,1.98571,-0.674059,0
1.13848,1.98958,-0.665705,0
1.13857,1.98582,-0.654826,0
1.13865,1.98676,-0.645537,0
1.13874,1.99336,-0.638081,0
1.13883,1.99041,-0.627573,0
1.13891,1.99217,-0.618586,0
1.139,1.98338,-0.606379,0
1.13909,1.986,-0.597719,0
1.13918,1.99339,-0.590468,0
1.13926,1.99306,-0.580925,0
1.13935,1.98885,-0.570294,0
1.13944,1.98747,-0.560525,0
1.13953,1.98604,-0.550778,0
1.13961,1.99036,-0.542633,0
1.1397,1.98691,-0.532391,0
1.13979,1.98728,-0.523207,0
1.13987,1.98373,-0.513029,0
1.13996,1.97723,-0.502153,0
1.14005,1.99202,-0.496666,0
1.14014,1.99028,-0.487018,0
1.14022,1.99919,-0.479964,0
1.14031,1.99153,-0.468944,0
1.1404,1.99064,-0.459575,0
1.14049,1.9897,-0.450223,0
1.14057,1.98676,-0.440455,0
1.14066,1.99355,-0.432842,0
1.14075,1.99053,-0.4231,0
1.14083,1.99138,-0.414207,0
1.14092,1.99513,-0.405913,0
1.14101,1.98609,-0.395058,0
1.1411,1.98191,-0.385243,0
1.14118,1.98946,-0.377711,0
1.14127,1.98716,-0.368298,0
1.14136,1.98973,-0.359802,0
1.14145,1.98242,-0.349554,0
1.14153,1.97407,-0.339207,0
1.14162,1.9775,-0.330921,0
1.14171,1.99275,-0.324539,0
1.14179,1.98229,-0.313964,0
1.14188,1.98759,-0.30592,0
1.14197,1.97605,-0.295323,0
1.14206,1.98524,-0.287846,0
1.14214,1.98549,-0.279042,0
1.14223,1.98669,-0.270376,0
1.14232,1.98686,-0.261575,0
1.14241,1.97905,-0.251767,0
1.14249,1.98211,-0.243373,0
1.14258,1.98018,-0.23437,0
1.14267,1.98416,-0.226067,0
1.14275,1.97718,-0.216536,0
1.14284,1.98407,-0.208534,0
1.14293,1.97999,-0.199374,0
1.14302,1.97387,-0.190062,0
1.1431,1.96771,-0.180807,0
1.14319,1.98243,-0.17344,0
1.14328,1.98117,-0.164623,0
1.14337,1.98387,-0.156134,0
1.14345,1.98652,-0.147624,0
1.14354,1.98016,-0.138467,0
1.14363,1.97676,-0.129564,0
1.14371,1.9813,-0.121181,0
1.1438,1.97981,-0.112422,0
1.14389,1.98627,-0.104096,0
1.14398,1.98172,-0.0951887,0
1.14406,1.98211,-0.0865409,0
1.14415,1.98047,-0.077813,0
1.14424,1.98979,-0.0694849,0
1.14433,1.97808,-0.0604358,0
1.14441,1.98332,-0.0519351,0
1.1445,1.98353,-0.0432808,0
1.14459,1.9837,-0.0346256,0
1.14467,1.97183,-0.0258127,0
1.14476,1.97392,-0.0172262,0
1.14485,1.97698,-0.00862631,0
1.14494,1.976,-4.78476e-08,0
1.14502,1.96498,0.00857386,0
1.14511,1.91893,0.0167462,0
1.1452,1.73985,0.0227759,0
1.14529,1.67974,0.02932,0
1.14537,1.6796,0.036649,0
1.14546,1.67143,0.0437678,0
1.14555,1.66322,0.050816,0
1.14563,1.65399,0.0577586,0
1.14572,1.65672,0.0650927,0
1.14581,1.65442,0.0722337,0
1.1459,1.65609,0.0795477,0
1.14598,1.65673,0.0868253,0
1.14607,1.64934,0.0936564,0
1.14616,1.64792,0.100791,0
1.14624,1.64148,0.107588,0
1.14633,1.64399,0.114959,0
1.14642,1.65942,0.123316,0
1.14651,1.65289,0.130085,0
1.14659,1.65829,0.137793,0
1.14668,1.65368,0.144678,0
1.14677,1.66499,0.152991,0
1.14686,1.66032,0.159871,0
1.14694,1.66757,0.167915,0
1.14703,1.66682,0.17519,0
1.14712,1.673,0.183223,0
1.1472,1.67715,0.191087,0
1.14729,1.70411,0.201694,0
1.14738,1.8382,0.225702,0
1.14747,1.95524,0.248738,0
1.14755,1.97694,0.260269,0
1.14764,1.97678,0.269028,0
1.14773,1.96568,0.276259,0
1.14782,1.95357,0.283254,0
1.1479,1.96122,0.293106,0
1.14799,1.9698,0.303182,0
1.14808,1.96945,0.31193,0
1.14816,1.97004,0.320842,0
1.14825,1.95975,0.32795,0
1.14834,1.96914,0.33836,0
1.14843,1.97355,0.347991,0
1.14851,1.97792,0.357666,0
1.1486,1.97733,0.366476,0
1.14869,1.97767,0.375473,0
1.14878,1.98289,0.385434,0
1.14886,1.98315,0.394473,0
1.14895,1.96965,0.40073,0
1.14904,1.97767,0.411356,0
1.14912,1.97879,0.420605,0
1.14921,1.97596,0.429023,0
1.1493,1.97505,0.437857,0
1.14939,1.96239,0.444043,0
1.14947,1.97212,0.455301,0
1.14956,1.97693,0.465506,0
1.14965,1.97683,0.474594,0
1.14974,1.9796,0.484404,0
1.14982,1.97552,0.492553,0
1.14991,1.98208,0.503383,0
1.15,1.97793,0.511526,0
1.15008,1.97374,0.519642,0
1.15017,1.96952,0.527732,0
1.15026,1.9672,0.536321,0
1.15035,1.96966,0.546235,0
1.15043,1.9663,0.554553,0
1.15052,1.97347,0.565883,0
1.15061,1.97866,0.576728,0
1.1507,1.96942,0.583367,0
1.15078,1.96972,0.59282,0
1.15087,1.9719,0.60287,0
1.15096,1.97785,0.614138,0
1.15104,1.97038,0.621258,0
1.15113,1.97146,0.631069,0
1.15122,1.97915,0.643064,0
1.15131,1.97822,0.65232,0
1.15139,1.982,0.663167,0
1.15148,1.98192,0.672773,0
1.15157,1.97235,0.679135,0
1.15166,1.97503,0.689713,0
1.15174,1.97106,0.69799,0
1.15183,1.97176,0.707935,0
1.15192,1.9696,0.716874,0
1.152,1.98052,0.730653,0
1.15209,1.97076,0.736836,0
1.15218,1.97688,0.748971,0
1.15227,1.97546,0.758307,0
1.15235,1.98611,0.772355,0
1.15244,1.979,0.779548,0
1.15253,1.95793,0.781135,0
1.15262,1.96192,0.792667,0
1.1527,1.9714,0.806522,0
1.15279,1.97618,0.81856,0
1.15288,1.97074,0.826401,0
1.15296,1.96988,0.836165,0
1.15305,1.97356,0.84791,0
1.15314,1.96893,0.856114,0
1.15323,1.96975,0.866711,0
1.15331,1.97691,0.880178,0
1.1534,1.97305,0.888796,0
1.15349,1.97098,0.898225,0
1.15358,1.96522,0.90598,0
1.15366,1.97213,0.919617,0
1.15375,1.9699,0.929067,0
1.15384,1.97305,0.941097,0
1.15392,1.96622,0.948394,0
1.15401,1.97106,0.961348,0
1.1541,1.96415,0.968612,0
1.15419,1.9608,0.977619,0
1.15427,1.96545,0.990667,0
1.15436,1.97091,1.00423,0
1.15445,1.97451,1.01694,0
1.15454,1.96562,1.02323,0
1.15462,1.96644,1.0346,0
1.15471,1.96809,1.04645,0
1.1548,1.96615,1.05645,0
1.15488,1.9624,1.0655,0
1.15497,1.97001,1.08078,0
1.15506,1.9609,1.08694,0
1.15515,1.96224,1.09891,0
1.15523,1.96526,1.11189,0
1.15532,1.96473,1.12294,0
1.15541,1.96241,1.133,0
1.1555,1.9635,1.14508,0
1.15558,1.97055,1.16074,0
1.15567,1.96804,1.17086,0
1.15576,1.96891,1.18304,0
1.15584,1.96801,1.19422,0
1.15593,1.96448,1.20384,0
1.15602,1.96516,1.21608,0
1.15611,1.96408,1.22729,0
1.15619,1.96716,1.24119,0
1.15628,1.96004,1.24868,0
1.15637,1.96046,1.26101,0
1.15646,1.9692,1.27881,0
1.15654,1.97029,1.29178,0
1.15663,1.96797,1.30257,0
1.15672,1.96643,1.31392,0
1.1568,1.96399,1.32473,0
1.15689,1.96563,1.33835,0
1.15698,1.96884,1.35314,0
1.15707,1.97277,1.36856,0
1.15715,1.96678,1.37716,0
1.15724,1.97137,1.39323,0
1.15733,1.95469,1.39427,0
1.15742,1.96482,1.41447,0
1.1575,1.96348,1.42655,0
1.15759,1.96047,1.43747,0
1.15768,1.959,1.44958,0
1.15776,1.95586,1.46051,0
1.15785,1.96065,1.47746,0
1.15794,1.95737,1.48842,0
1.15803,1.96038,1.50425,0
1.15811,1.96012,1.51769,0
1.1582,1.95978,1.53115,0
1.15829,1.96329,1.54773,0
1.15837,1.95887,1.55815,0
1.15846,1.95751,1.57107,0
1.15855,1.95918,1.58652,0
1.15864,1.95999,1.60138,0
1.15872,1.95838,1.61437,0
1.15881,1.95824,1.62865,0
1.1589,1.96184,1.64618,0
1.15899,1.95845,1.65795,0
1.15907,1.96109,1.67493,0
1.15916,1.96285,1.6913,0
1.15925,1.96074,1.70444,0
1.15933,1.9608,1.71957,0
1.15942,1.96077,1.73474,0
1.15951,1.95915,1.74861,0
1.1596,1.95076,1.75647,0
1.15968,1.94085,1.76295,0
1.15977,1.95895,1.79504,0
1.15986,1.95624,1.80833,0
1.15995,1.95198,1.82025,0
1.16003,1.96005,1.84383,0
1.16012,1.95126,1.85167,0
1.16021,1.9605,1.87677,0
1.16029,1.95373,1.88669,0
1.16038,1.95909,1.90846,0
1.16047,1.9593,1.9254,0
1.16056,1.95656,1.93956,0
1.16064,1.95586,1.95586,0
1.16073,1.9642,1.98142,0
1.16082,1.95343,1.98783,0
1.16091,1.95451,2.00636,0
1.16099,1.95407,2.0235,0
1.16108,1.95629,2.04357,0
1.16117,1.95424,2.05934,0
1.16125,1.95825,2.08168,0
1.16134,1.95256,2.09387,0
1.16143,1.95698,2.11705,0
1.16152,1.95178,2.12999,0
1.1616,1.95659,2.15403,0
1.16169,1.95319,2.16924,0
1.16178,1.94837,2.18296,0
1.16187,1.95009,2.20418,0
1.16195,1.95562,2.22996,0
1.16204,1.94784,2.24073,0
1.16213,1.95371,2.26739,0
1.16221,1.94964,2.28274,0
1.1623,1.94871,2.30191,0
1.16239,1.95407,2.32877,0
1.16248,1.95221,2.34727,0
1.16256,1.95403,2.37043,0
1.16265,1.95569,2.39365,0
1.16274,1.95341,2.41226,0
1.16283,1.95288,2.43324,0
1.16291,1.95656,2.45974,0
1.163,1.95758,2.48317,0
1.16309,1.9578,2.50587,0
1.16317,1.95787,2.52863,0
1.16326,1.95656,2.54984,0
1.16335,1.96297,2.58143,0
1.16344,1.9571,2.59716,0
1.16352,1.95712,2.6209,0
1.16361,1.95518,2.64228,0
1.1637,1.95723,2.66933,0
1.16379,1.95497,2.69079,0
1.16387,1.95256,2.71228,0
1.16396,1.95174,2.73624,0
1.16405,1.95421,2.76515,0
1.16413,1.95245,2.78839,0
1.16422,1.94882,2.80921,0
1.16431,1.9507,2.83829,0
1.1644,1.9535,2.86909,0
1.16448,1.95718,2.90163,0
1.16457,1.96116,2.93509,0
1.16466,1.95606,2.95529,0
1.16475,1.94918,2.973,0
1.16483,1.92312,2.96135,0
1.16492,1.9091,2.96803,0
1.16501,1.88807,2.96368,0
1.16509,1.87245,2.96766,0
1.16518,1.85366,2.96647,0
1.16527,1.83596,2.96688,0
1.16536,1.81568,2.96292,0
1.16544,1.79755,2.96227,0
1.16553,1.78615,2.97266,0
1.16562,1.76601,2.96839,0
1.16571,1.74542,2.96314,0
1.16579,1.72744,2.96209,0
1.16588,1.7065,2.95574,0
1.16597,1.69259,2.96143,0
1.16605,1.67916,2.96791,0
1.16614,1.65887,2.96212,0
1.16623,1.64157,2.96146,0
1.16632,1.62526,2.96246,0
1.1664,1.59514,2.93789,0
1.16649,1.52172,2.83206,0
1.16658,1.47931,2.78217,0
1.16667,1.46343,2.78152,0
1.16675,1.44851,2.78255,0
1.16684,1.43177,2.77996,0
1.16693,1.41963,2.78618,0
1.16701,1.40341,2.78431,0
1.1671,1.38946,2.78683,0
1.16719,1.37419,2.78658,0
1.16728,1.35939,2.78716,0
1.16736,1.34852,2.79577,0
1.16745,1.32942,2.78718,0
1.16754,1.31298,2.78391,0
1.16763,1.3042,2.79687,0
1.16771,1.29366,2.80616,0
1.1678,1.27974,2.80814,0
1.16789,1.26994,2.81917,0
1.16797,1.25682,2.82286,0
1.16806,1.25697,2.85669,0
1.16815,1.25367,2.88324,0
1.16824,1.25055,2.91073,0
1.16832,1.24917,2.94285,0
1.16841,1.23902,2.95473,0
1.1685,1.22306,2.95272,0
1.16859,1.2094,2.95618,0
1.16867,1.19425,2.95586,0
1.16876,1.17763,2.95176,0
1.16885,1.16218,2.95035,0
1.16893,1.15219,2.96285,0
1.16902,1.13423,2.95478,0
1.16911,1.12027,2.9569,0
1.1692,1.10596,2.95801,0
1.16928,1.08715,2.94686,0
1.16937,1.07258,2.94688,0
1.16946,1.06444,2.9647,0
1.16955,1.04648,2.95518,0
1.16963,1.03127,2.95311,0
1.16972,1.01577,2.95002,0
1.16981,1.00353,2.95632,0
1.16989,0.987769,2.95213,0
1.16998,0.973313,2.95166,0
1.17007,0.961352,2.95874,0
1.17016,0.944165,2.94957,0
1.17024,0.932188,2.95652,0
1.17033,0.917203,2.95388,0
1.17042,0.902552,2.95211,0
1.17051,0.887356,2.94836,0
1.17059,0.875619,2.95604,0
1.17068,0.861034,2.95407,0
1.17077,0.847034,2.95396,0
1.17085,0.830608,2.94511,0
1.17094,0.817215,2.94678,0
1.17103,0.805665,2.95514,0
1.17112,0.791728,2.95477,0
1.1712,0.776027,2.94756,0
1.17129,0.76391,2.95382,0
1.17138,0.748306,2.94646,0
1.17146,0.734959,2.94776,0
1.17155,0.721614,2.94899,0
1.17164,0.709907,2.95698,0
1.17173,0.694248,2.94837,0
1.17181,0.681377,2.95137,0
1.1719,0.667831,2.95139,0
1.17199,0.652349,2.94256,0
1.17208,0.639928,2.94733,0
1.17216,0.626646,2.94814,0
1.17225,0.613369,2.94888,0
1.17234,0.598702,2.94271,0
1.17242,0.587027,2.95118,0
1.17251,0.572809,2.94684,0
1.1726,0.559199,2.94539,0
1.17269,0.545978,2.94583,0
1.17277,0.534543,2.95606,0
1.17286,0.52025,2.95048,0
1.17295,0.505339,2.9409,0
1.17304,0.492667,2.94406,0
1.17312,0.479174,2.94224,0
1.17321,0.466331,2.9443,0
1.1733,0.453176,2.94433,0
1.17338,0.440768,2.94925,0
1.17347,0.42646,2.94124,0
1.17356,0.413762,2.94407,0
1.17365,0.401182,2.94783,0
1.17373,0.387141,2.94063,0
1.17382,0.374559,2.94427,0
1.17391,0.361586,2.94488,0
1.174,0.347206,2.93352,0
1.17408,0.334742,2.93799,0
1.17417,0.322246,2.94241,0
1.17426,0.309927,2.94876,0
1.17434,0.296657,2.9461,0
1.17443,0.283224,2.9414,0
1.17452,0.270753,2.94659,0
1.17461,0.257284,2.94077,0
1.17469,0.244616,2.94385,0
1.17478,0.231454,2.94091,0
1.17487,0.218546,2.94089,0
1.17496,0.20613,2.9478,0
1.17504,0.193136,2.94668,0
1.17513,0.180215,2.94649,0
1.17522,0.166847,2.93827,0
1.1753,0.154391,2.94596,0
1.17539,0.14144,2.9446,0
1.17548,0.128328,2.9392,0
1.17557,0.115031,2.92774,0
1.17565,0.102465,2.93421,0
1.17574,0.089875,2.94163,0
1.17583,0.0769342,2.93799,0
1.17592,0.0642668,2.9453,0
1.176,0.05138,2.94355,0
1.17609,0.0384312,2.93575,0
1.17618,0.0256125,2.93489,0
1.17626,0.0128457,2.94397,0
1.17635,1.07e-07,2.941,0
1.17644,-0.0128149,2.93697,0
1.17653,-0.0255861,2.93189,0
1.17661,-0.0384571,2.93775,0
1.1767,-0.05131,2.93955,0
1.17679,-0.0641138,2.9383,0
1.17688,-0.0769078,2.93699,0
1.17696,-0.0896915,2.93563,0
1.17705,-0.102674,2.94021,0
1.17714,-0.11511,2.92974,0
1.17722,-0.127979,2.93121,0
1.17731,-0.141152,2.93861,0
1.1774,-0.153868,2.93597,0
1.17749,-0.167074,2.94226,0
1.17757,-0.179788,2.93951,0
1.17766,-0.191827,2.92672,0
1.17775,-0.205433,2.93783,0
1.17784,-0.218546,2.94089,0
1.17792,-0.23114,2.93692,0
1.17801,-0.24387,2.93489,0
1.1781,-0.257022,2.93778,0
1.17818,-0.269564,2.93364,0
1.17827,-0.282649,2.93542,0
1.17836,-0.295254,2.93217,0
1.17845,-0.308463,2.93483,0
1.17853,-0.321701,2.93744,0
1.17862,-0.33327,2.92508,0
1.17871,-0.346265,2.92558,0
1.1788,-0.358661,2.92106,0
1.17888,-0.373296,2.93435,0
1.17897,-0.386227,2.93369,0
1.17906,-0.398889,2.93098,0
1.17914,-0.411396,2.92723,0
1.17923,-0.425025,2.93135,0
1.17932,-0.438403,2.93342,0
1.17941,-0.450133,2.92456,0
1.17949,-0.463672,2.92751,0
1.17958,-0.477245,2.93039,0
1.17967,-0.490026,2.92828,0
1.17976,-0.503476,2.93006,0
1.17984,-0.3789,2.14885,0
1.17993,-0.39628,2.19146,0
1.18002,-0.382695,2.06484,0
1.1801,-0.385732,2.03171,0
1.18019,-0.389632,2.00448,0
1.18028,-0.398374,2.00276,0
1.18037,-0.405714,1.99415,0
1.18045,-0.428462,2.05991,0
1.18054,-0.449089,2.1128,0
1.18063,-0.45406,2.09127,0
1.18072,-0.462964,2.0883,0
1.1808,-0.471189,2.08236,0
1.18089,-0.478921,2.07443,0
1.18098,-0.487738,2.07135,0
1.18106,-0.498873,2.07795,0
1.18115,-0.505795,2.06702,0
1.18124,-0.51239,2.05509,0
1.18133,-0.522583,2.05768,0
1.18141,-0.53406,2.06506,0
1.1815,-0.543575,2.06464,0
1.18159,-0.55232,2.06129,0
1.18168,-0.562098,2.06175,0
1.18176,-0.567881,2.04771,0
1.18185,-0.576811,2.04522,0
1.18194,-0.586832,2.04653,0
1.18202,-0.598554,2.05355,0
1.18211,-0.581947,1.96462,0
1.1822,-0.57034,1.89503,0
1.18229,-0.598777,1.95851,0
1.18237,-0.603462,1.94347,0
1.18246,-0.608628,1.93032,0
1.18255,-0.602412,1.88193,0
1.18264,-0.608454,1.87263,0
1.18272,-0.619125,1.87756,0
1.18281,-0.629532,1.88147,0
1.1829,-0.635486,1.87208,0
1.18298,-0.643323,1.86834,0
1.18307,-0.653117,1.87024,0
1.18316,-0.665611,1.87963,0
1.18325,-0.672792,1.87388,0
1.18333,-0.687118,1.88784,0
1.18342,-0.695349,1.88483,0
1.18351,-0.698664,1.86866,0
1.18359,-0.717439,1.89365,0
1.18368,-0.723545,1.8849,0
1.18377,-0.7314,1.88079,0
1.18386,-0.740699,1.88037,0
1.18394,-0.750749,1.88177,0
1.18403,-0.760451,1.88218,0
1.18412,-0.770171,1.88255,0
1.18421,-0.77723,1.8764,0
1.18429,-0.787343,1.8776,0
1.18438,-0.795138,1.87323,0
1.18447,-0.80133,1.86515,0
1.18455,-0.820227,1.88639,0
1.18464,-0.827242,1.88005,0
1.18473,-0.835437,1.87642,0
1.18482,-0.848134,1.88279,0
1.1849,-0.855097,1.87634,0
1.18499,-0.864114,1.87441,0
1.18508,-0.872284,1.87062,0
1.18517,-0.88513,1.87674,0
1.18525,-0.892449,1.87106,0
1.18534,-0.903646,1.87345,0
1.18543,-0.916634,1.87938,0
1.18551,-0.923056,1.87177,0
1.1856,-0.932107,1.86952,0
1.18569,-0.944306,1.87347,0
1.18578,-0.954288,1.8729,0
1.18586,-0.964282,1.87227,0
1.18595,-0.97706,1.87691,0
1.18604,-0.984775,1.87175,0
1.18613,-0.999974,1.88068,0
1.18621,-1.0271,1.91153,0
1.1863,-1.02971,1.89649,0
1.18639,-1.01922,1.85778,0
1.18647,-1.03798,1.87256,0
1.18656,-1.04565,1.86714,0
1.18665,-1.05576,1.86604,0
1.18674,-1.06984,1.87184,0
1.18682,-1.083,1.87581,0
1.18691,-1.09672,1.88057,0
1.187,-1.09628,1.86112,0
1.18709,-1.10337,1.8546,0
1.18717,-1.10682,1.84205,0
1.18726,-1.10914,1.8278,0
1.18735,-1.10456,1.80248,0
1.18743,-1.10347,1.78319,0
1.18752,-1.10541,1.76903,0
1.18761,-1.11045,1.75996,0
1.1877,-1.10308,1.73148,0
1.18778,-1.09926,1.70899,0
1.18787,-1.10344,1.69915,0
1.18796,-1.10591,1.68679,0
1.18805,-1.10222,1.66527,0
1.18813,-1.10614,1.65546,0
1.18822,-1.0949,1.62326,0
1.18831,-1.10197,1.61846,0
1.18839,-1.10393,1.60622,0
1.18848,-1.10465,1.59235,0
1.18857,-1.10471,1.57769,0
1.18866,-1.09831,1.55407,0
1.18874,-1.09637,1.53705,0
1.18883,-1.10189,1.53063,0
1.18892,-1.10739,1.52419,0
1.18901,-1.09984,1.49999,0
1.18909,-1.10459,1.49276,0
1.18918,-1.10391,1.47831,0
1.18927,-1.10132,1.4615,0
1.18935,-1.10466,1.4527,0
1.18944,-1.10308,1.43756,0
1.18953,-1.10566,1.42799,0
1.18962,-1.10696,1.41684,0
1.1897,-1.10075,1.39629,0
1.18979,-1.09749,1.37974,0
1.18988,-1.101,1.37182,0
1.18997,-1.10572,1.36545,0
1.19005,-1.1047,1.35209,0
1.19014,-1.10232,1.33723,0
1.19023,-1.09664,1.31856,0
1.19031,-1.10174,1.313,0
1.1904,-1.10229,1.30207,0
1.19049,-1.10406,1.29269,0
1.19058,-1.10186,1.27877,0
1.19066,-1.10349,1.26942,0
1.19075,-1.1077,1.26309,0
1.19084,-1.10724,1.25151,0
1.19093,-1.10803,1.24144,0
1.19101,-1.11143,1.23436,0
1.1911,-1.11344,1.2258,0
1.19119,-1.10324,1.20397,0
1.19127,-1.1078,1.19841,0
1.19136,-1.11098,1.19138,0
1.19145,-0.0397406,0.0422455,0
1.19154,-1.0938,1.15262,0
1.19162,-0.028352,0.0296169,0
1.19171,-0.0340383,0.0352476,0
1.1918,-0.0286094,0.0293684,0
1.19189,-0.0511664,0.0520673,0
1.19197,-1.11798,1.12777,0
1.19206,-1.11299,1.11299,0
