7200
185
0.15708
0.172788,-0.0275772,-0.0275772,0
0.172875,-0.047169,-0.0475824,0
0.172962,-0.0371482,-0.0378023,0
0.173049,-0.0572188,-0.0587368,0
0.173137,-0.059046,-0.0611439,0
0.173224,-0.0698428,-0.0729588,0
0.173311,-0.0502499,-0.0529523,0
0.173398,-0.0596109,-0.0633683,0
0.173486,-0.0647898,-0.0694786,0
0.173573,-0.0488737,-0.0528712,0
0.17366,-0.0628299,-0.0685668,0
0.173748,-0.0584959,-0.064399,0
0.173835,-0.0655748,-0.0728282,0
0.173922,-0.0552682,-0.0619228,0
0.174009,-0.0583106,-0.0659081,0
0.174097,-0.0606598,-0.0691693,0
0.174184,-0.0498605,-0.0573579,0
0.174271,-0.0594011,-0.0689384,0
0.174358,-0.0668932,-0.0783218,0
0.174446,-0.052336,-0.0618218,0
0.174533,-0.0662071,-0.0789026,0
0.17462,-0.0639439,-0.0768842,0
0.174707,-0.0636078,-0.0771625,0
0.174795,-0.0676995,-0.08286,0
0.174882,-0.0623027,-0.0769375,0
0.174969,-0.0707294,-0.0881269,0
0.175057,-0.0603839,-0.075913,0
0.175144,-0.0625285,-0.079317,0
0.175231,-0.0591035,-0.075649,0
0.175318,-0.0642828,-0.0830224,0
0.175406,-0.0541798,-0.0706084,0
0.175493,-0.07203,-0.0947242,0
0.17558,-0.0884668,-0.117399,0
0.175667,-0.111288,-0.149033,0
0.175755,-0.137999,-0.186495,0
0.175842,-0.157288,-0.214514,0
0.175929,-0.150473,-0.207108,0
0.176016,-0.081795,-0.11362,0
0.176104,-0.100462,-0.140842,0
0.176191,-0.159869,-0.22621,0
0.176278,-0.196163,-0.28015,0
0.176366,-0.281008,-0.405072,0
0.176453,-0.0668359,-0.0972469,0
0.17654,-0.072039,-0.105803,0
0.176627,-0.238775,-0.353999,0
0.176715,-0.247784,-0.370835,0
0.176802,-0.322331,-0.486989,0
0.176889,-0.293337,-0.447413,0
0.176976,-0.294105,-0.452882,0
0.177064,-0.308896,-0.480233,0
0.177151,-0.301425,-0.473143,0
0.177238,-0.300959,-0.47699,0
0.177325,-0.299934,-0.479995,0
0.177413,-0.300468,-0.485551,0
0.1775,-0.305139,-0.497942,0
0.177587,-0.302964,-0.499269,0
0.177675,-0.306448,-0.510015,0
0.177762,-0.306265,-0.514784,0
0.177849,-0.305538,-0.518701,0
0.177936,-0.305287,-0.523484,0
0.178024,-0.3065,-0.530874,0
0.178111,-0.306166,-0.535679,0
0.178198,-0.311704,-0.550935,0
0.178285,-0.310763,-0.554907,0
0.178373,-0.309793,-0.558882,0
0.17846,-0.30158,-0.549708,0
0.178547,-0.302042,-0.556291,0
0.178634,-0.306238,-0.569936,0
0.178722,-0.307973,-0.579214,0
0.178809,-0.312427,-0.593827,0
0.178896,-0.306139,-0.588088,0
0.178984,-0.313186,-0.608088,0
0.179071,-0.307806,-0.604102,0
0.179158,-0.308768,-0.612584,0
0.179245,-0.309661,-0.621084,0
0.179333,-0.314025,-0.63678,0
0.17942,-0.305983,-0.627358,0
0.179507,-0.297161,-0.616078,0
0.179594,-0.296192,-0.620979,0
0.179682,-0.288787,-0.612316,0
0.179769,-0.289071,-0.619915,0
0.179856,-0.290131,-0.629343,0
0.179943,-0.288212,-0.632423,0
0.180031,-0.289557,-0.642792,0
0.180118,-0.29163,-0.655012,0
0.180205,-0.289575,-0.658109,0
0.180293,-0.283909,-0.652947,0
0.18038,-0.281847,-0.656017,0
0.180467,-0.280154,-0.660002,0
0.180554,-0.274952,-0.655685,0
0.180642,-0.271705,-0.655954,0
0.180729,-0.265054,-0.647878,0
0.180816,-0.255856,-0.633267,0
0.180903,-0.256796,-0.643665,0
0.180991,-0.254718,-0.64664,0
0.181078,-0.249357,-0.641221,0
0.181165,-0.247632,-0.645104,0
0.181252,-0.245169,-0.647114,0
0.18134,-0.240943,-0.64443,0
0.181427,-0.240205,-0.651105,0
0.181514,-0.236336,-0.649328,0
0.181602,-0.231811,-0.645647,0
0.181689,-0.22799,-0.643824,0
0.181776,-0.22386,-0.641036,0
0.181863,-0.219759,-0.638225,0
0.181951,-0.214722,-0.632549,0
0.182038,-0.216402,-0.646757,0
0.182125,-0.212012,-0.642946,0
0.182212,-0.208586,-0.641963,0
0.1823,-0.204259,-0.638105,0
0.182387,-0.199669,-0.633268,0
0.182474,-0.200462,-0.645593,0
0.182561,-0.195304,-0.638812,0
0.182649,-0.19021,-0.631997,0
0.182736,-0.188586,-0.636656,0
0.182823,-0.183568,-0.629793,0
0.182911,-0.182196,-0.635394,0
0.182998,-0.179694,-0.637145,0
0.183085,-0.175843,-0.634069,0
0.183172,-0.173338,-0.635795,0
0.18326,-0.169268,-0.631715,0
0.183347,-0.165746,-0.629547,0
0.183434,-0.161745,-0.625423,0
0.183521,-0.159507,-0.628062,0
0.183609,-0.157491,-0.631663,0
0.183696,-0.152357,-0.62263,0
0.183783,-0.151506,-0.631068,0
0.18387,-0.146001,-0.620043,0
0.183958,-0.143069,-0.619699,0
0.184045,-0.139922,-0.618367,0
0.184132,-0.139171,-0.627758,0
0.18422,-0.135794,-0.625428,0
0.184307,-0.131192,-0.617211,0
0.184394,-0.127683,-0.613862,0
0.184481,-0.127396,-0.626172,0
0.184569,-0.124663,-0.626722,0
0.184656,-0.121164,-0.623333,0
0.184743,-0.116018,-0.611084,0
0.18483,-0.115355,-0.6224,0
0.184918,-0.111215,-0.615025,0
0.185005,-0.109051,-0.618459,0
0.185092,-0.104997,-0.611045,0
0.185179,-0.10332,-0.617415,0
0.185267,-0.0996604,-0.611938,0
0.185354,-0.097928,-0.618293,0
0.185441,-0.0938601,-0.609819,0
0.185529,-0.0904594,-0.605278,0
0.185616,-0.0853781,-0.588843,0
0.185703,-0.0851739,-0.606044,0
0.18579,-0.0827985,-0.608392,0
0.185878,-0.0804041,-0.61073,0
0.185965,-0.0758456,-0.596195,0
0.186052,-0.0744622,-0.606446,0
0.186139,-0.0719329,-0.607758,0
0.186227,-0.0692804,-0.608066,0
0.186314,-0.0666265,-0.608362,0
0.186401,-0.0636578,-0.605664,0
0.186488,-0.0601128,-0.596981,0
0.186576,-0.0572199,-0.594252,0
0.186663,-0.0546265,-0.594496,0
0.18675,-0.0522063,-0.596721,0
0.186838,-0.0496021,-0.596943,0
0.186925,-0.0505277,-0.642015,0
0.187012,-0.054618,-0.734973,0
0.187099,-0.04011,-0.573599,0
0.187187,-0.0640297,-0.976904,0
0.187274,-0.0604991,-0.989152,0
0.187361,-0.0561259,-0.988408,0
0.187448,-0.0522836,-0.997631,0
0.187536,-0.0477383,-0.993854,0
0.187623,-0.043096,-0.98706,0
0.18771,-0.0387102,-0.98524,0
0.187797,-0.0345505,-0.989397,0
0.187885,-0.0296224,-0.969548,0
0.187972,-0.0251822,-0.96167,0
0.188059,-0.0207896,-0.952773,0
0.188146,-0.0168416,-0.964853,0
0.188234,-0.0125137,-0.955918,0
0.188321,-0.0084473,-0.967963,0
0.188408,-0.00418442,-0.958991,0
0.188496,-1.14802e-08,-0.953,0
0.188583,0.0041495,-0.950991,0
0.18867,0.00829892,-0.950964,0
0.188757,0.0123173,-0.940919,0
0.188845,0.0167543,-0.959854,0
0.188932,0.0206805,-0.947774,0
0.189019,0.024999,-0.954673,0
0.189106,0.0290727,-0.951556,0
0.189194,0.0337478,-0.966411,0
0.189281,0.0378857,-0.964256,0
0.189368,0.0423108,-0.969077,0
0.189455,0.0464428,-0.966885,0
0.189543,0.0509752,-0.972665,0
0.18963,0.0557857,-0.982417,0
0.189717,0.0595834,-0.97418,0
0.189805,0.0644221,-0.982891,0
0.189892,0.0685706,-0.980605,0
0.189979,0.0737379,-0.992264,0
0.190066,0.0783022,-0.994924,0
0.190154,0.0834707,-1.00454,0
0.190241,0.087853,-1.00416,0
0.190328,0.0905866,-0.985847,0
0.190415,0.0969,-1.00635,0
0.190503,0.100789,-1.00094,0
0.19059,0.106096,-1.00944,0
0.190677,0.111371,-1.01692,0
0.190764,0.117165,-1.02835,0
0.190852,0.123062,-1.03974,0
0.190939,0.133447,-1.08684,0
0.191026,0.318652,-2.50481,0
0.191114,0.329318,-2.50142,0
0.191201,0.341443,-2.50887,0
0.191288,0.351412,-2.50043,0
0.191375,0.362175,-2.49788,0
0.191463,0.373662,-2.50023,0
0.19155,0.38472,-2.49957,0
0.191637,0.396405,-2.5028,0
0.191724,0.405714,-2.49118,0
0.191812,0.418066,-2.49826,0
0.191899,0.428962,-2.49641,0
0.191986,0.443324,-2.51421,0
0.192073,0.452866,-2.50438,0
0.192161,0.464336,-2.50533,0
0.192248,0.475263,-2.50328,0
0.192335,0.487708,-2.50904,0
0.192423,0.498066,-2.50394,0
0.19251,0.508189,-2.49783,0
0.192597,0.521527,-2.50734,0
0.192684,0.533501,-2.50993,0
0.192772,0.544872,-2.50953,0
0.192859,0.556899,-2.51201,0
0.192946,0.567413,-2.50761,0
0.193033,0.577449,-2.50121,0
0.193121,0.591795,-2.51327,0
0.193208,0.60509,-2.52038,0
0.193295,0.613705,-2.50801,0
0.193382,0.621497,-2.49269,0
0.19347,0.634337,-2.49771,0
0.193557,0.647733,-2.5046,0
0.193644,0.65891,-2.50271,0
0.193732,0.671377,-2.50561,0
0.193819,0.683618,-2.50748,0
0.193906,0.694552,-2.50448,0
0.193993,0.707645,-2.50912,0
0.194081,0.719689,-2.50985,0
0.194168,0.732313,-2.51245,0
0.194255,0.743836,-2.51115,0
0.194342,0.753633,-2.50405,0
0.19443,0.766599,-2.50743,0
0.194517,0.779608,-2.51075,0
0.194604,0.791458,-2.51018,0
0.194691,0.805147,-2.51528,0
0.194779,0.814569,-2.50698,0
0.194866,0.829884,-2.5167,0
0.194953,0.839905,-2.51021,0
0.195041,0.849564,-2.50274,0
0.195128,0.862756,-2.50562,0
0.195215,0.874669,-2.50467,0
0.195302,0.89093,-2.51591,0
0.19539,0.9019,-2.512,0
0.195477,0.914904,-2.51368,0
0.195564,0.926209,-2.5106,0
0.195651,0.938556,-2.51028,0
0.195739,0.953751,-2.51738,0
0.195826,0.96401,-2.51133,0
0.195913,0.977495,-2.51363,0
0.196,0.991752,-2.51771,0
0.196088,1.00532,-2.51986,0
0.196175,1.01369,-2.50896,0
0.196262,1.02765,-2.51192,0
0.19635,1.04052,-2.51203,0
0.196437,1.05224,-2.50931,0
0.196524,1.06435,-2.50746,0
0.196611,1.07805,-2.50922,0
0.196699,1.09297,-2.51366,0
0.196786,1.10594,-2.51345,0
0.196873,1.12056,-2.51682,0
0.19696,1.13317,-2.51555,0
0.197048,1.1487,-2.52059,0
0.197135,1.16346,-2.52373,0
0.197222,1.17403,-2.51772,0
0.197309,1.18799,-2.51891,0
0.197397,1.20026,-2.51641,0
0.197484,1.21341,-2.51565,0
0.197571,1.22919,-2.52022,0
0.197659,1.24593,-2.52649,0
0.197746,1.25872,-2.52461,0
0.197833,1.26883,-2.51731,0
0.19792,1.28207,-2.5162,0
0.198008,1.29624,-2.51681,0
0.198095,1.30998,-2.51645,0
0.198182,1.32654,-2.52133,0
0.198269,1.33236,-2.50581,0
0.198357,1.34896,-2.51054,0
0.198444,1.36563,-2.51517,0
0.198531,1.37899,-2.51358,0
0.198618,1.40158,-2.52853,0
0.198706,1.41358,-2.52413,0
0.198793,1.42458,-2.51794,0
0.19888,1.44002,-2.51951,0
0.198968,1.4555,-2.521,0
0.199055,1.468,-2.51722,0
0.199142,1.48506,-2.52113,0
0.199229,1.50474,-2.52923,0
0.199317,1.51988,-2.5295,0
0.199404,1.53297,-2.52626,0
0.199491,1.54346,-2.5187,0
0.199578,1.55707,-2.51619,0
0.199666,1.58234,-2.53227,0
0.199753,1.59231,-2.52365,0
0.19984,1.60868,-2.52511,0
0.199927,1.62184,-2.52144,0
0.200015,1.64209,-2.52859,0
0.200102,1.65365,-2.52224,0
0.200189,1.66851,-2.52084,0
0.200277,1.68671,-2.52434,0
0.200364,1.70386,-2.52608,0
0.200451,1.72049,-2.52688,0
0.200538,1.73207,-2.52018,0
0.200626,1.7516,-2.52492,0
0.200713,1.77006,-2.5279,0
0.2008,1.78569,-2.52669,0
0.200887,1.7996,-2.52294,0
0.200975,1.82052,-2.52886,0
0.201062,1.83624,-2.52737,0
0.201149,1.85671,-2.53224,0
0.201236,1.86774,-2.52411,0
0.201324,1.88771,-2.52796,0
0.201411,1.90414,-2.52688,0
0.201498,1.91697,-2.52094,0
0.201586,1.9383,-2.52604,0
0.201673,1.96154,-2.53337,0
0.20176,1.97997,-2.53424,0
0.201847,1.99782,-2.53422,0
0.201935,2.00885,-2.52548,0
0.202022,2.01297,-2.50811,0
0.202109,2.01005,-2.4822,0
0.202196,2.00504,-2.45405,0
0.202284,2.00937,-2.43756,0
0.202371,2.00656,-2.41263,0
0.202458,2.00871,-2.39389,0
0.202545,2.00363,-2.36678,0
0.202633,2.00679,-2.34965,0
0.20272,2.00071,-2.32194,0
0.202807,2.00557,-2.30715,0
0.202895,2.00309,-2.28409,0
0.202982,2.00045,-2.2611,0
0.203069,1.99764,-2.23817,0
0.203156,2.00873,-2.23092,0
0.203244,2.00365,-2.20585,0
0.203331,2.0065,-2.18971,0
0.203418,2.00382,-2.16772,0
0.203505,2.00576,-2.15091,0
0.203593,1.99457,-2.12029,0
0.20368,2.00036,-2.10794,0
0.203767,2.00539,-2.09486,0
0.203854,1.99714,-2.0681,0
0.203942,1.99638,-2.04934,0
0.204029,1.99829,-2.03348,0
0.204116,2.00011,-2.01764,0
0.204204,1.99616,-1.99616,0
0.204291,1.99988,-1.98251,0
0.204378,1.99853,-1.96395,0
0.204465,1.99705,-1.94544,0
0.204553,1.99545,-1.92698,0
0.20464,1.99517,-1.90996,0
0.204727,1.99405,-1.89229,0
0.204814,1.99865,-1.88014,0
0.204902,1.99586,-1.86117,0
0.204989,2.0069,-1.85516,0
0.205076,2.00318,-1.83558,0
0.205163,2.00377,-1.8201,0
0.205251,2.00426,-1.80465,0
0.205338,2.01435,-1.79788,0
0.205425,2.03416,-1.79968,0
0.205513,2.03824,-1.78749,0
0.2056,2.03847,-1.77202,0
0.205687,2.05603,-1.77159,0
0.205774,2.05234,-1.75286,0
0.205862,2.0737,-1.75552,0
0.205949,2.06755,-1.73488,0
0.206036,2.08664,-1.73544,0
0.206123,2.07721,-1.71232,0
0.206211,2.08854,-1.70641,0
0.206298,2.08664,-1.68973,0
0.206385,2.07527,-1.66558,0
0.206472,2.05591,-1.63535,0
0.20656,2.06067,-1.6245,0
0.206647,2.07562,-1.62165,0
0.206734,2.08347,-1.61319,0
0.206822,2.08414,-1.59922,0
0.206909,2.08871,-1.58829,0
0.206996,2.06847,-1.5587,0
0.207083,2.05361,-1.53351,0
0.207171,2.03858,-1.50847,0
0.207258,2.00885,-1.47295,0
0.207345,2.02012,-1.4677,0
0.207432,2.0265,-1.45887,0
0.20752,2.0418,-1.4564,0
0.207607,2.05549,-1.45267,0
0.207694,2.05116,-1.43624,0
0.207781,2.06726,-1.43411,0
0.207869,2.04795,-1.40752,0
0.207956,2.05408,-1.39857,0
0.208043,2.07674,-1.40078,0
0.208131,2.07701,-1.38781,0
0.208218,2.07471,-1.37322,0
0.208305,2.08486,-1.3669,0
0.208392,2.08074,-1.35125,0
0.20848,2.06896,-1.3308,0
0.208567,2.05113,-1.30671,0
0.208654,2.06273,-1.30149,0
0.208741,2.06245,-1.28876,0
0.208829,2.07231,-1.28238,0
0.208916,2.07788,-1.27333,0
0.209003,2.0706,-1.25647,0
0.20909,2.08463,-1.25257,0
0.209178,2.06945,-1.23119,0
0.209265,2.05585,-1.21099,0
0.209352,2.05506,-1.19848,0
0.20944,2.03689,-1.176,0
0.209527,1.99946,-1.14279,0
0.209614,2.00269,-1.13307,0
0.209701,2.00761,-1.12432,0
0.209789,1.99413,-1.10537,0
0.209876,1.99718,-1.09569,0
0.209963,1.9914,-1.08124,0
0.21005,1.98729,-1.06781,0
0.210138,1.98398,-1.0549,0
0.210225,1.9868,-1.0453,0
0.210312,1.99134,-1.03663,0
0.210399,1.98873,-1.02426,0
0.210487,1.98605,-1.01194,0
0.210574,1.99045,-1.00327,0
0.210661,1.98854,-0.991452,0
0.210749,1.99823,-0.985419,0
0.210836,1.98274,-0.967047,0
0.210923,1.98064,-0.955345,0
0.21101,1.97576,-0.942389,0
0.211098,1.98709,-0.937172,0
0.211185,1.98572,-0.925957,0
0.211272,1.98157,-0.913516,0
0.211359,1.98736,-0.90569,0
0.211447,1.98855,-0.895778,0
0.211534,1.98787,-0.885059,0
0.211621,1.98165,-0.871947,0
0.211708,1.9836,-0.862494,0
0.211796,1.98826,-0.854226,0
0.211883,1.99105,-0.845152,0
0.21197,1.99011,-0.834522,0
0.212058,1.98542,-0.822387,0
0.212145,1.98158,-0.810687,0
0.212232,1.97676,-0.798661,0
0.212319,1.98765,-0.792993,0
0.212407,2.00784,-0.79091,0
0.212494,1.9917,-0.77453,0
0.212581,1.98386,-0.761532,0
0.212668,1.98155,-0.750743,0
0.212756,1.98949,-0.743841,0
0.212843,1.98803,-0.733422,0
0.21293,1.99027,-0.724399,0
0.213017,1.98306,-0.711991,0
0.213105,1.97955,-0.700994,0
0.213192,1.99203,-0.695647,0
0.213279,1.98559,-0.683693,0
0.213367,1.99234,-0.676309,0
0.213454,1.98863,-0.665388,0
0.213541,1.98867,-0.655765,0
0.213628,1.98961,-0.646464,0
0.213716,1.98194,-0.634423,0
0.213803,1.98182,-0.624867,0
0.21389,1.98835,-0.6174,0
0.213977,1.98529,-0.606964,0
0.214065,1.99079,-0.59916,0
0.214152,1.98092,-0.586776,0
0.214239,1.97962,-0.577007,0
0.214326,1.99173,-0.571121,0
0.214414,1.98939,-0.561067,0
0.214501,1.98508,-0.550511,0
0.214588,1.98264,-0.540529,0
0.214676,1.98401,-0.531614,0
0.214763,1.98631,-0.522952,0
0.21485,1.98954,-0.514531,0
0.214937,1.98595,-0.504368,0
0.215025,1.99008,-0.496182,0
0.215112,1.98639,-0.486068,0
0.215199,1.98947,-0.477629,0
0.215286,1.98764,-0.468027,0
0.215374,1.98479,-0.458225,0
0.215461,1.98872,-0.450002,0
0.215548,1.98969,-0.441104,0
0.215635,1.98378,-0.430721,0
0.215723,1.98173,-0.421229,0
0.21581,1.97963,-0.411764,0
0.215897,1.98435,-0.40372,0
0.215984,1.9959,-0.397009,0
0.216072,1.99565,-0.387915,0
0.216159,1.99339,-0.378457,0
0.216246,2.00092,-0.370849,0
0.216334,2.00154,-0.361937,0
0.216421,1.9903,-0.350943,0
0.216508,1.99279,-0.342425,0
0.216595,1.98441,-0.332076,0
0.216683,1.97597,-0.321807,0
0.21677,1.9813,-0.313808,0
0.216857,1.98661,-0.305768,0
0.216944,1.98495,-0.296654,0
0.217032,1.99019,-0.288564,0
0.217119,1.98252,-0.278625,0
0.217206,1.98371,-0.269972,0
0.217293,1.98091,-0.260791,0
0.217381,1.98302,-0.252272,0
0.217468,1.98211,-0.243373,0
0.217555,1.98216,-0.234605,0
0.217643,1.98118,-0.225727,0
0.21773,1.98612,-0.217516,0
0.217817,1.97711,-0.207803,0
0.217904,1.978,-0.199174,0
0.217992,1.98382,-0.191021,0
0.218079,1.97767,-0.181722,0
0.218166,1.98442,-0.173614,0
0.218253,1.97918,-0.164457,0
0.218341,1.9719,-0.155192,0
0.218428,1.97356,-0.146661,0
0.218515,1.98415,-0.138746,0
0.218602,1.98175,-0.129891,0
0.21869,1.98828,-0.121609,0
0.218777,1.98081,-0.112479,0
0.218864,1.98228,-0.103887,0
0.218952,1.96973,-0.0946129,0
0.219039,1.96613,-0.085843,0
0.219126,1.97747,-0.0776952,0
0.219213,1.98079,-0.0691708,0
0.219301,1.97808,-0.0604358,0
0.219388,1.97032,-0.0515948,0
0.219475,1.95853,-0.0427354,0
0.219562,1.9677,-0.0343464,0
0.21965,1.95583,-0.0256033,0
0.219737,1.93893,-0.0169208,0
0.219824,1.93898,-0.0084605,0
0.219911,1.927,-4.66611e-08,0
0.219999,1.90798,0.00832515,0
0.220086,1.89793,0.0165629,0
0.220173,1.90284,0.0249095,0
0.220261,1.90371,0.0332293,0
0.220348,1.82657,0.0398558,0
0.220435,1.71641,0.0449458,0
0.220522,1.69521,0.0517933,0
0.22061,1.68997,0.059015,0
0.220697,1.69869,0.0667416,0
0.220784,1.69339,0.0739348,0
0.220871,1.69704,0.0815148,0
0.220959,1.69567,0.0888664,0
0.221046,1.69427,0.0962076,0
0.221133,1.69783,0.103844,0
0.22122,1.70035,0.111447,0
0.221308,1.69885,0.118795,0
0.221395,1.69233,0.125762,0
0.221482,1.69576,0.133459,0
0.22157,1.69914,0.141188,0
0.221657,1.7025,0.148949,0
0.221744,1.72274,0.158298,0
0.221831,1.82854,0.176069,0
0.221919,1.96506,0.197871,0
0.222006,1.98606,0.208743,0
0.222093,1.97917,0.216754,0
0.22218,1.98317,0.225954,0
0.222268,1.98216,0.234605,0
0.222355,1.98509,0.243739,0
0.222442,1.98401,0.252398,0
0.222529,1.9928,0.262358,0
0.222617,1.99065,0.270915,0
0.222704,1.98846,0.27946,0
0.222791,1.99613,0.289425,0
0.222879,1.99287,0.297836,0
0.222966,1.98759,0.30592,0
0.223053,1.9813,0.313807,0
0.22314,1.98682,0.323575,0
0.223228,1.98243,0.331746,0
0.223315,1.9859,0.341239,0
0.223402,1.98143,0.34938,0
0.223489,1.98973,0.359802,0
0.223577,1.99404,0.369574,0
0.223664,1.99536,0.37883,0
0.223751,1.98191,0.385243,0
0.223838,1.9753,0.392912,0
0.223926,1.99121,0.405116,0
0.224013,1.99138,0.414207,0
0.2241,1.98173,0.421229,0
0.224188,1.97792,0.429448,0
0.224275,1.98188,0.439372,0
0.224362,1.97897,0.447795,0
0.224449,1.99064,0.459575,0
0.224537,1.97888,0.465964,0
0.224624,1.98363,0.476228,0
0.224711,1.98154,0.484879,0
0.224798,1.98231,0.494246,0
0.224886,1.98305,0.50363,0
0.224973,1.98277,0.512778,0
0.22506,1.98244,0.521934,0
0.225147,1.98015,0.530579,0
0.225235,1.98746,0.541844,0
0.225322,1.96966,0.546235,0
0.225409,1.97592,0.557267,0
0.225497,1.98212,0.568364,0
0.225584,1.97962,0.577007,0
0.225671,1.97805,0.585924,0
0.225758,1.98026,0.59599,0
0.225846,1.98338,0.606379,0
0.225933,1.98549,0.61651,0
0.22602,1.97706,0.623363,0
0.226107,1.97432,0.631984,0
0.226195,1.98105,0.643682,0
0.226282,1.98202,0.653573,0
0.226369,1.97631,0.661263,0
0.226456,1.97435,0.670201,0
0.226544,1.97141,0.67881,0
0.226631,1.97975,0.691361,0
0.226718,1.97578,0.699659,0
0.226806,1.97459,0.708949,0
0.226893,1.97899,0.720294,0
0.22698,1.96645,0.725461,0
0.227067,1.97263,0.737537,0
0.227155,1.97875,0.74968,0
0.227242,1.98292,0.761173,0
0.227329,1.9712,0.766556,0
0.227416,1.97621,0.778449,0
0.227504,1.98022,0.790028,0
0.227591,1.97768,0.799036,0
0.227678,1.96955,0.805764,0
0.227765,1.97248,0.817029,0
0.227853,1.98181,0.831042,0
0.22794,1.97816,0.839681,0
0.228027,1.97081,0.846726,0
0.228115,1.97351,0.858108,0
0.228202,1.97707,0.869933,0
0.228289,1.98422,0.883432,0
0.228376,1.97396,0.889206,0
0.228464,1.97371,0.89947,0
0.228551,1.98429,0.914771,0
0.228638,1.98391,0.925111,0
0.228725,1.97623,0.932053,0
0.228813,1.97215,0.940667,0
0.2289,1.97433,0.952304,0
0.228987,1.98274,0.967047,0
0.229074,1.98119,0.977016,0
0.229162,1.98049,0.987436,0
0.229249,1.98509,1.00057,0
0.229336,1.98071,1.00922,0
0.229424,1.98251,1.02106,0
0.229511,1.98602,1.03386,0
0.229598,1.98591,1.04484,0
0.229685,1.9831,1.05443,0
0.229773,1.98465,1.06639,0
0.22986,1.98788,1.07933,0
0.229947,1.98579,1.08944,0
0.230034,1.98539,1.10052,0
0.230122,1.98493,1.11161,0
0.230209,1.98963,1.12568,0
0.230296,1.98123,1.13237,0
0.230383,1.97281,1.139,0
0.230471,1.98164,1.15566,0
0.230558,1.98519,1.16937,0
0.230645,1.98179,1.17904,0
0.230733,1.98263,1.19128,0
0.23082,1.98425,1.20407,0
0.230907,1.98409,1.21585,0
0.230994,1.98897,1.23081,0
0.231082,1.98698,1.2416,0
0.231169,1.98323,1.25133,0
0.231256,1.98619,1.26534,0
0.231343,1.99158,1.28103,0
0.231431,1.98765,1.29079,0
0.231518,1.97949,1.29781,0
0.231605,1.97965,1.3103,0
0.231692,1.97973,1.32281,0
0.23178,1.97725,1.33368,0
0.231867,1.98299,1.35017,0
0.231954,1.97461,1.35711,0
0.232042,1.96867,1.36571,0
0.232129,1.98235,1.38805,0
0.232216,1.98362,1.40189,0
0.232303,1.98237,1.41401,0
0.232391,1.98268,1.42732,0
0.232478,1.98371,1.44125,0
0.232565,1.98627,1.4564,0
0.232652,1.98231,1.46683,0
0.23274,1.98631,1.48325,0
0.232827,1.97902,1.4913,0
0.232914,1.98364,1.50839,0
0.233001,1.97704,1.51703,0
0.233089,1.97989,1.53299,0
0.233176,1.985,1.55085,0
0.233263,1.98214,1.56259,0
0.233351,1.98235,1.57683,0
0.233438,1.98091,1.58985,0
0.233525,1.97861,1.60225,0
0.233612,1.9809,1.61846,0
0.2337,1.9715,1.62518,0
0.233787,1.97439,1.64208,0
0.233874,1.98022,1.66161,0
0.233961,1.97601,1.67281,0
0.234049,1.97706,1.68856,0
0.234136,1.978,1.70436,0
0.234223,1.98111,1.72215,0
0.23431,1.97433,1.73144,0
0.234398,1.98323,1.75462,0
0.234485,1.98451,1.77125,0
0.234572,1.97899,1.78189,0
0.23466,1.98452,1.80262,0
0.234747,1.98328,1.81734,0
0.234834,1.9812,1.8314,0
0.234921,1.97685,1.84344,0
0.235009,1.99064,1.87261,0
0.235096,1.98462,1.88334,0
0.235183,1.98289,1.8982,0
0.23527,1.97315,1.90545,0
0.235358,1.98416,1.93288,0
0.235445,1.98498,1.95063,0
0.235532,1.98,1.96279,0
0.235619,1.98131,1.98131,0
0.235707,1.98391,2.0013,0
0.235794,1.98287,2.01779,0
0.235881,1.98103,2.03358,0
0.235969,1.98603,2.05659,0
0.236056,1.98118,2.06957,0
0.236143,1.98453,2.09125,0
0.23623,1.98155,2.10645,0
0.236318,1.9853,2.12897,0
0.236405,1.98549,2.14789,0
0.236492,1.98624,2.1676,0
0.236579,1.98752,2.18808,0
0.236667,1.98799,2.20788,0
0.236754,1.98899,2.22847,0
0.236841,1.98786,2.24687,0
0.236928,1.98859,2.26755,0
0.237016,1.9872,2.28602,0
0.237103,1.99222,2.31209,0
0.23719,1.98536,2.32456,0
0.237278,1.98489,2.34465,0
0.237365,1.98686,2.36784,0
0.237452,1.9861,2.38802,0
0.237539,1.98584,2.40901,0
0.237627,1.9848,2.42927,0
0.237714,1.99243,2.46044,0
0.237801,1.99169,2.48159,0
0.237888,1.99205,2.50435,0
0.237976,1.99224,2.52715,0
0.238063,1.99166,2.54921,0
0.23815,1.98542,2.56421,0
0.238237,1.97604,2.57522,0
0.238325,1.95692,2.57347,0
0.238412,1.94146,2.5764,0
0.238499,1.92302,2.57523,0
0.238587,1.90284,2.57154,0
0.238674,1.89337,2.58224,0
0.238761,1.87151,2.57591,0
0.238848,1.85675,2.57918,0
0.238936,1.84315,2.584,0
0.239023,1.81743,2.5716,0
0.23911,1.80046,2.57132,0
0.239197,1.79036,2.58079,0
0.239285,1.76775,2.5721,0
0.239372,1.75257,2.574,0
0.239459,1.74077,2.58079,0
0.239546,1.72171,2.57672,0
0.239634,1.70825,2.58088,0
0.239721,1.69094,2.57911,0
0.239808,1.67912,2.58562,0
0.239896,1.65646,2.57526,0
0.239983,1.63823,2.5715,0
0.24007,1.62059,2.56848,0
0.240157,1.6046,2.56789,0
0.240245,1.59653,2.57997,0
0.240332,1.57795,2.57497,0
0.240419,1.56203,2.57414,0
0.240506,1.54923,2.57836,0
0.240594,1.53695,2.58338,0
0.240681,1.51957,2.57972,0
0.240768,1.50528,2.58114,0
0.240855,1.4895,2.57989,0
0.240943,1.47823,2.58636,0
0.24103,1.46151,2.58322,0
0.241117,1.44632,2.58259,0
0.241205,1.4297,2.57925,0
0.241292,1.41507,2.57933,0
0.241379,1.40285,2.58372,0
0.241466,1.38683,2.58101,0
0.241554,1.37555,2.58704,0
0.241641,1.35913,2.58328,0
0.241728,1.34461,2.58298,0
0.241815,1.32692,2.57637,0
0.241903,1.31884,2.58837,0
0.24199,1.30349,2.58607,0
0.242077,1.29085,2.58905,0
0.242164,1.27246,2.5803,0
0.242252,1.26076,2.58493,0
0.242339,1.24729,2.5859,0
0.242426,1.23341,2.58591,0
0.242514,1.21743,2.58132,0
0.242601,1.2015,2.57663,0
0.242688,1.1936,2.58912,0
0.242775,1.18105,2.59157,0
0.242863,1.16767,2.59214,0
0.24295,1.15106,2.58533,0
0.243037,1.13937,2.58942,0
0.243124,1.12567,2.58886,0
0.243212,1.11357,2.59191,0
0.243299,1.09795,2.58662,0
0.243386,1.08318,2.58309,0
0.243473,1.07151,2.58686,0
0.243561,1.05492,2.57856,0
0.243648,1.0429,2.58128,0
0.243735,1.02978,2.58116,0
0.243822,1.01997,2.58935,0
0.24391,1.00867,2.59378,0
0.243997,0.995905,2.59442,0
0.244084,0.980678,2.58845,0
0.244172,0.967623,2.58803,0
0.244259,0.953899,2.58566,0
0.244346,0.940555,2.58415,0
0.244433,0.929609,2.58918,0
0.244521,0.913296,2.57907,0
0.244608,0.904012,2.58869,0
0.244695,0.891731,2.58978,0
0.244782,0.876887,2.58323,0
0.24487,0.864973,2.58513,0
0.244957,0.851179,2.58128,0
0.245044,0.840835,2.58782,0
0.245131,0.825268,2.57814,0
0.245219,0.812808,2.5779,0
0.245306,0.799773,2.57569,0
0.245393,0.79262,2.59254,0
0.245481,0.776977,2.58161,0
0.245568,0.766557,2.58785,0
0.245655,0.755259,2.59117,0
0.245742,0.744221,2.59541,0
0.24583,0.729361,2.58612,0
0.245917,0.717001,2.58542,0
0.246004,0.705976,2.58949,0
0.246091,0.694412,2.59158,0
0.246179,0.681824,2.58975,0
0.246266,0.669516,2.58883,0
0.246353,0.658214,2.59172,0
0.24644,0.64569,2.58972,0
0.246528,0.633671,2.5896,0
0.246615,0.622599,2.59331,0
0.246702,0.608986,2.58627,0
0.24679,0.595446,2.57916,0
0.246877,0.587055,2.59441,0
0.246964,0.573998,2.58914,0
0.247051,0.561847,2.58771,0
0.247139,0.551798,2.596,0
0.247226,0.538633,2.58958,0
0.247313,0.528525,2.59778,0
0.2474,0.515429,2.59123,0
0.247488,0.504117,2.59346,0
0.247575,0.491304,2.58777,0
0.247662,0.480191,2.59088,0
0.247749,0.469949,2.59885,0
0.247837,0.456521,2.58906,0
0.247924,0.445728,2.59398,0
0.248011,0.43424,2.59492,0
0.248099,0.423235,2.59876,0
0.248186,0.410797,2.59367,0
0.248273,0.399628,2.59643,0
0.24836,0.387409,2.59221,0
0.248448,0.374229,2.58101,0
0.248535,0.365886,2.60341,0
0.248622,0.35331,2.59607,0
0.248709,0.342109,2.59858,0
0.248797,0.330768,2.60004,0
0.248884,0.318932,2.59749,0
0.248971,0.307948,2.60184,0
0.249058,0.295234,2.59124,0
0.249146,0.284578,2.59846,0
0.249233,0.272401,2.59172,0
0.24932,0.261591,2.59786,0
0.249408,0.249774,2.594,0
0.249495,0.23827,2.59308,0
0.249582,0.227128,2.59608,0
0.249669,0.216544,2.60602,0
0.249757,0.204621,2.59996,0
0.249844,0.193423,2.60282,0
0.249931,0.180948,2.58768,0
0.250018,0.170048,2.59443,0
0.250106,0.15952,2.60813,0
0.250193,0.147741,2.60181,0
0.25028,0.13644,2.60343,0
0.250367,0.125031,2.603,0
0.250455,0.113847,2.60752,0
0.250542,0.101958,2.595,0
0.250629,0.0908435,2.60141,0
0.250717,0.0794002,2.59879,0
0.250804,0.0680863,2.60011,0
0.250891,0.0566533,2.59638,0
0.250978,0.0454113,2.6016,0
0.251066,0.0341247,2.60678,0
0.251153,0.0226367,2.5939,0
0.25124,0.0113534,2.60198,0
0.251327,9.45577e-08,2.599,0
0.251415,-0.0113445,2.59998,0
0.251502,-0.0226365,2.5939,0
0.251589,-0.0340329,2.59978,0
0.251676,-0.0455158,2.6076,0
0.251764,-0.056784,2.60238,0
0.251851,-0.0682956,2.60811,0
0.251938,-0.0793084,2.59579,0
0.252026,-0.0908433,2.60141,0
0.252113,-0.101958,2.595,0
0.2522,-0.113847,2.60752,0
0.252287,-0.125367,2.60999,0
0.252375,-0.136544,2.60542,0
0.252462,-0.147855,2.60381,0
0.252549,-0.159459,2.60713,0
0.252636,-0.170702,2.60441,0
0.252724,-0.181436,2.59466,0
0.252811,-0.193497,2.60382,0
0.252898,-0.204543,2.59896,0
0.252985,-0.216626,2.60702,0
0.253073,-0.227651,2.60206,0
0.25316,-0.238819,2.59905,0
0.253247,-0.250924,2.60595,0
0.253335,-0.262693,2.60881,0
0.253422,-0.274074,2.60764,0
0.253509,-0.284796,2.60045,0
0.253596,-0.297498,2.61111,0
0.253684,-0.30783,2.60085,0
0.253771,-0.320273,2.60841,0
0.253858,-0.33266,2.61492,0
0.253945,-0.342501,2.60155,0
0.254033,-0.355197,2.60994,0
0.25412,-0.365608,2.60143,0
0.254207,-0.378103,2.60773,0
0.254294,-0.389773,2.60803,0
0.254382,-0.401606,2.60927,0
0.254469,-0.410953,2.59466,0
0.254556,-0.423557,2.60074,0
0.254644,-0.436881,2.6107,0
0.254731,-0.449115,2.61369,0
0.254818,-0.461904,2.61959,0
0.254905,-0.470839,2.60377,0
0.254993,-0.483835,2.61054,0
0.25508,-0.494662,2.60546,0
0.255167,-0.507552,2.61113,0
0.255254,-0.519721,2.61281,0
0.255342,-0.532312,2.6164,0
0.255429,-0.541483,2.60328,0
0.255516,-0.5545,2.60872,0
0.255603,-0.567787,2.61507,0
0.255691,-0.577461,2.60476,0
0.255778,-0.59191,2.61587,0
0.255865,-0.602644,2.61034,0
0.255953,-0.612194,2.5999,0
0.25604,-0.6254,2.60498,0
0.256127,-0.638424,2.60903,0
0.256214,-0.641093,2.57128,0
0.256302,-0.599629,2.36105,0
0.256389,-0.587141,2.27031,0
0.256476,-0.581256,2.20777,0
0.256563,-0.584413,2.18106,0
0.256651,-0.587612,2.15533,0
0.256738,-0.594873,2.14504,0
0.256825,-0.593912,2.10585,0
0.256912,-0.598684,2.08786,0
0.257,-0.610027,2.09291,0
0.257087,-0.621994,2.09982,0
0.257174,-0.63115,2.09708,0
0.257262,-0.641463,2.09813,0
0.257349,-0.643495,2.07239,0
0.257436,-0.640503,2.03142,0
0.257523,-0.645093,2.01527,0
0.257611,-0.646463,1.98961,0
0.257698,-0.652946,1.98012,0
0.257785,-0.65809,1.96682,0
0.257872,-0.670523,1.9753,0
0.25796,-0.676531,1.96479,0
0.258047,-0.629379,1.80227,0
0.258134,-0.553118,1.56196,0
0.258221,-0.538977,1.50118,0
0.258309,-0.543128,1.49223,0
0.258396,-0.540635,1.46545,0
0.258483,-0.538619,1.4406,0
0.258571,-0.538522,1.42141,0
0.258658,-0.545436,1.42091,0
0.258745,-0.546194,1.40454,0
0.258832,-0.549752,1.39563,0
0.25892,-0.553242,1.38671,0
0.259007,-0.552919,1.36852,0
0.259094,-0.558507,1.36517,0
0.259181,-0.563693,1.36087,0
0.259269,-0.566532,1.35102,0
0.259356,-0.568514,1.33933,0
0.259443,-0.571194,1.32949,0
0.25953,-0.577787,1.32882,0
0.259618,-0.581163,1.32079,0
0.259705,-0.578786,1.29998,0
0.259792,-0.58281,1.29379,0
0.25988,-0.585547,1.28487,0
0.259967,-0.589892,1.27957,0
0.260054,-0.591666,1.26883,0
0.260141,-0.601035,1.27438,0
0.260229,-0.607021,1.27265,0
0.260316,-0.613871,1.27269,0
0.260403,-0.611966,1.25472,0
0.26049,-0.619204,1.25562,0
0.260578,-0.620661,1.24485,0
0.260665,-0.625637,1.24124,0
0.260752,-0.630139,1.23672,0
0.260839,-0.634613,1.23218,0
0.260927,-0.637675,1.22496,0
0.261014,-0.642082,1.2204,0
0.261101,-0.647401,1.21758,0
0.261189,-0.648921,1.2077,0
0.261276,-0.657048,1.21013,0
0.261363,-0.66184,1.20638,0
0.26145,-0.668552,1.2061,0
0.261538,-0.675274,1.20579,0
0.261625,-0.682499,1.20631,0
0.261712,-0.691726,1.21027,0
0.261799,-0.685,1.18645,0
0.261887,-0.688155,1.18,0
0.261974,-0.674518,1.14511,0
0.262061,-0.673884,1.1327,0
0.262148,-0.684486,1.13918,0
0.262236,-0.686337,1.13105,0
0.262323,-0.687608,1.12207,0
0.26241,-0.68934,1.11396,0
0.262498,-0.691015,1.10585,0
0.262585,-0.699569,1.10875,0
0.262672,-0.700639,1.09978,0
0.262759,-0.705431,1.09671,0
0.262847,-0.710209,1.09363,0
0.262934,-0.716619,1.09303,0
0.263021,-0.721934,1.09072,0
0.263108,-0.724464,1.08424,0
0.263196,-0.726951,1.07775,0
0.263283,-0.739526,1.08614,0
0.26337,-0.746523,1.0862,0
0.263457,-0.750116,1.08129,0
0.263545,-0.0757121,0.108128,0
0.263632,-0.0669488,0.0947304,0
0.263719,-0.0708458,0.0993221,0
0.263807,-0.0479085,0.0665491,0
0.263894,-0.0564274,0.0776656,0
0.263981,-0.0579483,0.0790316,0
0.264068,-0.0630512,0.0852088,0
0.264156,-0.0634224,0.0849329,0
0.264243,-0.0668015,0.0886485,0
0.26433,-0.0635559,0.0835802,0
0.264417,-0.0700076,0.0912356,0
0.264505,-0.0746905,0.0964641,0
0.264592,-0.0597192,0.076437,0
0.264679,-0.0637667,0.0808876,0
0.264766,-0.0634965,0.079826,0
0.264854,-0.0632183,0.0787683,0
0.264941,-0.0616734,0.0761603,0
0.265028,-0.0664341,0.0813112,0
0.265116,-0.0610635,0.074076,0
0.265203,-0.0556312,0.0668892,0
0.26529,-0.0591365,0.0704761,0
0.265377,-0.0600895,0.0709806,0
0.265465,-0.0480592,0.05627,0
0.265552,-0.0685398,0.0795443,0
0.265639,-0.0642938,0.0739615,0
0.265726,-0.0665939,0.0759358,0
0.265814,-0.066262,0.0748956,0
0.265901,-0.073247,0.0820663,0
0.265988,-0.0635674,0.0705988,0
0.266075,-0.0584959,0.064399,0
0.266163,-0.0641811,0.0700414,0
0.26625,-0.0644861,0.0697606,0
0.266337,-0.0497859,0.0533888,0
0.266425,-0.0589257,0.0626399,0
0.266512,-0.0612636,0.0645583,0
0.266599,-0.0615447,0.0642904,0
0.266686,-0.0423742,0.0438797,0
0.266774,-0.0397741,0.0408292,0
0.266861,-0.0504655,0.051354,0
0.266948,-0.0436489,0.0440315,0
0.267035,-0.0360624,0.0360624,0
