7200
2331
2.02458
2.04029,-0.0282843,-0.0282843,0
2.04038,-0.0774416,-0.0781204,0
2.04046,-0.0287373,-0.0292433,0
2.04055,-0.0474498,-0.0487085,0
2.04064,-0.0784964,-0.0812854,0
2.04073,-0.0822901,-0.0859613,0
2.04081,-0.137671,-0.145075,0
2.0409,-0.165129,-0.175537,0
2.04099,-0.203236,-0.217943,0
2.04108,-0.238938,-0.258482,0
2.04116,-0.350631,-0.382647,0
2.04125,-0.117664,-0.129538,0
2.04134,-0.122451,-0.135996,0
2.04142,-0.26835,-0.300661,0
2.04151,-0.272337,-0.307821,0
2.0416,-0.274947,-0.313517,0
2.04169,-0.279481,-0.321506,0
2.04177,-0.278076,-0.322723,0
2.04186,-0.283159,-0.331537,0
2.04195,-0.282356,-0.333533,0
2.04204,-0.271899,-0.324037,0
2.04212,-0.276877,-0.332909,0
2.04221,-0.280511,-0.340286,0
2.0423,-0.279023,-0.341507,0
2.04238,-0.26809,-0.331064,0
2.04247,-0.269773,-0.33613,0
2.04256,-0.277019,-0.348261,0
2.04265,-0.264972,-0.336116,0
2.04273,-0.262272,-0.335693,0
2.04282,-0.253458,-0.327345,0
2.04291,-0.256289,-0.334002,0
2.043,-0.251802,-0.331137,0
2.04308,-0.255771,-0.33942,0
2.04317,-0.254886,-0.341334,0
2.04326,-0.25042,-0.338424,0
2.04334,-0.250124,-0.341126,0
2.04343,-0.242168,-0.333315,0
2.04352,-0.249475,-0.346542,0
2.04361,-0.258413,-0.362281,0
2.04369,-0.250481,-0.354422,0
2.04378,-0.250079,-0.35715,0
2.04387,-0.248519,-0.358238,0
2.04396,-0.253184,-0.368384,0
2.04404,-0.240881,-0.35378,0
2.04413,-0.248282,-0.368093,0
2.04422,-0.250007,-0.374161,0
2.0443,-0.250027,-0.37775,0
2.04439,-0.25057,-0.382183,0
2.04448,-0.247811,-0.381595,0
2.04457,-0.243439,-0.378468,0
2.04465,-0.241785,-0.379526,0
2.04474,-0.255601,-0.405104,0
2.04483,-0.254361,-0.407063,0
2.04491,-0.249952,-0.403917,0
2.045,-0.246619,-0.402446,0
2.04509,-0.242267,-0.399244,0
2.04518,-0.243098,-0.404583,0
2.04526,-0.250534,-0.421109,0
2.04535,-0.263412,-0.447186,0
2.04544,-0.286144,-0.490659,0
2.04553,-0.29,-0.502295,0
2.04561,-0.286813,-0.501819,0
2.0457,-0.294469,-0.520473,0
2.04579,-0.286332,-0.511283,0
2.04587,-0.299128,-0.53964,0
2.04596,-0.298694,-0.544447,0
2.04605,-0.287727,-0.529927,0
2.04614,-0.289672,-0.539105,0
2.04622,-0.288725,-0.543013,0
2.04631,-0.289147,-0.549577,0
2.0464,-0.29829,-0.573009,0
2.04649,-0.292124,-0.567193,0
2.04657,-0.28329,-0.555988,0
2.04666,-0.295265,-0.585794,0
2.04675,-0.290029,-0.581707,0
2.04683,-0.292353,-0.592833,0
2.04692,-0.288448,-0.591406,0
2.04701,-0.291078,-0.603468,0
2.0471,-0.294039,-0.616466,0
2.04718,-0.291773,-0.618647,0
2.04727,-0.292029,-0.626259,0
2.04736,-0.288038,-0.624803,0
2.04745,-0.285724,-0.626963,0
2.04753,-0.280932,-0.623645,0
2.04762,-0.276988,-0.622124,0
2.04771,-0.273868,-0.622412,0
2.04779,-0.267162,-0.61443,0
2.04788,-0.266452,-0.620184,0
2.04797,-0.271949,-0.640671,0
2.04806,-0.268377,-0.640007,0
2.04814,-0.269026,-0.649487,0
2.04823,-0.270355,-0.660836,0
2.04832,-0.267469,-0.662009,0
2.04841,-0.261243,-0.654811,0
2.04849,-0.272677,-0.692231,0
2.04858,-0.276178,-0.71019,0
2.04867,-0.282752,-0.736595,0
2.04875,-0.282016,-0.744368,0
2.04884,-0.284719,-0.761514,0
2.04893,-0.287623,-0.779637,0
2.04902,-0.291401,-0.800618,0
2.0491,-0.291622,-0.812235,0
2.04919,-0.289411,-0.81727,0
2.04928,-0.286171,-0.819469,0
2.04937,-0.284547,-0.826383,0
2.04945,-0.285117,-0.839927,0
2.04954,-0.292555,-0.874354,0
2.04963,-0.295627,-0.896516,0
2.04971,-0.291403,-0.896846,0
2.0498,-0.290841,-0.908586,0
2.04989,-0.288377,-0.914615,0
2.04998,-0.2915,-0.938785,0
2.05006,-0.674209,-2.20524,0
2.05015,-0.664581,-2.20816,0
2.05024,-0.652667,-2.20337,0
2.05033,-0.642767,-2.20523,0
2.05041,-0.632588,-2.2061,0
2.0505,-0.621599,-2.20402,0
2.05059,-0.61064,-2.2019,0
2.05067,-0.6005,-2.20261,0
2.05076,-0.591402,-2.20714,0
2.05085,-0.580492,-2.20486,0
2.05094,-0.566109,-2.18898,0
2.05102,-0.556553,-2.19143,0
2.05111,-0.548921,-2.2016,0
2.0512,-0.535031,-2.18649,0
2.05129,-0.42417,-1.7668,0
2.05137,-0.397433,-1.68784,0
2.05146,-0.378143,-1.63792,0
2.05155,-0.374082,-1.65321,0
2.05163,-0.408638,-1.84325,0
2.05172,-0.400591,-1.84501,0
2.05181,-0.465722,-2.19105,0
2.0519,-0.455954,-2.19208,0
2.05198,-0.445587,-2.19013,0
2.05207,-0.437197,-2.19794,0
2.05216,-0.425886,-2.19099,0
2.05225,-0.417254,-2.19774,0
2.05233,-0.40675,-2.19463,0
2.05242,-0.397348,-2.19736,0
2.05251,-0.38602,-2.18923,0
2.05259,-0.37477,-2.18104,0
2.05268,-0.367396,-2.19547,0
2.05277,-0.356527,-2.18916,0
2.05286,-0.34791,-2.19662,0
2.05294,-0.335888,-2.1823,0
2.05303,-0.326215,-2.18276,0
2.05312,-0.316401,-2.18218,0
2.05321,-0.307433,-2.1875,0
2.05329,-0.296942,-2.18189,0
2.05338,-0.287158,-2.18118,0
2.05347,-0.279657,-2.19828,0
2.05355,-0.2686,-2.18757,0
2.05364,-0.258935,-2.18773,0
2.05373,-0.24916,-2.18685,0
2.05382,-0.239398,-2.18593,0
2.0539,-0.229231,-2.18099,0
2.05399,-0.219612,-2.18097,0
2.05408,-0.209902,-2.17992,0
2.05417,-0.20048,-2.18181,0
2.05425,-0.190087,-2.1727,0
2.05434,-0.181433,-2.18348,0
2.05443,-0.172139,-2.18724,0
2.05451,-0.162372,-2.18498,0
2.0546,-0.152557,-2.18167,0
2.05469,-0.142513,-2.17433,0
2.05478,-0.133147,-2.17693,0
2.05486,-0.124271,-2.18847,0
2.05495,-0.114459,-2.184,0
2.05504,-0.105072,-2.18748,0
2.05513,-0.095701,-2.19191,0
2.05521,-0.085979,-2.18831,0
2.0553,-0.0765346,-2.19166,0
2.05539,-0.0669404,-2.19098,0
2.05547,-0.0574846,-2.19525,0
2.05556,-0.0478837,-2.19448,0
2.05565,-0.0382557,-2.19167,0
2.05574,-0.0287579,-2.19681,0
2.05582,-0.0191199,-2.19092,0
2.05591,-0.00950331,-2.17798,0
2.056,-2.63696e-08,-2.189,0
2.05609,0.00956871,-2.19298,0
2.05617,0.0191285,-2.19192,0
2.05626,0.0286793,-2.19081,0
2.05635,0.0381858,-2.18767,0
2.05643,0.0477964,-2.19048,0
2.05652,0.0573013,-2.18825,0
2.05661,0.0666961,-2.18298,0
2.0567,0.0762903,-2.18467,0
2.05678,0.0857827,-2.18332,0
2.05687,0.0960062,-2.19891,0
2.05696,0.105216,-2.19047,0
2.05705,0.11472,-2.189,0
2.05713,0.124327,-2.18947,0
2.05722,0.133452,-2.18192,0
2.05731,0.143364,-2.18731,0
2.05739,0.152627,-2.18267,0
2.05748,0.162149,-2.18198,0
2.05757,0.172767,-2.19521,0
2.05766,0.181598,-2.18547,0
2.05774,0.192004,-2.19462,0
2.05783,0.201121,-2.18878,0
2.05792,0.21019,-2.1829,0
2.058,0.219913,-2.18396,0
2.05809,0.229126,-2.17999,0
2.05818,0.238418,-2.17698,0
2.05827,0.248594,-2.18188,0
2.05835,0.259405,-2.1917,0
2.05844,0.267869,-2.18162,0
2.05853,0.277638,-2.18241,0
2.05862,0.286766,-2.1782,0
2.0587,0.296672,-2.1799,0
2.05879,0.307433,-2.1875,0
2.05888,0.316114,-2.1802,0
2.05896,0.326511,-2.18474,0
2.05905,0.335584,-2.18033,0
2.05914,0.344782,-2.17687,0
2.05923,0.355563,-2.18324,0
2.05931,0.363765,-2.17377,0
2.0594,0.374601,-2.18005,0
2.05949,0.384978,-2.18332,0
2.05958,0.395391,-2.18654,0
2.05966,0.404381,-2.18184,0
2.05975,0.413151,-2.17613,0
2.05984,0.425122,-2.18707,0
2.05992,0.43154,-2.1695,0
2.06001,0.444391,-2.18425,0
2.0601,0.452696,-2.17642,0
2.06019,0.463227,-2.17931,0
2.06027,0.474005,-2.18313,0
2.06036,0.482877,-2.17812,0
2.06045,0.492155,-2.17501,0
2.06054,0.50479,-2.18649,0
2.06062,0.512492,-2.17648,0
2.06071,0.522684,-2.17714,0
2.0608,0.532179,-2.17483,0
2.06088,0.542147,-2.17443,0
2.06097,0.552614,-2.17592,0
2.06106,0.564857,-2.18414,0
2.06115,0.573109,-2.17682,0
2.06123,0.582343,-2.17333,0
2.06132,0.591031,-2.16788,0
2.06141,0.604493,-2.17973,0
2.0615,0.613184,-2.17419,0
2.06158,0.622665,-2.17149,0
2.06167,0.636611,-2.18411,0
2.06176,0.644431,-2.17556,0
2.06184,0.657087,-2.18326,0
2.06193,0.663976,-2.17177,0
2.06202,0.675225,-2.17458,0
2.06211,0.684707,-2.17161,0
2.06219,0.697529,-2.17908,0
2.06228,0.709194,-2.18267,0
2.06237,0.716206,-2.17196,0
2.06246,0.725993,-2.16976,0
2.06254,0.740918,-2.18267,0
2.06263,0.749783,-2.17753,0
2.06272,0.760267,-2.17707,0
2.0628,0.767422,-2.16713,0
2.06289,0.779574,-2.17129,0
2.06298,0.788698,-2.16693,0
2.06307,0.79953,-2.16722,0
2.06315,0.808279,-2.16184,0
2.06324,0.82479,-2.17699,0
2.06333,0.831414,-2.16591,0
2.06342,0.844843,-2.17251,0
2.0635,0.868608,-2.20509,0
2.06359,1.00421,-2.51707,0
2.06368,1.04328,-2.58221,0
2.06376,1.00266,-2.45083,0
2.06385,0.975843,-2.35589,0
2.06394,0.966777,-2.3055,0
2.06403,0.966278,-2.27641,0
2.06411,0.962385,-2.24001,0
2.0642,0.966568,-2.22295,0
2.06429,0.994784,-2.26082,0
2.06438,1.18564,-2.66299,0
2.06446,1.20382,-2.67237,0
2.06455,1.22376,-2.6853,0
2.06464,1.23588,-2.68084,0
2.06472,1.24546,-2.67089,0
2.06481,1.2635,-2.679,0
2.0649,1.27647,-2.67617,0
2.06499,1.29247,-2.67958,0
2.06507,1.30372,-2.67301,0
2.06516,1.31846,-2.67358,0
2.06525,1.33235,-2.67227,0
2.06534,1.34849,-2.67536,0
2.06542,1.3597,-2.66856,0
2.06551,1.37637,-2.67239,0
2.0656,1.38755,-2.66547,0
2.06568,1.40802,-2.6762,0
2.06577,1.41874,-2.66827,0
2.06586,1.43321,-2.66734,0
2.06595,1.45199,-2.67424,0
2.06603,1.46317,-2.667,0
2.06612,1.48109,-2.67196,0
2.06621,1.49714,-2.67333,0
2.0663,1.51273,-2.67373,0
2.06638,1.52487,-2.66797,0
2.06647,1.5455,-2.67688,0
2.06656,1.55616,-2.66839,0
2.06664,1.5754,-2.6745,0
2.06673,1.58756,-2.66846,0
2.06682,1.60074,-2.66408,0
2.06691,1.61494,-2.66134,0
2.06699,1.63385,-2.66621,0
2.06708,1.64442,-2.65735,0
2.06717,1.66395,-2.66287,0
2.06726,1.68462,-2.66996,0
2.06734,1.6984,-2.66596,0
2.06743,1.71164,-2.66105,0
2.06752,1.73195,-2.66697,0
2.0676,1.74796,-2.66608,0
2.06769,1.76565,-2.6676,0
2.06778,1.77949,-2.6632,0
2.06787,1.79669,-2.6637,0
2.06795,1.81392,-2.6641,0
2.06804,1.83176,-2.66522,0
2.06813,1.84964,-2.66624,0
2.06822,1.86584,-2.6647,0
2.0683,1.87976,-2.6598,0
2.06839,1.90412,-2.66948,0
2.06848,1.91692,-2.66277,0
2.06856,1.93734,-2.66652,0
2.06865,1.95073,-2.66046,0
2.06874,1.96529,-2.65594,0
2.06883,1.98464,-2.65776,0
2.06891,2.00946,-2.66664,0
2.069,2.02895,-2.6682,0
2.06909,2.04422,-2.66408,0
2.06918,2.05583,-2.65514,0
2.06926,2.05569,-2.63117,0
2.06935,2.05663,-2.60882,0
2.06944,2.05928,-2.58887,0
2.06952,2.05804,-2.56426,0
2.06961,2.05977,-2.5436,0
2.0697,2.06262,-2.52452,0
2.06979,2.06153,-2.50084,0
2.06987,2.05324,-2.46875,0
2.06996,2.05371,-2.44751,0
2.07005,2.05855,-2.43166,0
2.07014,2.04901,-2.39908,0
2.07022,2.05228,-2.38178,0
2.07031,2.04887,-2.35696,0
2.0704,2.04727,-2.33446,0
2.07048,2.0475,-2.31427,0
2.07057,2.04825,-2.29487,0
2.07066,2.05155,-2.27848,0
2.07075,2.04534,-2.25174,0
2.07083,2.04231,-2.22879,0
2.07092,2.04998,-2.21765,0
2.07101,2.04327,-2.19114,0
2.07109,2.0439,-2.17273,0
2.07118,2.04235,-2.15219,0
2.07127,2.0448,-2.13603,0
2.07136,2.0416,-2.11414,0
2.07144,2.03755,-2.0916,0
2.07153,2.04035,-2.07627,0
2.07162,2.03742,-2.05528,0
2.07171,2.03647,-2.03647,0
2.07179,2.03752,-2.01982,0
2.07188,2.03348,-1.99829,0
2.07197,2.03501,-1.98242,0
2.07205,2.04221,-1.97214,0
2.07214,2.0414,-1.95422,0
2.07223,2.04556,-1.94116,0
2.07232,2.03944,-1.91851,0
2.0724,2.03097,-1.89391,0
2.07249,2.02673,-1.87349,0
2.07258,2.03415,-1.86395,0
2.07267,2.03116,-1.84497,0
2.07275,2.03324,-1.83074,0
2.07284,2.03077,-1.81253,0
2.07293,2.03941,-1.80431,0
2.07301,2.03598,-1.78551,0
2.0731,2.0279,-1.76283,0
2.07319,2.02573,-1.74548,0
2.07328,2.0242,-1.72883,0
2.07336,2.03096,-1.71934,0
2.07345,2.02083,-1.69567,0
2.07354,2.02129,-1.68109,0
2.07363,2.03323,-1.67607,0
2.07371,2.03123,-1.65959,0
2.0738,2.02213,-1.63749,0
2.07389,2.02302,-1.62365,0
2.07397,2.02696,-1.61231,0
2.07406,2.02376,-1.59541,0
2.07415,2.0307,-1.58656,0
2.07424,2.03207,-1.5734,0
2.07432,2.03416,-1.56086,0
2.07441,2.04811,-1.55742,0
2.0745,2.0501,-1.54486,0
2.07459,2.05602,-1.5353,0
2.07467,2.06913,-1.53107,0
2.07476,2.08063,-1.52558,0
2.07485,2.08565,-1.51531,0
2.07493,2.0825,-1.49918,0
2.07502,2.08088,-1.48428,0
2.07511,2.10367,-1.48673,0
2.0752,2.10358,-1.47294,0
2.07528,2.08863,-1.44893,0
2.07537,2.08751,-1.43471,0
2.07546,2.11359,-1.43909,0
2.07555,2.09,-1.40973,0
2.07563,2.07784,-1.38837,0
2.07572,2.08555,-1.38039,0
2.07581,2.10995,-1.38334,0
2.07589,2.11345,-1.37249,0
2.07598,2.11605,-1.36109,0
2.07607,2.10764,-1.34271,0
2.07616,2.07542,-1.30949,0
2.07624,2.06839,-1.29247,0
2.07633,2.0485,-1.26765,0
2.07642,2.04804,-1.25504,0
2.07651,2.04153,-1.23883,0
2.07659,2.05206,-1.233,0
2.07668,2.04453,-1.21637,0
2.07677,2.05929,-1.21302,0
2.07685,2.06457,-1.20402,0
2.07694,2.04642,-1.1815,0
2.07703,2.02898,-1.15966,0
2.07712,2.02967,-1.14833,0
2.0772,2.01372,-1.12774,0
2.07729,2.009,-1.11361,0
2.07738,2.00507,-1.10002,0
2.07747,2.0037,-1.08792,0
2.07755,2.00315,-1.07633,0
2.07764,2.014,-1.07086,0
2.07773,2.01158,-1.05834,0
2.07781,2.01529,-1.04909,0
2.0779,2.00384,-1.03205,0
2.07799,2.01189,-1.02511,0
2.07808,2.00295,-1.00957,0
2.07816,2.00376,-0.999037,0
2.07825,2.00182,-0.987188,0
2.07834,1.99982,-0.975376,0
2.07843,2.00045,-0.964903,0
2.07851,2.00554,-0.956596,0
2.0786,1.99613,-0.941437,0
2.07869,2.00657,-0.935677,0
2.07877,2.00064,-0.922307,0
2.07886,2.00555,-0.913984,0
2.07895,2.00405,-0.90276,0
2.07904,2.00797,-0.894007,0
2.07912,1.99629,-0.878391,0
2.07921,1.99736,-0.868475,0
2.0793,2.00021,-0.859357,0
2.07939,1.99381,-0.846324,0
2.07947,1.99933,-0.838389,0
2.07956,1.99835,-0.827744,0
2.07965,1.99639,-0.816745,0
2.07973,1.99715,-0.806903,0
2.07982,1.99323,-0.795216,0
2.07991,1.99668,-0.786512,0
2.08,1.99077,-0.774168,0
2.08008,2.00626,-0.770133,0
2.08017,2.00119,-0.758183,0
2.08026,1.9998,-0.747693,0
2.08035,1.99835,-0.737229,0
2.08043,1.99967,-0.727819,0
2.08052,1.99718,-0.717059,0
2.08061,2.00217,-0.709006,0
2.08069,1.99297,-0.695977,0
2.08078,2.00166,-0.689228,0
2.08087,2.00086,-0.679202,0
2.08096,2.00476,-0.670782,0
2.08104,2.00102,-0.659836,0
2.08113,2.01244,-0.65388,0
2.08122,1.99336,-0.638081,0
2.08131,1.99804,-0.629979,0
2.08139,1.99122,-0.618289,0
2.08148,1.99485,-0.609887,0
2.08157,1.99366,-0.600025,0
2.08165,2.00873,-0.595012,0
2.08174,1.9921,-0.580645,0
2.08183,2.00039,-0.573601,0
2.08192,1.99132,-0.56161,0
2.082,1.99279,-0.552649,0
2.08209,1.98843,-0.542107,0
2.08218,1.98981,-0.533167,0
2.08227,1.99598,-0.525498,0
2.08235,1.99051,-0.514781,0
2.08244,1.99468,-0.506584,0
2.08253,1.99105,-0.496424,0
2.08261,1.99222,-0.487494,0
2.0827,1.99044,-0.477863,0
2.08279,1.99251,-0.469173,0
2.08288,1.98869,-0.459125,0
2.08296,1.9897,-0.450223,0
2.08305,1.98481,-0.440022,0
2.08314,1.99257,-0.43263,0
2.08322,2.00129,-0.425387,0
2.08331,1.99823,-0.415633,0
2.0834,1.99611,-0.406113,0
2.08349,1.98609,-0.395058,0
2.08357,1.99761,-0.388296,0
2.08366,2.00223,-0.380136,0
2.08375,1.99207,-0.369209,0
2.08384,1.98973,-0.359802,0
2.08392,1.9834,-0.349727,0
2.08401,1.98984,-0.341917,0
2.0841,1.99526,-0.333891,0
2.08418,1.98189,-0.322771,0
2.08427,1.98723,-0.314746,0
2.08436,1.97277,-0.303638,0
2.08445,1.98298,-0.296358,0
2.08453,1.96842,-0.285407,0
2.08462,1.95182,-0.27431,0
2.08471,1.953,-0.265791,0
2.0848,1.94918,-0.256615,0
2.08488,1.92251,-0.244574,0
2.08497,1.75879,-0.215953,0
2.08506,1.70212,-0.201459,0
2.08514,1.7,-0.193691,0
2.08523,1.69884,-0.186054,0
2.08532,1.69964,-0.178639,0
2.08541,1.69443,-0.17062,0
2.08549,1.69118,-0.162842,0
2.08558,1.69088,-0.15537,0
2.08567,1.69154,-0.14799,0
2.08576,1.70014,-0.141271,0
2.08584,1.69974,-0.133773,0
2.08593,1.69233,-0.125762,0
2.08602,1.68788,-0.118028,0
2.0861,1.69037,-0.110793,0
2.08619,1.68884,-0.103294,0
2.08628,1.69327,-0.096151,0
2.08637,1.70366,-0.0892852,0
2.08645,1.70104,-0.0817068,0
2.08654,1.69938,-0.0741966,0
2.08663,1.70468,-0.0669773,0
2.08672,1.70796,-0.0596433,0
2.0868,1.70221,-0.0520071,0
2.08689,1.69542,-0.0443961,0
2.08698,1.6926,-0.0369326,0
2.08706,1.69574,-0.0295993,0
2.08715,1.69785,-0.0222262,0
2.08724,1.68894,-0.0147392,0
2.08733,1.69298,-0.00738712,0
2.08741,1.69,-4.09223e-08,0
2.0875,1.69398,0.0073914,0
2.08759,1.68294,0.0146867,0
2.08768,1.69385,0.0221737,0
2.08776,1.68274,0.0293724,0
2.08785,1.6976,0.0370416,0
2.08794,1.71741,0.044972,0
2.08802,1.68321,0.0514268,0
2.08811,1.66299,0.0580727,0
2.0882,1.66771,0.0655246,0
2.08829,1.66441,0.0726699,0
2.08837,1.66208,0.0798356,0
2.08846,1.66072,0.0870347,0
2.08855,1.65533,0.0939966,0
2.08864,1.66689,0.101951,0
2.08872,1.65844,0.1087,0
2.08881,1.65496,0.115726,0
2.0889,1.65942,0.123316,0
2.08898,1.66286,0.13087,0
2.08907,1.65729,0.13771,0
2.08916,1.65468,0.144766,0
2.08925,1.661,0.152625,0
2.08933,1.66331,0.160158,0
2.08942,1.65762,0.166913,0
2.08951,1.66781,0.175294,0
2.0896,1.65709,0.181481,0
2.08968,1.67019,0.190295,0
2.08977,1.67431,0.198168,0
2.08986,1.68733,0.207178,0
2.08994,1.70526,0.216936,0
2.09003,1.68942,0.222417,0
2.09012,1.6924,0.230325,0
2.09021,1.6894,0.237429,0
2.09029,1.68736,0.244655,0
2.09038,1.68232,0.251424,0
2.09047,1.68219,0.258914,0
2.09056,1.68796,0.267346,0
2.09064,1.69072,0.275352,0
2.09073,1.68753,0.282396,0
2.09082,1.68432,0.289418,0
2.0909,1.69978,0.299717,0
2.09099,1.85787,0.335957,0
2.09108,1.96454,0.364107,0
2.09117,1.9708,0.374167,0
2.09125,1.98289,0.385434,0
2.09134,1.97824,0.393497,0
2.09143,1.98435,0.40372,0
2.09152,1.97669,0.411153,0
2.0916,1.97488,0.419774,0
2.09169,1.97987,0.429872,0
2.09178,1.98383,0.439805,0
2.09186,1.9819,0.448457,0
2.09195,1.977,0.456426,0
2.09204,1.97888,0.465964,0
2.09213,1.9778,0.474828,0
2.09221,1.97377,0.482978,0
2.0923,1.97164,0.491585,0
2.09239,1.96851,0.499937,0
2.09248,1.97115,0.509774,0
2.09256,1.96504,0.517351,0
2.09265,1.97435,0.529026,0
2.09274,1.97106,0.537373,0
2.09282,1.97737,0.548373,0
2.09291,1.974,0.556724,0
2.093,1.97635,0.56671,0
2.09309,1.97002,0.574209,0
2.09317,1.97037,0.583651,0
2.09326,1.96781,0.592243,0
2.09335,1.97094,0.602578,0
2.09344,1.97116,0.612062,0
2.09352,1.97038,0.621258,0
2.09361,1.96289,0.628325,0
2.0937,1.97249,0.640901,0
2.09378,1.97347,0.650754,0
2.09387,1.95924,0.655551,0
2.09396,1.9592,0.665058,0
2.09405,1.96668,0.677182,0
2.09413,1.96654,0.686746,0
2.09422,1.96258,0.694986,0
2.09431,1.97365,0.708611,0
2.0944,1.97054,0.717216,0
2.09448,1.96645,0.725461,0
2.09457,1.96701,0.735435,0
2.09466,1.96565,0.74472,0
2.09474,1.96612,0.754723,0
2.09483,1.95908,0.761845,0
2.09492,1.96132,0.772585,0
2.09501,1.96629,0.78447,0
2.09509,1.9647,0.793791,0
2.09518,1.9714,0.806522,0
2.09527,1.96509,0.813968,0
2.09536,1.96613,0.824468,0
2.09544,1.95515,0.829913,0
2.09553,1.95335,0.839225,0
2.09562,1.95976,0.852127,0
2.0957,1.96609,0.8651,0
2.09579,1.97052,0.877331,0
2.09588,1.95938,0.882635,0
2.09597,1.95278,0.889932,0
2.09605,1.96522,0.90598,0
2.09614,1.95672,0.912433,0
2.09623,1.96176,0.925228,0
2.09631,1.96312,0.936362,0
2.0964,1.95992,0.945353,0
2.09649,1.96117,0.956526,0
2.09658,1.96415,0.968612,0
2.09666,1.96528,0.97985,0
2.09675,1.9592,0.987516,0
2.09684,1.962,0.999687,0
2.09693,1.9674,1.01327,0
2.09701,1.96207,1.02139,0
2.0971,1.95405,1.02808,0
2.09719,1.96014,1.04223,0
2.09727,1.96262,1.05456,0
2.09736,1.96591,1.0674,0
2.09745,1.96913,1.0803,0
2.09754,1.96615,1.08985,0
2.09762,1.96661,1.10135,0
2.09771,1.96352,1.11091,0
2.0978,1.96821,1.12492,0
2.09789,1.96241,1.133,0
2.09797,1.96436,1.14558,0
2.09806,1.9671,1.15871,0
2.09815,1.97148,1.17291,0
2.09823,1.96463,1.18047,0
2.09832,1.96031,1.18955,0
2.09841,1.96193,1.20227,0
2.0985,1.96601,1.21661,0
2.09858,1.96323,1.22676,0
2.09867,1.96463,1.23959,0
2.09876,1.96848,1.25406,0
2.09885,1.96551,1.26426,0
2.09893,1.96668,1.27718,0
2.09902,1.97949,1.29781,0
2.09911,1.96213,1.29871,0
2.09919,1.95811,1.30837,0
2.09928,1.9557,1.31914,0
2.09937,1.95736,1.33272,0
2.09946,1.95977,1.34691,0
2.09954,1.95963,1.35944,0
2.09963,1.95941,1.37199,0
2.09972,1.95096,1.3788,0
2.09981,1.95388,1.39369,0
2.09989,1.93723,1.3946,0
2.09998,1.95216,1.41833,0
2.10007,1.95321,1.43215,0
2.10015,1.95578,1.4472,0
2.10024,1.95105,1.45692,0
2.10033,1.95107,1.47023,0
2.10042,1.94861,1.48176,0
2.1005,1.94848,1.49512,0
2.10059,1.94272,1.50422,0
2.10068,1.95033,1.52376,0
2.10077,1.94837,1.53597,0
2.10085,1.94713,1.54882,0
2.10094,1.94503,1.56105,0
2.10103,1.94986,1.57896,0
2.10111,1.94295,1.58746,0
2.1012,1.95144,1.60864,0
2.10129,1.94594,1.61842,0
2.10138,1.94192,1.62947,0
2.10146,1.94472,1.64632,0
2.10155,1.94892,1.66454,0
2.10164,1.95073,1.68086,0
2.10173,1.94715,1.69263,0
2.10181,1.94501,1.70573,0
2.1019,1.94654,1.72215,0
2.10199,1.95019,1.74061,0
2.10207,1.94927,1.75513,0
2.10216,1.94751,1.769,0
2.10225,1.94273,1.78018,0
2.10234,1.95036,1.80289,0
2.10242,1.94248,1.81139,0
2.10251,1.94694,1.83149,0
2.1026,1.94618,1.84686,0
2.10269,1.94749,1.86432,0
2.10277,1.95373,1.88669,0
2.10286,1.94619,1.8959,0
2.10295,1.95431,1.92049,0
2.10303,1.94733,1.93041,0
2.10312,1.95939,1.95939,0
2.10321,1.95294,1.97005,0
2.1033,1.95133,1.98569,0
2.10338,1.95032,2.00206,0
2.10347,1.95477,2.02422,0
2.10356,1.95629,2.04357,0
2.10365,1.95355,2.05861,0
2.10373,1.95414,2.07731,0
2.10382,1.94983,2.09094,0
2.10391,1.95087,2.11044,0
2.10399,1.95178,2.12999,0
2.10408,1.95188,2.14885,0
2.10417,1.94851,2.16404,0
2.10426,1.95103,2.18595,0
2.10434,1.9481,2.20193,0
2.10443,1.94837,2.22169,0
2.10452,1.94456,2.23696,0
2.10461,1.94196,2.25376,0
2.10469,1.93536,2.26601,0
2.10478,1.94936,2.30267,0
2.10487,1.9425,2.31499,0
2.10495,1.93622,2.32805,0
2.10504,1.94449,2.35886,0
2.10513,1.94114,2.37584,0
2.10522,1.9446,2.40138,0
2.1053,1.94161,2.4192,0
2.10539,1.94349,2.4433,0
2.10548,1.93529,2.4549,0
2.10557,1.94241,2.48617,0
2.10565,1.93828,2.50332,0
2.10574,1.94438,2.53397,0
2.10583,1.93876,2.54959,0
2.10591,1.93965,2.574,0
2.106,1.94097,2.59927,0
2.10609,1.93972,2.62138,0
2.10618,1.93654,2.64111,0
2.10626,1.91677,2.6382,0
2.10635,1.91225,2.65628,0
2.10644,1.88787,2.64669,0
2.10653,1.87457,2.65245,0
2.10661,1.85036,2.64258,0
2.1067,1.83938,2.65145,0
2.10679,1.81533,2.64132,0
2.10687,1.80492,2.65087,0
2.10696,1.78159,2.64131,0
2.10705,1.76727,2.6449,0
2.10714,1.74964,2.64342,0
2.10722,1.73096,2.64016,0
2.10731,1.71289,2.63762,0
2.1074,1.70191,2.64591,0
2.10749,1.68121,2.63897,0
2.10757,1.66861,2.64459,0
2.10766,1.65123,2.64252,0
2.10775,1.63232,2.63779,0
2.10783,1.61452,2.63466,0
2.10792,1.59886,2.63484,0
2.10801,1.58941,2.64522,0
2.1081,1.56865,2.63666,0
2.10818,1.55662,2.64262,0
2.10827,1.5345,2.63124,0
2.10836,1.5195,2.63185,0
2.10844,1.50751,2.63759,0
2.10853,1.49106,2.63544,0
2.10862,1.47808,2.6393,0
2.10871,1.45928,2.63261,0
2.10879,1.44874,2.6407,0
2.10888,1.42957,2.63294,0
2.10897,1.41996,2.64267,0
2.10906,1.4009,2.63472,0
2.10914,1.38427,2.63107,0
2.10923,1.37232,2.6362,0
2.10932,1.35714,2.63505,0
2.1094,1.34063,2.63114,0
2.10949,1.32419,2.62714,0
2.10958,1.3145,2.63648,0
2.10967,1.29812,2.63232,0
2.10975,1.28487,2.63437,0
2.10984,1.26858,2.63004,0
2.10993,1.25365,2.62833,0
2.11002,1.23961,2.62835,0
2.1101,1.22728,2.63192,0
2.11019,1.20825,2.6209,0
2.11028,1.20012,2.63343,0
2.11036,1.18369,2.6277,0
2.11045,1.16977,2.62736,0
2.11054,1.1587,2.63335,0
2.11063,1.14321,2.62921,0
2.11071,1.12897,2.62774,0
2.1108,1.11397,2.62436,0
2.11089,1.10174,2.62735,0
2.11098,1.08452,2.61827,0
2.11106,1.07195,2.62021,0
2.11115,1.05826,2.61929,0
2.11124,1.04275,2.61367,0
2.11132,1.03317,2.62285,0
2.11141,1.01845,2.61894,0
2.1115,1.00594,2.62056,0
2.11159,0.992724,2.62025,0
2.11167,0.982332,2.62737,0
2.11176,0.965321,2.61662,0
2.11185,0.953894,2.6208,0
2.11194,0.94076,2.62023,0
2.11202,0.928317,2.62149,0
2.11211,0.912254,2.61229,0
2.1122,0.904754,2.6276,0
2.11228,0.887816,2.61542,0
2.11237,0.876078,2.61832,0
2.11246,0.86214,2.61452,0
2.11255,0.84887,2.61255,0
2.11263,0.838072,2.61814,0
2.11272,0.824535,2.61509,0
2.11281,0.811041,2.61198,0
2.1129,0.796421,2.60497,0
2.11298,0.787641,2.61704,0
2.11307,0.774226,2.61374,0
2.11316,0.761695,2.61326,0
2.11324,0.749182,2.61271,0
2.11333,0.739404,2.62173,0
2.11342,0.723414,2.60855,0
2.11351,0.7115,2.60975,0
2.11359,0.699588,2.6109,0
2.11368,0.687171,2.61006,0
2.11377,0.676777,2.6169,0
2.11386,0.664368,2.61595,0
2.11394,0.651738,2.61398,0
2.11403,0.639375,2.61291,0
2.11412,0.6247,2.60206,0
2.1142,0.615632,2.6145,0
2.11429,0.601294,2.60449,0
2.11438,0.588159,2.59929,0
2.11447,0.577677,2.60573,0
2.11455,0.565454,2.60432,0
2.11464,0.554916,2.61068,0
2.11473,0.544335,2.61699,0
2.11482,0.529721,2.60366,0
2.1149,0.51816,2.60497,0
2.11499,0.505835,2.60229,0
2.11508,0.494102,2.60251,0
2.11516,0.482378,2.60268,0
2.11525,0.469593,2.59688,0
2.11534,0.460341,2.61073,0
2.11543,0.447083,2.60187,0
2.11551,0.434736,2.59788,0
2.1156,0.4242,2.60468,0
2.11569,0.413769,2.61244,0
2.11578,0.400237,2.60038,0
2.11586,0.38933,2.60507,0
2.11595,0.378247,2.60872,0
2.11604,0.365608,2.60143,0
2.11612,0.354523,2.60499,0
2.11621,0.342501,2.60155,0
2.1163,0.330641,2.59905,0
2.11639,0.318445,2.59352,0
2.11647,0.307948,2.60184,0
2.11656,0.29614,2.59918,0
2.11665,0.283925,2.5925,0
2.11674,0.273028,2.59769,0
2.11682,0.261892,2.60085,0
2.11691,0.251212,2.60893,0
2.117,0.238728,2.59806,0
2.11708,0.227389,2.59907,0
2.11717,0.215467,2.59306,0
2.11726,0.203837,2.58999,0
2.11735,0.192979,2.59684,0
2.11743,0.181995,2.60264,0
2.11752,0.170244,2.59743,0
2.11761,0.158848,2.59715,0
2.1177,0.147855,2.60381,0
2.11778,0.135812,2.59144,0
2.11787,0.124599,2.59401,0
2.11796,0.113018,2.58853,0
2.11804,0.101879,2.593,0
2.11813,0.0902153,2.58343,0
2.11822,0.0792781,2.59479,0
2.11831,0.0678507,2.59111,0
2.11839,0.056697,2.59838,0
2.11848,0.0452716,2.59361,0
2.11857,0.0338236,2.58378,0
2.11866,0.0226455,2.5949,0
2.11874,0.0113011,2.58998,0
2.11883,9.39756e-08,2.583,0
2.11892,-0.0113009,2.58998,0
2.119,-0.0226016,2.5899,0
2.11909,-0.0339936,2.59678,0
2.11918,-0.0451667,2.58761,0
2.11927,-0.0564568,2.58738,0
2.11935,-0.0677982,2.58911,0
2.11944,-0.0788809,2.5818,0
2.11953,-0.0902151,2.58343,0
2.11962,-0.101526,2.58401,0
2.1197,-0.112843,2.58454,0
2.11979,-0.124263,2.58702,0
2.11988,-0.135707,2.58945,0
2.11996,-0.147061,2.58983,0
2.12005,-0.15836,2.58916,0
2.12014,-0.169721,2.58944,0
2.12023,-0.18046,2.5807,0
2.12031,-0.192089,2.58487,0
2.1204,-0.203287,2.58301,0
2.12049,-0.214639,2.5831,0
2.12058,-0.226343,2.58712,0
2.12066,-0.237721,2.5871,0
2.12075,-0.249486,2.59102,0
2.12084,-0.259988,2.58194,0
2.12092,-0.270729,2.57581,0
2.12101,-0.283163,2.58554,0
2.1211,-0.293649,2.57733,0
2.12119,-0.306067,2.58595,0
2.12127,-0.316616,2.57863,0
2.12136,-0.327865,2.57723,0
2.12145,-0.340804,2.58866,0
2.12153,-0.351826,2.58517,0
2.12162,-0.362963,2.58262,0
2.12171,-0.374946,2.58596,0
2.1218,-0.386522,2.58628,0
2.12188,-0.397346,2.5816,0
2.12197,-0.409232,2.58379,0
2.12206,-0.15592,0.957386,0
2.12215,-0.158611,0.94782,0
2.12223,-0.157326,0.915582,0
2.12232,-0.158193,0.89716,0
2.12241,-0.15837,0.875796,0
2.12249,-0.161643,0.872147,0
2.12258,-0.160411,0.844907,0
2.12267,-0.161424,0.830457,0
2.12276,-0.161535,0.81209,0
2.12284,-0.160491,0.788839,0
2.12293,-0.166172,0.798901,0
2.12302,-0.168824,0.794256,0
2.12311,-0.169954,0.782762,0
2.12319,-0.173801,0.783966,0
2.12328,-0.175675,0.776372,0
2.12337,-0.177261,0.767804,0
2.12345,-0.180151,0.765076,0
2.12354,-0.183488,0.764283,0
2.12363,-0.18492,0.755704,0
2.12372,-0.179264,0.718989,0
2.1238,-0.173046,0.681369,0
2.12389,-0.173513,0.670926,0
2.12398,-0.176185,0.669196,0
2.12407,-0.176256,0.657795,0
2.12415,-0.180702,0.662809,0
2.12424,-0.185463,0.66876,0
2.12433,-0.187022,0.663132,0
2.12441,-0.18826,0.656542,0
2.1245,-0.195321,0.670115,0
2.12459,-0.191426,0.646245,0
2.12468,-0.770925,2.5615,0
2.12476,-0.785603,2.56959,0
2.12485,-0.7974,2.56805,0
2.12494,-0.807094,2.55978,0
2.12503,-0.823134,2.57147,0
2.12511,-0.834655,2.5688,0
2.1252,-0.846795,2.56799,0
2.12529,-0.855453,2.55668,0
2.12537,-0.872387,2.56997,0
2.12546,-0.883266,2.56519,0
2.12555,-0.894451,2.56131,0
2.12564,-0.905618,2.55739,0
2.12572,-0.920485,2.56376,0
2.12581,-0.935083,2.56912,0
2.1259,-0.943515,2.55751,0
2.12599,-0.957467,2.56086,0
2.12607,-0.966506,2.55105,0
2.12616,-0.981928,2.55801,0
2.12625,-0.998154,2.56675,0
2.12633,-1.00898,2.56144,0
2.12642,-1.02014,2.55701,0
2.12651,-1.01856,2.52101,0
2.1266,-1.02614,2.50821,0
2.12668,-1.03784,2.50556,0
2.12677,-1.05147,2.50746,0
2.12686,-1.06005,2.49733,0
2.12695,-0.402639,0.937167,0
2.12703,-0.416294,0.957411,0
2.12712,-0.429731,0.976637,0
2.12721,-0.398195,0.894361,0
2.12729,-0.387719,0.860703,0
2.12738,-0.390226,0.856274,0
2.12747,-0.411542,0.892705,0
2.12756,-0.415011,0.889994,0
2.12764,-0.41889,0.888175,0
2.12773,-0.419748,0.880021,0
2.12782,-0.41924,0.869174,0
2.12791,-0.418206,0.85745,0
2.12799,-0.417078,0.845751,0
2.12808,-0.414964,0.832289,0
2.12817,-0.419492,0.832256,0
2.12825,-0.420395,0.825072,0
2.12834,-0.426738,0.828564,0
2.12843,-0.41465,0.796536,0
2.12852,-0.429297,0.815959,0
2.1286,-0.422524,0.794653,0
2.12869,-0.418888,0.779588,0
2.12878,-0.421331,0.775996,0
2.12887,-0.423751,0.772396,0
2.12895,-0.419845,0.757421,0
2.12904,-0.423635,0.756454,0
2.12913,-0.41659,0.736321,0
2.12921,-0.402432,0.704109,0
2.1293,-0.4065,0.704079,0
2.12939,-0.407049,0.697979,0
2.12948,-0.407046,0.691027,0
2.12956,-0.40341,0.678072,0
2.12965,-0.411515,0.684877,0
2.12974,-0.415019,0.68393,0
2.12983,-0.415386,0.677849,0
2.12991,-0.41413,0.669227,0
2.13,-0.419696,0.671654,0
2.13009,-0.424224,0.672354,0
2.13017,-0.430914,0.6764,0
2.13026,-0.430075,0.668626,0
2.13035,-0.434077,0.66842,0
2.13044,-0.436441,0.665684,0
2.13052,-0.437686,0.661271,0
2.13061,-0.432234,0.646883,0
2.1307,-0.435052,0.644991,0
2.13079,-0.431671,0.633994,0
2.13087,-0.429336,0.624688,0
2.13096,-0.429778,0.619522,0
2.13105,-0.436492,0.623375,0
2.13113,-0.444979,0.629631,0
2.13122,-0.468627,0.656991,0
2.13131,-0.476163,0.661433,0
2.1314,-0.474343,0.652877,0
2.13148,-0.483691,0.659672,0
2.13157,-0.474074,0.640674,0
2.13166,-0.475668,0.636997,0
2.13175,-0.48085,0.63811,0
2.13183,-0.484235,0.636802,0
2.13192,-0.482748,0.629129,0
2.13201,-0.488549,0.63097,0
2.13209,-0.480216,0.614648,0
2.13218,-0.488465,0.619615,0
2.13227,-0.491164,0.617478,0
2.13236,-0.509502,0.634826,0
2.13244,-0.535552,0.661351,0
2.13253,-0.54729,0.66985,0
2.13262,-0.542575,0.658196,0
2.13271,-0.543523,0.653516,0
2.13279,-0.531585,0.633519,0
2.13288,-0.541452,0.639589,0
2.13297,-0.543588,0.63646,0
2.13305,-0.543749,0.631052,0
2.13314,-0.541905,0.62339,0
2.13323,-0.540664,0.616509,0
2.13332,-0.532084,0.601411,0
2.1334,-0.532039,0.5961,0
2.13349,-0.544672,0.60492,0
2.13358,-0.529825,0.583292,0
2.13366,-0.230376,0.251412,0
2.13375,-0.393704,0.425907,0
2.13384,-0.162998,0.174794,0
2.13393,-0.161703,0.171896,0
2.13401,-0.141113,0.148702,0
2.1341,-0.145218,0.151696,0
2.13419,-0.113229,0.117252,0
2.13428,-0.0641967,0.0658998,0
2.13436,-0.0721937,0.0734648,0
2.13445,-0.0513931,0.0518435,0
2.13454,-0.0678822,0.0678823,0
