7200
4481
3.90954
3.92542,-0.0476618,-0.048501,0
3.92551,-0.0383785,-0.0393966,0
3.92559,-0.0618246,-0.0640212,0
3.92568,-0.0504805,-0.0527326,0
3.92577,-0.0647053,-0.0681852,0
3.92586,-0.0513887,-0.0546278,0
3.92594,-0.0559239,-0.059971,0
3.92603,-0.0461585,-0.0499339,0
3.92612,-0.0499937,-0.0545585,0
3.92621,-0.0571512,-0.0629185,0
3.92629,-0.06156,-0.0683693,0
3.92638,-0.0672541,-0.0753518,0
3.92647,-0.0563227,-0.0636612,0
3.92655,-0.0586818,-0.0669137,0
3.92664,-0.0623256,-0.0716974,0
3.92673,-0.0541791,-0.0628779,0
3.92682,-0.0662437,-0.0775614,0
3.9269,-0.0587973,-0.0694542,0
3.92699,-0.063636,-0.0758384,0
3.92708,-0.0594678,-0.0715023,0
3.92717,-0.0629717,-0.0763908,0
3.92725,-0.0645359,-0.078988,0
3.92734,-0.0654493,-0.0808232,0
3.92743,-0.0594627,-0.074089,0
3.92751,-0.0634965,-0.079826,0
3.9276,-0.0606712,-0.0769611,0
3.92769,-0.0615661,-0.0788011,0
3.92778,-0.0569362,-0.0735341,0
3.92786,-0.0578323,-0.0753686,0
3.92795,-0.0623453,-0.0819882,0
3.92804,-0.0541634,-0.0718772,0
3.92813,-0.0550459,-0.0737154,0
3.92821,-0.0600771,-0.0811895,0
3.9283,-0.0609049,-0.0830638,0
3.92839,-0.0570152,-0.0784746,0
3.92847,-0.0689415,-0.0957657,0
3.92856,-0.0650387,-0.0911809,0
3.92865,-0.0646403,-0.0914639,0
3.92874,-0.0659613,-0.0942025,0
3.92882,-0.0416098,-0.0599802,0
3.92891,-0.0560742,-0.0815885,0
3.929,-0.0675366,-0.0991908,0
3.92909,-0.0503274,-0.0746134,0
3.92917,-0.067224,-0.100608,0
3.92926,-0.0634728,-0.0958969,0
3.92935,-0.0652469,-0.0995181,0
3.92943,-0.0691692,-0.106511,0
3.92952,-0.0568023,-0.0883091,0
3.92961,-0.0558792,-0.0877127,0
3.9297,-0.0368194,-0.0583552,0
3.92978,-1.06143,-1.69864,0
3.92987,-1.06611,-1.72281,0
3.92996,-1.06328,-1.73512,0
3.93005,-1.06193,-1.75,0
3.93013,-1.06767,-1.77691,0
3.93022,-1.06247,-1.78585,0
3.93031,-1.05974,-1.79908,0
3.93039,-1.068,-1.83133,0
3.93048,-1.063,-1.84117,0
3.93057,-1.06438,-1.86229,0
3.93066,-1.06708,-1.88606,0
3.93074,-1.06373,-1.89942,0
3.93083,-1.06852,-1.92766,0
3.93092,-1.06683,-1.94458,0
3.93101,-1.06359,-1.95888,0
3.93109,-1.0645,-1.98112,0
3.93118,-1.06476,-2.00253,0
3.93127,-1.06626,-2.02662,0
3.93135,-1.05925,-2.0348,0
3.93144,-1.06135,-2.06074,0
3.93153,-1.06188,-2.08406,0
3.93162,-1.05863,-2.10029,0
3.9317,-1.0615,-2.12905,0
3.93179,-1.05884,-2.14711,0
3.93188,-1.06437,-2.18227,0
3.93197,-1.06526,-2.20851,0
3.93205,-1.06595,-2.2348,0
3.93214,-1.06258,-2.253,0
3.93223,-1.06415,-2.28208,0
3.93231,-1.05921,-2.2976,0
3.9324,-1.06244,-2.33132,0
3.93249,-1.05883,-2.35052,0
3.93258,-1.05955,-2.37979,0
3.93266,-1.05963,-2.40818,0
3.93275,-1.05629,-2.42929,0
3.93284,-1.05397,-2.45317,0
3.93292,-1.05536,-2.48628,0
3.93301,-1.05843,-2.52406,0
3.9331,-1.05965,-2.55822,0
3.93319,-1.05454,-2.57763,0
3.93327,-1.05564,-2.6128,0
3.93336,-1.04979,-2.63132,0
3.93345,-1.04966,-2.66472,0
3.93354,-1.03222,-2.65436,0
3.93362,-0.959351,-2.49919,0
3.93371,-0.868367,-2.29202,0
3.9338,-0.840147,-2.24708,0
3.93388,-0.822028,-2.2282,0
3.93397,-0.812982,-2.23365,0
3.93406,-0.799173,-2.22588,0
3.93415,-0.790455,-2.23218,0
3.93423,-0.776751,-2.22427,0
3.93432,-0.766387,-2.22575,0
3.93441,-0.75249,-2.21676,0
3.9345,-0.740272,-2.21244,0
3.93458,-0.72748,-2.20615,0
3.93467,-0.720628,-2.21786,0
3.93476,-0.711553,-2.22289,0
3.93484,-0.704554,-2.23456,0
3.93493,-0.695983,-2.24143,0
3.93502,-0.688243,-2.25114,0
3.93511,-0.682449,-2.26753,0
3.93519,-0.673684,-2.27432,0
3.93528,-0.668791,-2.29452,0
3.93537,-0.665113,-2.31952,0
3.93546,-0.663672,-2.3532,0
3.93554,-0.646717,-2.33199,0
3.93563,-1.06922,-3.92186,0
3.93572,-1.06426,-3.97189,0
3.9358,-1.06194,-4.03355,0
3.93589,-1.05786,-4.09042,0
3.93598,-1.05944,-4.17157,0
3.93607,-1.06107,-4.25572,0
3.93615,-1.05913,-4.3283,0
3.93624,-1.05587,-4.39803,0
3.93633,-1.0557,-4.48338,0
3.93642,-1.06064,-4.59415,0
3.9365,-1.05692,-4.67091,0
3.93659,-1.05146,-4.74285,0
3.93668,-1.06152,-4.88909,0
3.93676,-1.05515,-4.9641,0
3.93685,-1.05609,-5.07733,0
3.93694,-1.05286,-5.17498,0
3.93703,-1.06051,-5.33155,0
3.93711,-1.06071,-5.45687,0
3.9372,-1.06897,-5.63042,0
3.93729,-1.06535,-5.74811,0
3.93738,-1.0609,-5.86685,0
3.93746,-1.05231,-5.96794,0
3.93755,-1.02863,-5.98627,0
3.93764,-0.999198,-5.97097,0
3.93772,-0.974582,-5.98416,0
3.93781,-0.947367,-5.98144,0
3.9379,-0.923389,-5.99935,0
3.93799,-0.89676,-6.00036,0
3.93807,-0.871,-6.00718,0
3.93816,-0.844363,-6.00796,0
3.93825,-0.817197,-6.00465,0
3.93834,-0.790858,-6.00716,0
3.93842,-0.762999,-5.99766,0
3.93851,-0.737675,-6.00788,0
3.9386,-0.710866,-6.00608,0
3.93868,-0.683747,-6.00117,0
3.93877,-0.6581,-6.00907,0
3.93886,-0.63062,-5.99995,0
3.93895,-0.603733,-5.99568,0
3.93903,-0.577183,-5.99428,0
3.93912,-0.552304,-6.01068,0
3.93921,-0.525462,-6.00606,0
3.9393,-0.498837,-6.00331,0
3.93938,-0.472795,-6.00742,0
3.93947,-0.446133,-6.00345,0
3.93956,-0.420004,-6.00633,0
3.93964,-0.393073,-5.99713,0
3.93973,-0.366658,-5.9948,0
3.93982,-0.34061,-5.99834,0
3.93991,-0.31433,-5.99777,0
3.93999,-0.28878,-6.01207,0
3.94008,-0.262196,-6.00528,0
3.94017,-0.23548,-5.99338,0
3.94026,-0.209432,-5.99734,0
3.94034,-0.183598,-6.0092,0
3.94043,-0.157114,-5.99994,0
3.94052,-0.131064,-6.00657,0
3.9406,-0.104941,-6.01208,0
3.94069,-0.0785376,-5.99949,0
3.94078,-0.0524466,-6.00977,0
3.94087,-0.0261799,-5.99994,0
3.94095,-7.22063e-08,-5.994,0
3.94104,0.0261885,-6.00194,0
3.94113,0.0523242,-5.99577,0
3.94122,0.0786422,-6.00749,0
3.9413,0.10454,-5.98909,0
3.94139,0.130693,-5.98957,0
3.94148,0.157192,-6.00294,0
3.94156,0.183139,-5.9942,0
3.94165,0.209571,-6.00134,0
3.94174,0.236069,-6.00836,0
3.94183,0.262283,-6.00728,0
3.94191,0.288253,-6.00108,0
3.942,0.31433,-5.99777,0
3.94209,0.340894,-6.00333,0
3.94218,0.367268,-6.00478,0
3.94226,0.393334,-6.00112,0
3.94235,0.419376,-5.99735,0
3.94244,0.445911,-6.00045,0
3.94252,0.472167,-5.99945,0
3.94261,0.497429,-5.98637,0
3.9427,0.524939,-6.00008,0
3.94279,0.551663,-6.00371,0
3.94287,0.577854,-6.00124,0
3.94296,0.604034,-5.99866,0
3.94305,0.630934,-6.00293,0
3.94314,0.656576,-5.99515,0
3.94322,0.683068,-5.99521,0
3.94331,0.710043,-5.99913,0
3.9434,0.735969,-5.99399,0
3.94348,0.762368,-5.9927,0
3.94357,0.784071,-5.95561,0
3.94366,0.80978,-5.95015,0
3.94375,0.837544,-5.95943,0
3.94383,0.863682,-5.95671,0
3.94392,0.890847,-5.9608,0
3.94401,0.916695,-5.95587,0
3.9441,0.946898,-5.97848,0
3.94418,0.977154,-5.99995,0
3.94427,1.00266,-5.99168,0
3.94436,1.03134,-6.00204,0
3.94444,1.05665,-5.99256,0
3.94453,1.08492,-5.9997,0
3.94462,1.11273,-6.00375,0
3.94471,1.1391,-5.99982,0
3.94479,1.16527,-5.9948,0
3.94488,1.19142,-5.98966,0
3.94497,1.22113,-6.00204,0
3.94506,1.24893,-6.00449,0
3.94514,1.27616,-6.00387,0
3.94523,1.30171,-5.99531,0
3.94532,1.32916,-5.99543,0
3.9454,1.3595,-6.00811,0
3.94549,1.3839,-5.99432,0
3.94558,1.41256,-5.99894,0
3.94567,1.43896,-5.99369,0
3.94575,1.46747,-5.99707,0
3.94584,1.49725,-6.00516,0
3.94593,1.5232,-5.9976,0
3.94601,1.54935,-5.9909,0
3.9461,1.57802,-5.99375,0
3.94619,1.60752,-5.99937,0
3.94628,1.63526,-5.99808,0
3.94636,1.66383,-5.99956,0
3.94645,1.69189,-5.99898,0
3.94654,1.7186,-5.99347,0
3.94663,1.74837,-5.99839,0
3.94671,1.77481,-5.99166,0
3.9468,1.80757,-6.00589,0
3.94689,1.83054,-5.98742,0
3.94697,1.83915,-5.92303,0
3.94706,1.83491,-5.81958,0
3.94715,1.83071,-5.71914,0
3.94724,1.83803,-5.65688,0
3.94732,1.83733,-5.57189,0
3.94741,1.08582,-3.24516,0
3.9475,1.09707,-3.23187,0
3.94759,1.10498,-3.20909,0
3.94767,1.11831,-3.20235,0
3.94776,1.13094,-3.19367,0
3.94785,1.14757,-3.19623,0
3.94793,1.17039,-3.21563,0
3.94802,1.18822,-3.22081,0
3.94811,1.82773,-4.88849,0
3.9482,1.83204,-4.83558,0
3.94828,1.82732,-4.76033,0
3.94837,1.83067,-4.70757,0
3.94846,1.84094,-4.67349,0
3.94855,1.83982,-4.61154,0
3.94863,1.8322,-4.53486,0
3.94872,1.83228,-4.47869,0
3.94881,1.83994,-4.44201,0
3.94889,1.83881,-4.38507,0
3.94898,1.83331,-4.31901,0
3.94907,1.84069,-4.28432,0
3.94916,1.83385,-4.21756,0
3.94924,1.83693,-4.17474,0
3.94933,1.8352,-4.12192,0
3.94942,1.83345,-4.07011,0
3.94951,1.83087,-4.01748,0
3.94959,1.83122,-3.97222,0
3.94968,1.82782,-3.91978,0
3.94977,1.81676,-3.85207,0
3.94985,1.80987,-3.79447,0
3.94994,1.80729,-3.7469,0
3.95003,1.85299,-3.7992,0
3.95012,1.709,-3.46552,0
3.9502,1.66967,-3.34884,0
3.95029,1.66806,-3.30938,0
3.95038,1.66297,-3.26376,0
3.95047,1.67261,-3.24758,0
3.95055,1.67569,-3.21896,0
3.95064,1.68552,-3.20366,0
3.95073,1.69526,-3.18832,0
3.95081,1.70395,-3.17121,0
3.9509,1.72063,-3.16901,0
3.95099,1.73781,-3.16761,0
3.95108,1.76471,-3.18362,0
3.95116,1.77956,-3.17763,0
3.95125,1.8003,-3.18202,0
3.95134,1.81913,-3.18282,0
3.95143,1.838,-3.18351,0
3.95151,1.85792,-3.18583,0
3.9516,1.87891,-3.18975,0
3.95169,1.88821,-3.17379,0
3.95177,1.90925,-3.17752,0
3.95186,1.92828,-3.17771,0
3.95195,1.95101,-3.18376,0
3.95204,1.96699,-3.17862,0
3.95212,1.98614,-3.17848,0
3.95221,2.00906,-3.18417,0
3.9523,2.01434,-3.16187,0
3.95239,2.02162,-3.14296,0
3.95247,2.01789,-3.10727,0
3.95256,2.01662,-3.07586,0
3.95265,2.01071,-3.03785,0
3.95273,2.0095,-3.00743,0
3.95282,2.01254,-2.98371,0
3.95291,2.00696,-2.94762,0
3.953,2.00168,-2.91246,0
3.95308,2.00354,-2.88809,0
3.95317,2.00981,-2.87031,0
3.95326,2.01077,-2.84518,0
3.95335,2.01039,-2.81847,0
3.95343,2.00923,-2.791,0
3.95352,2.01081,-2.76765,0
3.95361,2.01991,-2.75481,0
3.95369,2.02835,-2.74115,0
3.95378,2.0373,-2.72827,0
3.95387,2.05159,-2.72255,0
3.95396,2.04347,-2.6873,0
3.95404,2.06492,-2.69105,0
3.95413,2.09378,-2.70416,0
3.95422,2.07539,-2.65638,0
3.95431,2.06468,-2.61903,0
3.95439,2.03936,-2.56382,0
3.95448,2.04239,-2.54476,0
3.95457,2.05725,-2.54049,0
3.95465,2.05756,-2.51833,0
3.95474,2.06217,-2.50161,0
3.95483,2.0916,-2.51488,0
3.95492,2.09035,-2.49118,0
3.955,2.06501,-2.43929,0
3.95509,2.03862,-2.38691,0
3.95518,2.01637,-2.34012,0
3.95527,2.0036,-2.30488,0
3.95535,2.00309,-2.28409,0
3.95544,2.00376,-2.26484,0
3.95553,2.00097,-2.2419,0
3.95561,1.99602,-2.2168,0
3.9557,1.99491,-2.19623,0
3.95579,1.9984,-2.18087,0
3.95588,1.99092,-2.15377,0
3.95596,1.99212,-2.13628,0
3.95605,1.99868,-2.12466,0
3.95614,2.00173,-2.10939,0
3.95623,1.99363,-2.08258,0
3.95631,1.99575,-2.06666,0
3.9564,1.99219,-2.04504,0
3.95649,1.99268,-2.02777,0
3.95657,1.98673,-2.00414,0
3.95666,1.99546,-1.99546,0
3.95675,1.99207,-1.97476,0
3.95684,1.99354,-1.95904,0
3.95692,1.98487,-1.93358,0
3.95701,1.99185,-1.92351,0
3.9571,1.98722,-1.90235,0
3.95719,1.98753,-1.88609,0
3.95727,1.98991,-1.87192,0
3.95736,1.98563,-1.85163,0
3.95745,1.98561,-1.83548,0
3.95753,1.98254,-1.81666,0
3.95762,1.98156,-1.79993,0
3.95771,1.98568,-1.78792,0
3.9578,1.98302,-1.76991,0
3.95788,1.98323,-1.75462,0
3.95797,1.98035,-1.73672,0
3.95806,1.98187,-1.72281,0
3.95814,1.98331,-1.70893,0
3.95823,1.98314,-1.69376,0
3.95832,1.97983,-1.67605,0
3.95841,1.98712,-1.66739,0
3.95849,1.98131,-1.64783,0
3.95858,1.97999,-1.63218,0
3.95867,1.98554,-1.62226,0
3.95876,1.98405,-1.60666,0
3.95884,1.98481,-1.59298,0
3.95893,1.97452,-1.5706,0
3.95902,1.98685,-1.56631,0
3.9591,1.98815,-1.55331,0
3.95919,1.98937,-1.54034,0
3.95928,1.98338,-1.5219,0
3.95937,1.98125,-1.50658,0
3.95945,1.98461,-1.49551,0
3.95954,1.9839,-1.48145,0
3.95963,1.99678,-1.47754,0
3.95972,1.99514,-1.4629,0
3.9598,1.98614,-1.44301,0
3.95989,1.9843,-1.42849,0
3.95998,1.98644,-1.41692,0
3.96006,1.98934,-1.40593,0
3.96015,1.98972,-1.39322,0
3.96024,1.98263,-1.3754,0
3.96033,1.98697,-1.36561,0
3.96041,1.99043,-1.35523,0
3.9605,1.97477,-1.332,0
3.96059,1.97557,-1.32003,0
3.96068,1.97965,-1.3103,0
3.96076,1.98283,-1.3,0
3.96085,1.98346,-1.28807,0
3.96094,1.98653,-1.27778,0
3.96102,1.97944,-1.26104,0
3.96111,1.98831,-1.25453,0
3.9612,1.98613,-1.24107,0
3.96129,1.98557,-1.22871,0
3.96137,1.98495,-1.21638,0
3.96146,1.98425,-1.20407,0
3.96155,1.98434,-1.19231,0
3.96164,1.97749,-1.17649,0
3.96172,1.97916,-1.16582,0
3.96181,1.98509,-1.15767,0
3.9619,1.9858,-1.1465,0
3.96198,1.98297,-1.13336,0
3.96207,1.97658,-1.11829,0
3.96216,1.98231,-1.11015,0
3.96225,1.98539,-1.10052,0
3.96233,1.99105,-1.09233,0
3.96242,1.98788,-1.07933,0
3.96251,1.98377,-1.06592,0
3.9626,1.98398,-1.0549,0
3.96268,1.98414,-1.04391,0
3.96277,1.97981,-1.03062,0
3.96286,1.98162,-1.0206,0
3.96294,1.99229,-1.01512,0
3.96303,1.98688,-1.00147,0
3.96312,1.98765,-0.991005,0
3.96321,1.99195,-0.982323,0
3.96329,1.98364,-0.967485,0
3.96338,1.98064,-0.955345,0
3.96347,1.98027,-0.944541,0
3.96356,1.98709,-0.937172,0
3.96364,1.97575,-0.921308,0
3.96373,1.98611,-0.915609,0
3.96382,1.98827,-0.906105,0
3.9639,1.97944,-0.891671,0
3.96399,1.98331,-0.883025,0
3.96408,1.98897,-0.875169,0
3.96417,1.97076,-0.856912,0
3.96425,1.96621,-0.844752,0
3.96434,1.97172,-0.836946,0
3.96443,1.95507,-0.819827,0
3.96452,1.96417,-0.813585,0
3.9646,1.95289,-0.798949,0
3.96469,1.93874,-0.783302,0
3.96478,1.93657,-0.772612,0
3.96486,1.87014,-0.736668,0
3.96495,1.74192,-0.677397,0
3.96504,1.71032,-0.65653,0
3.96513,1.70662,-0.646581,0
3.96521,1.70849,-0.638778,0
3.9653,1.70563,-0.629241,0
3.96539,1.714,-0.623845,0
3.96548,1.71859,-0.617036,0
3.96556,1.71184,-0.606193,0
3.96565,1.70502,-0.595421,0
3.96574,1.70572,-0.587325,0
3.96582,1.71394,-0.581805,0
3.96591,1.70793,-0.571466,0
3.966,1.71136,-0.564321,0
3.96609,1.70524,-0.554067,0
3.96617,1.71526,-0.549061,0
3.96626,1.70429,-0.537361,0
3.96635,1.7028,-0.528734,0
3.96644,1.70031,-0.519837,0
3.96652,1.70735,-0.513854,0
3.96661,1.70382,-0.504695,0
3.9667,1.69833,-0.495018,0
3.96678,1.70143,-0.487878,0
3.96687,1.69488,-0.478007,0
3.96696,1.71912,-0.476753,0
3.96705,1.70092,-0.463724,0
3.96713,1.70486,-0.456816,0
3.96722,1.6991,-0.447336,0
3.96731,1.70297,-0.440418,0
3.9674,1.70294,-0.432491,0
3.96748,1.70772,-0.425783,0
3.96757,1.69888,-0.415713,0
3.96766,1.70359,-0.408996,0
3.96774,1.69757,-0.399725,0
3.96783,1.69735,-0.391865,0
3.96792,1.69319,-0.383131,0
3.96801,1.69485,-0.375739,0
3.96809,1.69452,-0.367916,0
3.96818,1.69024,-0.359271,0
3.96827,1.69669,-0.352911,0
3.96836,1.68939,-0.34371,0
3.96844,1.68107,-0.334385,0
3.96853,1.68447,-0.327428,0
3.96862,1.69669,-0.322127,0
3.9687,1.69415,-0.313992,0
3.96879,1.69255,-0.306063,0
3.96888,1.68599,-0.297286,0
3.96897,1.68727,-0.289926,0
3.96905,1.68359,-0.281736,0
3.96914,1.69467,-0.275995,0
3.96923,1.70673,-0.270319,0
3.96932,1.74149,-0.268041,0
3.9694,1.90583,-0.284829,0
3.96949,1.94565,-0.282107,0
3.96958,1.96172,-0.275702,0
3.96966,1.9748,-0.268758,0
3.96975,1.9819,-0.260922,0
3.96984,1.97508,-0.251262,0
3.96993,1.98112,-0.243251,0
3.97001,1.96528,-0.232607,0
3.9701,1.96926,-0.224369,0
3.97019,1.98811,-0.217734,0
3.97028,1.99203,-0.209371,0
3.97036,1.99093,-0.200476,0
3.97045,1.98382,-0.191021,0
3.97054,1.98364,-0.182271,0
3.97062,1.99737,-0.174747,0
3.97071,1.98715,-0.16512,0
3.9708,1.98985,-0.156604,0
3.97089,1.98553,-0.14755,0
3.97097,1.98615,-0.138885,0
3.97106,1.99073,-0.130479,0
3.97115,1.98429,-0.121365,0
3.97123,1.9838,-0.112649,0
3.97132,1.98428,-0.103992,0
3.97141,1.98571,-0.0953806,0
3.9715,1.97911,-0.0864101,0
3.97158,1.97348,-0.0775382,0
3.97167,1.9678,-0.0687172,0
3.97176,1.96108,-0.0599166,0
3.97185,1.93634,-0.0507048,0
3.97193,1.73359,-0.0378271,0
3.97202,1.69274,-0.029547,0
3.97211,1.69385,-0.0221738,0
3.97219,1.68894,-0.0147392,0
3.97228,1.68998,-0.00737403,0
3.97237,1.687,-4.08497e-08,0
3.97246,1.69298,0.00738704,0
3.97254,1.69394,0.0147827,0
3.97263,1.69285,0.0221606,0
3.97272,1.69174,0.0295294,0
3.97281,1.6916,0.0369107,0
3.97289,1.69642,0.0444222,0
3.97298,1.7042,0.0520681,0
3.97307,1.69297,0.0591197,0
3.97315,1.69269,0.0665061,0
3.97324,1.68939,0.0737603,0
3.97333,1.68306,0.0808431,0
3.97342,1.68569,0.0883431,0
3.9735,1.68928,0.0959242,0
3.97359,1.68884,0.103294,0
3.97368,1.68339,0.110335,0
3.97377,1.6809,0.11754,0
3.97385,1.69433,0.12591,0
3.97394,1.73364,0.13644,0
3.97403,1.92138,0.159654,0
3.97411,1.95553,0.171087,0
3.9742,1.97169,0.181173,0
3.97429,1.97487,0.190158,0
3.97438,1.978,0.199174,0
3.97446,1.98308,0.20843,0
3.97455,1.98314,0.217189,0
3.97464,1.98019,0.225614,0
3.97473,1.97919,0.234252,0
3.97481,1.97914,0.243007,0
3.9749,1.97806,0.251641,0
3.97499,1.97793,0.2604,0
3.97507,1.98669,0.270376,0
3.97516,1.98747,0.27932,0
3.97525,1.98227,0.287416,0
3.97534,1.981,0.296062,0
3.97542,1.98463,0.305464,0
3.97551,1.98723,0.314746,0
3.9756,1.97991,0.32245,0
3.97569,1.97948,0.33125,0
3.97577,1.98097,0.340392,0
3.97586,1.98636,0.350248,0
3.97595,1.97989,0.358022,0
3.97603,1.98617,0.368116,0
3.97612,1.9816,0.376219,0
3.97621,1.98681,0.386197,0
3.9763,1.98315,0.394473,0
3.97638,1.98533,0.403919,0
3.97647,1.98453,0.412782,0
3.97656,1.97488,0.419774,0
3.97665,1.99257,0.43263,0
3.97673,1.98871,0.440887,0
3.97682,1.99945,0.45243,0
3.97691,1.98869,0.459125,0
3.97699,1.99835,0.470548,0
3.97708,1.98947,0.477629,0
3.97717,1.98639,0.486068,0
3.97726,1.98328,0.494488,0
3.97734,1.98692,0.504614,0
3.97743,1.98858,0.51428,0
3.97752,1.98341,0.522189,0
3.97761,1.98401,0.531614,0
3.97769,1.9836,0.540792,0
3.97778,1.98508,0.550511,0
3.97787,1.98266,0.559167,0
3.97795,1.98693,0.569742,0
3.97804,1.98442,0.578407,0
3.97813,1.97133,0.583935,0
3.97822,1.98122,0.596278,0
3.9783,1.98911,0.608133,0
3.97839,1.99217,0.618586,0
3.97848,1.98945,0.627272,0
3.97857,1.97813,0.633203,0
3.97865,1.98105,0.643682,0
3.97874,1.98772,0.655452,0
3.97883,1.98484,0.664119,0
3.97891,1.98761,0.674701,0
3.979,1.98653,0.684019,0
3.97909,1.98353,0.69268,0
3.97918,1.97955,0.700994,0
3.97926,1.98776,0.71368,0
3.97935,1.99215,0.725083,0
3.97944,1.97958,0.730307,0
3.97953,1.982,0.741039,0
3.97961,1.98249,0.751097,0
3.9797,1.97732,0.759023,0
3.97979,1.9712,0.766556,0
3.97987,1.98737,0.782847,0
3.97996,1.98672,0.792622,0
3.98005,1.98417,0.801658,0
3.98014,1.99084,0.814473,0
3.98022,1.98265,0.821239,0
3.98031,1.98827,0.833749,0
3.9804,1.98185,0.841244,0
3.98049,1.98551,0.853041,0
3.98057,1.98819,0.864488,0
3.98066,1.98256,0.872349,0
3.98075,1.99153,0.886686,0
3.98083,1.98673,0.894956,0
3.98092,1.9819,0.903202,0
3.98101,1.98611,0.915609,0
3.9811,1.99025,0.92807,0
3.98118,1.98347,0.935465,0
3.98127,1.97756,0.94325,0
3.98136,1.98784,0.958821,0
3.98145,1.99442,0.972746,0
3.98153,1.98747,0.980112,0
3.98162,1.99481,0.994575,0
3.98171,2.01188,1.01407,0
3.98179,1.99853,1.0183,0
3.98188,1.99318,1.02655,0
3.98197,1.98957,1.0357,0
3.98206,1.99299,1.04856,0
3.98214,1.99634,1.06148,0
3.98223,1.99169,1.07018,0
3.98232,1.98701,1.07886,0
3.98241,1.98754,1.0904,0
3.98249,1.99763,1.10731,0
3.98258,1.99104,1.11503,0
3.98267,1.98876,1.12519,0
3.98275,1.9847,1.13435,0
3.98284,1.98666,1.147,0
3.98293,1.98077,1.15515,0
3.98302,1.98864,1.1714,0
3.9831,1.98695,1.18211,0
3.98319,1.98691,1.19386,0
3.98328,1.98254,1.20304,0
3.98336,1.98068,1.21376,0
3.98345,1.98557,1.22871,0
3.98354,1.99037,1.24372,0
3.98363,1.98746,1.25399,0
3.98371,1.98619,1.26534,0
3.9838,1.98822,1.27886,0
3.98389,1.98765,1.29079,0
3.98398,1.98952,1.30439,0
3.98406,1.98465,1.31361,0
3.98415,1.98555,1.3267,0
3.98424,1.98389,1.33815,0
3.98432,1.9772,1.34623,0
3.98441,1.98697,1.36561,0
3.9845,1.97935,1.37312,0
3.98459,1.97498,1.38289,0
3.98467,1.97219,1.39381,0
3.98476,1.98807,1.41808,0
3.98485,1.98024,1.42557,0
3.98494,1.97886,1.43772,0
3.98502,1.98224,1.45344,0
3.98511,1.97829,1.46386,0
3.9852,1.97749,1.47667,0
3.98528,1.97742,1.49009,0
3.98537,1.98045,1.50597,0
3.98546,1.98973,1.52677,0
3.98555,1.97514,1.52932,0
3.98563,1.98027,1.54716,0
3.98572,1.99078,1.5694,0
3.98581,1.98469,1.5787,0
3.9859,1.97935,1.58859,0
3.98598,1.9724,1.59722,0
3.98607,1.98399,1.62099,0
3.98616,1.98539,1.63663,0
3.98624,1.98515,1.65103,0
3.98633,1.98329,1.66418,0
3.98642,1.99127,1.68574,0
3.98651,1.98542,1.69571,0
3.98659,1.98179,1.70762,0
3.98668,1.98791,1.72806,0
3.98677,1.99087,1.74595,0
3.98686,1.97649,1.74865,0
3.98694,1.986,1.77258,0
3.98703,1.98197,1.78457,0
3.98712,1.98304,1.80127,0
3.9872,1.97885,1.81328,0
3.98729,1.99001,1.83955,0
3.98738,1.99001,1.85572,0
3.98747,1.98627,1.86849,0
3.98755,1.97882,1.87783,0
3.98764,1.98144,1.89682,0
3.98773,1.9825,1.91448,0
3.98782,1.98129,1.93009,0
3.9879,1.98712,1.95273,0
3.98799,1.98142,1.9642,0
3.98808,1.98626,1.98626,0
3.98816,1.97758,1.99491,0
3.98825,1.98778,2.02278,0
3.98834,1.98312,2.03573,0
3.98843,1.98117,2.05156,0
3.98851,1.98879,2.07752,0
3.9886,1.98453,2.09125,0
3.98869,1.98635,2.11155,0
3.98878,1.98325,2.12678,0
3.98886,2.00314,2.16699,0
3.98895,2.12068,2.31431,0
3.98904,2.24772,2.47455,0
3.98912,2.24493,2.49325,0
3.98921,2.25401,2.5254,0
3.9893,2.24098,2.53297,0
3.98939,2.23254,2.54573,0
3.98947,2.23585,2.57205,0
3.98956,2.29902,2.66814,0
3.98965,2.21657,2.59527,0
3.98974,2.18971,2.58659,0
3.98982,2.17455,2.59153,0
3.98991,2.14724,2.58177,0
3.99,2.13659,2.59189,0
3.99008,2.11513,2.58879,0
3.99017,2.0969,2.58945,0
3.99026,2.15067,2.67968,0
3.99035,2.05928,2.58887,0
3.99043,2.04363,2.59233,0
3.99052,2.02491,2.59177,0
3.99061,2.00318,2.58714,0
3.9907,1.98821,2.59109,0
3.99078,2.02834,2.6674,0
3.99087,2.01608,2.67543,0
3.99096,1.9272,2.58084,0
3.99104,1.92009,2.59485,0
3.99113,1.89929,2.5903,0
3.99122,1.88385,2.5929,0
3.99131,1.86901,2.59623,0
3.99139,1.84722,2.5897,0
3.99148,1.88438,2.66633,0
3.99157,1.80791,2.58197,0
3.99166,1.80404,2.60051,0
3.99174,1.78135,2.59188,0
3.99183,1.83587,2.69634,0
3.99192,1.82297,2.70266,0
3.992,1.81505,2.71641,0
3.99209,1.60945,2.43161,0
3.99218,1.5906,2.42607,0
3.99227,1.59743,2.45982,0
3.99235,1.64294,2.55424,0
3.99244,1.48778,2.33535,0
3.99253,1.45623,2.30799,0
3.99262,1.43979,2.30415,0
3.9927,1.42814,2.30786,0
3.99279,1.41806,2.31407,0
3.99288,1.40536,2.31596,0
3.99296,1.41069,2.34778,0
3.99305,1.40708,2.36509,0
3.99314,1.38761,2.35569,0
3.99323,1.37329,2.35482,0
3.99331,1.3665,2.36685,0
3.9934,1.36608,2.39015,0
3.99349,1.79981,3.18115,0
3.99358,1.80252,3.21864,0
3.99366,1.81125,3.26758,0
3.99375,1.80323,3.28685,0
3.99384,1.80032,3.31578,0
3.99392,1.80193,3.35355,0
3.99401,1.80324,3.3914,0
3.9941,1.7996,3.42048,0
3.99419,1.80082,3.45934,0
3.99427,1.7999,3.49473,0
3.99436,1.80098,3.53462,0
3.99445,1.80039,3.57192,0
3.99454,1.7955,3.60122,0
3.99462,1.79304,3.63592,0
3.99471,1.7925,3.67517,0
3.9948,1.79904,3.72979,0
3.99488,1.79566,3.76468,0
3.99497,1.7933,3.80233,0
3.99506,1.79401,3.84728,0
3.99515,1.79479,3.89321,0
3.99523,1.79604,3.94104,0
3.99532,1.79402,3.98258,0
3.99541,1.78964,4.0196,0
3.9955,1.79706,4.08412,0
3.99558,1.79876,4.13686,0
3.99567,1.79372,4.17499,0
3.99576,1.79111,4.21959,0
3.99584,1.79395,4.27809,0
3.99593,1.78981,4.32098,0
3.99602,1.7876,4.36948,0
3.99611,1.78837,4.42638,0
3.99619,2.46198,6.17101,0
3.99628,2.43503,6.18169,0
3.99637,2.39209,6.15125,0
3.99645,2.3681,6.1691,0
3.99654,2.33903,6.17376,0
3.99663,2.29876,6.14832,0
3.99672,2.28091,6.18268,0
3.9968,2.24707,6.17378,0
3.99689,2.21065,6.15717,0
3.99698,2.17742,6.14885,0
3.99707,2.14629,6.14602,0
3.99715,2.11782,6.1506,0
3.99724,2.09418,6.16925,0
3.99733,2.05518,6.14229,0
3.99741,2.02492,6.14075,0
3.9975,2.00676,6.17616,0
3.99759,1.9682,6.14867,0
3.99768,1.94466,6.16769,0
3.99776,1.93671,6.23724,0
3.99785,0.714849,2.33817,0
3.99794,1.33954,4.45079,0
3.99803,0.709754,2.39609,0
3.99811,1.30596,4.48055,0
3.9982,0.676965,2.36086,0
3.99829,2.35583,8.35315,0
3.99837,2.36132,8.51464,0
3.99846,0.654685,2.40136,0
3.99855,0.636177,2.37425,0
3.99864,0.624793,2.37313,0
3.99872,0.614433,2.37583,0
3.99881,0.605291,2.38334,0
3.9989,0.594402,2.38402,0
3.99899,0.568069,2.32151,0
3.99907,0.560969,2.33661,0
3.99916,0.562458,2.38867,0
3.99925,0.544832,2.35992,0
3.99933,0.534088,2.36033,0
3.99942,2.07371,9.35389,0
3.99951,2.02715,9.33647,0
3.9996,0.504186,2.37201,0
3.99968,0.486908,2.3409,0
3.99977,0.483667,2.3773,0
3.99986,0.466266,2.34408,0
3.99995,0.465192,2.39321,0
4.00003,0.455492,2.39914,0
4.00012,0.447024,2.41192,0
4.00021,0.431335,2.38531,0
4.00029,1.97803,11.2179,0
4.00038,0.409148,2.3811,0
4.00047,0.390833,2.33552,0
4.00056,0.383693,2.35596,0
4.00064,0.377476,2.38329,0
4.00073,0.369508,2.40073,0
4.00091,0.344669,2.37714,0
4.00117,0.312349,2.37253,0
4.00178,0.240852,2.3919,0
4.00187,0.2284,2.37203,0
4.00204,0.21083,2.40979,0
4.00213,0.201307,2.42265,0
4.00221,0.187047,2.37665,0
4.00239,0.167485,2.39515,0
4.00248,0.15409,2.35096,0
4.00265,0.136006,2.39514,0
4.00283,0.108095,2.25041,0
4.00291,0.101939,2.33478,0
4.003,0.0727092,1.85057,0
4.00309,0.0633078,1.81289,0
4.00317,0.0540227,1.76818,0
4.00326,0.0457574,1.7474,0
4.00335,0.0376744,1.72659,0
4.00344,0.0299484,1.71574,0
4.00352,0.0221477,1.69186,0
4.00361,0.0146432,1.67794,0
4.0037,0.00730424,1.67398,0
4.00379,6.06858e-08,1.668,0
4.00387,-0.00722994,1.65698,0
4.00396,-0.0144336,1.65394,0
4.00405,-0.0217156,1.65886,0
4.00413,-0.028779,1.64875,0
4.00422,-0.0361036,1.65461,0
4.00431,-0.0429825,1.64144,0
4.0044,-0.0504496,1.65123,0
4.00448,-0.057619,1.64999,0
4.00457,-0.0647786,1.64873,0
4.00466,-0.0717102,1.64244,0
4.00475,-0.0791638,1.6481,0
4.00483,-0.0863543,1.64774,0
4.00492,-0.0932596,1.64235,0
4.00501,-0.101096,1.65291,0
4.00509,-0.10785,1.64547,0
4.00518,-0.116005,1.65895,0
4.00527,-0.122649,1.65045,0
4.00536,-0.130085,1.65289,0
4.00544,-0.13713,1.65031,0
4.00553,-0.143545,1.64073,0
4.00562,-0.147867,1.60922,0
4.00571,-0.154983,1.60956,0
4.00579,-0.161303,1.6019,0
4.00588,-0.168604,1.60416,0
4.00597,-0.177344,1.61932,0
4.00605,-0.183163,1.6076,0
4.00614,-0.190293,1.60778,0
4.00623,-0.197306,1.60693,0
4.00632,-0.204821,1.61002,0
4.0064,-0.211583,1.60713,0
4.00649,-0.218189,1.60322,0
4.00658,-0.226574,1.61216,0
4.00667,-0.233462,1.61016,0
4.00675,-0.240486,1.60913,0
4.00684,-0.248265,1.61301,0
4.00693,-0.256083,1.61685,0
4.00701,-0.262171,1.60979,0
4.0071,-0.271338,1.62145,0
4.00719,-0.277564,1.61533,0
4.00728,-0.284436,1.61312,0
4.00736,-0.287023,1.58726,0
4.00745,-0.287568,1.55158,0
4.00754,-0.286314,1.50806,0
4.00763,-0.289648,1.49011,0
4.00771,-0.291465,1.46529,0
4.0078,-0.223491,1.0985,0
4.00789,-0.191016,0.918345,0
4.00797,-0.184833,0.869573,0
4.00806,-0.189687,0.873645,0
4.00815,-0.194796,0.878666,0
4.00824,-0.203924,0.901216,0
4.00832,-0.2308,0.999704,0
4.00841,-0.266102,1.13009,0
4.0085,-0.288072,1.1999,0
4.00858,-0.302812,1.23749,0
4.00867,-0.311595,1.24974,0
4.00876,-0.279876,1.10202,0
4.00885,-0.263149,1.01752,0
4.00893,-0.266568,1.0125,0
4.00902,-0.287548,1.07314,0
4.00911,-0.299066,1.09696,0
4.0092,-0.311333,1.12263,0
4.00928,-0.301842,1.07025,0
4.00937,-0.28308,0.987216,0
4.00946,-0.272553,0.935089,0
4.00954,-0.276915,0.934849,0
4.00963,-0.291366,0.968105,0
4.00972,-0.310499,1.0156,0
4.00981,-0.315224,1.01519,0
4.00989,-0.309426,0.981375,0
4.00998,-0.306998,0.959063,0
4.01007,-0.286768,0.88258,0
4.01016,-0.279655,0.848081,0
4.01024,-0.285891,0.85444,0
4.01033,-0.287045,0.845609,0
4.01042,-0.29236,0.849076,0
4.0105,-0.294743,0.844016,0
4.01059,-0.300092,0.847435,0
4.01068,-0.303449,0.845176,0
4.01077,-0.30987,0.851362,0
4.01085,-0.310121,0.84062,0
4.01094,-0.285419,0.763388,0
4.01103,-0.268907,0.709768,0
4.01112,-0.266267,0.69365,0
4.0112,-0.275453,0.708326,0
4.01129,-0.277441,0.704326,0
4.01138,-0.284959,0.714255,0
4.01146,-0.289945,0.71764,0
4.01155,-0.309356,0.756167,0
4.01164,-0.314566,0.759429,0
4.01173,-0.308982,0.736839,0
4.01181,-0.307505,0.724437,0
4.0119,-0.311453,0.724926,0
4.01199,-0.302651,0.696049,0
4.01208,-0.300449,0.682822,0
4.01216,-0.297324,0.667802,0
4.01225,-0.294896,0.654645,0
4.01234,-0.296506,0.650622,0
4.01242,-0.297248,0.644782,0
4.01251,-0.298791,0.64076,0
4.0126,-0.300304,0.636736,0
4.01269,-0.302219,0.633615,0
4.01277,-0.304546,0.631389,0
4.01286,-0.299407,0.613876,0
4.01295,-0.298987,0.606286,0
4.01304,-0.306984,0.615715,0
4.01312,-0.303366,0.601868,0
4.01321,-0.29918,0.587173,0
4.0133,-0.305402,0.592974,0
4.01338,-0.301984,0.580105,0
4.01347,-0.303581,0.577012,0
4.01356,-0.304218,0.57215,0
4.01365,-0.306711,0.570817,0
4.01373,-0.311107,0.572989,0
4.01382,-0.308314,0.561982,0
4.01391,-0.312217,0.563255,0
4.014,-0.296593,0.529605,0
4.01408,-0.279697,0.494362,0
4.01417,-0.284828,0.498346,0
4.01426,-0.282,0.488438,0
4.01434,-0.283625,0.486339,0
4.01443,-0.29691,0.504053,0
4.01452,-0.309844,0.5208,0
4.01461,-0.312113,0.519443,0
4.01469,-0.311264,0.512947,0
4.01478,-0.312454,0.509879,0
4.01487,-0.313623,0.50681,0
4.01496,-0.313182,0.501196,0
4.01504,-0.312164,0.494751,0
4.01513,-0.310559,0.48748,0
4.01522,-0.308896,0.480233,0
4.0153,-0.311534,0.47972,0
4.01539,-0.312527,0.476683,0
4.01548,-0.306877,0.463641,0
4.01557,-0.303341,0.453982,0
4.01565,-0.308115,0.4568,0
4.01574,-0.313482,0.46041,0
4.01583,-0.31209,0.454094,0
4.01592,-0.311218,0.448619,0
4.016,-0.311452,0.4448,0
4.01609,-0.31339,0.443436,0
4.01618,-0.306611,0.429853,0
4.01626,-0.305563,0.424453,0
4.01635,-0.307999,0.423925,0
4.01644,-0.31162,0.424996,0
4.01653,-0.305739,0.413182,0
4.01661,-0.313522,0.419857,0
4.0167,-0.315953,0.419284,0
4.01679,-0.310516,0.408349,0
4.01688,-0.307425,0.400643,0
4.01696,-0.316516,0.408787,0
4.01705,-0.317681,0.406614,0
4.01714,-0.308309,0.391088,0
4.01722,-0.300675,0.378,0
4.01731,-0.307954,0.383703,0
4.0174,-0.30585,0.377693,0
4.01749,-0.304331,0.372483,0
4.01757,-0.304681,0.369608,0
4.01766,-0.309488,0.372119,0
4.01775,-0.31818,0.379192,0
4.01784,-0.310786,0.367115,0
4.01792,-0.309787,0.362714,0
4.01801,-0.308755,0.358328,0
4.0181,-0.304411,0.350185,0
4.01818,-0.301321,0.343591,0
4.01827,-0.304143,0.343771,0
4.01836,-0.301644,0.337964,0
4.01845,-0.301778,0.335158,0
4.01853,-0.294497,0.324216,0
4.01862,-0.287801,0.31408,0
4.01871,-0.27152,0.293729,0
4.0188,-0.118668,0.127256,0
4.01888,-0.361091,0.383852,0
4.01897,-0.357944,0.377195,0
4.01906,-0.223359,0.233324,0
4.01914,-0.170886,0.176958,0
4.01923,-0.154212,0.158303,0
4.01932,-0.06939,0.0706118,0
