7200
5431
4.72984
4.74564,-0.0246405,-0.0248565,0
4.74572,-0.0441573,-0.0449348,0
4.74581,-0.0272138,-0.0279358,0
4.7459,-0.0291757,-0.0302123,0
4.74599,-0.0325011,-0.0339511,0
4.74607,-0.0268458,-0.0282896,0
4.74616,-0.0164444,-0.0174809,0
4.74625,-1.08097,-1.1592,0
4.74634,-1.08133,-1.16978,0
4.74642,-1.08973,-1.18923,0
4.74651,-1.08722,-1.19693,0
4.7466,-1.09001,-1.21058,0
4.74668,-1.09271,-1.22428,0
4.74677,-1.08471,-1.22604,0
4.74686,-1.08594,-1.23828,0
4.74695,-1.08971,-1.25357,0
4.74703,-1.0888,-1.26362,0
4.74712,-1.07743,-1.26151,0
4.74721,-1.0758,-1.27078,0
4.7473,-1.07988,-1.28695,0
4.74738,-1.08641,-1.30626,0
4.74747,-1.07942,-1.30945,0
4.74756,-1.0737,-1.31414,0
4.74764,-1.07991,-1.33358,0
4.74773,-1.07534,-1.33984,0
4.74782,-1.08069,-1.35861,0
4.74791,-1.08341,-1.3743,0
4.74799,-1.07802,-1.37981,0
4.74808,-1.08118,-1.39636,0
4.74817,-1.08055,-1.4082,0
4.74826,-1.07863,-1.41848,0
4.74834,-1.08146,-1.43515,0
4.74843,-1.08057,-1.44706,0
4.74852,-1.08258,-1.46302,0
4.7486,-1.07973,-1.47257,0
4.74869,-1.07623,-1.48131,0
4.74878,-1.07677,-1.49573,0
4.74887,-1.08011,-1.51425,0
4.74895,-1.08099,-1.52957,0
4.74904,-1.08349,-1.54738,0
4.74913,-1.08185,-1.55949,0
4.74922,-1.079,-1.56996,0
4.7493,-1.08115,-1.58788,0
4.74939,-1.08428,-1.6075,0
4.74948,-1.08281,-1.62053,0
4.74956,-1.0818,-1.63442,0
4.74965,-1.08452,-1.65417,0
4.74974,-1.07675,-1.65805,0
4.74983,-1.07492,-1.67114,0
4.74991,-1.08105,-1.6969,0
4.75,-1.07897,-1.71006,0
4.75009,-1.0821,-1.73171,0
4.75018,-1.08032,-1.74577,0
4.75026,-1.08366,-1.76838,0
4.75035,-1.0806,-1.78078,0
4.75044,-1.08622,-1.80777,0
4.75052,-1.07934,-1.81421,0
4.75061,-1.08207,-1.83699,0
4.7507,-1.08362,-1.85811,0
4.75079,-1.0865,-1.88187,0
4.75087,-1.08026,-1.89007,0
4.75096,-1.08382,-1.91565,0
4.75105,-1.08425,-1.93607,0
4.75114,-1.08161,-1.95128,0
4.75122,-1.0803,-1.96913,0
4.75131,-1.08506,-1.99843,0
4.7514,-1.07964,-2.00931,0
4.75148,-1.07978,-2.03078,0
4.75157,-1.0616,-2.01777,0
4.75166,-1.03663,-1.99134,0
4.75175,-1.02014,-1.98073,0
4.75183,-1.00695,-1.97625,0
4.75192,-0.999219,-1.98241,0
4.75201,-0.993683,-1.99302,0
4.7521,-0.981439,-1.99016,0
4.75218,-0.966608,-1.98184,0
4.75227,-0.958821,-1.98784,0
4.75236,-0.94368,-1.97847,0
4.75244,-0.935465,-1.98347,0
4.75253,-0.925957,-1.98572,0
4.75262,-0.916027,-1.98702,0
4.75271,-0.901958,-1.97917,0
4.75279,-0.892081,-1.98035,0
4.75288,-0.879365,-1.97509,0
4.75297,-0.866711,-1.96975,0
4.75306,-0.87007,-2.00102,0
4.75314,-0.84712,-1.97173,0
4.75323,-0.840853,-1.98093,0
4.7534,-0.821239,-1.98265,0
4.75349,-0.797055,-1.94826,0
4.75358,-0.808401,-2.00086,0
4.75367,-0.818932,-2.05267,0
4.75375,-0.811067,-2.05901,0
4.75384,-0.805337,-2.07092,0
4.75393,-0.78841,-2.05388,0
4.75401,-0.776252,-2.04888,0
4.7541,-0.769055,-2.05693,0
4.75419,-0.78084,-2.11656,0
4.75428,-0.77536,-2.13028,0
4.75436,-0.774505,-2.15718,0
4.75445,-0.76809,-2.16902,0
4.75454,-0.753673,-2.15819,0
4.75463,-0.755644,-2.19455,0
4.75471,-0.771133,-2.27169,0
4.7548,-0.794214,-2.37365,0
4.75489,-0.801386,-2.43028,0
4.75497,-0.766362,-2.35862,0
4.75506,-0.855449,-2.67242,0
4.75515,-0.835962,-2.65133,0
4.75524,-0.820234,-2.64159,0
4.75532,-0.818348,-2.6767,0
4.75541,-0.817613,-2.71663,0
4.7555,-0.807456,-2.72592,0
4.75559,-0.796673,-2.73326,0
4.75567,-0.786945,-2.7444,0
4.75576,-0.770619,-2.73241,0
4.75585,-0.757086,-2.72996,0
4.75593,-0.749639,-2.74964,0
4.75602,-0.732717,-2.73454,0
4.75611,-0.718741,-2.72997,0
4.7562,-0.703067,-2.71856,0
4.75628,-0.689229,-2.71385,0
4.75637,-0.675204,-2.7081,0
4.75646,-0.661718,-2.70422,0
4.75655,-0.649445,-2.70513,0
4.75663,-0.637406,-2.70697,0
4.75672,-0.625814,-2.7107,0
4.75681,-0.628105,-2.77582,0
4.75689,-0.620532,-2.79904,0
4.75698,-0.615103,-2.83299,0
4.75707,-0.605647,-2.84934,0
4.75716,-0.592801,-2.85,0
4.75724,-0.584746,-2.87412,0
4.75733,-0.573566,-2.88351,0
4.75742,-0.57796,-2.97335,0
4.75751,-0.601167,-3.16644,0
4.75759,-0.527025,-2.84357,0
4.75768,-0.48454,-2.67954,0
4.75777,-0.465898,-2.64224,0
4.75785,-0.463002,-2.69451,0
4.75794,-0.473357,-2.82867,0
4.75803,-0.521288,-3.20083,0
4.75812,-0.508256,-3.209,0
4.7582,-0.495618,-3.22008,0
4.75829,-0.481415,-3.22122,0
4.75838,-0.468503,-3.23121,0
4.75847,-0.45273,-3.22134,0
4.75855,-0.438535,-3.2223,0
4.75864,-0.424732,-3.22616,0
4.75873,-0.409768,-3.22104,0
4.75881,-0.396441,-3.22875,0
4.7589,-0.381879,-3.22648,0
4.75899,-0.367684,-3.22712,0
4.75908,-0.352184,-3.21577,0
4.75916,-0.33815,-3.21728,0
4.75925,-0.324309,-3.22071,0
4.75934,-0.310828,-3.22807,0
4.75943,-0.296282,-3.22442,0
4.75951,-0.282385,-3.22767,0
4.7596,-0.268216,-3.22788,0
4.75969,-0.25358,-3.22204,0
4.75977,-0.239519,-3.22311,0
4.75986,-0.224825,-3.21515,0
4.75995,-0.210794,-3.2161,0
4.76004,-0.197309,-3.22597,0
4.76012,-0.182437,-3.21282,0
4.76021,-0.168836,-3.22158,0
4.7603,-0.154969,-3.22628,0
4.76039,-0.140716,-3.22293,0
4.76047,-0.126613,-3.22251,0
4.76056,-0.112621,-3.22503,0
4.76065,-0.0983341,-3.2185,0
4.76073,-0.0842636,-3.2179,0
4.76082,-0.0706585,-3.23823,0
4.76091,-0.0563539,-3.22851,0
4.761,-0.0422402,-3.22672,0
4.76108,-0.0281606,-3.22688,0
4.76117,-0.0140717,-3.22497,0
4.76126,-3.88497e-08,-3.225,0
4.76135,0.0140542,-3.22097,0
4.76143,0.0283001,-3.24288,0
4.76152,0.0421223,-3.21772,0
4.76161,0.0558477,-3.19951,0
4.76169,0.0699603,-3.20624,0
4.76178,0.0841327,-3.2129,0
4.76187,0.0979064,-3.2045,0
4.76196,0.111818,-3.20205,0
4.76204,0.126063,-3.20852,0
4.76213,0.140018,-3.20694,0
4.76222,0.153194,-3.18932,0
4.76231,0.168208,-3.2096,0
4.76239,0.18204,-3.20584,0
4.76248,0.195477,-3.19603,0
4.76257,0.210336,-3.20911,0
4.76265,0.224058,-3.20418,0
4.76274,0.237962,-3.20217,0
4.76283,0.252011,-3.2021,0
4.76292,0.266228,-3.20396,0
4.763,0.280206,-3.20277,0
4.76309,0.294178,-3.20151,0
4.76318,0.308911,-3.20816,0
4.76327,0.322004,-3.19783,0
4.76335,0.336582,-3.20236,0
4.76344,0.350878,-3.20384,0
4.76353,0.364288,-3.19731,0
4.76361,0.379058,-3.20265,0
4.7637,0.391444,-3.18806,0
4.76379,0.406992,-3.19922,0
4.76388,0.420164,-3.19146,0
4.76396,0.436243,-3.20545,0
4.76405,0.450921,-3.20847,0
4.76414,0.465777,-3.21241,0
4.76423,0.478459,-3.20144,0
4.76431,0.49288,-3.20229,0
4.7644,0.507786,-3.20604,0
4.76449,0.522574,-3.20873,0
4.76457,0.535249,-3.19852,0
4.76466,0.550216,-3.20207,0
4.76475,0.564009,-3.19866,0
4.76484,0.58063,-3.21092,0
4.76492,0.593359,-3.20148,0
4.76501,0.608814,-3.20672,0
4.7651,0.623945,-3.20992,0
4.76519,0.641457,-3.22482,0
4.76527,0.652531,-3.20729,0
4.76536,0.664483,-3.19463,0
4.76545,0.680079,-3.19952,0
4.76553,0.688941,-3.17307,0
4.76562,0.703429,-3.17296,0
4.76571,0.720577,-3.18449,0
4.7658,0.73694,-3.19204,0
4.76588,0.757736,-3.21799,0
4.76597,0.772004,-3.21563,0
4.76606,0.786265,-3.2132,0
4.76615,0.799068,-3.20489,0
4.76623,0.815506,-3.21106,0
4.76632,0.827506,-3.19973,0
4.76641,0.846551,-3.21543,0
4.76649,0.864456,-3.22619,0
4.76658,0.877472,-3.21853,0
4.76667,0.890438,-3.21082,0
4.76676,0.905797,-3.21171,0
4.76684,0.925315,-3.22696,0
4.76693,0.941065,-3.22865,0
4.76702,0.954008,-3.22068,0
4.7671,0.972086,-3.22989,0
4.76719,0.987632,-3.2304,0
4.76728,1.00439,-3.23465,0
4.76737,1.01669,-3.22452,0
4.76745,1.03532,-3.23434,0
4.76754,1.04602,-3.21933,0
4.76763,1.06507,-3.22993,0
4.76772,1.07947,-3.2262,0
4.7678,1.0945,-3.2243,0
4.76789,1.11084,-3.22611,0
4.76798,1.13084,-3.23823,0
4.76806,1.14262,-3.22666,0
4.76815,1.16108,-3.23388,0
4.76824,1.17244,-3.22127,0
4.76833,1.19341,-3.23488,0
4.76841,1.20822,-3.23152,0
4.7685,1.22337,-3.22902,0
4.76859,1.23995,-3.23019,0
4.76868,1.25875,-3.23686,0
4.76876,1.27249,-3.23041,0
4.76885,1.28769,-3.22761,0
4.76894,1.30738,-3.23587,0
4.76902,1.32148,-3.23014,0
4.76911,1.34092,-3.23727,0
4.7692,1.3562,-3.23416,0
4.76929,1.3742,-3.23742,0
4.76937,1.3891,-3.23323,0
4.76946,1.40719,-3.2363,0
4.76955,1.42492,-3.23837,0
4.76964,1.44188,-3.23852,0
4.76972,1.45846,-3.23767,0
4.76981,1.47423,-3.23491,0
4.7699,1.49294,-3.23844,0
4.76998,1.51086,-3.24005,0
4.77007,1.51944,-3.22167,0
4.77016,1.54467,-3.23848,0
4.77025,1.56227,-3.23891,0
4.77033,1.5777,-3.23476,0
4.77042,1.59489,-3.23412,0
4.77051,1.61167,-3.2325,0
4.7706,1.63116,-3.23616,0
4.77068,1.64799,-3.23435,0
4.77077,1.66666,-3.23602,0
4.77086,1.68307,-3.23315,0
4.77094,1.70368,-3.23817,0
4.77103,1.72061,-3.236,0
4.77112,1.74087,-3.23992,0
4.77121,1.75833,-3.23844,0
4.77129,1.7811,-3.24652,0
4.77138,1.79283,-3.23434,0
4.77147,1.81572,-3.2422,0
4.77156,1.82738,-3.22989,0
4.77164,1.84841,-3.23404,0
4.77173,1.867,-3.23374,0
4.77182,1.88714,-3.23593,0
4.7719,1.90733,-3.238,0
4.77199,1.93064,-3.24512,0
4.77208,1.94839,-3.24266,0
4.77217,1.96408,-3.2367,0
4.77225,1.98027,-3.23151,0
4.77234,1.99119,-3.21773,0
4.77243,1.98985,-3.18442,0
4.77252,1.99252,-3.15795,0
4.7726,1.99499,-3.13151,0
4.77269,1.99187,-3.09671,0
4.77278,1.98902,-3.06282,0
4.77286,1.98811,-3.03237,0
4.77295,1.98808,-3.00366,0
4.77304,1.98227,-2.96668,0
4.77313,1.98234,-2.93894,0
4.77321,1.98276,-2.91208,0
4.7733,1.98582,-2.88939,0
4.77339,1.97732,-2.85029,0
4.77348,1.98343,-2.83263,0
4.77356,1.98884,-2.81415,0
4.77365,1.99239,-2.79323,0
4.77374,2.00222,-2.78126,0
4.77382,2.01258,-2.77007,0
4.77391,2.01696,-2.75078,0
4.774,2.04084,-2.75803,0
4.77409,2.05405,-2.7507,0
4.77417,2.06964,-2.74651,0
4.77426,2.05013,-2.69606,0
4.77435,2.03752,-2.65535,0
4.77444,2.01358,-2.60058,0
4.77452,2.01198,-2.57522,0
4.77461,2.02382,-2.5672,0
4.7747,2.03189,-2.55443,0
4.77478,2.03237,-2.53228,0
4.77487,2.06228,-2.54671,0
4.77496,2.06831,-2.53149,0
4.77505,2.04881,-2.4854,0
4.77513,2.05132,-2.46644,0
4.77522,2.03828,-2.42913,0
4.77531,2.01978,-2.38586,0
4.7754,2.01978,-2.36486,0
4.77548,2.02878,-2.35451,0
4.77557,2.02197,-2.32601,0
4.77566,2.03013,-2.31491,0
4.77574,1.99449,-2.25436,0
4.77583,1.98499,-2.224,0
4.77592,1.9813,-2.20045,0
4.77601,1.97205,-2.17106,0
4.77609,1.98556,-2.16686,0
4.77618,1.98006,-2.14202,0
4.77627,1.97916,-2.12239,0
4.77636,1.9699,-2.09407,0
4.77644,1.97489,-2.0811,0
4.77653,1.97012,-2.05801,0
4.77662,1.97769,-2.04796,0
4.7767,1.97196,-2.02427,0
4.77679,1.97516,-2.00994,0
4.77688,1.97054,-1.98781,0
4.77697,1.97141,-1.97141,0
4.77705,1.97716,-1.95998,0
4.77714,1.97927,-1.94502,0
4.77723,1.96768,-1.91683,0
4.77732,1.97027,-1.90267,0
4.7774,1.97639,-1.89198,0
4.77749,1.97737,-1.87645,0
4.77758,1.97243,-1.85548,0
4.77766,1.97466,-1.8414,0
4.77775,1.96945,-1.82054,0
4.77784,1.97148,-1.80653,0
4.77793,1.97416,-1.7932,0
4.77801,1.97082,-1.77453,0
4.7781,1.97481,-1.76259,0
4.77819,1.96526,-1.73872,0
4.77828,1.96982,-1.72749,0
4.77836,1.96979,-1.71231,0
4.77845,1.97421,-1.70109,0
4.77854,1.96869,-1.68142,0
4.77862,1.96838,-1.66635,0
4.77871,1.97103,-1.65389,0
4.7788,1.97515,-1.64272,0
4.77889,1.96533,-1.62009,0
4.77897,1.9747,-1.6134,0
4.77906,1.9755,-1.59973,0
4.77915,1.97701,-1.58672,0
4.77924,1.97374,-1.56998,0
4.77932,1.97586,-1.55764,0
4.77941,1.97318,-1.54162,0
4.7795,1.97751,-1.53116,0
4.77958,1.97148,-1.51277,0
4.77967,1.9717,-1.49931,0
4.77976,1.97423,-1.48769,0
4.77985,1.97669,-1.47607,0
4.77993,1.96784,-1.45613,0
4.78002,1.97579,-1.44871,0
4.78011,1.96915,-1.43067,0
4.78019,1.97943,-1.42498,0
4.78028,1.97586,-1.40937,0
4.78037,1.96974,-1.39207,0
4.78046,1.96842,-1.3783,0
4.78054,1.96784,-1.36514,0
4.78063,1.96966,-1.35371,0
4.78072,1.96811,-1.34004,0
4.78081,1.97477,-1.332,0
4.78089,1.97058,-1.3167,0
4.78098,1.97798,-1.30919,0
4.78107,1.97698,-1.29617,0
4.78115,1.97255,-1.28099,0
4.78124,1.97055,-1.2675,0
4.78133,1.97185,-1.25621,0
4.78142,1.96885,-1.24225,0
4.7815,1.96832,-1.22994,0
4.78159,1.97282,-1.22082,0
4.78168,1.9696,-1.20697,0
4.78177,1.96886,-1.19473,0
4.78185,1.96463,-1.18047,0
4.78194,1.97148,-1.17291,0
4.78203,1.96624,-1.1582,0
4.78211,1.97214,-1.15012,0
4.7822,1.97021,-1.1375,0
4.78229,1.97342,-1.1279,0
4.78238,1.97049,-1.11485,0
4.78246,1.97795,-1.1077,0
4.78255,1.97402,-1.09422,0
4.78264,1.9814,-1.08703,0
4.78273,1.96943,-1.06931,0
4.78281,1.97143,-1.05929,0
4.7829,1.9725,-1.0488,0
4.78299,1.97529,-1.03925,0
4.78307,1.97271,-1.02693,0
4.78316,1.97629,-1.01785,0
4.78325,1.97358,-1.00559,0
4.78334,1.96545,-0.990667,0
4.78342,1.97601,-0.985205,0
4.78351,1.97671,-0.974804,0
4.7836,1.97555,-0.96354,0
4.78369,1.97073,-0.950566,0
4.78377,1.97666,-0.942819,0
4.78386,1.97804,-0.932906,0
4.78395,1.98481,-0.925534,0
4.78403,1.97794,-0.911841,0
4.78412,1.97826,-0.901543,0
4.78421,1.98035,-0.892081,0
4.7843,1.97417,-0.878958,0
4.78438,1.97524,-0.869127,0
4.78447,1.9726,-0.857709,0
4.78456,1.97356,-0.84791,0
4.78465,1.97264,-0.837337,0
4.78473,1.97997,-0.830269,0
4.78482,1.97895,-0.819708,0
4.78491,1.97695,-0.808793,0
4.78499,1.96563,-0.794166,0
4.78508,1.97929,-0.789658,0
4.78517,1.98179,-0.780648,0
4.78526,2.00288,-0.778879,0
4.78534,1.98106,-0.760457,0
4.78543,1.98716,-0.752868,0
4.78552,1.9745,-0.738237,0
4.78561,1.97771,-0.729615,0
4.78569,1.98087,-0.720978,0
4.78578,1.98118,-0.711315,0
4.78587,1.98143,-0.701662,0
4.78595,1.9807,-0.691691,0
4.78604,1.97519,-0.680112,0
4.78613,1.97719,-0.671166,0
4.78622,1.982,-0.663167,0
4.7863,1.97632,-0.651694,0
4.78639,1.97439,-0.641519,0
4.78648,1.96765,-0.62985,0
4.78657,1.97801,-0.623664,0
4.78665,1.97498,-0.613248,0
4.78674,1.98242,-0.606087,0
4.78683,1.97643,-0.594837,0
4.78691,1.97805,-0.585924,0
4.787,1.9729,-0.575049,0
4.78709,1.97635,-0.56671,0
4.78718,1.97592,-0.557267,0
4.78726,1.98604,-0.550778,0
4.78735,1.97878,-0.539477,0
4.78744,1.97725,-0.529803,0
4.78753,1.96987,-0.518624,0
4.78761,1.97889,-0.511777,0
4.7877,1.97626,-0.501907,0
4.78779,1.97455,-0.492311,0
4.78787,1.9796,-0.484404,0
4.78796,1.97391,-0.473894,0
4.78805,1.97791,-0.465735,0
4.78814,1.9692,-0.454626,0
4.78822,1.97702,-0.447354,0
4.78831,1.97895,-0.438723,0
4.7884,1.97987,-0.429872,0
4.78849,1.97488,-0.419774,0
4.78857,1.97767,-0.411356,0
4.78866,1.98337,-0.403521,0
4.78875,1.9704,-0.391937,0
4.78883,1.97503,-0.383908,0
4.78892,1.97767,-0.375473,0
4.78901,1.98028,-0.367022,0
4.7891,1.98284,-0.358556,0
4.78918,1.97749,-0.348686,0
4.78927,1.97703,-0.339715,0
4.78936,1.97454,-0.330425,0
4.78945,1.97498,-0.321646,0
4.78953,1.96945,-0.31193,0
4.78962,1.9273,-0.296641,0
4.78971,1.79111,-0.267683,0
4.78979,1.79325,-0.260009,0
4.78988,1.94291,-0.273058,0
4.78997,1.97182,-0.268353,0
4.79006,1.93133,-0.254265,0
4.79014,1.72708,-0.219712,0
4.79023,1.68038,-0.206325,0
4.79032,1.67133,-0.197815,0
4.79041,1.66324,-0.189502,0
4.79049,1.66405,-0.182243,0
4.79058,1.65588,-0.17404,0
4.79067,1.6606,-0.167214,0
4.79075,1.65435,-0.159296,0
4.79084,1.65104,-0.15171,0
4.79093,1.64771,-0.144156,0
4.79102,1.65231,-0.137296,0
4.7911,1.66186,-0.130791,0
4.79119,1.64845,-0.122501,0
4.79128,1.65296,-0.115587,0
4.79137,1.65645,-0.108569,0
4.79145,1.65391,-0.101157,0
4.79154,1.65234,-0.0938266,0
4.79163,1.66072,-0.0870347,0
4.79171,1.66009,-0.0797397,0
4.7918,1.65342,-0.0721901,0
4.79189,1.65173,-0.0648965,0
4.79198,1.66399,-0.0581077,0
4.79206,1.66522,-0.0508772,0
4.79215,1.66243,-0.0435323,0
4.79224,1.6686,-0.0364091,0
4.79232,1.66875,-0.0291281,0
4.79241,1.68286,-0.0220298,0
4.7925,1.72093,-0.0150184,0
4.79259,1.89498,-0.00826852,0
4.79267,1.973,-4.7775e-08,0
4.79276,1.97598,0.00862185,0
4.79285,1.97292,0.0172174,0
4.79294,1.98183,0.0259435,0
4.79302,1.9907,0.0347477,0
4.79311,1.97953,0.0431934,0
4.7932,1.98632,0.0520135,0
4.79328,1.98407,0.0606189,0
4.79337,1.97979,0.0691359,0
4.79346,1.97448,0.0775773,0
4.79355,1.97512,0.0862355,0
4.79363,1.98072,0.0951406,0
4.79372,1.98827,0.104201,0
4.79381,1.97881,0.112365,0
4.7939,1.98329,0.121303,0
4.79398,1.98275,0.129956,0
4.79407,1.98316,0.138676,0
4.79416,1.97755,0.146957,0
4.79424,1.98187,0.155977,0
4.79433,1.97918,0.164457,0
4.79442,1.97247,0.172568,0
4.79451,1.97568,0.181539,0
4.79459,1.98183,0.190829,0
4.79468,1.98297,0.199675,0
4.79477,1.9791,0.208012,0
4.79486,1.98811,0.217734,0
4.79494,1.99112,0.226859,0
4.79503,1.98514,0.234957,0
4.79512,1.99105,0.24447,0
4.7952,1.98203,0.252145,0
4.79529,1.98983,0.261966,0
4.79538,1.9847,0.270106,0
4.79547,1.97955,0.278207,0
4.79555,1.98821,0.288277,0
4.79564,1.99188,0.297688,0
4.79573,1.98957,0.306224,0
4.79582,1.98427,0.314277,0
4.7959,1.99077,0.324218,0
4.79599,1.98638,0.332406,0
4.79608,1.99279,0.342425,0
4.79616,1.98636,0.350248,0
4.79625,1.99563,0.360869,0
4.79634,1.99404,0.369574,0
4.79643,1.99437,0.378644,0
4.79651,1.98878,0.386579,0
4.7966,1.98119,0.394082,0
4.79669,1.98631,0.404119,0
4.79678,1.99725,0.415429,0
4.79686,1.99444,0.423932,0
4.79695,1.99746,0.433691,0
4.79704,1.98969,0.441104,0
4.79712,1.98677,0.449561,0
4.79721,1.99064,0.459575,0
4.7973,1.99056,0.468715,0
4.79739,1.98947,0.477629,0
4.79747,1.99222,0.487494,0
4.79756,1.98425,0.49473,0
4.79765,1.99662,0.507076,0
4.79774,1.99342,0.515532,0
4.79782,1.99598,0.525498,0
4.79791,1.99657,0.534979,0
4.798,1.98939,0.54237,0
4.79808,1.99182,0.552382,0
4.79817,1.99421,0.562425,0
4.79826,1.9927,0.571396,0
4.79835,2.00554,0.584563,0
4.79843,2.00106,0.59274,0
4.79852,2.00324,0.602907,0
4.79861,1.99103,0.608718,0
4.7987,1.99217,0.618586,0
4.79878,1.99518,0.629076,0
4.79887,1.99527,0.638691,0
4.79896,1.99532,0.648318,0
4.79904,1.99437,0.657644,0
4.79913,1.99148,0.66634,0
4.79922,1.99139,0.675987,0
4.79931,1.98843,0.68467,0
4.79939,1.99675,0.697296,0
4.79948,2.00217,0.709006,0
4.79957,1.99153,0.715032,0
4.79966,1.99591,0.726451,0
4.79974,1.99553,0.736191,0
4.79983,2.00167,0.748393,0
4.79992,1.99558,0.756057,0
4.8,1.99506,0.765832,0
4.80009,1.99543,0.77598,0
4.80018,1.99482,0.785779,0
4.80027,1.99415,0.795587,0
4.80035,1.99345,0.805404,0
4.80044,1.99176,0.814852,0
4.80053,1.99558,0.826596,0
4.80062,2.0021,0.839549,0
4.8007,1.98737,0.843588,0
4.80079,1.99194,0.855805,0
4.80088,1.98635,0.86369,0
4.80096,1.99904,0.879599,0
4.80105,1.98879,0.885466,0
4.80114,1.99038,0.896599,0
4.80123,1.99464,0.909007,0
4.80131,1.9961,0.920214,0
4.8014,1.99297,0.929337,0
4.80149,1.99161,0.939304,0
4.80158,1.99381,0.950999,0
4.80166,1.99955,0.964468,0
4.80175,1.99353,0.972307,0
4.80184,1.99554,0.984092,0
4.80192,1.99749,0.995914,0
4.80201,2.00027,1.00822,0
4.8021,1.99942,1.01875,0
4.80219,2.00029,1.03022,0
4.80227,1.99666,1.0394,0
4.80236,1.98768,1.04577,0
4.80245,1.98487,1.05537,0
4.80254,1.99698,1.07302,0
4.80262,1.99931,1.08554,0
4.80271,1.99981,1.09714,0
4.8028,1.99151,1.10391,0
4.80288,1.99976,1.11992,0
4.80297,1.99747,1.13011,0
4.80306,2.0038,1.14527,0
4.80315,1.99446,1.1515,0
4.80323,2.00323,1.16825,0
4.80332,2.0119,1.1851,0
4.80341,2.00242,1.19131,0
4.8035,2.00234,1.20313,0
4.80358,2.00648,1.21756,0
4.80367,2.00626,1.22944,0
4.80376,2.00003,1.23766,0
4.80384,1.99546,1.2469,0
4.80393,2.00099,1.26253,0
4.80402,1.99884,1.2734,0
4.80411,2.00083,1.28698,0
4.80419,1.9952,1.2957,0
4.80428,1.99622,1.30878,0
4.80437,2.00466,1.32686,0
4.80446,1.9947,1.33281,0
4.80454,1.99052,1.34262,0
4.80463,1.99125,1.3558,0
4.80472,1.99603,1.37184,0
4.8048,1.98921,1.37996,0
4.80489,1.9889,1.39264,0
4.80498,1.99342,1.40881,0
4.80507,1.9954,1.4233,0
4.80515,1.98917,1.432,0
4.80524,1.99665,1.45065,0
4.80533,1.99272,1.46113,0
4.80541,1.99357,1.47516,0
4.8055,1.98631,1.48325,0
4.80559,1.9926,1.50153,0
4.80568,1.99558,1.51747,0
4.80576,1.99846,1.53347,0
4.80585,1.9957,1.54524,0
4.80594,1.99761,1.5607,0
4.80603,1.99706,1.57436,0
4.80611,2.00113,1.59177,0
4.8062,1.99806,1.60362,0
4.80629,1.98949,1.61106,0
4.80637,1.99716,1.63175,0
4.80646,1.99465,1.64426,0
4.80655,1.99899,1.66254,0
4.80664,1.99401,1.67318,0
4.80672,2.00577,1.69801,0
4.80681,1.99911,1.7074,0
4.8069,2.00224,1.72524,0
4.80699,1.99847,1.73724,0
4.80707,1.99313,1.74793,0
4.80716,1.99672,1.76654,0
4.80725,1.9972,1.78257,0
4.80733,2.00129,1.80197,0
4.80742,1.99415,1.81136,0
4.80751,1.99802,1.83085,0
4.8076,2.00397,1.85245,0
4.80768,2.0083,1.87277,0
4.80777,1.99865,1.88014,0
4.80786,2.00421,1.90192,0
4.80795,2.00239,1.91687,0
4.80803,2.00264,1.93393,0
4.80812,1.99992,1.94823,0
4.80821,1.9971,1.96255,0
4.80829,2.00911,1.99166,0
4.80838,2.00041,2.00041,0
4.80847,2.00503,2.02261,0
4.80856,2.0018,2.03704,0
4.80864,1.99847,2.05149,0
4.80873,1.99923,2.07026,0
4.80882,1.9964,2.08546,0
4.80891,2.00242,2.11011,0
4.80899,1.99936,2.12539,0
4.80908,1.99894,2.1436,0
4.80917,2.00586,2.16992,0
4.80925,2.00177,2.18455,0
4.80934,2.00701,2.20955,0
4.80943,2.00338,2.22498,0
4.80952,2.0063,2.24787,0
4.8096,2.00178,2.2626,0
4.80969,2.00705,2.2886,0
4.80978,2.01541,2.31847,0
4.80987,2.19197,2.5439,0
4.80995,2.26657,2.65382,0
4.81004,2.26854,2.67971,0
4.81013,2.27033,2.70567,0
4.81021,2.26234,2.72016,0
4.8103,2.27652,2.76164,0
4.81039,2.27204,2.78084,0
4.81048,2.26178,2.79306,0
4.81056,2.23893,2.78965,0
4.81065,2.22051,2.79156,0
4.81074,2.19964,2.79023,0
4.81083,2.18067,2.79113,0
4.81091,2.16113,2.79113,0
4.811,2.14528,2.79578,0
4.81109,2.11127,2.77645,0
4.81117,2.10756,2.79682,0
4.81126,2.08935,2.79798,0
4.81135,2.06701,2.7934,0
4.81144,2.04889,2.79433,0
4.81152,2.02962,2.79354,0
4.81161,2.00631,2.78695,0
4.8117,1.99413,2.79567,0
4.81179,1.97499,2.79455,0
4.81187,1.95532,2.79249,0
4.81196,1.93799,2.7936,0
4.81205,1.91672,2.78884,0
4.81213,1.90172,2.79305,0
4.81222,1.88839,2.79966,0
4.81231,1.86894,2.79706,0
4.8124,1.85064,2.79602,0
4.81248,1.88394,2.87348,0
4.81257,1.87356,2.88503,0
4.81266,1.80631,2.80823,0
4.81275,1.80318,2.83042,0
4.81283,1.79668,2.84757,0
4.81292,1.64487,2.63234,0
4.81301,1.85385,2.99579,0
4.81309,1.64692,2.68752,0
4.81318,1.75086,2.88533,0
4.81327,1.55696,2.59122,0
4.81336,1.47099,2.47251,0
4.81344,1.45613,2.47201,0
4.81353,1.44684,2.48094,0
4.81362,1.431,2.47856,0
4.81371,1.41422,2.47437,0
4.81379,1.42113,2.51185,0
4.81388,1.42042,2.53635,0
4.81397,1.40255,2.53027,0
4.81405,1.39342,2.53988,0
4.81414,1.37803,2.53802,0
4.81423,1.36884,2.54754,0
4.81432,1.83751,3.45586,0
4.8144,1.83685,3.49128,0
4.81449,1.83822,3.53119,0
4.81458,1.84157,3.57563,0
4.81467,1.83639,3.60412,0
4.81475,1.83685,3.64425,0
4.81484,1.83834,3.68713,0
4.81493,1.83771,3.72651,0
4.81501,1.83327,3.75876,0
4.8151,1.84031,3.81536,0
4.81519,1.83484,3.84682,0
4.81528,1.83553,3.89187,0
4.81536,1.83628,3.93791,0
4.81545,1.8421,3.99583,0
4.81554,1.84207,4.04205,0
4.81563,1.84125,4.08743,0
4.81571,1.84658,4.1475,0
4.8158,1.84458,4.19213,0
4.81589,1.83185,4.21297,0
4.81597,1.81148,4.21633,0
4.81606,1.79072,4.21867,0
4.81615,1.77075,4.22276,0
4.81624,1.75001,4.2249,0
4.81632,1.72512,4.21676,0
4.81641,1.70633,4.22332,0
4.8165,1.68307,4.21865,0
4.81659,1.66721,4.23247,0
4.81667,1.64293,4.22479,0
4.81676,1.62233,4.22632,0
4.81685,1.59821,4.2184,0
4.81693,1.57628,4.21596,0
4.81702,1.55857,4.22468,0
4.81711,1.53328,4.21264,0
4.8172,1.51083,4.208,0
4.81728,1.49813,4.23058,0
4.81737,1.47339,4.21913,0
4.81746,1.45366,4.22174,0
4.81754,1.43394,4.22426,0
4.81763,1.41264,4.22194,0
4.81772,1.39295,4.22426,0
4.81781,1.37173,4.22174,0
4.81789,1.35238,4.22483,0
4.81798,1.33122,4.22211,0
4.81807,1.3116,4.22405,0
4.81816,1.28965,4.21826,0
4.81824,1.27296,4.22959,0
4.81833,1.25166,4.22552,0
4.81842,1.23209,4.2271,0
4.8185,1.2095,4.21802,0
4.81859,1.19244,4.22807,0
4.81868,1.17157,4.22456,0
4.81877,1.15102,4.22191,0
4.81885,1.13,4.21723,0
4.81894,0.585075,2.22227,0
4.81903,0.569114,2.2006,0
4.81912,0.555568,2.18755,0
4.8192,0.547227,2.19481,0
4.81929,0.53717,2.19523,0
4.81938,0.52712,2.19561,0
4.81946,0.994042,4.22155,0
4.81955,0.976288,4.22877,0
4.81964,0.572269,2.52906,0
4.81973,0.936101,4.22248,0
4.81981,0.541053,2.49194,0
4.8199,0.896515,4.21777,0
4.81999,0.879733,4.22948,0
4.82008,0.512376,2.51841,0
4.82016,0.84201,4.23307,0
4.82025,0.820479,4.221,0
4.82034,0.803919,4.23436,0
4.82042,0.465247,2.51025,0
4.82051,0.439699,2.43156,0
4.8206,0.427001,2.42164,0
4.82069,0.400173,2.32887,0
4.82077,0.390668,2.33454,0
4.82086,0.378388,2.32339,0
4.82095,0.349318,2.20551,0
4.82104,0.337562,2.19317,0
4.82112,0.326659,2.18572,0
4.82121,0.315253,2.17426,0
4.8213,0.306877,2.18354,0
4.82138,0.296942,2.18189,0
4.82147,0.286636,2.17721,0
4.82156,0.277638,2.18241,0
4.82165,0.267991,2.18261,0
4.82173,0.259523,2.1927,0
4.82182,0.251877,2.2107,0
4.82191,0.251483,2.29627,0
4.822,0.0492329,0.46842,0
4.82208,0.0444835,0.441766,0
4.82217,0.0442808,0.459873,0
4.82226,0.0415418,0.452095,0
4.82234,0.0393944,0.45028,0
4.82243,0.0363528,0.437492,0
4.82252,0.0338159,0.429671,0
4.82261,0.0326078,0.43879,0
4.82269,0.029507,0.42197,0
4.82278,0.0281234,0.429079,0
4.82287,0.0264951,0.43319,0
4.82296,0.0244913,0.431305,0
4.82304,0.0216671,0.413433,0
4.82313,0.0199109,0.414522,0
4.82322,0.0194979,0.446575,0
4.8233,0.0172743,0.439661,0
4.82339,0.014588,0.417745,0
4.82348,0.0128873,0.421803,0
4.82357,0.0116226,0.443848,0
4.82365,0.00916227,0.4199,0
4.82374,0.00745219,0.426935,0
4.82383,0.00579871,0.442962,0
4.82392,0.0039095,0.447983,0
4.824,0.00184133,0.421996,0
4.82409,1.62629e-08,0.447,0
4.82418,-0.00194602,0.445996,0
4.82426,-0.00390074,0.446983,0
4.82435,-0.0057725,0.440962,0
4.82444,-0.00745216,0.426935,0
4.82453,-0.00975124,0.446894,0
4.82461,-0.0112037,0.427853,0
4.8247,-0.0127956,0.418805,0
4.82479,-0.0152511,0.436734,0
4.82488,-0.0166461,0.423673,0
4.82496,-0.0191053,0.437583,0
4.82505,-0.019623,0.408529,0
4.82514,-0.0228708,0.436401,0
4.82522,-0.0246047,0.433302,0
4.82531,-0.0266782,0.436185,0
4.8254,-0.0310011,0.472985,0
4.82549,-0.0287397,0.410996,0
4.82557,-0.0312738,0.42084,0
4.82566,-0.0349143,0.443628,0
4.82575,-0.0347794,0.418557,0
4.82584,-0.0350366,0.40047,0
4.82592,-0.0409012,0.445125,0
4.82601,-0.0399677,0.41508,0
4.8261,-0.0448842,0.445746,0
4.82618,-0.0449472,0.427644,0
4.82627,-0.0447443,0.408557,0
4.82636,-0.0475453,0.4173,0
4.82645,-0.0497183,0.420068,0
4.82653,-0.0545975,0.444661,0
4.82662,-0.0557799,0.438466,0
4.82671,-0.0519494,0.394595,0
4.8268,-0.0593344,0.435981,0
4.82688,-0.0662464,0.471368,0
4.82697,-0.0622758,0.429509,0
4.82706,-0.0626712,0.419343,0
4.82714,-0.0626748,0.407205,0
4.82723,-0.0718034,0.453349,0
4.82732,-0.0694408,0.426382,0
4.82741,-0.0688248,0.411281,0
4.82749,-0.0745138,0.433645,0
4.82758,-0.0776207,0.440209,0
4.82767,-0.0829217,0.458563,0
4.82776,-0.0794547,0.428699,0
4.82784,-0.0865471,0.455857,0
4.82793,-0.0791857,0.407375,0
4.82802,-0.0856446,0.430565,0
4.8281,-0.0960953,0.472324,0
4.82819,-0.100803,0.484628,0
4.82828,-0.0943919,0.444079,0
4.82837,-0.0999357,0.460276,0
4.82845,-0.0991293,0.447144,0
4.82854,-0.101742,0.449633,0
4.82863,-0.103253,0.447236,0
4.82872,-0.110245,0.468195,0
4.8288,-0.11112,0.462848,0
4.82889,-0.107196,0.438075,0
4.82898,-0.119751,0.480296,0
4.82906,-0.117907,0.464262,0
4.82915,-0.113673,0.439539,0
4.82924,-0.126792,0.481589,0
4.82933,-0.12941,0.482963,0
4.82941,-0.128622,0.471781,0
4.8295,-0.125869,0.45387,0
4.82959,-0.127848,0.453316,0
4.82968,-0.133408,0.465251,0
4.82976,-0.143272,0.491546,0
4.82985,-0.14002,0.472698,0
4.82994,-0.143234,0.475913,0
4.83002,-0.1418,0.463808,0
4.83011,-0.143526,0.46223,0
4.8302,-0.146444,0.46446,0
4.83029,-0.156395,0.488579,0
4.83037,-0.164706,0.506913,0
4.83046,-0.156582,0.47485,0
4.83055,-0.162143,0.484593,0
4.83063,-0.161041,0.474412,0
4.83072,-0.16897,0.490724,0
4.83081,-0.164845,0.472045,0
4.8309,-0.169908,0.479805,0
4.83098,-0.179772,0.500706,0
4.83107,-0.181271,0.498037,0
4.83116,-0.176174,0.477539,0
4.83125,-0.201369,0.538586,0
4.83133,-0.278473,0.735016,0
4.83142,-0.301029,0.784208,0
4.83151,-0.305535,0.785683,0
4.83159,-0.309694,0.786203,0
4.83168,-0.31238,0.782986,0
4.83177,-0.312422,0.773271,0
4.83186,-0.312006,0.762645,0
4.83194,-0.311887,0.752962,0
4.83203,-0.313623,0.747905,0
4.83212,-0.313757,0.739165,0
4.83221,-0.31619,0.735952,0
4.83229,-0.310625,0.71439,0
4.83238,-0.310518,0.705705,0
4.83247,-0.310747,0.697949,0
4.83255,-0.302289,0.671057,0
4.83264,-0.301897,0.662452,0
4.83273,-0.298923,0.648414,0
4.83282,-0.303862,0.651635,0
4.8329,-0.298598,0.633119,0
4.83299,-0.298344,0.625492,0
4.83308,-0.298029,0.617879,0
4.83317,-0.300723,0.616573,0
4.83325,-0.298545,0.605389,0
4.83334,-0.300737,0.603186,0
4.83343,-0.300666,0.59651,0
4.83351,-0.310529,0.609448,0
4.8336,-0.312728,0.607199,0
4.83369,-0.306601,0.588975,0
4.83378,-0.305909,0.581437,0
4.83386,-0.307504,0.578331,0
4.83395,-0.305764,0.569055,0
4.83404,-0.306813,0.565079,0
4.83413,-0.307833,0.561105,0
4.83421,-0.310278,0.559757,0
4.8343,-0.306365,0.547055,0
4.83439,-0.309242,0.546583,0
4.83447,-0.299219,0.523524,0
4.83456,-0.306,0.530008,0
4.83465,-0.306798,0.526076,0
4.83474,-0.306553,0.520424,0
4.83482,-0.305753,0.513925,0
4.83491,-0.306963,0.510872,0
4.835,-0.306595,0.505253,0
4.83509,-0.311932,0.509026,0
4.83517,-0.311519,0.503409,0
4.83526,-0.312652,0.500348,0
4.83535,-0.30416,0.482065,0
4.83543,-0.307873,0.483263,0
4.83552,-0.304569,0.473505,0
4.83561,-0.310444,0.478042,0
4.8357,-0.305948,0.466648,0
4.83578,-0.309085,0.466976,0
4.83587,-0.307786,0.460634,0
4.83596,-0.315944,0.468406,0
4.83605,-0.305603,0.448838,0
4.83613,-0.306426,0.445852,0
4.83622,-0.303808,0.437938,0
4.83631,-0.289656,0.413672,0
4.83639,-0.271258,0.383822,0
4.83648,-0.27293,0.382634,0
4.83657,-0.266418,0.370078,0
4.83666,-0.286839,0.3948,0
4.83674,-0.30689,0.418545,0
4.83683,-0.306334,0.413986,0
4.83692,-0.304547,0.407838,0
4.83701,-0.270215,0.358587,0
4.83709,-0.276014,0.362977,0
4.83718,-0.291597,0.380016,0
4.83727,-0.301211,0.389019,0
4.83735,-0.299211,0.382973,0
4.83744,-0.292212,0.37067,0
4.83753,-0.265191,0.333391,0
4.83762,-0.266017,0.331451,0
4.8377,-0.270608,0.334173,0
4.83779,-0.29231,0.357769,0
4.83788,-0.297685,0.36112,0
4.83797,-0.290945,0.349823,0
4.83805,-0.2674,0.318675,0
4.83814,-0.25845,0.305293,0
4.83823,-0.272768,0.319371,0
4.83831,-0.285256,0.331056,0
4.8384,-0.279481,0.321506,0
4.83849,-0.283519,0.323291,0
4.83858,-0.251133,0.283854,0
4.83866,-0.184449,0.206658,0
4.83875,-0.170628,0.189502,0
4.83884,-0.175488,0.193197,0
4.83893,-0.174302,0.190218,0
4.83901,-0.175809,0.19019,0
4.8391,-0.161634,0.173331,0
4.83919,-0.14937,0.158785,0
4.83927,-0.155568,0.163935,0
4.83936,-0.154899,0.16181,0
4.83945,-0.134764,0.139552,0
4.83954,-0.128393,0.1318,0
4.83962,-0.121257,0.123392,0
4.83971,-0.109122,0.110079,0
4.8398,-0.10748,0.10748,0
