7200
6455
5.61996
5.63567,-0.0431335,-0.0431335,0
5.63576,-0.0542091,-0.0546843,0
5.63584,-0.0574746,-0.0584865,0
5.63593,-0.0837349,-0.0859562,0
5.63602,-0.0729391,-0.0755307,0
5.6361,-0.121706,-0.127136,0
5.63619,-0.148685,-0.156681,0
5.63628,-0.163759,-0.174081,0
5.63637,-0.226423,-0.242809,0
5.63645,-0.107929,-0.116757,0
5.63654,-0.23443,-0.255835,0
5.63663,-0.244742,-0.269439,0
5.63672,-0.231519,-0.257128,0
5.6368,-0.352917,-0.39541,0
5.63689,-0.123247,-0.139306,0
5.63698,-0.309893,-0.353365,0
5.63706,-0.24143,-0.277733,0
5.63715,-0.254576,-0.29545,0
5.63724,-0.253285,-0.296558,0
5.63733,-0.249404,-0.294608,0
5.63741,-0.263543,-0.314078,0
5.6375,-0.27304,-0.328295,0
5.63759,-0.290052,-0.351861,0
5.63768,-0.295473,-0.361641,0
5.63776,-0.314031,-0.387796,0
5.63785,-0.311084,-0.387603,0
5.63794,-0.310012,-0.389739,0
5.63802,-0.299022,-0.379308,0
5.63811,-0.305984,-0.391641,0
5.6382,-0.309782,-0.400089,0
5.63829,-0.310468,-0.40461,0
5.63837,-0.3087,-0.405961,0
5.63846,-0.307527,-0.408103,0
5.63855,-0.308735,-0.413447,0
5.63864,-0.315851,-0.426848,0
5.63872,-0.306298,-0.417738,0
5.63881,-0.306824,-0.422307,0
5.6389,-0.313158,-0.435004,0
5.63898,-0.307773,-0.431481,0
5.63907,-0.30935,-0.43772,0
5.63916,-0.308011,-0.439885,0
5.63925,-0.312358,-0.450262,0
5.63933,-0.308691,-0.449149,0
5.63942,-0.301101,-0.442226,0
5.63951,-0.308674,-0.457629,0
5.6396,-0.310564,-0.464792,0
5.63968,-0.308533,-0.466142,0
5.63977,-0.308689,-0.470829,0
5.63986,-0.318069,-0.489784,0
5.63994,-0.313765,-0.487803,0
5.64003,-0.312171,-0.49001,0
5.64012,-0.31003,-0.491368,0
5.64021,-0.312122,-0.4995,0
5.64029,-0.306257,-0.494905,0
5.64038,-0.307229,-0.501352,0
5.64047,-0.312302,-0.514657,0
5.64056,-0.310053,-0.516015,0
5.64064,-0.307287,-0.516503,0
5.64073,-0.313659,-0.532487,0
5.64082,-0.313347,-0.537306,0
5.6409,-0.314,-0.543864,0
5.64099,-0.311128,-0.544361,0
5.64108,-0.311704,-0.550935,0
5.64117,-0.308809,-0.551417,0
5.64125,-0.312702,-0.56413,0
5.64134,-0.307833,-0.561105,0
5.64143,-0.316356,-0.582656,0
5.64152,-0.313338,-0.58315,0
5.6416,-0.316424,-0.595107,0
5.64169,-0.312427,-0.593827,0
5.64178,-0.315374,-0.605828,0
5.64186,-0.313644,-0.608977,0
5.64195,-0.315977,-0.62014,0
5.64204,-0.316869,-0.628657,0
5.64213,-0.315462,-0.632719,0
5.64221,-0.314025,-0.63678,0
5.6423,-0.316504,-0.648929,0
5.64239,-0.318014,-0.659311,0
5.64248,-0.316426,-0.6634,0
5.64256,-0.313101,-0.66387,0
5.64265,-0.311047,-0.667043,0
5.64274,-0.313157,-0.679291,0
5.64282,-0.315167,-0.691571,0
5.64291,-0.318307,-0.706616,0
5.643,-0.316441,-0.710738,0
5.64309,-0.318975,-0.724927,0
5.64317,-0.316208,-0.727229,0
5.64326,-0.316979,-0.737789,0
5.64335,-0.320009,-0.753893,0
5.64343,-0.320583,-0.764505,0
5.64352,-0.326046,-0.787145,0
5.64361,-0.329424,-0.80522,0
5.6437,-0.327032,-0.809432,0
5.64378,-0.329055,-0.824783,0
5.64387,-0.329485,-0.836445,0
5.64396,-0.335255,-0.862107,0
5.64405,-0.320023,-0.833687,0
5.64413,-0.319216,-0.842557,0
5.64422,-0.318339,-0.851435,0
5.64431,-0.317389,-0.860321,0
5.64439,-0.307134,-0.843844,0
5.64448,-0.77856,-2.16847,0
5.64457,-0.763416,-2.15582,0
5.64466,-0.753013,-2.1563,0
5.64474,-0.740016,-2.14916,0
5.64483,-0.729346,-2.14858,0
5.64492,-0.721233,-2.15554,0
5.64501,-0.709942,-2.15297,0
5.64509,-0.699305,-2.15224,0
5.64518,-0.692652,-2.16384,0
5.64527,-0.678693,-2.15254,0
5.64535,-0.669294,-2.15548,0
5.64544,-0.658129,-2.15264,0
5.64553,-0.647865,-2.15262,0
5.64562,-0.638466,-2.15543,0
5.6457,-0.628216,-2.15531,0
5.64579,-0.616325,-2.14938,0
5.64588,-0.605584,-2.14724,0
5.64597,-0.596209,-2.14986,0
5.64605,-0.587612,-2.15533,0
5.64614,-0.575872,-2.14918,0
5.64623,-0.56598,-2.14974,0
5.64631,-0.555343,-2.14735,0
5.6464,-0.545722,-2.14878,0
5.64649,-0.535373,-2.14726,0
5.64658,-0.527425,-2.15541,0
5.64666,-0.516848,-2.15283,0
5.64675,-0.507221,-2.15409,0
5.64684,-0.496692,-2.15141,0
5.64693,-0.488845,-2.16038,0
5.64701,-0.4766,-2.1498,0
5.6471,-0.468064,-2.15577,0
5.64719,-0.456366,-2.14703,0
5.64727,-0.447808,-2.15292,0
5.64736,-0.438609,-2.15583,0
5.64745,-0.425882,-2.14105,0
5.64754,-0.417872,-2.14976,0
5.64762,-0.407928,-2.14862,0
5.64771,-0.398914,-2.15234,0
5.6478,-0.387739,-2.14422,0
5.64789,-0.38029,-2.15673,0
5.64797,-0.369351,-2.1495,0
5.64806,-0.360134,-2.15208,0
5.64815,-0.350258,-2.15067,0
5.64823,-0.34134,-2.15514,0
5.64832,-0.330868,-2.14969,0
5.64841,-0.322077,-2.15507,0
5.6485,-0.312383,-2.15447,0
5.64858,-0.302702,-2.15383,0
5.64867,-0.293031,-2.15315,0
5.64876,-0.283633,-2.15441,0
5.64885,-0.273473,-2.14967,0
5.64893,-0.264213,-2.15184,0
5.64902,-0.254468,-2.14999,0
5.64911,-0.245198,-2.15208,0
5.64919,-0.235915,-2.15412,0
5.64928,-0.226513,-2.15513,0
5.64937,-0.217308,-2.15809,0
5.64946,-0.206931,-2.14906,0
5.64954,-0.198284,-2.15791,0
5.64963,-0.187908,-2.1478,0
5.64972,-0.178369,-2.1466,0
5.64981,-0.169472,-2.15334,0
5.64989,-0.16,-2.15306,0
5.64998,-0.150883,-2.15773,0
5.65007,-0.141402,-2.15737,0
5.65015,-0.131804,-2.15497,0
5.65024,-0.122683,-2.16052,0
5.65033,-0.112889,-2.15404,0
5.65042,-0.103345,-2.15152,0
5.6505,-0.094087,-2.15495,0
5.65059,-0.0843301,-2.14634,0
5.65068,-0.0750688,-2.14969,0
5.65077,-0.0659938,-2.15999,0
5.65085,-0.0563066,-2.15026,0
5.65094,-0.0470984,-2.15849,0
5.65103,-0.0376972,-2.15967,0
5.65111,-0.0281819,-2.15282,0
5.6512,-0.0188319,-2.15792,0
5.65129,-0.00940732,-2.15598,0
5.65138,-2.60082e-08,-2.159,0
5.65146,0.00941163,-2.15698,0
5.65155,0.018762,-2.14992,0
5.65164,0.028195,-2.15382,0
5.65173,0.0374877,-2.14767,0
5.65181,0.0468365,-2.14649,0
5.6519,0.0562542,-2.14826,0
5.65199,0.0657799,-2.153,0
5.65207,0.0750688,-2.14969,0
5.65216,0.0842123,-2.14335,0
5.65225,0.0936944,-2.14596,0
5.65234,0.103249,-2.14952,0
5.65242,0.112732,-2.15105,0
5.65251,0.122173,-2.15153,0
5.6526,0.131682,-2.15298,0
5.65269,0.140748,-2.14739,0
5.65277,0.150186,-2.14776,0
5.65286,0.159926,-2.15207,0
5.65295,0.169472,-2.15334,0
5.65303,0.179528,-2.16055,0
5.65312,0.188605,-2.15577,0
5.65321,0.198467,-2.1599,0
5.6533,0.207602,-2.15603,0
5.65338,0.217508,-2.16008,0
5.65347,0.227245,-2.16209,0
5.65356,0.235914,-2.15412,0
5.65365,0.245991,-2.15903,0
5.65373,0.254116,-2.14701,0
5.65382,0.263969,-2.14985,0
5.65391,0.273978,-2.15364,0
5.65399,0.284025,-2.15738,0
5.65408,0.293301,-2.15513,0
5.65417,0.302562,-2.15284,0
5.65426,0.31267,-2.15645,0
5.65434,0.323259,-2.16298,0
5.65443,0.331781,-2.15562,0
5.65452,0.341653,-2.15711,0
5.65461,0.352187,-2.16251,0
5.65469,0.361454,-2.15997,0
5.65478,0.370029,-2.15344,0
5.65487,0.380463,-2.15771,0
5.65495,0.389874,-2.15603,0
5.65504,0.399278,-2.15431,0
5.65513,0.410539,-2.16237,0
5.65522,0.418635,-2.15369,0
5.6553,0.428223,-2.15282,0
5.65539,0.437214,-2.14897,0
5.65548,0.447401,-2.15096,0
5.65557,0.458653,-2.15779,0
5.65565,0.468913,-2.15968,0
5.65574,0.478332,-2.15761,0
5.65583,0.488403,-2.15843,0
5.65591,0.499391,-2.1631,0
5.656,0.508596,-2.15993,0
5.65609,0.515914,-2.14894,0
5.65618,0.526712,-2.15249,0
5.65626,0.539002,-2.16182,0
5.65635,0.54646,-2.15169,0
5.65644,0.557596,-2.15606,0
5.65652,0.566744,-2.15264,0
5.65661,0.575355,-2.14725,0
5.6567,0.587086,-2.15341,0
5.65679,0.59701,-2.15275,0
5.65687,0.608298,-2.15686,0
5.65696,0.616601,-2.15034,0
5.65705,0.626257,-2.14859,0
5.65714,0.641307,-2.16501,0
5.65722,0.648153,-2.15358,0
5.65731,0.656667,-2.14786,0
5.6574,0.669294,-2.15548,0
5.65748,0.678392,-2.15159,0
5.65757,0.688993,-2.15241,0
5.65766,0.698069,-2.14844,0
5.65775,0.710255,-2.15392,0
5.65783,0.719012,-2.1489,0
5.65792,0.734811,-2.16468,0
5.65801,0.740993,-2.152,0
5.6581,0.754992,-2.16196,0
5.65818,0.76108,-2.14922,0
5.65827,0.774505,-2.15718,0
5.65836,0.781516,-2.1472,0
5.65844,0.795723,-2.1569,0
5.65853,0.803025,-2.14779,0
5.65862,0.816995,-2.15642,0
5.65871,0.826396,-2.15284,0
5.65879,0.836507,-2.15107,0
5.65888,0.846618,-2.14926,0
5.65897,0.859323,-2.15391,0
5.65906,0.872084,-2.15848,0
5.65914,0.878843,-2.14818,0
5.65923,0.89127,-2.15172,0
5.65932,0.902197,-2.15149,0
5.6594,0.911185,-2.14662,0
5.65949,0.922516,-2.14721,0
5.65958,0.934668,-2.14959,0
5.65967,0.94726,-2.15281,0
5.65975,0.957865,-2.1514,0
5.65984,0.970529,-2.15449,0
5.65993,0.981579,-2.15388,0
5.66002,0.990549,-2.14867,0
5.6601,1.00203,-2.14886,0
5.66019,1.0131,-2.14808,0
5.66028,1.02806,-2.15537,0
5.66036,1.03572,-2.14726,0
5.66045,1.05034,-2.15351,0
5.66054,1.06017,-2.1498,0
5.66063,1.07311,-2.15232,0
5.66071,1.08519,-2.15297,0
5.6608,1.0982,-2.15534,0
5.66089,1.10805,-2.15142,0
5.66098,1.1202,-2.15189,0
5.66106,1.13284,-2.15318,0
5.66115,1.14598,-2.15528,0
5.66124,1.15727,-2.15378,0
5.66132,1.17286,-2.16013,0
5.66141,1.18323,-2.15675,0
5.6615,1.19506,-2.15594,0
5.66159,1.20983,-2.1603,0
5.66167,1.22072,-2.15761,0
5.66176,1.23062,-2.15313,0
5.66185,1.2455,-2.15727,0
5.66194,1.25692,-2.15527,0
5.66202,1.27189,-2.15924,0
5.66211,1.28488,-2.15969,0
5.6622,1.29996,-2.16349,0
5.66228,1.30835,-2.15609,0
5.66237,1.32349,-2.15974,0
5.66246,1.33658,-2.15989,0
5.66255,1.34917,-2.15913,0
5.66263,1.36072,-2.15661,0
5.66272,1.37495,-2.15824,0
5.66281,1.3876,-2.15727,0
5.6629,1.40408,-2.16209,0
5.66298,1.4146,-2.15762,0
5.66307,1.42841,-2.1581,0
5.66316,1.43948,-2.15434,0
5.66324,1.45166,-2.15218,0
5.66333,1.47173,-2.16153,0
5.66342,1.48625,-2.16251,0
5.66351,1.50137,-2.16422,0
5.66359,1.51252,-2.1601,0
5.66368,1.52482,-2.15757,0
5.66377,1.54177,-2.16148,0
5.66386,1.5541,-2.15879,0
5.66394,1.56821,-2.15846,0
5.66403,1.58589,-2.16288,0
5.66412,1.5965,-2.15755,0
5.6642,1.61607,-2.16419,0
5.66429,1.63333,-2.1675,0
5.66438,1.64579,-2.16433,0
5.66447,1.66435,-2.16903,0
5.66455,1.67748,-2.16649,0
5.66464,1.69122,-2.16467,0
5.66473,1.70622,-2.16433,0
5.66482,1.71627,-2.15765,0
5.6649,1.73506,-2.16184,0
5.66499,1.75203,-2.16357,0
5.66508,1.76335,-2.15823,0
5.66516,1.78356,-2.16364,0
5.66525,1.79107,-2.15353,0
5.66534,1.81523,-2.16331,0
5.66543,1.83499,-2.16758,0
5.66551,1.85028,-2.1664,0
5.6656,1.86428,-2.16361,0
5.66569,1.88617,-2.16979,0
5.66578,1.8943,-2.16004,0
5.66586,1.91762,-2.16748,0
5.66595,1.92773,-2.15984,0
5.66604,1.94784,-2.16329,0
5.66612,1.97003,-2.16884,0
5.66621,1.97745,-2.15801,0
5.6663,1.98346,-2.14569,0
5.66639,1.99075,-2.13482,0
5.66647,1.97881,-2.10354,0
5.66656,1.98108,-2.08763,0
5.66665,1.98395,-2.07246,0
5.66674,1.97908,-2.0494,0
5.66682,1.98521,-2.03788,0
5.66691,1.98918,-2.0242,0
5.667,1.97899,-1.99633,0
5.66708,1.97848,-1.97848,0
5.66717,1.98426,-1.96702,0
5.66726,1.98498,-1.95063,0
5.66735,1.97986,-1.92869,0
5.66743,1.9861,-1.91795,0
5.66752,1.98,-1.89544,0
5.66761,1.9839,-1.88265,0
5.6677,1.98044,-1.86301,0
5.66778,1.98051,-1.84685,0
5.66787,1.9768,-1.82733,0
5.66796,1.98328,-1.81734,0
5.66804,1.9712,-1.79051,0
5.66813,1.97082,-1.77453,0
5.66822,1.97705,-1.76459,0
5.66831,1.9735,-1.746,0
5.66839,1.97208,-1.72946,0
5.66848,1.97809,-1.71953,0
5.66857,1.98255,-1.70827,0
5.66865,1.98314,-1.69376,0
5.66874,1.97525,-1.67217,0
5.66883,1.97946,-1.66096,0
5.66892,1.98207,-1.64847,0
5.669,1.97382,-1.62709,0
5.66909,1.97548,-1.61403,0
5.66918,1.98328,-1.60603,0
5.66927,1.97311,-1.58359,0
5.66935,1.98156,-1.57621,0
5.66944,1.97429,-1.5564,0
5.66953,1.98579,-1.55147,0
5.66961,1.97514,-1.52932,0
5.6697,1.96752,-1.50973,0
5.66979,1.96931,-1.4975,0
5.66988,1.97822,-1.4907,0
5.66996,1.97429,-1.47427,0
5.67005,1.97347,-1.46029,0
5.67014,1.98143,-1.45285,0
5.67023,1.97805,-1.43713,0
5.67031,1.97781,-1.42382,0
5.6704,1.97097,-1.40588,0
5.67049,1.97301,-1.39438,0
5.67057,1.97661,-1.38404,0
5.67066,1.96949,-1.36628,0
5.67075,1.97378,-1.35654,0
5.67084,1.97059,-1.34173,0
5.67092,1.97643,-1.33312,0
5.67101,1.97723,-1.32115,0
5.6711,1.97798,-1.30919,0
5.67119,1.96695,-1.28959,0
5.67127,1.97591,-1.28317,0
5.67136,1.96887,-1.26642,0
5.67145,1.96004,-1.24868,0
5.67153,1.979,-1.24866,0
5.67162,1.9751,-1.23418,0
5.67171,1.96942,-1.21871,0
5.6718,1.9696,-1.20697,0
5.67188,1.97399,-1.19785,0
5.67197,1.97663,-1.18768,0
5.67206,1.97148,-1.17291,0
5.67215,1.97744,-1.1648,0
5.67223,1.973,-1.15062,0
5.67232,1.97454,-1.14,0
5.67241,1.97342,-1.1279,0
5.67249,1.98615,-1.12371,0
5.67258,1.97533,-1.10624,0
5.67267,1.97489,-1.0947,0
5.67276,1.96913,-1.0803,0
5.67284,1.96943,-1.06931,0
5.67293,1.97231,-1.05976,0
5.67302,1.97869,-1.05209,0
5.67311,1.97706,-1.04018,0
5.67319,1.97005,-1.02554,0
5.67328,1.9834,-1.02152,0
5.67337,1.97091,-1.00423,0
5.67345,1.97348,-0.994718,0
5.67354,1.97423,-0.984312,0
5.67363,1.98209,-0.977458,0
5.67372,1.98184,-0.966608,0
5.6738,1.97793,-0.954042,0
5.67389,1.98208,-0.945402,0
5.67398,1.98076,-0.934186,0
5.67407,1.97938,-0.922998,0
5.67415,1.9734,-0.909748,0
5.67424,1.97007,-0.897811,0
5.67433,1.94935,-0.878117,0
5.67441,1.8746,-0.834624,0
5.6745,1.74092,-0.766024,0
5.67459,1.72224,-0.748851,0
5.67468,1.72549,-0.741329,0
5.67476,1.72595,-0.732621,0
5.67485,1.72175,-0.721989,0
5.67494,1.73412,-0.718297,0
5.67503,1.72706,-0.706558,0
5.67511,1.71436,-0.692648,0
5.6752,1.71923,-0.685902,0
5.67529,1.71941,-0.677294,0
5.67537,1.72608,-0.671235,0
5.67546,1.71872,-0.659755,0
5.67555,1.72252,-0.652604,0
5.67564,1.71598,-0.64158,0
5.67572,1.72627,-0.636855,0
5.67581,1.71494,-0.624187,0
5.6759,1.72329,-0.618726,0
5.67599,1.70995,-0.605526,0
5.67607,1.72391,-0.602015,0
5.67616,1.72273,-0.593185,0
5.67625,1.71205,-0.581163,0
5.67633,1.71741,-0.574639,0
5.67642,1.7218,-0.567766,0
5.67651,1.71761,-0.558085,0
5.6766,1.70955,-0.547231,0
5.67668,1.7186,-0.541872,0
5.67677,1.70853,-0.530513,0
5.67686,1.71274,-0.523638,0
5.67695,1.70543,-0.513278,0
5.67703,1.71053,-0.506683,0
5.67712,1.70697,-0.497536,0
5.67721,1.71393,-0.491461,0
5.67729,1.71125,-0.482621,0
5.67738,1.71044,-0.474348,0
5.67747,1.70671,-0.465302,0
5.67756,1.69617,-0.454486,0
5.67764,1.6962,-0.446572,0
5.67773,1.70781,-0.44167,0
5.67782,1.70875,-0.433968,0
5.67791,1.70384,-0.424815,0
5.67799,1.71345,-0.419278,0
5.67808,1.70845,-0.410164,0
5.67817,1.71023,-0.402705,0
5.67825,1.69638,-0.39164,0
5.67834,1.701,-0.384896,0
5.67843,1.70168,-0.377254,0
5.67852,1.69647,-0.36834,0
5.6786,1.70687,-0.362806,0
5.67869,1.69669,-0.352911,0
5.67878,1.69821,-0.345505,0
5.67887,1.6997,-0.338092,0
5.67895,1.70018,-0.330481,0
5.67904,1.69767,-0.322314,0
5.67913,1.70595,-0.316179,0
5.67921,1.69944,-0.307309,0
5.6793,1.69387,-0.298675,0
5.67939,1.70107,-0.292297,0
5.67948,1.69937,-0.284377,0
5.67956,1.70257,-0.277281,0
5.67965,1.70475,-0.270006,0
5.67974,1.69998,-0.261652,0
5.67983,1.69814,-0.253789,0
5.67991,1.69329,-0.245516,0
5.68,1.70029,-0.23896,0
5.68009,1.69735,-0.231,0
5.68017,1.69735,-0.223461,0
5.68026,1.68839,-0.214791,0
5.68035,1.70321,-0.209128,0
5.68044,1.69318,-0.200401,0
5.68052,1.69205,-0.192785,0
5.68061,1.68294,-0.184312,0
5.6807,1.70063,-0.178744,0
5.68079,1.73722,-0.174928,0
5.68087,1.8594,-0.17904,0
5.68096,1.85817,-0.170742,0
5.68105,1.69752,-0.148513,0
5.68113,1.66925,-0.138704,0
5.68122,1.67283,-0.131654,0
5.68131,1.66441,-0.123687,0
5.6814,1.65995,-0.116075,0
5.68148,1.66543,-0.109158,0
5.68157,1.66689,-0.101951,0
5.68166,1.66931,-0.0947904,0
5.68174,1.66671,-0.0873488,0
5.68183,1.66108,-0.0797877,0
5.68192,1.66541,-0.0727136,0
5.68201,1.66671,-0.0654854,0
5.68209,1.66299,-0.0580728,0
5.68218,1.65023,-0.0504191,0
5.68227,1.64843,-0.0431658,0
5.68236,1.6706,-0.0364527,0
5.68244,1.67175,-0.0291805,0
5.68253,1.67586,-0.0219382,0
5.68262,1.67094,-0.0145821,0
5.6827,1.67998,-0.0073304,0
5.68279,1.704,-4.12613e-08,0
5.68288,1.70498,0.0074394,0
5.68297,1.69494,0.0147914,0
5.68305,1.69086,0.0221345,0
5.68314,1.69574,0.0295992,0
5.68323,1.6856,0.0367799,0
5.68332,1.68442,0.0441081,0
5.6834,1.68621,0.0515184,0
5.68349,1.69497,0.0591895,0
5.68358,1.70269,0.0668987,0
5.68366,1.74634,0.0762466,0
5.68375,1.89482,0.0910145,0
5.68384,1.9673,0.103102,0
5.68393,1.98181,0.112535,0
5.68401,1.9783,0.120998,0
5.6841,1.97177,0.129237,0
5.68419,1.98116,0.138536,0
5.68428,1.97954,0.147105,0
5.68436,1.98486,0.156212,0
5.68445,1.97519,0.164126,0
5.68454,1.97844,0.173091,0
5.68462,1.98066,0.181997,0
5.68471,1.9898,0.191596,0
5.6848,1.97899,0.199274,0
5.68489,1.98109,0.208221,0
5.68497,1.97917,0.216754,0
5.68506,1.99112,0.226859,0
5.68515,1.97919,0.234252,0
5.68524,1.98708,0.243982,0
5.68532,1.97607,0.251388,0
5.68541,1.97992,0.260661,0
5.6855,1.98074,0.269567,0
5.68558,1.98945,0.279599,0
5.68567,1.98623,0.28799,0
5.68576,1.99287,0.297836,0
5.68585,1.98562,0.305616,0
5.68593,1.98723,0.314746,0
5.68602,1.97991,0.32245,0
5.68611,1.97849,0.331085,0
5.6862,1.98688,0.341409,0
5.68628,1.98636,0.350248,0
5.68637,1.98875,0.359624,0
5.68646,1.97438,0.365929,0
5.68654,1.98258,0.376405,0
5.68663,1.97896,0.384671,0
5.68672,1.98903,0.395643,0
5.68681,1.97945,0.402723,0
5.68689,1.98061,0.411967,0
5.68698,1.97488,0.419774,0
5.68707,1.97694,0.429235,0
5.68716,1.98481,0.440022,0
5.68724,1.97604,0.447133,0
5.68733,1.98284,0.457775,0
5.68742,1.98764,0.468027,0
5.6875,1.99044,0.477863,0
5.68759,1.98251,0.485117,0
5.68768,1.9862,0.495214,0
5.68777,1.99274,0.506091,0
5.68785,1.98567,0.513529,0
5.68794,1.98631,0.522952,0
5.68803,1.98884,0.532908,0
5.68812,1.98553,0.541318,0
5.6882,1.98508,0.550511,0
5.68829,1.98362,0.559439,0
5.68838,1.97828,0.567262,0
5.68846,1.9777,0.576448,0
5.68855,1.98284,0.587344,0
5.68864,1.98792,0.598295,0
5.68873,1.98433,0.606671,0
5.68881,1.97976,0.614731,0
5.6889,1.98755,0.626671,0
5.68899,1.9886,0.636557,0
5.68908,1.99627,0.648627,0
5.68916,1.98487,0.654512,0
5.68925,1.98674,0.664753,0
5.68934,1.98761,0.674701,0
5.68942,1.98748,0.684344,0
5.68951,1.98825,0.694328,0
5.6896,1.99557,0.706669,0
5.68969,1.99341,0.715708,0
5.68977,1.98651,0.723031,0
5.68986,1.99459,0.735845,0
5.68995,1.98668,0.74279,0
5.69004,1.97968,0.750034,0
5.69012,1.97919,0.75974,0
5.69021,1.98145,0.770543,0
5.6903,1.98644,0.78248,0
5.69038,1.98858,0.793363,0
5.69047,1.98974,0.803906,0
5.69056,1.98899,0.813716,0
5.69065,1.99466,0.826213,0
5.69073,1.99564,0.836842,0
5.69082,1.99013,0.844761,0
5.69091,1.98918,0.85462,0
5.691,1.9891,0.864887,0
5.69108,1.98806,0.874766,0
5.69117,1.99427,0.887906,0
5.69126,1.99676,0.899474,0
5.69134,1.99191,0.907763,0
5.69143,1.9852,0.91519,0
5.69152,1.99116,0.928492,0
5.69161,1.99342,0.940157,0
5.69169,1.99562,0.95186,0
5.69178,1.98514,0.957517,0
5.69187,1.99083,0.970992,0
5.69196,1.99285,0.982765,0
5.69204,1.99033,0.992344,0
5.69213,1.99045,1.00327,0
5.69222,1.99229,1.01512,0
5.6923,1.98873,1.02426,0
5.69239,1.98957,1.0357,0
5.69248,1.98768,1.04577,0
5.69257,1.99281,1.0596,0
5.69265,1.99346,1.07112,0
5.69274,1.98701,1.07886,0
5.69283,1.99455,1.09425,0
5.69292,1.98714,1.10149,0
5.693,1.99627,1.11797,0
5.69309,1.98702,1.1242,0
5.69318,1.98904,1.13683,0
5.69326,1.99186,1.15,0
5.69335,1.98941,1.16019,0
5.69344,1.99123,1.17292,0
5.69353,1.98867,1.18313,0
5.69361,1.9912,1.19643,0
5.6937,1.99023,1.2077,0
5.69379,1.98921,1.21899,0
5.69388,1.99323,1.23345,0
5.69396,1.99546,1.2469,0
5.69405,1.99423,1.25826,0
5.69414,1.99209,1.2691,0
5.69422,1.99915,1.2859,0
5.69431,1.99436,1.29515,0
5.6944,1.98952,1.30439,0
5.69449,1.99299,1.31913,0
5.69457,2.00052,1.3367,0
5.69466,2.00047,1.34933,0
5.69475,1.99539,1.35861,0
5.69483,1.99933,1.3741,0
5.69492,1.99578,1.38452,0
5.69501,1.99955,1.4001,0
5.6951,1.99996,1.41343,0
5.69518,1.99947,1.42621,0
5.69527,1.99647,1.43725,0
5.69536,1.99827,1.45183,0
5.69545,2.0024,1.46822,0
5.69553,1.99839,1.47873,0
5.69562,1.99753,1.49162,0
5.69571,2.00458,1.51056,0
5.69579,2.00274,1.52292,0
5.69588,1.99925,1.53408,0
5.69597,1.98858,1.53973,0
5.69606,1.99997,1.56255,0
5.69614,1.99785,1.57497,0
5.69623,1.99487,1.58679,0
5.69632,1.99105,1.59798,0
5.69641,1.99493,1.61547,0
5.69649,1.99096,1.62669,0
5.69658,1.99542,1.6449,0
5.69667,1.98976,1.65487,0
5.69675,1.99708,1.67575,0
5.69684,1.99814,1.69155,0
5.69693,1.99987,1.70805,0
5.69702,2.00376,1.72655,0
5.6971,2.00375,1.74184,0
5.69719,1.99388,1.74858,0
5.69728,1.99896,1.76853,0
5.69737,2.00093,1.78589,0
5.69745,1.99832,1.79929,0
5.69754,2.00081,1.81741,0
5.69763,1.99876,1.83152,0
5.69771,2.00397,1.85245,0
5.6978,2.00318,1.86799,0
5.69789,2.00666,1.88768,0
5.69798,1.9955,1.89366,0
5.69806,2.00528,1.91964,0
5.69815,1.99833,1.92976,0
5.69824,2.00636,1.95451,0
5.69833,2.00067,1.96605,0
5.69841,2.01196,1.99447,0
5.6985,2.00748,2.00748,0
5.69859,2.00785,2.02545,0
5.69867,2.01021,2.0456,0
5.69876,2.00754,2.0608,0
5.69885,1.99853,2.06954,0
5.69894,1.99432,2.0833,0
5.69902,1.9804,2.0869,0
5.69911,1.95688,2.08023,0
5.6992,1.94438,2.08509,0
5.69929,1.92712,2.08474,0
5.69937,1.9126,2.08723,0
5.69946,1.88666,2.07705,0
5.69955,1.88093,2.08898,0
5.69963,1.85914,2.08299,0
5.69972,1.83943,2.0791,0
5.69981,1.82573,2.08184,0
5.6999,1.81532,2.08828,0
5.69998,1.79966,2.08861,0
5.70007,1.78209,2.08655,0
5.70016,1.76909,2.08973,0
5.70025,1.74838,2.08364,0
5.70033,1.73544,2.08664,0
5.70042,1.71805,2.08416,0
5.70051,1.70134,2.08234,0
5.70059,1.68343,2.07887,0
5.70068,1.6756,2.08775,0
5.70077,1.65527,2.08096,0
5.70086,1.64122,2.08188,0
5.70094,1.62842,2.08429,0
5.70103,1.61319,2.08347,0
5.70112,1.59739,2.08176,0
5.70121,1.57921,2.07677,0
5.70129,1.57014,2.08364,0
5.70138,1.55146,2.07765,0
5.70147,1.54475,2.08762,0
5.70155,1.52676,2.08224,0
5.70164,1.51942,2.09131,0
5.70173,1.49977,2.08331,0
5.70182,1.4866,2.08414,0
5.7019,1.47114,2.08162,0
5.70199,1.45975,2.08474,0
5.70208,1.45121,2.09191,0
5.70217,1.43074,2.08174,0
5.70225,1.41545,2.07887,0
5.70234,1.40525,2.08337,0
5.70243,1.39393,2.08616,0
5.70251,1.37874,2.08305,0
5.7026,1.36361,2.07984,0
5.70269,1.35724,2.08997,0
5.70278,1.33783,2.07989,0
5.70286,1.32767,2.08402,0
5.70295,1.31643,2.08641,0
5.70304,1.30413,2.08705,0
5.70313,1.29396,2.09102,0
5.70321,1.28482,2.09664,0
5.7033,1.26633,2.08684,0
5.70339,1.25154,2.08292,0
5.70347,1.24142,2.08664,0
5.70356,1.22926,2.08687,0
5.70365,1.21762,2.08789,0
5.70374,1.2055,2.08799,0
5.70382,1.19737,2.09496,0
5.70391,1.17886,2.08363,0
5.704,1.16976,2.08876,0
5.70409,1.1587,2.09034,0
5.70417,1.14331,2.08398,0
5.70426,1.13421,2.08895,0
5.70435,1.11561,2.07626,0
5.70443,1.10701,2.08199,0
5.70452,1.10025,2.09123,0
5.70461,1.08696,2.08802,0
5.7047,1.07738,2.09186,0
5.70478,1.06325,2.08674,0
5.70487,1.05008,2.08332,0
5.70496,1.04053,2.08699,0
5.70505,1.02832,2.08523,0
5.70513,1.02009,2.09149,0
5.70522,1.004,2.08151,0
5.70531,0.994911,2.08587,0
5.70539,0.984521,2.08748,0
5.70548,0.974135,2.08904,0
5.70557,0.962917,2.08873,0
5.70566,0.952136,2.08927,0
5.70574,0.940546,2.08793,0
5.70583,0.934681,2.09933,0
5.70592,0.917457,2.08508,0
5.70601,0.905958,2.08356,0
5.70609,0.898832,2.09209,0
5.70618,0.884615,2.08402,0
5.70627,0.875127,2.08694,0
5.70635,0.863334,2.08427,0
5.70644,0.856503,2.09357,0
5.70653,0.841741,2.08338,0
5.70662,0.833384,2.08889,0
5.7067,0.821329,2.08507,0
5.70679,0.812949,2.09049,0
5.70688,0.798086,2.07908,0
5.70696,0.790778,2.08722,0
5.70705,0.778861,2.08316,0
5.70714,0.770457,2.08841,0
5.70723,0.761679,2.0927,0
5.70731,0.751527,2.09318,0
5.7074,0.738047,2.08418,0
5.70749,0.728616,2.08644,0
5.70758,0.71918,2.08865,0
5.70766,0.704917,2.07662,0
5.70775,0.695849,2.07967,0
5.70784,0.692405,2.09978,0
5.70792,0.677365,2.08472,0
5.70801,0.671006,2.09622,0
5.7081,0.657944,2.08673,0
5.70819,0.648833,2.08958,0
5.70827,0.636786,2.08283,0
5.70836,0.628268,2.08751,0
5.70845,0.617733,2.08543,0
5.70854,0.610867,2.09579,0
5.70862,0.598409,2.0869,0
5.70871,0.590926,2.09527,0
5.7088,0.578571,2.08626,0
5.70888,0.569989,2.09069,0
5.70897,0.559826,2.0893,0
5.70906,0.550449,2.09075,0
5.70915,0.539068,2.08442,0
5.70923,0.528491,2.08094,0
5.70932,0.518197,2.07837,0
5.70941,0.511025,2.08839,0
5.7095,0.500974,2.08671,0
5.70958,0.492093,2.08985,0
5.70967,0.483195,2.09295,0
5.70976,0.473837,2.09406,0
5.70984,0.461666,2.08244,0
5.70993,0.453424,2.08834,0
5.71002,0.443892,2.08835,0
5.71011,0.433553,2.08439,0
5.71019,0.424654,2.08724,0
5.71028,0.416323,2.093,0
5.71037,0.40566,2.08694,0
5.71046,0.395618,2.08378,0
5.71054,0.387251,2.08942,0
5.71063,0.376529,2.08223,0
5.71072,0.369176,2.0937,0
5.7108,0.35936,2.09135,0
5.71089,0.348911,2.08501,0
5.71098,0.339649,2.08552,0
5.71107,0.330859,2.08896,0
5.71115,0.322197,2.09335,0
5.71124,0.311139,2.08188,0
5.71133,0.304348,2.09905,0
5.71142,0.293795,2.09046,0
5.7115,0.28467,2.09172,0
5.71159,0.275149,2.08997,0
5.71168,0.265523,2.08718,0
5.71176,0.256291,2.08732,0
5.71185,0.246241,2.08048,0
5.71194,0.238859,2.09644,0
5.71203,0.228512,2.08652,0
5.71211,0.219196,2.08551,0
5.7122,0.210094,2.08645,0
5.71229,0.201564,2.09332,0
5.71238,0.191421,2.08322,0
5.71246,0.182504,2.08603,0
5.71255,0.174229,2.09677,0
5.71264,0.164136,2.08555,0
5.71272,0.155257,2.08924,0
5.71281,0.145791,2.08491,0
5.7129,0.137216,2.09351,0
5.71299,0.127592,2.0861,0
5.71307,0.118771,2.09163,0
5.71316,0.109696,2.09313,0
5.71325,0.100706,2.09658,0
5.71334,0.0910774,2.08601,0
5.71342,0.0825635,2.10138,0
5.71351,0.0732192,2.09672,0
5.7136,0.0638256,2.08903,0
5.71368,0.0546314,2.08628,0
5.71377,0.0457023,2.0945,0
5.71386,0.0364582,2.08868,0
5.71395,0.027305,2.08582,0
5.71403,0.0182298,2.08892,0
5.71412,0.00914557,2.09598,0
5.71421,7.6221e-08,2.095,0
5.7143,-0.00911924,2.08998,0
5.71438,-0.0182733,2.09392,0
5.71447,-0.0273964,2.09282,0
5.71456,-0.0365802,2.09568,0
5.71464,-0.0455712,2.0885,0
5.71473,-0.0548145,2.09328,0
5.71482,-0.0640086,2.09502,0
5.71491,-0.0729399,2.08873,0
5.71499,-0.0821315,2.09039,0
5.71508,-0.0912081,2.08901,0
5.71517,-0.100418,2.09059,0
5.71526,-0.109016,2.08015,0
5.71534,-0.118658,2.08963,0
5.71543,-0.127713,2.0881,0
5.71552,-0.137477,2.0975,0
5.7156,-0.145651,2.08291,0
5.71569,-0.155405,2.09123,0
5.71578,-0.164529,2.09054,0
5.71587,-0.173649,2.0898,0
5.71595,-0.182765,2.08902,0
5.71604,-0.192336,2.09318,0
5.71613,-0.201564,2.09332,0
5.71622,-0.211196,2.09739,0
5.7163,-0.220032,2.09347,0
5.71639,-0.229709,2.09746,0
5.71648,-0.238632,2.09445,0
5.71656,-0.248356,2.09835,0
5.71665,-0.257388,2.09626,0
5.71674,-0.265523,2.08718,0
5.71683,-0.274496,2.08501,0
5.71691,-0.283187,2.08082,0
5.717,-0.29449,2.09541,0
5.71709,-0.304061,2.09707,0
5.71718,-0.31306,2.09474,0
5.71726,-0.322197,2.09335,0
5.71735,-0.332267,2.09785,0
5.71744,-0.341578,2.09737,0
5.71752,-0.350231,2.0929,0
5.71761,-0.360206,2.09628,0
5.7177,-0.369002,2.09272,0
5.71779,-0.378842,2.09502,0
5.71787,-0.388891,2.09827,0
5.71796,-0.397483,2.0936,0
5.71805,-0.406805,2.09283,0
5.71814,-0.415737,2.09005,0
5.71822,-0.424853,2.08822,0
5.71831,-0.433146,2.08243,0
5.7184,-0.44306,2.08443,0
5.71848,-0.453636,2.08932,0
5.71857,-0.463397,2.09025,0
5.71866,-0.474058,2.09504,0
5.71875,-0.484769,2.09977,0
5.71883,-0.49301,2.09374,0
5.71892,-0.503542,2.0974,0
5.71901,-0.511975,2.09227,0
5.7191,-0.524003,2.10166,0
5.71918,-0.532183,2.09548,0
5.71927,-0.541822,2.09507,0
5.71936,-0.551722,2.09559,0
5.71944,-0.560343,2.09123,0
5.71953,-0.569462,2.08876,0
5.71962,-0.580442,2.09301,0
5.71971,-0.590111,2.09238,0
5.71979,-0.598684,2.08786,0
5.71988,-0.610027,2.09291,0
5.71997,-0.616881,2.08256,0
5.72005,-0.201737,0.6703,0
5.72014,-0.211969,0.693321,0
5.72023,-0.209358,0.674244,0
5.72032,-0.224026,0.710519,0
5.7204,-0.215844,0.674296,0
5.72049,-0.214458,0.660033,0
5.72058,-0.20982,0.636298,0
5.72067,-0.210373,0.628739,0
5.72075,-0.21215,0.624974,0
5.72084,-0.21227,0.616478,0
5.72093,-0.219244,0.627819,0
5.72101,-0.21831,0.616488,0
5.7211,-0.225053,0.626823,0
5.72119,-0.225733,0.620197,0
5.72128,-0.225322,0.610763,0
5.72136,-0.216428,0.578863,0
5.72145,-0.214346,0.565757,0
5.72154,-0.217171,0.56575,0
5.72163,-0.214563,0.551749,0
5.72171,-0.218435,0.554529,0
5.7218,-0.214182,0.536852,0
5.72189,-0.2139,0.529422,0
5.72197,-0.21015,0.513675,0
5.72206,-0.20971,0.506286,0
5.72215,-0.209984,0.500755,0
5.72224,-0.214121,0.504437,0
5.72232,-0.216714,0.504416,0
5.72241,-0.220907,0.508051,0
5.7225,-0.225135,0.511659,0
5.72259,-0.224925,0.505191,0
5.72267,-0.227127,0.504204,0
5.72276,-0.224764,0.493199,0
5.72285,-0.228588,0.495846,0
5.72293,-0.229482,0.492125,0
5.72302,-0.23376,0.495641,0
5.72311,-0.226449,0.47476,0
5.7232,-0.212878,0.441342,0
5.72328,-0.214802,0.440409,0
5.72337,-0.214952,0.43588,0
5.72346,-0.210159,0.421514,0
5.72355,-0.214247,0.425058,0
5.72363,-0.212014,0.4161,0
5.72372,-0.211538,0.410726,0
5.72381,-0.212866,0.408912,0
5.72389,-0.213717,0.406209,0
5.72398,-0.211732,0.398209,0
5.72407,-0.210154,0.391115,0
5.72416,-0.219016,0.403377,0
5.72424,-0.219331,0.399787,0
5.72433,-0.224467,0.404949,0
5.72442,-0.218414,0.390006,0
5.72451,-0.224053,0.396012,0
5.72459,-0.22826,0.399371,0
5.72468,-0.224,0.387979,0
5.72477,-0.229721,0.393909,0
5.72485,-0.229407,0.389456,0
5.72494,-0.236729,0.397905,0
5.72503,-0.235372,0.391725,0
5.72512,-0.24538,0.404373,0
5.7252,-0.245574,0.400741,0
5.72529,-0.246268,0.397965,0
5.72538,-0.237934,0.380774,0
5.72547,-0.23479,0.37212,0
5.72555,-0.2348,0.368562,0
5.72564,-0.239111,0.371739,0
5.72573,-0.236373,0.363983,0
5.72581,-0.236863,0.361276,0
5.7259,-0.229054,0.346063,0
5.72599,-0.220006,0.329262,0
5.72608,-0.223118,0.330786,0
5.72616,-0.228499,0.335595,0
5.72625,-0.22373,0.32553,0
5.72634,-0.222299,0.320442,0
5.72643,-0.220253,0.314554,0
5.72651,-0.215852,0.305424,0
5.7266,-0.216602,0.303665,0
5.72669,-0.223183,0.310021,0
5.72677,-0.22571,0.310663,0
5.72686,-0.226472,0.308868,0
5.72695,-0.218895,0.295819,0
5.72704,-0.229757,0.307681,0
5.72712,-0.216653,0.287509,0
5.72721,-0.228196,0.300093,0
5.7273,-0.22585,0.294334,0
5.72739,-0.230806,0.29809,0
5.72747,-0.222869,0.28526,0
5.72756,-0.214206,0.27172,0
5.72765,-0.21788,0.273913,0
5.72773,-0.217821,0.2714,0
5.72782,-0.215857,0.266561,0
5.72791,-0.234734,0.2873,0
5.728,-0.234077,0.283958,0
5.72808,-0.236592,0.284471,0
5.72817,-0.232046,0.276542,0
5.72826,-0.234543,0.277053,0
5.72835,-0.228606,0.267663,0
5.72843,-0.222591,0.25833,0
5.72852,-0.234869,0.270186,0
5.72861,-0.230771,0.263144,0
5.72869,-0.234567,0.26513,0
5.72878,-0.233724,0.261866,0
5.72887,-0.232188,0.257871,0
5.72896,-0.229277,0.252414,0
5.72904,-0.222269,0.242564,0
5.72913,-0.210428,0.22764,0
5.72922,-0.210055,0.225257,0
5.72931,-0.200073,0.212684,0
5.72939,-0.190674,0.200929,0
5.72948,-0.165963,0.173367,0
5.72957,-0.165329,0.171203,0
5.72965,-0.129091,0.132516,0
5.72974,-0.125463,0.127672,0
5.72983,-0.0894099,0.0901935,0
