7200
5673
4.93928
4.95499,-0.0318198,-0.0318198,0
4.95508,-0.0380168,-0.03835,0
4.95516,-0.0434564,-0.0442215,0
4.95525,-0.0453564,-0.0465596,0
4.95534,-0.0291757,-0.0302123,0
4.95543,-0.0449483,-0.0469537,0
4.95551,-0.0371711,-0.0391702,0
4.9556,-1.08739,-1.15592,0
4.95569,-0.0218239,-0.0234033,0
4.95577,-1.07386,-1.1617,0
4.95586,-1.08094,-1.17964,0
4.95595,-1.08722,-1.19693,0
4.95604,-1.09135,-1.21207,0
4.95612,-1.08539,-1.21607,0
4.95621,-1.08868,-1.23053,0
4.9563,-1.08067,-1.23227,0
4.95639,-1.08315,-1.24603,0
4.95647,-1.08815,-1.26286,0
4.95656,-1.08588,-1.2714,0
4.95665,-1.07838,-1.27384,0
4.95673,-1.08438,-1.29232,0
4.95682,-1.07937,-1.2978,0
4.95691,-1.06289,-1.28938,0
4.957,-0.670668,-0.820856,0
4.95708,-0.627432,-0.774814,0
4.95717,-0.62029,-0.772866,0
4.95726,-0.608819,-0.765391,0
4.95735,-0.611046,-0.775108,0
4.95743,-0.616277,-0.788799,0
4.95752,-0.615278,-0.794643,0
4.95761,-0.607544,-0.791767,0
4.95769,-0.599846,-0.788838,0
4.95778,-0.596399,-0.791448,0
4.95787,-0.588751,-0.788434,0
4.95796,-0.579357,-0.782957,0
4.95804,-0.571205,-0.779025,0
4.95813,-0.564862,-0.777465,0
4.95822,-0.559711,-0.777488,0
4.95831,-0.552248,-0.774224,0
4.95839,-0.535591,-0.757843,0
4.95848,-0.534573,-0.76345,0
4.95857,-0.532377,-0.767418,0
4.95865,-0.532422,-0.774679,0
4.95874,-0.520595,-0.764596,0
4.95883,-0.52676,-0.780953,0
4.95892,-0.533903,-0.799042,0
4.959,-0.531515,-0.803032,0
4.95909,-0.5302,-0.808689,0
4.95918,-0.531568,-0.818542,0
4.95927,-0.526368,-0.818331,0
4.95935,-0.501301,-0.786884,0
4.95944,-0.477585,-0.756926,0
4.95953,-0.464739,-0.743738,0
4.95961,-0.458332,-0.740657,0
4.9597,-0.453006,-0.739239,0
4.95979,-0.442514,-0.72924,0
4.95988,-0.439327,-0.731164,0
4.95996,-0.439712,-0.73909,0
4.96005,-0.438006,-0.743586,0
4.96014,-0.435764,-0.747218,0
4.96023,-0.4285,-0.742184,0
4.96031,-0.425258,-0.744046,0
4.9604,-0.421022,-0.744154,0
4.96049,-0.423635,-0.756454,0
4.96057,-0.434874,-0.784534,0
4.96066,-0.438662,-0.799575,0
4.96075,-0.430397,-0.792693,0
4.96084,-0.434981,-0.809539,0
4.96092,-0.422994,-0.795536,0
4.96101,-0.421847,-0.801799,0
4.9611,-0.420653,-0.808067,0
4.96119,-0.417581,-0.810784,0
4.96127,-0.406776,-0.798342,0
4.96136,-0.41004,-0.813504,0
4.96145,-0.408717,-0.81976,0
4.96153,-0.408675,-0.82871,0
4.96162,-0.415576,-0.852057,0
4.96171,-0.405772,-0.841252,0
4.9618,-0.403389,-0.845722,0
4.96188,-0.404387,-0.857423,0
4.96197,-0.408249,-0.875493,0
4.96206,-0.403588,-0.87545,0
4.96215,-0.395203,-0.867193,0
4.96223,-1.09251,-2.42529,0
4.96232,-1.09453,-2.45835,0
4.96241,-1.08943,-2.47592,0
4.96249,-1.09217,-2.51183,0
4.96258,-1.08791,-2.53219,0
4.96267,-1.09131,-2.57097,0
4.96276,-1.08202,-2.58032,0
4.96284,-1.07458,-2.59425,0
4.96293,-1.07006,-2.61558,0
4.96302,-1.05976,-2.623,0
4.96311,-1.06128,-2.66011,0
4.96319,-1.04636,-2.65634,0
4.96328,-1.03295,-2.65622,0
4.96337,-1.02422,-2.66817,0
4.96345,-1.02815,-2.71376,0
4.96354,-1.04117,-2.78473,0
4.96363,-1.08127,-2.93091,0
4.96372,-1.0736,-2.9497,0
4.9638,-0.335551,-0.934588,0
4.96389,-0.331804,-0.936986,0
4.96398,-1.03292,-2.95783,0
4.96407,-1.01805,-2.95664,0
4.96415,-1.00257,-2.95347,0
4.96424,-0.992529,-2.96636,0
4.96433,-0.971434,-2.94597,0
4.96441,-0.95579,-2.94162,0
4.9645,-0.945079,-2.95243,0
4.96459,-0.929482,-2.94794,0
4.96468,-0.913941,-2.94337,0
4.96476,-0.899335,-2.94159,0
4.96485,-0.897155,-2.98092,0
4.96494,-0.883572,-2.98289,0
4.96503,-0.914481,-3.13744,0
4.96511,-0.915943,-3.19427,0
4.9652,-0.900639,-3.19343,0
4.96529,-0.884025,-3.18769,0
4.96537,-0.87037,-3.19248,0
4.96546,-0.854621,-3.18949,0
4.96555,-0.842732,-3.20092,0
4.96564,-0.824501,-3.18811,0
4.96572,-0.810829,-3.19265,0
4.96581,-0.797375,-3.19809,0
4.9659,-0.7827,-3.19863,0
4.96599,-0.765234,-3.18743,0
4.96607,-0.753382,-3.1995,0
4.96616,-0.737615,-3.19496,0
4.96625,-0.724329,-3.20107,0
4.96633,-0.707758,-3.19249,0
4.96642,-0.695731,-3.20434,0
4.96651,-0.679663,-3.19756,0
4.9666,-0.665909,-3.20148,0
4.96668,-0.650737,-3.19847,0
4.96677,-0.637555,-3.20521,0
4.96686,-0.620892,-3.19421,0
4.96694,-0.608441,-3.20475,0
4.96703,-0.591537,-3.19165,0
4.96712,-0.577071,-3.19124,0
4.96721,-0.564009,-3.19866,0
4.96729,-0.549878,-3.2001,0
4.96738,-0.53558,-3.2005,0
4.96747,-0.52177,-3.20379,0
4.96756,-0.505909,-3.19418,0
4.96764,-0.492271,-3.19834,0
4.96773,-0.479789,-3.21035,0
4.96782,-0.46506,-3.20746,0
4.9679,-0.450921,-3.20847,0
4.96799,-0.436378,-3.20644,0
4.96808,-0.421991,-3.20534,0
4.96817,-0.40737,-3.20219,0
4.96825,-0.392785,-3.19898,0
4.96834,-0.378588,-3.19867,0
4.96843,-0.36576,-3.21023,0
4.96852,-0.350443,-3.19987,0
4.9686,-0.336791,-3.20435,0
4.96869,-0.323107,-3.20877,0
4.96878,-0.308144,-3.2002,0
4.96886,-0.294544,-3.2055,0
4.96895,-0.280642,-3.20775,0
4.96904,-0.266146,-3.20296,0
4.96913,-0.251305,-3.19313,0
4.96921,-0.237888,-3.20117,0
4.9693,-0.224546,-3.21116,0
4.96939,-0.210402,-3.21011,0
4.96948,-0.196149,-3.20701,0
4.96956,-0.182041,-3.20584,0
4.96965,-0.167737,-3.20061,0
4.96974,-0.153914,-3.20431,0
4.96982,-0.140018,-3.20694,0
4.96991,-0.125946,-3.20553,0
4.97,-0.112307,-3.21604,0
4.97009,-0.0976927,-3.19751,0
4.97017,-0.083871,-3.2029,0
4.97026,-0.070004,-3.20824,0
4.97035,-0.0559525,-3.20551,0
4.97044,-0.0420307,-3.21072,0
4.97052,-0.0282129,-3.23288,0
4.97061,-0.0141066,-3.23297,0
4.9707,-3.88015e-08,-3.221,0
4.97078,0.0139626,-3.19997,0
4.97087,0.0279598,-3.20388,0
4.97096,0.0419652,-3.20573,0
4.97105,0.0559175,-3.20351,0
4.97113,0.0700039,-3.20824,0
4.97122,0.0842374,-3.2169,0
4.97131,0.097937,-3.2055,0
4.9714,0.111992,-3.20705,0
4.97148,0.125985,-3.20653,0
4.97157,0.140149,-3.20994,0
4.97166,0.153962,-3.2053,0
4.97174,0.168051,-3.2066,0
4.97183,0.182154,-3.20783,0
4.97192,0.196149,-3.20701,0
4.97201,0.21014,-3.20612,0
4.97209,0.224337,-3.20817,0
4.97218,0.238703,-3.21214,0
4.97227,0.252481,-3.20808,0
4.97236,0.266974,-3.21293,0
4.97244,0.280903,-3.21074,0
4.97253,0.295001,-3.21047,0
4.97262,0.309965,-3.21911,0
4.9727,0.323006,-3.20778,0
4.97279,0.33815,-3.21728,0
4.97288,0.352293,-3.21677,0
4.97297,0.364967,-3.20328,0
4.97305,0.380116,-3.21158,0
4.97314,0.393516,-3.20493,0
4.97323,0.407875,-3.20616,0
4.97332,0.422252,-3.20732,0
4.9734,0.437726,-3.21635,0
4.97349,0.451756,-3.21441,0
4.97358,0.466208,-3.21538,0
4.97366,0.480824,-3.21727,0
4.97375,0.494553,-3.21316,0
4.97384,0.507004,-3.2011,0
4.97393,0.522896,-3.2107,0
4.97401,0.537395,-3.21135,0
4.9741,0.552587,-3.21587,0
4.97419,0.566788,-3.21441,0
4.97428,0.58063,-3.21092,0
4.97436,0.59427,-3.20639,0
4.97445,0.608814,-3.20672,0
4.97454,0.623755,-3.20894,0
4.97462,0.639896,-3.21698,0
4.97471,0.654724,-3.21807,0
4.9748,0.670185,-3.22204,0
4.97489,0.68299,-3.21321,0
4.97497,0.698489,-3.21704,0
4.97506,0.711653,-3.21006,0
4.97515,0.727198,-3.21375,0
4.97524,0.743013,-3.21834,0
4.97532,0.755674,-3.20923,0
4.97541,0.772237,-3.2166,0
4.9755,0.785552,-3.21029,0
4.97558,0.801729,-3.21556,0
4.97567,0.816737,-3.21591,0
4.97576,0.832263,-3.21812,0
4.97585,0.846806,-3.21639,0
4.97593,0.861609,-3.21557,0
4.97602,0.876946,-3.2166,0
4.97611,0.892309,-3.21756,0
4.9762,0.907425,-3.21749,0
4.97628,0.920629,-3.21061,0
4.97637,0.939666,-3.22385,0
4.97646,0.952303,-3.21492,0
4.97654,0.966034,-3.20978,0
4.97663,0.983538,-3.21701,0
4.97672,0.998455,-3.21555,0
4.97681,1.01548,-3.2207,0
4.97689,1.02861,-3.21338,0
4.97698,1.04201,-3.20696,0
4.97707,1.05818,-3.20903,0
4.97716,1.07725,-3.21956,0
4.97724,1.09193,-3.21672,0
4.97733,1.11182,-3.22895,0
4.97742,1.12194,-3.21274,0
4.9775,1.14295,-3.2276,0
4.97759,1.15635,-3.2207,0
4.97768,1.17279,-3.22221,0
4.97777,1.19099,-3.22832,0
4.97785,1.20541,-3.22403,0
4.97794,1.22195,-3.22528,0
4.97803,1.23852,-3.22645,0
4.97812,1.25041,-3.21543,0
4.9782,1.27029,-3.22483,0
4.97829,1.28398,-3.21833,0
4.97838,1.30363,-3.2266,0
4.97846,1.31883,-3.22366,0
4.97855,1.33097,-3.21325,0
4.97864,1.34807,-3.21479,0
4.97873,1.36873,-3.22453,0
4.97881,1.37963,-3.21118,0
4.9789,1.4032,-3.22713,0
4.97899,1.41807,-3.22281,0
4.97907,1.43619,-3.22573,0
4.97916,1.45189,-3.22308,0
4.97925,1.47175,-3.22945,0
4.97934,1.48331,-3.21755,0
4.97942,1.50452,-3.22646,0
4.97951,1.51986,-3.22257,0
4.9796,1.54123,-3.23126,0
4.97969,1.55662,-3.2272,0
4.97977,1.57156,-3.22218,0
4.97986,1.58959,-3.22336,0
4.97995,1.6081,-3.22534,0
4.98003,1.62756,-3.22901,0
4.98012,1.6439,-3.22633,0
4.98021,1.66437,-3.23158,0
4.9803,1.67661,-3.22074,0
4.98038,1.70136,-3.23374,0
4.98047,1.71827,-3.23159,0
4.98056,1.73708,-3.23287,0
4.98065,1.75404,-3.23053,0
4.98073,1.77629,-3.23775,0
4.98082,1.79234,-3.23347,0
4.98091,1.81327,-3.23783,0
4.98099,1.83379,-3.2412,0
4.98108,1.85188,-3.24012,0
4.98117,1.87,-3.23893,0
4.98126,1.88764,-3.23679,0
4.98134,1.90479,-3.23369,0
4.98143,1.92348,-3.23309,0
4.98152,1.94427,-3.23581,0
4.98161,1.96044,-3.23071,0
4.98169,1.97139,-3.21701,0
4.98178,1.98172,-3.20243,0
4.98187,1.98773,-3.18103,0
4.98195,1.98078,-3.13934,0
4.98204,1.9821,-3.11127,0
4.98213,1.98105,-3.07988,0
4.98222,1.98085,-3.05025,0
4.9823,1.97495,-3.0123,0
4.98239,1.97649,-2.98615,0
4.98248,1.97505,-2.95587,0
4.98257,1.97395,-2.9265,0
4.98265,1.97432,-2.89968,0
4.98274,1.97789,-2.87785,0
4.98283,1.98017,-2.8544,0
4.98291,1.98056,-2.82853,0
4.983,1.97268,-2.79128,0
4.98309,1.97845,-2.77369,0
4.98318,1.97184,-2.73906,0
4.98326,1.97437,-2.71749,0
4.98335,1.97083,-2.68788,0
4.98344,1.97124,-2.66398,0
4.98353,1.97447,-2.64414,0
4.98361,1.98178,-2.62991,0
4.9837,1.97568,-2.59815,0
4.98379,1.97787,-2.57761,0
4.98387,1.97134,-2.54602,0
4.98396,1.97627,-2.52951,0
4.98405,1.97429,-2.50438,0
4.98414,1.97711,-2.48556,0
4.98422,1.98167,-2.46911,0
4.98431,1.98047,-2.44568,0
4.9844,1.97594,-2.41843,0
4.98449,1.97121,-2.39126,0
4.98457,1.97331,-2.37265,0
4.98466,1.97529,-2.35405,0
4.98475,1.9752,-2.3332,0
4.98483,1.97367,-2.31087,0
4.98492,1.97068,-2.28709,0
4.98501,1.96293,-2.25809,0
4.9851,1.97672,-2.25402,0
4.98518,1.96732,-2.22365,0
4.98527,1.97367,-2.21131,0
4.98536,1.96858,-2.18633,0
4.98545,1.97071,-2.16958,0
4.98553,1.96394,-2.14327,0
4.98562,1.97327,-2.13468,0
4.98571,1.97166,-2.11434,0
4.98579,1.96922,-2.09334,0
4.98588,1.96456,-2.07022,0
4.98597,1.96805,-2.05585,0
4.98606,1.97005,-2.04005,0
4.98614,1.97196,-2.02427,0
4.98623,1.96815,-2.00281,0
4.98632,1.96772,-1.98497,0
4.98641,1.97071,-1.97071,0
4.98649,1.96366,-1.9466,0
4.98658,1.97356,-1.93942,0
4.98667,1.97198,-1.92102,0
4.98675,1.97243,-1.90475,0
4.98684,1.97422,-1.88991,0
4.98693,1.97084,-1.87026,0
4.98702,1.97243,-1.85548,0
4.9871,1.97027,-1.8373,0
4.98719,1.97606,-1.82665,0
4.98728,1.97369,-1.80856,0
4.98737,1.97268,-1.79186,0
4.98745,1.97008,-1.77387,0
4.98754,1.96959,-1.75793,0
4.98763,1.9705,-1.74335,0
4.98771,1.9826,-1.7387,0
4.9878,1.97885,-1.72019,0
4.98789,1.978,-1.70436,0
4.98798,1.97477,-1.68662,0
4.98806,1.9638,-1.66248,0
4.98815,1.96567,-1.64939,0
4.98824,1.96747,-1.63632,0
4.98833,1.97382,-1.62709,0
4.98841,1.96928,-1.60897,0
4.9885,1.96696,-1.59281,0
4.98859,1.97311,-1.58359,0
4.98867,1.97609,-1.57185,0
4.98876,1.96722,-1.55083,0
4.98885,1.97081,-1.53977,0
4.98894,1.96724,-1.5232,0
4.98902,1.97307,-1.51399,0
4.98911,1.9717,-1.49931,0
4.9892,1.96544,-1.48107,0
4.98929,1.98631,-1.48325,0
4.98937,1.97347,-1.46029,0
4.98946,1.97014,-1.44457,0
4.98955,1.97562,-1.43537,0
4.98963,1.97456,-1.42148,0
4.98972,1.97667,-1.40995,0
4.98981,1.96076,-1.38573,0
4.9899,1.97006,-1.37945,0
4.98998,1.96209,-1.36115,0
4.99007,1.96636,-1.35145,0
4.99016,1.96811,-1.34004,0
4.99025,1.97394,-1.33144,0
4.99033,1.97225,-1.31781,0
4.99042,1.97798,-1.30919,0
4.99051,1.96778,-1.29013,0
4.99059,1.9692,-1.27881,0
4.99068,1.96635,-1.2648,0
4.99077,1.97522,-1.25836,0
4.99086,1.96801,-1.24172,0
4.99094,1.96917,-1.23047,0
4.99103,1.96686,-1.21713,0
4.99112,1.96704,-1.2054,0
4.99121,1.95689,-1.18747,0
4.99129,1.96206,-1.17892,0
4.99138,1.97148,-1.17291,0
4.99147,1.96968,-1.16023,0
4.99155,1.97732,-1.15314,0
4.99164,1.96848,-1.1365,0
4.99173,1.96387,-1.12244,0
4.99182,1.96439,-1.1114,0
4.9919,1.96661,-1.10135,0
4.99199,1.97402,-1.09422,0
4.99208,1.96825,-1.07982,0
4.99216,1.97646,-1.07313,0
4.99225,1.96791,-1.0574,0
4.99234,1.97339,-1.04927,0
4.99243,1.97529,-1.03925,0
4.99251,1.97271,-1.02693,0
4.9926,1.96828,-1.01373,0
4.99269,1.97893,-1.00831,0
4.99278,1.96634,-0.991117,0
4.99286,1.96707,-0.980743,0
4.99295,1.96684,-0.969939,0
4.99304,1.98004,-0.965732,0
4.99312,1.98424,-0.957083,0
4.99321,1.97847,-0.94368,0
4.9933,1.97081,-0.929493,0
4.99339,1.97484,-0.920885,0
4.99347,1.97884,-0.91226,0
4.99356,1.97917,-0.901958,0
4.99365,1.97761,-0.890849,0
4.99374,1.976,-0.879771,0
4.99382,1.97982,-0.871141,0
4.99391,1.97993,-0.860899,0
4.994,1.97356,-0.84791,0
4.99408,1.97632,-0.8389,0
4.99417,1.96798,-0.825241,0
4.99426,1.97156,-0.816647,0
4.99435,1.98251,-0.811065,0
4.99443,1.9851,-0.802033,0
4.99452,1.97836,-0.789287,0
4.99461,1.979,-0.779548,0
4.9947,1.97772,-0.769094,0
4.99478,1.97639,-0.758665,0
4.99487,1.97968,-0.750034,0
4.99496,1.98013,-0.740339,0
4.99504,1.97489,-0.728576,0
4.99513,1.97805,-0.719952,0
4.99522,1.97741,-0.709963,0
4.99531,1.97578,-0.699659,0
4.99539,1.9807,-0.691691,0
4.99548,1.9733,-0.679461,0
4.99557,1.97624,-0.670844,0
4.99566,1.97725,-0.66158,0
4.99574,1.97537,-0.651381,0
4.99583,1.98105,-0.643682,0
4.99592,1.98765,-0.636252,0
4.996,1.98182,-0.624867,0
4.99609,1.98071,-0.615027,0
4.99618,1.97477,-0.603748,0
4.99627,1.97643,-0.594837,0
4.99635,1.99147,-0.5899,0
4.99644,1.97866,-0.576728,0
4.99653,1.97732,-0.566986,0
4.99662,1.97592,-0.557267,0
4.9967,1.98219,-0.549709,0
4.99679,1.98264,-0.540529,0
4.99688,1.98111,-0.530838,0
4.99696,1.98535,-0.522698,0
4.99705,1.9847,-0.513279,0
4.99714,1.97335,-0.501168,0
4.99723,1.98134,-0.494005,0
4.99731,1.98737,-0.486305,0
4.9974,1.99336,-0.478563,0
4.99749,1.98375,-0.46711,0
4.99758,1.98187,-0.45755,0
4.99766,1.98092,-0.448237,0
4.99775,1.98481,-0.440022,0
4.99784,1.97792,-0.429448,0
4.99792,1.97097,-0.418942,0
4.99801,1.97571,-0.410949,0
4.9981,1.97651,-0.402125,0
4.99819,1.97824,-0.393497,0
4.99827,1.977,-0.384289,0
4.99836,1.97669,-0.375286,0
4.99845,1.97929,-0.36684,0
4.99854,1.97891,-0.357845,0
4.99862,1.98439,-0.349901,0
4.99871,1.96618,-0.337852,0
4.9988,1.96863,-0.329435,0
4.99888,1.97794,-0.322128,0
4.99897,1.97834,-0.313338,0
4.99906,1.98166,-0.305007,0
4.99915,1.96913,-0.294289,0
4.99923,1.95852,-0.283972,0
4.99932,1.96271,-0.275841,0
4.99941,1.95399,-0.265926,0
4.9995,1.82029,-0.239646,0
4.99958,1.69732,-0.215926,0
4.99967,1.6774,-0.205959,0
4.99976,1.66637,-0.197228,0
4.99984,1.66423,-0.189615,0
4.99993,1.66007,-0.181808,0
5.00002,1.65588,-0.17404,0
5.00011,1.65662,-0.166813,0
5.00019,1.65136,-0.159008,0
5.00028,1.64806,-0.151435,0
5.00037,1.64571,-0.143981,0
5.00046,1.66127,-0.138041,0
5.00054,1.65488,-0.130242,0
5.00063,1.66042,-0.123391,0
5.00072,1.65995,-0.116075,0
5.0008,1.66343,-0.109027,0
5.00089,1.6589,-0.101463,0
5.00098,1.65733,-0.0941101,0
5.00107,1.65473,-0.0867207,0
5.00115,1.65509,-0.0794998,0
5.00124,1.65342,-0.0721901,0
5.00133,1.64973,-0.064818,0
5.00142,1.65399,-0.0577587,0
5.0015,1.65923,-0.050694,0
5.00159,1.65843,-0.0434276,0
5.00168,1.65761,-0.0361691,0
5.00176,1.66075,-0.0289885,0
5.00185,1.66886,-0.0218466,0
5.00194,1.67994,-0.0146606,0
5.00203,1.74298,-0.00760529,0
5.00211,1.798,-4.35375e-08,0
5.0022,1.70598,0.00744376,0
5.00229,1.68794,0.0147304,0
5.00238,1.68386,0.0220428,0
5.00246,1.69474,0.0295818,0
5.00255,1.78058,0.0388523,0
5.00264,1.93234,0.0506,0
5.00272,1.94009,0.0592752,0
5.00281,1.95181,0.0681587,0
5.0029,1.95749,0.0769099,0
5.00299,1.96812,0.0859301,0
5.00307,1.97073,0.0946608,0
5.00316,1.97829,0.103677,0
5.00325,1.97182,0.111968,0
5.00334,1.97032,0.12051,0
5.00342,1.97776,0.129629,0
5.00351,1.97019,0.137769,0
5.0036,1.97057,0.146438,0
5.00368,1.97689,0.155584,0
5.00377,1.98416,0.164871,0
5.00386,1.97247,0.172568,0
5.00395,1.98364,0.182271,0
5.00403,1.97586,0.190254,0
5.00412,1.98397,0.199775,0
5.00421,1.9791,0.208012,0
5.00429,1.98612,0.217516,0
5.00438,1.97621,0.225161,0
5.00447,1.97621,0.233899,0
5.00456,1.97814,0.242886,0
5.00464,1.98302,0.252272,0
5.00473,1.97793,0.2604,0
5.00482,1.9738,0.268623,0
5.00491,1.98054,0.278346,0
5.00499,1.97732,0.286698,0
5.00508,1.97012,0.294436,0
5.00517,1.97672,0.304247,0
5.00525,1.98328,0.31412,0
5.00534,1.98189,0.322771,0
5.00543,1.99131,0.333231,0
5.00552,1.98294,0.340731,0
5.0056,1.98833,0.350596,0
5.00569,1.98087,0.3582,0
5.00578,1.98421,0.367751,0
5.00587,1.97571,0.3751,0
5.00595,1.98289,0.385434,0
5.00604,1.97824,0.393497,0
5.00613,1.98925,0.404717,0
5.00621,1.99236,0.414411,0
5.0063,1.98466,0.421853,0
5.00639,1.98573,0.431145,0
5.00648,1.98481,0.440022,0
5.00656,1.99262,0.450885,0
5.00665,1.97992,0.457101,0
5.00674,1.98277,0.466881,0
5.00683,1.98655,0.476929,0
5.00691,1.98834,0.486543,0
5.007,1.98523,0.494972,0
5.00709,1.97917,0.502645,0
5.00717,1.98858,0.51428,0
5.00726,1.98438,0.522443,0
5.00735,1.98015,0.530579,0
5.00744,1.98457,0.541055,0
5.00752,1.99086,0.552114,0
5.00761,1.99036,0.561339,0
5.0077,1.99558,0.572223,0
5.00779,1.99114,0.580365,0
5.00787,1.98572,0.588196,0
5.00796,2.00132,0.60233,0
5.00805,1.99103,0.608718,0
5.00813,1.99313,0.618882,0
5.00822,1.98182,0.624867,0
5.00831,1.9867,0.635947,0
5.0084,1.9839,0.644609,0
5.00848,1.98962,0.656078,0
5.00857,1.98674,0.664753,0
5.00866,1.99234,0.676309,0
5.00875,1.9941,0.686623,0
5.00883,1.99392,0.696307,0
5.00892,1.99086,0.705,0
5.00901,1.99623,0.716721,0
5.00909,1.99027,0.724399,0
5.00918,1.99741,0.736883,0
5.00927,1.98855,0.74349,0
5.00936,1.99745,0.756766,0
5.00944,1.98573,0.762249,0
5.00953,1.98518,0.771993,0
5.00962,1.97993,0.779915,0
5.00971,1.98487,0.791881,0
5.00979,1.97768,0.799036,0
5.00988,1.98621,0.81258,0
5.00997,1.98449,0.822004,0
5.01005,1.98734,0.833362,0
5.01014,1.99473,0.846714,0
5.01023,1.99378,0.856594,0
5.01032,1.99002,0.865285,0
5.0104,1.98623,0.87396,0
5.01049,1.99336,0.887499,0
5.01058,1.98491,0.894135,0
5.01067,1.991,0.907349,0
5.01075,1.99337,0.918958,0
5.01084,1.99206,0.928915,0
5.01093,1.9889,0.938025,0
5.01101,1.98388,0.946263,0
5.0111,1.99144,0.960558,0
5.01119,1.98723,0.969239,0
5.01128,1.98837,0.980554,0
5.01136,1.99033,0.992344,0
5.01145,1.97973,0.997868,0
5.01154,1.98605,1.01194,0
5.01163,1.9994,1.02976,0
5.01171,1.99666,1.0394,0
5.0118,1.99742,1.05089,0
5.01189,1.99723,1.06194,0
5.01197,1.99257,1.07065,0
5.01206,1.99667,1.0841,0
5.01215,2.00157,1.0981,0
5.01224,1.99763,1.10731,0
5.01232,1.99278,1.11601,0
5.01241,1.99747,1.13011,0
5.0125,1.99252,1.13882,0
5.01259,1.99186,1.15,0
5.01267,1.99719,1.16473,0
5.01276,1.99898,1.17749,0
5.01285,1.99296,1.18569,0
5.01293,1.99549,1.19901,0
5.01302,2.00135,1.21445,0
5.01311,1.99688,1.22369,0
5.0132,2.00003,1.23766,0
5.01328,2.00224,1.25114,0
5.01337,2.00437,1.26467,0
5.01346,2.00474,1.27716,0
5.01355,2.00504,1.28968,0
5.01363,2.00442,1.30169,0
5.01372,2.00291,1.31316,0
5.01381,2.00466,1.32686,0
5.01389,2.00467,1.33948,0
5.01398,2.01125,1.3566,0
5.01407,2.00365,1.36424,0
5.01416,2.00922,1.3809,0
5.01424,2.01221,1.39592,0
5.01433,1.99955,1.4001,0
5.01442,2.00322,1.41574,0
5.01451,2.00272,1.42853,0
5.01459,1.99485,1.43609,0
5.01468,2.00151,1.45418,0
5.01477,2.00805,1.47236,0
5.01485,2.00402,1.48289,0
5.01494,2.00474,1.49701,0
5.01503,2.01017,1.51477,0
5.01512,2.00195,1.52231,0
5.0152,1.99925,1.53408,0
5.01529,2.00519,1.55258,0
5.01538,1.99682,1.56009,0
5.01547,1.99785,1.57497,0
5.01555,1.99722,1.58866,0
5.01564,2.00274,1.60737,0
5.01573,2.00115,1.6205,0
5.01581,1.99716,1.63175,0
5.0159,2.00314,1.65126,0
5.01599,1.99899,1.66254,0
5.01608,2.00397,1.68153,0
5.01616,2.00043,1.69349,0
5.01625,1.9877,1.69766,0
5.01634,1.99846,1.72198,0
5.01643,1.99998,1.73856,0
5.01651,2.00065,1.75452,0
5.0166,2.00046,1.76986,0
5.01669,2.00018,1.78523,0
5.01677,1.99832,1.79929,0
5.01686,1.99563,1.8127,0
5.01695,2.00466,1.83693,0
5.01704,1.99515,1.8443,0
5.01712,2.00245,1.86731,0
5.01721,2.00521,1.88631,0
5.0173,2.00711,1.90468,0
5.01738,2.00312,1.91757,0
5.01747,1.99833,1.92976,0
5.01756,1.99992,1.94823,0
5.01765,2.00209,1.96745,0
5.01773,2.00627,1.98884,0
5.01782,2.00111,2.00111,0
5.01791,1.99588,2.01338,0
5.018,1.99899,2.03419,0
5.01808,2.00405,2.05722,0
5.01817,2.01034,2.08177,0
5.01826,2.01092,2.10063,0
5.01834,2.00793,2.11592,0
5.01843,2.01238,2.13923,0
5.01852,2.01394,2.15969,0
5.01861,2.01807,2.18314,0
5.01869,2.01461,2.19856,0
5.01878,2.01441,2.21769,0
5.01887,2.01141,2.23389,0
5.01896,2.01496,2.25757,0
5.01904,2.01768,2.28057,0
5.01913,2.011,2.29311,0
5.01922,2.00688,2.30866,0
5.0193,2.00724,2.32951,0
5.01939,2.01394,2.35802,0
5.01948,2.00622,2.36984,0
5.01957,2.01385,2.40002,0
5.01965,2.01487,2.42262,0
5.01974,2.0081,2.43602,0
5.01983,2.0139,2.46489,0
5.01992,2.01383,2.48687,0
5.02,2.01172,2.50655,0
5.02009,2.01134,2.52861,0
5.02018,2.00896,2.54835,0
5.02026,2.02245,2.58862,0
5.02035,2.01664,2.60453,0
5.02044,2.01804,2.62997,0
5.02053,2.02471,2.66263,0
5.02061,2.0239,2.68581,0
5.0207,2.02712,2.71465,0
5.02079,2.03132,2.74517,0
5.02088,2.04593,2.7903,0
5.02096,2.03139,2.79596,0
5.02105,2.01099,2.79344,0
5.02114,1.98949,2.78916,0
5.02122,1.96807,2.78475,0
5.02131,1.95475,2.79167,0
5.0214,1.93628,2.79113,0
5.02149,1.91502,2.78637,0
5.02157,1.89722,2.78643,0
5.02166,1.87609,2.78142,0
5.02175,1.8606,2.78459,0
5.02184,1.84623,2.78935,0
5.02192,1.82801,2.78818,0
5.02201,1.80929,2.78606,0
5.0221,1.79117,2.78468,0
5.02218,1.76986,2.77813,0
5.02227,1.75346,2.77906,0
5.02236,1.73549,2.77736,0
5.02245,1.72125,2.7815,0
5.02253,1.70909,2.78899,0
5.02262,1.68809,2.78188,0
5.02271,1.67233,2.78322,0
5.0228,1.65454,2.78104,0
5.02288,1.63529,2.77617,0
5.02297,1.62014,2.7781,0
5.02306,1.609,2.78687,0
5.02314,1.58988,2.78171,0
5.02323,1.57773,2.78862,0
5.02332,1.56163,2.7885,0
5.02341,1.54703,2.79091,0
5.02349,1.52762,2.78448,0
5.02358,1.51641,2.79288,0
5.02367,1.5009,2.7933,0
5.02376,1.48447,2.79188,0
5.02384,1.47041,2.79479,0
5.02393,1.44804,2.78167,0
5.02402,1.43406,2.7844,0
5.0241,1.42417,2.79509,0
5.02419,1.40791,2.79324,0
5.02428,1.39258,2.79309,0
5.02437,1.37773,2.79376,0
5.02445,1.3629,2.79435,0
5.02454,1.34895,2.79667,0
5.02463,1.33071,2.78989,0
5.02472,1.3198,2.79838,0
5.0248,1.30251,2.79324,0
5.02489,1.2857,2.78891,0
5.02498,1.27352,2.79449,0
5.02506,1.25803,2.79273,0
5.02515,1.24665,2.80002,0
5.02524,1.22677,2.78804,0
5.02533,1.2122,2.78786,0
5.02541,1.19844,2.78945,0
5.0255,1.18196,2.78453,0
5.02559,1.17173,2.79427,0
5.02568,1.15685,2.79289,0
5.02576,1.14579,2.80069,0
5.02585,1.12644,2.78804,0
5.02594,1.11649,2.7985,0
5.02602,1.1017,2.79684,0
5.02611,1.08731,2.79602,0
5.0262,1.07295,2.79514,0
5.02629,1.06216,2.80354,0
5.02637,1.04537,2.79597,0
5.02646,1.03247,2.79862,0
5.02655,1.01854,2.7984,0
5.02664,1.00496,2.79906,0
5.02672,0.990405,2.79682,0
5.02681,0.979511,2.80489,0
5.0269,0.961728,2.79306,0
5.02698,0.95114,2.80197,0
5.02707,0.936683,2.79945,0
5.02716,0.922581,2.79781,0
5.02725,0.907583,2.79325,0
5.02733,0.895082,2.79623,0
5.02742,0.882572,2.79916,0
5.02751,0.867977,2.79534,0
5.0276,0.845831,2.76659,0
5.02768,0.78447,2.60651,0
5.02777,0.697826,2.35582,0
5.02786,0.672989,2.30892,0
5.02794,0.658498,2.29645,0
5.02803,0.649014,2.30123,0
5.02812,0.639234,2.305,0
5.02821,0.626014,2.29619,0
5.02829,0.615213,2.29601,0
5.02838,0.605953,2.30157,0
5.02847,0.578879,2.23836,0
5.02856,0.566399,2.2302,0
5.02864,0.556904,2.23362,0
5.02873,0.545727,2.2302,0
5.02882,0.53389,2.22381,0
5.0289,0.525098,2.23001,0
5.02899,0.514688,2.22936,0
5.02908,0.504294,2.22866,0
5.02917,0.491967,2.21912,0
5.02925,0.484402,2.23102,0
5.02934,0.474662,2.23311,0
5.02943,0.463081,2.22635,0
5.02951,0.453363,2.22835,0
5.0296,0.443245,2.22834,0
5.02969,0.432182,2.22339,0
5.02978,0.423783,2.23213,0
5.02986,0.412764,2.22707,0
5.02995,0.402686,2.22688,0
5.03004,0.391924,2.22271,0
5.03013,0.382561,2.22637,0
5.03021,0.372347,2.22506,0
5.0303,0.361671,2.22074,0
5.03039,0.351978,2.2223,0
5.03047,0.343951,2.23469,0
5.03056,0.33331,2.23023,0
5.03065,0.323145,2.22869,0
5.03074,0.313418,2.23008,0
5.03082,0.302336,2.22152,0
5.03091,0.292509,2.22183,0
5.031,0.283695,2.23003,0
5.03109,0.273597,2.22827,0
5.03117,0.263049,2.22249,0
5.03126,0.254141,2.23057,0
5.03135,0.245059,2.23762,0
5.03143,0.237593,2.26055,0
5.03152,0.230633,2.29042,0
5.03161,0.220637,2.2914,0
5.0317,0.209996,2.28537,0
5.03178,0.200458,2.29125,0
5.03187,0.189879,2.28512,0
5.03196,0.180456,2.29291,0
5.03205,0.171265,2.30465,0
5.03213,0.160719,2.29839,0
5.03222,0.150362,2.29408,0
5.03231,0.140106,2.29072,0
5.03239,0.13028,2.2943,0
5.03248,0.120163,2.29285,0
5.03257,0.109966,2.28936,0
5.03266,0.100107,2.29282,0
5.03274,0.0899836,2.29023,0
5.03283,0.0801642,2.2956,0
5.03292,0.0702081,2.29793,0
5.03301,0.0599715,2.29021,0
5.03309,0.0500652,2.29445,0
5.03318,0.0400534,2.29465,0
5.03327,0.0301323,2.3018,0
5.03335,0.0200013,2.29191,0
5.03344,0.0100313,2.29898,0
5.03353,8.37158e-08,2.301,0
5.03362,-0.0100137,2.29498,0
5.0337,-0.0200797,2.30091,0
5.03379,-0.0301845,2.3058,0
5.03388,-0.0401928,2.30265,0
5.03397,-0.0501523,2.29845,0
5.03405,-0.0601022,2.29521,0
5.03414,-0.0701163,2.29493,0
5.03423,-0.0802688,2.2986,0
5.03431,-0.090376,2.30023,0
5.0344,-0.100848,2.3098,0
5.03449,-0.110158,2.29336,0
5.03458,-0.120268,2.29485,0
5.03466,-0.126878,2.2344,0
5.03475,-0.130766,2.138,0
5.03484,-0.136235,2.07854,0
5.03493,-0.144535,2.06695,0
5.03501,-0.152886,2.05733,0
5.0351,-0.161469,2.05166,0
5.03519,-0.171413,2.06289,0
5.03527,-0.180848,2.0671,0
5.03536,-0.188951,2.05634,0
5.03545,-0.198592,2.06246,0
5.03554,-0.207289,2.05859,0
5.03562,-0.216792,2.06264,0
5.03571,-0.225899,2.06267,0
5.0358,-0.234557,2.05868,0
5.03589,-0.243655,2.05863,0
5.03597,-0.253001,2.06053,0
5.03606,-0.261863,2.05841,0
5.03615,-0.271494,2.06221,0
5.03623,-0.280355,2.06001,0
5.03632,-0.28948,2.05976,0
5.03641,-0.298178,2.0565,0
5.0365,-0.307443,2.05715,0
5.03658,-0.314895,2.04591,0
5.03667,-0.326635,2.06229,0
5.03676,-0.336113,2.06381,0
5.03685,-0.344949,2.06134,0
5.03693,-0.355634,2.06967,0
5.03702,-0.363446,2.0612,0
5.03711,-0.373325,2.06452,0
5.03719,-0.381966,2.0609,0
5.03728,-0.393193,2.07101,0
5.03737,-0.402607,2.07123,0
5.03746,-0.410275,2.06259,0
5.03754,-0.418872,2.05882,0
5.03763,-0.427444,2.05502,0
5.03772,-0.437446,2.05802,0
5.03781,-0.446634,2.05707,0
5.03789,-0.456687,2.05998,0
5.03798,-0.465892,2.05895,0
5.03807,-0.476221,2.06274,0
5.03815,-0.486134,2.06454,0
5.03824,-0.495838,2.06531,0
5.03833,-0.506033,2.06799,0
5.03842,-0.516261,2.07061,0
5.0385,-0.523322,2.06058,0
5.03859,-0.534561,2.067,0
5.03868,-0.542811,2.06174,0
5.03877,-0.556978,2.07867,0
5.03885,-0.561835,2.06079,0
5.03894,-0.574028,2.06988,0
5.03903,-0.581968,2.0635,0
5.03911,-0.593723,2.07056,0
5.0392,-0.603311,2.06987,0
5.03929,-0.310997,1.04991,0
5.03938,-0.302318,1.00449,0
5.03946,-0.30699,1.00412,0
5.03955,-0.308403,0.993221,0
5.03964,-0.31123,0.987097,0
5.03973,-0.30212,0.943824,0
5.03981,-0.309017,0.951057,0
5.0399,-0.309719,0.939252,0
5.03999,-0.303343,0.906597,0
5.04007,-0.30601,0.901478,0
5.04016,-0.304406,0.88406,0
5.04025,-0.310569,0.889332,0
5.04034,-0.301761,0.852148,0
5.04042,-0.30818,0.858353,0
5.04051,-0.301662,0.828809,0
5.0406,-0.289008,0.78339,0
5.04069,-0.284719,0.761515,0
5.04077,-0.284496,0.750914,0
5.04086,-0.285978,0.744997,0
5.04095,-0.282339,0.726034,0
5.04103,-0.277808,0.705257,0
5.04112,-0.276065,0.691963,0
5.04121,-0.28058,0.694461,0
5.0413,-0.2802,0.6849,0
5.04138,-0.275915,0.666117,0
5.04147,-0.276112,0.658451,0
5.04156,-0.286406,0.67473,0
5.04165,-0.281058,0.654179,0
5.04173,-0.288296,0.663034,0
5.04182,-0.279103,0.634311,0
5.04191,-0.278615,0.625779,0
5.04199,-0.278878,0.619086,0
5.04208,-0.284065,0.623324,0
5.04217,-0.277571,0.602099,0
5.04226,-0.278928,0.598163,0
5.04234,-0.278976,0.591514,0
5.04243,-0.285859,0.599317,0
5.04252,-0.288906,0.598964,0
5.0426,-0.298531,0.612079,0
5.04269,-0.299429,0.607183,0
5.04278,-0.311892,0.625559,0
5.04287,-0.306967,0.609012,0
5.04295,-0.305536,0.599647,0
5.04304,-0.302197,0.586751,0
5.04313,-0.307986,0.591636,0
5.04322,-0.308702,0.586747,0
5.0433,-0.312199,0.58716,0
5.04339,-0.308604,0.574341,0
5.04348,-0.302041,0.556291,0
5.04356,-0.300618,0.547954,0
5.04365,-0.304945,0.550136,0
5.04374,-0.293661,0.52437,0
5.04383,-0.249166,0.4404,0
5.04391,-0.222305,0.388953,0
5.044,-0.218,0.377587,0
5.04409,-0.218638,0.374905,0
5.04418,-0.215196,0.365331,0
5.04426,-0.212187,0.356654,0
5.04435,-0.215801,0.359153,0
5.04444,-0.218922,0.360773,0
5.04452,-0.223107,0.364077,0
5.04461,-0.219957,0.355447,0
5.0447,-0.217797,0.348548,0
5.04479,-0.214513,0.339983,0
5.04487,-0.213308,0.334826,0
5.04496,-0.218013,0.338939,0
5.04505,-0.216766,0.333791,0
5.04514,-0.224252,0.342041,0
5.04522,-0.224086,0.338558,0
5.04531,-0.227228,0.340071,0
5.0454,-0.227032,0.336589,0
5.04548,-0.234127,0.343861,0
5.04557,-0.235625,0.342836,0
5.04566,-0.238829,0.34427,0
5.04575,-0.234593,0.335033,0
5.04583,-0.247018,0.349523,0
5.04592,-0.23925,0.335416,0
5.04601,-0.239542,0.332745,0
5.0461,-0.245106,0.33736,0
5.04618,-0.243028,0.331449,0
5.04627,-0.252205,0.340835,0
5.04636,-0.256681,0.343738,0
5.04644,-0.26179,0.347406,0
5.04653,-0.256039,0.336709,0
5.04662,-0.252636,0.329242,0
5.04671,-0.253458,0.327345,0
5.04679,-0.256115,0.327812,0
5.04688,-0.251352,0.318839,0
5.04697,-0.258344,0.324782,0
5.04706,-0.259758,0.323652,0
5.04714,-0.261797,0.323293,0
5.04723,-0.261307,0.319824,0
5.04732,-0.263336,0.319453,0
5.0474,-0.270483,0.32522,0
5.04749,-0.272542,0.324803,0
5.04758,-0.275895,0.3259,0
5.04767,-0.274717,0.321652,0
5.04775,-0.276117,0.32045,0
5.04784,-0.280137,0.322261,0
5.04793,-0.282859,0.322539,0
5.04802,-0.282276,0.319055,0
5.0481,-0.288327,0.323043,0
5.04819,-0.290403,0.322525,0
5.04828,-0.290462,0.319774,0
5.04836,-0.288477,0.314817,0
5.04845,-0.287811,0.311353,0
5.04854,-0.277573,0.297661,0
5.04863,-0.342591,0.364186,0
5.04871,-0.341424,0.359786,0
5.0488,-0.331235,0.346012,0
5.04889,-0.232711,0.240979,0
5.04898,-0.0579166,0.0594531,0
5.04906,-0.0700909,0.071325,0
5.04915,-0.0640653,0.0646269,0
5.04924,-0.0480833,0.0480833,0
