7200
6661
5.81195
5.82765,-0.0629325,-0.0629325,0
5.82774,-0.0422409,-0.0426111,0
5.82783,-0.0686891,-0.0698985,0
5.82792,-0.12002,-0.123204,0
5.828,-0.129901,-0.134517,0
5.82809,-0.130004,-0.135804,0
5.82818,-0.15075,-0.158857,0
5.82827,-0.177462,-0.188648,0
5.82835,-0.206646,-0.2216,0
5.82844,-0.179203,-0.193861,0
5.82853,-0.127687,-0.139345,0
5.82861,-0.161368,-0.177652,0
5.8287,-0.209438,-0.232604,0
5.82879,-0.137172,-0.153688,0
5.82888,-0.294866,-0.333285,0
5.82896,-0.303299,-0.345846,0
5.82905,-0.299819,-0.344902,0
5.82914,-0.304186,-0.353025,0
5.82923,-0.306539,-0.358912,0
5.82931,-0.31337,-0.370168,0
5.8294,-0.307252,-0.366169,0
5.82949,-0.300536,-0.361356,0
5.82957,-0.305954,-0.371151,0
5.82966,-0.306862,-0.37558,0
5.82975,-0.302703,-0.373807,0
5.82984,-0.312336,-0.389162,0
5.82992,-0.31188,-0.392087,0
5.83001,-0.316357,-0.401297,0
5.8301,-0.309062,-0.395581,0
5.83019,-0.305496,-0.394554,0
5.83027,-0.308033,-0.401437,0
5.83036,-0.312937,-0.411533,0
5.83045,-0.300908,-0.399318,0
5.83053,-0.308735,-0.413447,0
5.83062,-0.311687,-0.421221,0
5.83071,-0.312211,-0.425803,0
5.8308,-0.311526,-0.428779,0
5.83088,-0.310821,-0.431757,0
5.83097,-0.307773,-0.431481,0
5.83106,-0.308196,-0.436087,0
5.83115,-0.307437,-0.439066,0
5.83123,-0.313498,-0.451906,0
5.83132,-0.317754,-0.462335,0
5.83141,-0.315171,-0.46289,0
5.83149,-0.310911,-0.460945,0
5.83158,-0.311675,-0.466454,0
5.83167,-0.305221,-0.461139,0
5.83176,-0.300465,-0.458285,0
5.83184,-0.30173,-0.464624,0
5.83193,-0.298077,-0.463412,0
5.83202,-0.301962,-0.473986,0
5.8321,-0.304694,-0.482911,0
5.83219,-0.308413,-0.493564,0
5.83228,-0.314676,-0.508511,0
5.83237,-0.310364,-0.506468,0
5.83245,-0.311783,-0.513802,0
5.83254,-0.317263,-0.528015,0
5.83263,-0.313423,-0.526816,0
5.83272,-0.310613,-0.527317,0
5.8328,-0.313347,-0.537306,0
5.83289,-0.316,-0.547328,0
5.83298,-0.314601,-0.550438,0
5.83306,-0.311704,-0.550935,0
5.83315,-0.304411,-0.543565,0
5.83324,-0.302521,-0.545763,0
5.83333,-0.305428,-0.556722,0
5.83341,-0.298701,-0.550139,0
5.8335,-0.286832,-0.53382,0
5.83359,-0.290133,-0.545662,0
5.83368,-0.283094,-0.538072,0
5.83376,-0.28259,-0.542851,0
5.83385,-0.282966,-0.549413,0
5.83394,-0.279658,-0.54886,0
5.83402,-0.276811,-0.549182,0
5.83411,-0.273519,-0.548595,0
5.8342,-0.274219,-0.556061,0
5.83429,-0.267845,-0.549163,0
5.83437,-0.267184,-0.553929,0
5.83446,-0.262181,-0.549674,0
5.83455,-0.260207,-0.551718,0
5.83464,-0.256107,-0.549223,0
5.83472,-0.250777,-0.543978,0
5.83481,-0.253378,-0.555986,0
5.8349,-0.246842,-0.547969,0
5.83498,-0.245262,-0.550868,0
5.83507,-0.237621,-0.540034,0
5.83516,-0.234863,-0.540148,0
5.83525,-0.238031,-0.554031,0
5.83533,-0.232094,-0.54678,0
5.83542,-0.233573,-0.557009,0
5.83551,-0.228845,-0.55248,0
5.8356,-0.227189,-0.555324,0
5.83568,-0.220269,-0.545184,0
5.83577,-0.221593,-0.555428,0
5.83586,-0.218068,-0.553598,0
5.83594,-0.2171,-0.558273,0
5.83603,-0.213587,-0.556414,0
5.83612,-0.206906,-0.546119,0
5.83621,-0.206272,-0.5517,0
5.83629,-0.202478,-0.548842,0
5.83638,-0.199056,-0.546901,0
5.83647,-0.194302,-0.541176,0
5.83656,-0.19027,-0.537306,0
5.83664,-0.190561,-0.545683,0
5.83673,-0.190457,-0.553128,0
5.83682,-0.186435,-0.549219,0
5.8369,-0.182133,-0.544338,0
5.83699,-0.181009,-0.548926,0
5.83708,-0.177994,-0.547809,0
5.83717,-0.178041,-0.556199,0
5.83725,-0.173207,-0.549341,0
5.83734,-0.172884,-0.556777,0
5.83743,-0.168406,-0.550831,0
5.83752,-0.16773,-0.557307,0
5.8376,-0.163309,-0.551321,0
5.83769,-0.160342,-0.550109,0
5.83778,-0.159318,-0.555609,0
5.83786,-0.155807,-0.552449,0
5.83795,-0.153929,-0.555051,0
5.83804,-0.151506,-0.555717,0
5.83813,-0.148562,-0.554441,0
5.83821,-0.143086,-0.54348,0
5.8383,-0.140463,-0.543131,0
5.83839,-0.143015,-0.563123,0
5.83848,-0.139831,-0.560831,0
5.83856,-0.136194,-0.556579,0
5.83865,-0.133064,-0.554251,0
5.83874,-0.133395,-0.566507,0
5.83882,-0.135421,-0.586571,0
5.83891,-0.138598,-0.612515,0
5.839,-0.135924,-0.613114,0
5.83909,-0.133672,-0.615656,0
5.83917,-0.134935,-0.634818,0
5.83926,-0.126258,-0.607008,0
5.83935,-0.126399,-0.621272,0
5.83944,-0.123882,-0.622799,0
5.83952,-0.118874,-0.611554,0
5.83961,-0.114526,-0.603225,0
5.8397,-0.10843,-0.585037,0
5.83978,-0.104987,-0.580584,0
5.83987,-0.103494,-0.586945,0
5.83996,-0.102795,-0.598233,0
5.84005,-0.0983684,-0.587826,0
5.84013,-0.0948381,-0.582328,0
5.84022,-0.0930785,-0.587675,0
5.84031,-0.0882316,-0.57325,0
5.8404,-0.0857295,-0.573629,0
5.84048,-0.0832257,-0.573998,0
5.84057,-0.0809988,-0.576336,0
5.84066,-0.0775393,-0.569748,0
5.84074,-0.0730947,-0.555209,0
5.84083,-0.0737002,-0.579331,0
5.84092,-0.0703186,-0.572699,0
5.84101,-0.248121,-2.09637,0
5.84109,-0.238066,-2.08948,0
5.84118,-0.228947,-2.0905,0
5.84127,-0.219823,-2.09148,0
5.84136,-0.210595,-2.09142,0
5.84144,-0.20118,-2.08934,0
5.84153,-0.192336,-2.09318,0
5.84162,-0.183376,-2.09599,0
5.8417,-0.174311,-2.09777,0
5.84179,-0.164921,-2.09552,0
5.84188,-0.155702,-2.09522,0
5.84197,-0.146279,-2.09189,0
5.84205,-0.137347,-2.0955,0
5.84214,-0.127775,-2.0891,0
5.84223,-0.119338,-2.10161,0
5.84232,-0.109906,-2.09712,0
5.8424,-0.100226,-2.08659,0
5.84249,-0.0912954,-2.09101,0
5.84258,-0.0822493,-2.09338,0
5.84266,-0.0730796,-2.09272,0
5.84275,-0.0641614,-2.10002,0
5.84284,-0.0547884,-2.09228,0
5.84293,-0.0455931,-2.0895,0
5.84301,-0.0362836,-2.07868,0
5.8431,-0.0273049,-2.08582,0
5.84319,-0.0182298,-2.08892,0
5.84328,-0.0091717,-2.10198,0
5.84336,-2.5165e-08,-2.089,0
5.84345,0.00914111,-2.09498,0
5.84354,0.0182646,-2.09292,0
5.84362,0.0273965,-2.09282,0
5.84371,0.0364406,-2.08768,0
5.8438,0.0456367,-2.0915,0
5.84389,0.0547883,-2.09228,0
5.84397,0.0640698,-2.09702,0
5.84406,0.0731842,-2.09572,0
5.84415,0.0823671,-2.09638,0
5.84423,0.09099,-2.08401,0
5.84432,0.10061,-2.09458,0
5.84441,0.10912,-2.08214,0
5.8445,0.118998,-2.09562,0
5.84458,0.127347,-2.08211,0
5.84467,0.137281,-2.09451,0
5.84476,0.14621,-2.09089,0
5.84485,0.155405,-2.09123,0
5.84493,0.164921,-2.09552,0
5.84502,0.173732,-2.09079,0
5.84511,0.183724,-2.09998,0
5.84519,0.19197,-2.0892,0
5.84528,0.201659,-2.09431,0
5.84537,0.210495,-2.09043,0
5.84546,0.220137,-2.09446,0
5.84554,0.228729,-2.08851,0
5.84563,0.238293,-2.09147,0
5.84572,0.248356,-2.09835,0
5.84581,0.257266,-2.09526,0
5.84589,0.266911,-2.09809,0
5.84598,0.275019,-2.08897,0
5.84607,0.284266,-2.08875,0
5.84615,0.293238,-2.08649,0
5.84624,0.301334,-2.07827,0
5.84633,0.311582,-2.08485,0
5.84642,0.322045,-2.09236,0
5.8465,0.33211,-2.09686,0
5.84659,0.340613,-2.09145,0
5.84668,0.349901,-2.09093,0
5.84677,0.359698,-2.09332,0
5.84685,0.369523,-2.09567,0
5.84694,0.377418,-2.08715,0
5.84703,0.386886,-2.08745,0
5.84711,0.398229,-2.09753,0
5.8472,0.405087,-2.08399,0
5.84729,0.416323,-2.093,0
5.84738,0.424255,-2.08528,0
5.84746,0.43559,-2.09418,0
5.84755,0.44306,-2.08443,0
5.84764,0.454485,-2.09323,0
5.84773,0.462099,-2.08439,0
5.84781,0.472513,-2.08821,0
5.8479,0.482295,-2.08905,0
5.84799,0.493927,-2.09763,0
5.84807,0.501441,-2.08865,0
5.84816,0.513402,-2.0981,0
5.84825,0.520374,-2.08711,0
5.84834,0.531445,-2.09257,0
5.84842,0.540821,-2.0912,0
5.84851,0.54994,-2.08882,0
5.8486,0.561378,-2.09509,0
5.84869,0.571041,-2.09455,0
5.84877,0.57964,-2.09011,0
5.84886,0.589297,-2.08949,0
5.84895,0.600338,-2.09363,0
5.84903,0.608908,-2.08907,0
5.84912,0.62171,-2.09886,0
5.84921,0.628844,-2.08942,0
5.8493,0.63737,-2.08474,0
5.84938,0.64824,-2.08767,0
5.84947,0.660651,-2.09532,0
5.84956,0.671921,-2.09908,0
5.84965,0.682,-2.09898,0
5.84973,0.68896,-2.08934,0
5.84982,0.700926,-2.09485,0
5.84991,0.70781,-2.08514,0
5.84999,0.722436,-2.09811,0
5.85008,0.726638,-2.08077,0
5.85017,0.74272,-2.09738,0
5.85026,0.751189,-2.09223,0
5.85034,0.760311,-2.08894,0
5.85043,0.771841,-2.09217,0
5.85052,0.782363,-2.09253,0
5.85061,0.794675,-2.09751,0
5.85069,0.80597,-2.09962,0
5.85078,0.813311,-2.09143,0
5.85087,0.827193,-2.09995,0
5.85095,0.83116,-2.08332,0
5.85104,0.844363,-2.08987,0
5.85113,0.853474,-2.08617,0
5.85122,0.869839,-2.09998,0
5.8513,0.878994,-2.09616,0
5.85139,0.890867,-2.09875,0
5.85148,0.899227,-2.09301,0
5.85157,0.911939,-2.09732,0
5.85165,0.923095,-2.09789,0
5.85174,0.93102,-2.09111,0
5.85183,0.941368,-2.08976,0
5.85191,0.955868,-2.09746,0
5.852,0.962917,-2.08873,0
5.85209,0.977093,-2.09538,0
5.85218,0.9858,-2.0902,0
5.85226,0.999216,-2.0949,0
5.85235,1.01313,-2.10043,0
5.85244,1.02228,-2.09599,0
5.85253,1.03407,-2.09689,0
5.85261,1.03964,-2.0852,0
5.8527,1.05278,-2.08868,0
5.85279,1.06461,-2.08941,0
5.85287,1.07967,-2.0963,0
5.85296,1.08696,-2.08802,0
5.85305,1.10583,-2.10185,0
5.85314,1.11171,-2.09082,0
5.85322,1.12745,-2.09828,0
5.85331,1.1385,-2.09686,0
5.8534,1.14908,-2.0945,0
5.85349,1.15966,-2.09209,0
5.85357,1.17513,-2.09835,0
5.85366,1.18576,-2.09582,0
5.85375,1.19737,-2.09496,0
5.85383,1.2105,-2.09665,0
5.85392,1.21762,-2.08789,0
5.85401,1.2318,-2.09117,0
5.8541,1.2404,-2.08492,0
5.85418,1.25669,-2.09149,0
5.85427,1.27099,-2.09453,0
5.85436,1.28535,-2.09749,0
5.85445,1.29817,-2.09782,0
5.85453,1.31526,-2.10486,0
5.85462,1.3207,-2.09318,0
5.85471,1.33573,-2.09667,0
5.85479,1.34703,-2.09419,0
5.85488,1.36105,-2.09584,0
5.85497,1.36909,-2.08821,0
5.85506,1.39088,-2.10139,0
5.85514,1.39893,-2.09364,0
5.85523,1.41084,-2.09166,0
5.85532,1.42896,-2.09871,0
5.85541,1.43641,-2.08998,0
5.85549,1.45805,-2.10177,0
5.85558,1.46663,-2.09457,0
5.85567,1.48384,-2.09959,0
5.85575,1.4895,-2.08821,0
5.85584,1.51438,-2.1036,0
5.85593,1.52236,-2.09535,0
5.85602,1.538,-2.09756,0
5.8561,1.55427,-2.10048,0
5.85619,1.56941,-2.10169,0
5.85628,1.58277,-2.10041,0
5.85637,1.59253,-2.09428,0
5.85645,1.61017,-2.09842,0
5.85654,1.62789,-2.10244,0
5.85663,1.64443,-2.10478,0
5.85671,1.65298,-2.0968,0
5.8568,1.67021,-2.09974,0
5.85689,1.68123,-2.09477,0
5.85698,1.69791,-2.09674,0
5.85706,1.714,-2.09783,0
5.85715,1.73649,-2.10654,0
5.85724,1.74119,-2.09356,0
5.85732,1.75867,-2.0959,0
5.85741,1.77167,-2.09278,0
5.8575,1.79832,-2.10556,0
5.85759,1.81467,-2.10603,0
5.85767,1.82712,-2.10187,0
5.85776,1.8376,-2.09538,0
5.85785,1.86196,-2.10457,0
5.85794,1.87446,-2.10015,0
5.85802,1.89632,-2.10607,0
5.85811,1.90482,-2.09704,0
5.8582,1.92341,-2.09903,0
5.85828,1.94476,-2.10383,0
5.85837,1.96347,-2.10557,0
5.85846,1.97812,-2.10281,0
5.85855,1.98797,-2.09488,0
5.85863,1.99156,-2.08041,0
5.85872,1.98742,-2.05803,0
5.85881,1.988,-2.04074,0
5.8589,1.97797,-2.01279,0
5.85898,1.98532,-2.00272,0
5.85907,1.98697,-1.98697,0
5.85916,1.98426,-1.96702,0
5.85924,1.98712,-1.95273,0
5.85933,1.98774,-1.93637,0
5.85942,1.98897,-1.92073,0
5.85951,1.9865,-1.90166,0
5.85959,1.98825,-1.88678,0
5.85968,1.98481,-1.86712,0
5.85977,1.98563,-1.85163,0
5.85986,1.98561,-1.83548,0
5.85994,1.98401,-1.81801,0
5.86003,1.98452,-1.80262,0
5.86012,1.98494,-1.78725,0
5.8602,1.98302,-1.76991,0
5.86029,1.98249,-1.75396,0
5.86038,1.97659,-1.73342,0
5.86047,1.97432,-1.71625,0
5.86055,1.97497,-1.70174,0
5.86064,1.97782,-1.68921,0
5.86073,1.98288,-1.67863,0
5.86082,1.98176,-1.66289,0
5.8609,1.98207,-1.64847,0
5.86099,1.97073,-1.62454,0
5.86108,1.97625,-1.61466,0
5.86116,1.97628,-1.60036,0
5.86125,1.98091,-1.58985,0
5.86134,1.97687,-1.57247,0
5.86143,1.97978,-1.56074,0
5.86151,1.97948,-1.54654,0
5.8616,1.987,-1.5385,0
5.86169,1.97783,-1.51764,0
5.86178,1.98602,-1.51021,0
5.86186,1.98062,-1.4925,0
5.86195,1.97189,-1.47248,0
5.86204,1.97829,-1.46386,0
5.86212,1.97901,-1.45107,0
5.86221,1.974,-1.4342,0
5.8623,1.9843,-1.42849,0
5.86239,1.97586,-1.40937,0
5.86247,1.97627,-1.39669,0
5.86256,1.97661,-1.38404,0
5.86265,1.97195,-1.36799,0
5.86274,1.97708,-1.35881,0
5.86282,1.98464,-1.35129,0
5.86291,1.97394,-1.33144,0
5.863,1.98222,-1.32448,0
5.86308,1.98131,-1.3114,0
5.86317,1.98116,-1.29891,0
5.86326,1.97255,-1.28099,0
5.86335,1.98065,-1.27399,0
5.86343,1.98197,-1.26265,0
5.86352,1.98408,-1.25186,0
5.86361,1.96832,-1.22994,0
5.8637,1.97452,-1.22187,0
5.86378,1.97983,-1.21324,0
5.86387,1.98254,-1.20304,0
5.86396,1.97234,-1.1851,0
5.86404,1.97492,-1.17495,0
5.86413,1.97313,-1.16226,0
5.86422,1.9825,-1.15616,0
5.86431,1.97714,-1.1415,0
5.86439,1.98036,-1.13187,0
5.86448,1.97571,-1.1178,0
5.86457,1.98667,-1.11259,0
5.86466,1.98364,-1.09955,0
5.86474,1.9814,-1.08703,0
5.86483,1.97558,-1.07265,0
5.86492,1.98024,-1.06402,0
5.865,1.97339,-1.04927,0
5.86509,1.97618,-1.03972,0
5.86518,1.98602,-1.03386,0
5.86527,1.97806,-1.01877,0
5.86535,1.97803,-1.00786,0
5.86544,1.98063,-0.998318,0
5.86553,1.98765,-0.991005,0
5.86562,1.98657,-0.979669,0
5.8657,1.98184,-0.966608,0
5.86579,1.97973,-0.954911,0
5.86588,1.98208,-0.945402,0
5.86596,1.98437,-0.935892,0
5.86605,1.98753,-0.926802,0
5.86614,1.98611,-0.915609,0
5.86623,1.98827,-0.906105,0
5.86631,1.98035,-0.892081,0
5.8664,1.98787,-0.885059,0
5.86649,1.98348,-0.872752,0
5.86658,1.98268,-0.862096,0
5.86666,1.98918,-0.85462,0
5.86675,1.98185,-0.841244,0
5.86684,1.98089,-0.830655,0
5.86692,1.97525,-0.818177,0
5.86701,1.98436,-0.811823,0
5.8671,1.9851,-0.802033,0
5.86719,1.98951,-0.793734,0
5.86727,1.98086,-0.780281,0
5.86736,1.98518,-0.771993,0
5.86745,1.97826,-0.759382,0
5.86754,1.97968,-0.750034,0
5.86762,1.98481,-0.742089,0
5.86771,1.98052,-0.730653,0
5.8678,1.97805,-0.719952,0
5.86788,1.97741,-0.709963,0
5.86797,1.97578,-0.699659,0
5.86806,1.9807,-0.691691,0
5.86815,1.98275,-0.682716,0
5.86823,1.98192,-0.672773,0
5.86832,1.98105,-0.662849,0
5.86841,1.97253,-0.650441,0
5.8685,1.9763,-0.642137,0
5.86858,1.98955,-0.636862,0
5.86867,1.98373,-0.625468,0
5.86876,1.98453,-0.616213,0
5.86884,1.98146,-0.605794,0
5.86893,1.97834,-0.595414,0
5.86902,1.98284,-0.587344,0
5.86911,1.98538,-0.578686,0
5.86919,1.98404,-0.568916,0
5.86928,1.97496,-0.556996,0
5.86937,1.98701,-0.551046,0
5.86945,1.9836,-0.540792,0
5.86954,1.98401,-0.531614,0
5.86963,1.97761,-0.520661,0
5.86972,1.98664,-0.51378,0
5.8698,1.98402,-0.503876,0
5.86989,1.98037,-0.493763,0
5.86998,1.97765,-0.483929,0
5.87007,1.97877,-0.475061,0
5.87015,1.98569,-0.467569,0
5.87024,1.98966,-0.45935,0
5.87033,1.9858,-0.44934,0
5.87041,1.98969,-0.441104,0
5.8705,1.97694,-0.429235,0
5.87059,1.98075,-0.421021,0
5.87068,1.98355,-0.412578,0
5.87076,1.99121,-0.405116,0
5.87085,1.98315,-0.394473,0
5.87094,1.97994,-0.384862,0
5.87103,1.98062,-0.376033,0
5.87111,1.99011,-0.368845,0
5.8712,1.98678,-0.359268,0
5.87129,1.98734,-0.350422,0
5.87137,1.979,-0.340054,0
5.87146,1.98046,-0.331416,0
5.87155,1.97498,-0.321646,0
5.87164,1.93192,-0.305986,0
5.87172,1.7583,-0.270628,0
5.87181,1.71298,-0.256006,0
5.8719,1.69725,-0.24609,0
5.87199,1.69237,-0.237847,0
5.87207,1.69438,-0.230595,0
5.87216,1.68843,-0.222286,0
5.87225,1.69434,-0.215548,0
5.87233,1.69428,-0.208031,0
5.87242,1.69715,-0.200871,0
5.87251,1.69404,-0.193012,0
5.8726,1.69089,-0.185183,0
5.87268,1.69069,-0.177698,0
5.87277,1.68946,-0.170119,0
5.87286,1.69715,-0.163417,0
5.87295,1.69386,-0.155644,0
5.87303,1.69054,-0.147903,0
5.87312,1.69217,-0.140608,0
5.87321,1.69775,-0.133616,0
5.87329,1.69931,-0.126281,0
5.87338,1.70284,-0.119074,0
5.87347,1.70335,-0.111643,0
5.87356,1.68286,-0.102928,0
5.87364,1.6743,-0.0950738,0
5.87373,1.6767,-0.0878721,0
5.87382,1.67007,-0.0802195,0
5.87391,1.67241,-0.0730189,0
5.87399,1.66971,-0.0656032,0
5.87408,1.67798,-0.0585963,0
5.87417,1.67322,-0.0511215,0
5.87425,1.66943,-0.0437155,0
5.87434,1.6706,-0.0364527,0
5.87443,1.66875,-0.0291281,0
5.87452,1.67186,-0.0218858,0
5.8746,1.67294,-0.0145995,0
5.87469,1.69098,-0.0073784,0
5.87478,1.822,-4.41186e-08,0
5.87487,1.93098,0.0084255,0
5.87495,1.93893,0.0169207,0
5.87504,1.78185,0.0233256,0
5.87513,1.69674,0.0296167,0
5.87521,1.6806,0.0366708,0
5.8753,1.68342,0.0440819,0
5.87539,1.68521,0.0514879,0
5.87548,1.68697,0.0589103,0
5.87556,1.6857,0.0662313,0
5.87565,1.6794,0.0733242,0
5.87574,1.68805,0.081083,0
5.87583,1.68868,0.0885001,0
5.87591,1.69327,0.0961509,0
5.876,1.69883,0.103905,0
5.87609,1.69636,0.111185,0
5.87617,1.69885,0.118795,0
5.87626,1.69333,0.125836,0
5.87635,1.70174,0.13393,0
5.87644,1.69615,0.14094,0
5.87652,1.69752,0.148513,0
5.87661,1.68789,0.155095,0
5.8767,1.69018,0.162746,0
5.87679,1.7014,0.171322,0
5.87687,1.69864,0.178535,0
5.87696,1.69387,0.185509,0
5.87705,1.69801,0.193464,0
5.87713,1.69914,0.201106,0
5.87722,1.69527,0.208153,0
5.87731,1.70129,0.216431,0
5.8774,1.69735,0.223461,0
5.87748,1.69636,0.230865,0
5.87757,1.6993,0.238821,0
5.87766,1.69725,0.24609,0
5.87775,1.69913,0.253937,0
5.87783,1.69306,0.260587,0
5.87792,1.69685,0.268754,0
5.87801,1.70158,0.27712,0
5.87809,1.70036,0.284542,0
5.87818,1.69023,0.290434,0
5.87827,1.69584,0.299022,0
5.87836,1.70042,0.307486,0
5.87844,1.70693,0.316361,0
5.87853,1.70652,0.323992,0
5.87862,1.70607,0.331626,0
5.87871,1.69676,0.337506,0
5.87879,1.70605,0.3471,0
5.87888,1.69766,0.353115,0
5.87897,1.69611,0.360519,0
5.87905,1.70625,0.370462,0
5.87914,1.70559,0.37812,0
5.87923,1.70587,0.386,0
5.87932,1.70905,0.394564,0
5.8794,1.73846,0.409352,0
5.87949,1.76582,0.423937,0
5.87958,1.82321,0.446136,0
5.87967,1.90663,0.475376,0
5.87975,1.95882,0.497476,0
5.87984,1.97115,0.509774,0
5.87993,1.98051,0.521425,0
5.88001,1.97918,0.53032,0
5.8801,1.98457,0.541055,0
5.88019,1.98604,0.550778,0
5.88028,1.98555,0.559982,0
5.88036,1.98789,0.570018,0
5.88045,1.97578,0.575888,0
5.88054,1.98572,0.588196,0
5.88063,1.98505,0.597431,0
5.88071,1.9872,0.607548,0
5.8808,1.9788,0.614434,0
5.88089,1.97992,0.624265,0
5.88097,1.98289,0.634727,0
5.88106,1.9763,0.642137,0
5.88115,1.98867,0.655765,0
5.88124,1.98294,0.663484,0
5.88132,1.98382,0.673416,0
5.88141,1.98181,0.682391,0
5.8815,1.98164,0.692021,0
5.88159,1.97672,0.699993,0
5.88167,1.98776,0.71368,0
5.88176,1.98369,0.722004,0
5.88185,1.98803,0.733422,0
5.88193,1.98574,0.74244,0
5.88202,1.99184,0.75464,0
5.88211,1.98199,0.760815,0
5.8822,1.97586,0.768369,0
5.88228,1.98365,0.781381,0
5.88237,1.98487,0.791881,0
5.88246,1.99345,0.805404,0
5.88254,1.98251,0.811065,0
5.88263,1.98726,0.823152,0
5.88272,1.98458,0.832202,0
5.88281,1.9975,0.847887,0
5.88289,1.98275,0.851857,0
5.88298,1.98268,0.862095,0
5.88307,1.99263,0.876779,0
5.88316,1.99336,0.887499,0
5.88324,1.99494,0.898653,0
5.88333,1.99191,0.907763,0
5.88342,1.98793,0.916446,0
5.8835,1.98391,0.925111,0
5.88359,1.98799,0.937598,0
5.88368,1.98569,0.947124,0
5.88377,1.98874,0.959255,0
5.88385,1.99083,0.970992,0
5.88394,1.99285,0.982765,0
5.88403,1.98496,0.989667,0
5.88412,1.99581,1.00597,0
5.8842,1.98694,1.0124,0
5.88429,1.98962,1.02472,0
5.88438,1.99577,1.03893,0
5.88446,1.98591,1.04484,0
5.88455,1.98487,1.05537,0
5.88464,1.98289,1.06544,0
5.88473,1.99228,1.08172,0
5.88481,1.98929,1.09136,0
5.8849,1.97926,1.09712,0
5.88499,1.98842,1.11357,0
5.88508,1.98789,1.1247,0
5.88516,1.98904,1.13683,0
5.88525,1.98406,1.1455,0
5.88534,1.98941,1.16019,0
5.88542,1.99036,1.17241,0
5.88551,1.98609,1.1816,0
5.8856,1.98949,1.1954,0
5.88569,1.98767,1.20615,0
5.88577,1.99518,1.22265,0
5.88586,1.98897,1.23081,0
5.88595,1.99291,1.24531,0
5.88604,1.98915,1.25506,0
5.88612,1.98956,1.26749,0
5.88621,1.98317,1.27562,0
5.8863,1.98346,1.28807,0
5.88638,1.97698,1.29617,0
5.88647,1.99632,1.32134,0
5.88656,1.98888,1.32892,0
5.88665,1.99384,1.34486,0
5.88673,1.99208,1.35636,0
5.88682,1.98944,1.3673,0
5.88691,1.98756,1.37882,0
5.887,1.98562,1.39035,0
5.88708,1.99424,1.40939,0
5.88717,1.98807,1.41808,0
5.88726,1.99972,1.43959,0
5.88734,1.9918,1.44713,0
5.88743,1.98869,1.45817,0
5.88752,1.98713,1.4704,0
5.88761,2.00394,1.49641,0
5.88769,1.9918,1.50093,0
5.88778,1.99637,1.51808,0
5.88787,1.99052,1.52738,0
5.88796,1.9957,1.54524,0
5.88804,1.98815,1.55331,0
5.88813,1.99549,1.57312,0
5.88822,1.9933,1.58554,0
5.8883,1.99182,1.59861,0
5.88839,1.99105,1.61232,0
5.88848,1.99096,1.62669,0
5.88857,1.99311,1.64299,0
5.88865,1.99361,1.65807,0
5.88874,1.99478,1.67382,0
5.88883,1.99585,1.68961,0
5.88892,1.99531,1.70415,0
5.889,1.9977,1.72133,0
5.88909,1.99168,1.73134,0
5.88918,1.99764,1.75188,0
5.88926,1.99896,1.76853,0
5.88935,2.00093,1.78589,0
5.88944,1.99311,1.79461,0
5.88953,1.99933,1.81606,0
5.88961,1.9995,1.8322,0
5.8897,2.00176,1.85041,0
5.88979,2.00318,1.86799,0
5.88988,2.00448,1.88562,0
5.88996,2.00493,1.90261,0
5.89005,2.00817,1.92241,0
5.89014,1.99689,1.92837,0
5.89022,2.01353,1.96149,0
5.89031,2.00423,1.96955,0
5.8904,2.01054,1.99307,0
5.89049,2.00606,2.00606,0
5.89057,2.01348,2.03113,0
5.89066,1.99759,2.03276,0
5.89075,1.99917,2.05221,0
5.89084,1.98186,2.05228,0
5.89092,1.95975,2.04718,0
5.89101,1.94942,2.05426,0
5.8911,1.92536,2.04672,0
5.89118,1.90619,2.04413,0
5.89127,1.89182,2.04656,0
5.89136,1.88017,2.05184,0
5.89145,1.86246,2.0504,0
5.89153,1.8468,2.05108,0
5.89162,1.82651,2.04644,0
5.89171,1.81889,2.05588,0
5.8918,1.79804,2.05027,0
5.89188,1.78514,2.05356,0
5.89197,1.76245,2.04543,0
5.89206,1.74896,2.04777,0
5.89214,1.73484,2.04928,0
5.89223,1.72267,2.053,0
5.89232,1.70986,2.05588,0
5.89241,1.68879,2.04866,0
5.89249,1.6792,2.05524,0
5.89258,1.65889,2.04856,0
5.89267,1.63804,2.04096,0
5.89276,1.63161,2.05122,0
5.89284,1.61831,2.05282,0
5.89293,1.60318,2.05198,0
5.89302,1.58319,2.04472,0
5.8931,1.57669,2.05479,0
5.89319,1.56105,2.05289,0
5.89328,1.54305,2.0477,0
5.89337,1.52812,2.0464,0
5.89345,1.51026,2.04099,0
5.89354,1.50607,2.05401,0
5.89363,1.48592,2.0452,0
5.89372,1.47932,2.05491,0
5.8938,1.45931,2.04587,0
5.89389,1.45037,2.05222,0
5.89398,1.43337,2.04706,0
5.89406,1.42157,2.04919,0
5.89415,1.40242,2.04054,0
5.89424,1.39182,2.04416,0
5.89433,1.38792,2.05767,0
5.89441,1.36504,2.04292,0
5.8945,1.36163,2.0572,0
5.89459,1.34661,2.05392,0
5.89467,1.33491,2.05558,0
5.89476,1.31998,2.05214,0
5.89485,1.30725,2.05197,0
5.89494,1.29081,2.04582,0
5.89502,1.28134,2.05058,0
5.89511,1.27239,2.05615,0
5.8952,1.26079,2.05742,0
5.89529,1.24713,2.05521,0
5.89537,1.23249,2.0512,0
5.89546,1.22301,2.0557,0
5.89555,1.20946,2.05326,0
5.89563,1.19949,2.05679,0
5.89572,1.1805,2.04469,0
5.89581,1.17306,2.05242,0
5.8959,1.1631,2.05578,0
5.89598,1.14631,2.04688,0
5.89607,1.1393,2.05536,0
5.89616,1.12551,2.05154,0
5.89625,1.1156,2.05467,0
5.89633,1.10189,2.05071,0
5.89642,1.09011,2.0502,0
5.89651,1.07883,2.05052,0
5.89659,1.0671,2.04988,0
5.89668,1.06089,2.05985,0
5.89677,1.04418,2.04931,0
5.89686,1.03658,2.05653,0
5.89694,1.02536,2.05656,0
5.89703,1.01549,2.05922,0
5.89712,1.0008,2.05195,0
5.89721,0.990535,2.05359,0
5.89729,0.97726,2.04887,0
5.89738,0.963619,2.04316,0
5.89747,0.958076,2.0546,0
5.89755,0.947427,2.05513,0
5.89764,0.937207,2.05651,0
5.89773,0.926993,2.05785,0
5.89782,0.913937,2.05274,0
5.8979,0.90618,2.05945,0
5.89799,0.894394,2.05697,0
5.89808,0.885016,2.05993,0
5.89817,0.870158,2.04996,0
5.89825,0.860819,2.05282,0
5.89834,0.848792,2.04916,0
5.89843,0.838707,2.05007,0
5.89851,0.829754,2.05371,0
5.8986,0.818932,2.05267,0
5.89869,0.809235,2.05436,0
5.89878,0.799176,2.05508,0
5.89886,0.790201,2.05854,0
5.89895,0.777669,2.05262,0
5.89904,0.769055,2.05693,0
5.89913,0.758343,2.05558,0
5.89921,0.74663,2.05135,0
5.8993,0.739024,2.05835,0
5.89939,0.728367,2.05684,0
5.89947,0.719055,2.05906,0
5.89956,0.708111,2.0565,0
5.89965,0.699131,2.05957,0
5.89974,0.687599,2.05502,0
5.89982,0.677687,2.05515,0
5.89991,0.666859,2.05238,0
5.9,0.658507,2.05717,0
5.90009,0.64772,2.05431,0
5.90017,0.637564,2.05329,0
5.90026,0.629184,2.05797,0
5.90035,0.616164,2.04729,0
5.90043,0.610065,2.05954,0
5.90052,0.598275,2.05259,0
5.90061,0.592069,2.06479,0
5.9007,0.577897,2.04907,0
5.90078,0.568683,2.05061,0
5.90087,0.561572,2.05982,0
5.90096,0.552061,2.06032,0
5.90105,0.542557,2.06077,0
5.90113,0.531056,2.05344,0
5.90122,0.522091,2.05574,0
5.90131,0.513116,2.058,0
5.90139,0.501755,2.0505,0
5.90148,0.494204,2.05851,0
5.90157,0.4843,2.05675,0
5.90166,0.473297,2.05007,0
5.90174,0.465892,2.05895,0
5.90183,0.455173,2.05315,0
5.90192,0.446634,2.05707,0
5.90201,0.436615,2.05411,0
5.90209,0.428259,2.05893,0
5.90218,0.418872,2.05882,0
5.90227,0.409885,2.06063,0
5.90235,0.398791,2.0516,0
5.90244,0.388903,2.04841,0
5.90253,0.381055,2.05599,0
5.90262,0.372792,2.06157,0
5.9027,0.363793,2.06317,0
5.90279,0.352755,2.05291,0
5.90288,0.34528,2.06331,0
5.90297,0.33547,2.05986,0
5.90305,0.326635,2.06229,0
5.90314,0.317177,2.06073,0
5.90323,0.308331,2.06309,0
5.90331,0.298608,2.05946,0
5.9034,0.288367,2.05184,0
5.90349,0.281164,2.06596,0
5.90358,0.271233,2.06022,0
5.90366,0.262873,2.06635,0
5.90375,0.252879,2.05953,0
5.90384,0.244243,2.0636,0
5.90393,0.23501,2.06266,0
5.90401,0.225137,2.05571,0
5.9041,0.215747,2.05269,0
5.90419,0.206989,2.0556,0
5.90427,0.19888,2.06545,0
5.90436,0.1895,2.06231,0
5.90445,0.1805,2.06312,0
5.90454,0.171413,2.06289,0
5.90462,0.16194,2.05764,0
5.90471,0.15296,2.05832,0
5.9048,0.143977,2.05897,0
5.90489,0.134796,2.05659,0
5.90497,0.126126,2.06215,0
5.90506,0.116787,2.05669,0
5.90515,0.10776,2.05618,0
5.90523,0.098883,2.05863,0
5.90532,0.0898996,2.05904,0
5.90541,0.0809146,2.05941,0
5.9055,0.0714393,2.04575,0
5.90558,0.0628789,2.05804,0
5.90567,0.0539769,2.06129,0
5.90576,0.0450478,2.06451,0
5.90585,0.0358648,2.05469,0
5.90593,0.0270301,2.06482,0
5.90602,0.0180291,2.06592,0
5.90611,0.00898849,2.05998,0
5.90619,7.53479e-08,2.071,0
5.90628,-0.00897962,2.05798,0
5.90637,-0.0180289,2.06592,0
5.90646,-0.0269514,2.05882,0
5.90654,-0.0361788,2.07268,0
5.90663,-0.0449822,2.06151,0
5.90672,-0.0540291,2.06329,0
5.90681,-0.0630314,2.06304,0
5.90689,-0.072207,2.06774,0
5.90698,-0.08115,2.06541,0
5.90707,-0.0898122,2.05704,0
5.90715,-0.0987869,2.05663,0
5.90724,-0.107917,2.05917,0
5.90733,-0.116957,2.05968,0
5.90742,-0.126248,2.06414,0
5.9075,-0.134927,2.05858,0
5.90759,-0.144814,2.07094,0
5.90768,-0.15333,2.06331,0
5.90776,-0.162332,2.06262,0
5.90785,-0.171661,2.06588,0
5.90794,-0.179628,2.05316,0
5.90803,-0.189225,2.05932,0
5.90811,-0.197538,2.05151,0
5.9082,-0.207389,2.05958,0
5.90829,-0.21721,2.06662,0
5.90838,-0.225028,2.05471,0
5.90846,-0.235915,2.0706,0
5.90855,-0.244008,2.06161,0
5.90864,-0.253366,2.0635,0
5.90872,-0.261989,2.0594,0
5.90881,-0.270711,2.05626,0
5.9089,-0.280625,2.06199,0
5.90899,-0.289897,2.06273,0
5.90907,-0.298465,2.05847,0
5.90916,-0.308626,2.06507,0
5.90925,-0.317025,2.05975,0
5.90934,-0.32554,2.05538,0
5.90942,-0.335309,2.05887,0
5.90951,-0.344784,2.06035,0
5.9096,-0.355973,2.07164,0
5.90968,-0.364487,2.06711,0
5.90977,-0.372614,2.06058,0
5.90986,-0.381054,2.05599,0
5.90995,-0.391887,2.06413,0
5.91003,-0.40108,2.06338,0
5.91012,-0.409104,2.05671,0
5.91021,-0.420666,2.06764,0
5.9103,-0.428462,2.05991,0
5.91038,-0.438694,2.06389,0
5.91047,-0.446422,2.05609,0
5.91056,-0.45712,2.06194,0
5.91064,-0.465892,2.05895,0
5.91073,-0.474872,2.0569,0
5.91082,-0.485905,2.06356,0
5.91091,-0.495371,2.06337,0
5.91099,-0.504845,2.06313,0
5.91108,-0.515052,2.06576,0
5.91117,-0.525291,2.06834,0
5.91126,-0.532308,2.05828,0
5.91134,-0.541793,2.05787,0
5.91143,-0.551284,2.05742,0
5.91152,-0.562361,2.06272,0
5.9116,-0.57189,2.06217,0
5.91169,-0.583597,2.06928,0
5.91178,-0.59014,2.05806,0
5.91187,-0.603031,2.06891,0
5.91195,-0.611485,2.06434,0
5.91204,-0.623945,2.07314,0
5.91213,-0.633277,2.07136,0
5.91222,-0.644385,2.07526,0
5.9123,-0.211998,0.67237,0
5.91239,-0.222551,0.695249,0
5.91248,-0.221256,0.680956,0
5.91256,-0.236439,0.717023,0
5.91265,-0.22719,0.679,0
5.91274,-0.229508,0.676108,0
5.91283,-0.227898,0.661863,0
5.91291,-0.230454,0.659918,0
5.913,-0.22532,0.636283,0
5.91309,-0.227418,0.633411,0
5.91318,-0.224365,0.616438,0
5.91326,-0.23086,0.625774,0
5.91335,-0.225534,0.603217,0
5.91344,-0.226038,0.596616,0
5.91352,-0.221113,0.576019,0
5.91361,-0.221812,0.570389,0
5.9137,-0.223932,0.568485,0
5.91379,-0.226781,0.568431,0
5.91387,-0.228885,0.566509,0
5.91396,-0.226432,0.553473,0
5.91405,-0.226931,0.547861,0
5.91414,-0.228159,0.544099,0
5.91422,-0.228187,0.537575,0
5.91431,-0.225004,0.523711,0
5.9144,-0.228084,0.524558,0
5.91448,-0.224733,0.510744,0
5.91457,-0.225332,0.506104,0
5.91466,-0.225485,0.500557,0
5.91475,-0.229325,0.503209,0
5.91483,-0.234031,0.507652,0
5.91492,-0.244273,0.523846,0
5.91501,-0.241864,0.512826,0
5.9151,-0.24453,0.512668,0
5.91518,-0.235035,0.487278,0
5.91527,-0.235844,0.483551,0
5.91536,-0.231759,0.469961,0
5.91544,-0.237377,0.476105,0
5.91553,-0.22865,0.453633,0
5.91562,-0.236983,0.465105,0
5.91571,-0.233058,0.45251,0
5.91579,-0.233645,0.448827,0
5.91588,-0.235601,0.447804,0
5.91597,-0.223468,0.420283,0
5.91606,-0.237133,0.441326,0
5.91614,-0.228082,0.420075,0
5.91623,-0.231356,0.421706,0
5.91632,-0.222043,0.400576,0
5.9164,-0.227697,0.406583,0
5.91649,-0.233409,0.412549,0
5.91658,-0.229748,0.401976,0
5.91667,-0.2285,0.395774,0
5.91675,-0.237781,0.40773,0
5.91684,-0.22687,0.385148,0
5.91693,-0.228548,0.384155,0
5.91702,-0.233312,0.388297,0
5.9171,-0.23241,0.383001,0
5.91719,-0.225197,0.367488,0
5.91728,-0.233113,0.376706,0
5.91736,-0.239523,0.383318,0
5.91745,-0.223584,0.35436,0
5.91754,-0.224054,0.351694,0
5.91763,-0.232619,0.361647,0
5.91771,-0.234195,0.360628,0
5.9178,-0.232476,0.354585,0
5.91789,-0.232917,0.3519,0
5.91798,-0.228895,0.342565,0
5.91806,-0.232065,0.344051,0
5.91815,-0.23075,0.338902,0
5.91824,-0.227129,0.330475,0
5.91832,-0.229139,0.330302,0
5.91841,-0.234019,0.334214,0
5.9185,-0.222778,0.315224,0
5.91859,-0.232862,0.32646,0
5.91867,-0.2337,0.32463,0
5.91876,-0.223946,0.308235,0
5.91885,-0.22588,0.308062,0
5.91894,-0.21949,0.296623,0
5.91902,-0.227962,0.305278,0
5.91911,-0.228088,0.302683,0
5.9192,-0.223353,0.293725,0
5.91928,-0.223415,0.291161,0
5.91937,-0.239989,0.30995,0
5.91946,-0.229026,0.29314,0
5.91955,-0.235875,0.299206,0
5.91963,-0.224105,0.281739,0
5.91972,-0.232218,0.289337,0
5.91981,-0.229073,0.282881,0
5.9199,-0.236632,0.289623,0
5.91998,-0.242346,0.293989,0
5.92007,-0.242987,0.29216,0
5.92016,-0.237189,0.28267,0
5.92024,-0.23842,0.281633,0
5.92033,-0.240945,0.282111,0
5.92042,-0.236952,0.274996,0
5.92051,-0.239462,0.275469,0
5.92059,-0.236705,0.26991,0
5.92068,-0.23258,0.262883,0
5.92077,-0.231727,0.259628,0
5.92085,-0.241556,0.268275,0
5.92094,-0.242052,0.266479,0
5.92103,-0.235781,0.25731,0
5.92112,-0.213822,0.231312,0
5.9212,-0.210737,0.225988,0
5.92129,-0.202129,0.214869,0
5.92138,-0.295304,0.311186,0
5.92147,-0.166655,0.17409,0
5.92155,-0.164634,0.170484,0
5.92164,-0.140256,0.143977,0
5.92173,-0.0904173,0.0920093,0
5.92181,-0.0725135,0.0731491,0
