7200
1469
1.27409
1.2898,-0.0827315,-0.0827315,0
1.28989,-0.0591372,-0.0596556,0
1.28997,-0.0995291,-0.101282,0
1.29006,-0.0844326,-0.0866725,0
1.29015,-0.109756,-0.113656,0
1.29023,-0.137611,-0.14375,0
1.29032,-0.132164,-0.139272,0
1.29041,-0.146629,-0.155871,0
1.2905,-0.14322,-0.153584,0
1.29058,-0.160876,-0.174034,0
1.29067,-0.16552,-0.180633,0
1.29076,-0.166747,-0.183574,0
1.29085,-0.165944,-0.1843,0
1.29093,-0.176459,-0.197705,0
1.29102,-0.234567,-0.26513,0
1.29111,-0.280222,-0.319532,0
1.29119,-0.277513,-0.319242,0
1.29128,-0.27677,-0.321208,0
1.29137,-0.287056,-0.336099,0
1.29146,-0.286879,-0.338875,0
1.29154,-0.288612,-0.343954,0
1.29163,-0.287108,-0.34521,0
1.29172,-0.288779,-0.350318,0
1.29181,-0.290412,-0.355446,0
1.29189,-0.29641,-0.366036,0
1.29198,-0.304825,-0.379804,0
1.29207,-0.29943,-0.376435,0
1.29215,-0.297784,-0.377737,0
1.29224,-0.304137,-0.389277,0
1.29233,-0.304272,-0.392973,0
1.29242,-0.301946,-0.393503,0
1.2925,-0.303252,-0.398797,0
1.29259,-0.300908,-0.399318,0
1.29268,-0.299162,-0.400627,0
1.29277,-0.30336,-0.409967,0
1.29285,-0.29802,-0.406448,0
1.29294,-0.298595,-0.410981,0
1.29303,-0.29972,-0.416337,0
1.29311,-0.302546,-0.424154,0
1.2932,-0.296653,-0.419754,0
1.29329,-0.297686,-0.42514,0
1.29338,-0.292408,-0.421505,0
1.29346,-0.29623,-0.431018,0
1.29355,-0.297724,-0.437266,0
1.29364,-0.301405,-0.446851,0
1.29373,-0.307786,-0.460634,0
1.29381,-0.30191,-0.456136,0
1.2939,-0.298272,-0.45494,0
1.29399,-0.300096,-0.462107,0
1.29407,-0.295372,-0.459207,0
1.29416,-0.292828,-0.459648,0
1.29425,-0.295089,-0.467687,0
1.29434,-0.299404,-0.479147,0
1.29442,-0.300994,-0.486401,0
1.29451,-0.303049,-0.494531,0
1.2946,-0.293107,-0.483025,0
1.29469,-0.296662,-0.493728,0
1.29477,-0.297573,-0.500175,0
1.29486,-0.299955,-0.509223,0
1.29495,-0.298738,-0.512254,0
1.29503,-0.301,-0.521347,0
1.29512,-0.29376,-0.513974,0
1.29521,-0.297916,-0.526565,0
1.2953,-0.29415,-0.525243,0
1.29538,-0.295734,-0.533518,0
1.29547,-0.292922,-0.533927,0
1.29556,-0.296793,-0.546624,0
1.29565,-0.292038,-0.54351,0
1.29573,-0.297645,-0.559789,0
1.29582,-0.29194,-0.554887,0
1.29591,-0.29829,-0.573009,0
1.29599,-0.291208,-0.565415,0
1.29608,-0.296002,-0.580936,0
1.29617,-0.291214,-0.577757,0
1.29626,-0.291813,-0.585287,0
1.29634,-0.286161,-0.580277,0
1.29643,-0.277051,-0.568038,0
1.29652,-0.287168,-0.595362,0
1.29661,-0.295761,-0.620076,0
1.29669,-0.294759,-0.624978,0
1.29678,-0.297101,-0.637134,0
1.29687,-0.291806,-0.632976,0
1.29695,-0.294847,-0.646982,0
1.29704,-0.289968,-0.643704,0
1.29713,-0.295698,-0.664148,0
1.29722,-0.288769,-0.656278,0
1.2973,-0.291486,-0.670371,0
1.29739,-0.292505,-0.680824,0
1.29748,-0.291485,-0.686697,0
1.29756,-0.295447,-0.704562,0
1.29765,-0.291987,-0.70492,0
1.29774,-0.294589,-0.72007,0
1.29783,-0.296688,-0.73433,0
1.29791,-0.28607,-0.717041,0
1.298,-0.278174,-0.706187,0
1.29809,-0.284876,-0.732558,0
1.29818,-0.289561,-0.754333,0
1.29826,-0.292644,-0.772422,0
1.29835,-0.295925,-0.791488,0
1.29844,-0.296276,-0.803092,0
1.29852,-0.297216,-0.816593,0
1.29861,-0.293312,-0.816941,0
1.2987,-0.29375,-0.829525,0
1.29879,-0.295403,-0.845904,0
1.29887,-0.297569,-0.864204,0
1.29896,-0.294439,-0.867388,0
1.29905,-0.296997,-0.887631,0
1.29914,-0.298445,-0.905063,0
1.29922,-0.293566,-0.903504,0
1.29931,-0.29267,-0.9143,0
1.2994,-0.295594,-0.937504,0
1.29948,-0.297728,-0.95884,0
1.29957,-0.305236,-0.998382,0
1.29966,-0.308658,-1.02556,0
1.29975,-0.307305,-1.03744,0
1.29983,-0.303894,-1.04261,0
1.29992,-0.297688,-1.03816,0
1.30001,-0.297499,-1.05485,0
1.3001,-0.296902,-1.07059,0
1.30018,-0.303012,-1.11143,0
1.30027,-0.296607,-1.10695,0
1.30036,-0.29432,-1.11791,0
1.30044,-0.294447,-1.13854,0
1.30053,-0.300799,-1.1844,0
1.30062,-0.295145,-1.18376,0
1.30071,-0.293304,-1.19864,0
1.30079,-0.288072,-1.1999,0
1.30088,-0.284209,-1.20699,0
1.30097,-0.278714,-1.20724,0
1.30106,-0.2847,-1.25819,0
1.30114,-0.291111,-1.31312,0
1.30123,-0.292169,-1.34565,0
1.30132,-0.291908,-1.37332,0
1.3014,-0.291615,-1.40199,0
1.30149,-0.286093,-1.40619,0
1.30158,-0.28171,-1.41625,0
1.30167,-0.277245,-1.4263,0
1.30175,-0.270833,-1.42652,0
1.30184,-0.265517,-1.4326,0
1.30193,-0.257662,-1.42489,0
1.30202,-0.23512,-1.33343,0
1.3021,-0.225404,-1.31178,0
1.30219,-0.227436,-1.3591,0
1.30228,-0.232595,-1.42818,0
1.30236,-0.237155,-1.49734,0
1.30245,-0.222557,-1.44597,0
1.30254,-0.214767,-1.43704,0
1.30263,-0.219113,-1.5112,0
1.30271,-0.218919,-1.55769,0
1.3028,-0.21239,-1.56061,0
1.30289,-0.205709,-1.56252,0
1.30298,-0.198637,-1.56142,0
1.30306,-0.191091,-1.55631,0
1.30315,-0.185474,-1.56706,0
1.30324,-0.177389,-1.55693,0
1.30332,-0.171248,-1.56365,0
1.30341,-0.163692,-1.55742,0
1.3035,-0.156895,-1.55812,0
1.30359,-0.150286,-1.56078,0
1.30367,-0.143017,-1.55644,0
1.30376,-0.13605,-1.55506,0
1.30385,-0.12976,-1.56162,0
1.30394,-0.12373,-1.57214,0
1.30402,-0.116499,-1.56768,0
1.30411,-0.10889,-1.5572,0
1.3042,-0.102421,-1.56265,0
1.30428,-0.0985324,-1.61099,0
1.30437,-0.0917856,-1.6164,0
1.30446,-0.085517,-1.63176,0
1.30455,-0.0803634,-1.67307,0
1.30463,-0.0763339,-1.74833,0
1.30472,-0.0692543,-1.76264,0
1.30481,-0.0622607,-1.78291,0
1.3049,-0.0549999,-1.80016,0
1.30498,-0.0475635,-1.81638,0
1.30507,-0.0398558,-1.82657,0
1.30516,-0.0320426,-1.83572,0
1.30524,-0.0238362,-1.82084,0
1.30533,-0.0159347,-1.82593,0
1.30542,-0.0079587,-1.82398,0
1.30551,-2.21293e-08,-1.837,0
1.30559,0.00795429,-1.82298,0
1.30568,0.0159172,-1.82393,0
1.30577,0.0258127,-1.97183,0
1.30586,0.0370689,-2.12368,0
1.30594,0.0486035,-2.22747,0
1.30603,0.0589243,-2.25023,0
1.30612,0.0681314,-2.22996,0
1.3062,0.079152,-2.26662,0
1.30629,0.0882953,-2.24727,0
1.30638,0.0981,-2.24686,0
1.30647,0.108287,-2.2544,0
1.30655,0.117442,-2.24092,0
1.30664,0.128693,-2.26635,0
1.30673,0.136688,-2.23482,0
1.30682,0.147942,-2.25716,0
1.3069,0.155208,-2.21958,0
1.30699,0.166003,-2.23384,0
1.30708,0.179593,-2.28194,0
1.30716,0.186236,-2.24128,0
1.30725,0.197233,-2.25439,0
1.30734,0.206794,-2.25052,0
1.30743,0.217282,-2.25656,0
1.30751,0.224521,-2.22972,0
1.3076,0.234457,-2.23071,0
1.30769,0.246257,-2.24856,0
1.30778,0.254707,-2.23554,0
1.30786,0.448993,-3.79352,0
1.30795,0.465419,-3.79053,0
1.30804,0.283695,-2.23003,0
1.30812,0.295903,-2.24761,0
1.30821,0.307056,-2.2562,0
1.3083,0.53178,-3.78381,0
1.30839,0.328455,-2.26531,0
1.30847,0.340405,-2.2777,0
1.30856,0.582632,-3.78542,0
1.30865,0.5993,-3.78383,0
1.30874,0.366493,-2.25035,0
1.30882,0.377134,-2.25366,0
1.30891,0.651318,-3.79045,0
1.309,0.668545,-3.79151,0
1.30908,0.406779,-2.24952,0
1.30917,0.701424,-3.78455,0
1.30926,0.71905,-3.78735,0
1.30935,0.736523,-3.78908,0
1.30943,0.753439,-3.78779,0
1.30952,0.769361,-3.78153,0
1.30961,0.787686,-3.78695,0
1.3097,0.804202,-3.78347,0
1.30978,0.821764,-3.78482,0
1.30987,0.837621,-3.77827,0
1.30996,0.856968,-3.78725,0
1.31004,0.873035,-3.78153,0
1.31013,0.892735,-3.79131,0
1.31022,0.543928,-2.26562,0
1.31031,0.926975,-3.78823,0
1.31039,0.94035,-3.77154,0
1.31048,0.961967,-3.78775,0
1.31057,0.976732,-3.77674,0
1.31065,0.995239,-3.78018,0
1.31074,1.01146,-3.77484,0
1.31083,1.0324,-3.78679,0
1.31092,1.05105,-3.78996,0
1.311,1.06622,-3.78052,0
1.31109,1.08353,-3.77872,0
1.31118,1.10085,-3.77684,0
1.31127,1.11874,-3.77679,0
1.31135,1.13693,-3.77762,0
1.31144,1.15516,-3.77836,0
1.31153,1.17223,-3.77519,0
1.31161,1.1929,-3.7834,0
1.3117,1.20818,-3.77434,0
1.31179,1.22742,-3.7776,0
1.31188,1.2442,-3.77315,0
1.31196,1.26668,-3.78571,0
1.31205,1.28286,-3.7792,0
1.31214,1.30064,-3.77735,0
1.31223,1.31843,-3.77541,0
1.31231,1.3369,-3.77528,0
1.3124,1.35674,-3.77882,0
1.31249,1.37458,-3.77662,0
1.31257,1.39104,-3.77059,0
1.31266,1.41064,-3.77292,0
1.31275,1.42602,-3.76392,0
1.31284,1.44996,-3.77727,0
1.31292,1.46824,-3.77556,0
1.31301,1.48836,-3.77843,0
1.3131,1.50706,-3.77747,0
1.31319,1.52502,-3.77457,0
1.31327,1.54186,-3.7688,0
1.31336,1.5602,-3.76666,0
1.31345,1.58165,-3.7718,0
1.31353,1.5977,-3.76394,0
1.31362,1.62319,-3.77807,0
1.31371,1.63686,-3.76453,0
1.3138,1.66012,-3.77291,0
1.31388,1.67901,-3.77112,0
1.31397,1.69873,-3.77105,0
1.31406,1.716,-3.76542,0
1.31415,1.73869,-3.77152,0
1.31423,1.75767,-3.76933,0
1.31432,1.77922,-3.77248,0
1.31441,1.79824,-3.7701,0
1.31449,1.81772,-3.76852,0
1.31458,1.83897,-3.77044,0
1.31467,1.85496,-3.76148,0
1.31476,1.87448,-3.75962,0
1.31484,1.88546,-3.74069,0
1.31493,1.88315,-3.69589,0
1.31502,1.88278,-3.65564,0
1.31511,1.8747,-3.60126,0
1.31519,1.88201,-3.57712,0
1.31528,1.88023,-3.53621,0
1.31537,1.87766,-3.49449,0
1.31545,1.87094,-3.44584,0
1.31554,1.88259,-3.43151,0
1.31563,1.87476,-3.38215,0
1.31572,1.87924,-3.35562,0
1.3158,1.87367,-3.3117,0
1.31589,1.87222,-3.27571,0
1.31598,1.8735,-3.245,0
1.31607,1.87404,-3.21347,0
1.31615,1.8718,-3.17769,0
1.31624,1.86571,-3.13597,0
1.31633,1.87422,-3.11923,0
1.31641,1.86706,-3.07683,0
1.3165,1.86427,-3.04222,0
1.31659,1.85964,-3.00514,0
1.31668,1.40058,-2.24139,0
1.31676,1.41141,-2.23695,0
1.31685,1.41364,-2.21896,0
1.31694,1.42709,-2.21866,0
1.31703,1.43785,-2.21409,0
1.31711,1.45133,-2.21365,0
1.3172,1.46484,-2.21313,0
1.31729,1.47671,-2.21005,0
1.31737,1.49025,-2.20939,0
1.31746,1.51282,-2.22187,0
1.31755,1.65107,-2.40233,0
1.31764,1.63988,-2.36388,0
1.31772,1.67599,-2.39356,0
1.31781,1.82782,-2.5863,0
1.3179,1.88264,-2.63936,0
1.31799,1.83221,-2.5451,0
1.31807,1.82684,-2.51442,0
1.31816,1.83602,-2.50401,0
1.31825,1.84811,-2.49758,0
1.31833,1.85361,-2.48228,0
1.31842,1.87887,-2.49334,0
1.31851,1.89578,-2.49308,0
1.3186,1.91273,-2.49272,0
1.31868,1.93216,-2.49542,0
1.31877,1.95657,-2.5043,0
1.31886,1.96377,-2.49103,0
1.31895,1.98271,-2.49261,0
1.31903,2.0017,-2.49407,0
1.31912,2.01445,-2.48764,0
1.31921,2.03225,-2.48735,0
1.31929,2.05962,-2.49852,0
1.31938,2.07306,-2.49259,0
1.31947,2.09292,-2.49424,0
1.31956,2.10184,-2.4828,0
1.31964,2.12499,-2.48805,0
1.31973,2.14758,-2.49239,0
1.31982,2.17287,-2.4996,0
1.31991,2.18243,-2.48859,0
1.31999,2.2105,-2.49852,0
1.32008,2.22404,-2.49183,0
1.32017,2.24627,-2.49474,0
1.32025,2.26386,-2.49231,0
1.32034,2.28552,-2.49421,0
1.32043,2.28756,-2.47467,0
1.32052,2.30447,-2.47124,0
1.3206,2.30359,-2.44878,0
1.32069,2.29635,-2.41985,0
1.32078,2.2896,-2.39175,0
1.32087,2.29307,-2.37454,0
1.32095,2.2748,-2.33514,0
1.32104,2.05997,-2.09624,0
1.32113,2.02263,-2.04036,0
1.32121,2.02586,-2.02586,0
1.3213,2.01338,-1.99588,0
1.32139,2.02135,-1.98638,0
1.32148,2.01926,-1.96707,0
1.32156,2.02638,-1.95685,0
1.32165,2.01467,-1.92863,0
1.32174,2.02017,-1.91707,0
1.32183,2.02487,-1.90481,0
1.32191,2.02,-1.88368,0
1.322,2.01939,-1.8667,0
1.32209,2.01719,-1.84841,0
1.32217,2.0208,-1.83556,0
1.32226,2.01392,-1.81334,0
1.32235,2.01734,-1.80054,0
1.32244,2.01619,-1.78377,0
1.32252,2.01794,-1.76968,0
1.32261,2.01055,-1.74774,0
1.3227,2.01437,-1.73569,0
1.32278,2.00443,-1.71195,0
1.32287,2.01646,-1.70706,0
1.32296,2.01929,-1.69439,0
1.32305,2.01898,-1.67917,0
1.32313,2.01008,-1.65698,0
1.32322,2.01574,-1.64693,0
1.32331,2.01281,-1.62994,0
1.3234,2.01522,-1.61739,0
1.32348,2.01287,-1.60111,0
1.32357,2.01512,-1.5886,0
1.32366,2.01416,-1.57363,0
1.32374,2.01468,-1.55993,0
1.32383,2.01194,-1.54382,0
1.32392,2.01866,-1.53503,0
1.32401,2.01496,-1.51838,0
1.32409,2.01435,-1.50419,0
1.32418,2.00964,-1.48706,0
1.32427,2.0024,-1.46822,0
1.32436,2.01283,-1.46241,0
1.32444,2.02731,-1.45946,0
1.32453,2.03529,-1.45176,0
1.32462,2.02037,-1.42786,0
1.3247,2.01757,-1.41272,0
1.32479,2.01221,-1.39592,0
1.32488,2.01004,-1.38146,0
1.32497,2.00779,-1.36705,0
1.32505,1.99881,-1.34821,0
1.32514,2.00717,-1.34115,0
1.32523,2.008,-1.32906,0
1.32532,2.0121,-1.31919,0
1.3254,2.01197,-1.30659,0
1.32549,2.00756,-1.29131,0
1.32558,2.00727,-1.27877,0
1.32566,2.00691,-1.26627,0
1.32575,2.00139,-1.25061,0
1.32584,1.99748,-1.23608,0
1.32593,2.00541,-1.22892,0
1.32601,2.01161,-1.22067,0
1.3261,2.01006,-1.20776,0
1.32619,2.01015,-1.19591,0
1.32628,2.00846,-1.18307,0
1.32636,2.00928,-1.17178,0
1.32645,2.01351,-1.1625,0
1.32654,2.00641,-1.14676,0
1.32662,2.00182,-1.13257,0
1.32671,2.00587,-1.12334,0
1.3268,2.00725,-1.11264,0
1.32689,2.00683,-1.10098,0
1.32697,2.00107,-1.08649,0
1.32706,2.00843,-1.07917,0
1.32715,2.01224,-1.06993,0
1.32724,2.00715,-1.05601,0
1.32732,2.00731,-1.04494,0
1.32741,2.00562,-1.03296,0
1.3275,2.00298,-1.02057,0
1.32758,2.01724,-1.01677,0
1.32767,2.00913,-1.00171,0
1.32776,2.00272,-0.987631,0
1.32785,1.99712,-0.974061,0
1.32793,2.00495,-0.967075,0
1.32802,2.00735,-0.957457,0
1.32811,2.00699,-0.946556,0
1.3282,2.00566,-0.935254,0
1.32828,2.007,-0.925238,0
1.32837,2.01192,-0.916887,0
1.32846,1.99767,-0.899885,0
1.32854,2.00432,-0.89238,0
1.32863,2.00728,-0.883224,0
1.32872,2.00194,-0.870469,0
1.32881,1.99837,-0.858568,0
1.32889,1.99197,-0.845542,0
1.32898,1.99657,-0.837229,0
1.32907,1.99466,-0.826214,0
1.32916,1.99732,-0.817124,0
1.32924,1.99994,-0.808026,0
1.32933,2.00251,-0.798922,0
1.32942,1.99575,-0.786145,0
1.3295,1.99263,-0.774893,0
1.32959,1.98386,-0.761532,0
1.32968,1.99371,-0.755349,0
1.32977,1.99886,-0.747343,0
1.32985,1.99366,-0.735499,0
1.32994,1.99403,-0.725767,0
1.33003,1.99718,-0.717059,0
1.33012,1.98992,-0.704666,0
1.3302,2.00525,-0.700263,0
1.33029,1.99126,-0.685647,0
1.33038,1.99045,-0.675666,0
1.33046,1.99243,-0.666657,0
1.33055,1.98392,-0.654199,0
1.33064,1.99056,-0.646773,0
1.33073,1.99336,-0.638081,0
1.33081,1.99708,-0.629678,0
1.3309,1.99981,-0.620958,0
1.33099,1.99485,-0.609887,0
1.33108,1.98888,-0.598584,0
1.33116,2.0001,-0.592456,0
1.33125,1.99882,-0.582604,0
1.33134,1.99077,-0.570845,0
1.33142,1.98362,-0.559439,0
1.33151,1.9793,-0.548908,0
1.3316,1.99325,-0.543423,0
1.33169,1.99077,-0.533426,0
1.33177,2.00082,-0.526771,0
1.33186,1.98954,-0.514531,0
1.33195,1.98983,-0.505353,0
1.33204,1.98328,-0.494488,0
1.33212,1.98931,-0.486781,0
1.33221,1.99239,-0.47833,0
1.3323,2.00224,-0.471465,0
1.33238,1.99161,-0.4598,0
1.33247,1.9858,-0.44934,0
1.33256,1.99555,-0.442403,0
1.33265,2.00039,-0.434328,0
1.33273,1.9964,-0.424348,0
1.33282,1.9855,-0.412986,0
1.33291,1.99023,-0.404916,0
1.333,1.98609,-0.395058,0
1.33308,1.9927,-0.387342,0
1.33317,1.98946,-0.377711,0
1.33326,1.98814,-0.36848,0
1.33334,1.98579,-0.35909,0
1.33343,1.98636,-0.350248,0
1.33352,1.98885,-0.341747,0
1.33361,1.97948,-0.331251,0
1.33369,1.98189,-0.322771,0
1.33378,1.9892,-0.315059,0
1.33387,1.98858,-0.306072,0
1.33396,1.99089,-0.29754,0
1.33404,1.98623,-0.28799,0
1.33413,1.9845,-0.278903,0
1.33422,1.97876,-0.269297,0
1.3343,1.97595,-0.260139,0
1.33439,1.98699,-0.252777,0
1.33448,1.98708,-0.243982,0
1.33457,1.99309,-0.235898,0
1.33465,1.98913,-0.226633,0
1.33474,1.98911,-0.217843,0
1.33483,1.98208,-0.208325,0
1.33492,1.99093,-0.200476,0
1.335,1.98781,-0.191404,0
1.33509,1.98563,-0.182454,0
1.33518,1.98044,-0.173266,0
1.33526,1.97719,-0.164292,0
1.33535,1.98187,-0.155977,0
1.33544,1.98553,-0.14755,0
1.33553,1.97817,-0.138327,0
1.33561,1.98873,-0.130348,0
1.3357,1.9773,-0.120937,0
1.33579,1.98181,-0.112535,0
1.33587,1.97329,-0.103416,0
1.33596,1.98371,-0.0952846,0
1.33605,1.97911,-0.0864101,0
1.33614,1.98247,-0.0778915,0
1.33622,1.97979,-0.0691359,0
1.33631,1.98807,-0.0607411,0
1.3364,1.97332,-0.0516733,0
1.33649,1.98053,-0.0432153,0
1.33657,1.9787,-0.0345384,0
1.33666,1.98583,-0.025996,0
1.33675,1.98092,-0.0172873,0
1.33683,1.97898,-0.00863504,0
1.33692,1.983,-4.80171e-08,0
1.33701,1.96898,0.00859131,0
1.3371,1.95693,0.0170778,0
1.33718,1.83184,0.0239801,0
1.33727,1.69274,0.0295469,0
1.33736,1.6716,0.0364744,0
1.33745,1.66843,0.0436893,0
1.33753,1.66722,0.0509382,0
1.33762,1.66099,0.0580029,0
1.33771,1.64873,0.0647787,0
1.33779,1.65243,0.0721464,0
1.33788,1.6471,0.0791159,0
1.33797,1.65273,0.086616,0
1.33806,1.64934,0.0936564,0
1.33814,1.6569,0.101341,0
1.33823,1.64846,0.108046,0
1.33832,1.64598,0.115098,0
1.33841,1.64746,0.122427,0
1.33849,1.66086,0.130713,0
1.33858,1.6553,0.137544,0
1.33867,1.65368,0.144678,0
1.33875,1.65005,0.151618,0
1.33884,1.64838,0.158721,0
1.33893,1.65165,0.166312,0
1.33902,1.65687,0.174144,0
1.3391,1.65212,0.180937,0
1.33919,1.65728,0.188823,0
1.33928,1.64949,0.19523,0
1.33937,1.66053,0.203887,0
1.33945,1.67351,0.212898,0
1.33954,1.66761,0.219545,0
1.33963,1.70429,0.231944,0
1.33971,1.77654,0.249676,0
1.3398,1.70913,0.247812,0
1.33989,1.6744,0.250241,0
1.33998,1.67725,0.258153,0
1.34006,1.68598,0.267034,0
1.34015,1.69369,0.275834,0
1.34024,1.69444,0.283552,0
1.34033,1.69121,0.290604,0
1.34041,1.68304,0.296765,0
1.3405,1.68173,0.304105,0
1.34059,1.69611,0.314356,0
1.34067,1.69767,0.322313,0
1.34076,1.6884,0.328191,0
1.34085,1.68891,0.335945,0
1.34094,1.69331,0.344508,0
1.34102,1.68787,0.351078,0
1.34111,1.69122,0.359479,0
1.3412,1.69647,0.36834,0
1.34129,1.69387,0.375523,0
1.34137,1.69222,0.38291,0
1.34146,1.68371,0.388715,0
1.34155,1.67713,0.394912,0
1.34163,1.69484,0.406895,0
1.34172,1.68916,0.413336,0
1.34181,1.71354,0.427234,0
1.3419,1.76109,0.44726,0
1.34198,1.8724,0.484235,0
1.34207,1.91185,0.503348,0
1.34216,1.93475,0.518414,0
1.34225,1.93729,0.528167,0
1.34233,1.9475,0.540089,0
1.34242,1.94897,0.549667,0
1.34251,1.93598,0.555134,0
1.34259,1.94698,0.567493,0
1.34268,1.94928,0.577403,0
1.34277,1.96206,0.590514,0
1.34286,1.95851,0.598777,0
1.34294,1.96734,0.610876,0
1.34303,1.96752,0.620356,0
1.34312,1.96765,0.62985,0
1.34321,1.96869,0.639665,0
1.34329,1.96873,0.649189,0
1.34338,1.97251,0.659994,0
1.34347,1.97151,0.669237,0
1.34355,1.96384,0.676205,0
1.34364,1.97315,0.689053,0
1.34373,1.97012,0.697656,0
1.34382,1.96612,0.705908,0
1.3439,1.96302,0.71448,0
1.34399,1.96926,0.7265,0
1.34408,1.97169,0.737186,0
1.34417,1.97781,0.749326,0
1.34425,1.96892,0.755798,0
1.34434,1.97213,0.766919,0
1.34443,1.97528,0.778082,0
1.34451,1.97001,0.785952,0
1.3446,1.98232,0.800909,0
1.34469,1.97048,0.806143,0
1.34478,1.96786,0.815116,0
1.34486,1.97074,0.826401,0
1.34495,1.96896,0.835774,0
1.34504,1.96438,0.843962,0
1.34513,1.97351,0.858108,0
1.34521,1.97707,0.869933,0
1.3453,1.9696,0.876924,0
1.34539,1.97032,0.887563,0
1.34547,1.96825,0.896981,0
1.34556,1.96613,0.906398,0
1.34565,1.96216,0.914968,0
1.34574,1.96357,0.926081,0
1.34582,1.97125,0.940236,0
1.34591,1.96983,0.950132,0
1.346,1.97106,0.961348,0
1.34609,1.97043,0.971708,0
1.34617,1.9617,0.978065,0
1.34626,1.9708,0.993367,0
1.34635,1.97714,1.0074,0
1.34643,1.97717,1.01831,0
1.34652,1.96295,1.02185,0
1.34661,1.96644,1.0346,0
1.3467,1.96721,1.04598,0
1.34678,1.96615,1.05645,0
1.34687,1.96855,1.06884,0
1.34696,1.96913,1.0803,0
1.34705,1.96265,1.08791,0
1.34713,1.96486,1.10038,0
1.34722,1.96961,1.11435,0
1.34731,1.9656,1.12343,0
1.34739,1.96241,1.133,0
1.34748,1.96782,1.1476,0
1.34757,1.96624,1.1582,0
1.34766,1.97062,1.17239,0
1.34774,1.96891,1.18304,0
1.34783,1.96715,1.1937,0
1.34792,1.97045,1.20749,0
1.348,1.96857,1.21819,0
1.34809,1.96408,1.22729,0
1.34818,1.96463,1.23959,0
1.34827,1.97607,1.25889,0
1.34835,1.97224,1.26859,0
1.34844,1.97255,1.28099,0
1.34853,1.97029,1.29178,0
1.34862,1.95546,1.29429,0
1.3487,1.94896,1.30226,0
1.34879,1.96565,1.32585,0
1.34888,1.96232,1.3361,0
1.34896,1.95318,1.34238,0
1.34905,1.95552,1.35659,0
1.34914,1.96187,1.37372,0
1.34923,1.95667,1.38284,0
1.34931,1.95795,1.39659,0
1.3494,1.96726,1.41622,0
1.34949,1.96591,1.42832,0
1.34958,1.95643,1.43452,0
1.34966,1.96141,1.45137,0
1.34975,1.95666,1.46111,0
1.34984,1.95027,1.46963,0
1.34992,1.94782,1.48115,0
1.35001,1.9572,1.50181,0
1.3501,1.96328,1.52014,0
1.35019,1.95584,1.52807,0
1.35027,1.95622,1.54216,0
1.35036,1.95574,1.55566,0
1.35045,1.95985,1.57295,0
1.35054,1.96074,1.58778,0
1.35062,1.95844,1.60011,0
1.35071,1.95144,1.60864,0
1.3508,1.9544,1.62545,0
1.35088,1.95341,1.63911,0
1.35097,1.95082,1.65149,0
1.35106,1.955,1.66973,0
1.35115,1.94997,1.6802,0
1.35123,1.95243,1.69722,0
1.35132,1.94952,1.70968,0
1.35141,1.95178,1.72679,0
1.3515,1.94646,1.73729,0
1.35158,1.95373,1.75914,0
1.35167,1.95047,1.77169,0
1.35176,1.95231,1.78896,0
1.35184,1.94889,1.80154,0
1.35193,1.95418,1.8223,0
1.35202,1.95276,1.83698,0
1.35211,1.94908,1.84961,0
1.35219,1.95327,1.86985,0
1.35228,1.94725,1.88044,0
1.35237,1.96123,1.91055,0
1.35246,1.95003,1.91629,0
1.35254,1.94804,1.93111,0
1.35263,1.95515,1.95515,0
1.35272,1.95505,1.97218,0
1.3528,1.94643,1.9807,0
1.35289,1.95032,2.00206,0
1.35298,1.94991,2.01919,0
1.35307,1.95283,2.03996,0
1.35315,1.95355,2.05861,0
1.35324,1.94523,2.06785,0
1.35333,1.94983,2.09094,0
1.35342,1.95087,2.11044,0
1.3535,1.95313,2.13147,0
1.35359,1.94381,2.13997,0
1.35368,1.94583,2.16107,0
1.35376,1.94371,2.17774,0
1.35385,1.94744,2.20118,0
1.35394,1.94573,2.21868,0
1.35403,1.94193,2.23394,0
1.35411,1.94718,2.25982,0
1.3542,1.93925,2.27057,0
1.35429,1.94742,2.30038,0
1.35438,1.94315,2.31575,0
1.35446,1.94006,2.33267,0
1.35455,1.94322,2.35731,0
1.35464,1.95253,2.38978,0
1.35472,1.94838,2.40604,0
1.35481,1.94349,2.42154,0
1.3549,1.94785,2.44878,0
1.35499,1.94519,2.46747,0
1.35507,1.94611,2.4909,0
1.35516,1.94134,2.50728,0
1.35525,1.94378,2.53318,0
1.35534,1.94723,2.56074,0
1.35542,1.94206,2.5772,0
1.35551,1.94994,2.61129,0
1.3556,1.94923,2.63424,0
1.35568,1.95487,2.66611,0
1.35577,1.9491,2.6827,0
1.35586,1.94614,2.70335,0
1.35595,1.9471,2.72973,0
1.35603,1.95306,2.76351,0
1.35612,1.94729,2.78102,0
1.35621,1.94711,2.80675,0
1.3563,1.94447,2.82923,0
1.35638,1.94505,2.85669,0
1.35647,1.94767,2.88754,0
1.35656,1.94727,2.9143,0
1.35664,1.94779,2.94278,0
1.35673,1.94863,2.97216,0
1.35682,1.94654,2.99741,0
1.35691,1.95021,3.03195,0
1.35699,1.94664,3.05561,0
1.35708,1.93755,3.07084,0
1.35717,1.92202,3.07587,0
1.35726,1.90332,3.07572,0
1.35734,1.88099,3.0695,0
1.35743,1.86603,3.07512,0
1.35752,1.84281,3.06694,0
1.3576,1.82429,3.06636,0
1.35769,1.80684,3.0674,0
1.35778,1.78991,3.06921,0
1.35787,1.7715,3.06833,0
1.35795,1.75363,3.06821,0
1.35804,1.73284,3.06278,0
1.35813,1.71408,3.06072,0
1.35822,1.6978,3.06292,0
1.3583,1.68683,3.07468,0
1.35839,1.66624,3.06883,0
1.35848,1.64763,3.06638,0
1.35856,1.62672,3.05941,0
1.35865,1.61196,3.06383,0
1.35874,1.59996,3.07349,0
1.35883,1.57967,3.06711,0
1.35891,1.56264,3.06684,0
1.359,1.54834,3.07185,0
1.35909,1.52957,3.06783,0
1.35918,1.50953,3.06103,0
1.35926,1.4966,3.06848,0
1.35935,1.4832,3.07498,0
1.35944,1.46115,3.06337,0
1.35952,1.44735,3.06882,0
1.35961,1.42887,3.06423,0
1.3597,1.40963,3.05772,0
1.35979,1.39793,3.06748,0
1.35987,1.38371,3.07173,0
1.35996,1.36948,3.07591,0
1.36005,1.35041,3.06904,0
1.36014,1.33461,3.0694,0
1.36022,1.31844,3.06876,0
1.36031,1.30153,3.0662,0
1.3604,1.28775,3.07093,0
1.36048,1.26745,3.05989,0
1.36057,1.25295,3.06261,0
1.36066,1.23807,3.06434,0
1.36075,1.2221,3.06321,0
1.36083,1.20726,3.0648,0
1.36092,1.1917,3.06444,0
1.36101,1.17652,3.06494,0
1.36109,1.15818,3.05696,0
1.36118,1.14483,3.06198,0
1.36127,1.13146,3.06695,0
1.36136,1.11464,3.06246,0
1.36144,1.10262,3.07106,0
1.36153,1.08487,3.06358,0
1.36162,1.07018,3.06451,0
1.36171,1.05419,3.06159,0
1.36179,1.03729,3.05574,0
1.36188,1.02331,3.05834,0
1.36197,1.00713,3.05423,0
1.36205,0.994417,3.0605,0
1.36214,0.979834,3.061,0
1.36223,0.961657,3.04999,0
1.36232,0.949823,3.05893,0
1.3624,0.93559,3.06018,0
1.36249,0.921364,3.06136,0
1.36258,0.903169,3.04905,0
1.36267,0.890416,3.05488,0
1.36275,0.874597,3.05008,0
1.36284,0.85748,3.0404,0
1.36293,0.843137,3.04025,0
1.36301,0.829338,3.04197,0
1.3631,0.813986,3.03784,0
1.36319,0.798432,3.03266,0
1.36328,0.78394,3.03127,0
1.36336,0.77046,3.03369,0
1.36345,0.756248,3.03314,0
1.36354,0.744432,3.04224,0
1.36363,0.728817,3.03574,0
1.36371,0.714876,3.03597,0
1.3638,0.701397,3.03809,0
1.36389,0.687473,3.03819,0
1.36397,0.672694,3.03433,0
1.36406,0.657751,3.02942,0
1.36415,0.645774,3.03813,0
1.36424,0.630068,3.02917,0
1.36432,0.615449,3.02503,0
1.36441,0.603805,3.03553,0
1.3645,0.5896,3.03323,0
1.36459,0.575613,3.03184,0
1.36467,0.562743,3.03629,0
1.36476,0.547888,3.02986,0
1.36485,0.535531,3.03715,0
1.36493,0.520919,3.03157,0
1.36502,0.508842,3.04072,0
1.36511,0.495409,3.04192,0
1.3652,0.480097,3.03122,0
1.36528,0.466106,3.02834,0
1.36537,0.453627,3.03529,0
1.36546,0.439088,3.02833,0
1.36555,0.426844,3.03715,0
1.36563,0.412374,3.03007,0
1.36572,0.396539,3.01201,0
1.36581,0.384528,3.02264,0
1.36589,0.372555,3.03421,0
1.36598,0.358254,3.02687,0
1.36607,0.345496,3.03238,0
1.36616,0.332153,3.03287,0
1.36624,0.318498,3.03031,0
1.36633,0.304472,3.02371,0
1.36642,0.291467,3.027,0
1.36651,0.278257,3.02824,0
1.36659,0.264431,3.02245,0
1.36668,0.251323,3.02458,0
1.36677,0.23828,3.02764,0
1.36685,0.224845,3.02566,0
1.36694,0.211292,3.02162,0
1.36703,0.198499,3.0285,0
1.36712,0.185221,3.02834,0
1.3672,0.171326,3.01714,0
1.36729,0.158526,3.02485,0
1.36738,0.145854,3.0365,0
1.36747,0.132036,3.02412,0
1.36755,0.118879,3.02567,0
1.36764,0.105606,3.02416,0
1.36773,0.0925623,3.02959,0
1.36781,0.0791069,3.02096,0
1.3679,0.0659247,3.02128,0
1.36799,0.0527762,3.02354,0
1.36808,0.0396616,3.02974,0
1.36816,0.0263979,3.02488,0
1.36825,0.0131642,3.01697,0
1.36834,1.09875e-07,3.02,0
1.36843,-0.0131727,3.01897,0
1.36851,-0.0266333,3.05188,0
1.3686,-0.039897,3.04774,0
1.36869,-0.0529505,3.03354,0
1.36877,-0.0663826,3.04228,0
1.36886,-0.0797349,3.04496,0
1.36895,-0.0929286,3.04158,0
1.36904,-0.106164,3.04015,0
1.36912,-0.119468,3.04065,0
1.36921,-0.132603,3.03711,0
1.3693,-0.145757,3.0345,0
1.36939,-0.158787,3.02984,0
1.36947,-0.172629,3.0401,0
1.36956,-0.186259,3.04531,0
1.36965,-0.200068,3.05245,0
1.36973,-0.212618,3.04058,0
1.36982,-0.226179,3.04361,0
1.36991,-0.239065,3.03761,0
1.37,-0.252399,3.03753,0
1.37008,-0.265302,3.03242,0
1.37017,-0.279537,3.04218,0
1.37026,-0.292234,3.03496,0
1.37035,-0.305173,3.03067,0
1.37043,-0.318812,3.03329,0
1.37052,-0.332262,3.03386,0
1.37061,-0.346968,3.0453,0
1.37069,-0.359664,3.03879,0
1.37078,-0.373773,3.04414,0
1.37087,-0.385916,3.03355,0
1.37096,-0.399541,3.03481,0
1.37104,-0.413183,3.03601,0
1.37113,-0.426009,3.03121,0
1.37122,-0.440666,3.03922,0
1.37131,-0.453923,3.03727,0
1.37139,-0.467019,3.03427,0
1.37148,-0.480097,3.03122,0
1.37157,-0.494926,3.03896,0
1.37165,-0.507356,3.03184,0
1.37174,-0.522782,3.04241,0
1.37183,-0.534315,3.03025,0
1.37192,-0.548244,3.03183,0
1.372,-0.558552,3.01368,0
1.37209,-0.561437,2.95718,0
1.37218,-0.559643,2.87911,0
1.37227,-0.509186,2.55985,0
1.37235,-0.503603,2.47529,0
1.37244,-0.513992,2.47111,0
1.37253,-0.527264,2.48058,0
1.37261,-0.54954,2.53103,0
1.3727,-0.555384,2.50518,0
1.37279,-0.565868,2.50078,0
1.37288,-0.576774,2.49828,0
1.37296,-0.589503,2.50353,0
1.37305,-0.600421,2.50094,0
1.37314,-0.612279,2.50218,0
1.37322,-0.623916,2.50239,0
1.37331,-0.63606,2.50449,0
1.3734,-0.647483,2.50363,0
1.37349,-0.657891,2.49885,0
1.37357,-0.671118,2.50465,0
1.37366,-0.684407,2.51038,0
1.37375,-0.695889,2.50929,0
1.37384,-0.708188,2.51105,0
1.37392,-0.716381,2.49832,0
1.37401,-0.731753,2.51053,0
1.3741,-0.745824,2.51786,0
1.37418,-0.754786,2.50788,0
1.37427,-0.768353,2.51317,0
1.37436,-0.78109,2.51552,0
1.37445,-0.791758,2.51114,0
1.37453,-0.803317,2.50956,0
1.37462,-0.816732,2.51364,0
1.37471,-0.827379,2.5091,0
1.3748,-0.837684,2.50357,0
1.37488,-0.853743,2.51505,0
1.37497,-0.857546,2.4905,0
1.37506,-0.857855,2.45652,0
1.37514,-0.869567,2.45558,0
1.37523,-0.88568,2.46682,0
1.37532,-0.899171,2.47045,0
1.37541,-0.870138,2.35861,0
1.37549,-0.856257,2.29016,0
1.37558,-0.865533,2.28454,0
1.37567,-0.900937,2.34702,0
1.37576,-0.844118,2.17065,0
1.37584,-0.83379,2.1167,0
1.37593,-0.839313,2.10375,0
1.37602,-0.835373,2.06762,0
1.3761,-0.836056,2.04359,0
1.37619,-0.851088,2.05471,0
1.37628,-0.869713,2.07403,0
1.37637,-0.892039,2.10151,0
1.37645,-0.941069,2.1904,0
1.37654,-0.973346,2.23854,0
1.37663,-0.989951,2.24984,0
1.37672,-0.995691,2.23636,0
1.3768,-1.00708,2.23564,0
1.37689,-1.01517,2.22759,0
1.37698,-1.02027,2.21315,0
1.37706,-1.03203,2.2132,0
1.37715,-1.034,2.1924,0
1.37724,-1.05088,2.20321,0
1.37733,-1.06048,2.1986,0
1.37741,-1.07226,2.19845,0
1.3775,-1.0814,2.19285,0
1.37759,-1.10166,2.20959,0
1.37768,-1.11039,2.20298,0
1.37776,-1.11455,2.18742,0
1.37785,-1.11446,2.16387,0
1.37794,-1.11605,2.14391,0
1.37802,-1.11934,2.12751,0
1.37811,-1.12063,2.1076,0
1.3782,-1.11751,2.07978,0
1.37829,-1.11655,2.05643,0
1.37837,-1.11926,2.04014,0
1.37846,-1.11943,2.0195,0
1.37855,-1.11845,1.99714,0
1.37864,-1.12026,1.98006,0
1.37872,-1.11897,1.95779,0
1.37881,-1.117,1.9347,0
1.3789,-1.11787,1.91685,0
1.37898,-1.11354,1.89041,0
1.37907,-1.11257,1.87007,0
1.37916,-1.11197,1.85062,0
1.37925,-1.11744,1.84148,0
1.37933,-1.11501,1.81953,0
1.37942,-1.11505,1.8019,0
1.37951,-1.11177,1.7792,0
1.3796,-1.11419,1.76588,0
1.37968,-1.11543,1.75088,0
1.37977,-1.11441,1.73254,0
1.37986,-1.10398,1.69999,0
1.37994,-1.1081,1.69013,0
1.38003,-1.1127,1.68111,0
1.38012,-1.11225,1.6646,0
1.38021,-1.11,1.64564,0
1.38029,-1.10591,1.62425,0
1.38038,-1.11072,1.61611,0
1.38047,-1.10579,1.594,0
1.38056,-1.11159,1.58752,0
1.38064,-1.10696,1.56632,0
1.38073,-1.10682,1.5517,0
1.38082,-1.10774,1.53874,0
1.3809,-1.1068,1.52338,0
1.38099,-1.10575,1.50805,0
1.38108,-1.10637,1.49517,0
1.38117,-1.11288,1.49033,0
1.38125,-1.10553,1.46709,0
1.38134,-1.11011,1.45987,0
1.38143,-1.10308,1.43756,0
1.38152,-1.10138,1.42245,0
1.3816,-1.1008,1.40896,0
1.38169,-1.10384,1.40022,0
1.38178,-1.10185,1.38522,0
1.38186,-1.10538,1.37728,0
1.38195,-1.10383,1.36311,0
1.38204,-1.10217,1.34899,0
1.38213,-1.10678,1.34263,0
1.38221,-1.10943,1.33394,0
1.3823,-1.11138,1.32449,0
1.38239,-1.10552,1.30589,0
1.38248,-1.11056,1.30029,0
1.38256,-1.10512,1.28256,0
1.38265,-1.11268,1.27999,0
1.38274,-1.11166,1.2676,0
1.38282,-1.11055,1.25525,0
1.38291,-1.11136,1.24517,0
1.383,-1.11009,1.23288,0
1.38309,-1.10739,1.21914,0
1.38317,-1.10932,1.21061,0
1.38326,-1.1112,1.20209,0
1.38335,-0.0395559,0.0424185,0
1.38344,-0.030148,0.0320483,0
1.38352,-1.10619,1.16568,0
1.38361,-0.028352,0.0296169,0
1.3837,-0.0187558,0.0194222,0
1.38378,-0.0390763,0.0401129,0
1.38387,-0.0511664,0.0520673,0
1.38396,-0.0408329,0.0411908,0
1.38405,-1.11794,1.11794,0
