7200
1727
1.50098
1.51669,-0.0742462,-0.0742462,0
1.51678,-0.0922259,-0.0930343,0
1.51687,-0.113547,-0.115547,0
1.51695,-0.109553,-0.112459,0
1.51704,-0.122955,-0.127323,0
1.51713,-0.133462,-0.139416,0
1.51721,-0.141113,-0.148702,0
1.5173,-0.14937,-0.158785,0
1.51739,-0.137764,-0.147733,0
1.51748,-0.137118,-0.148333,0
1.51756,-0.149305,-0.162938,0
1.51765,-0.160696,-0.176912,0
1.51774,-0.170628,-0.189502,0
1.51783,-0.153819,-0.172339,0
1.51791,-0.16433,-0.185741,0
1.518,-0.294728,-0.336072,0
1.51809,-0.261768,-0.301129,0
1.51817,-0.26959,-0.312874,0
1.51826,-0.274717,-0.321652,0
1.51835,-0.29011,-0.342691,0
1.51844,-0.291183,-0.347018,0
1.51852,-0.28455,-0.342135,0
1.51861,-0.293232,-0.355719,0
1.5187,-0.287881,-0.352349,0
1.51879,-0.29641,-0.366036,0
1.51887,-0.304825,-0.379804,0
1.51896,-0.301297,-0.378782,0
1.51905,-0.297165,-0.376952,0
1.51913,-0.294286,-0.376669,0
1.51922,-0.296313,-0.382694,0
1.51931,-0.303163,-0.39509,0
1.5194,-0.291752,-0.383673,0
1.51948,-0.283455,-0.376157,0
1.51957,-0.281213,-0.376589,0
1.51966,-0.28373,-0.38344,0
1.51975,-0.29802,-0.406448,0
1.51983,-0.302709,-0.416644,0
1.51992,-0.3079,-0.4277,0
1.52001,-0.301966,-0.42334,0
1.52009,-0.303578,-0.429553,0
1.52018,-0.295392,-0.421863,0
1.52027,-0.303238,-0.437116,0
1.52036,-0.303594,-0.441732,0
1.52044,-0.306729,-0.450491,0
1.52053,-0.301405,-0.446851,0
1.52062,-0.304452,-0.455645,0
1.52071,-0.301358,-0.455302,0
1.52079,-0.303754,-0.463303,0
1.52088,-0.296828,-0.457075,0
1.52097,-0.296454,-0.460889,0
1.52105,-0.298739,-0.468926,0
1.52114,-0.302026,-0.478682,0
1.52123,-0.297285,-0.475755,0
1.52132,-0.301521,-0.487252,0
1.5214,-0.296779,-0.4843,0
1.52149,-0.298813,-0.492429,0
1.52158,-0.300267,-0.499729,0
1.52167,-0.30064,-0.505331,0
1.52175,-0.296402,-0.503191,0
1.52184,-0.290174,-0.497569,0
1.52193,-0.2895,-0.501429,0
1.52201,-0.28979,-0.507028,0
1.5221,-0.285113,-0.503936,0
1.52219,-0.291218,-0.520008,0
1.52228,-0.296219,-0.534393,0
1.52236,-0.294365,-0.536557,0
1.52245,-0.28725,-0.529048,0
1.52254,-0.297245,-0.553199,0
1.52263,-0.289194,-0.543896,0
1.52271,-0.29194,-0.554887,0
1.5228,-0.286284,-0.549947,0
1.52289,-0.282966,-0.549413,0
1.52297,-0.286014,-0.561334,0
1.52306,-0.286713,-0.568828,0
1.52315,-0.280658,-0.562914,0
1.52324,-0.283065,-0.573999,0
1.52332,-0.284941,-0.584216,0
1.52341,-0.288037,-0.597163,0
1.5235,-0.28629,-0.600219,0
1.52359,-0.286654,-0.607794,0
1.52367,-0.286535,-0.614477,0
1.52376,-0.284689,-0.617537,0
1.52385,-0.285724,-0.626963,0
1.52393,-0.277646,-0.616351,0
1.52402,-0.270887,-0.608421,0
1.52411,-0.27266,-0.619666,0
1.5242,-0.264769,-0.608928,0
1.52428,-0.255794,-0.595377,0
1.52437,-0.254757,-0.600169,0
1.52446,-0.257163,-0.613264,0
1.52455,-0.24951,-0.602369,0
1.52463,-0.248772,-0.60808,0
1.52472,-0.239374,-0.59247,0
1.52481,-0.240492,-0.602797,0
1.52489,-0.231995,-0.588954,0
1.52498,-0.230511,-0.592757,0
1.52507,-0.229714,-0.598425,0
1.52516,-0.227455,-0.600357,0
1.52524,-0.229736,-0.614457,0
1.52533,-0.223592,-0.606072,0
1.52542,-0.221971,-0.60986,0
1.5255,-0.22066,-0.614588,0
1.52559,-0.216974,-0.612717,0
1.52568,-0.21331,-0.610826,0
1.52577,-0.208689,-0.606077,0
1.52585,-0.204435,-0.602248,0
1.52594,-0.20244,-0.60503,0
1.52603,-0.19698,-0.597361,0
1.52612,-0.194063,-0.597264,0
1.5262,-0.196028,-0.612391,0
1.52629,-0.190647,-0.604657,0
1.52638,-0.186228,-0.599753,0
1.52646,-0.185071,-0.605341,0
1.52655,-0.186175,-0.618591,0
1.52664,-0.18461,-0.623233,0
1.52673,-0.183568,-0.629793,0
1.52681,-0.179164,-0.62482,0
1.5269,-0.179422,-0.636183,0
1.52699,-0.172636,-0.622505,0
1.52708,-0.172548,-0.6329,0
1.52716,-0.172115,-0.642341,0
1.52725,-0.169056,-0.642118,0
1.52734,-0.168756,-0.652532,0
1.52742,-0.167138,-0.658108,0
1.52751,-0.165233,-0.662712,0
1.5276,-0.164479,-0.672169,0
1.52769,-0.158743,-0.661212,0
1.52777,-0.159982,-0.679419,0
1.52786,-0.151617,-0.656725,0
1.52795,-0.141026,-0.623244,0
1.52804,-0.144582,-0.652166,0
1.52812,-0.137703,-0.634223,0
1.52821,-0.128697,-0.605473,0
1.5283,-0.125036,-0.601134,0
1.52838,-0.126599,-0.622252,0
1.52847,-0.117444,-0.590433,0
1.52856,-0.112959,-0.581123,0
1.52865,-0.112101,-0.590453,0
1.52873,-0.105332,-0.568321,0
1.52882,-0.10641,-0.588456,0
1.52891,-0.104015,-0.5899,0
1.529,-0.100763,-0.586406,0
1.52908,-0.0995237,-0.59473,0
1.52917,-0.0937129,-0.575419,0
1.52926,-0.09433,-0.595576,0
1.52934,-0.0911219,-0.592028,0
1.52943,-0.0877988,-0.587475,0
1.52952,-0.0809298,-0.558163,0
1.52961,-0.0797462,-0.567424,0
1.52969,-0.0786181,-0.577675,0
1.52978,-0.0763578,-0.579995,0
1.52987,-0.0734478,-0.577347,0
1.52996,-0.0682468,-0.555826,0
1.53004,-0.0692295,-0.584917,0
1.53013,-0.0615826,-0.540503,0
1.53022,-0.0619453,-0.565618,0
1.5303,-0.0601039,-0.57185,0
1.53039,-0.0560051,-0.556187,0
1.53048,-0.0521401,-0.541496,0
1.53057,-0.0503259,-0.547693,0
1.53065,-0.0474127,-0.54193,0
1.53074,-0.044054,-0.530173,0
1.53083,-0.0429171,-0.545314,0
1.53092,-0.0414267,-0.557463,0
1.531,-0.038087,-0.54467,0
1.53109,-0.0351869,-0.536848,0
1.53118,-0.0321726,-0.526017,0
1.53126,-0.0298771,-0.526152,0
1.53135,-0.0254353,-0.485334,0
1.53144,-0.0249486,-0.519401,0
1.53153,-0.0221587,-0.507517,0
1.53161,-0.021161,-0.538584,0
1.5317,-0.0174847,-0.500695,0
1.53179,-0.0157579,-0.515759,0
1.53188,-0.0137429,-0.52482,0
1.53196,-0.0109947,-0.50388,0
1.53205,-0.00891819,-0.510922,0
1.53214,-0.00653171,-0.498957,0
1.53222,-0.00458144,-0.52498,0
1.53231,-0.00228202,-0.522995,0
1.5324,-6.36051e-09,-0.528,0
1.53249,0.00234309,-0.536995,0
1.53257,0.00463378,-0.53098,0
1.53266,0.00688512,-0.525955,0
1.53275,0.00895308,-0.512922,0
1.53284,0.0114528,-0.524875,0
1.53292,0.0141879,-0.541814,0
1.53301,0.0165213,-0.540748,0
1.5331,0.0180779,-0.517684,0
1.53318,0.0213573,-0.543581,0
1.53327,0.0239034,-0.547478,0
1.53336,0.0245648,-0.51141,0
1.53345,0.0284184,-0.542256,0
1.53353,0.0306141,-0.539132,0
1.53362,0.0342482,-0.559954,0
1.53371,0.0364949,-0.556805,0
1.5338,0.0390636,-0.558636,0
1.53388,0.0406114,-0.546493,0
1.53397,0.0436232,-0.554286,0
1.53406,0.0465382,-0.56007,0
1.53414,0.0501145,-0.572812,0
1.53423,0.0535284,-0.582546,0
1.53432,0.0548238,-0.569367,0
1.53441,0.0547027,-0.543253,0
1.53449,0.250659,-2.38486,0
1.53458,0.261172,-2.38474,0
1.53467,0.275197,-2.41537,0
1.53476,0.28209,-2.38336,0
1.53484,0.489549,-3.98706,0
1.53493,0.506563,-3.98191,0
1.53502,0.522757,-3.97074,0
1.5351,0.541157,-3.97634,0
1.53519,0.558502,-3.97395,0
1.53528,0.576553,-3.97642,0
1.53537,0.593455,-3.9709,0
1.53545,0.610319,-3.96531,0
1.53554,0.630744,-3.98236,0
1.53563,0.646989,-3.97266,0
1.53572,0.666627,-3.98361,0
1.5358,0.68214,-3.96982,0
1.53589,0.701018,-3.97567,0
1.53598,0.717112,-3.96568,0
1.53606,0.736414,-3.97333,0
1.53615,0.753557,-3.9691,0
1.53624,0.772967,-3.97657,0
1.53633,0.791481,-3.97905,0
1.53641,0.81063,-3.98437,0
1.5365,0.825156,-3.96709,0
1.53659,0.844745,-3.97421,0
1.53668,0.863139,-3.97538,0
1.53676,0.880043,-3.96962,0
1.53685,0.897797,-3.96769,0
1.53694,0.916675,-3.97056,0
1.53702,0.933304,-3.9636,0
1.53711,0.954091,-3.97408,0
1.5372,0.970709,-3.96696,0
1.53729,0.992847,-3.98209,0
1.53737,1.00972,-3.97579,0
1.53746,1.02806,-3.97521,0
1.53755,1.04438,-3.96682,0
1.53764,1.06219,-3.96416,0
1.53772,1.08264,-3.97106,0
1.53781,1.09808,-3.95956,0
1.5379,1.12023,-3.97205,0
1.53798,1.13976,-3.97482,0
1.53807,1.15597,-3.96597,0
1.53816,1.17469,-3.96568,0
1.53825,1.19861,-3.98254,0
1.53833,1.21276,-3.96675,0
1.53842,1.23272,-3.97002,0
1.53851,1.25154,-3.96937,0
1.53859,1.26915,-3.96482,0
1.53868,1.28582,-3.95735,0
1.53877,1.3084,-3.96784,0
1.53886,1.32792,-3.96873,0
1.53894,1.34876,-3.97332,0
1.53903,1.36348,-3.95983,0
1.53912,1.38536,-3.96706,0
1.53921,1.40466,-3.96664,0
1.53929,1.42466,-3.968,0
1.53938,1.44332,-3.9655,0
1.53947,1.46684,-3.97605,0
1.53955,1.47998,-3.95838,0
1.53964,1.50361,-3.96871,0
1.53973,1.51948,-3.95838,0
1.53982,1.54,-3.9601,0
1.5399,1.56276,-3.9673,0
1.53999,1.57857,-3.95673,0
1.54008,1.59807,-3.95537,0
1.54017,1.61645,-3.95113,0
1.54025,1.64095,-3.9616,0
1.54034,1.66324,-3.96639,0
1.54043,1.68288,-3.96461,0
1.54051,1.70371,-3.9655,0
1.5406,1.721,-3.95803,0
1.54069,1.74027,-3.95506,0
1.54078,1.76402,-3.96205,0
1.54086,1.78129,-3.95431,0
1.54095,1.80101,-3.95196,0
1.54104,1.82536,-3.9595,0
1.54113,1.84431,-3.95513,0
1.54121,1.86837,-3.96151,0
1.5413,1.88521,-3.95242,0
1.54139,1.89418,-3.92704,0
1.54147,1.89902,-3.89358,0
1.54156,1.88946,-3.83144,0
1.54165,1.89009,-3.79094,0
1.54174,1.88186,-3.73355,0
1.54182,1.88361,-3.69679,0
1.54191,1.88278,-3.65564,0
1.542,1.88809,-3.62699,0
1.54209,1.88434,-3.58154,0
1.54217,1.8854,-3.54592,0
1.54226,1.88334,-3.50506,0
1.54235,1.88382,-3.46957,0
1.54243,1.87826,-3.42362,0
1.54252,1.88445,-3.39965,0
1.54261,1.88119,-3.35911,0
1.5427,1.87909,-3.32128,0
1.54278,1.88165,-3.29221,0
1.54287,1.8775,-3.25193,0
1.54296,1.87354,-3.2126,0
1.54305,1.87485,-3.18286,0
1.54313,1.40657,-2.36423,0
1.54322,1.40966,-2.34607,0
1.54331,1.41521,-2.3322,0
1.54339,1.43112,-2.33538,0
1.54348,1.44867,-2.34102,0
1.54357,1.4541,-2.32704,0
1.54366,1.46531,-2.32237,0
1.54374,1.47542,-2.31595,0
1.54383,1.49309,-2.32127,0
1.54392,1.52608,-2.34996,0
1.54401,1.68326,-2.5674,0
1.54409,1.67678,-2.53335,0
1.54418,1.89227,-2.83199,0
1.54427,1.89958,-2.81624,0
1.54435,1.70023,-2.49713,0
1.54444,1.88896,-2.74846,0
1.54453,1.83767,-2.64899,0
1.54462,1.84061,-2.62866,0
1.5447,1.85437,-2.62387,0
1.54479,1.86348,-2.6125,0
1.54488,1.89122,-2.62706,0
1.54497,1.90442,-2.62122,0
1.54505,1.93122,-2.63385,0
1.54514,1.94626,-2.63022,0
1.54523,1.9637,-2.62972,0
1.54531,1.97456,-2.62032,0
1.5454,2.00171,-2.63238,0
1.54549,2.01135,-2.62124,0
1.54558,2.03685,-2.63062,0
1.54566,2.04338,-2.61541,0
1.54575,2.06468,-2.61903,0
1.54584,2.08729,-2.62409,0
1.54593,2.10561,-2.62353,0
1.54601,2.12647,-2.62598,0
1.5461,2.13665,-2.61512,0
1.54619,2.1633,-2.6243,0
1.54627,2.17601,-2.61637,0
1.54636,2.20219,-2.62447,0
1.54645,2.21297,-2.61407,0
1.54654,2.23475,-2.61656,0
1.54662,2.25463,-2.61663,0
1.54671,2.28899,-2.63318,0
1.5468,2.2998,-2.62242,0
1.54689,2.30989,-2.61086,0
1.54697,2.30661,-2.58434,0
1.54706,2.30917,-2.56459,0
1.54715,2.2968,-2.52859,0
1.54723,2.30579,-2.51633,0
1.54732,2.30249,-2.49082,0
1.54741,2.10533,-2.25769,0
1.5475,2.04047,-2.16909,0
1.54758,2.02927,-2.1384,0
1.54767,2.02752,-2.11797,0
1.54776,2.03049,-2.10263,0
1.54785,2.02638,-2.08014,0
1.54793,2.03053,-2.06629,0
1.54802,2.03038,-2.04817,0
1.54811,2.02091,-2.02091,0
1.54819,2.02545,-2.00785,0
1.54828,2.02634,-1.99128,0
1.54837,2.03072,-1.97824,0
1.54846,2.02638,-1.95685,0
1.54854,2.02623,-1.93969,0
1.54863,2.0267,-1.92326,0
1.54872,2.01904,-1.89933,0
1.54881,2.01561,-1.87959,0
1.54889,2.02306,-1.8701,0
1.54898,2.02161,-1.85247,0
1.54907,2.02894,-1.84296,0
1.54915,2.01912,-1.81803,0
1.54924,2.02256,-1.80521,0
1.54933,2.02293,-1.78974,0
1.54942,2.02395,-1.77496,0
1.5495,2.01885,-1.75496,0
1.54959,2.02421,-1.74417,0
1.54968,2.01356,-1.71974,0
1.54977,2.01799,-1.70835,0
1.54985,2.02083,-1.69567,0
1.54994,2.01821,-1.67853,0
1.55003,2.0178,-1.66334,0
1.55011,2.01962,-1.6501,0
1.5502,2.01592,-1.63246,0
1.55029,2.0121,-1.61488,0
1.55038,2.01443,-1.60235,0
1.55046,2.00648,-1.58179,0
1.55055,2.01258,-1.5724,0
1.55064,2.01072,-1.55687,0
1.55073,2.00877,-1.54138,0
1.55081,2.00672,-1.52595,0
1.5509,2.01256,-1.51657,0
1.55099,2.01115,-1.50179,0
1.55107,2.01125,-1.48825,0
1.55116,2.00805,-1.47236,0
1.55125,2.00394,-1.45594,0
1.55134,2.00621,-1.44427,0
1.55142,2.00598,-1.43085,0
1.55151,2.0171,-1.42555,0
1.5516,2.01102,-1.40813,0
1.55168,2.01057,-1.39478,0
1.55177,2.01087,-1.38203,0
1.55186,2.00779,-1.36705,0
1.55195,2.00461,-1.35213,0
1.55203,2.00883,-1.34226,0
1.55212,2.00716,-1.32851,0
1.55221,2.00541,-1.31481,0
1.5523,2.0061,-1.30278,0
1.55238,2.01177,-1.29401,0
1.55247,2.01233,-1.282,0
1.55256,2.00945,-1.26787,0
1.55264,2.00818,-1.25485,0
1.55273,2.00343,-1.23976,0
1.55282,2.00626,-1.22944,0
1.55291,1.99964,-1.21341,0
1.55299,2.00834,-1.20673,0
1.55308,2.00414,-1.19234,0
1.55317,2.01363,-1.18612,0
1.55326,2.00151,-1.16724,0
1.55334,2.01178,-1.1615,0
1.55343,2.00293,-1.14477,0
1.55352,2.00965,-1.13701,0
1.5536,2.00412,-1.12236,0
1.55369,2.00813,-1.11312,0
1.55378,2.01209,-1.10387,0
1.55387,2.02128,-1.09747,0
1.55395,2.0146,-1.08248,0
1.55404,2.00694,-1.06711,0
1.55413,2.0045,-1.05462,0
1.55422,2.01174,-1.04725,0
1.5543,2.01273,-1.03663,0
1.55439,2.00031,-1.01921,0
1.55448,1.99581,-1.00597,0
1.55456,2.00734,-1.00082,0
1.55465,2.01258,-0.992496,0
1.55474,2.00521,-0.978006,0
1.55483,2.00676,-0.967944,0
1.55491,2.00645,-0.957026,0
1.555,2.01241,-0.949115,0
1.55509,2.01019,-0.937367,0
1.55518,2.0079,-0.925657,0
1.55526,2.00191,-0.912325,0
1.55535,2.00405,-0.90276,0
1.55544,2.00706,-0.8936,0
1.55552,2.00636,-0.882821,0
1.55561,2.0102,-0.874058,0
1.5557,2.00205,-0.860147,0
1.55579,1.99657,-0.847496,0
1.55587,1.99841,-0.838003,0
1.55596,1.99743,-0.827362,0
1.55605,2.00009,-0.81826,0
1.55614,2.00364,-0.809525,0
1.55622,2.00158,-0.798551,0
1.55631,2.00505,-0.78981,0
1.5564,2.02246,-0.786491,0
1.55648,2.01187,-0.772283,0
1.55657,2.00493,-0.7596,0
1.55666,2.00635,-0.750144,0
1.55675,1.99741,-0.736883,0
1.55683,1.99873,-0.727477,0
1.55692,1.99623,-0.716721,0
1.55701,1.99934,-0.708004,0
1.5571,2.0128,-0.7029,0
1.55718,2.00545,-0.69053,0
1.55727,1.99992,-0.67888,0
1.55736,1.99432,-0.667292,0
1.55744,1.99627,-0.65827,0
1.55753,2.00102,-0.650172,0
1.55762,2.00384,-0.641435,0
1.55771,1.99994,-0.63058,0
1.55779,1.99886,-0.620662,0
1.55788,1.99963,-0.611349,0
1.55797,1.99558,-0.600601,0
1.55806,2.00489,-0.593876,0
1.55814,1.99114,-0.580365,0
1.55823,1.99558,-0.572223,0
1.55832,1.99613,-0.562967,0
1.5584,1.99953,-0.55452,0
1.55849,2.00483,-0.546579,0
1.55858,1.99753,-0.535238,0
1.55867,1.99888,-0.526262,0
1.55875,1.99729,-0.516534,0
1.55884,1.99468,-0.506584,0
1.55893,2.00075,-0.498843,0
1.55902,2.00388,-0.490346,0
1.5591,1.99433,-0.478797,0
1.55919,1.98472,-0.46734,0
1.55928,1.98869,-0.459125,0
1.55936,2.00725,-0.454195,0
1.55945,2.00141,-0.443701,0
1.55954,1.99257,-0.43263,0
1.55963,1.98857,-0.422685,0
1.55971,1.99529,-0.415022,0
1.5598,1.99415,-0.405714,0
1.55989,1.99394,-0.396619,0
1.55998,1.98878,-0.386579,0
1.56006,1.99634,-0.379017,0
1.56015,1.99502,-0.369756,0
1.56024,1.9917,-0.360158,0
1.56032,1.98833,-0.350596,0
1.56041,1.98688,-0.341409,0
1.5605,1.98934,-0.332901,0
1.56059,1.98781,-0.323736,0
1.56067,1.98624,-0.31459,0
1.56076,1.98661,-0.305768,0
1.56085,1.97902,-0.295767,0
1.56094,1.98128,-0.287272,0
1.56102,1.99242,-0.280016,0
1.56111,1.99164,-0.27105,0
1.5612,1.99677,-0.26288,0
1.56128,1.98599,-0.25265,0
1.56137,1.98807,-0.244104,0
1.56146,1.98614,-0.235075,0
1.56155,1.98516,-0.22618,0
1.56163,1.99209,-0.218169,0
1.56172,1.98904,-0.209057,0
1.56181,1.98695,-0.200076,0
1.5619,1.9888,-0.1915,0
1.56198,1.97667,-0.181631,0
1.56207,1.98044,-0.173266,0
1.56216,1.98317,-0.164788,0
1.56224,1.99084,-0.156683,0
1.56233,1.98553,-0.14755,0
1.56242,1.98415,-0.138746,0
1.56251,1.98474,-0.130087,0
1.56259,1.9823,-0.121242,0
1.56268,1.97182,-0.111968,0
1.56277,1.98827,-0.104201,0
1.56286,1.98671,-0.0954285,0
1.56294,1.98811,-0.0868026,0
1.56303,1.98947,-0.0781663,0
1.56312,1.98679,-0.0693802,0
1.5632,1.98008,-0.0604968,0
1.56329,1.98232,-0.0519089,0
1.56338,1.99053,-0.0434335,0
1.56347,1.9697,-0.0343813,0
1.56355,1.97083,-0.0257996,0
1.56364,1.95393,-0.0170517,0
1.56373,1.80298,-0.00786709,0
1.56381,1.744,-4.22299e-08,0
1.5639,1.74098,0.00759648,0
1.56399,1.81493,0.0158386,0
1.56408,1.88284,0.0246477,0
1.56416,1.70474,0.0297563,0
1.56425,1.6776,0.0366053,0
1.56434,1.67043,0.0437416,0
1.56443,1.67422,0.051152,0
1.56451,1.66299,0.0580727,0
1.5646,1.66372,0.0653675,0
1.56469,1.65043,0.0720592,0
1.56477,1.65909,0.0796916,0
1.56486,1.65772,0.0868776,0
1.56495,1.65633,0.0940533,0
1.56504,1.6579,0.101402,0
1.56512,1.66044,0.108831,0
1.56521,1.65695,0.115865,0
1.5653,1.65444,0.122946,0
1.56539,1.65488,0.130242,0
1.56547,1.6553,0.137544,0
1.56556,1.6497,0.14433,0
1.56565,1.64507,0.151161,0
1.56573,1.65335,0.1592,0
1.56582,1.64866,0.166012,0
1.56591,1.65588,0.17404,0
1.566,1.65709,0.181481,0
1.56608,1.65628,0.18871,0
1.56617,1.65048,0.195347,0
1.56626,1.65854,0.203644,0
1.56635,1.66458,0.211762,0
1.56643,1.6567,0.218109,0
1.56652,1.67655,0.228168,0
1.56661,1.72208,0.242022,0
1.56669,1.87836,0.272349,0
1.56678,1.7466,0.261031,0
1.56687,1.70591,0.262565,0
1.56696,1.71364,0.271414,0
1.56704,1.75291,0.285479,0
1.56713,1.88085,0.314746,0
1.56722,1.96224,0.337175,0
1.56731,1.9706,0.34747,0
1.56739,1.973,0.356777,0
1.56748,1.98323,0.367569,0
1.56757,1.97866,0.375659,0
1.56765,1.98191,0.385243,0
1.56774,1.9753,0.392912,0
1.56783,1.97651,0.402125,0
1.56792,1.97669,0.411153,0
1.568,1.96705,0.41811,0
1.56809,1.97303,0.428387,0
1.56818,1.98188,0.439372,0
1.56827,1.97604,0.447133,0
1.56835,1.97212,0.455301,0
1.56844,1.97596,0.465277,0
1.56853,1.97683,0.474594,0
1.56861,1.97474,0.483215,0
1.5687,1.97358,0.492069,0
1.56879,1.98402,0.503876,0
1.56888,1.97502,0.510775,0
1.56896,1.97567,0.520152,0
1.56905,1.97242,0.528508,0
1.56914,1.9701,0.53711,0
1.56923,1.97159,0.54677,0
1.56931,1.974,0.556724,0
1.5694,1.97251,0.565608,0
1.56949,1.96426,0.57253,0
1.56957,1.9627,0.581379,0
1.56966,1.98026,0.59599,0
1.56975,1.97286,0.603163,0
1.56984,1.97021,0.611765,0
1.56992,1.97229,0.62186,0
1.57001,1.97146,0.631069,0
1.5701,1.97154,0.640592,0
1.57019,1.96493,0.647936,0
1.57027,1.96398,0.657138,0
1.57036,1.97624,0.670844,0
1.57045,1.97046,0.678484,0
1.57053,1.97598,0.690042,0
1.57062,1.97106,0.69799,0
1.57071,1.97082,0.707598,0
1.5708,1.96396,0.714822,0
1.57088,1.96457,0.724769,0
1.57097,1.96982,0.736486,0
1.57106,1.96472,0.744365,0
1.57115,1.96985,0.756156,0
1.57123,1.96933,0.765831,0
1.57132,1.98272,0.781014,0
1.57141,1.97651,0.788546,0
1.57149,1.96563,0.794166,0
1.57158,1.96862,0.805386,0
1.57167,1.97156,0.816646,0
1.57176,1.97259,0.827175,0
1.57184,1.9662,0.834602,0
1.57193,1.96989,0.846331,0
1.57202,1.96893,0.856114,0
1.57211,1.96426,0.864294,0
1.57219,1.96138,0.873264,0
1.57228,1.97032,0.887563,0
1.57237,1.96552,0.895737,0
1.57245,1.96431,0.905561,0
1.57254,1.96034,0.914123,0
1.57263,1.96538,0.926934,0
1.57272,1.95771,0.933778,0
1.5728,1.95542,0.943181,0
1.57289,1.96926,0.960471,0
1.57298,1.96505,0.969054,0
1.57307,1.96707,0.980743,0
1.57315,1.9592,0.987516,0
1.57324,1.96912,1.00332,0
1.57333,1.96651,1.01282,0
1.57341,1.96828,1.02462,0
1.5735,1.95759,1.02994,0
1.57359,1.97339,1.04927,0
1.57368,1.95822,1.05219,0
1.57376,1.96416,1.06645,0
1.57385,1.95598,1.07309,0
1.57394,1.9644,1.08888,0
1.57403,1.9605,1.09793,0
1.57411,1.9583,1.10795,0
1.5742,1.96473,1.12294,0
1.57429,1.95635,1.1295,0
1.57437,1.954,1.13954,0
1.57446,1.96279,1.15617,0
1.57455,1.96546,1.16933,0
1.57464,1.96206,1.17892,0
1.57472,1.95518,1.18643,0
1.57481,1.96022,1.20122,0
1.5749,1.95921,1.2124,0
1.57499,1.96069,1.22517,0
1.57507,1.95532,1.23372,0
1.57516,1.95835,1.24761,0
1.57525,1.95878,1.25993,0
1.57533,1.96081,1.27337,0
1.57542,1.95189,1.27972,0
1.57551,1.9613,1.29816,0
1.5756,1.96061,1.31003,0
1.57568,1.95736,1.32025,0
1.57577,1.96315,1.33666,0
1.57586,1.9573,1.34521,0
1.57595,1.95388,1.35545,0
1.57603,1.95368,1.36798,0
1.57612,1.96484,1.38861,0
1.57621,1.95876,1.39717,0
1.57629,1.95589,1.40804,0
1.57638,1.95944,1.42362,0
1.57647,1.95643,1.43452,0
1.57656,1.95739,1.44839,0
1.57664,1.95506,1.45991,0
1.57673,1.95666,1.47445,0
1.57682,1.95657,1.48781,0
1.5769,1.95403,1.49938,0
1.57699,1.95617,1.51463,0
1.57708,1.95111,1.52438,0
1.57717,1.95622,1.54216,0
1.57725,1.94478,1.54695,0
1.57734,1.95361,1.56794,0
1.57743,1.94986,1.57896,0
1.57752,1.94682,1.59062,0
1.5776,1.94912,1.60673,0
1.57769,1.95286,1.62417,0
1.57778,1.95495,1.64039,0
1.57786,1.95464,1.65472,0
1.57795,1.94588,1.66194,0
1.57804,1.95452,1.68412,0
1.57813,1.94791,1.69329,0
1.57821,1.95554,1.71496,0
1.5783,1.95103,1.72613,0
1.57839,1.95243,1.74261,0
1.57848,1.94555,1.75178,0
1.57856,1.94603,1.76765,0
1.57865,1.9501,1.78694,0
1.57874,1.94375,1.79679,0
1.57882,1.95052,1.81889,0
1.57891,1.94694,1.83149,0
1.579,1.9469,1.84754,0
1.57909,1.9446,1.86155,0
1.57917,1.95517,1.88808,0
1.57926,1.95407,1.90357,0
1.57935,1.9486,1.91488,0
1.57944,1.94449,1.92759,0
1.57952,1.94667,1.94666,0
1.57961,1.94871,1.96579,0
1.5797,1.94572,1.97998,0
1.57978,1.94404,1.99562,0
1.57987,1.94643,2.01559,0
1.57996,1.94868,2.03562,0
1.58005,1.94529,2.04991,0
1.58013,1.94935,2.07222,0
1.58022,1.94506,2.08582,0
1.58031,1.94069,2.09943,0
1.5804,1.94975,2.12778,0
1.58048,1.9465,2.14293,0
1.58057,1.94717,2.16255,0
1.58066,1.94371,2.17774,0
1.58074,1.94943,2.20343,0
1.58083,1.94771,2.22093,0
1.58092,1.95571,2.24979,0
1.58101,1.97851,2.29618,0
1.58109,1.97432,2.31163,0
1.58118,1.99329,2.35457,0
1.58127,1.99586,2.37857,0
1.58136,1.99377,2.39725,0
1.58144,1.98202,2.40438,0
1.58153,1.99808,2.44553,0
1.58162,2.0132,2.48609,0
1.5817,2.00671,2.50031,0
1.58179,2.03189,2.55443,0
1.58188,2.02753,2.57191,0
1.58197,1.99536,2.55394,0
1.58205,1.99338,2.57449,0
1.58214,1.987,2.58951,0
1.58223,1.96902,2.58939,0
1.58232,1.96673,2.60994,0
1.5824,2.00499,2.685,0
1.58249,2.00693,2.71221,0
1.58258,2.03411,2.77417,0
1.58266,2.01316,2.77088,0
1.58275,1.9882,2.76179,0
1.58284,1.98949,2.78916,0
1.58293,1.97788,2.79863,0
1.58301,1.97368,2.8187,0
1.5831,1.96079,2.82647,0
1.58319,1.94674,2.83252,0
1.58328,1.94843,2.86165,0
1.58336,1.94096,2.87759,0
1.58345,1.9395,2.90266,0
1.58354,1.94337,2.93611,0
1.58362,1.94096,2.96045,0
1.58371,1.93619,2.98147,0
1.5838,1.94156,3.01849,0
1.58389,1.94664,3.05561,0
1.58397,1.94449,3.08183,0
1.58406,1.94268,3.10894,0
1.58415,1.94594,3.1446,0
1.58424,1.94422,3.17267,0
1.58432,1.94436,3.20421,0
1.58441,1.94427,3.23581,0
1.5845,1.93576,3.25371,0
1.58458,1.92459,3.2673,0
1.58467,1.90578,3.26789,0
1.58476,1.891,3.27531,0
1.58485,1.86925,3.2705,0
1.58493,1.8525,3.27428,0
1.58502,1.83184,3.27099,0
1.58511,1.8127,3.2702,0
1.5852,1.79553,3.27282,0
1.58528,1.7736,3.26656,0
1.58537,1.75318,3.26282,0
1.58546,1.7408,3.27397,0
1.58554,1.72277,3.27445,0
1.58563,1.7057,3.27662,0
1.58572,1.68498,3.27158,0
1.58581,1.66433,3.26643,0
1.58589,1.64601,3.26562,0
1.58598,1.62461,3.25846,0
1.58607,1.6117,3.2682,0
1.58616,1.59129,3.26262,0
1.58624,1.57356,3.26233,0
1.58633,1.55716,3.26465,0
1.58642,1.54205,3.26961,0
1.5865,1.52227,3.26452,0
1.58659,1.50341,3.26114,0
1.58668,1.48543,3.25948,0
1.58677,1.4712,3.26593,0
1.58685,1.45164,3.26044,0
1.58694,1.4366,3.26492,0
1.58703,1.42154,3.26932,0
1.58712,1.40174,3.26263,0
1.5872,1.38084,3.25306,0
1.58729,1.36896,3.26459,0
1.58738,1.35202,3.26407,0
1.58746,1.33777,3.26993,0
1.58755,1.32049,3.26832,0
1.58764,1.30103,3.26105,0
1.58773,1.28569,3.2639,0
1.58781,1.27035,3.26669,0
1.5879,1.25321,3.26473,0
1.58799,1.23577,3.26175,0
1.58808,1.21802,3.25775,0
1.58816,1.2031,3.26115,0
1.58825,1.18715,3.26167,0
1.58834,1.17223,3.26494,0
1.58842,1.15764,3.26908,0
1.58851,1.13974,3.26372,0
1.5886,1.12191,3.25826,0
1.58869,1.10672,3.26028,0
1.58877,1.09121,3.26128,0
1.58886,1.07603,3.26317,0
1.58895,1.05777,3.25547,0
1.58903,1.04294,3.25815,0
1.58912,1.02932,3.26457,0
1.58921,1.0118,3.25853,0
1.5893,0.994941,3.25431,0
1.58938,0.982749,3.26532,0
1.58947,0.9648,3.25711,0
1.58956,0.94918,3.25649,0
1.58965,0.935789,3.26348,0
1.58973,0.918826,3.25791,0
1.58982,0.903533,3.25803,0
1.58991,0.888257,3.25809,0
1.58999,0.875844,3.26869,0
1.59008,0.855717,3.25024,0
1.59017,0.837772,3.23942,0
1.59026,0.820429,3.23045,0
1.59034,0.804874,3.22817,0
1.59043,0.792207,3.23748,0
1.59052,0.777607,3.23896,0
1.59061,0.760258,3.2287,0
1.59069,0.746613,3.23393,0
1.59078,0.731171,3.23131,0
1.59087,0.716848,3.23349,0
1.59095,0.703581,3.2405,0
1.59104,0.689019,3.24158,0
1.59113,0.674054,3.24064,0
1.59122,0.656718,3.22787,0
1.5913,0.640677,3.2209,0
1.59139,0.626808,3.22465,0
1.59148,0.613291,3.2303,0
1.59157,0.598279,3.22803,0
1.59165,0.583655,3.22765,0
1.59174,0.570261,3.23411,0
1.59183,0.553773,3.22277,0
1.59191,0.539376,3.22318,0
1.592,0.526432,3.23241,0
1.59209,0.511697,3.23073,0
1.59218,0.496074,3.22305,0
1.59226,0.483485,3.23507,0
1.59235,0.468647,3.2322,0
1.59244,0.453983,3.23025,0
1.59253,0.440019,3.2332,0
1.59261,0.42421,3.2222,0
1.5927,0.410273,3.22501,0
1.59279,0.396563,3.22975,0
1.59287,0.381644,3.22449,0
1.59296,0.36859,3.23507,0
1.59305,0.353382,3.22671,0
1.59314,0.338672,3.22225,0
1.59322,0.324409,3.22171,0
1.59331,0.310349,3.22309,0
1.5934,0.295916,3.22043,0
1.59349,0.282733,3.23166,0
1.59357,0.268464,3.23087,0
1.59366,0.254443,3.233,0
1.59375,0.240186,3.23209,0
1.59383,0.226081,3.2331,0
1.59392,0.211841,3.23207,0
1.59401,0.197797,3.23396,0
1.5941,0.183288,3.2278,0
1.59418,0.169098,3.22657,0
1.59427,0.154969,3.22628,0
1.59436,0.140891,3.22693,0
1.59445,0.126574,3.22151,0
1.59453,0.112621,3.22503,0
1.59462,0.098609,3.22749,0
1.59471,0.084159,3.2139,0
1.59479,0.0701786,3.21623,0
1.59488,0.0561794,3.21851,0
1.59497,0.0422533,3.22772,0
1.59506,0.0281083,3.22088,0
1.59514,0.0140456,3.21897,0
1.59523,1.17406e-07,3.227,0
1.59532,-0.0140672,3.22397,0
1.59541,-0.0284048,3.25488,0
1.59549,-0.0425018,3.24672,0
1.59558,-0.0567377,3.2505,0
1.59567,-0.0707456,3.24223,0
1.59575,-0.0849703,3.24489,0
1.59584,-0.099189,3.24648,0
1.59593,-0.113388,3.24702,0
1.59602,-0.12728,3.2395,0
1.5961,-0.141588,3.24291,0
1.59619,-0.156025,3.24826,0
1.59628,-0.169935,3.24255,0
1.59637,-0.184478,3.24877,0
1.59645,-0.198286,3.24194,0
1.59654,-0.212298,3.23905,0
1.59663,-0.226569,3.24009,0
1.59671,-0.241371,3.24804,0
1.5968,-0.255541,3.24696,0
1.59689,-0.269623,3.24482,0
1.59698,-0.283866,3.24461,0
1.59706,-0.297289,3.23537,0
1.59715,-0.311786,3.23802,0
1.59724,-0.326813,3.24559,0
1.59733,-0.339926,3.23419,0
1.59741,-0.354362,3.23565,0
1.5975,-0.368024,3.2301,0
1.59759,-0.383524,3.24038,0
1.59767,-0.399244,3.25158,0
1.59776,-0.411787,3.23691,0
1.59785,-0.426821,3.24202,0
1.59794,-0.440828,3.23914,0
1.59802,-0.456627,3.24907,0
1.59811,-0.470082,3.2421,0
1.5982,-0.485554,3.24892,0
1.59829,-0.498508,3.23886,0
1.59837,-0.513261,3.24061,0
1.59846,-0.527878,3.2413,0
1.59855,-0.541521,3.236,0
1.59863,-0.555974,3.23558,0
1.59872,-0.567829,3.22032,0
1.59881,-0.582231,3.21978,0
1.5989,-0.544702,2.93895,0
1.59898,-0.511449,2.69388,0
1.59907,-0.518619,2.66806,0
1.59916,-0.538059,2.70501,0
1.59925,-0.596309,2.93095,0
1.59933,-0.615202,2.9577,0
1.59942,-0.624567,2.93836,0
1.59951,-0.635048,2.92485,0
1.59959,-0.643475,2.90253,0
1.59968,-0.653706,2.88896,0
1.59977,-0.663381,2.87342,0
1.59986,-0.677058,2.87536,0
1.59994,-0.675357,2.81307,0
1.60003,-0.666947,2.72559,0
1.60012,-0.681252,2.73235,0
1.60021,-0.694891,2.73614,0
1.60029,-0.709076,2.74179,0
1.60038,-0.722051,2.74254,0
1.60047,-0.738152,2.75482,0
1.60055,-0.749902,2.75061,0
1.60064,-0.758957,2.73671,0
1.60073,-0.770076,2.73049,0
1.60082,-0.807617,2.8165,0
1.6009,-0.810105,2.77934,0
1.60099,-0.812,2.74127,0
1.60108,-0.824241,2.73865,0
1.60117,-0.837937,2.74077,0
1.60125,-0.851964,2.74377,0
1.60134,-0.861221,2.73145,0
1.60143,-0.870083,2.71814,0
1.60151,-0.866175,2.66581,0
1.6016,-0.879677,2.6677,0
1.60169,-0.894164,2.67238,0
1.60178,-0.914495,2.69402,0
1.60186,-0.924288,2.68433,0
1.60195,-0.931376,2.66705,0
1.60204,-0.89527,2.52816,0
1.60212,-0.792415,2.20706,0
1.60221,-0.799985,2.19794,0
1.6023,-0.816144,2.21226,0
1.60239,-0.814932,2.17964,0
1.60247,-0.815578,2.15268,0
1.60256,-0.808836,2.10709,0
1.60265,-0.813311,2.09143,0
1.60274,-0.806303,2.04692,0
1.60282,-0.830419,2.08146,0
1.60291,-0.843989,2.08895,0
1.603,-0.839464,2.05192,0
1.60308,-0.836163,2.01868,0
1.60317,-0.846124,2.01778,0
1.60326,-0.861953,2.03063,0
1.60335,-0.863305,2.0094,0
1.60343,-0.876052,2.01478,0
1.60352,-0.89007,2.02284,0
1.60361,-0.896854,2.01437,0
1.6037,-0.911796,2.02411,0
1.60378,-0.911496,2.00009,0
1.60387,-0.926075,2.00881,0
1.60396,-0.938212,2.012,0
1.60404,-0.949542,2.01332,0
1.60413,-0.959179,2.01096,0
1.60422,-0.968813,2.00856,0
1.60431,-0.980198,2.0097,0
1.60439,-0.991169,2.00989,0
1.60448,-1.00261,2.01092,0
1.60457,-1.01452,2.01277,0
1.60466,-1.02102,2.00387,0
1.60474,-1.03571,2.01096,0
1.60483,-1.04448,2.00642,0
1.60492,-1.05927,2.01335,0
1.605,-1.07274,2.01754,0
1.60509,-1.08911,2.02693,0
1.60518,-1.12275,2.06786,0
1.60527,-1.12215,2.0454,0
1.60535,-1.12136,2.023,0
1.60544,-1.12676,2.01198,0
1.60553,-1.12223,1.98354,0
1.60562,-1.12244,1.96387,0
1.6057,-1.1265,1.95116,0
1.60579,-1.1209,1.92203,0
1.60588,-1.11202,1.88783,0
1.60596,-1.11769,1.87866,0
1.60605,-1.11969,1.86348,0
1.60614,-1.12107,1.84746,0
1.60623,-1.12233,1.83147,0
1.60631,-1.11452,1.80105,0
1.6064,-1.11813,1.78938,0
1.60649,-1.11365,1.76503,0
1.60658,-1.11651,1.75257,0
1.60666,-1.11928,1.74011,0
1.60675,-1.11814,1.72179,0
1.60684,-1.11304,1.69766,0
1.60692,-1.1105,1.67778,0
1.60701,-1.11614,1.67042,0
1.6071,-1.11335,1.65061,0
1.60719,-1.11267,1.63417,0
1.60727,-1.11695,1.62518,0
1.60736,-1.11434,1.60632,0
1.60745,-1.11102,1.5867,0
1.60754,-1.11158,1.57285,0
1.60762,-1.11669,1.56554,0
1.60771,-1.11592,1.55011,0
1.6078,-1.10798,1.525,0
1.60788,-1.11284,1.51773,0
1.60797,-1.11232,1.50321,0
1.60806,-1.11229,1.48953,0
1.60815,-1.11095,1.47428,0
1.60823,-1.11495,1.46624,0
1.60832,-1.10795,1.4439,0
1.60841,-1.10811,1.43115,0
1.6085,-1.1045,1.41369,0
1.60858,-1.10756,1.40493,0
1.60867,-1.11181,1.39774,0
1.60876,-1.10538,1.37728,0
1.60884,-1.10823,1.36855,0
1.60893,-1.1104,1.35906,0
1.60902,-1.11186,1.3488,0
1.60911,-1.11646,1.3424,0
1.60919,-1.10945,1.32219,0
1.60928,-1.10939,1.31047,0
1.60937,-1.10991,1.29953,0
1.60946,-1.10969,1.28786,0
1.60954,-1.11136,1.27848,0
1.60963,-1.1077,1.26309,0
1.60972,-1.10989,1.2545,0
1.6098,-1.10936,1.24293,0
1.60989,-1.10607,1.22842,0
1.60998,-1.10941,1.22136,0
1.61007,-1.11337,1.21503,0
1.61015,-1.12002,1.21163,0
1.61024,-1.11643,1.19723,0
1.61033,-1.11205,1.18215,0
1.61042,-0.0206506,0.0217612,0
1.6105,-1.10573,1.15506,0
1.61059,-0.0402902,0.0417217,0
1.61068,-0.0327961,0.0336662,0
1.61076,-1.11024,1.12979,0
1.61085,-0.0302726,0.030538,0
1.61094,-1.14127,1.14127,0
