7200
6516
5.67232
5.68803,-0.0459619,-0.0459619,0
5.6882,-0.0301391,-0.0306698,0
5.68829,-0.0279116,-0.0286521,0
5.68838,-0.0312596,-0.0323703,0
5.68855,-0.0709005,-0.0747136,0
5.68864,-0.145259,-0.154415,0
5.68873,-0.220967,-0.236959,0
5.68881,-0.224683,-0.243061,0
5.6889,-0.114175,-0.1246,0
5.68899,-0.105562,-0.116214,0
5.68908,-0.264976,-0.294285,0
5.68916,-0.360908,-0.404363,0
5.68925,-0.281614,-0.318306,0
5.68934,-0.295387,-0.336824,0
5.68942,-0.288666,-0.332072,0
5.68951,-0.287214,-0.333329,0
5.6896,-0.303292,-0.35511,0
5.68969,-0.303678,-0.358719,0
5.68977,-0.30661,-0.365403,0
5.68986,-0.312686,-0.375964,0
5.68995,-0.30977,-0.375781,0
5.69003,-0.312556,-0.38255,0
5.69012,-0.313402,-0.387019,0
5.69021,-0.313588,-0.390722,0
5.6903,-0.306277,-0.385043,0
5.69038,-0.310785,-0.394229,0
5.69047,-0.306599,-0.392429,0
5.69056,-0.307333,-0.396926,0
5.69065,-0.306207,-0.399057,0
5.69073,-0.314753,-0.413921,0
5.69082,-0.306324,-0.406505,0
5.69091,-0.309932,-0.415049,0
5.69099,-0.306334,-0.413986,0
5.69108,-0.303933,-0.414513,0
5.69117,-0.291541,-0.401272,0
5.69126,-0.290956,-0.404164,0
5.69134,-0.296158,-0.415199,0
5.69143,-0.30531,-0.432003,0
5.69152,-0.312026,-0.445619,0
5.69161,-0.311788,-0.449441,0
5.69169,-0.308691,-0.449149,0
5.69178,-0.313482,-0.46041,0
5.69187,-0.308674,-0.457629,0
5.69195,-0.312786,-0.468117,0
5.69204,-0.314604,-0.475315,0
5.69213,-0.31472,-0.480028,0
5.69222,-0.312623,-0.481397,0
5.6923,-0.314306,-0.488644,0
5.69239,-0.317544,-0.498444,0
5.69248,-0.311097,-0.493059,0
5.69257,-0.309473,-0.49526,0
5.69265,-0.308361,-0.498306,0
5.69274,-0.309319,-0.504763,0
5.69283,-0.307633,-0.506963,0
5.69291,-0.312113,-0.519443,0
5.693,-0.312911,-0.525957,0
5.69309,-0.314166,-0.533348,0
5.69318,-0.311332,-0.53385,0
5.69326,-0.311,-0.538668,0
5.69335,-0.312616,-0.546965,0
5.69344,-0.312197,-0.551805,0
5.69353,-0.308809,-0.551417,0
5.69361,-0.310763,-0.560631,0
5.6937,-0.307833,-0.561105,0
5.69379,-0.31063,-0.57211,0
5.69387,-0.313338,-0.58315,0
5.69396,-0.311729,-0.586277,0
5.69405,-0.312427,-0.593827,0
5.69414,-0.313066,-0.601393,0
5.69422,-0.311354,-0.604532,0
5.69431,-0.312799,-0.613904,0
5.6944,-0.307417,-0.609905,0
5.69449,-0.311892,-0.625559,0
5.69457,-0.310487,-0.629605,0
5.69466,-0.310367,-0.636346,0
5.69475,-0.301939,-0.625985,0
5.69483,-0.297914,-0.624589,0
5.69492,-0.298598,-0.633119,0
5.69501,-0.299636,-0.642572,0
5.6951,-0.293062,-0.6357,0
5.69518,-0.296091,-0.649712,0
5.69527,-0.29161,-0.647351,0
5.69536,-0.290817,-0.653185,0
5.69545,-0.287561,-0.653532,0
5.69553,-0.285106,-0.655698,0
5.69562,-0.280663,-0.653261,0
5.69571,-0.278591,-0.65632,0
5.69579,-0.275725,-0.657529,0
5.69588,-0.275532,-0.665193,0
5.69597,-0.305191,-0.745986,0
5.69606,-0.317666,-0.786252,0
5.69614,-0.32572,-0.816424,0
5.69623,-0.329485,-0.836445,0
5.69632,-0.330181,-0.849059,0
5.69641,-0.334716,-0.871964,0
5.69649,-0.335868,-0.886508,0
5.69658,-0.321841,-0.860802,0
5.69667,-0.312198,-0.846249,0
5.69675,-0.766809,-2.10679,0
5.69684,-0.75592,-2.10541,0
5.69693,-0.743388,-2.09926,0
5.69702,-0.734881,-2.10437,0
5.6971,-0.724715,-2.10472,0
5.69719,-0.714238,-2.10408,0
5.69728,-0.704416,-2.10528,0
5.69737,-0.694911,-2.10738,0
5.69745,-0.683237,-2.10279,0
5.69754,-0.671616,-2.09813,0
5.69763,-0.660049,-2.09341,0
5.69771,-0.652985,-2.10295,0
5.6978,-0.641464,-2.09813,0
5.69789,-0.634896,-2.10953,0
5.69798,-0.62171,-2.09886,0
5.69806,-0.614225,-2.10731,0
5.69815,-0.602543,-2.10132,0
5.69824,-0.595269,-2.11066,0
5.69833,-0.583649,-2.10457,0
5.69841,-0.574197,-2.10613,0
5.6985,-0.564743,-2.10765,0
5.69859,-0.554014,-2.10429,0
5.69867,-0.545578,-2.10959,0
5.69876,-0.535137,-2.10711,0
5.69885,-0.524729,-2.10457,0
5.69894,-0.516967,-2.11267,0
5.69902,-0.504942,-2.10324,0
5.69911,-0.495761,-2.10542,0
5.6992,-0.486344,-2.10659,0
5.69929,-0.475162,-2.09991,0
5.69937,-0.465562,-2.10001,0
5.69946,-0.457031,-2.10496,0
5.69955,-0.447842,-2.10693,0
5.69963,-0.436201,-2.09712,0
5.69972,-0.429439,-2.11076,0
5.69981,-0.417298,-2.0979,0
5.6999,-0.409285,-2.10559,0
5.69998,-0.397856,-2.09557,0
5.70007,-0.391442,-2.11203,0
5.70016,-0.381333,-2.1088,0
5.70025,-0.371781,-2.10847,0
5.70033,-0.3619,-2.10613,0
5.70042,-0.352542,-2.10671,0
5.70051,-0.342864,-2.10526,0
5.70059,-0.333049,-2.10279,0
5.70068,-0.322806,-2.0973,0
5.70077,-0.314834,-2.1066,0
5.70086,-0.304635,-2.10103,0
5.70094,-0.294629,-2.0964,0
5.70103,-0.286154,-2.10262,0
5.70112,-0.278151,-2.11277,0
5.70121,-0.26792,-2.10603,0
5.70129,-0.259947,-2.1171,0
5.70138,-0.249179,-2.1053,0
5.70147,-0.239991,-2.10637,0
5.70155,-0.229927,-2.09945,0
5.70164,-0.2216,-2.10839,0
5.70173,-0.212799,-2.11331,0
5.70182,-0.203385,-2.11223,0
5.7019,-0.193983,-2.11111,0
5.70199,-0.184596,-2.10994,0
5.70208,-0.175553,-2.11272,0
5.70217,-0.16547,-2.1025,0
5.70225,-0.156517,-2.10619,0
5.70234,-0.147047,-2.10286,0
5.70243,-0.137543,-2.0985,0
5.70251,-0.128507,-2.10107,0
5.7026,-0.119508,-2.10461,0
5.70269,-0.110272,-2.10411,0
5.70278,-0.101138,-2.10557,0
5.70286,-0.0920806,-2.10899,0
5.70295,-0.0826419,-2.10338,0
5.70304,-0.0736031,-2.10772,0
5.70312,-0.0645584,-2.11301,0
5.70321,-0.0553381,-2.11328,0
5.7033,-0.0460294,-2.1095,0
5.70339,-0.0368944,-2.11368,0
5.70347,-0.0275667,-2.10582,0
5.70356,-0.0183519,-2.10292,0
5.70365,-0.00918043,-2.10398,0
5.70374,-2.54541e-08,-2.113,0
5.70382,0.0091891,-2.10598,0
5.70391,0.0183781,-2.10592,0
5.704,0.0275274,-2.10282,0
5.70408,0.0367373,-2.10468,0
5.70417,0.0460948,-2.1125,0
5.70426,0.055181,-2.10728,0
5.70435,0.0646195,-2.11501,0
5.70443,0.0736379,-2.10871,0
5.70452,0.082956,-2.11137,0
5.70461,0.0920369,-2.10799,0
5.7047,0.101282,-2.10857,0
5.70478,0.110481,-2.10811,0
5.70487,0.119735,-2.1086,0
5.70496,0.128873,-2.10706,0
5.70504,0.138262,-2.10947,0
5.70513,0.147605,-2.11085,0
5.70522,0.156517,-2.10619,0
5.70531,0.164921,-2.09552,0
5.70539,0.174725,-2.10275,0
5.70548,0.184073,-2.10396,0
5.70557,0.19316,-2.10214,0
5.70566,0.203193,-2.11024,0
5.70574,0.212399,-2.10933,0
5.70583,0.222018,-2.11236,0
5.70592,0.231124,-2.11038,0
5.706,0.240444,-2.11035,0
5.70609,0.249649,-2.10928,0
5.70618,0.25885,-2.10817,0
5.70627,0.26893,-2.11396,0
5.70635,0.276846,-2.10285,0
5.70644,0.286423,-2.1046,0
5.70653,0.296299,-2.10828,0
5.70662,0.304778,-2.10202,0
5.7067,0.313947,-2.10067,0
5.70679,0.324783,-2.11015,0
5.70688,0.333205,-2.10378,0
5.70696,0.342382,-2.1023,0
5.70705,0.351551,-2.10079,0
5.70714,0.361561,-2.10416,0
5.70723,0.37126,-2.10552,0
5.70731,0.37902,-2.09601,0
5.7074,0.389255,-2.10023,0
5.70749,0.40084,-2.11129,0
5.70758,0.408904,-2.10363,0
5.70766,0.418469,-2.10378,0
5.70775,0.428043,-2.1039,0
5.70784,0.437422,-2.10299,0
5.70792,0.44805,-2.10791,0
5.70801,0.455121,-2.09616,0
5.7081,0.465994,-2.10197,0
5.70819,0.475162,-2.09991,0
5.70827,0.484769,-2.09977,0
5.70836,0.495073,-2.1025,0
5.70845,0.505409,-2.10518,0
5.70854,0.514352,-2.10198,0
5.70862,0.524971,-2.10554,0
5.70871,0.53366,-2.10129,0
5.7088,0.544576,-2.10572,0
5.70888,0.553505,-2.10236,0
5.70897,0.563708,-2.10379,0
5.70906,0.574197,-2.10613,0
5.70915,0.584718,-2.10842,0
5.70923,0.591469,-2.09719,0
5.70932,0.603921,-2.10612,0
5.70941,0.613665,-2.10539,0
5.7095,0.623414,-2.10461,0
5.70958,0.632014,-2.09995,0
5.70967,0.644387,-2.1077,0
5.70976,0.650909,-2.09627,0
5.70984,0.663357,-2.1039,0
5.70993,0.671616,-2.09813,0
5.71002,0.682928,-2.10184,0
5.71011,0.692405,-2.09978,0
5.71019,0.701878,-2.09769,0
5.71028,0.711346,-2.09556,0
5.71037,0.725366,-2.10662,0
5.71046,0.73521,-2.10532,0
5.71054,0.746726,-2.10869,0
5.71063,0.754906,-2.10259,0
5.71072,0.766125,-2.10491,0
5.7108,0.778071,-2.10905,0
5.71089,0.785865,-2.10189,0
5.71098,0.797863,-2.10592,0
5.71107,0.808478,-2.10616,0
5.71115,0.817298,-2.10168,0
5.71124,0.828293,-2.10274,0
5.71133,0.839683,-2.10468,0
5.71142,0.850731,-2.10563,0
5.7115,0.864076,-2.11208,0
5.71159,0.870222,-2.1009,0
5.71168,0.882088,-2.10354,0
5.71176,0.889304,-2.09507,0
5.71185,0.90199,-2.09944,0
5.71194,0.912338,-2.09823,0
5.71203,0.929539,-2.11254,0
5.71211,0.937935,-2.10664,0
5.7122,0.950403,-2.10982,0
5.71229,0.956283,-2.09837,0
5.71238,0.970035,-2.10417,0
5.71246,0.982587,-2.10717,0
5.71255,0.993052,-2.10557,0
5.71264,1.00266,-2.10212,0
5.71272,1.01269,-2.09953,0
5.71281,1.02403,-2.09958,0
5.7129,1.0354,-2.09958,0
5.71299,1.04856,-2.1031,0
5.71307,1.06088,-2.10475,0
5.71316,1.07641,-2.11258,0
5.71325,1.08562,-2.10786,0
5.71334,1.09204,-2.09778,0
5.71342,1.1077,-2.10539,0
5.71351,1.12298,-2.11201,0
5.7136,1.13313,-2.10885,0
5.71368,1.1447,-2.10828,0
5.71377,1.1563,-2.10765,0
5.71386,1.16791,-2.10696,0
5.71395,1.17953,-2.10621,0
5.71403,1.19363,-2.10974,0
5.71412,1.20283,-2.10451,0
5.71421,1.215,-2.10444,0
5.7143,1.2287,-2.10689,0
5.71438,1.23941,-2.1041,0
5.71447,1.25062,-2.10211,0
5.71456,1.26751,-2.10949,0
5.71464,1.2767,-2.10394,0
5.71473,1.2958,-2.11455,0
5.71482,1.29764,-2.09697,0
5.71491,1.31261,-2.10062,0
5.71499,1.32817,-2.10502,0
5.71508,1.34594,-2.1127,0
5.71517,1.35676,-2.10933,0
5.71525,1.36813,-2.10674,0
5.71534,1.38609,-2.11413,0
5.71543,1.39254,-2.10389,0
5.71552,1.40781,-2.10694,0
5.7156,1.42315,-2.1099,0
5.71569,1.43909,-2.11359,0
5.71578,1.45623,-2.11883,0
5.71587,1.46717,-2.11492,0
5.71595,1.47811,-2.11095,0
5.71604,1.49019,-2.10857,0
5.71613,1.50576,-2.111,0
5.71621,1.51905,-2.11009,0
5.7163,1.53882,-2.11801,0
5.71639,1.55219,-2.11692,0
5.71648,1.56141,-2.11012,0
5.71656,1.57898,-2.11451,0
5.71665,1.5924,-2.11319,0
5.71674,1.61008,-2.11737,0
5.71683,1.62113,-2.1127,0
5.71691,1.64074,-2.11905,0
5.717,1.64751,-2.10872,0
5.71709,1.6697,-2.118,0
5.71717,1.67954,-2.11148,0
5.71726,1.70251,-2.12129,0
5.71735,1.71804,-2.12161,0
5.71744,1.73171,-2.11951,0
5.71752,1.74285,-2.11425,0
5.71761,1.76038,-2.11662,0
5.7177,1.77859,-2.11964,0
5.71779,1.79235,-2.11721,0
5.71787,1.81131,-2.12077,0
5.71796,1.82251,-2.11512,0
5.71805,1.83434,-2.11017,0
5.71813,1.8521,-2.11192,0
5.71822,1.87323,-2.1173,0
5.71831,1.89377,-2.12179,0
5.7184,1.91037,-2.12168,0
5.71848,1.92499,-2.11924,0
5.71857,1.94435,-2.12188,0
5.71866,1.95698,-2.11705,0
5.71875,1.97575,-2.11873,0
5.71883,1.98703,-2.11228,0
5.71892,1.99141,-2.09851,0
5.71901,1.99432,-2.0833,0
5.71909,1.98881,-2.05947,0
5.71918,1.988,-2.04074,0
5.71927,1.99759,-2.03276,0
5.71936,1.99307,-2.01054,0
5.71944,1.98768,-1.98768,0
5.71953,1.98639,-1.96913,0
5.71962,1.97998,-1.94572,0
5.71971,1.98559,-1.93428,0
5.71979,1.98538,-1.91726,0
5.71988,1.98289,-1.8982,0
5.71997,1.98535,-1.88403,0
5.72005,1.99064,-1.87261,0
5.72014,1.98489,-1.85094,0
5.72023,1.99295,-1.84227,0
5.72032,1.98623,-1.82004,0
5.7204,1.98304,-1.80127,0
5.72049,1.98568,-1.78792,0
5.72058,1.98675,-1.77324,0
5.72067,1.99222,-1.76257,0
5.72075,1.98636,-1.74199,0
5.72084,1.98413,-1.72478,0
5.72093,1.97876,-1.70501,0
5.72101,1.98238,-1.69311,0
5.7211,1.97601,-1.67281,0
5.72119,1.98406,-1.66482,0
5.72128,1.98592,-1.65167,0
5.72136,1.9823,-1.63408,0
5.72145,1.98941,-1.62542,0
5.72154,1.98872,-1.61043,0
5.72163,1.98169,-1.59047,0
5.72171,1.98078,-1.57558,0
5.7218,1.979,-1.56012,0
5.72189,1.97869,-1.54593,0
5.72197,1.98621,-1.53789,0
5.72206,1.98259,-1.52129,0
5.72215,1.98364,-1.50839,0
5.72224,1.98621,-1.49671,0
5.72232,1.98551,-1.48265,0
5.72241,1.98874,-1.47159,0
5.7225,1.98708,-1.45699,0
5.72259,1.98371,-1.44125,0
5.72267,1.98268,-1.42732,0
5.72276,1.98726,-1.4175,0
5.72285,1.99996,-1.41343,0
5.72293,2.00283,-1.40239,0
5.72302,1.99578,-1.38452,0
5.72311,1.99603,-1.37184,0
5.7232,1.99043,-1.35523,0
5.72328,1.98637,-1.33983,0
5.72337,1.98472,-1.32615,0
5.72346,1.98215,-1.31195,0
5.72355,1.98367,-1.30055,0
5.72363,1.98849,-1.29134,0
5.72372,1.99074,-1.28049,0
5.72381,1.9845,-1.26427,0
5.72389,1.98492,-1.25239,0
5.72398,1.97765,-1.23577,0
5.72407,1.98302,-1.22713,0
5.72416,1.97642,-1.21115,0
5.72424,1.97228,-1.19681,0
5.72433,1.97577,-1.18716,0
5.72442,1.97749,-1.17649,0
5.72451,1.98175,-1.16734,0
5.72459,1.97646,-1.15263,0
5.72468,1.98753,-1.1475,0
5.72477,1.98297,-1.13336,0
5.72485,1.98615,-1.12371,0
5.72494,1.97446,-1.10575,0
5.72503,1.97314,-1.09373,0
5.72512,1.97965,-1.08607,0
5.7252,1.97822,-1.07408,0
5.72529,1.98553,-1.06686,0
5.72538,1.98663,-1.05631,0
5.72547,1.9806,-1.04205,0
5.72555,1.98602,-1.03386,0
5.72564,1.98695,-1.02335,0
5.72573,1.98516,-1.01149,0
5.72581,1.98241,-0.999219,0
5.7259,1.98854,-0.991452,0
5.72599,1.98299,-0.9779,0
5.72608,1.98094,-0.96617,0
5.72616,1.97793,-0.954042,0
5.72625,1.9902,-0.949277,0
5.72634,1.98437,-0.935892,0
5.72643,1.98481,-0.925534,0
5.72651,1.99156,-0.918121,0
5.7266,1.98554,-0.904861,0
5.72669,1.98491,-0.894135,0
5.72677,1.98057,-0.881805,0
5.72686,1.98531,-0.873558,0
5.72695,1.98085,-0.861298,0
5.72704,1.98551,-0.853042,0
5.72712,1.99013,-0.844761,0
5.72721,1.98919,-0.834136,0
5.7273,1.98542,-0.822387,0
5.72739,1.98066,-0.810308,0
5.72747,1.97768,-0.799036,0
5.72756,1.98394,-0.791511,0
5.72765,1.98923,-0.78358,0
5.72773,1.97679,-0.768731,0
5.72782,1.98199,-0.760815,0
5.72791,1.97594,-0.748617,0
5.728,1.98574,-0.74244,0
5.72808,1.97771,-0.729615,0
5.72817,1.97711,-0.71961,0
5.72826,1.98023,-0.710977,0
5.72834,1.98143,-0.701662,0
5.72843,1.98164,-0.692021,0
5.72852,1.97802,-0.681089,0
5.72861,1.98382,-0.673416,0
5.72869,1.98579,-0.664436,0
5.72878,1.98297,-0.653886,0
5.72887,1.9839,-0.64461,0
5.72896,1.97622,-0.632593,0
5.72904,1.98373,-0.625468,0
5.72913,1.98549,-0.61651,0
5.72922,1.98051,-0.605502,0
5.7293,1.97738,-0.595125,0
5.72939,1.98763,-0.588764,0
5.72948,1.98826,-0.579526,0
5.72957,1.98885,-0.570294,0
5.72965,1.97977,-0.558353,0
5.72974,1.97833,-0.54864,0
5.72983,1.98071,-0.540003,0
5.72992,1.97918,-0.53032,0
5.73,1.98631,-0.522952,0
5.73009,1.9818,-0.512528,0
5.73018,1.98692,-0.504614,0
5.73026,1.98523,-0.494972,0
5.73035,1.98931,-0.486781,0
5.73044,1.98655,-0.476929,0
5.73053,1.98472,-0.46734,0
5.73061,1.97797,-0.456651,0
5.7307,1.97994,-0.448016,0
5.73079,1.97798,-0.438507,0
5.73088,1.97498,-0.428811,0
5.73096,1.97879,-0.420605,0
5.73105,1.98844,-0.413596,0
5.73114,1.98827,-0.404518,0
5.73122,1.98413,-0.394668,0
5.73131,1.98485,-0.385816,0
5.7314,1.9816,-0.376219,0
5.73149,1.98716,-0.368298,0
5.73157,1.98875,-0.359624,0
5.73166,1.99128,-0.351117,0
5.73175,1.98688,-0.341409,0
5.73184,1.98046,-0.331416,0
5.73192,1.98584,-0.323414,0
5.73201,1.99217,-0.315528,0
5.7321,1.99649,-0.307289,0
5.73218,1.98792,-0.297097,0
5.73227,1.98029,-0.287129,0
5.73236,1.97558,-0.27765,0
5.73245,1.98074,-0.269567,0
5.73253,1.98983,-0.261966,0
5.73262,1.98699,-0.252777,0
5.73271,1.98112,-0.243251,0
5.7328,1.94443,-0.230138,0
5.73288,1.75962,-0.200483,0
5.73297,1.70083,-0.186271,0
5.73306,1.68373,-0.176967,0
5.73314,1.68747,-0.169919,0
5.73323,1.68919,-0.16265,0
5.73332,1.69785,-0.15601,0
5.73341,1.71146,-0.149734,0
5.73349,1.70911,-0.142016,0
5.73358,1.69974,-0.133773,0
5.73367,1.69632,-0.126059,0
5.73376,1.6789,-0.1174,0
5.73384,1.66044,-0.108831,0
5.73393,1.6609,-0.101585,0
5.73402,1.6753,-0.0951305,0
5.7341,1.67171,-0.0876104,0
5.73419,1.67007,-0.0802195,0
5.73428,1.66941,-0.072888,0
5.73437,1.66072,-0.0652499,0
5.73445,1.66099,-0.058003,0
5.73454,1.66922,-0.0509994,0
5.73463,1.66843,-0.0436894,0
5.73472,1.6716,-0.0364745,0
5.7348,1.66775,-0.0291107,0
5.73489,1.67486,-0.0219251,0
5.73498,1.66894,-0.0145646,0
5.73506,1.67798,-0.00732167,0
5.73515,1.735,-4.2012e-08,0
5.73524,1.91198,0.0083426,0
5.73533,1.95693,0.0170778,0
5.73541,1.96983,0.0257865,0
5.7355,1.9727,0.0344336,0
5.73559,1.97353,0.0430625,0
5.73568,1.98032,0.0518565,0
5.73576,1.97608,0.0603746,0
5.73585,1.9658,0.0686473,0
5.73594,1.96349,0.0771455,0
5.73602,1.96213,0.0856684,0
5.73611,1.96374,0.094325,0
5.7362,1.97329,0.103416,0
5.73629,1.96683,0.111685,0
5.73637,1.97231,0.120632,0
5.73646,1.96379,0.128713,0
5.73655,1.96121,0.137141,0
5.73664,1.96757,0.146216,0
5.73672,1.96891,0.154957,0
5.73681,1.96523,0.163298,0
5.7369,1.97147,0.172481,0
5.73698,1.9697,0.18099,0
5.73707,1.96093,0.188816,0
5.73716,1.96506,0.197871,0
5.73725,1.97313,0.207384,0
5.73733,1.96426,0.215121,0
5.73742,1.96628,0.224029,0
5.73751,1.97025,0.233194,0
5.7376,1.9702,0.241911,0
5.73768,1.96417,0.249874,0
5.73777,1.96901,0.259225,0
5.73786,1.97281,0.268488,0
5.73794,1.97757,0.277929,0
5.73803,1.97534,0.286411,0
5.73812,1.96616,0.293845,0
5.73821,1.97277,0.303638,0
5.73829,1.98624,0.31459,0
5.73838,1.96906,0.320681,0
5.73847,1.96863,0.329435,0
5.73856,1.96224,0.337175,0
5.73864,1.97552,0.348338,0
5.73873,1.97989,0.358022,0
5.73882,1.98126,0.367205,0
5.7389,1.96981,0.373981,0
5.73899,1.97602,0.384098,0
5.73908,1.9753,0.392912,0
5.73917,1.97455,0.401726,0
5.73925,1.97669,0.411153,0
5.73934,1.97097,0.418942,0
5.73943,1.98671,0.431357,0
5.73952,1.97895,0.438723,0
5.7396,1.98385,0.448899,0
5.73969,1.97505,0.455976,0
5.73978,1.98764,0.468027,0
5.73986,1.9778,0.474828,0
5.73995,1.97862,0.484166,0
5.74004,1.9794,0.493521,0
5.74013,1.96851,0.499937,0
5.74021,1.97212,0.510024,0
5.7403,1.97664,0.520406,0
5.74039,1.98498,0.531873,0
5.74047,1.97492,0.538425,0
5.74056,1.9793,0.548908,0
5.74065,1.98362,0.559439,0
5.74074,1.97924,0.567537,0
5.74082,1.98634,0.578966,0
5.74091,1.9838,0.587628,0
5.741,1.98217,0.596566,0
5.74109,1.97381,0.603455,0
5.74117,1.98262,0.61562,0
5.74126,1.98564,0.626069,0
5.74135,1.98479,0.635337,0
5.74143,1.98676,0.645536,0
5.74152,1.98582,0.654826,0
5.74161,1.97725,0.66158,0
5.7417,1.97435,0.670201,0
5.74178,1.97519,0.680112,0
5.74187,1.98731,0.693999,0
5.74196,1.98332,0.70233,0
5.74205,1.97835,0.710301,0
5.74213,1.98745,0.723373,0
5.74222,1.97865,0.729961,0
5.74231,1.98668,0.74279,0
5.74239,1.98155,0.750743,0
5.74248,1.98479,0.76189,0
5.74257,1.98145,0.770543,0
5.74266,1.99202,0.784679,0
5.74274,1.98115,0.790399,0
5.74283,1.98046,0.80016,0
5.74292,1.98436,0.811823,0
5.74301,1.98819,0.823535,0
5.74309,1.98365,0.831815,0
5.74318,1.98461,0.842416,0
5.74327,1.98551,0.853041,0
5.74335,1.9726,0.857709,0
5.74344,1.99446,0.877585,0
5.74353,1.99701,0.889126,0
5.74362,2.00314,0.902349,0
5.7437,1.991,0.907349,0
5.74379,1.98157,0.913515,0
5.74388,1.99025,0.92807,0
5.74397,1.99251,0.939731,0
5.74405,1.9893,0.948846,0
5.74414,1.98154,0.95578,0
5.74423,1.98454,0.967923,0
5.74431,1.98657,0.979669,0
5.7444,1.99033,0.992344,0
5.74449,1.98509,1.00057,0
5.74458,1.98427,1.01104,0
5.74466,1.98606,1.02289,0
5.74475,1.98158,1.03155,0
5.74484,1.98149,1.04251,0
5.74493,1.9778,1.05162,0
5.74501,1.98817,1.06828,0
5.7451,1.97822,1.07408,0
5.74519,1.98842,1.09088,0
5.74527,1.98801,1.10197,0
5.74536,1.98057,1.10917,0
5.74545,1.97919,1.11977,0
5.74554,1.98297,1.13336,0
5.74562,1.9858,1.1465,0
5.74571,1.97905,1.15415,0
5.7458,1.98606,1.16988,0
5.74589,1.98351,1.18006,0
5.74597,1.98349,1.1918,0
5.74606,1.9834,1.20355,0
5.74615,1.98665,1.21742,0
5.74623,1.98642,1.22924,0
5.74632,1.98613,1.24107,0
5.74641,1.99423,1.25826,0
5.7465,1.9786,1.2605,0
5.74658,1.9899,1.27995,0
5.74667,1.99184,1.29352,0
5.74676,1.99287,1.30658,0
5.74685,1.98715,1.31527,0
5.74693,1.98389,1.32559,0
5.74702,1.98637,1.33983,0
5.74711,1.98712,1.35298,0
5.74719,1.98532,1.36447,0
5.74728,1.99249,1.38224,0
5.74737,1.98481,1.38978,0
5.74746,1.98934,1.40593,0
5.74754,1.99377,1.42214,0
5.74763,1.98998,1.43258,0
5.74772,1.98937,1.44536,0
5.74781,1.99272,1.46113,0
5.74789,1.99035,1.47278,0
5.74798,1.99432,1.48923,0
5.74807,1.99419,1.50273,0
5.74815,1.99717,1.51868,0
5.74824,1.99132,1.52799,0
5.74833,1.99017,1.54095,0
5.74842,1.98973,1.55455,0
5.7485,2.00334,1.57931,0
5.74859,1.99252,1.58492,0
5.74868,1.99027,1.59736,0
5.74877,1.99338,1.61421,0
5.74885,1.99638,1.63111,0
5.74894,2.00005,1.64871,0
5.74903,1.98976,1.65487,0
5.74911,1.99631,1.6751,0
5.7492,1.99433,1.68832,0
5.74929,2.00367,1.7113,0
5.74938,1.99618,1.72002,0
5.74946,1.99696,1.73593,0
5.74955,1.99463,1.74924,0
5.74964,1.99222,1.76257,0
5.74973,1.99794,1.78323,0
5.74981,1.99609,1.79728,0
5.7499,1.99489,1.81203,0
5.74999,1.9995,1.8322,0
5.75007,1.99809,1.84702,0
5.75016,1.99879,1.8639,0
5.75025,2.00739,1.88836,0
5.75034,2.00058,1.89848,0
5.75042,2.00673,1.92102,0
5.75051,2.00264,1.93393,0
5.7506,1.99848,1.94684,0
5.75069,2.00352,1.96885,0
5.75077,2.00485,1.98743,0
5.75086,2.00323,2.00323,0
5.75095,2.00503,2.02261,0
5.75103,2.01161,2.04703,0
5.75112,1.99708,2.05006,0
5.75121,1.98325,2.05371,0
5.7513,1.96666,2.0544,0
5.75138,1.94736,2.05208,0
5.75147,1.93153,2.05328,0
5.75156,1.91642,2.0551,0
5.75165,1.90132,2.05684,0
5.75173,1.88287,2.05479,0
5.75182,1.8712,2.06003,0
5.75191,1.85617,2.06148,0
5.75199,1.8345,2.05539,0
5.75208,1.81889,2.05588,0
5.75217,1.80133,2.05403,0
5.75226,1.78579,2.05432,0
5.75234,1.76963,2.05376,0
5.75243,1.76065,2.06146,0
5.75252,1.7342,2.04852,0
5.75261,1.72524,2.05606,0
5.75269,1.70858,2.05435,0
5.75278,1.69706,2.05869,0
5.75287,1.67161,2.04595,0
5.75295,1.65889,2.04856,0
5.75304,1.65432,2.06123,0
5.75313,1.63535,2.05591,0
5.75322,1.62017,2.05517,0
5.7533,1.60503,2.05434,0
5.75339,1.59238,2.05658,0
5.75348,1.57304,2.05002,0
5.75356,1.56469,2.05767,0
5.75365,1.55389,2.06208,0
5.75374,1.53231,2.05201,0
5.75383,1.52513,2.06109,0
5.75391,1.50902,2.05805,0
5.754,1.49356,2.05571,0
5.75409,1.47815,2.05328,0
5.75418,1.46918,2.05971,0
5.75426,1.45441,2.05794,0
5.75435,1.43566,2.05034,0
5.75444,1.42271,2.05083,0
5.75452,1.40865,2.0496,0
5.75461,1.39238,2.04498,0
5.7547,1.384,2.05187,0
5.75479,1.37337,2.05539,0
5.75487,1.36163,2.0572,0
5.75496,1.35099,2.06061,0
5.75505,1.33491,2.05558,0
5.75514,1.3216,2.05466,0
5.75522,1.31209,2.05956,0
5.75531,1.29935,2.05935,0
5.7554,1.28611,2.05821,0
5.75548,1.27344,2.05785,0
5.75557,1.25922,2.05486,0
5.75566,1.24972,2.05948,0
5.75575,1.23712,2.05892,0
5.75583,1.2225,2.05484,0
5.75592,1.21505,2.06274,0
5.75601,1.20301,2.06284,0
5.7561,1.184,2.05075,0
5.75618,1.17107,2.04895,0
5.75627,1.16655,2.06187,0
5.75636,1.15217,2.05735,0
5.75644,1.14367,2.06323,0
5.75653,1.13225,2.06381,0
5.75662,1.11751,2.05819,0
5.75671,1.10899,2.06393,0
5.75679,1.09903,2.06698,0
5.75688,1.08488,2.06202,0
5.75697,1.07449,2.06407,0
5.75706,1.06227,2.06252,0
5.75714,1.04963,2.06001,0
5.75723,1.03883,2.061,0
5.75732,1.02759,2.06103,0
5.7574,1.01638,2.06101,0
5.75749,1.00168,2.05374,0
5.75758,0.996183,2.0653,0
5.75767,0.979843,2.05428,0
5.75775,0.970444,2.05764,0
5.75784,0.962302,2.06366,0
5.75793,0.953707,2.06875,0
5.75802,0.93928,2.06106,0
5.7581,0.928635,2.06149,0
5.75819,0.917598,2.06096,0
5.75828,0.906583,2.06037,0
5.75836,0.895989,2.06063,0
5.75845,0.885016,2.05993,0
5.75854,0.876019,2.06377,0
5.75863,0.865459,2.06389,0
5.75871,0.853767,2.06118,0
5.7588,0.842115,2.0584,0
5.75889,0.833125,2.06206,0
5.75898,0.82449,2.0666,0
5.75906,0.8118,2.06087,0
5.75915,0.803163,2.06533,0
5.75924,0.794143,2.06881,0
5.75932,0.782629,2.06571,0
5.75941,0.772207,2.06536,0
5.7595,0.762842,2.06777,0
5.75959,0.747314,2.05323,0
5.75967,0.736996,2.0527,0
5.75976,0.730703,2.06344,0
5.75985,0.720374,2.06283,0
5.75994,0.710064,2.06218,0
5.76002,0.701702,2.06715,0
5.76011,0.69109,2.06545,0
5.7602,0.681131,2.0656,0
5.76028,0.671185,2.06569,0
5.76037,0.661251,2.06575,0
5.76046,0.648923,2.05812,0
5.76055,0.640826,2.0638,0
5.76063,0.629184,2.05797,0
5.76072,0.61674,2.0492,0
5.76081,0.610917,2.06242,0
5.7609,0.600793,2.06123,0
5.76098,0.592069,2.06479,0
5.76107,0.580611,2.05869,0
5.76116,0.570019,2.05542,0
5.76124,0.559731,2.05307,0
5.76133,0.55439,2.06901,0
5.76142,0.543575,2.06464,0
5.76151,0.535563,2.07087,0
5.76159,0.52406,2.06349,0
5.76168,0.512391,2.05509,0
5.76177,0.50532,2.06507,0
5.76186,0.496071,2.06629,0
5.76194,0.485447,2.06162,0
5.76203,0.476221,2.06274,0
5.76212,0.469424,2.07455,0
5.7622,0.457986,2.06584,0
5.76229,0.447483,2.06098,0
5.76238,0.439525,2.0678,0
5.76247,0.431313,2.07362,0
5.76255,0.419869,2.06372,0
5.76264,0.41125,2.0675,0
5.76273,0.401653,2.06633,0
5.76282,0.39282,2.06904,0
5.7629,0.380872,2.055,0
5.76299,0.37208,2.05763,0
5.76308,0.363446,2.0612,0
5.76316,0.353263,2.05587,0
5.76325,0.34561,2.06528,0
5.76334,0.335309,2.05887,0
5.76343,0.327417,2.06723,0
5.76351,0.318699,2.07062,0
5.7636,0.308478,2.06408,0
5.76369,0.298752,2.06045,0
5.76378,0.290176,2.06471,0
5.76386,0.280895,2.06397,0
5.76395,0.271233,2.06022,0
5.76404,0.262494,2.06337,0
5.76412,0.253732,2.06648,0
5.76421,0.243655,2.05863,0
5.7643,0.234557,2.05868,0
5.76439,0.225028,2.05471,0
5.76447,0.217106,2.06562,0
5.76456,0.208291,2.06854,0
5.76465,0.198401,2.06047,0
5.76474,0.1895,2.06231,0
5.76482,0.180064,2.05814,0
5.76491,0.171579,2.06488,0
5.765,0.162646,2.06661,0
5.76508,0.153405,2.06431,0
5.76517,0.144047,2.05997,0
5.76526,0.135188,2.06257,0
5.76535,0.126615,2.07013,0
5.76543,0.117014,2.06068,0
5.76552,0.108126,2.06317,0
5.76561,0.098979,2.06062,0
5.7657,0.0899433,2.06004,0
5.76578,0.0807183,2.05441,0
5.76587,0.0718232,2.05675,0
5.76596,0.0628178,2.05604,0
5.76604,0.0540031,2.06229,0
5.76613,0.0450042,2.06251,0
5.76622,0.0359869,2.06169,0
5.76631,0.0271086,2.07082,0
5.76639,0.0179331,2.05492,0
5.76648,0.00901031,2.06498,0
5.76657,7.49113e-08,2.059,0
5.76665,-0.00900143,2.06298,0
5.76674,-0.0179504,2.05692,0
5.76683,-0.0270299,2.06482,0
5.76692,-0.0360566,2.06569,0
5.767,-0.0449386,2.05951,0
5.76709,-0.0541339,2.06729,0
5.76718,-0.0628787,2.05804,0
5.76727,-0.0719278,2.05974,0
5.76735,-0.0809537,2.06041,0
5.76744,-0.0898122,2.05704,0
5.76753,-0.0991227,2.06362,0
5.76761,-0.107812,2.05718,0
5.7677,-0.1169,2.05868,0
5.76779,-0.126248,2.06414,0
5.76788,-0.134861,2.05759,0
5.76796,-0.144256,2.06296,0
5.76805,-0.153404,2.06431,0
5.76814,-0.161939,2.05764,0
5.76823,-0.170999,2.05791,0
5.76831,-0.180238,2.06013,0
5.7684,-0.189957,2.06729,0
5.76849,-0.198976,2.06644,0
5.76857,-0.20799,2.06555,0
5.76866,-0.217106,2.06562,0
5.76875,-0.226334,2.06664,0
5.76884,-0.23467,2.05967,0
5.76892,-0.244713,2.06757,0
5.76901,-0.252026,2.05259,0
5.7691,-0.260348,2.04651,0
5.76919,-0.27293,2.07311,0
5.76927,-0.282108,2.07289,0
5.76936,-0.290315,2.0657,0
5.76945,-0.299469,2.0654,0
5.76953,-0.309069,2.06803,0
5.76962,-0.317329,2.06172,0
5.76971,-0.327261,2.06624,0
5.7698,-0.336273,2.0648,0
5.76988,-0.346105,2.06824,0
5.76997,-0.354618,2.06375,0
5.77006,-0.363272,2.06022,0
5.77015,-0.371902,2.05664,0
5.77023,-0.381966,2.0609,0
5.77032,-0.393006,2.07002,0
5.77041,-0.402034,2.06829,0
5.77049,-0.411445,2.06848,0
5.77058,-0.420068,2.0647,0
5.77067,-0.427648,2.056,0
5.77076,-0.43807,2.06096,0
5.77084,-0.44918,2.0688,0
5.77093,-0.458419,2.0678,0
5.77102,-0.469865,2.0765,0
5.77111,-0.476446,2.06372,0
5.77119,-0.487051,2.06843,0
5.77128,-0.497005,2.07018,0
5.77137,-0.506984,2.07187,0
5.77145,-0.514568,2.06382,0
5.77154,-0.525291,2.06834,0
5.77163,-0.534812,2.06796,0
5.77172,-0.542811,2.06174,0
5.7718,-0.553355,2.06515,0
5.77189,-0.563676,2.06754,0
5.77198,-0.573226,2.06699,0
5.77207,-0.582783,2.06639,0
5.77215,-0.590415,2.05902,0
5.77224,-0.598834,2.05451,0
5.77233,-0.612905,2.06913,0
5.77241,-0.623369,2.07123,0
5.7725,-0.633277,2.07136,0
5.77259,-0.643792,2.07335,0
5.77268,-0.655539,2.0791,0
5.77276,-0.216759,0.677153,0
5.77285,-0.225273,0.69332,0
5.77294,-0.241449,0.732218,0
5.77303,-0.237027,0.708398,0
5.77311,-0.232722,0.685577,0
5.7732,-0.229851,0.667536,0
5.77329,-0.229465,0.657086,0
5.77337,-0.229659,0.648537,0
5.77346,-0.233163,0.649411,0
5.77355,-0.227785,0.625835,0
5.77364,-0.227745,0.61733,0
5.77372,-0.228335,0.61071,0
5.77381,-0.228163,0.602227,0
5.7739,-0.226489,0.590023,0
5.77399,-0.230148,0.591825,0
5.77407,-0.228697,0.580581,0
5.77416,-0.226781,0.568431,0
5.77425,-0.224389,0.555383,0
5.77433,-0.228325,0.558101,0
5.77442,-0.228079,0.550632,0
5.77451,-0.226226,0.539488,0
5.7746,-0.226624,0.533893,0
5.77468,-0.228162,0.531061,0
5.77477,-0.226091,0.519973,0
5.77486,-0.226344,0.514405,0
5.77495,-0.226959,0.509758,0
5.77503,-0.227127,0.504204,0
5.77512,-0.230984,0.506848,0
5.77521,-0.229844,0.498571,0
5.77529,-0.23244,0.498469,0
5.77538,-0.237599,0.503781,0
5.77547,-0.231184,0.484688,0
5.77556,-0.21505,0.445846,0
5.77564,-0.21524,0.441308,0
5.77573,-0.209203,0.424221,0
5.77582,-0.214175,0.429568,0
5.77591,-0.214247,0.425058,0
5.77599,-0.217007,0.425901,0
5.77608,-0.216574,0.420505,0
5.77617,-0.218869,0.420443,0
5.77625,-0.21232,0.403554,0
5.77634,-0.208915,0.392912,0
5.77643,-0.214414,0.399044,0
5.77652,-0.217107,0.399862,0
5.7766,-0.220774,0.402418,0
5.77669,-0.222528,0.40145,0
5.77678,-0.221345,0.395241,0
5.77687,-0.226022,0.399493,0
5.77695,-0.229252,0.401108,0
5.77704,-0.2305,0.399238,0
5.77713,-0.23224,0.398228,0
5.77721,-0.23702,0.402381,0
5.7773,-0.23315,0.391889,0
5.77739,-0.242583,0.403726,0
5.77748,-0.247455,0.407793,0
5.77756,-0.249754,0.407562,0
5.77765,-0.247321,0.399666,0
5.77774,-0.241113,0.385862,0
5.77783,-0.243862,0.386498,0
5.77791,-0.238561,0.374466,0
5.778,-0.23857,0.370898,0
5.77809,-0.236918,0.364822,0
5.77817,-0.233573,0.356258,0
5.77826,-0.231262,0.349398,0
5.77835,-0.216117,0.323442,0
5.77844,-0.227591,0.337418,0
5.77852,-0.225685,0.331463,0
5.77861,-0.23166,0.337068,0
5.7787,-0.230279,0.331945,0
5.77878,-0.234019,0.334214,0
5.77887,-0.225087,0.31849,0
5.77896,-0.223571,0.313434,0
5.77905,-0.22961,0.318949,0
5.77913,-0.237465,0.326843,0
5.77922,-0.224106,0.305643,0
5.77931,-0.224248,0.303054,0
5.7794,-0.222577,0.298066,0
5.77948,-0.23531,0.312266,0
5.77957,-0.22638,0.297705,0
5.77966,-0.230112,0.299888,0
5.77974,-0.233867,0.302043,0
5.77983,-0.227795,0.291564,0
5.77992,-0.228446,0.289782,0
5.78001,-0.219748,0.276261,0
5.78009,-0.212814,0.265161,0
5.78018,-0.216486,0.267338,0
5.78027,-0.222712,0.272586,0
5.78036,-0.237893,0.288588,0
5.78044,-0.225083,0.270632,0
5.78053,-0.224976,0.268116,0
5.78062,-0.22679,0.267895,0
5.7807,-0.22406,0.26234,0
5.78079,-0.233035,0.270451,0
5.78088,-0.236837,0.27245,0
5.78097,-0.228134,0.260137,0
5.78105,-0.230592,0.260637,0
5.78114,-0.229063,0.256644,0
5.78123,-0.236872,0.263073,0
5.78132,-0.233311,0.256856,0
5.7814,-0.231052,0.252149,0
5.78149,-0.207713,0.224703,0
5.78158,-0.196416,0.21063,0
5.78166,-0.185685,0.197389,0
5.78175,-0.296681,0.312636,0
5.78184,-0.289052,0.301948,0
5.78193,-0.154909,0.160413,0
5.78201,-0.125602,0.128934,0
5.7821,-0.128967,0.131238,0
5.78219,-0.0675854,0.0681778,0
5.78228,-0.0424264,0.0424264,0
