7200
904
0.785398
0.801106,-0.0367696,-0.0367696,0
0.801193,-0.0422409,-0.0426111,0
0.801281,-0.03855,-0.0392288,0
0.801368,-0.0362851,-0.0372477,0
0.801455,-0.0215344,-0.0222995,0
0.801542,-0.0401078,-0.0418971,0
0.80163,-0.0702122,-0.0739882,0
0.801717,-0.0459073,-0.0488009,0
0.801804,-0.0463759,-0.0497321,0
0.801891,-0.0278308,-0.0301072,0
0.801979,-0.0810708,-0.0884733,0
0.802066,-0.12775,-0.140641,0
0.802153,-0.152562,-0.169437,0
0.802241,-0.185781,-0.20815,0
0.802328,-0.0967425,-0.109348,0
0.802415,-0.11077,-0.126309,0
0.802502,-0.117435,-0.135093,0
0.80259,-0.331602,-0.384843,0
0.802677,-0.339661,-0.397692,0
0.802764,-0.349553,-0.412909,0
0.802851,-0.350319,-0.417494,0
0.802939,-0.351691,-0.422863,0
0.803026,-0.346663,-0.420535,0
0.803113,-0.284085,-0.347702,0
0.8032,-0.350531,-0.43287,0
0.803288,-0.291054,-0.362646,0
0.803375,-0.295694,-0.371739,0
0.803462,-0.295308,-0.374596,0
0.80355,-0.288745,-0.369577,0
0.803637,-0.289579,-0.373996,0
0.803724,-0.294032,-0.38319,0
0.803811,-0.295989,-0.389245,0
0.803899,-0.300306,-0.398519,0
0.803986,-0.299162,-0.400627,0
0.804073,-0.30098,-0.406752,0
0.80416,-0.295064,-0.402416,0
0.804248,-0.295068,-0.406126,0
0.804335,-0.29972,-0.416337,0
0.804422,-0.300804,-0.421712,0
0.804509,-0.303001,-0.428737,0
0.804597,-0.295392,-0.421863,0
0.804684,-0.295258,-0.425613,0
0.804771,-0.305293,-0.444204,0
0.804859,-0.306729,-0.450491,0
0.804946,-0.296931,-0.440219,0
0.805033,-0.300008,-0.448994,0
0.80512,-0.29915,-0.451966,0
0.805208,-0.296078,-0.451595,0
0.805295,-0.300096,-0.462107,0
0.805382,-0.2997,-0.465936,0
0.805469,-0.291754,-0.457962,0
0.805557,-0.301492,-0.477836,0
0.805644,-0.304704,-0.487628,0
0.805731,-0.302047,-0.488102,0
0.805818,-0.296779,-0.4843,0
0.805906,-0.301407,-0.496704,0
0.805993,-0.291512,-0.485157,0
0.80608,-0.29246,-0.49158,0
0.806168,-0.29894,-0.5075,0
0.806255,-0.296219,-0.507935,0
0.806342,-0.2985,-0.517017,0
0.806429,-0.296737,-0.519183,0
0.806517,-0.296931,-0.524824,0
0.806604,-0.301968,-0.539203,0
0.806691,-0.296703,-0.535267,0
0.806778,-0.299656,-0.546201,0
0.806866,-0.300133,-0.552776,0
0.806953,-0.302451,-0.562889,0
0.80704,-0.296237,-0.55714,0
0.807127,-0.302184,-0.574357,0
0.807215,-0.296904,-0.570348,0
0.807302,-0.301281,-0.584973,0
0.807389,-0.298272,-0.585391,0
0.807477,-0.295715,-0.586687,0
0.807564,-0.298506,-0.598711,0
0.807651,-0.29766,-0.603595,0
0.807738,-0.298531,-0.612079,0
0.807826,-0.298898,-0.61968,0
0.807913,-0.299205,-0.627297,0
0.808,-0.298172,-0.632214,0
0.808087,-0.291607,-0.625352,0
0.808175,-0.28427,-0.616629,0
0.808262,-0.290285,-0.636973,0
0.808349,-0.296128,-0.65738,0
0.808436,-0.294477,-0.661407,0
0.808524,-0.298838,-0.679161,0
0.808611,-0.291486,-0.670371,0
0.808698,-0.298426,-0.694606,0
0.808786,-0.28875,-0.680253,0
0.808873,-0.292353,-0.697184,0
0.80896,-0.293135,-0.707692,0
0.809047,-0.294967,-0.720996,0
0.809135,-0.287698,-0.712077,0
0.809222,-0.2857,-0.716112,0
0.809309,-0.285138,-0.723865,0
0.809396,-0.278715,-0.716714,0
0.809484,-0.263042,-0.685248,0
0.809571,-0.256152,-0.676103,0
0.809658,-0.263006,-0.703441,0
0.809745,-0.268241,-0.727098,0
0.809833,-0.268144,-0.736719,0
0.80992,-0.270333,-0.752941,0
0.810007,-0.262706,-0.741859,0
0.810095,-0.262763,-0.752439,0
0.810182,-0.25785,-0.748851,0
0.810269,-0.258116,-0.760385,0
0.810356,-0.252575,-0.754866,0
0.810444,-0.252097,-0.764508,0
0.810531,-0.24845,-0.764649,0
0.810618,-0.250903,-0.783822,0
0.810705,-0.245376,-0.778233,0
0.810793,-0.244943,-0.788846,0
0.81088,-0.245008,-0.801383,0
0.810967,-0.238627,-0.792869,0
0.811054,-0.240561,-0.81212,0
0.811142,-0.239534,-0.821803,0
0.811229,-0.235394,-0.820917,0
0.811316,-0.223938,-0.794026,0
0.811404,-0.216998,-0.782468,0
0.811491,-0.207532,-0.761217,0
0.811578,-0.21249,-0.793025,0
0.811665,-0.23347,-0.886781,0
0.811753,-0.247125,-0.955562,0
0.81184,-0.250584,-0.986677,0
0.811927,-0.252566,-1.01299,0
0.812014,-0.252422,-1.03157,0
0.812102,-0.25002,-1.04141,0
0.812189,-0.253266,-1.07558,0
0.812276,-0.253745,-1.09909,0
0.812363,-0.253361,-1.11969,0
0.812451,-0.249338,-1.12469,0
0.812538,-0.254613,-1.17268,0
0.812625,-0.255939,-1.2041,0
0.812713,-0.260051,-1.25024,0
0.8128,-0.251403,-1.23569,0
0.812887,-0.253617,-1.27502,0
0.812974,-0.256447,-1.31931,0
0.813062,-0.26188,-1.37936,0
0.813149,-0.276816,-1.49356,0
0.813236,-0.275279,-1.52231,0
0.813323,-0.264813,-1.50183,0
0.813411,-0.259613,-1.51086,0
0.813498,-0.259125,-1.54847,0
0.813585,-0.254938,-1.56538,0
0.813672,-0.25577,-1.61487,0
0.81376,-0.255111,-1.65748,0
0.813847,-0.245659,-1.64374,0
0.813934,-0.239346,-1.65074,0
0.814022,-0.231167,-1.64484,0
0.814109,-0.223853,-1.64484,0
0.814196,-0.216935,-1.64778,0
0.814283,-0.209743,-1.64871,0
0.814371,-0.201938,-1.64465,0
0.814458,-0.195112,-1.64849,0
0.814545,-0.187917,-1.64933,0
0.814632,-0.180284,-1.64616,0
0.81472,-0.173413,-1.64991,0
0.814807,-0.166012,-1.64866,0
0.814894,-0.158433,-1.64539,0
0.814981,-0.150978,-1.64308,0
0.815069,-0.144243,-1.6487,0
0.815156,-0.137379,-1.6533,0
0.815243,-0.130164,-1.65389,0
0.815331,-0.119241,-1.60458,0
0.815418,-0.10889,-1.5572,0
0.815505,-0.102945,-1.57063,0
0.815592,-0.099387,-1.62496,0
0.81568,-0.0974549,-1.71624,0
0.815767,-0.0960365,-1.83249,0
0.815854,-0.0897671,-1.86885,0
0.815941,-0.0748509,-1.71437,0
0.816029,-0.0673306,-1.71368,0
0.816116,-0.0621211,-1.77892,0
0.816203,-0.0553663,-1.81215,0
0.81629,-0.0470138,-1.79538,0
0.816378,-0.037827,-1.73359,0
0.816465,-0.0294597,-1.68774,0
0.816552,-0.0220429,-1.68386,0
0.81664,-0.014617,-1.67494,0
0.816727,-0.00733911,-1.68198,0
0.816814,-2.02139e-08,-1.678,0
0.816901,0.0072998,-1.67298,0
0.816989,0.0146257,-1.67594,0
0.817076,0.0220559,-1.68486,0
0.817163,0.0291804,-1.67175,0
0.81725,0.0369108,-1.6916,0
0.817338,0.0443176,-1.69242,0
0.817425,0.0521598,-1.7072,0
0.817512,0.0602714,-1.72595,0
0.817599,0.0698039,-1.77663,0
0.817687,0.0811757,-1.85923,0
0.817774,0.0896231,-1.86585,0
0.817861,0.0986009,-1.88142,0
0.817949,0.134248,-2.36419,0
0.818036,0.145601,-2.38055,0
0.818123,0.157229,-2.39885,0
0.81821,0.168043,-2.40313,0
0.818298,0.178676,-2.40437,0
0.818385,0.189008,-2.40157,0
0.818472,0.200147,-2.4087,0
0.818559,0.209522,-2.39485,0
0.818647,0.220885,-2.40387,0
0.818734,0.230892,-2.39791,0
0.818821,0.240652,-2.38991,0
0.818908,0.250868,-2.38685,0
0.818996,0.262805,-2.39965,0
0.819083,0.272933,-2.3955,0
0.81917,0.2835,-2.39528,0
0.819258,0.294193,-2.39601,0
0.819345,0.306159,-2.4066,0
0.819432,0.314829,-2.39137,0
0.819519,0.324856,-2.387,0
0.819607,0.337912,-2.40437,0
0.819694,0.349261,-2.40881,0
0.819781,0.358142,-2.39639,0
0.819868,0.367682,-2.38887,0
0.819956,0.382326,-2.41391,0
0.820043,0.391247,-2.40235,0
0.82013,0.403541,-2.41147,0
0.820217,0.411689,-2.39589,0
0.820305,0.423702,-2.40293,0
0.820392,0.436318,-2.41287,0
0.820479,0.446113,-2.40701,0
0.820567,0.457357,-2.40897,0
0.820654,0.46691,-2.40204,0
0.820741,0.478557,-2.40587,0
0.820828,0.490445,-2.41061,0
0.820916,0.499533,-2.4016,0
0.821003,0.509592,-2.39744,0
0.82109,0.518774,-2.38933,0
0.821177,0.533091,-2.40462,0
0.821265,0.544902,-2.40812,0
0.821352,0.555404,-2.40572,0
0.821439,0.569563,-2.41885,0
0.821526,0.578011,-2.40759,0
0.821614,0.583994,-2.38659,0
0.821701,0.591983,-2.37431,0
0.821788,0.603076,-2.37462,0
0.821876,0.615184,-2.37874,0
0.821963,0.623011,-2.36636,0
0.82205,0.636436,-2.37521,0
0.822137,0.642322,-2.35601,0
0.822225,0.656872,-2.3686,0
0.822312,0.665843,-2.3609,0
0.822399,0.6811,-2.37528,0
0.822486,0.695655,-2.38668,0
0.822574,0.710322,-2.39801,0
0.822661,0.723084,-2.40255,0
0.822748,0.739116,-2.41754,0
0.822835,0.752326,-2.42289,0
0.822923,0.76259,-2.41863,0
0.82301,0.771611,-2.41051,0
0.823097,0.778723,-2.39666,0
0.823185,0.790739,-2.39799,0
0.823272,0.80405,-2.40305,0
0.823359,0.817421,-2.40804,0
0.823446,0.831175,-2.41391,0
0.823534,0.841371,-2.40932,0
0.823621,0.854212,-2.41222,0
0.823708,0.863715,-2.40565,0
0.823795,0.877966,-2.41219,0
0.823883,0.889175,-2.41021,0
0.82397,0.902134,-2.41287,0
0.824057,0.914779,-2.41452,0
0.824144,0.922439,-2.40304,0
0.824232,0.939077,-2.41483,0
0.824319,0.947772,-2.40606,0
0.824406,0.961226,-2.40933,0
0.824493,0.972104,-2.40604,0
0.824581,0.986001,-2.41011,0
0.824668,0.994594,-2.40116,0
0.824755,1.00738,-2.40233,0
0.824843,1.02059,-2.40436,0
0.82493,1.02989,-2.39713,0
0.825017,1.04991,-2.41462,0
0.825104,1.05922,-2.40727,0
0.825192,1.07338,-2.41085,0
0.825279,1.07732,-2.39155,0
0.825366,1.09769,-2.40867,0
0.825453,1.10652,-2.40022,0
0.825541,1.12416,-2.41078,0
0.825628,1.13595,-2.40856,0
0.825715,1.1443,-2.39907,0
0.825802,1.1591,-2.40306,0
0.82589,1.16519,-2.38899,0
0.825977,1.18445,-2.40183,0
0.826064,1.19804,-2.4029,0
0.826152,1.21482,-2.41015,0
0.826239,1.21896,-2.39235,0
0.826326,1.23855,-2.40479,0
0.826413,1.26011,-2.42065,0
0.826501,1.2688,-2.41159,0
0.826588,1.27415,-2.39632,0
0.826675,1.30826,-2.43478,0
0.826762,1.32173,-2.43432,0
0.82685,1.33186,-2.42766,0
0.826937,1.3405,-2.41832,0
0.827024,1.3613,-2.43077,0
0.827111,1.3778,-2.43526,0
0.827199,1.38047,-2.41533,0
0.827286,1.382,-2.39369,0
0.827373,1.3884,-2.38073,0
0.827461,1.39269,-2.36431,0
0.827548,1.40197,-2.35649,0
0.827635,1.42151,-2.36578,0
0.827722,1.43752,-2.36896,0
0.82781,1.43374,-2.33964,0
0.827897,1.43604,-2.32061,0
0.827984,1.44774,-2.31687,0
0.828071,1.45944,-2.31307,0
0.828159,1.4765,-2.31764,0
0.828246,1.48497,-2.30865,0
0.828333,1.62575,-2.50343,0
0.82842,1.6372,-2.49715,0
0.828508,1.64477,-2.48498,0
0.828595,1.65338,-2.47445,0
0.828682,1.84869,-2.7408,0
0.82877,1.85838,-2.7294,0
0.828857,1.86404,-2.7122,0
0.828944,1.8029,-2.59887,0
0.829031,1.82627,-2.60818,0
0.829119,1.84052,-2.60427,0
0.829206,1.85593,-2.60191,0
0.829293,1.87486,-2.60434,0
0.82938,1.89208,-2.60423,0
0.829468,1.9052,-2.59836,0
0.829555,1.92842,-2.6061,0
0.829642,1.94515,-2.60488,0
0.829729,1.9559,-2.59557,0
0.829817,1.97931,-2.60293,0
0.829904,1.99065,-2.59427,0
0.829991,2.01787,-2.60611,0
0.830079,2.02922,-2.59728,0
0.830166,2.04796,-2.59783,0
0.830253,2.06239,-2.59278,0
0.83034,2.08933,-2.60325,0
0.830428,2.09815,-2.591,0
0.830515,2.12969,-2.60661,0
0.830602,2.14295,-2.5996,0
0.830689,2.16002,-2.59715,0
0.830777,2.18162,-2.59995,0
0.830864,2.20199,-2.6011,0
0.830951,2.22826,-2.60895,0
0.831038,2.23701,-2.59618,0
0.831126,2.25094,-2.58941,0
0.831213,2.26617,-2.58407,0
0.8313,2.26152,-2.55619,0
0.831388,2.25601,-2.52764,0
0.831475,2.27504,-2.52669,0
0.831562,2.28067,-2.51082,0
0.831649,2.26998,-2.47725,0
0.831737,2.27262,-2.45851,0
0.831824,2.06714,-2.21673,0
0.831911,2.01444,-2.14141,0
0.831998,2.00931,-2.11737,0
0.832086,2.00954,-2.09919,0
0.832173,2.01173,-2.08321,0
0.83226,2.0201,-2.07369,0
0.832347,2.01021,-2.0456,0
0.832435,2.01559,-2.03326,0
0.832522,2.0103,-2.0103,0
0.832609,2.00556,-1.98814,0
0.832697,2.00994,-1.97516,0
0.832784,2.01138,-1.9594,0
0.832871,2.00768,-1.93879,0
0.832958,2.00528,-1.91964,0
0.833046,2.00856,-1.90605,0
0.833133,2.00448,-1.88562,0
0.83322,2.01342,-1.87754,0
0.833307,2.0047,-1.85313,0
0.833395,2.00982,-1.84166,0
0.833482,2.00155,-1.81808,0
0.833569,2.00575,-1.80598,0
0.833656,2.00839,-1.79255,0
0.833744,2.0072,-1.77582,0
0.833831,2.00741,-1.76045,0
0.833918,2.01357,-1.75037,0
0.834006,2.01361,-1.73504,0
0.834093,2.00671,-1.71389,0
0.83418,1.99738,-1.69091,0
0.834267,1.99555,-1.67446,0
0.834355,2.00514,-1.66766,0
0.834442,1.99696,-1.64617,0
0.834529,2.00335,-1.63681,0
0.834616,2.00815,-1.62616,0
0.834704,2.00274,-1.60737,0
0.834791,1.99722,-1.58866,0
0.834878,1.99785,-1.57498,0
0.834965,1.99288,-1.55701,0
0.835053,1.99491,-1.54462,0
0.83514,1.99925,-1.53408,0
0.835227,1.99478,-1.51687,0
0.835315,1.99579,-1.50394,0
0.835402,1.99352,-1.48863,0
0.835489,1.99919,-1.47932,0
0.835576,1.99272,-1.46113,0
0.835664,1.99827,-1.45183,0
0.835751,1.9843,-1.42849,0
0.835838,1.99377,-1.42214,0
0.835925,1.99097,-1.40708,0
0.836013,2.00037,-1.40067,0
0.8361,1.99496,-1.38395,0
0.836187,2.00592,-1.37863,0
0.836274,1.99291,-1.35692,0
0.836362,1.99798,-1.34765,0
0.836449,1.98888,-1.32892,0
0.836536,1.99049,-1.31747,0
0.836624,1.99956,-1.31097,0
0.836711,1.9952,-1.2957,0
0.836798,1.99663,-1.28427,0
0.836885,1.98956,-1.26749,0
0.836973,1.99761,-1.2604,0
0.83706,1.99546,-1.2469,0
0.837147,1.99578,-1.23502,0
0.837234,1.99006,-1.21951,0
0.837322,1.98767,-1.20615,0
0.837409,1.98263,-1.19128,0
0.837496,1.99554,-1.18722,0
0.837583,1.99381,-1.17444,0
0.837671,1.98769,-1.15918,0
0.837758,1.99099,-1.1495,0
0.837845,1.99859,-1.14229,0
0.837933,1.99834,-1.1306,0
0.83802,1.99714,-1.11845,0
0.838107,1.99938,-1.10827,0
0.838194,2.01033,-1.10291,0
0.838282,1.98876,-1.07981,0
0.838369,1.98905,-1.06876,0
0.838456,1.99723,-1.06194,0
0.838543,2.00184,-1.05322,0
0.838631,1.99577,-1.03893,0
0.838718,1.99407,-1.02701,0
0.838805,1.99675,-1.01739,0
0.838892,1.99224,-1.00417,0
0.83898,1.98407,-0.989221,0
0.839067,1.98299,-0.9779,0
0.839154,1.99532,-0.973184,0
0.839242,1.99685,-0.963165,0
0.839329,1.99562,-0.95186,0
0.839416,1.99071,-0.938878,0
0.839503,1.99569,-0.930605,0
0.839591,1.99065,-0.917702,0
0.839678,1.99646,-0.909837,0
0.839765,1.98764,-0.895367,0
0.839852,1.99153,-0.886686,0
0.83994,1.99172,-0.876377,0
0.840027,2.00653,-0.872463,0
0.840114,1.99378,-0.856594,0
0.840201,1.99657,-0.847496,0
0.840289,1.98734,-0.833362,0
0.840376,1.99004,-0.8243,0
0.840463,1.98806,-0.813337,0
0.840551,1.99159,-0.804655,0
0.840638,1.99323,-0.795216,0
0.840725,1.99575,-0.786145,0
0.840812,1.98704,-0.772718,0
0.8409,1.98946,-0.763682,0
0.840987,1.98249,-0.751097,0
0.841074,1.9923,-0.744891,0
0.841161,1.99272,-0.735153,0
0.841249,1.99215,-0.725083,0
0.841336,1.98212,-0.711653,0
0.841423,1.98709,-0.703665,0
0.84151,1.98731,-0.693999,0
0.841598,1.98843,-0.68467,0
0.841685,1.99613,-0.677594,0
0.841772,1.98579,-0.664436,0
0.84186,1.98867,-0.655765,0
0.841947,1.982,-0.643991,0
0.842034,1.98765,-0.636252,0
0.842121,1.98659,-0.62637,0
0.842209,1.98835,-0.6174,0
0.842296,1.99103,-0.608718,0
0.842383,1.98983,-0.598872,0
0.84247,1.98859,-0.589048,0
0.842558,1.98538,-0.578686,0
0.842645,1.98693,-0.569742,0
0.842732,1.9817,-0.558896,0
0.842819,1.98508,-0.550511,0
0.842907,1.99229,-0.54316,0
0.842994,1.9956,-0.53472,0
0.843081,1.99405,-0.524989,0
0.843169,1.98858,-0.514281,0
0.843256,1.98208,-0.503384,0
0.843343,1.98911,-0.49594,0
0.84343,1.99222,-0.487494,0
0.843518,1.98947,-0.477629,0
0.843605,1.98764,-0.468027,0
0.843692,1.98479,-0.458225,0
0.843779,1.98872,-0.450002,0
0.843867,1.98871,-0.440888,0
0.843954,1.99453,-0.433055,0
0.844041,1.98466,-0.421853,0
0.844128,1.98355,-0.412578,0
0.844216,1.99121,-0.405116,0
0.844303,1.98217,-0.394278,0
0.84439,1.99368,-0.387533,0
0.844478,1.98258,-0.376406,0
0.844565,1.97733,-0.366476,0
0.844652,1.98973,-0.359802,0
0.844739,1.97749,-0.348686,0
0.844827,1.97505,-0.339376,0
0.844914,1.97849,-0.331086,0
0.845001,1.9888,-0.323896,0
0.845088,1.99217,-0.315528,0
0.845176,1.97672,-0.304247,0
0.845263,1.98495,-0.296654,0
0.84535,1.98128,-0.287272,0
0.845437,1.98549,-0.279042,0
0.845525,1.98074,-0.269567,0
0.845612,1.97595,-0.260139,0
0.845699,1.98203,-0.252146,0
0.845787,1.98211,-0.243373,0
0.845874,1.98415,-0.23484,0
0.845961,1.98218,-0.22584,0
0.846048,1.98115,-0.216972,0
0.846136,1.9781,-0.207907,0
0.846223,1.97402,-0.198773,0
0.84631,1.98084,-0.190733,0
0.846397,1.96871,-0.180899,0
0.846485,1.97247,-0.172568,0
0.846572,1.97619,-0.164209,0
0.846659,1.98387,-0.156134,0
0.846746,1.97854,-0.147031,0
0.846834,1.98216,-0.138606,0
0.846921,1.97776,-0.129629,0
0.847008,1.9773,-0.120937,0
0.847096,1.97482,-0.112138,0
0.847183,1.97928,-0.10373,0
0.84727,1.97372,-0.0948048,0
0.847357,1.97312,-0.0861483,0
0.847445,1.97847,-0.0777345,0
0.847532,1.98179,-0.0692058,0
0.847619,1.97808,-0.0604358,0
0.847706,1.97332,-0.0516733,0
0.847794,1.97453,-0.0430844,0
0.847881,1.9757,-0.034486,0
0.847968,1.97883,-0.0259044,0
0.848055,1.97392,-0.0172262,0
0.848143,1.96298,-0.00856522,0
0.84823,1.961,-4.74844e-08,0
0.848317,1.93398,0.00843859,0
0.848405,1.88193,0.0164233,0
0.848492,1.69785,0.0222261,0
0.848579,1.66675,0.0290931,0
0.848666,1.6646,0.0363217,0
0.848754,1.66043,0.0434799,0
0.848841,1.67222,0.0510909,0
0.848928,1.66499,0.0581425,0
0.849015,1.66072,0.0652498,0
0.849103,1.65143,0.0721028,0
0.84919,1.66208,0.0798356,0
0.849277,1.65473,0.0867206,0
0.849364,1.65833,0.0941667,0
0.849452,1.6589,0.101463,0
0.849539,1.65245,0.108308,0
0.849626,1.64598,0.115098,0
0.849714,1.66441,0.123687,0
0.849801,1.66685,0.131184,0
0.849888,1.66426,0.13829,0
0.849975,1.66564,0.145724,0
0.850063,1.7098,0.157108,0
0.85015,1.90519,0.183449,0
0.850237,1.94516,0.195868,0
0.850324,1.9602,0.206026,0
0.850412,1.9573,0.214359,0
0.850499,1.97025,0.224482,0
0.850586,1.96826,0.232959,0
0.850673,1.97914,0.243007,0
0.850761,1.97905,0.251767,0
0.850848,1.96802,0.259094,0
0.850935,1.97876,0.269297,0
0.851023,1.97856,0.278068,0
0.85111,1.97534,0.286411,0
0.851197,1.96814,0.294141,0
0.851284,1.97771,0.304399,0
0.851372,1.97933,0.313495,0
0.851459,1.97695,0.321967,0
0.851546,1.9775,0.33092,0
0.851633,1.97604,0.339546,0
0.851721,1.97749,0.348685,0
0.851808,1.97694,0.357489,0
0.851895,1.97733,0.366476,0
0.851982,1.96785,0.373608,0
0.85207,1.977,0.384289,0
0.852157,1.96942,0.391741,0
0.852244,1.97651,0.402125,0
0.852332,1.97473,0.410745,0
0.852419,1.97097,0.418942,0
0.852506,1.97401,0.428599,0
0.852593,1.97407,0.437641,0
0.852681,1.97117,0.446029,0
0.852768,1.9692,0.454626,0
0.852855,1.97304,0.464589,0
0.852942,1.97197,0.473427,0
0.85303,1.97862,0.484166,0
0.853117,1.96873,0.490859,0
0.853204,1.98208,0.503383,0
0.853291,1.97212,0.510024,0
0.853379,1.98244,0.521934,0
0.853466,1.97339,0.528767,0
0.853553,1.97106,0.537373,0
0.85364,1.97255,0.547037,0
0.853728,1.96822,0.555096,0
0.853815,1.97539,0.566435,0
0.853902,1.97194,0.574769,0
0.85399,1.9675,0.582799,0
0.854077,1.97164,0.593396,0
0.854164,1.96999,0.602286,0
0.854251,1.97212,0.612358,0
0.854339,1.97038,0.621258,0
0.854426,1.97813,0.633203,0
0.854513,1.97154,0.640592,0
0.8546,1.96873,0.649189,0
0.854688,1.97631,0.661263,0
0.854775,1.97814,0.671487,0
0.854862,1.97708,0.680763,0
0.854949,1.96937,0.687735,0
0.855037,1.98143,0.701662,0
0.855124,1.9727,0.708273,0
0.855211,1.97429,0.718584,0
0.855299,1.98146,0.730999,0
0.855386,1.97357,0.737887,0
0.855473,1.97033,0.746491,0
0.85556,1.97266,0.757231,0
0.855648,1.97865,0.769456,0
0.855735,1.98458,0.781747,0
0.855822,1.97929,0.789658,0
0.855909,1.98139,0.800534,0
0.855997,1.97973,0.809929,0
0.856084,1.98265,0.821239,0
0.856171,1.9772,0.829108,0
0.856258,1.97356,0.837727,0
0.856346,1.97173,0.84712,0
0.856433,1.98544,0.863292,0
0.85652,1.98165,0.871947,0
0.856608,1.98148,0.882212,0
0.856695,1.98217,0.892903,0
0.856782,1.98281,0.903616,0
0.856869,1.98157,0.913515,0
0.856957,1.97756,0.922153,0
0.857044,1.97623,0.932053,0
0.857131,1.9902,0.949277,0
0.857218,1.98424,0.957083,0
0.857306,1.97825,0.964855,0
0.857393,1.98657,0.979669,0
0.85748,1.98407,0.98922,0
0.857567,1.97527,0.995618,0
0.857655,1.97803,1.00786,0
0.857742,1.98162,1.0206,0
0.857829,1.9736,1.02739,0
0.857917,1.97175,1.03739,0
0.858004,1.97692,1.05115,0
0.858091,1.97408,1.06071,0
0.858178,1.96943,1.06931,0
0.858266,1.97877,1.08559,0
0.858353,1.97402,1.09422,0
0.85844,1.9762,1.10673,0
0.858527,1.97049,1.11485,0
0.858615,1.9656,1.12343,0
0.858702,1.96934,1.137,0
0.858789,1.97127,1.14961,0
0.858876,1.96882,1.15973,0
0.858964,1.96976,1.17188,0
0.859051,1.97577,1.18716,0
0.859138,1.96972,1.19525,0
0.859226,1.96704,1.2054,0
0.859313,1.97027,1.21924,0
0.8594,1.97595,1.23471,0
0.859487,1.97224,1.24439,0
0.859575,1.96932,1.25459,0
0.859662,1.96551,1.26426,0
0.859749,1.97507,1.28262,0
0.859836,1.96862,1.29068,0
0.859924,1.97297,1.30588,0
0.860011,1.97391,1.31892,0
0.860098,1.97062,1.3292,0
0.860185,1.9648,1.33779,0
0.860273,1.96966,1.35371,0
0.86036,1.97524,1.37027,0
0.860447,1.97252,1.38117,0
0.860535,1.97056,1.39265,0
0.860622,1.96853,1.40414,0
0.860709,1.96888,1.41739,0
0.860796,1.96915,1.43067,0
0.860884,1.97498,1.44812,0
0.860971,1.96784,1.45613,0
0.861058,1.96948,1.47068,0
0.861145,1.97263,1.48648,0
0.861233,1.97647,1.50294,0
0.86132,1.96831,1.51034,0
0.861407,1.96486,1.52136,0
0.861494,1.96609,1.53608,0
0.861582,1.96643,1.55021,0
0.861669,1.95809,1.55753,0
0.861756,1.95829,1.57169,0
0.861844,1.95297,1.58148,0
0.861931,1.96773,1.6077,0
0.862018,1.95838,1.61437,0
0.862105,1.96055,1.63057,0
0.862193,1.95035,1.63654,0
0.86228,1.96227,1.66118,0
0.862367,1.95957,1.67363,0
0.862454,1.96058,1.68934,0
0.862542,1.95847,1.70247,0
0.862629,1.95629,1.71562,0
0.862716,1.96301,1.73673,0
0.862803,1.96138,1.7506,0
0.862891,1.95819,1.76316,0
0.862978,1.95788,1.77841,0
0.863065,1.96116,1.79707,0
0.863153,1.95697,1.809,0
0.86324,1.96295,1.83048,0
0.863327,1.96296,1.84657,0
0.863414,1.95561,1.8558,0
0.863502,1.95255,1.86916,0
0.863589,1.95948,1.89225,0
0.863676,1.95837,1.90776,0
0.863763,1.96358,1.9296,0
0.863851,1.95443,1.93745,0
0.863938,1.96081,1.96081,0
0.864025,1.9635,1.98071,0
0.864112,1.96605,2.00067,0
0.8642,1.9587,2.01066,0
0.864287,1.9631,2.03285,0
0.864374,1.96528,2.05296,0
0.864462,1.96938,2.0753,0
0.864549,1.96853,2.09261,0
0.864636,1.96961,2.11215,0
0.864723,1.95766,2.11779,0
0.864811,1.96056,2.13958,0
0.864898,1.95995,2.15774,0
0.864985,1.95988,2.17667,0
0.865072,1.96235,2.19863,0
0.86516,1.96666,2.2229,0
0.865247,1.96419,2.23973,0
0.865334,1.96293,2.25809,0
0.865421,1.95893,2.27345,0
0.865509,1.96458,2.30023,0
0.865596,1.96163,2.31717,0
0.865683,1.96629,2.34333,0
0.865771,1.965,2.36265,0
0.865858,1.96485,2.38355,0
0.865945,1.96645,2.40681,0
0.866032,1.96789,2.43014,0
0.86612,1.96352,2.4465,0
0.866207,1.96466,2.46991,0
0.866294,1.96315,2.49024,0
0.866381,1.96765,2.51848,0
0.866469,1.96522,2.53811,0
0.866556,1.95839,2.55222,0
0.866643,1.96236,2.58064,0
0.86673,1.96493,2.60754,0
0.866818,1.9631,2.62891,0
0.866905,1.96232,2.65192,0
0.866992,1.96019,2.67336,0
0.86708,1.96085,2.69888,0
0.867167,1.96483,2.72932,0
0.867254,1.9622,2.7509,0
0.867341,1.96633,2.7823,0
0.867429,1.96221,2.80232,0
0.867516,1.96535,2.83304,0
0.867603,1.96033,2.8523,0
0.86769,1.96813,2.89058,0
0.867778,1.97339,2.92567,0
0.867865,1.96894,2.94673,0
0.867952,1.96269,2.9653,0
0.868039,1.96947,3.00394,0
0.868127,1.96125,3.02005,0
0.868214,1.96752,3.05886,0
0.868301,1.96276,3.08091,0
0.868389,1.95676,3.10128,0
0.868476,1.94639,3.11488,0
0.868563,1.92384,3.10889,0
0.86865,1.9066,3.11128,0
0.868738,1.88211,3.10162,0
0.868825,1.87062,3.11323,0
0.868912,1.84832,3.10675,0
0.868999,1.82968,3.10617,0
0.869087,1.80956,3.1029,0
0.869174,1.7915,3.10297,0
0.869261,1.77596,3.10728,0
0.869348,1.75795,3.10717,0
0.869436,1.73998,3.10696,0
0.869523,1.71962,3.10228,0
0.86961,1.70414,3.10624,0
0.869698,1.68151,3.09695,0
0.869785,1.67082,3.10954,0
0.869872,1.65066,3.10444,0
0.869959,1.63012,3.09834,0
0.870047,1.61704,3.10631,0
0.870134,1.60027,3.10711,0
0.870221,1.58352,3.10783,0
0.870308,1.56454,3.10399,0
0.870396,1.55009,3.109,0
0.870483,1.52811,3.0987,0
0.87057,1.51238,3.10084,0
0.870657,1.49884,3.10741,0
0.870745,1.47924,3.10128,0
0.870832,1.45929,3.09414,0
0.870919,1.44113,3.09051,0
0.871007,1.42679,3.09495,0
0.871094,1.41162,3.09751,0
0.871181,1.39768,3.10273,0
0.871268,1.37884,3.09692,0
0.871356,1.36451,3.10108,0
0.871443,1.34777,3.09966,0
0.87153,1.32792,3.09081,0
0.871617,1.31715,3.10302,0
0.871705,1.29896,3.09767,0
0.871792,1.28161,3.09407,0
0.871879,1.26582,3.09408,0
0.871966,1.24894,3.09123,0
0.872054,1.23507,3.09572,0
0.872141,1.21678,3.08899,0
0.872228,1.20184,3.09054,0
0.872316,1.1862,3.09015,0
0.872403,1.17164,3.09249,0
0.87249,1.15603,3.09195,0
0.872577,1.14288,3.09791,0
0.872665,1.1249,3.09065,0
0.872752,1.1131,3.10023,0
0.872839,1.09322,3.08715,0
0.872926,1.07875,3.08906,0
0.873014,1.06656,3.09752,0
0.873101,1.04532,3.07942,0
0.873188,1.03378,3.08964,0
0.873275,1.01966,3.09222,0
0.873363,1.00647,3.09759,0
0.87345,0.98837,3.08767,0
0.873537,0.97579,3.09481,0
0.873625,0.95694,3.08185,0
0.873712,0.942022,3.08121,0
0.873799,0.931162,3.09391,0
0.873886,0.91595,3.09219,0
0.873974,0.903568,3.1,0
0.874061,0.887277,3.0943,0
0.874148,0.869695,3.08371,0
0.874235,0.854094,3.07976,0
0.874323,0.840122,3.08153,0
0.87441,0.826927,3.08613,0
0.874497,0.813199,3.08874,0
0.874584,0.796209,3.07871,0
0.874672,0.783014,3.08312,0
0.874759,0.76907,3.08457,0
0.874846,0.754891,3.08498,0
0.874934,0.738621,3.07658,0
0.875021,0.726336,3.08464,0
0.875108,0.711745,3.08291,0
0.875195,0.697625,3.08306,0
0.875283,0.682434,3.07826,0
0.87537,0.668572,3.07926,0
0.875457,0.656377,3.08801,0
0.875544,0.640046,3.07714,0
0.875632,0.627012,3.08186,0
0.875719,0.614144,3.08751,0
0.875806,0.600094,3.08722,0
0.875893,0.585499,3.08391,0
0.875981,0.571673,3.08447,0
0.876068,0.556252,3.07611,0
0.876155,0.541956,3.07359,0
0.876243,0.528201,3.07395,0
0.87633,0.515279,3.07918,0
0.876417,0.500231,3.07153,0
0.876504,0.486668,3.0727,0
0.876592,0.474473,3.0827,0
0.876679,0.459835,3.07683,0
0.876766,0.446836,3.08177,0
0.876853,0.431854,3.0728,0
0.876941,0.418577,3.07565,0
0.877028,0.404762,3.07447,0
0.877115,0.391722,3.07918,0
0.877202,0.377673,3.0759,0
0.87729,0.364131,3.07653,0
0.877377,0.350477,3.0761,0
0.877464,0.335637,3.06468,0
0.877552,0.323307,3.07606,0
0.877639,0.309782,3.07644,0
0.877726,0.296068,3.07478,0
0.877813,0.281917,3.06808,0
0.877901,0.268527,3.06928,0
0.877988,0.255546,3.0754,0
0.878075,0.242282,3.07848,0
0.878162,0.228402,3.07353,0
0.87825,0.21499,3.07449,0
0.878337,0.201507,3.0744,0
0.878424,0.188335,3.07925,0
0.878511,0.174501,3.07305,0
0.878599,0.160829,3.06879,0
0.878686,0.147581,3.07246,0
0.878773,0.134042,3.07008,0
0.878861,0.121234,3.08562,0
0.878948,0.107525,3.07912,0
0.879035,0.0936923,3.06657,0
0.879122,0.0803633,3.06895,0
0.87921,0.06695,3.06827,0
0.879297,0.053579,3.06953,0
0.879384,0.0399888,3.05474,0
0.879471,0.0268255,3.07388,0
0.879559,0.0133998,3.07097,0
0.879646,1.11876e-07,3.075,0
0.879733,-0.0134127,3.07397,0
0.87982,-0.0268165,3.07288,0
0.879908,-0.0402111,3.07174,0
0.879995,-0.0535788,3.06953,0
0.880082,-0.0669934,3.07027,0
0.88017,-0.0803893,3.06995,0
0.880257,-0.0936615,3.06557,0
0.880344,-0.107141,3.06813,0
0.880431,-0.12041,3.06464,0
0.880519,-0.133911,3.06708,0
0.880606,-0.147005,3.06047,0
0.880693,-0.160828,3.06879,0
0.88078,-0.173877,3.06207,0
0.880868,-0.187175,3.06028,0
0.880955,-0.20033,3.05644,0
0.881042,-0.214362,3.06551,0
0.881129,-0.227809,3.06555,0
0.881217,-0.241026,3.06253,0
0.881304,-0.254966,3.06843,0
0.881391,-0.267568,3.05832,0
0.881478,-0.281642,3.06509,0
0.881566,-0.295972,3.07378,0
0.881653,-0.308379,3.06251,0
0.88174,-0.32132,3.05716,0
0.881828,-0.335854,3.06666,0
0.881915,-0.3481,3.05523,0
0.882002,-0.362603,3.06362,0
0.882089,-0.375723,3.06002,0
0.882177,-0.38945,3.06133,0
0.882264,-0.403326,3.06356,0
0.882351,-0.417364,3.06673,0
0.882438,-0.431576,3.07082,0
0.882526,-0.442531,3.05208,0
0.882613,-0.45614,3.0521,0
0.8827,-0.470061,3.05404,0
0.882787,-0.484634,3.05986,0
0.882875,-0.498784,3.06265,0
0.882962,-0.512473,3.06242,0
0.883049,-0.525999,3.06114,0
0.883137,-0.540393,3.06472,0
0.883224,-0.554294,3.06529,0
0.883311,-0.568028,3.06481,0
0.883398,-0.581768,3.06426,0
0.883486,-0.596087,3.0666,0
0.883573,-0.609462,3.06397,0
0.88366,-0.623623,3.0652,0
0.883747,-0.637399,3.06441,0
0.883835,-0.65014,3.05867,0
0.883922,-0.664752,3.06167,0
0.884009,-0.677889,3.05776,0
0.884096,-0.691445,3.05575,0
0.884184,-0.703872,3.0488,0
0.884271,-0.719689,3.05641,0
0.884358,-0.733952,3.05713,0
0.884446,-0.748948,3.0607,0
0.884533,-0.761812,3.05546,0
0.88462,-0.776121,3.05599,0
0.884707,-0.79095,3.05838,0
0.884795,-0.80556,3.05973,0
0.884882,-0.818127,3.05329,0
0.884969,-0.834861,3.06224,0
0.885056,-0.848482,3.05953,0
0.885144,-0.864538,3.06542,0
0.885231,-0.875975,3.05489,0
0.885318,-0.891535,3.05872,0
0.885405,-0.906861,3.06151,0
0.885493,-0.918193,3.05082,0
0.88558,-0.935882,3.06113,0
0.885667,-0.945671,3.04556,0
0.885755,-0.962559,3.05285,0
0.885842,-0.978919,3.05814,0
0.885929,-0.992872,3.05574,0
0.886016,-1.01089,3.06563,0
0.886104,-1.01791,3.04222,0
0.886191,-1.03246,3.04154,0
0.886278,-1.04768,3.04268,0
0.886365,-1.06028,3.03619,0
0.886453,-1.07786,3.04379,0
0.88654,-1.09046,3.03717,0
0.886627,-1.1102,3.05024,0
0.886714,-1.11311,3.01722,0
0.886802,-1.0979,2.93647,0
0.886889,-1.10433,2.91482,0
0.886976,-1.11524,2.9053,0
0.887064,-1.11885,2.87711,0
0.887151,-1.116,2.83312,0
0.887238,-1.11834,2.80315,0
0.887325,-1.11858,2.76857,0
0.887413,-1.11815,2.73312,0
0.8875,-1.11782,2.69865,0
0.887587,-1.12069,2.67254,0
0.887674,-1.11944,2.63725,0
0.887762,-1.11752,2.6011,0
0.887849,-1.11889,2.57327,0
0.887936,-1.11521,2.5345,0
0.888023,-1.11771,2.51042,0
0.888111,-1.11716,2.47999,0
0.888198,-1.11594,2.44871,0
0.888285,-1.11447,2.41748,0
0.888373,-1.11149,2.38359,0
0.88846,-1.11292,2.35972,0
0.888547,-1.11072,2.32867,0
0.888634,-1.11479,2.31119,0
0.888722,-1.11259,2.28114,0
0.888809,-1.1097,2.25025,0
0.888896,-1.10568,2.21765,0
0.888983,-1.10724,2.19673,0
0.889071,-1.10864,2.17584,0
0.889158,-1.10714,2.14964,0
0.889245,-1.11004,2.13237,0
0.889332,-1.10863,2.10716,0
0.88942,-1.10889,2.08552,0
0.889507,-1.10804,2.06217,0
0.889594,-1.10701,2.03886,0
0.889682,-1.10483,2.01384,0
0.889769,-1.10682,1.99676,0
0.889856,-1.10575,1.97446,0
0.889943,-1.10451,1.95221,0
0.890031,-1.10259,1.92914,0
0.890118,-1.1055,1.91478,0
0.890205,-1.09873,1.88403,0
0.890292,-1.10542,1.87663,0
0.89038,-1.09928,1.84772,0
0.890467,-1.096,1.82405,0
0.890554,-1.09513,1.80472,0
0.890641,-1.10508,1.80333,0
0.890729,-1.10242,1.78149,0
0.890816,-1.09905,1.75885,0
0.890903,-1.09925,1.7422,0
0.890991,-1.09824,1.72389,0
0.891078,-1.09818,1.70731,0
0.891165,-1.09364,1.68405,0
0.891252,-1.09604,1.67174,0
0.89134,-1.09118,1.64859,0
0.891427,-1.1017,1.6488,0
0.891514,-1.09546,1.62408,0
0.891601,-1.09522,1.60854,0
0.891689,-1.0909,1.58727,0
0.891776,-1.09724,1.58167,0
0.891863,-1.09209,1.55967,0
0.89195,-1.09369,1.54754,0
0.892038,-1.09462,1.53461,0
0.892125,-1.09196,1.51683,0
0.892212,-1.09504,1.5072,0
0.8923,-1.0886,1.48466,0
0.892387,-1.09507,1.4799,0
0.892474,-1.09194,1.46229,0
0.892561,-1.0947,1.45272,0
0.892649,-1.09195,1.43599,0
0.892736,-1.09455,1.42645,0
0.892823,-1.09403,1.41296,0
0.89291,-1.09465,1.40108,0
0.892998,-1.08899,1.38137,0
0.893085,-1.09189,1.37269,0
0.893172,-1.09537,1.3648,0
0.893259,-1.08998,1.34602,0
0.893347,-1.09142,1.33583,0
0.893434,-1.08833,1.32025,0
0.893521,-1.09536,1.31703,0
0.893609,-1.09145,1.30074,0
0.893696,-1.08872,1.28605,0
0.893783,-1.09042,1.27672,0
0.89387,-1.08946,1.26438,0
0.893958,-1.09824,1.26338,0
0.894045,-1.09715,1.25106,0
0.894132,-1.10194,1.24551,0
0.894219,-1.1027,1.23547,0
0.894307,-1.1054,1.22768,0
0.894394,-1.10134,1.21248,0
0.894481,-1.09851,1.19881,0
0.894568,-0.0325824,0.0352475,0
0.894656,-0.016368,0.0175525,0
0.894743,-1.11548,1.18579,0
0.89483,-0.0268458,0.0282896,0
0.894918,-0.0193624,0.0202262,0
0.895005,-0.0340383,0.0352476,0
0.895092,-0.0495431,0.0508574,0
0.895179,-0.0525682,0.0534938,0
0.895267,-0.049985,0.0504232,0
0.895354,-0.0296985,0.0296985,0
