7200
6625
5.77704
5.79275,-0.0494975,-0.0494975,0
5.79283,-0.0366088,-0.0369296,0
5.79292,-0.0420546,-0.042795,0
5.79301,-0.115135,-0.11819,0
5.7931,-0.171581,-0.177677,0
5.79318,-0.195007,-0.203707,0
5.79327,-0.214078,-0.225591,0
5.79336,-0.195962,-0.208314,0
5.79345,-0.208691,-0.223794,0
5.79353,-0.171058,-0.185049,0
5.79362,-0.163493,-0.178421,0
5.79371,-0.16204,-0.178393,0
5.79379,-0.210776,-0.234091,0
5.79388,-0.135174,-0.15145,0
5.79397,-0.283601,-0.320553,0
5.79406,-0.295387,-0.336824,0
5.79414,-0.300475,-0.345657,0
5.79423,-0.30745,-0.356813,0
5.79432,-0.304591,-0.35663,0
5.79441,-0.303678,-0.358719,0
5.79449,-0.307252,-0.366169,0
5.79458,-0.30821,-0.370582,0
5.79467,-0.301501,-0.36575,0
5.79475,-0.29927,-0.366288,0
5.79484,-0.30585,-0.377693,0
5.79493,-0.307954,-0.383703,0
5.79502,-0.310012,-0.389739,0
5.7951,-0.308309,-0.391088,0
5.79519,-0.301674,-0.386125,0
5.79528,-0.311619,-0.402461,0
5.79537,-0.304989,-0.39747,0
5.79545,-0.308095,-0.405165,0
5.79554,-0.305722,-0.405707,0
5.79563,-0.31412,-0.420658,0
5.79571,-0.306334,-0.413986,0
5.7958,-0.309255,-0.421771,0
5.79589,-0.306824,-0.422307,0
5.79598,-0.310821,-0.431757,0
5.79606,-0.309515,-0.433924,0
5.79615,-0.309927,-0.438537,0
5.79624,-0.308011,-0.439885,0
5.79633,-0.308368,-0.444511,0
5.79641,-0.305293,-0.444204,0
5.7965,-0.311231,-0.457104,0
5.79659,-0.306997,-0.455142,0
5.79667,-0.309453,-0.463129,0
5.79676,-0.309637,-0.46781,0
5.79685,-0.307044,-0.46832,0
5.79694,-0.3099,-0.477204,0
5.79702,-0.306733,-0.476869,0
5.79711,-0.3025,-0.474829,0
5.7972,-0.296156,-0.469379,0
5.79729,-0.296225,-0.474059,0
5.79737,-0.301521,-0.487252,0
5.79746,-0.308797,-0.50391,0
5.79755,-0.312302,-0.514657,0
5.79763,-0.307993,-0.512586,0
5.79772,-0.311377,-0.523379,0
5.79781,-0.314166,-0.533348,0
5.7979,-0.305791,-0.524348,0
5.79798,-0.308,-0.533472,0
5.79807,-0.310632,-0.543492,0
5.79816,-0.311212,-0.550065,0
5.79825,-0.302945,-0.540947,0
5.79833,-0.304945,-0.550136,0
5.79842,-0.297251,-0.541817,0
5.79851,-0.296316,-0.545745,0
5.79859,-0.296298,-0.551438,0
5.79868,-0.292011,-0.549193,0
5.79877,-0.289612,-0.550462,0
5.79886,-0.284437,-0.546399,0
5.79894,-0.279761,-0.543189,0
5.79903,-0.279204,-0.547969,0
5.79912,-0.27411,-0.543824,0
5.79921,-0.272627,-0.546805,0
5.79929,-0.269796,-0.547092,0
5.79938,-0.262584,-0.538378,0
5.79947,-0.262405,-0.544022,0
5.79955,-0.25228,-0.528915,0
5.79964,-0.257648,-0.546291,0
5.79973,-0.253571,-0.543785,0
5.79982,-0.253289,-0.549427,0
5.7999,-0.243425,-0.534147,0
5.79999,-0.246842,-0.547969,0
5.80008,-0.239161,-0.537165,0
5.80017,-0.243259,-0.552848,0
5.80025,-0.238053,-0.547485,0
5.80034,-0.235267,-0.5476,0
5.80043,-0.228187,-0.537575,0
5.80051,-0.230866,-0.550554,0
5.8006,-0.224635,-0.542317,0
5.80069,-0.223024,-0.545143,0
5.80078,-0.217272,-0.537767,0
5.80086,-0.211588,-0.53035,0
5.80095,-0.214403,-0.544294,0
5.80104,-0.207315,-0.533109,0
5.80113,-0.21072,-0.548945,0
5.80121,-0.207615,-0.547989,0
5.8013,-0.201369,-0.538586,0
5.80139,-0.200056,-0.542275,0
5.80147,-0.20145,-0.553479,0
5.80156,-0.195316,-0.544,0
5.80165,-0.195277,-0.551445,0
5.80174,-0.190561,-0.545683,0
5.80182,-0.187527,-0.544619,0
5.80191,-0.185149,-0.545432,0
5.802,-0.184989,-0.552873,0
5.80209,-0.181635,-0.550825,0
5.80217,-0.181702,-0.559221,0
5.80226,-0.175907,-0.549532,0
5.80235,-0.169899,-0.53885,0
5.80243,-0.169029,-0.544361,0
5.80252,-0.168406,-0.550831,0
5.80261,-0.166289,-0.552519,0
5.8027,-0.163025,-0.550363,0
5.80278,-0.160622,-0.551069,0
5.80287,-0.159594,-0.556571,0
5.80296,-0.153907,-0.545712,0
5.80304,-0.154731,-0.557942,0
5.80313,-0.149928,-0.549929,0
5.80322,-0.148303,-0.553475,0
5.80331,-0.145632,-0.55315,0
5.80339,-0.142216,-0.549908,0
5.80348,-0.138584,-0.545677,0
5.80357,-0.136928,-0.549187,0
5.80366,-0.137145,-0.560464,0
5.80374,-0.134231,-0.559113,0
5.80383,-0.13179,-0.559693,0
5.80392,-0.132046,-0.571955,0
5.804,-0.137715,-0.608614,0
5.80409,-0.137872,-0.621901,0
5.80418,-0.134521,-0.619565,0
5.80427,-0.133063,-0.626014,0
5.80435,-0.125036,-0.601134,0
5.80444,-0.126997,-0.624212,0
5.80453,-0.121931,-0.612991,0
5.80462,-0.116393,-0.598793,0
5.8047,-0.110609,-0.582593,0
5.80479,-0.104421,-0.563405,0
5.80488,-0.104275,-0.576648,0
5.80496,-0.101411,-0.575128,0
5.80505,-0.10161,-0.591334,0
5.80514,-0.0963878,-0.575991,0
5.80523,-0.0932307,-0.572458,0
5.80531,-0.091827,-0.579773,0
5.8054,-0.0885358,-0.575226,0
5.80549,-0.0854338,-0.571651,0
5.80558,-0.0826517,-0.570039,0
5.80566,-0.0821121,-0.584258,0
5.80575,-0.0796969,-0.585602,0
5.80584,-0.0750526,-0.570081,0
5.80592,-0.0725644,-0.570403,0
5.80601,-0.071781,-0.58461,0
5.8061,-0.248709,-2.10133,0
5.80619,-0.238519,-2.09346,0
5.80627,-0.229165,-2.09249,0
5.80636,-0.219614,-2.08949,0
5.80645,-0.210996,-2.0954,0
5.80654,-0.201468,-2.09232,0
5.80662,-0.192428,-2.09418,0
5.80671,-0.183114,-2.09301,0
5.8068,-0.173897,-2.09279,0
5.80688,-0.164921,-2.09552,0
5.80697,-0.155406,-2.09123,0
5.80706,-0.146558,-2.09588,0
5.80715,-0.136562,-2.08353,0
5.80723,-0.127408,-2.08311,0
5.80732,-0.119055,-2.09662,0
5.80741,-0.109592,-2.09113,0
5.8075,-0.100418,-2.09059,0
5.80758,-0.0915135,-2.096,0
5.80767,-0.0822101,-2.09239,0
5.80776,-0.0731494,-2.09472,0
5.80784,-0.0642225,-2.10202,0
5.80793,-0.0548146,-2.09328,0
5.80802,-0.0456804,-2.0935,0
5.80811,-0.0364756,-2.08968,0
5.80819,-0.0274227,-2.09482,0
5.80828,-0.0182647,-2.09292,0
5.80837,-0.00916734,-2.10098,0
5.80846,-2.52734e-08,-2.098,0
5.80854,0.00913238,-2.09298,0
5.80863,0.0182646,-2.09292,0
5.80872,0.0273703,-2.09082,0
5.8088,0.036493,-2.09068,0
5.80889,0.0458549,-2.1015,0
5.80898,0.0547883,-2.09228,0
5.80907,0.0639782,-2.09402,0
5.80915,0.0733936,-2.10172,0
5.80924,0.0823278,-2.09538,0
5.80933,0.0915571,-2.097,0
5.80942,0.10061,-2.09458,0
5.8095,0.110272,-2.10411,0
5.80959,0.118771,-2.09163,0
5.80968,0.128446,-2.10008,0
5.80976,0.137216,-2.09351,0
5.80985,0.14607,-2.0889,0
5.80994,0.155331,-2.09024,0
5.81003,0.164372,-2.08854,0
5.81011,0.174146,-2.09578,0
5.8102,0.18294,-2.09101,0
5.81029,0.19133,-2.08223,0
5.81038,0.200318,-2.08038,0
5.81046,0.210796,-2.09341,0
5.81055,0.221496,-2.10739,0
5.81064,0.229382,-2.09448,0
5.81072,0.237953,-2.08849,0
5.81081,0.247651,-2.0924,0
5.8109,0.256291,-2.08732,0
5.81099,0.26527,-2.08519,0
5.81107,0.274236,-2.08303,0
5.81116,0.28494,-2.0937,0
5.81125,0.294212,-2.09343,0
5.81134,0.303487,-2.09311,0
5.81142,0.312765,-2.09276,0
5.81151,0.321589,-2.0894,0
5.8116,0.331015,-2.08995,0
5.81168,0.338042,-2.07565,0
5.81177,0.348746,-2.08402,0
5.81186,0.35919,-2.09036,0
5.81195,0.368481,-2.08976,0
5.81203,0.377062,-2.08518,0
5.81212,0.386886,-2.08745,0
5.81221,0.399348,-2.10343,0
5.8123,0.406996,-2.09381,0
5.81238,0.415933,-2.09103,0
5.81247,0.426049,-2.0941,0
5.81256,0.435386,-2.0932,0
5.81264,0.446178,-2.0991,0
5.81273,0.45406,-2.09127,0
5.81282,0.463181,-2.08927,0
5.81291,0.474058,-2.09504,0
5.81299,0.48252,-2.09002,0
5.81308,0.491864,-2.08887,0
5.81317,0.501441,-2.08865,0
5.81326,0.513164,-2.09713,0
5.81334,0.5211,-2.09002,0
5.81343,0.532676,-2.09742,0
5.81352,0.541322,-2.09314,0
5.8136,0.553759,-2.10332,0
5.81369,0.561378,-2.09509,0
5.81378,0.570252,-2.09166,0
5.81387,0.580175,-2.09204,0
5.81395,0.59174,-2.09815,0
5.81404,0.601165,-2.09651,0
5.81413,0.610307,-2.09387,0
5.81422,0.620005,-2.0931,0
5.8143,0.63115,-2.09708,0
5.81439,0.640586,-2.09526,0
5.81448,0.649426,-2.09149,0
5.81456,0.660651,-2.09532,0
5.81465,0.667958,-2.0867,0
5.81474,0.682,-2.09898,0
5.81483,0.691153,-2.09599,0
5.81491,0.699657,-2.09105,0
5.815,0.711667,-2.0965,0
5.81509,0.721459,-2.09527,0
5.81517,0.730594,-2.0921,0
5.81526,0.742053,-2.09549,0
5.81535,0.751865,-2.09412,0
5.81544,0.763047,-2.09645,0
5.81552,0.773572,-2.09686,0
5.81561,0.785515,-2.10096,0
5.8157,0.795738,-2.10031,0
5.81579,0.802027,-2.08935,0
5.81587,0.813673,-2.09236,0
5.81596,0.822795,-2.08879,0
5.81605,0.83079,-2.08239,0
5.81613,0.844363,-2.08987,0
5.81622,0.857639,-2.09635,0
5.81631,0.869457,-2.09905,0
5.8164,0.876287,-2.08971,0
5.81648,0.88696,-2.08955,0
5.81657,0.899227,-2.09301,0
5.81666,0.910344,-2.09365,0
5.81675,0.92229,-2.09606,0
5.81683,0.930613,-2.09019,0
5.81692,0.944243,-2.09614,0
5.81701,0.955453,-2.09655,0
5.81709,0.965848,-2.09509,0
5.81718,0.977516,-2.09629,0
5.81727,0.987933,-2.09472,0
5.81736,0.998786,-2.094,0
5.81744,1.01052,-2.09502,0
5.81753,1.01746,-2.0861,0
5.81762,1.02921,-2.08702,0
5.81771,1.045,-2.09594,0
5.81779,1.05818,-2.09939,0
5.81788,1.07278,-2.10545,0
5.81797,1.08012,-2.09719,0
5.81805,1.09342,-2.10044,0
5.81814,1.10258,-2.09565,0
5.81823,1.11359,-2.09435,0
5.81832,1.13029,-2.10357,0
5.8184,1.13802,-2.09598,0
5.81849,1.1462,-2.08924,0
5.81858,1.16015,-2.09296,0
5.81867,1.17025,-2.08963,0
5.81875,1.18773,-2.0993,0
5.81884,1.19836,-2.0967,0
5.81893,1.2095,-2.09492,0
5.81901,1.21913,-2.09048,0
5.8191,1.22977,-2.08773,0
5.81919,1.24653,-2.09523,0
5.81928,1.26287,-2.10177,0
5.81936,1.27307,-2.09795,0
5.81945,1.28378,-2.09494,0
5.81954,1.29712,-2.09612,0
5.81963,1.30731,-2.09213,0
5.81971,1.32443,-2.0991,0
5.8198,1.33626,-2.09751,0
5.81989,1.3519,-2.10176,0
5.81997,1.36214,-2.09752,0
5.82006,1.37073,-2.09072,0
5.82015,1.3826,-2.08888,0
5.82024,1.39504,-2.08782,0
5.82032,1.42035,-2.10576,0
5.82041,1.43009,-2.10036,0
5.8205,1.43867,-2.09328,0
5.82059,1.45235,-2.09356,0
5.82067,1.46549,-2.09293,0
5.82076,1.48326,-2.09877,0
5.82085,1.49299,-2.09309,0
5.82093,1.51321,-2.10198,0
5.82102,1.52883,-2.10425,0
5.82111,1.53977,-2.09998,0
5.8212,1.55546,-2.10209,0
5.82128,1.5706,-2.10329,0
5.82137,1.58518,-2.10361,0
5.82146,1.59434,-2.09667,0
5.82155,1.612,-2.1008,0
5.82163,1.62789,-2.10244,0
5.82172,1.6432,-2.1032,0
5.82181,1.65422,-2.09837,0
5.82189,1.66958,-2.09896,0
5.82198,1.68248,-2.09633,0
5.82207,1.70294,-2.10296,0
5.82216,1.71337,-2.09706,0
5.82224,1.73077,-2.09959,0
5.82233,1.74631,-2.09971,0
5.82242,1.76638,-2.10509,0
5.82251,1.77943,-2.10194,0
5.82259,1.79378,-2.10024,0
5.82268,1.8088,-2.09921,0
5.82277,1.82384,-2.09809,0
5.82285,1.84287,-2.10139,0
5.82294,1.85534,-2.09708,0
5.82303,1.87912,-2.10537,0
5.82312,1.89899,-2.10905,0
5.8232,1.91288,-2.10592,0
5.82329,1.93421,-2.11083,0
5.82338,1.94884,-2.10824,0
5.82347,1.96416,-2.1063,0
5.82355,1.97538,-2.09989,0
5.82364,1.98728,-2.09416,0
5.82373,1.98948,-2.07824,0
5.82381,1.99228,-2.06307,0
5.8239,1.99289,-2.04576,0
5.82399,1.98568,-2.02064,0
5.82408,1.98673,-2.00414,0
5.82416,1.99051,-1.99051,0
5.82425,1.98355,-1.96631,0
5.82434,1.98712,-1.95273,0
5.82443,1.98057,-1.92939,0
5.82451,1.98322,-1.91517,0
5.8246,1.97928,-1.89475,0
5.82469,1.98535,-1.88403,0
5.82477,1.98627,-1.86849,0
5.82486,1.98489,-1.85094,0
5.82495,1.98561,-1.83548,0
5.82504,1.98328,-1.81734,0
5.82512,1.98156,-1.79993,0
5.82521,1.97602,-1.77922,0
5.8253,1.97556,-1.76325,0
5.82539,1.97874,-1.75064,0
5.82547,1.9826,-1.7387,0
5.82556,1.9713,-1.71363,0
5.82565,1.97573,-1.7024,0
5.82573,1.9801,-1.69116,0
5.82582,1.97906,-1.6754,0
5.82591,1.97716,-1.65903,0
5.826,1.98131,-1.64783,0
5.82608,1.97999,-1.63218,0
5.82617,1.97935,-1.61719,0
5.82626,1.98872,-1.61043,0
5.82635,1.98169,-1.59047,0
5.82643,1.98313,-1.57745,0
5.82652,1.98214,-1.56259,0
5.82661,1.97948,-1.54654,0
5.82669,1.987,-1.5385,0
5.82678,1.99052,-1.52738,0
5.82687,1.98364,-1.50839,0
5.82696,1.96944,-1.48408,0
5.82704,1.97669,-1.47607,0
5.82713,1.98472,-1.46862,0
5.82722,1.97418,-1.44753,0
5.82731,1.97886,-1.43772,0
5.82739,1.97294,-1.42031,0
5.82748,1.98074,-1.41285,0
5.82757,1.98036,-1.39958,0
5.82765,1.98317,-1.38863,0
5.82774,1.97031,-1.36685,0
5.82783,1.9779,-1.35938,0
5.82792,1.97307,-1.34342,0
5.828,1.9756,-1.33256,0
5.82809,1.97474,-1.31948,0
5.82818,1.98048,-1.31085,0
5.82826,1.97698,-1.29617,0
5.82835,1.97423,-1.28208,0
5.82844,1.96635,-1.2648,0
5.82853,1.98197,-1.26265,0
5.82861,1.97731,-1.24759,0
5.8287,1.97256,-1.23259,0
5.82879,1.97537,-1.22239,0
5.82888,1.98154,-1.21429,0
5.82896,1.98425,-1.20407,0
5.82905,1.98348,-1.1918,0
5.82914,1.97921,-1.17751,0
5.82922,1.97916,-1.16582,0
5.82931,1.97732,-1.15314,0
5.8294,1.98406,-1.1455,0
5.82949,1.97863,-1.13088,0
5.82957,1.97658,-1.11829,0
5.82966,1.9762,-1.10673,0
5.82975,1.98276,-1.09906,0
5.82984,1.98929,-1.09136,0
5.82992,1.97997,-1.07504,0
5.83001,1.97496,-1.06118,0
5.8301,1.97604,-1.05068,0
5.83018,1.98591,-1.04484,0
5.83027,1.97892,-1.03016,0
5.83036,1.97095,-1.01511,0
5.83045,1.97625,-1.00695,0
5.83053,1.98063,-0.998318,0
5.83062,1.98228,-0.988328,0
5.83071,1.9794,-0.976131,0
5.8308,1.98094,-0.96617,0
5.83088,1.98514,-0.957517,0
5.83097,1.98749,-0.947985,0
5.83106,1.98618,-0.936745,0
5.83114,1.98028,-0.923421,0
5.83123,1.97794,-0.911841,0
5.83132,1.99009,-0.906934,0
5.83141,1.97944,-0.891671,0
5.83149,1.97783,-0.880585,0
5.83158,1.95877,-0.861878,0
5.83167,1.96801,-0.855716,0
5.83176,1.95794,-0.841199,0
5.83184,1.82812,-0.775992,0
5.83193,1.77247,-0.743259,0
5.83202,1.75445,-0.726716,0
5.8321,1.7576,-0.719054,0
5.83219,1.75701,-0.70988,0
5.83228,1.76102,-0.702577,0
5.83237,1.75198,-0.690122,0
5.83245,1.75124,-0.681021,0
5.83254,1.74673,-0.670506,0
5.83263,1.74683,-0.661816,0
5.83272,1.74596,-0.652787,0
5.8328,1.74034,-0.642047,0
5.83289,1.73937,-0.633079,0
5.83298,1.74682,-0.627173,0
5.83306,1.73729,-0.615206,0
5.83315,1.74184,-0.608279,0
5.83324,1.73975,-0.599045,0
5.83333,1.74235,-0.591449,0
5.83341,1.7525,-0.586379,0
5.8335,1.7427,-0.574656,0
5.83359,1.74804,-0.567973,0
5.83368,1.74479,-0.558511,0
5.83376,1.74339,-0.54969,0
5.83385,1.74196,-0.540892,0
5.83394,1.74334,-0.532994,0
5.83402,1.74948,-0.526535,0
5.83411,1.74697,-0.517476,0
5.8342,1.75593,-0.511807,0
5.83429,1.74565,-0.500557,0
5.83437,1.75167,-0.494022,0
5.83446,1.74513,-0.483969,0
5.83455,1.75977,-0.479769,0
5.83464,1.75509,-0.470274,0
5.83472,1.75712,-0.462612,0
5.83481,1.76977,-0.457695,0
5.8349,1.76982,-0.449476,0
5.83498,1.77467,-0.442475,0
5.83507,1.77173,-0.433539,0
5.83516,1.79013,-0.429773,0
5.83525,1.78712,-0.420812,0
5.83533,1.79187,-0.413685,0
5.83542,1.79853,-0.406966,0
5.83551,1.81982,-0.403443,0
5.8356,1.81667,-0.394438,0
5.83568,1.83011,-0.389003,0
5.83577,1.84354,-0.383457,0
5.83586,1.87852,-0.382188,0
5.83594,1.88605,-0.375159,0
5.83603,1.88865,-0.367117,0
5.83612,1.89711,-0.360178,0
5.83621,1.91046,-0.354084,0
5.83629,1.92282,-0.347702,0
5.83638,1.91841,-0.338267,0
5.83647,1.92972,-0.331586,0
5.83656,1.93312,-0.323493,0
5.83664,1.9355,-0.315216,0
5.83673,1.93291,-0.306142,0
5.83682,1.93422,-0.297706,0
5.8369,1.93056,-0.288524,0
5.83699,1.94565,-0.282107,0
5.83708,1.93597,-0.272083,0
5.83717,1.93912,-0.263903,0
5.83725,1.93133,-0.254265,0
5.83734,1.94929,-0.247981,0
5.83743,1.94638,-0.238986,0
5.83752,1.9484,-0.230608,0
5.8376,1.94641,-0.221765,0
5.83769,1.94537,-0.213053,0
5.83778,1.95324,-0.205294,0
5.83786,1.95909,-0.19727,0
5.83795,1.95595,-0.188337,0
5.83804,1.96373,-0.180441,0
5.83813,1.96948,-0.172307,0
5.83821,1.96423,-0.163215,0
5.8383,1.94997,-0.153466,0
5.83839,1.93068,-0.143474,0
5.83848,1.87542,-0.131142,0
5.83856,1.71432,-0.112363,0
5.83865,1.67188,-0.102256,0
5.83874,1.6743,-0.0950738,0
5.83882,1.67171,-0.0876104,0
5.83891,1.67407,-0.0804114,0
5.839,1.66941,-0.072888,0
5.83909,1.67271,-0.065721,0
5.83917,1.67798,-0.0585963,0
5.83926,1.67522,-0.0511826,0
5.83935,1.67243,-0.0437941,0
5.83944,1.6736,-0.0365182,0
5.83952,1.68174,-0.029355,0
5.83961,1.67786,-0.0219644,0
5.8397,1.67394,-0.0146083,0
5.83978,1.67698,-0.00731731,0
5.83987,1.697,-4.10918e-08,0
5.83996,1.69798,0.00740886,0
5.84005,1.69894,0.0148263,0
5.84013,1.68586,0.022069,0
5.84022,1.69674,0.0296167,0
5.84031,1.6896,0.0368671,0
5.84039,1.70042,0.0445269,0
5.84048,1.69421,0.0517627,0
5.84057,1.69896,0.0593291,0
5.84066,1.69469,0.0665846,0
5.84074,1.69938,0.0741965,0
5.84083,1.70004,0.0816587,0
5.84092,1.74361,0.0913785,0
5.84101,1.89994,0.107886,0
5.84109,1.9783,0.120998,0
5.84118,1.98374,0.130021,0
5.84127,1.98815,0.139025,0
5.84135,1.9935,0.148143,0
5.84144,1.98885,0.156526,0
5.84153,1.98217,0.164705,0
5.84162,1.97844,0.173091,0
5.8417,1.98962,0.18282,0
5.84179,1.9888,0.1915,0
5.84188,1.98496,0.199875,0
5.84197,1.99004,0.209161,0
5.84205,1.97917,0.216754,0
5.84214,1.98814,0.22652,0
5.84223,1.9911,0.235662,0
5.84231,1.99105,0.24447,0
5.8424,1.98203,0.252145,0
5.84249,1.99181,0.262227,0
5.84258,1.98966,0.270781,0
5.84266,1.99341,0.280155,0
5.84275,1.99613,0.289425,0
5.84284,1.99484,0.298132,0
5.84293,1.99254,0.306681,0
5.84301,1.99414,0.315841,0
5.8431,1.97794,0.322128,0
5.84319,1.98934,0.332901,0
5.84327,1.99181,0.342255,0
5.84336,1.98734,0.350422,0
5.84345,1.98678,0.359268,0
5.84354,1.98519,0.367933,0
5.84362,1.98946,0.377711,0
5.84371,1.98681,0.386197,0
5.8438,1.98217,0.394277,0
5.84389,1.98827,0.404518,0
5.84397,1.97767,0.411356,0
5.84406,1.99249,0.423516,0
5.84415,1.98085,0.430084,0
5.84423,1.98481,0.440022,0
5.84432,1.97897,0.447795,0
5.84441,1.97797,0.456651,0
5.8445,1.98277,0.466881,0
5.84458,1.97294,0.473661,0
5.84467,1.98445,0.485592,0
5.84476,1.97649,0.492795,0
5.84485,1.98305,0.50363,0
5.84493,1.98567,0.513529,0
5.84502,1.98631,0.522952,0
5.84511,1.98401,0.531614,0
5.84519,1.97588,0.538688,0
5.84528,1.9793,0.548908,0
5.84537,1.97977,0.558353,0
5.84546,1.98404,0.568915,0
5.84554,1.98058,0.577287,0
5.84563,1.98284,0.587344,0
5.84572,1.97643,0.594837,0
5.84581,1.97573,0.60404,0
5.84589,1.97785,0.614138,0
5.84598,1.98755,0.626671,0
5.84607,1.9886,0.636557,0
5.84615,1.9801,0.643373,0
5.84624,1.97063,0.649815,0
5.84633,1.97536,0.660946,0
5.84642,1.98287,0.673094,0
5.8465,1.98559,0.683693,0
5.84659,1.9892,0.694658,0
5.84668,1.98049,0.701328,0
5.84677,1.98494,0.712666,0
5.84685,1.98557,0.722688,0
5.84694,1.98803,0.733422,0
5.84703,1.98294,0.741389,0
5.84711,1.97594,0.748617,0
5.8472,1.98853,0.763324,0
5.84729,1.98052,0.770181,0
5.84738,1.99295,0.785046,0
5.84746,1.98672,0.792622,0
5.84755,1.99252,0.80503,0
5.84764,1.99084,0.814473,0
5.84773,1.98172,0.820856,0
5.84781,1.98458,0.832202,0
5.8479,1.98553,0.842807,0
5.84799,1.98551,0.853041,0
5.84807,1.9836,0.862494,0
5.84816,1.98714,0.874363,0
5.84825,1.99518,0.888313,0
5.84834,1.99949,0.900706,0
5.84842,1.98918,0.906519,0
5.84851,1.98702,0.916027,0
5.8486,1.98481,0.925534,0
5.84869,1.99161,0.939304,0
5.84877,1.9911,0.949707,0
5.84886,1.98604,0.957952,0
5.84895,1.99263,0.971869,0
5.84903,1.99285,0.982765,0
5.84912,1.99481,0.994575,0
5.84921,1.98152,0.998768,0
5.8493,1.99318,1.01558,0
5.84938,1.98606,1.02289,0
5.84947,1.98513,1.03339,0
5.84956,1.97706,1.04018,0
5.84965,1.97692,1.05115,0
5.84973,1.98553,1.06686,0
5.84982,1.99052,1.08076,0
5.84991,1.98754,1.0904,0
5.84999,1.98889,1.10246,0
5.85008,1.98755,1.11308,0
5.85017,1.98963,1.12568,0
5.85026,1.98644,1.13534,0
5.85034,1.99099,1.1495,0
5.85043,1.98423,1.15717,0
5.85052,1.99553,1.17546,0
5.85061,1.98609,1.1816,0
5.85069,1.9912,1.19643,0
5.85078,1.98682,1.20563,0
5.85087,1.99262,1.22108,0
5.85095,1.98642,1.22924,0
5.85104,1.98274,1.23895,0
5.85113,1.98154,1.25026,0
5.85122,1.99462,1.27071,0
5.8513,1.98822,1.27886,0
5.85139,1.98933,1.29188,0
5.85148,1.98618,1.3022,0
5.85157,1.99716,1.32189,0
5.85165,1.98971,1.32948,0
5.85174,1.9872,1.34039,0
5.85183,1.98877,1.35411,0
5.85191,1.98614,1.36504,0
5.852,1.98839,1.37939,0
5.85209,1.98153,1.38748,0
5.85218,1.98934,1.40593,0
5.85226,1.98481,1.41575,0
5.85235,1.98754,1.43083,0
5.85244,1.9829,1.44066,0
5.85253,1.99756,1.46467,0
5.85261,1.99035,1.47278,0
5.8527,2.00313,1.49581,0
5.85279,1.99419,1.50273,0
5.85287,1.98602,1.51021,0
5.85296,1.98497,1.52312,0
5.85305,1.99412,1.54401,0
5.85314,1.9913,1.55578,0
5.85322,1.98685,1.56631,0
5.85331,1.99487,1.58679,0
5.8534,1.98871,1.5961,0
5.85348,1.99571,1.61609,0
5.85357,1.99329,1.62858,0
5.85366,1.99465,1.64426,0
5.85375,1.9913,1.65615,0
5.85383,1.99555,1.67446,0
5.85392,1.99738,1.69091,0
5.85401,1.99683,1.70545,0
5.8541,1.99618,1.72002,0
5.85418,1.99545,1.73462,0
5.85427,1.99989,1.75386,0
5.85436,1.99597,1.76588,0
5.85444,1.99272,1.77857,0
5.85453,1.99014,1.79193,0
5.85462,1.99859,1.81539,0
5.85471,2.00318,1.83558,0
5.85479,2.0047,1.85313,0
5.85488,1.99952,1.86458,0
5.85497,2.00448,1.88562,0
5.85506,2.00348,1.90124,0
5.85514,2.00456,1.91895,0
5.85523,2.00192,1.93323,0
5.85532,2.00565,1.95381,0
5.8554,1.99995,1.96535,0
5.85549,2.0013,1.98391,0
5.85558,2.00606,2.00606,0
5.85567,2.00363,2.02119,0
5.85575,2.0067,2.04204,0
5.85584,1.99498,2.04791,0
5.85593,1.98533,2.05587,0
5.85602,1.95629,2.04357,0
5.8561,1.94047,2.04483,0
5.85619,1.93016,2.05182,0
5.85628,1.91505,2.05364,0
5.85636,1.89114,2.04582,0
5.85645,1.87814,2.04963,0
5.85654,1.86178,2.04966,0
5.85663,1.84279,2.04662,0
5.85671,1.83051,2.05091,0
5.8568,1.81227,2.04839,0
5.85689,1.79804,2.05027,0
5.85698,1.7812,2.04904,0
5.85706,1.76376,2.04694,0
5.85715,1.75156,2.05081,0
5.85724,1.73678,2.05157,0
5.85732,1.72203,2.05223,0
5.85741,1.70538,2.0505,0
5.8575,1.68688,2.04635,0
5.85759,1.66844,2.04207,0
5.85767,1.66329,2.054,0
5.85776,1.64242,2.04642,0
5.85785,1.63161,2.05122,0
5.85794,1.62017,2.05517,0
5.85802,1.60503,2.05434,0
5.85811,1.58687,2.04947,0
5.8582,1.57669,2.05479,0
5.85828,1.56166,2.05368,0
5.85837,1.54426,2.0493,0
5.85846,1.53351,2.05361,0
5.85855,1.51204,2.0434,0
5.85863,1.50074,2.04676,0
5.85872,1.48651,2.046,0
5.85881,1.47698,2.05166,0
5.8589,1.46569,2.05483,0
5.85898,1.45152,2.05385,0
5.85907,1.43451,2.0487,0
5.85916,1.42157,2.04919,0
5.85924,1.40809,2.04878,0
5.85933,1.39351,2.04664,0
5.85942,1.38344,2.05104,0
5.85951,1.36893,2.04874,0
5.85959,1.36273,2.05886,0
5.85968,1.34935,2.0581,0
5.85977,1.33273,2.05223,0
5.85986,1.32052,2.05298,0
5.85994,1.30886,2.0545,0
5.86003,1.29028,2.04497,0
5.86012,1.28346,2.05397,0
5.8602,1.26712,2.04765,0
5.86029,1.2587,2.05401,0
5.86038,1.24246,2.04751,0
5.86047,1.23455,2.05463,0
5.86055,1.22301,2.0557,0
5.86064,1.20845,2.05154,0
5.86073,1.19445,2.04815,0
5.86082,1.181,2.04555,0
5.8609,1.17355,2.05329,0
5.86099,1.1631,2.05578,0
5.86108,1.15217,2.05735,0
5.86116,1.13688,2.05098,0
5.86125,1.12984,2.05943,0
5.86134,1.11464,2.05292,0
5.86143,1.10141,2.04983,0
5.86151,1.09058,2.05109,0
5.8616,1.08023,2.05317,0
5.86169,1.0731,2.06141,0
5.86178,1.05632,2.05096,0
5.86186,1.04736,2.05555,0
5.86195,1.03478,2.05296,0
5.86204,1.02626,2.05835,0
5.86212,1.0124,2.05294,0
5.86221,1.00124,2.05285,0
5.8623,0.988797,2.04999,0
5.86239,0.974677,2.04345,0
5.86247,0.970017,2.05673,0
5.86256,0.958076,2.0546,0
5.86265,0.949102,2.05876,0
5.86274,0.935548,2.05287,0
5.86282,0.924939,2.05329,0
5.86291,0.912717,2.05,0
5.863,0.904972,2.0567,0
5.86308,0.893996,2.05605,0
5.86317,0.883832,2.05717,0
5.86326,0.870158,2.04996,0
5.86335,0.862366,2.05651,0
5.86343,0.853001,2.05933,0
5.86352,0.839464,2.05192,0
5.86361,0.834249,2.06484,0
5.8637,0.820414,2.05638,0
5.86378,0.813999,2.06646,0
5.86387,0.800626,2.05881,0
5.86396,0.79271,2.06508,0
5.86404,0.777669,2.05262,0
5.86413,0.766604,2.05038,0
5.86422,0.75592,2.04901,0
5.86431,0.74834,2.05605,0
5.86439,0.73801,2.05553,0
5.86448,0.727365,2.05402,0
5.86457,0.719385,2.06,0
5.86466,0.712343,2.06879,0
5.86474,0.700738,2.06431,0
5.86483,0.689186,2.05976,0
5.86492,0.678939,2.05895,0
5.865,0.671494,2.06665,0
5.86509,0.659726,2.06098,0
5.86518,0.650727,2.06384,0
5.86527,0.640233,2.06189,0
5.86535,0.630061,2.06084,0
5.86544,0.620775,2.06261,0
5.86553,0.610633,2.06146,0
5.86561,0.599394,2.05643,0
5.8657,0.589588,2.05614,0
5.86579,0.580611,2.05869,0
5.86588,0.573226,2.06699,0
5.86596,0.562098,2.06175,0
5.86605,0.55232,2.06129,0
5.86614,0.542048,2.05884,0
5.86623,0.531306,2.05441,0
5.86631,0.523568,2.06155,0
5.8664,0.511181,2.05023,0
5.86649,0.506033,2.06799,0
5.86657,0.493037,2.05365,0
5.86666,0.483613,2.05383,0
5.86675,0.475097,2.05787,0
5.86684,0.464789,2.05407,0
5.86692,0.457553,2.06389,0
5.86701,0.44621,2.05512,0
5.8671,0.437862,2.05998,0
5.86719,0.426833,2.05208,0
5.86727,0.417477,2.05196,0
5.86736,0.408324,2.05278,0
5.86745,0.399172,2.05356,0
5.86753,0.39282,2.06904,0
5.86762,0.381419,2.05795,0
5.86771,0.373859,2.06747,0
5.8678,0.363272,2.06022,0
5.86788,0.353771,2.05883,0
5.86797,0.344289,2.05739,0
5.86806,0.334988,2.0569,0
5.86815,0.326166,2.05933,0
5.86823,0.316417,2.05579,0
5.86832,0.307887,2.06012,0
5.86841,0.297747,2.05353,0
5.86849,0.289898,2.06273,0
5.86858,0.28049,2.061,0
5.86867,0.271625,2.0632,0
5.86876,0.261484,2.05543,0
5.86884,0.251538,2.04862,0
5.86893,0.24295,2.05267,0
5.86902,0.234331,2.05669,0
5.86911,0.225246,2.0567,0
5.86919,0.216269,2.05767,0
5.86928,0.208291,2.06854,0
5.86937,0.198113,2.05748,0
5.86945,0.189134,2.05833,0
5.86954,0.180064,2.05814,0
5.86963,0.171165,2.0599,0
5.86972,0.161626,2.05365,0
5.8698,0.15296,2.05832,0
5.86989,0.144117,2.06097,0
5.86998,0.135319,2.06457,0
5.87007,0.126004,2.06015,0
5.87015,0.116901,2.05868,0
5.87024,0.108231,2.06517,0
5.87033,0.0992188,2.06562,0
5.87041,0.0892453,2.04405,0
5.8705,0.0807968,2.05641,0
5.87059,0.0719628,2.06074,0
5.87068,0.06294,2.06004,0
5.87076,0.0537675,2.0533,0
5.87085,0.0449606,2.06051,0
5.87094,0.035952,2.05969,0
5.87103,0.0269908,2.06182,0
5.87111,0.0179331,2.05492,0
5.8712,0.00899722,2.06198,0
5.87129,7.47293e-08,2.054,0
5.87137,-0.00897962,2.05798,0
5.87146,-0.0179417,2.05592,0
5.87155,-0.0269383,2.05782,0
5.87164,-0.0360042,2.06269,0
5.87172,-0.0449604,2.06051,0
5.87181,-0.0541077,2.06629,0
5.8719,-0.062726,2.05304,0
5.87199,-0.0720674,2.06374,0
5.87207,-0.0807966,2.05641,0
5.87216,-0.090074,2.06303,0
5.87225,-0.0987389,2.05563,0
5.87233,-0.108283,2.06616,0
5.87242,-0.116844,2.05769,0
5.87251,-0.125882,2.05815,0
5.8726,-0.135057,2.06058,0
5.87268,-0.143698,2.05498,0
5.87277,-0.153701,2.0683,0
5.87286,-0.162096,2.05963,0
5.87295,-0.171744,2.06688,0
5.87303,-0.180499,2.06312,0
5.87312,-0.189225,2.05932,0
5.87321,-0.198401,2.06047,0
5.87329,-0.207089,2.0566,0
5.87338,-0.216792,2.06264,0
5.87347,-0.226008,2.06366,0
5.87356,-0.233651,2.05073,0
5.87364,-0.242597,2.04969,0
5.87373,-0.253366,2.0635,0
5.87382,-0.262241,2.06139,0
5.87391,-0.271625,2.0632,0
5.87399,-0.279681,2.05506,0
5.87408,-0.289062,2.05679,0
5.87417,-0.299326,2.06441,0
5.87425,-0.308035,2.06111,0
5.87434,-0.316417,2.05579,0
5.87443,-0.326166,2.05933,0
5.87452,-0.336273,2.0648,0
5.8746,-0.344619,2.05936,0
5.87469,-0.354956,2.06573,0
5.87478,-0.362404,2.05529,0
5.87487,-0.372792,2.06157,0
5.87495,-0.38233,2.06287,0
5.87504,-0.3917,2.06315,0
5.87513,-0.397646,2.04571,0
5.87521,-0.409494,2.05867,0
5.8753,-0.419271,2.06078,0
5.87539,-0.42948,2.06481,0
5.87548,-0.438902,2.06487,0
5.87556,-0.446634,2.05707,0
5.87565,-0.456255,2.05803,0
5.87574,-0.466334,2.0609,0
5.87583,-0.477121,2.06664,0
5.87591,-0.48453,2.05772,0
5.876,-0.496772,2.0692,0
5.87609,-0.504369,2.06119,0
5.87617,-0.51239,2.05509,0
5.87626,-0.524799,2.0664,0
5.87635,-0.534311,2.06603,0
5.87644,-0.54332,2.06368,0
5.87652,-0.552061,2.06032,0
5.87661,-0.562361,2.06272,0
5.8767,-0.569218,2.05253,0
5.87679,-0.580882,2.05965,0
5.87687,-0.590691,2.05998,0
5.87696,-0.600513,2.06027,0
5.87705,-0.612053,2.06626,0
5.87713,-0.621063,2.06357,0
5.87722,-0.6324,2.06849,0
5.87731,-0.643199,2.07144,0
5.8774,-0.207487,0.658065,0
5.87748,-0.231087,0.721916,0
5.87757,-0.221256,0.680956,0
5.87766,-0.23957,0.72652,0
5.87775,-0.232584,0.695121,0
5.87783,-0.231436,0.68179,0
5.87792,-0.2292,0.665645,0
5.87801,-0.228805,0.655198,0
5.87809,-0.229325,0.647595,0
5.87818,-0.229445,0.639059,0
5.87827,-0.228127,0.626775,0
5.87836,-0.226014,0.612639,0
5.87844,-0.228335,0.61071,0
5.87853,-0.229581,0.605968,0
5.87862,-0.226847,0.590956,0
5.8787,-0.227249,0.584369,0
5.87879,-0.227597,0.577789,0
5.87888,-0.228634,0.573075,0
5.87897,-0.227386,0.562801,0
5.87905,-0.22984,0.561803,0
5.87914,-0.228845,0.55248,0
5.87923,-0.230093,0.54871,0
5.87932,-0.234439,0.552303,0
5.8794,-0.228557,0.53198,0
5.87949,-0.228882,0.526393,0
5.87958,-0.227552,0.517151,0
5.87966,-0.228993,0.514326,0
5.87975,-0.230413,0.511499,0
5.87984,-0.226422,0.496839,0
5.87993,-0.232356,0.504019,0
5.88001,-0.243851,0.52294,0
5.8801,-0.242718,0.514635,0
5.88019,-0.243669,0.510863,0
5.88028,-0.239814,0.497185,0
5.88036,-0.237159,0.486248,0
5.88045,-0.234855,0.476239,0
5.88054,-0.23113,0.463576,0
5.88062,-0.237652,0.471493,0
5.88071,-0.234259,0.459759,0
5.8808,-0.232142,0.450732,0
5.88089,-0.232721,0.447053,0
5.88097,-0.23141,0.439839,0
5.88106,-0.234266,0.440591,0
5.88115,-0.237133,0.441326,0
5.88124,-0.227128,0.418317,0
5.88132,-0.229432,0.418199,0
5.88141,-0.228345,0.411946,0
5.8815,-0.230629,0.411818,0
5.88158,-0.232916,0.411678,0
5.88167,-0.230244,0.402844,0
5.88176,-0.2295,0.397506,0
5.88185,-0.233247,0.399956,0
5.88193,-0.227885,0.386872,0
5.88202,-0.231616,0.389311,0
5.88211,-0.231252,0.384868,0
5.8822,-0.229298,0.377871,0
5.88228,-0.226242,0.369193,0
5.88237,-0.231534,0.374155,0
5.88246,-0.232105,0.371445,0
5.88254,-0.23479,0.37212,0
5.88263,-0.226203,0.355068,0
5.88272,-0.224504,0.349031,0
5.88281,-0.229838,0.353919,0
5.88289,-0.233025,0.355422,0
5.88298,-0.230158,0.34773,0
5.88307,-0.236673,0.354206,0
5.88316,-0.228151,0.338247,0
5.88324,-0.229624,0.337249,0
5.88333,-0.228262,0.332123,0
5.88342,-0.224579,0.323729,0
5.8835,-0.237461,0.339129,0
5.88359,-0.224509,0.317674,0
5.88368,-0.23925,0.335416,0
5.88377,-0.219094,0.30434,0
5.88385,-0.224534,0.309045,0
5.88394,-0.235933,0.321771,0
5.88403,-0.231981,0.313504,0
5.88412,-0.223773,0.299669,0
5.8842,-0.231097,0.306676,0
5.88429,-0.233643,0.307257,0
5.88438,-0.224633,0.292747,0
5.88446,-0.220398,0.284648,0
5.88455,-0.221638,0.283684,0
5.88464,-0.234017,0.29685,0
5.88473,-0.22286,0.280174,0
5.88481,-0.224081,0.279199,0
5.8849,-0.237883,0.293761,0
5.88499,-0.240428,0.294269,0
5.88508,-0.24489,0.297075,0
5.88516,-0.242347,0.291391,0
5.88525,-0.238474,0.284202,0
5.88534,-0.24165,0.285449,0
5.88542,-0.240296,0.28135,0
5.88551,-0.240868,0.279541,0
5.8856,-0.234869,0.270186,0
5.88569,-0.236705,0.26991,0
5.88577,-0.233905,0.264381,0
5.88586,-0.238386,0.267089,0
5.88595,-0.226835,0.251926,0
5.88604,-0.234656,0.258336,0
5.88612,-0.226998,0.247725,0
5.88621,-0.22061,0.238655,0
5.8863,-0.20119,0.215749,0
5.88638,-0.267907,0.284793,0
5.88647,-0.182414,0.192224,0
5.88656,-0.183942,0.192149,0
5.88665,-0.163245,0.169045,0
5.88673,-0.129789,0.133232,0
5.88682,-0.10794,0.109841,0
5.88691,-0.0506891,0.0511333,0
5.887,-0.0212132,0.0212132,0
