7200
4305
3.75246
3.76817,-0.0487904,-0.0487904,0
3.76825,-0.0535051,-0.0539741,0
3.76834,-0.0574746,-0.0584865,0
3.76843,-0.0327962,-0.0336662,0
3.76851,-0.054878,-0.0568278,0
3.7686,-0.0746834,-0.0780153,0
3.76869,-0.0502499,-0.0529523,0
3.76878,-0.0493332,-0.0524427,0
3.76886,-0.0566059,-0.0607024,0
3.76895,-0.0495525,-0.0536055,0
3.76904,-0.044589,-0.0486603,0
3.76913,-0.0584959,-0.064399,0
3.76921,-0.0635674,-0.0705988,0
3.7693,-0.0572658,-0.0641609,0
3.76939,-0.0563227,-0.0636612,0
3.76947,-0.0501103,-0.0571398,0
3.76956,-0.0564211,-0.064905,0
3.76965,-0.0541791,-0.0628779,0
3.76974,-0.0610481,-0.0714782,0
3.76982,-0.0562128,-0.0664012,0
3.76991,-0.0559225,-0.0666459,0
3.77,-0.0601073,-0.0722711,0
3.77009,-0.057247,-0.0694462,0
3.77017,-0.0588416,-0.0720185,0
3.77026,-0.062932,-0.0777146,0
3.77035,-0.0594627,-0.074089,0
3.77043,-0.0578939,-0.0727826,0
3.77052,-0.0662431,-0.0840289,0
3.77061,-0.0701854,-0.0898332,0
3.7707,-0.0587729,-0.0759062,0
3.77078,-0.0596586,-0.0777486,0
3.77087,-0.0490288,-0.0644762,0
3.77096,-0.0523579,-0.0694813,0
3.77105,-0.0574392,-0.0769204,0
3.77113,-0.0642409,-0.0868165,0
3.77122,-0.0632701,-0.0862896,0
3.77131,-0.0499617,-0.0687664,0
3.77139,-0.056088,-0.0779111,0
3.77148,-0.0627159,-0.0879245,0
3.77157,-0.0582917,-0.0824808,0
3.77166,-0.0688292,-0.0982982,0
3.77174,-0.0467397,-0.067375,0
3.77183,-0.0521094,-0.0758196,0
3.77192,-0.0534665,-0.078526,0
3.77201,-0.060952,-0.0903651,0
3.77209,-0.0600016,-0.0897987,0
3.77218,-0.0640247,-0.0967308,0
3.77227,-0.0520879,-0.0794472,0
3.77235,-0.0653567,-0.10064,0
3.77244,-0.0568023,-0.0883091,0
3.77253,-0.0311634,-0.0489167,0
3.77262,-0.0544287,-0.0862642,0
3.7727,-0.661339,-1.05836,0
3.77279,-0.659346,-1.06549,0
3.77288,-0.662006,-1.0803,0
3.77297,-0.661955,-1.09087,0
3.77305,-0.658219,-1.09546,0
3.77314,-0.657523,-1.1052,0
3.77323,-0.6598,-1.12012,0
3.77331,-0.654402,-1.12212,0
3.7734,-0.662,-1.14662,0
3.77349,-0.677832,-1.18596,0
3.77358,-0.689393,-1.2185,0
3.77366,-1.05982,-1.89244,0
3.77375,-1.05543,-1.90405,0
3.77384,-1.06347,-1.93844,0
3.77393,-1.05691,-1.94658,0
3.77401,-1.05598,-1.96527,0
3.7741,-1.05819,-1.99016,0
3.77419,-1.06114,-2.01689,0
3.77427,-1.06341,-2.04279,0
3.77436,-1.0554,-2.04918,0
3.77445,-1.0528,-2.06624,0
3.77454,-1.03883,-2.061,0
3.77462,-0.98699,-1.97959,0
3.77471,-0.931018,-1.88792,0
3.7748,-0.903921,-1.85331,0
3.77489,-0.896695,-1.85904,0
3.77497,-0.878673,-1.84218,0
3.77506,-0.863375,-1.83062,0
3.77515,-0.844391,-1.8108,0
3.77523,-0.833552,-1.80811,0
3.77532,-0.820263,-1.7999,0
3.77541,-0.809938,-1.79799,0
3.7755,-0.794763,-1.78507,0
3.77558,-0.78737,-1.78943,0
3.77567,-0.779156,-1.79194,0
3.77576,-0.764619,-1.7797,0
3.77585,-0.758409,-1.7867,0
3.77593,-0.744419,-1.77524,0
3.77602,-0.735518,-1.7757,0
3.77611,-0.727763,-1.77889,0
3.77619,-0.72374,-1.79132,0
3.77628,-0.713323,-1.78796,0
3.77637,-0.707347,-1.79571,0
3.77646,-0.696243,-1.79039,0
3.77654,-0.692725,-1.80461,0
3.77663,-0.686262,-1.81136,0
3.77672,-0.683955,-1.82932,0
3.77681,-0.678736,-1.83979,0
3.77689,-0.671728,-1.84556,0
3.77698,-0.671103,-1.86918,0
3.77707,-0.66995,-1.89188,0
3.77715,-0.665645,-1.90612,0
3.77724,-0.665136,-1.93169,0
3.77733,-0.660558,-1.94594,0
3.77742,-0.659359,-1.97062,0
3.7775,-0.662655,-2.00956,0
3.77759,-0.664387,-2.04477,0
3.77768,-0.660641,-2.06384,0
3.77777,-0.665763,-2.11153,0
3.77785,-0.66277,-2.13447,0
3.77794,-0.66193,-2.16507,0
3.77803,-0.656511,-2.18135,0
3.77811,-0.648691,-2.18994,0
3.7782,-0.630735,-2.16395,0
3.77829,-0.616601,-2.15034,0
3.77838,-0.607212,-2.15301,0
3.77846,-0.600752,-2.16624,0
3.77855,-0.594451,-2.18042,0
3.77864,-0.588555,-2.19652,0
3.77873,-0.58533,-2.22324,0
3.77881,-0.579379,-2.24029,0
3.7789,-0.574522,-2.26219,0
3.77899,-0.566339,-2.27146,0
3.77907,-0.564029,-2.30499,0
3.77916,-0.561903,-2.34049,0
3.77925,-0.557874,-2.36921,0
3.77934,-0.548656,-2.37649,0
3.77942,-1.05604,-4.66701,0
3.77951,-1.05146,-4.74285,0
3.7796,-1.0471,-4.82264,0
3.77968,-1.04122,-4.89856,0
3.77977,-1.04346,-5.01663,0
3.77986,-1.04608,-5.14166,0
3.77995,-1.04256,-5.24132,0
3.78003,-1.04697,-5.38619,0
3.78012,-1.04267,-5.4919,0
3.78021,-1.05041,-5.66748,0
3.7803,-1.03901,-5.74581,0
3.78038,-1.05595,-5.98862,0
3.78047,-1.06318,-6.18732,0
3.78056,-1.04756,-6.25995,0
3.78064,-1.01991,-6.26249,0
3.78073,-0.99727,-6.29651,0
3.78082,-0.966136,-6.27708,0
3.78091,-0.938442,-6.27926,0
3.78099,-0.913618,-6.30111,0
3.78108,-0.885837,-6.30306,0
3.78117,-0.858461,-6.30785,0
3.78126,-0.829886,-6.30361,0
3.78134,-0.802499,-6.30816,0
3.78143,-0.774723,-6.30962,0
3.78152,-0.745657,-6.30003,0
3.7816,-0.718954,-6.31017,0
3.78169,-0.689998,-6.30033,0
3.78178,-0.663129,-6.30925,0
3.78187,-0.635092,-6.30711,0
3.78195,-0.607854,-6.3128,0
3.78204,-0.579937,-6.31141,0
3.78213,-0.551957,-6.3089,0
3.78222,-0.522851,-6.29231,0
3.7823,-0.496175,-6.3045,0
3.78239,-0.468069,-6.29863,0
3.78248,-0.440861,-6.30461,0
3.78256,-0.41289,-6.29948,0
3.78265,-0.385461,-6.30222,0
3.78274,-0.357561,-6.29686,0
3.78283,-0.330135,-6.29936,0
3.78291,-0.303174,-6.31172,0
3.783,-0.275457,-6.30899,0
3.78309,-0.247651,-6.30314,0
3.78318,-0.220006,-6.30016,0
3.78326,-0.192515,-6.30106,0
3.78335,-0.16502,-6.30184,0
3.78344,-0.137565,-6.3045,0
3.78352,-0.110142,-6.31004,0
3.78361,-0.0824514,-6.29846,0
3.7837,-0.054986,-6.30076,0
3.78379,-0.0275282,-6.30894,0
3.78387,-7.58925e-08,-6.3,0
3.78396,0.0274975,-6.30194,0
3.78405,0.0550295,-6.30576,0
3.78414,0.0825691,-6.30746,0
3.78422,0.109968,-6.30004,0
3.78431,0.137456,-6.2995,0
3.7844,0.165046,-6.30284,0
3.78448,0.192667,-6.30606,0
3.78457,0.220146,-6.30416,0
3.78466,0.248083,-6.31413,0
3.78475,0.274977,-6.298,0
3.78483,0.302454,-6.29674,0
3.78492,0.329978,-6.29636,0
3.78501,0.357391,-6.29386,0
3.7851,0.385705,-6.30622,0
3.78518,0.41289,-6.29948,0
3.78527,0.440582,-6.30061,0
3.78536,0.468366,-6.30262,0
3.78544,0.495234,-6.29254,0
3.78553,0.523431,-6.29929,0
3.78562,0.550476,-6.29197,0
3.78571,0.578382,-6.29448,0
3.78579,0.605649,-6.28991,0
3.78588,0.633289,-6.2892,0
3.78597,0.661561,-6.29433,0
3.78606,0.68793,-6.28144,0
3.78614,0.717708,-6.29925,0
3.78623,0.744717,-6.29208,0
3.78632,0.773017,-6.29572,0
3.7864,0.801237,-6.29824,0
3.78649,0.829363,-6.29964,0
3.78658,0.857112,-6.29794,0
3.78667,0.885419,-6.30009,0
3.78675,0.91247,-6.29319,0
3.78684,0.939624,-6.28717,0
3.78693,0.969482,-6.29883,0
3.78702,0.995549,-6.28565,0
3.7871,1.02618,-6.30098,0
3.78719,1.05201,-6.28658,0
3.78728,1.0818,-6.29573,0
3.78736,1.10926,-6.29095,0
3.78745,1.13742,-6.28999,0
3.78754,1.16704,-6.29676,0
3.78763,1.20476,-6.34565,0
3.78771,1.24617,-6.41101,0
3.7878,1.27784,-6.42414,0
3.78841,2.04773,-8.86969,0
3.78859,2.05572,-8.56269,0
3.78885,2.0384,-8.0262,0
3.78902,1.68266,-6.39121,0
3.78911,1.70691,-6.37028,0
3.7892,1.73232,-6.35409,0
3.78928,1.7456,-6.29443,0
3.78937,1.77522,-6.29446,0
3.78946,1.80625,-6.29915,0
3.78955,1.83596,-6.29889,0
3.78963,1.85263,-6.25438,0
3.78972,1.8482,-6.14091,0
3.78981,1.84487,-6.03428,0
3.7899,1.84301,-5.93545,0
3.78998,1.84633,-5.85582,0
3.79007,1.08837,-3.40005,0
3.79016,1.10412,-3.39812,0
3.79024,1.11173,-3.37143,0
3.79033,1.1204,-3.34853,0
3.79042,1.14304,-3.36728,0
3.79051,1.15381,-3.35092,0
3.79059,1.17601,-3.36757,0
3.79068,1.84328,-5.20527,0
3.79077,1.84773,-5.14635,0
3.79086,1.84417,-5.06682,0
3.79094,1.8455,-5.00244,0
3.79103,1.84839,-4.94376,0
3.79112,1.84408,-4.86738,0
3.7912,1.84595,-4.80887,0
3.79129,1.8372,-4.72435,0
3.79138,1.8435,-4.68,0
3.79147,1.84538,-4.62547,0
3.79155,1.85093,-4.58122,0
3.79164,1.84705,-4.51479,0
3.79173,1.84109,-4.44478,0
3.79182,1.84306,-4.39521,0
3.7919,1.8462,-4.34939,0
3.79199,1.83911,-4.28065,0
3.79208,1.84342,-4.23957,0
3.79216,1.83089,-4.16101,0
3.79225,1.8295,-4.10913,0
3.79234,1.82811,-4.05825,0
3.79243,1.82589,-4.00656,0
3.79251,1.81782,-3.94316,0
3.7926,1.69216,-3.62886,0
3.79269,1.70329,-3.61149,0
3.79277,1.67038,-3.50203,0
3.79286,1.66914,-3.46048,0
3.79295,1.67414,-3.43249,0
3.79304,1.67937,-3.40543,0
3.79312,1.68574,-3.38106,0
3.79321,1.69282,-3.35849,0
3.7933,1.70156,-3.33949,0
3.79339,1.71382,-3.32759,0
3.79347,1.73294,-3.32895,0
3.79356,1.74699,-3.32047,0
3.79365,1.77366,-3.33578,0
3.79373,1.79435,-3.33946,0
3.79382,1.81129,-3.33599,0
3.79391,1.82824,-3.33244,0
3.794,1.85052,-3.33842,0
3.79408,1.86409,-3.32857,0
3.79417,1.89288,-3.34565,0
3.79426,1.91093,-3.34343,0
3.79435,1.9275,-3.33853,0
3.79443,1.94557,-3.33613,0
3.79452,1.97026,-3.34484,0
3.79461,1.98944,-3.34395,0
3.79469,2.00968,-3.34467,0
3.79478,2.01803,-3.32561,0
3.79487,2.02468,-3.30398,0
3.79496,2.02434,-3.2713,0
3.79504,2.02641,-3.24294,0
3.79513,2.0224,-3.20531,0
3.79522,2.01863,-3.16862,0
3.79531,2.02649,-3.15053,0
3.79539,2.01516,-3.10308,0
3.79548,2.01333,-3.07084,0
3.79557,2.01291,-3.04118,0
3.79565,2.02172,-3.02572,0
3.79574,2.01701,-2.99034,0
3.79583,2.0109,-2.95341,0
3.79592,2.00961,-2.924,0
3.796,2.01893,-2.91027,0
3.79609,2.02874,-2.89734,0
3.79618,2.0304,-2.87294,0
3.79627,2.04349,-2.86487,0
3.79635,2.06299,-2.86567,0
3.79644,2.06724,-2.84531,0
3.79653,2.08732,-2.84675,0
3.79661,2.10746,-2.84806,0
3.7967,2.07619,-2.78035,0
3.79679,2.07145,-2.7489,0
3.79688,2.0356,-2.67695,0
3.79696,2.04118,-2.66011,0
3.79705,2.05338,-2.65197,0
3.79714,2.06554,-2.64378,0
3.79723,2.08139,-2.64024,0
3.79731,2.09912,-2.63895,0
3.7974,2.0981,-2.61417,0
3.79749,2.07487,-2.56225,0
3.79757,2.0816,-2.54775,0
3.79766,2.03545,-2.4692,0
3.79775,2.0526,-2.46798,0
3.79784,2.05371,-2.44751,0
3.79792,2.06501,-2.43929,0
3.79801,2.07369,-2.42798,0
3.7981,2.08491,-2.41966,0
3.79819,2.08824,-2.40224,0
3.79827,2.07496,-2.36604,0
3.79836,2.06804,-2.33749,0
3.79845,2.07422,-2.32397,0
3.79853,2.00672,-2.22869,0
3.79862,1.99558,-2.19697,0
3.79871,1.99704,-2.17939,0
3.7988,1.99771,-2.16111,0
3.79888,1.99348,-2.13775,0
3.79897,1.99183,-2.11737,0
3.79906,1.99485,-2.10213,0
3.79915,1.99294,-2.08185,0
3.79923,1.99853,-2.06954,0
3.79932,1.99289,-2.04576,0
3.79941,1.99689,-2.03205,0
3.79949,1.99447,-2.01196,0
3.79958,1.99546,-1.99546,0
3.79967,1.99278,-1.97547,0
3.79976,1.98854,-1.95414,0
3.79984,1.99132,-1.93986,0
3.79993,1.99401,-1.92559,0
3.80002,1.99084,-1.90581,0
3.80011,1.98607,-1.88471,0
3.80019,1.99064,-1.87261,0
3.80028,1.99733,-1.86254,0
3.80037,1.99369,-1.84294,0
3.80045,1.99286,-1.82612,0
3.80054,1.98897,-1.80665,0
3.80063,1.99237,-1.79394,0
3.80072,1.98675,-1.77324,0
3.8008,1.98848,-1.75926,0
3.80089,1.99012,-1.74529,0
3.80098,1.99545,-1.73462,0
3.80107,1.98785,-1.71284,0
3.80115,1.99302,-1.7022,0
3.80124,1.98669,-1.68186,0
3.80133,1.99325,-1.67253,0
3.80141,1.98746,-1.65295,0
3.8015,1.98925,-1.63981,0
3.80159,1.98399,-1.62099,0
3.80168,1.98172,-1.60477,0
3.80176,1.98247,-1.5911,0
3.80185,1.99252,-1.58492,0
3.80194,1.98607,-1.56569,0
3.80203,1.98421,-1.55024,0
3.80211,1.99965,-1.5483,0
3.8022,1.9937,-1.52982,0
3.80229,1.98204,-1.50718,0
3.80237,1.98541,-1.49611,0
3.80246,1.98871,-1.48504,0
3.80255,1.98231,-1.46683,0
3.80264,1.98547,-1.4558,0
3.80272,1.98695,-1.4436,0
3.80281,1.9843,-1.42849,0
3.8029,1.97993,-1.41227,0
3.80299,1.98444,-1.40246,0
3.80307,1.97907,-1.38576,0
3.80316,1.99085,-1.3811,0
3.80325,1.97461,-1.35711,0
3.80333,1.97968,-1.34792,0
3.80342,1.98969,-1.34206,0
3.80351,1.98638,-1.32726,0
3.8036,1.97798,-1.30919,0
3.80368,1.97949,-1.29781,0
3.80377,1.98346,-1.28807,0
3.80386,1.99074,-1.28049,0
3.80395,1.97944,-1.26104,0
3.80403,1.98323,-1.25133,0
3.80412,1.98528,-1.24054,0
3.80421,1.98302,-1.22713,0
3.80429,1.98409,-1.21585,0
3.80438,1.97912,-1.20096,0
3.80447,1.97577,-1.18716,0
3.80456,1.97578,-1.17546,0
3.80464,1.98347,-1.16835,0
3.80473,1.97991,-1.15465,0
3.80482,1.98233,-1.1445,0
3.80491,1.96734,-1.12443,0
3.80499,1.98006,-1.12026,0
3.80508,1.98144,-1.10966,0
3.80517,1.98451,-1.10003,0
3.80525,1.97877,-1.08559,0
3.80534,1.98525,-1.0779,0
3.80543,1.98024,-1.06402,0
3.80552,1.99016,-1.05819,0
3.8056,1.97529,-1.03925,0
3.80569,1.98247,-1.03201,0
3.80578,1.98429,-1.02197,0
3.80586,1.98071,-1.00922,0
3.80595,1.98152,-0.998769,0
3.80604,1.98407,-0.989221,0
3.80613,1.98209,-0.977458,0
3.80621,1.97375,-0.962663,0
3.8063,1.98064,-0.955345,0
3.80639,1.97756,-0.94325,0
3.80648,1.97804,-0.932906,0
3.80656,1.98663,-0.926379,0
3.80665,1.98611,-0.915609,0
3.80674,1.98099,-0.902787,0
3.80682,1.98217,-0.892903,0
3.80691,1.98148,-0.882212,0
3.807,1.99172,-0.876377,0
3.80709,1.98544,-0.863292,0
3.80717,1.99561,-0.857384,0
3.80726,1.98093,-0.840853,0
3.80735,1.99195,-0.835296,0
3.80744,1.97803,-0.819325,0
3.80752,1.98806,-0.813337,0
3.80761,1.98788,-0.803157,0
3.8077,1.98858,-0.793364,0
3.80778,1.98179,-0.780648,0
3.80787,1.97492,-0.768006,0
3.80796,1.98012,-0.760098,0
3.80805,1.98062,-0.750388,0
3.80813,1.98855,-0.74349,0
3.80822,1.98052,-0.730653,0
3.80831,1.97993,-0.720637,0
3.8084,1.98118,-0.711315,0
3.80848,1.98426,-0.702663,0
3.80857,1.98164,-0.692021,0
3.80866,1.98937,-0.684995,0
3.80874,1.98477,-0.673737,0
3.80883,1.98674,-0.664753,0
3.80892,1.97822,-0.65232,0
3.80901,1.982,-0.643991,0
3.80909,1.98098,-0.634118,0
3.80918,1.98278,-0.625167,0
3.80927,1.98549,-0.61651,0
3.80936,1.98529,-0.606964,0
3.80944,1.98983,-0.598872,0
3.80953,1.98572,-0.588196,0
3.80962,1.97962,-0.577007,0
3.8097,1.9927,-0.571396,0
3.80979,1.98939,-0.561067,0
3.80988,1.98315,-0.549977,0
3.80997,1.97588,-0.538688,0
3.81005,1.98208,-0.531097,0
3.81014,1.98438,-0.522443,0
3.81023,1.98277,-0.512778,0
3.81032,1.98595,-0.504368,0
3.8104,1.98523,-0.494972,0
3.81049,1.98931,-0.486781,0
3.81058,1.98072,-0.475528,0
3.81066,1.9818,-0.466652,0
3.81075,1.98089,-0.457326,0
3.81084,1.9897,-0.450223,0
3.81093,1.97602,-0.438074,0
3.81101,1.98476,-0.430933,0
3.8111,1.9876,-0.422477,0
3.81119,1.98159,-0.412171,0
3.81128,1.98141,-0.403122,0
3.81136,1.98511,-0.394863,0
3.81145,1.98583,-0.386007,0
3.81154,1.98062,-0.376033,0
3.81162,1.98028,-0.367022,0
3.81171,1.97202,-0.356599,0
3.8118,1.9834,-0.349727,0
3.81189,1.98195,-0.340562,0
3.81197,1.98737,-0.332571,0
3.81206,1.98288,-0.322932,0
3.81215,1.98624,-0.31459,0
3.81224,1.98562,-0.305616,0
3.81232,1.98298,-0.296358,0
3.81241,1.9793,-0.286985,0
3.8125,1.97955,-0.278207,0
3.81258,1.9847,-0.270106,0
3.81267,1.97595,-0.260139,0
3.81276,1.96318,-0.249748,0
3.81285,1.88584,-0.231552,0
3.81293,1.71503,-0.202987,0
3.81302,1.7,-0.193691,0
3.81311,1.69288,-0.1854,0
3.8132,1.70262,-0.178953,0
3.81328,1.69145,-0.17032,0
3.81337,1.69815,-0.163513,0
3.81346,1.69187,-0.155461,0
3.81354,1.69652,-0.148426,0
3.81363,1.69117,-0.140526,0
3.81372,1.68579,-0.132674,0
3.81381,1.69134,-0.125688,0
3.81389,1.68389,-0.117749,0
3.81398,1.69037,-0.110793,0
3.81407,1.68585,-0.103111,0
3.81416,1.68628,-0.0957542,0
3.81424,1.68169,-0.0881338,0
3.81433,1.68606,-0.0809871,0
3.81442,1.6784,-0.0732806,0
3.8145,1.6867,-0.0662706,0
3.81459,1.71196,-0.0597829,0
3.81468,1.86113,-0.0568628,0
3.81477,1.97332,-0.0516733,0
3.81485,1.98153,-0.0432371,0
3.81494,1.9857,-0.0346605,0
3.81503,1.97583,-0.0258651,0
3.81512,1.98192,-0.017296,0
3.8152,1.97798,-0.00863067,0
3.81529,1.982,-4.79929e-08,0
3.81538,1.97198,0.0086044,0
3.81546,1.98792,0.0173483,0
3.81555,1.97483,0.0258519,0
3.81564,1.9717,0.0344161,0
3.81573,1.97953,0.0431934,0
3.81581,1.97932,0.0518303,0
3.8159,1.97908,0.0604662,0
3.81599,1.98379,0.0692755,0
3.81608,1.97348,0.0775381,0
3.81616,1.97712,0.0863227,0
3.81625,1.97972,0.0950926,0
3.81634,1.97928,0.10373,0
3.81642,1.97382,0.112082,0
3.81651,1.9793,0.121059,0
3.8166,1.97776,0.129629,0
3.81669,1.97917,0.138397,0
3.81677,1.98453,0.147476,0
3.81686,1.96592,0.154721,0
3.81695,1.97818,0.164374,0
3.81704,1.98342,0.173527,0
3.81712,1.97269,0.181265,0
3.81721,1.97586,0.190254,0
3.8173,1.97302,0.198673,0
3.81738,1.98208,0.208325,0
3.81747,1.98513,0.217407,0
3.81756,1.98317,0.225954,0
3.81765,1.9772,0.234017,0
3.81773,1.97814,0.242886,0
3.81782,1.97707,0.251514,0
3.81791,1.97992,0.260661,0
3.81799,1.98173,0.269702,0
3.81808,1.98054,0.278346,0
3.81817,1.98821,0.288277,0
3.81826,1.98199,0.29621,0
3.81834,1.97475,0.303942,0
3.81843,1.96451,0.311148,0
3.81852,1.98485,0.323253,0
3.81861,1.98539,0.332241,0
3.81869,1.98392,0.340901,0
3.81878,1.97552,0.348338,0
3.81887,1.98481,0.358912,0
3.81895,1.98716,0.368298,0
3.81904,1.9875,0.377338,0
3.81913,1.98289,0.385434,0
3.81922,1.97432,0.392717,0
3.8193,1.98925,0.404717,0
3.81939,1.98942,0.4138,0
3.81948,1.97879,0.420605,0
3.81957,1.97596,0.429023,0
3.81965,1.97602,0.438074,0
3.81974,1.98482,0.449119,0
3.81983,1.98187,0.45755,0
3.81991,1.98667,0.467798,0
3.82,1.98558,0.476695,0
3.82009,1.99222,0.487494,0
3.82018,1.9794,0.493521,0
3.82026,1.98886,0.505107,0
3.82035,1.9847,0.513279,0
3.82044,1.98535,0.522698,0
3.82053,1.97822,0.530061,0
3.82061,1.9865,0.541581,0
3.8207,1.98122,0.549442,0
3.82079,1.98362,0.559439,0
3.82087,1.98693,0.569742,0
3.82096,1.97866,0.576728,0
3.82105,1.98955,0.589332,0
3.82114,1.97738,0.595125,0
3.82122,1.98529,0.606964,0
3.82131,1.97403,0.612951,0
3.8214,1.98659,0.62637,0
3.82149,1.98098,0.634118,0
3.82157,1.98581,0.645227,0
3.82166,1.97822,0.65232,0
3.82175,1.9801,0.662532,0
3.82183,1.98477,0.673737,0
3.82192,1.99126,0.685646,0
3.82201,1.97975,0.691361,0
3.8221,1.97766,0.700327,0
3.82218,1.97553,0.709287,0
3.82227,1.98369,0.722004,0
3.82236,1.98709,0.733076,0
3.82245,1.98481,0.742089,0
3.82253,1.98529,0.75216,0
3.82262,1.99226,0.764757,0
3.82271,1.98331,0.771268,0
3.82279,2.00505,0.78981,0
3.82288,1.98022,0.790028,0
3.82297,1.98417,0.801658,0
3.82306,1.97881,0.809551,0
3.82314,1.98449,0.822004,0
3.82323,1.9772,0.829108,0
3.82332,1.98093,0.840853,0
3.82341,1.98367,0.852252,0
3.82349,1.98268,0.862095,0
3.82358,1.97707,0.869933,0
3.82367,1.98057,0.881805,0
3.82375,1.97488,0.889617,0
3.82384,1.98281,0.903616,0
3.82393,1.98066,0.913097,0
3.82402,1.98391,0.925111,0
3.8241,1.98076,0.934186,0
3.82419,1.9884,0.948416,0
3.82428,1.97523,0.952738,0
3.82437,1.98364,0.967485,0
3.82445,1.98388,0.978342,0
3.82454,1.99123,0.99279,0
3.82463,1.98152,0.998768,0
3.82471,1.98605,1.01194,0
3.8248,1.9834,1.02152,0
3.82489,1.97892,1.03016,0
3.82498,1.97706,1.04018,0
3.82506,1.98398,1.0549,0
3.82515,1.97936,1.06355,0
3.82524,1.98261,1.07647,0
3.82533,1.97614,1.08415,0
3.82541,1.98626,1.101,0
3.8255,1.98406,1.11112,0
3.82559,1.98528,1.12322,0
3.82567,1.98383,1.13385,0
3.82576,1.98926,1.1485,0
3.82585,1.98596,1.15818,0
3.82594,1.98692,1.17038,0
3.82602,1.97921,1.17751,0
3.82611,1.98263,1.19128,0
3.8262,1.9834,1.20355,0
3.82629,1.9858,1.2169,0
3.82637,1.97707,1.22345,0
3.82646,1.98274,1.23895,0
3.82655,1.98492,1.25239,0
3.82663,1.98534,1.2648,0
3.82672,1.97728,1.27183,0
3.82681,1.9801,1.28589,0
3.8269,1.97614,1.29562,0
3.82698,1.98381,1.31306,0
3.82707,1.9764,1.32059,0
3.82716,1.98057,1.33591,0
3.82725,1.98051,1.34848,0
3.82733,1.97873,1.35994,0
3.82742,1.97606,1.37084,0
3.82751,1.97907,1.38576,0
3.82759,1.97791,1.39785,0
3.82768,1.9783,1.41111,0
3.82777,1.98186,1.42674,0
3.82786,1.97077,1.43184,0
3.82794,1.97498,1.44812,0
3.82803,1.97186,1.4591,0
3.82812,1.9823,1.48026,0
3.82821,1.97343,1.48708,0
3.82829,1.98443,1.509,0
3.82838,1.97466,1.51521,0
3.82847,1.97277,1.52748,0
3.82855,1.97239,1.541,0
3.82864,1.97743,1.55888,0
3.82873,1.98078,1.57558,0
3.82882,1.98091,1.58985,0
3.8289,1.97473,1.5991,0
3.82899,1.97548,1.61403,0
3.82908,1.98308,1.63472,0
3.82917,1.98361,1.64975,0
3.82925,1.98176,1.66289,0
3.82934,1.97983,1.67605,0
3.82943,1.98466,1.69506,0
3.82951,1.98331,1.70893,0
3.8296,1.99168,1.73134,0
3.82969,1.9811,1.73738,0
3.82978,1.98548,1.75661,0
3.82986,1.98451,1.77125,0
3.82995,1.98197,1.78457,0
3.83004,1.98082,1.79925,0
3.83013,1.9877,1.82139,0
3.83021,1.98267,1.83276,0
3.8303,1.98928,1.85504,0
3.83039,1.98263,1.86507,0
3.83047,1.99043,1.88884,0
3.83056,1.98072,1.89613,0
3.83065,1.98034,1.91239,0
3.83074,1.98416,1.93288,0
3.83082,1.9864,1.95203,0
3.83091,1.98852,1.97124,0
3.831,1.98697,1.98697,0
3.83108,1.99025,2.00769,0
3.83117,1.98498,2.01993,0
3.83126,1.98731,2.04003,0
3.83135,1.98117,2.05156,0
3.83143,1.98741,2.07607,0
3.83152,1.98177,2.08835,0
3.83161,1.97675,2.10135,0
3.8317,1.98734,2.13116,0
3.83178,1.98481,2.14716,0
3.83187,1.99164,2.17349,0
3.83196,1.99357,2.19475,0
3.83204,1.99669,2.21754,0
3.83213,1.99032,2.22997,0
3.83222,2.02828,2.29255,0
3.83231,2.2787,2.59836,0
3.83239,2.24766,2.58563,0
3.83248,2.24158,2.60148,0
3.83257,2.23735,2.6196,0
3.83266,2.23624,2.64155,0
3.83274,2.23626,2.66507,0
3.83283,2.22781,2.67864,0
3.83292,2.21991,2.69297,0
3.833,2.20751,2.70186,0
3.83309,2.18563,2.69903,0
3.83318,2.16632,2.69918,0
3.83327,2.15328,2.70704,0
3.83335,2.1303,2.70228,0
3.83344,2.10803,2.69815,0
3.83353,2.08582,2.69388,0
3.83362,2.06309,2.68867,0
3.8337,2.04892,2.69447,0
3.83379,2.03173,2.69619,0
3.83388,2.00917,2.69061,0
3.83396,1.99504,2.69614,0
3.83405,2.0347,2.77498,0
3.83414,1.95439,2.68998,0
3.83423,2.01099,2.79344,0
3.83431,1.92619,2.70042,0
3.8344,1.904,2.6941,0
3.83449,1.88592,2.69337,0
3.83458,1.8713,2.69747,0
3.83466,1.85498,2.69901,0
3.83475,1.83474,2.69468,0
3.83484,1.87609,2.78142,0
3.83492,1.80783,2.7056,0
3.83501,1.84899,2.79352,0
3.8351,1.83075,2.79236,0
3.83519,1.81964,2.802,0
3.83527,1.81226,2.81748,0
3.83536,1.6076,2.52343,0
3.83545,1.59604,2.52957,0
3.83554,1.61201,2.57976,0
3.83562,1.68494,2.72283,0
3.83571,1.51525,2.47266,0
3.8358,1.4562,2.39974,0
3.83588,1.44056,2.3975,0
3.83597,1.42242,2.39087,0
3.83606,1.41197,2.39705,0
3.83615,1.39848,2.39801,0
3.83623,1.3935,2.41361,0
3.83632,1.38047,2.41533,0
3.83641,1.36106,2.40566,0
3.8365,1.36081,2.4299,0
3.83658,1.36183,2.45681,0
3.83667,1.36264,2.48377,0
3.83676,1.3537,2.4932,0
3.83684,1.35369,2.51935,0
3.83693,1.33189,2.50492,0
3.83702,1.32747,2.5231,0
3.83711,1.31183,2.52,0
3.83719,1.29853,2.52125,0
3.83728,1.26527,2.48324,0
3.83737,1.26433,2.50838,0
3.83746,1.23463,2.47628,0
3.83754,1.22072,2.47537,0
3.83763,1.2099,2.48067,0
3.83772,1.1969,2.48142,0
3.8378,1.18391,2.48211,0
3.83789,1.16581,2.47188,0
3.83798,1.15544,2.47785,0
3.83807,1.14085,2.47469,0
3.83815,1.13377,2.48783,0
3.83824,1.11592,2.47726,0
3.83833,1.10348,2.47845,0
3.83842,1.09547,2.48965,0
3.8385,1.07343,2.46873,0
3.83859,1.06226,2.47247,0
3.83868,1.05458,2.48444,0
3.83876,1.04219,2.48533,0
3.83885,1.02559,2.476,0
3.83894,1.01213,2.47397,0
3.83903,1.00207,2.48022,0
3.83911,0.984571,2.46785,0
3.8392,0.979291,2.48608,0
3.83929,0.966985,2.4866,0
3.83938,0.956126,2.49079,0
3.83946,0.9371,2.47343,0
3.83955,0.927699,2.48124,0
3.83964,0.911672,2.4712,0
3.83972,0.901565,2.47703,0
3.83981,0.894466,2.49129,0
3.8399,0.878914,2.48197,0
3.83999,0.866097,2.48012,0
3.84007,0.856895,2.4886,0
3.84016,0.8441,2.48664,0
3.84025,0.829752,2.47987,0
3.84034,0.819863,2.48631,0
3.84042,0.80808,2.48701,0
3.84051,0.79661,2.48861,0
3.8406,0.781835,2.47966,0
3.84068,0.768339,2.47446,0
3.84077,0.758412,2.48065,0
3.84086,0.752769,2.50118,0
3.84095,0.736452,2.48622,0
3.84103,0.728675,2.49997,0
3.84112,0.71583,2.4964,0
3.84121,0.702759,2.4918,0
3.8413,0.688673,2.48328,0
3.84138,0.67941,2.49205,0
3.84147,0.667236,2.49016,0
3.84156,0.657382,2.49691,0
3.84164,0.642475,2.48427,0
3.84173,0.632368,2.48995,0
3.84182,0.62053,2.48881,0
3.84191,0.608476,2.48664,0
3.84199,0.598787,2.49413,0
3.84208,0.586065,2.48893,0
3.84217,0.574975,2.49049,0
3.84226,0.563441,2.49005,0
3.84234,0.553003,2.49444,0
3.84243,0.540417,2.48901,0
3.84252,0.527888,2.48352,0
3.8426,0.520712,2.50342,0
3.84269,0.507392,2.49391,0
3.84278,0.498261,2.50493,0
3.84287,0.486563,2.50315,0
3.84295,0.473585,2.49444,0
3.84304,0.462332,2.49452,0
3.84313,0.451977,2.49946,0
3.84321,0.441414,2.50338,0
3.8433,0.430656,2.50627,0
3.84339,0.417075,2.49234,0
3.84348,0.407322,2.50105,0
3.84356,0.398126,2.51367,0
3.84365,0.38472,2.49957,0
3.84374,0.37381,2.50122,0
3.84383,0.363754,2.50877,0
3.84391,0.354196,2.52023,0
3.844,0.347241,2.55148,0
3.84409,0.338193,2.56883,0
3.84417,0.32471,2.55243,0
3.84426,0.312108,2.54191,0
3.84435,0.302306,2.55417,0
3.84444,0.289461,2.54056,0
3.84452,0.281748,2.57262,0
3.84461,0.26937,2.56288,0
3.8447,0.258786,2.57,0
3.84479,0.246707,2.56215,0
3.84487,0.235068,2.55822,0
3.84496,0.22399,2.56022,0
3.84505,0.212072,2.5522,0
3.84513,0.201012,2.5541,0
3.84522,0.192015,2.58388,0
3.84531,0.18046,2.5807,0
3.8454,0.16946,2.58545,0
3.84548,0.158665,2.59415,0
3.84557,0.146551,2.58084,0
3.84566,0.134242,2.56148,0
3.84575,0.12292,2.55905,0
3.84583,0.111709,2.55856,0
3.84592,0.0679981,1.73066,0
3.84601,0.0587359,1.68197,0
3.84609,0.0524042,1.7152,0
3.84618,0.0450244,1.71941,0
3.84627,0.036889,1.6906,0
3.84636,0.0173477,0.993849,0
3.84644,0.0142415,1.08791,0
3.84653,0.00897964,1.02896,0
3.84662,0.00421499,0.965991,0
3.84671,3.43813e-08,0.945,0
3.84679,-0.00393131,0.900991,0
3.84688,-0.00765314,0.876967,0
3.84697,-0.011113,0.848927,0
3.84705,-0.0144506,0.827874,0
3.84714,-0.0185208,0.848798,0
3.84723,-0.0222504,0.849709,0
3.84732,-0.0262326,0.858599,0
3.8474,-0.0296994,0.850482,0
3.84749,-0.0336064,0.85534,0
3.84758,-0.036902,0.845195,0
3.84767,-0.0401097,0.835037,0
3.84775,-0.0451136,0.860819,0
3.84784,-0.0489258,0.861612,0
3.84793,-0.0526849,0.86139,0
3.84801,-0.0563775,0.860154,0
3.8481,-0.0606881,0.867881,0
3.84819,-0.0670681,0.902511,0
3.84828,-0.0819113,1.04078,0
3.84836,-0.0929108,1.11815,0
3.84845,-0.0955226,1.09183,0
3.84854,-0.0789659,0.85938,0
3.84863,-0.0992003,1.03024,0
3.84871,-0.085761,0.851693,0
3.8488,-0.0910443,0.866229,0
3.84889,-0.0886176,0.809162,0
3.84897,-0.0845628,0.742198,0
3.84906,-0.0860373,0.726926,0
3.84915,-0.0879896,0.716618,0
3.84924,-0.0893488,0.70234,0
3.84932,-0.0935873,0.710866,0
3.84941,-0.0956093,0.702524,0
3.8495,-0.0986737,0.7021,0
3.84959,-0.102597,0.707601,0
3.84967,-0.105536,0.706157,0
3.84976,-0.10892,0.707667,0
3.84985,-0.111225,0.702246,0
3.84993,-0.11686,0.717546,0
3.85002,-0.118999,0.711112,0
3.85011,-0.12244,0.712557,0
3.8502,-0.125027,0.709062,0
3.85028,-0.129721,0.717366,0
3.85037,-0.133032,0.717776,0
3.85046,-0.138587,0.729961,0
3.85055,-0.139481,0.717569,0
3.85063,-0.143977,0.723819,0
3.85072,-0.147931,0.727104,0
3.85081,-0.154157,0.741137,0
3.85089,-0.153855,0.723829,0
3.85098,-0.159133,0.732923,0
3.85107,-0.161031,0.726364,0
3.85116,-0.163537,0.722729,0
3.85124,-0.169163,0.732726,0
3.85133,-0.172588,0.732955,0
3.85142,-0.173216,0.721498,0
3.85151,-0.181354,0.741134,0
3.85159,-0.189667,0.760712,0
3.85168,-0.197661,0.778292,0
3.85177,-0.203559,0.787104,0
3.85185,-0.217175,0.82489,0
3.85194,-0.232161,0.866435,0
3.85203,-0.235676,0.86445,0
3.85212,-0.226885,0.818122,0
3.8522,-0.223395,0.792101,0
3.85229,-0.208933,0.728636,0
3.85238,-0.204835,0.702757,0
3.85247,-0.216988,0.732538,0
3.85255,-0.248713,0.826384,0
3.85264,-0.269567,0.881713,0
3.85273,-0.274597,0.884348,0
3.85281,-0.270034,0.856438,0
3.8529,-0.271634,0.848585,0
3.85299,-0.272862,0.839783,0
3.85308,-0.272452,0.826238,0
3.85316,-0.269074,0.804178,0
3.85325,-0.270331,0.796368,0
3.85334,-0.272175,0.790454,0
3.85343,-0.269687,0.772265,0
3.85351,-0.274055,0.773909,0
3.8536,-0.265603,0.739764,0
3.85369,-0.271564,0.746116,0
3.85377,-0.271702,0.73648,0
3.85386,-0.273162,0.730604,0
3.85395,-0.27245,0.719119,0
3.85404,-0.270926,0.705787,0
3.85412,-0.265305,0.68223,0
3.85421,-0.287337,0.729447,0
3.8543,-0.295705,0.74119,0
3.85439,-0.301933,0.74731,0
3.85447,-0.294967,0.720996,0
3.85456,-0.294284,0.710463,0
3.85465,-0.287713,0.686118,0
3.85473,-0.275465,0.648956,0
3.85482,-0.268031,0.623859,0
3.85491,-0.261978,0.602508,0
3.855,-0.26541,0.60319,0
3.85508,-0.279021,0.626692,0
3.85517,-0.287503,0.638233,0
3.85526,-0.295676,0.648802,0
3.85535,-0.301435,0.653863,0
3.85543,-0.305553,0.655261,0
3.85552,-0.302437,0.641259,0
3.85561,-0.302649,0.634517,0
3.85569,-0.309759,0.642198,0
3.85578,-0.312559,0.64084,0
3.85587,-0.315352,0.63947,0
3.85596,-0.313231,0.628244,0
3.85604,-0.311918,0.618834,0
3.85613,-0.315069,0.618359,0
3.85622,-0.318222,0.617867,0
3.8563,-0.316298,0.607602,0
3.85639,-0.314755,0.598252,0
3.85648,-0.311729,0.586277,0
3.85657,-0.315704,0.587554,0
3.85665,-0.310153,0.571231,0
3.85674,-0.307352,0.560228,0
3.85683,-0.30543,0.55101,0
3.85692,-0.307831,0.549672,0
3.857,-0.312197,0.551806,0
3.85709,-0.316586,0.553911,0
3.85718,-0.3085,0.534338,0
3.85726,-0.309821,0.531259,0
3.85735,-0.310106,0.526455,0
3.85744,-0.308821,0.519081,0
3.85753,-0.312628,0.520301,0
3.85761,-0.307633,0.506963,0
3.8577,-0.312977,0.510731,0
3.85779,-0.305204,0.493204,0
3.85788,-0.310533,0.496956,0
3.85796,-0.308963,0.489676,0
3.85805,-0.311634,0.489167,0
3.85814,-0.309978,0.481915,0
3.85822,-0.307176,0.47301,0
3.85831,-0.306496,0.467484,0
3.8584,-0.315708,0.476983,0
3.85849,-0.309453,0.463129,0
3.85857,-0.305878,0.453484,0
3.85866,-0.307854,0.452145,0
3.85875,-0.310391,0.451621,0
3.85884,-0.307228,0.442868,0
3.85892,-0.313173,0.447257,0
3.85901,-0.30935,0.43772,0
3.8591,-0.304869,0.427411,0
3.85918,-0.306731,0.426076,0
3.85927,-0.307412,0.423116,0
3.85936,-0.303933,0.414513,0
3.85945,-0.309308,0.418006,0
3.85953,-0.309334,0.414248,0
3.85962,-0.311138,0.412895,0
3.85971,-0.309305,0.406757,0
3.8598,-0.309251,0.403024,0
3.85988,-0.311006,0.40167,0
3.85997,-0.310293,0.397157,0
3.86006,-0.312642,0.396585,0
3.86014,-0.31188,0.392087,0
3.86023,-0.309206,0.385263,0
3.86032,-0.310884,0.38391,0
3.86041,-0.311291,0.381001,0
3.86049,-0.309134,0.37501,0
3.86058,-0.306931,0.369044,0
3.86067,-0.310466,0.369999,0
3.86076,-0.306909,0.362535,0
3.86084,-0.309137,0.361953,0
3.86093,-0.308103,0.357571,0
3.86102,-0.309004,0.355468,0
3.8611,-0.307255,0.350357,0
3.86119,-0.309444,0.349762,0
3.86128,-0.300313,0.336472,0
3.86137,-0.297094,0.329956,0
3.86145,-0.359716,0.396017,0
3.86154,-0.235105,0.256573,0
3.86163,-0.174452,0.188721,0
3.86172,-0.0525139,0.0563142,0
3.8618,-0.0760553,0.0808492,0
3.86189,-0.0474965,0.0500508,0
3.86198,-0.0380332,0.03973,0
3.86206,-0.0187558,0.0194222,0
3.86215,-0.0272138,0.0279358,0
3.86224,-0.0266345,0.0271035,0
3.86233,-0.0183044,0.0184648,0
