7200
2936
2.54818
2.56389,-0.0502046,-0.0502046,0
2.56398,-0.0542091,-0.0546843,0
2.56406,-0.0658855,-0.0670455,0
2.56415,-0.0607078,-0.0623183,0
2.56424,-0.0423742,-0.0438797,0
2.56432,-0.0802155,-0.0837942,0
2.56441,-0.125281,-0.132018,0
2.5645,-0.167185,-0.177723,0
2.56459,-0.287121,-0.3079,0
2.56467,-0.182597,-0.197533,0
2.56476,-0.213487,-0.23298,0
2.56485,-0.21314,-0.234649,0
2.56494,-0.222151,-0.246724,0
2.56502,-0.225068,-0.252167,0
2.56511,-0.220652,-0.249402,0
2.5652,-0.227474,-0.259385,0
2.56528,-0.228309,-0.262639,0
2.56537,-0.222591,-0.25833,0
2.56546,-0.227956,-0.266903,0
2.56555,-0.228728,-0.270184,0
2.56563,-0.226904,-0.270414,0
2.56572,-0.224443,-0.269863,0
2.56581,-0.22708,-0.27547,0
2.5659,-0.222712,-0.272586,0
2.56598,-0.232849,-0.287544,0
2.56607,-0.217195,-0.27062,0
2.56616,-0.219125,-0.275478,0
2.56624,-0.20492,-0.25994,0
2.56633,-0.201937,-0.258468,0
2.56642,-0.2155,-0.278323,0
2.56651,-0.213675,-0.278467,0
2.56659,-0.222748,-0.292929,0
2.56668,-0.221468,-0.293898,0
2.56677,-0.221978,-0.297265,0
2.56686,-0.222464,-0.300642,0
2.56694,-0.218785,-0.298385,0
2.56703,-0.222183,-0.305808,0
2.56712,-0.224936,-0.312456,0
2.5672,-0.224732,-0.315063,0
2.56729,-0.224509,-0.317674,0
2.56738,-0.227136,-0.324384,0
2.56747,-0.224009,-0.322907,0
2.56755,-0.228828,-0.332947,0
2.56764,-0.214991,-0.315757,0
2.56773,-0.225914,-0.334931,0
2.56782,-0.21945,-0.328431,0
2.5679,-0.224638,-0.339392,0
2.56799,-0.228638,-0.348731,0
2.56808,-0.227659,-0.350564,0
2.56816,-0.231537,-0.359965,0
2.56825,-0.228352,-0.358441,0
2.56834,-0.227853,-0.361126,0
2.56843,-0.228395,-0.365509,0
2.56851,-0.235218,-0.380107,0
2.5686,-0.231467,-0.37772,0
2.56869,-0.235004,-0.387275,0
2.56878,-0.237948,-0.396011,0
2.56886,-0.234684,-0.394468,0
2.56895,-0.23499,-0.398934,0
2.56904,-0.232744,-0.399092,0
2.56912,-0.23,-0.398372,0
2.56921,-0.226771,-0.396767,0
2.5693,-0.219621,-0.388179,0
2.56939,-0.226232,-0.403966,0
2.56947,-0.226406,-0.408447,0
2.56956,-0.223179,-0.406801,0
2.56965,-0.220447,-0.406014,0
2.56974,-0.22104,-0.411376,0
2.56982,-0.214548,-0.403507,0
2.56991,-0.213251,-0.405324,0
2.57,-0.210096,-0.40359,0
2.57008,-0.210164,-0.408059,0
2.57017,-0.203842,-0.400062,0
2.57026,-0.205245,-0.407198,0
2.57035,-0.207928,-0.417039,0
2.57043,-0.212741,-0.431396,0
2.57052,-0.214363,-0.43951,0
2.57061,-0.209837,-0.435037,0
2.5707,-0.211811,-0.444072,0
2.57078,-0.206886,-0.438661,0
2.57087,-0.203702,-0.43684,0
2.57096,-0.205143,-0.44499,0
2.57104,-0.217714,-0.47773,0
2.57113,-0.224663,-0.498734,0
2.57122,-0.223298,-0.501536,0
2.57131,-0.219094,-0.497929,0
2.57139,-0.218116,-0.501632,0
2.57148,-0.214346,-0.498904,0
2.57157,-0.210213,-0.495232,0
2.57166,-0.207277,-0.4943,0
2.57174,-0.204353,-0.493352,0
2.57183,-0.203334,-0.497015,0
2.57192,-0.201538,-0.498825,0
2.572,-0.201213,-0.504344,0
2.57209,-0.199743,-0.507078,0
2.57218,-0.201153,-0.517264,0
2.57227,-0.203553,-0.530274,0
2.57235,-0.205135,-0.541443,0
2.57244,-0.20242,-0.541397,0
2.57253,-0.202825,-0.54978,0
2.57262,-0.20487,-0.562876,0
2.5727,-0.20275,-0.564706,0
2.57279,-0.210632,-0.594807,0
2.57288,-0.214629,-0.614602,0
2.57296,-0.214875,-0.624042,0
2.57305,-0.216007,-0.636337,0
2.57314,-0.214181,-0.640118,0
2.57323,-0.215144,-0.652443,0
2.57331,-0.213531,-0.65718,0
2.5734,-0.21371,-0.667629,0
2.57349,-0.215606,-0.683815,0
2.57358,-0.22893,-0.737275,0
2.57366,-0.202321,-0.661763,0
2.57375,-0.623369,-2.07123,0
2.57384,-0.617165,-2.08352,0
2.57392,-0.610307,-2.09387,0
2.57401,-0.599787,-2.09171,0
2.5741,-0.590926,-2.09527,0
2.57419,-0.579907,-2.09108,0
2.57427,-0.568937,-2.08684,0
2.57436,-0.559826,-2.0893,0
2.57445,-0.549176,-2.08592,0
2.57454,-0.541322,-2.09314,0
2.57462,-0.530953,-2.09063,0
2.57471,-0.521584,-2.09196,0
2.5748,-0.513877,-2.10004,0
2.57488,-0.500507,-2.08476,0
2.57497,-0.490489,-2.08303,0
2.57506,-0.48207,-2.08807,0
2.57515,-0.472513,-2.08821,0
2.57523,-0.461449,-2.08146,0
2.57532,-0.452151,-2.08248,0
2.57541,-0.443268,-2.08541,0
2.57549,-0.434572,-2.08928,0
2.57558,-0.423458,-2.08136,0
2.57567,-0.413982,-2.08123,0
2.57576,-0.405278,-2.08498,0
2.57584,-0.395058,-2.08083,0
2.57593,-0.386522,-2.08548,0
2.57602,-0.376351,-2.08125,0
2.57611,-0.36935,-2.09469,0
2.57619,-0.357836,-2.08248,0
2.57628,-0.349406,-2.08797,0
2.57637,-0.339488,-2.08454,0
2.57645,-0.33039,-2.086,0
2.57654,-0.320676,-2.08347,0
2.57663,-0.311139,-2.08188,0
2.57672,-0.301622,-2.08025,0
2.5768,-0.292264,-2.07956,0
2.57689,-0.283726,-2.08478,0
2.57698,-0.274627,-2.086,0
2.57707,-0.264765,-2.08123,0
2.57715,-0.256779,-2.09129,0
2.57724,-0.246006,-2.07849,0
2.57733,-0.237161,-2.08153,0
2.57741,-0.228076,-2.08255,0
2.5775,-0.218255,-2.07656,0
2.57759,-0.208892,-2.07451,0
2.57768,-0.199934,-2.0764,0
2.57776,-0.190872,-2.07725,0
2.57785,-0.182068,-2.08105,0
2.57794,-0.172821,-2.07983,0
2.57803,-0.164058,-2.08455,0
2.57811,-0.15422,-2.07528,0
2.5782,-0.145024,-2.07394,0
2.57829,-0.136039,-2.07555,0
2.57837,-0.127164,-2.07911,0
2.57846,-0.117864,-2.07566,0
2.57855,-0.108649,-2.07315,0
2.57864,-0.100274,-2.08759,0
2.57872,-0.0906411,-2.07602,0
2.57881,-0.0818567,-2.08339,0
2.5789,-0.0724165,-2.07374,0
2.57899,-0.063398,-2.07503,0
2.57907,-0.0545004,-2.08129,0
2.57916,-0.0452005,-2.07151,0
2.57925,-0.0361963,-2.07368,0
2.57933,-0.0271609,-2.07482,0
2.57942,-0.0181512,-2.07992,0
2.57951,-0.00905389,-2.07498,0
2.5796,-2.49843e-08,-2.074,0
2.57968,0.0090582,-2.07598,0
2.57977,0.0181075,-2.07492,0
2.57986,0.0271216,-2.07182,0
2.57995,0.0361788,-2.07268,0
2.58003,0.0451568,-2.06951,0
2.58012,0.0544218,-2.07829,0
2.58021,0.063459,-2.07703,0
2.58029,0.072556,-2.07773,0
2.58038,0.0817389,-2.08039,0
2.58047,0.0906411,-2.07602,0
2.58056,0.0995546,-2.07261,0
2.58064,0.108283,-2.06616,0
2.58073,0.117411,-2.06767,0
2.58082,0.12637,-2.06614,0
2.58091,0.135908,-2.07355,0
2.58099,0.144884,-2.07194,0
2.58108,0.153923,-2.07129,0
2.58117,0.163273,-2.07458,0
2.58125,0.172655,-2.07784,0
2.58134,0.181545,-2.07507,0
2.58143,0.190506,-2.07327,0
2.58152,0.199647,-2.07341,0
2.5816,0.208692,-2.07252,0
2.58169,0.217001,-2.06463,0
2.58178,0.226987,-2.07261,0
2.58187,0.234897,-2.06166,0
2.58195,0.245183,-2.07154,0
2.58204,0.254341,-2.07144,0
2.58213,0.264134,-2.07627,0
2.58221,0.272017,-2.06617,0
2.5823,0.282243,-2.07388,0
2.58239,0.290733,-2.06867,0
2.58248,0.301478,-2.07926,0
2.58256,0.308478,-2.06408,0
2.58265,0.319003,-2.07259,0
2.58274,0.328199,-2.07217,0
2.58283,0.336113,-2.06381,0
2.58291,0.34561,-2.06528,0
2.583,0.354957,-2.06573,0
2.58309,0.365008,-2.07007,0
2.58317,0.373681,-2.06649,0
2.58326,0.385064,-2.07762,0
2.58335,0.392633,-2.06806,0
2.58344,0.402225,-2.06927,0
2.58352,0.410665,-2.06455,0
2.58361,0.420467,-2.06666,0
2.5837,0.429888,-2.06677,0
2.58379,0.437654,-2.059,0
2.58387,0.447483,-2.06098,0
2.58396,0.45777,-2.06487,0
2.58405,0.468099,-2.0687,0
2.58413,0.475547,-2.05982,0
2.58422,0.487738,-2.07135,0
2.58431,0.496772,-2.0692,0
2.5844,0.505796,-2.06702,0
2.58448,0.51481,-2.06479,0
2.58457,0.525291,-2.06834,0
2.58466,0.532809,-2.06022,0
2.58475,0.543066,-2.06271,0
2.58483,0.552061,-2.06032,0
2.58492,0.561046,-2.05789,0
2.58501,0.573761,-2.06891,0
2.58509,0.582511,-2.06543,0
2.58518,0.591793,-2.06383,0
2.58527,0.597995,-2.05163,0
2.58536,0.608929,-2.05571,0
2.58544,0.619334,-2.05782,0
2.58553,0.630938,-2.06371,0
2.58562,0.639344,-2.05902,0
2.58571,0.652832,-2.07052,0
2.58579,0.658812,-2.05813,0
2.58588,0.66964,-2.06094,0
2.58597,0.679879,-2.0618,0
2.58605,0.689503,-2.06071,0
2.58614,0.700738,-2.06431,0
2.58623,0.708111,-2.0565,0
2.58632,0.721033,-2.06472,0
2.5864,0.729368,-2.05967,0
2.58649,0.741727,-2.06588,0
2.58658,0.75005,-2.06075,0
2.58667,0.759381,-2.05839,0
2.58675,0.769055,-2.05693,0
2.58684,0.776606,-2.04982,0
2.58693,0.788051,-2.05294,0
2.58701,0.800988,-2.05974,0
2.5871,0.811067,-2.05901,0
2.58719,0.822637,-2.06196,0
2.58728,0.834249,-2.06484,0
2.58736,0.8406,-2.0547,0
2.58745,0.853384,-2.06025,0
2.58754,0.861205,-2.05374,0
2.58763,0.875238,-2.06193,0
2.58771,0.884226,-2.05809,0
2.5878,0.895192,-2.0588,0
2.58789,0.904166,-2.05487,0
2.58797,0.916784,-2.05913,0
2.58806,0.927403,-2.05876,0
2.58815,0.938036,-2.05833,0
2.58824,0.948264,-2.05694,0
2.58832,0.958498,-2.05551,0
2.58841,0.967884,-2.05221,0
2.5885,0.975969,-2.04616,0
2.58858,0.994011,-2.0608,0
2.58867,1.00387,-2.05824,0
2.58876,1.01461,-2.05743,0
2.58885,1.0267,-2.05924,0
2.58893,1.03613,-2.05564,0
2.58902,1.0469,-2.05466,0
2.58911,1.0554,-2.04918,0
2.5892,1.0671,-2.04988,0
2.58928,1.07976,-2.05229,0
2.58937,1.09387,-2.05727,0
2.58946,1.10189,-2.05071,0
2.58954,1.11464,-2.05292,0
2.58963,1.1284,-2.0568,0
2.58972,1.13882,-2.05448,0
2.58981,1.14875,-2.05124,0
2.58989,1.16261,-2.05491,0
2.58998,1.17057,-2.04808,0
2.59007,1.187,-2.05594,0
2.59016,1.19546,-2.04988,0
2.59024,1.20743,-2.04982,0
2.59033,1.2225,-2.05484,0
2.59042,1.23043,-2.04777,0
2.5905,1.24557,-2.05264,0
2.59059,1.254,-2.04634,0
2.59068,1.2666,-2.0468,0
2.59077,1.28028,-2.04888,0
2.59085,1.28815,-2.04159,0
2.59094,1.30994,-2.05619,0
2.59103,1.32052,-2.05298,0
2.59112,1.33654,-2.0581,0
2.5912,1.34496,-2.05141,0
2.59129,1.35832,-2.05219,0
2.59138,1.37115,-2.05207,0
2.59146,1.38121,-2.04772,0
2.59155,1.39238,-2.04498,0
2.59164,1.40922,-2.05043,0
2.59173,1.42556,-2.05494,0
2.59181,1.43796,-2.05361,0
2.5919,1.44748,-2.04814,0
2.59199,1.46627,-2.05564,0
2.59208,1.47465,-2.04841,0
2.59216,1.48651,-2.046,0
2.59225,1.49897,-2.04434,0
2.59234,1.51739,-2.05064,0
2.59242,1.52633,-2.044,0
2.59251,1.54125,-2.04531,0
2.5926,1.555,-2.04493,0
2.59269,1.56817,-2.04368,0
2.59277,1.58258,-2.04393,0
2.59286,1.59641,-2.04331,0
2.59295,1.60903,-2.04104,0
2.59304,1.62476,-2.04261,0
2.59312,1.63867,-2.04174,0
2.59321,1.65952,-2.04933,0
2.5933,1.66844,-2.04207,0
2.59338,1.68497,-2.04403,0
2.59347,1.69899,-2.04281,0
2.59356,1.71496,-2.04381,0
2.59365,1.72838,-2.04165,0
2.59373,1.74961,-2.04853,0
2.59382,1.75527,-2.03709,0
2.59391,1.77923,-2.04677,0
2.594,1.79276,-2.04425,0
2.59408,1.81227,-2.04839,0
2.59417,1.81852,-2.03748,0
2.59426,1.83743,-2.04068,0
2.59434,1.85304,-2.04004,0
2.59443,1.86936,-2.04005,0
2.59452,1.88299,-2.03701,0
2.59461,1.90414,-2.04194,0
2.59469,1.92399,-2.04527,0
2.59478,1.94254,-2.04701,0
2.59487,1.95491,-2.04212,0
2.59496,1.97352,-2.04364,0
2.59504,1.98521,-2.03788,0
2.59513,2.0025,-2.03776,0
2.59522,2.02827,-2.04604,0
2.5953,2.0294,-2.0294,0
2.59539,2.03823,-2.02052,0
2.59548,2.03633,-2.0011,0
2.59557,2.03286,-1.98033,0
2.59565,2.03357,-1.9638,0
2.59574,2.03707,-1.95007,0
2.59583,2.0267,-1.92326,0
2.59592,2.03216,-1.91166,0
2.596,2.02658,-1.88982,0
2.59609,2.01425,-1.86195,0
2.59618,2.0253,-1.85585,0
2.59626,2.03042,-1.8443,0
2.59635,2.02507,-1.82338,0
2.59644,2.02256,-1.80521,0
2.59653,2.02742,-1.79371,0
2.59661,2.0217,-1.77298,0
2.5967,2.02187,-1.75758,0
2.59679,2.0227,-1.74287,0
2.59688,2.01736,-1.72299,0
2.59696,2.02486,-1.71417,0
2.59705,2.02312,-1.6976,0
2.59714,2.02205,-1.68172,0
2.59722,2.01471,-1.6608,0
2.59731,2.02039,-1.65073,0
2.5974,2.01592,-1.63246,0
2.59749,2.0238,-1.62427,0
2.59757,2.01835,-1.60547,0
2.59766,2.02376,-1.59541,0
2.59775,2.01573,-1.57486,0
2.59784,2.021,-1.56483,0
2.59792,2.00956,-1.54199,0
2.59801,2.0107,-1.52897,0
2.5981,2.01416,-1.51778,0
2.59818,2.01355,-1.50359,0
2.59827,2.01045,-1.48765,0
2.59836,2.01772,-1.47946,0
2.59845,2.01526,-1.46417,0
2.59853,2.02001,-1.4542,0
2.59862,2.01901,-1.44014,0
2.59871,2.0073,-1.41862,0
2.5988,2.00447,-1.40354,0
2.59888,2.01386,-1.39706,0
2.59897,2.00922,-1.3809,0
2.59906,2.00365,-1.36424,0
2.59914,2.01125,-1.3566,0
2.59923,2.00966,-1.34281,0
2.59932,2.008,-1.32906,0
2.59941,2.00458,-1.31426,0
2.59949,2.00023,-1.29896,0
2.59958,2.00504,-1.28968,0
2.59967,2.00558,-1.2777,0
2.59976,2.00353,-1.26413,0
2.59984,1.9997,-1.24955,0
2.59993,2.00088,-1.23818,0
2.60002,2.01308,-1.23362,0
2.6001,2.00391,-1.216,0
2.60019,2.00663,-1.2057,0
2.60028,2.0007,-1.19029,0
2.60037,2.0119,-1.1851,0
2.60045,2.00583,-1.16976,0
2.60054,2.00138,-1.1555,0
2.60063,1.99599,-1.1408,0
2.60071,1.9966,-1.12962,0
2.6008,2.00412,-1.12236,0
2.60089,1.99851,-1.10779,0
2.60098,2.00332,-1.09906,0
2.60106,1.99579,-1.08363,0
2.60115,2.01107,-1.08059,0
2.60124,1.99634,-1.06148,0
2.60133,1.99919,-1.05182,0
2.60141,1.99844,-1.04032,0
2.6015,1.99051,-1.02518,0
2.60159,2.00566,-1.02193,0
2.60167,1.99759,-1.00687,0
2.60176,1.99749,-0.995914,0
2.60185,2.00541,-0.988958,0
2.60194,1.99982,-0.975376,0
2.60202,1.99865,-0.964034,0
2.60211,1.99381,-0.950999,0
2.6022,1.99794,-0.94229,0
2.60229,2.00385,-0.934409,0
2.60237,1.99428,-0.919377,0
2.60246,2.00373,-0.913155,0
2.60255,1.99585,-0.899064,0
2.60263,1.9961,-0.88872,0
2.60272,1.98989,-0.875571,0
2.60281,2.00744,-0.872862,0
2.6029,2.00113,-0.859752,0
2.60298,2.00762,-0.852185,0
2.60307,2.00579,-0.841096,0
2.60316,1.99743,-0.827362,0
2.60325,2.00009,-0.81826,0
2.60333,2.00086,-0.808401,0
2.60342,1.99137,-0.794475,0
2.60351,1.99482,-0.785779,0
2.60359,1.99263,-0.774893,0
2.60368,1.98946,-0.763682,0
2.60377,1.99932,-0.757474,0
2.60386,1.99792,-0.746992,0
2.60394,1.99459,-0.735845,0
2.60403,1.98651,-0.723031,0
2.60412,1.98306,-0.711991,0
2.60421,1.98332,-0.70233,0
2.60429,1.99769,-0.697625,0
2.60438,1.99883,-0.688251,0
2.60447,1.98855,-0.675023,0
2.60455,1.99432,-0.667292,0
2.60464,1.98867,-0.655765,0
2.60473,1.98676,-0.645537,0
2.60482,1.98384,-0.635032,0
2.6049,1.99899,-0.630279,0
2.60499,1.9979,-0.620365,0
2.60508,1.99198,-0.60901,0
2.60517,1.99175,-0.599448,0
2.60525,1.9838,-0.587628,0
2.60534,1.99594,-0.581765,0
2.60543,1.99077,-0.570845,0
2.60551,1.99132,-0.56161,0
2.6056,1.98315,-0.549977,0
2.60569,1.98843,-0.542107,0
2.60578,1.98015,-0.530579,0
2.60586,1.99502,-0.525244,0
2.60595,1.98761,-0.51403,0
2.60604,1.99371,-0.506337,0
2.60613,1.99299,-0.496908,0
2.60621,1.99125,-0.487256,0
2.6063,1.98461,-0.476462,0
2.60639,1.98959,-0.468486,0
2.60647,1.98577,-0.45845,0
2.60656,1.9897,-0.450223,0
2.60665,1.99164,-0.441537,0
2.60674,1.98769,-0.431569,0
2.60682,1.98955,-0.422892,0
2.60691,1.98746,-0.413393,0
2.607,1.99415,-0.405714,0
2.60709,1.98903,-0.395643,0
2.60717,1.99859,-0.388487,0
2.60726,1.9875,-0.377338,0
2.60735,1.98323,-0.367569,0
2.60743,1.98875,-0.359624,0
2.60752,1.99424,-0.351638,0
2.60761,1.98885,-0.341747,0
2.6077,1.98539,-0.332241,0
2.60778,1.98386,-0.323093,0
2.60787,1.99118,-0.315372,0
2.60796,1.98265,-0.30516,0
2.60805,1.99089,-0.29754,0
2.60813,1.98722,-0.288133,0
2.60822,1.98945,-0.279599,0
2.60831,1.99957,-0.272129,0
2.60839,1.98884,-0.261836,0
2.60848,1.98699,-0.252777,0
2.60857,1.98112,-0.243251,0
2.60866,1.98514,-0.234957,0
2.60874,1.98218,-0.22584,0
2.60883,1.9742,-0.21621,0
2.60892,1.98208,-0.208325,0
2.60901,1.97899,-0.199274,0
2.60909,1.98283,-0.190925,0
2.60918,1.98265,-0.18218,0
2.60927,1.9884,-0.173963,0
2.60935,1.98117,-0.164623,0
2.60944,1.99184,-0.156761,0
2.60953,1.97555,-0.146809,0
2.60962,1.98316,-0.138676,0
2.6097,1.97776,-0.129629,0
2.60979,1.98429,-0.121365,0
2.60988,1.98281,-0.112592,0
2.60997,1.97429,-0.103468,0
2.61005,1.97972,-0.0950927,0
2.61014,1.98511,-0.0866718,0
2.61023,1.99246,-0.0782841,0
2.61031,1.97979,-0.0691359,0
2.6104,1.98008,-0.0604968,0
2.61049,1.96932,-0.0515686,0
2.61058,1.96653,-0.0429099,0
2.61066,1.9617,-0.0342417,0
2.61075,1.81384,-0.0237446,0
2.61084,1.71693,-0.0149835,0
2.61093,1.68898,-0.00736967,0
2.61101,1.695,-4.10434e-08,0
2.6111,1.68198,0.00733905,0
2.61119,1.69194,0.0147653,0
2.61127,1.68886,0.0221083,0
2.61136,1.68974,0.0294945,0
2.61145,1.6956,0.036998,0
2.61154,1.69142,0.0442914,0
2.61162,1.68321,0.0514268,0
2.61171,1.68697,0.0589103,0
2.6118,1.6897,0.0663883,0
2.61189,1.6844,0.0735422,0
2.61197,1.68306,0.0808431,0
2.61206,1.68069,0.0880814,0
2.61215,1.6773,0.0952438,0
2.61223,1.67188,0.102256,0
2.61232,1.69636,0.111185,0
2.61241,1.73875,0.121585,0
2.6125,1.9586,0.145549,0
2.61258,1.97091,0.155114,0
2.61267,1.97519,0.164126,0
2.61276,1.98542,0.173701,0
2.61285,1.98165,0.182088,0
2.61293,1.98781,0.191404,0
2.61302,1.97999,0.199374,0
2.61311,1.97711,0.207803,0
2.61319,1.97519,0.216318,0
2.61328,1.98317,0.225954,0
2.61337,1.97819,0.234134,0
2.61346,1.98807,0.244104,0
2.61354,1.97905,0.251767,0
2.61363,1.97397,0.259878,0
2.61372,1.97579,0.268893,0
2.6138,1.97757,0.277929,0
2.61389,1.97831,0.286842,0
2.61398,1.97309,0.29488,0
2.61407,1.98661,0.305768,0
2.61415,1.98328,0.31412,0
2.61424,1.98386,0.323092,0
2.61433,1.98145,0.331581,0
2.61442,1.98392,0.340901,0
2.6145,1.97355,0.347991,0
2.61459,1.97694,0.357489,0
2.61468,1.97536,0.366111,0
2.61476,1.96981,0.373981,0
2.61485,1.97896,0.384671,0
2.61494,1.98609,0.395058,0
2.61503,1.98043,0.402923,0
2.61511,1.97278,0.410338,0
2.6152,1.97586,0.419982,0
2.61529,1.96912,0.427538,0
2.61538,1.98188,0.439372,0
2.61546,1.97604,0.447133,0
2.61555,1.96823,0.454401,0
2.61564,1.97693,0.465506,0
2.61572,1.97294,0.473661,0
2.61581,1.97085,0.482265,0
2.6159,1.97261,0.491827,0
2.61599,1.98014,0.502891,0
2.61607,1.96921,0.509273,0
2.61616,1.97084,0.518879,0
2.61625,1.97242,0.528508,0
2.61634,1.97781,0.539214,0
2.61642,1.98026,0.549175,0
2.61651,1.97111,0.55591,0
2.6166,1.97155,0.565332,0
2.61668,1.9729,0.575049,0
2.61677,1.979,0.586208,0
2.61686,1.96206,0.590514,0
2.61695,1.96329,0.600239,0
2.61703,1.96448,0.609986,0
2.61712,1.97038,0.621258,0
2.61721,1.96765,0.62985,0
2.6173,1.97534,0.641828,0
2.61738,1.97917,0.652633,0
2.61747,1.9782,0.661897,0
2.61756,1.96867,0.668273,0
2.61764,1.96952,0.678158,0
2.61773,1.97409,0.689383,0
2.61782,1.97389,0.698992,0
2.61791,1.97365,0.708611,0
2.61799,1.9649,0.715164,0
2.61808,1.97114,0.727192,0
2.61817,1.96888,0.736136,0
2.61826,1.96752,0.745428,0
2.61834,1.95678,0.751139,0
2.61843,1.96188,0.762932,0
2.61852,1.96969,0.775883,0
2.6186,1.97465,0.787805,0
2.61869,1.96841,0.79529,0
2.61878,1.97325,0.807279,0
2.61887,1.96324,0.813202,0
2.61895,1.97259,0.827175,0
2.61904,1.96896,0.835774,0
2.61913,1.96897,0.845936,0
2.61922,1.97443,0.858507,0
2.6193,1.98165,0.871947,0
2.61939,1.96869,0.876517,0
2.61948,1.9767,0.890438,0
2.61956,1.97189,0.89864,0
2.61965,1.98338,0.914353,0
2.61974,1.97394,0.920462,0
2.61983,1.98076,0.934186,0
2.61991,1.97215,0.940667,0
2.62,1.97613,0.953173,0
2.62009,1.97285,0.962225,0
2.62018,1.96774,0.970381,0
2.62026,1.97959,0.986989,0
2.62035,1.97259,0.994267,0
2.62044,1.97358,1.00559,0
2.62052,1.96651,1.01282,0
2.62061,1.97271,1.02693,0
2.6207,1.96733,1.03506,0
2.62079,1.96014,1.04223,0
2.62087,1.96703,1.05692,0
2.62096,1.96591,1.0674,0
2.62105,1.97351,1.08271,0
2.62114,1.96615,1.08985,0
2.62122,1.96835,1.10233,0
2.62131,1.96265,1.11042,0
2.6214,1.96126,1.12095,0
2.62148,1.96241,1.133,0
2.62157,1.954,1.13954,0
2.62166,1.9559,1.15211,0
2.62175,1.95859,1.16524,0
2.62183,1.96548,1.18098,0
2.62192,1.96373,1.19162,0
2.62201,1.96789,1.20593,0
2.6221,1.96346,1.21503,0
2.62218,1.96832,1.22994,0
2.62227,1.95701,1.23478,0
2.62236,1.96932,1.25459,0
2.62244,1.96803,1.26588,0
2.62253,1.96752,1.27772,0
2.62262,1.95356,1.28081,0
2.62271,1.96297,1.29926,0
2.62279,1.95479,1.30615,0
2.62288,1.96979,1.32864,0
2.62297,1.95902,1.33385,0
2.62306,1.94988,1.34012,0
2.62314,1.95059,1.35317,0
2.62323,1.96269,1.37429,0
2.62332,1.96321,1.38746,0
2.6234,1.96283,1.40007,0
2.62349,1.96563,1.41505,0
2.62358,1.96268,1.42597,0
2.62367,1.95805,1.4357,0
2.62375,1.9598,1.45018,0
2.62384,1.96467,1.46709,0
2.62393,1.96145,1.47806,0
2.62402,1.95976,1.49023,0
2.6241,1.96593,1.50851,0
2.62419,1.96803,1.52381,0
2.62428,1.96687,1.53669,0
2.62436,1.96015,1.54526,0
2.62445,1.96513,1.56313,0
2.62454,1.95985,1.57295,0
2.62463,1.96696,1.59281,0
2.62471,1.95999,1.60138,0
2.6248,1.95838,1.61437,0
2.62489,1.96516,1.63441,0
2.62498,1.96567,1.64939,0
2.62506,1.96532,1.66377,0
2.62515,1.96033,1.67428,0
2.62524,1.95982,1.68869,0
2.62532,1.96526,1.70838,0
2.62541,1.96005,1.71891,0
2.6255,1.96002,1.73408,0
2.62559,1.95691,1.74661,0
2.62567,1.95967,1.7645,0
2.62576,1.96084,1.7811,0
2.62585,1.96484,1.80045,0
2.62593,1.95917,1.81104,0
2.62602,1.96003,1.82776,0
2.62611,1.96442,1.84794,0
2.6262,1.96504,1.86475,0
2.62628,1.95327,1.86985,0
2.62637,1.95517,1.88808,0
2.62646,1.96482,1.91404,0
2.62655,1.96358,1.9296,0
2.62663,1.96153,1.94449,0
2.62672,1.95939,1.95939,0
2.62681,1.96068,1.97787,0
2.62689,1.96255,1.9971,0
2.62698,1.96428,2.01639,0
2.62707,1.96033,2.02998,0
2.62716,1.96321,2.05079,0
2.62724,1.96043,2.06587,0
2.62733,1.96031,2.08387,0
2.62742,1.96416,2.1063,0
2.62751,1.96377,2.12439,0
2.62759,1.95178,2.12999,0
2.62768,1.93574,2.13109,0
2.62777,1.91505,2.12688,0
2.62785,1.89643,2.12477,0
2.62794,1.88449,2.13003,0
2.62803,1.8699,2.13222,0
2.62812,1.85074,2.12904,0
2.6282,1.83295,2.12724,0
2.62829,1.8256,2.1375,0
2.62838,1.79946,2.1256,0
2.62847,1.78759,2.13037,0
2.62855,1.76997,2.12815,0
2.62864,1.75621,2.13046,0
2.62873,1.73425,2.12261,0
2.62881,1.72119,2.12549,0
2.6289,1.70752,2.12752,0
2.62899,1.69013,2.12478,0
2.62908,1.6796,2.13056,0
2.62916,1.66044,2.12526,0
2.62925,1.6487,2.12933,0
2.62934,1.626,2.11905,0
2.62943,1.61008,2.11737,0
2.62951,1.59481,2.11638,0
2.6296,1.59095,2.13053,0
2.62969,1.57093,2.12299,0
2.62977,1.55574,2.12176,0
2.62986,1.54411,2.12529,0
2.62995,1.52548,2.11902,0
2.63004,1.51157,2.11914,0
2.63012,1.49769,2.11918,0
2.63021,1.48843,2.1257,0
2.6303,1.46831,2.11656,0
2.63039,1.45736,2.12048,0
2.63047,1.44303,2.11938,0
2.63056,1.43209,2.12317,0
2.63065,1.41837,2.12274,0
2.63073,1.40468,2.12224,0
2.63082,1.38828,2.11748,0
2.63091,1.37903,2.12351,0
2.631,1.36109,2.11605,0
2.63108,1.34647,2.11354,0
2.63117,1.33244,2.11178,0
2.63126,1.32215,2.11588,0
2.63135,1.31185,2.11993,0
2.63143,1.29736,2.11711,0
2.63152,1.28189,2.11249,0
2.63161,1.27111,2.11549,0
2.63169,1.25983,2.11758,0
2.63178,1.24651,2.11616,0
2.63187,1.23425,2.1164,0
2.63196,1.2215,2.1157,0
2.63204,1.20581,2.10972,0
2.63213,1.19807,2.11758,0
2.63222,1.1854,2.11668,0
2.63231,1.17324,2.11658,0
2.63239,1.16014,2.11466,0
2.63248,1.14948,2.11707,0
2.63257,1.13691,2.1159,0
2.63265,1.11922,2.10495,0
2.63274,1.10723,2.1045,0
2.63283,1.09481,2.1031,0
2.63292,1.08837,2.11319,0
2.633,1.07732,2.11436,0
2.63309,1.06988,2.12261,0
2.63318,1.04946,2.10489,0
2.63327,1.04247,2.11393,0
2.63335,1.02798,2.10767,0
2.63344,1.01791,2.11034,0
2.63353,1.0061,2.10934,0
2.63361,1.00158,2.12366,0
2.6337,0.986814,2.11623,0
2.63379,0.973384,2.11143,0
2.63388,0.961674,2.1102,0
2.63396,0.951636,2.11255,0
2.63405,0.940375,2.11212,0
2.63414,0.928331,2.10979,0
2.63423,0.917123,2.10924,0
2.63431,0.907121,2.11138,0
2.6344,0.895556,2.1098,0
2.63449,0.883248,2.10631,0
2.63457,0.867543,2.09443,0
2.63466,0.859911,2.1019,0
2.63475,0.849608,2.10285,0
2.63484,0.838201,2.10097,0
2.63492,0.831591,2.11112,0
2.63501,0.818748,2.10541,0
2.6351,0.81027,2.11083,0
2.63519,0.796801,2.10312,0
2.63527,0.786916,2.1047,0
2.63536,0.775995,2.10343,0
2.63545,0.766467,2.10585,0
2.63553,0.756258,2.10635,0
2.63562,0.743388,2.09926,0
2.63571,0.737188,2.11098,0
2.6358,0.723087,2.1,0
2.63588,0.713596,2.10218,0
2.63597,0.700926,2.09485,0
2.63606,0.691466,2.09694,0
2.63615,0.683237,2.10279,0
2.63623,0.668263,2.08765,0
2.63632,0.66035,2.09436,0
2.63641,0.652095,2.10009,0
2.63649,0.642341,2.101,0
2.63658,0.632015,2.09995,0
2.63667,0.622846,2.10269,0
2.63676,0.611986,2.09963,0
2.63684,0.601716,2.09843,0
2.63693,0.591469,2.09719,0
2.63702,0.581511,2.09686,0
2.63711,0.573671,2.1042,0
2.63719,0.561379,2.09509,0
2.63728,0.551468,2.09462,0
2.63737,0.544076,2.10378,0
2.63745,0.531445,2.09257,0
2.63754,0.524003,2.10166,0
2.63763,0.512451,2.09421,0
2.63772,0.503075,2.09546,0
2.6378,0.493239,2.09471,0
2.63789,0.486569,2.10756,0
2.63798,0.4745,2.09699,0
2.63807,0.464696,2.09611,0
2.63815,0.456819,2.10398,0
2.63824,0.445971,2.09813,0
2.63833,0.438033,2.10593,0
2.63841,0.42585,2.09312,0
2.6385,0.419249,2.10771,0
2.63859,0.40795,2.09872,0
2.63868,0.399162,2.10244,0
2.63876,0.388344,2.09532,0
2.63885,0.379376,2.09797,0
2.63894,0.369002,2.09272,0
2.63902,0.359021,2.08938,0
2.63911,0.352047,2.10375,0
2.6392,0.340935,2.09342,0
2.63929,0.331485,2.09291,0
2.63937,0.321589,2.0894,0
2.63946,0.312913,2.09375,0
2.63955,0.303487,2.09311,0
2.63964,0.295186,2.10036,0
2.63972,0.285884,2.10064,0
2.63981,0.276846,2.10285,0
2.6399,0.267163,2.10007,0
2.63998,0.258729,2.10718,0
2.64007,0.247299,2.08942,0
2.64016,0.238632,2.09445,0
2.64025,0.229709,2.09746,0
2.64033,0.220242,2.09546,0
2.64042,0.210094,2.08645,0
2.64051,0.202235,2.10029,0
2.6406,0.192245,2.09219,0
2.64068,0.183201,2.094,0
2.64077,0.173815,2.09179,0
2.64086,0.165235,2.09951,0
2.64094,0.155035,2.08625,0
2.64103,0.146489,2.09488,0
2.64112,0.137608,2.0995,0
2.64121,0.128751,2.10507,0
2.64129,0.118942,2.09463,0
2.64138,0.109801,2.09512,0
2.64147,0.100658,2.09558,0
2.64156,0.0916444,2.099,0
2.64164,0.0822494,2.09338,0
2.64173,0.0729749,2.08973,0
2.64182,0.0641615,2.10002,0
2.6419,0.0548408,2.09428,0
2.64199,0.0457241,2.0955,0
2.64208,0.0364931,2.09068,0
2.64217,0.0274228,2.09482,0
2.64225,0.0183171,2.09892,0
2.64234,0.0091063,2.08698,0
2.64243,7.58208e-08,2.084,0
2.64252,-0.00913669,2.09398,0
2.6426,-0.0182995,2.09692,0
2.64269,-0.0273703,2.09082,0
2.64278,-0.0365627,2.09468,0
2.64286,-0.0457676,2.0975,0
2.64295,-0.0548668,2.09528,0
2.64304,-0.0640392,2.09602,0
2.64313,-0.0732191,2.09672,0
2.64321,-0.0823278,2.09538,0
2.6433,-0.0917315,2.101,0
2.64339,-0.100658,2.09558,0
2.64348,-0.110167,2.10212,0
2.64356,-0.118828,2.09263,0
2.64365,-0.127591,2.0861,0
2.64374,-0.137346,2.0955,0
2.64382,-0.14614,2.0899,0
2.64391,-0.155183,2.08824,0
2.644,-0.164372,2.08854,0
2.64409,-0.172821,2.07983,0
2.64417,-0.182155,2.08205,0
2.64426,-0.192702,2.09717,0
2.64435,-0.200893,2.08635,0
2.64444,-0.210896,2.09441,0
2.64452,-0.220032,2.09347,0
2.64461,-0.229056,2.09149,0
2.6447,-0.238293,2.09147,0
2.64478,-0.247886,2.09438,0
2.64487,-0.256535,2.08931,0
2.64496,-0.265901,2.09015,0
2.64505,-0.0677431,0.51456,0
2.64513,-0.0757862,0.556867,0
2.64522,-0.0794678,0.565443,0
2.64531,-0.0837997,0.577956,0
2.6454,-0.0894247,0.598355,0
2.64548,-0.0889922,0.578191,0
2.64557,-0.0905755,0.571872,0
2.64566,-0.0930699,0.571471,0
2.64574,-0.0945723,0.565142,0
2.64583,-0.0977146,0.568666,0
2.64592,-0.0989794,0.56134,0
2.64601,-0.104097,0.575664,0
2.64609,-0.106608,0.575204,0
2.64618,-0.110049,0.579646,0
2.64627,-0.118683,0.610572,0
2.64636,-0.112177,0.563952,0
2.64644,-0.120618,0.592854,0
2.64653,-0.12524,0.602113,0
2.64662,-0.121628,0.572216,0
2.6467,-0.127731,0.588293,0
2.64679,-0.135924,0.613114,0
2.64688,-0.132639,0.586181,0
2.64697,-0.143969,0.623597,0
2.64705,-0.145313,0.617122,0
2.64714,-0.148238,0.617455,0
2.64723,-0.148791,0.60806,0
2.64732,-0.14854,0.595762,0
2.6474,-0.143261,0.564092,0
2.64749,-0.140964,0.545067,0
2.64758,-0.144614,0.549282,0
2.64766,-0.147527,0.550578,0
2.64775,-0.15098,0.553788,0
2.64784,-0.15099,0.544451,0
2.64793,-0.155535,0.551487,0
2.64801,-0.15794,0.550803,0
2.6481,-0.160902,0.552029,0
2.64819,-0.163877,0.553239,0
2.64828,-0.162543,0.54007,0
2.64836,-0.165482,0.541268,0
2.64845,-0.171104,0.551047,0
2.64854,-0.175011,0.555063,0
2.64862,-0.176516,0.551437,0
2.64871,-0.177994,0.547809,0
2.6488,-0.17913,0.543228,0
2.64889,-0.184671,0.551924,0
2.64897,-0.183863,0.541644,0
2.64906,-0.186225,0.540837,0
2.64915,-0.189572,0.542851,0
2.64924,-0.195945,0.553331,0
2.64932,-0.198019,0.551529,0
2.64941,-0.198714,0.545961,0
2.6495,-0.200402,0.543213,0
2.64958,-0.204171,0.54608,0
2.64967,-0.209032,0.55173,0
2.64976,-0.206778,0.538676,0
2.64985,-0.212751,0.547089,0
2.64993,-0.215136,0.546155,0
2.65002,-0.217517,0.545211,0
2.65011,-0.221018,0.547038,0
2.6502,-0.224917,0.549771,0
2.65028,-0.226166,0.546013,0
2.65037,-0.230093,0.54871,0
2.65046,-0.23522,0.554144,0
2.65054,-0.236846,0.551275,0
2.65063,-0.232072,0.533729,0
2.65072,-0.240842,0.547356,0
2.65081,-0.243228,0.5463,0
2.65089,-0.249717,0.554351,0
2.65098,-0.252133,0.553256,0
2.65107,-0.25287,0.548518,0
2.65116,-0.253571,0.543785,0
2.65124,-0.26106,0.553527,0
2.65133,-0.261751,0.548772,0
2.65142,-0.262839,0.544922,0
2.6515,-0.270037,0.553657,0
2.65159,-0.271565,0.55068,0
2.65168,-0.273073,0.5477,0
2.65177,-0.277711,0.550968,0
2.65185,-0.281928,0.553315,0
2.65194,-0.283882,0.551191,0
2.65203,-0.285822,0.54906,0
2.65211,-0.28449,0.540727,0
2.6522,-0.289664,0.544779,0
2.65229,-0.293931,0.547033,0
2.65238,-0.300133,0.552776,0
2.65246,-0.300137,0.547078,0
2.65255,-0.302036,0.544888,0
2.65264,-0.30832,0.550545,0
2.65273,-0.30678,0.542232,0
2.65281,-0.315594,0.552174,0
2.6529,-0.317,0.54906,0
2.65299,-0.31637,0.542489,0
2.65307,-0.319242,0.541965,0
2.65316,-0.319558,0.537129,0
2.65325,-0.326019,0.542587,0
2.65334,-0.32579,0.536885,0
2.65342,-0.320814,0.523521,0
2.65351,-0.320464,0.517865,0
2.6536,-0.318481,0.509677,0
2.65369,-0.314833,0.498979,0
2.65377,-0.308947,0.48495,0
2.65386,-0.315388,0.490326,0
2.65395,-0.310989,0.478881,0
2.65403,-0.317462,0.48421,0
2.65412,-0.326747,0.49366,0
2.65421,-0.322786,0.483084,0
2.6543,-0.319858,0.47421,0
2.65438,-0.32305,0.474463,0
2.65447,-0.322285,0.468928,0
2.65456,-0.317488,0.457657,0
2.65465,-0.317188,0.452991,0
2.65473,-0.323778,0.458136,0
2.65482,-0.326936,0.458347,0
2.65491,-0.321922,0.447177,0
2.65499,-0.321519,0.442532,0
2.65508,-0.321081,0.437899,0
2.65517,-0.320609,0.433279,0
2.65526,-0.318907,0.427068,0
2.65534,-0.319564,0.424075,0
2.65543,-0.321411,0.422677,0
2.65552,-0.326296,0.425237,0
2.65561,-0.318965,0.411949,0
2.65569,-0.318913,0.40819,0
2.65578,-0.323786,0.410721,0
2.65587,-0.323085,0.406174,0
2.65595,-0.322976,0.40242,0
2.65604,-0.321583,0.397122,0
2.65613,-0.320782,0.392617,0
2.65622,-0.318675,0.386584,0
2.6563,-0.322917,0.388265,0
2.65639,-0.323965,0.386086,0
2.65648,-0.32177,0.38009,0
2.65657,-0.321477,0.376401,0
2.65665,-0.317241,0.368177,0
2.65674,-0.314252,0.361506,0
2.65683,-0.318464,0.363139,0
2.65691,-0.312757,0.353507,0
2.657,-0.310967,0.348409,0
2.65709,-0.313153,0.347792,0
2.65718,-0.300548,0.330878,0
2.65726,-0.13782,0.150405,0
2.65735,-0.370625,0.40094,0
2.65744,-0.237335,0.254511,0
2.65753,-0.165814,0.176266,0
2.65761,-0.134229,0.141448,0
2.6577,-0.137611,0.14375,0
2.65779,-0.154909,0.160413,0
2.65787,-0.168865,0.173345,0
2.65796,-0.180835,0.184019,0
2.65805,-0.233733,0.235782,0
2.65814,-0.204354,0.204354,0
