7200
3459
3.00197
3.01767,-0.0282843,-0.0282843,0
3.01776,-0.0190084,-0.019175,0
3.01794,-0.0474498,-0.0487085,0
3.01802,-0.0187558,-0.0194222,0
3.01811,-0.0401078,-0.0418971,0
3.0182,-0.0468081,-0.0493255,0
3.01829,-0.0479628,-0.050986,0
3.01837,-0.0518319,-0.0555829,0
3.01846,-0.0481949,-0.0521369,0
3.01855,-0.0337795,-0.0368639,0
3.01863,-0.0490828,-0.0540359,0
3.01872,-0.0475083,-0.0527633,0
3.01881,-0.061927,-0.0693833,0
3.0189,-0.0775265,-0.0876278,0
3.01898,-0.068572,-0.0781913,0
3.01907,-0.0852877,-0.0981122,0
3.01916,-0.0770257,-0.0893927,0
3.01924,-0.0779338,-0.0912487,0
3.01933,-0.0775349,-0.0915879,0
3.01942,-0.0944898,-0.112609,0
3.01951,-0.0818482,-0.0984118,0
3.01959,-0.137393,-0.166671,0
3.01968,-0.267002,-0.326794,0
3.01977,-0.199495,-0.246355,0
3.01986,-0.208433,-0.259702,0
3.01994,-0.20543,-0.258261,0
3.02003,-0.216064,-0.274076,0
3.02012,-0.232104,-0.29708,0
3.0202,-0.223459,-0.288602,0
3.02029,-0.222807,-0.290367,0
3.02038,-0.218511,-0.287357,0
3.02047,-0.217857,-0.289106,0
3.02055,-0.223175,-0.298868,0
3.02064,-0.224248,-0.303054,0
3.02073,-0.226472,-0.308868,0
3.02082,-0.230412,-0.317135,0
3.0209,-0.222599,-0.30921,0
3.02099,-0.221248,-0.310178,0
3.02108,-0.217584,-0.307874,0
3.02116,-0.222548,-0.317831,0
3.02125,-0.225149,-0.324551,0
3.02134,-0.229961,-0.334595,0
3.02143,-0.217806,-0.31989,0
3.02151,-0.222559,-0.329957,0
3.0216,-0.22445,-0.335914,0
3.02169,-0.224638,-0.339392,0
3.02178,-0.226993,-0.346222,0
3.02186,-0.223302,-0.343855,0
3.02195,-0.222881,-0.346508,0
3.02204,-0.22674,-0.355911,0
3.02212,-0.222517,-0.352668,0
3.02221,-0.228395,-0.365509,0
3.0223,-0.24048,-0.388611,0
3.02239,-0.234079,-0.381983,0
3.02247,-0.233967,-0.385565,0
3.02256,-0.233312,-0.388297,0
3.02265,-0.226503,-0.380717,0
3.02274,-0.230422,-0.39118,0
3.02282,-0.229217,-0.393045,0
3.02291,-0.222,-0.384515,0
3.023,-0.219328,-0.383744,0
3.02308,-0.226022,-0.399493,0
3.02317,-0.222323,-0.396986,0
3.02326,-0.219134,-0.395328,0
3.02335,-0.226546,-0.412938,0
3.02343,-0.224742,-0.413923,0
3.02352,-0.22104,-0.411376,0
3.02361,-0.215018,-0.40439,0
3.0237,-0.225823,-0.429219,0
3.02378,-0.226719,-0.435522,0
3.02387,-0.227563,-0.441842,0
3.02396,-0.220639,-0.433029,0
3.02404,-0.2273,-0.450954,0
3.02413,-0.21239,-0.425989,0
3.02422,-0.222029,-0.45023,0
3.02431,-0.219186,-0.449397,0
3.02439,-0.219395,-0.454853,0
3.02448,-0.220422,-0.462124,0
3.02457,-0.219256,-0.46489,0
3.02466,-0.220607,-0.473093,0
3.02474,-0.227332,-0.493122,0
3.02483,-0.228496,-0.501389,0
3.02492,-0.219735,-0.487793,0
3.025,-0.222892,-0.500623,0
3.02509,-0.236815,-0.538203,0
3.02518,-0.218116,-0.501632,0
3.02527,-0.21632,-0.503498,0
3.02535,-0.636892,-1.50042,0
3.02544,-0.621058,-1.48105,0
3.02553,-0.607319,-1.4662,0
3.02562,-0.599401,-1.46513,0
3.0257,-0.593002,-1.46773,0
3.02579,-0.588816,-1.47588,0
3.02588,-0.579438,-1.47099,0
3.02596,-0.580626,-1.49308,0
3.02605,-0.576972,-1.50306,0
3.02614,-0.573597,-1.51398,0
3.02623,-0.57329,-1.53333,0
3.02631,-0.571093,-1.54802,0
3.0264,-0.570832,-1.56835,0
3.02649,-0.560942,-1.56235,0
3.02658,-0.552117,-1.55913,0
3.02666,-0.54333,-1.55586,0
3.02675,-0.536536,-1.55821,0
3.02684,-0.531982,-1.56717,0
3.02692,-0.528312,-1.57896,0
3.02701,-0.523923,-1.58885,0
3.0271,-0.519149,-1.59777,0
3.02719,-0.515526,-1.6105,0
3.02727,-0.511501,-1.62227,0
3.02736,-0.507679,-1.63499,0
3.02745,-0.500833,-1.63815,0
3.02754,-0.498868,-1.65756,0
3.02762,-0.495891,-1.6741,0
3.02771,-0.49054,-1.68297,0
3.0278,-0.4865,-1.69663,0
3.02788,-0.484521,-1.71798,0
3.02797,-0.481831,-1.73743,0
3.02806,-0.475034,-1.74241,0
3.02815,-0.475709,-1.77537,0
3.02823,-0.487817,-1.85286,0
3.02832,-0.571117,-2.20834,0
3.02841,-0.552122,-2.17399,0
3.0285,-0.53997,-2.1657,0
3.02858,-0.532179,-2.17483,0
3.02867,-0.522684,-2.17714,0
3.02876,-0.511575,-2.17258,0
3.02884,-0.500516,-2.16797,0
3.02893,-0.493038,-2.17891,0
3.02902,-0.483093,-2.17909,0
3.02911,-0.470822,-2.16848,0
3.02919,-0.46198,-2.17344,0
3.02928,-0.452492,-2.17544,0
3.02937,-0.442996,-2.17739,0
3.02946,-0.433101,-2.17734,0
3.02954,-0.421879,-2.17038,0
3.02963,-0.41371,-2.17908,0
3.02972,-0.402558,-2.17201,0
3.0298,-0.393077,-2.17375,0
3.02989,-0.381852,-2.16559,0
3.02998,-0.372061,-2.16527,0
3.03007,-0.36294,-2.16884,0
3.03015,-0.355402,-2.18225,0
3.03024,-0.344469,-2.17489,0
3.03033,-0.334519,-2.17341,0
3.03042,-0.325033,-2.17485,0
3.0305,-0.314679,-2.17031,0
3.03059,-0.304928,-2.16968,0
3.03068,-0.296133,-2.17594,0
3.03076,-0.285069,-2.16532,0
3.03085,-0.275871,-2.16852,0
3.03094,-0.266041,-2.16673,0
3.03103,-0.256467,-2.16688,0
3.03111,-0.247575,-2.17294,0
3.0312,-0.237656,-2.17003,0
3.03129,-0.228186,-2.17104,0
3.03138,-0.21821,-2.16704,0
3.03146,-0.208752,-2.16797,0
3.03155,-0.199657,-2.17285,0
3.03164,-0.190087,-2.1727,0
3.03172,-0.180522,-2.17251,0
3.03181,-0.170727,-2.16929,0
3.0319,-0.160964,-2.16603,0
3.03199,-0.151999,-2.17369,0
3.03207,-0.142186,-2.16935,0
3.03216,-0.13272,-2.16995,0
3.03225,-0.122967,-2.16551,0
3.03233,-0.113255,-2.16103,0
3.03242,-0.104257,-2.1705,0
3.03251,-0.094785,-2.17093,0
3.0326,-0.0851546,-2.16733,0
3.03268,-0.0757319,-2.16868,0
3.03277,-0.0662075,-2.16699,0
3.03286,-0.0566731,-2.16426,0
3.03295,-0.0472729,-2.16648,0
3.03303,-0.0377321,-2.16167,0
3.03312,-0.0282866,-2.16081,0
3.03321,-0.0188755,-2.16292,0
3.03329,-0.00945095,-2.16598,0
3.03338,-2.61287e-08,-2.169,0
3.03347,0.00943781,-2.16298,0
3.03356,0.0188929,-2.16492,0
3.03364,0.028352,-2.16581,0
3.03373,0.0378891,-2.17067,0
3.03382,0.0472074,-2.16349,0
3.03391,0.0565422,-2.15926,0
3.03399,0.0660853,-2.16299,0
3.03408,0.0754178,-2.15968,0
3.03417,0.085076,-2.16533,0
3.03425,0.0945232,-2.16494,0
3.03434,0.104065,-2.1665,0
3.03443,0.113307,-2.16203,0
3.03452,0.123023,-2.16651,0
3.0346,0.13217,-2.16096,0
3.03469,0.141336,-2.15637,0
3.03478,0.151092,-2.16072,0
3.03487,0.160667,-2.16204,0
3.03495,0.170021,-2.16032,0
3.03504,0.180025,-2.16653,0
3.03513,0.189389,-2.16473,0
3.03521,0.198375,-2.15891,0
3.0353,0.20856,-2.16598,0
3.03539,0.217809,-2.16306,0
3.03548,0.227872,-2.16806,0
3.03556,0.236459,-2.15909,0
3.03565,0.247236,-2.16996,0
3.03574,0.256819,-2.16985,0
3.03583,0.266284,-2.16871,0
3.03591,0.27524,-2.16356,0
3.036,0.284547,-2.16135,0
3.03609,0.293705,-2.15811,0
3.03617,0.302841,-2.15482,0
3.03626,0.311666,-2.14952,0
3.03635,0.323703,-2.16594,0
3.03644,0.331933,-2.1566,0
3.03652,0.342122,-2.16007,0
3.03661,0.352187,-2.16251,0
3.0367,0.362445,-2.16588,0
3.03679,0.3724,-2.16724,0
3.03687,0.381679,-2.16461,0
3.03696,0.390586,-2.15997,0
3.03705,0.399825,-2.15726,0
3.03713,0.410912,-2.16434,0
3.03722,0.41978,-2.15958,0
3.03731,0.429589,-2.15969,0
3.0374,0.439008,-2.15779,0
3.03748,0.448419,-2.15586,0
3.03757,0.458861,-2.15877,0
3.03766,0.468488,-2.15773,0
3.03775,0.477682,-2.15469,0
3.03783,0.487962,-2.15648,0
3.03792,0.500291,-2.167,0
3.03801,0.50722,-2.15409,0
3.03809,0.518482,-2.15963,0
3.03818,0.529564,-2.16415,0
3.03827,0.538276,-2.15891,0
3.03836,0.548183,-2.15848,0
3.03844,0.56035,-2.16671,0
3.03853,0.566998,-2.15361,0
3.03862,0.578461,-2.15884,0
3.03871,0.588138,-2.15726,0
3.03879,0.598347,-2.15757,0
3.03888,0.609112,-2.15975,0
3.03897,0.618255,-2.15611,0
3.03905,0.626537,-2.14955,0
3.03914,0.639035,-2.15734,0
3.03923,0.647865,-2.15262,0
3.03932,0.656374,-2.1469,0
3.0394,0.667812,-2.15071,0
3.03949,0.679595,-2.1554,0
3.03958,0.690213,-2.15622,0
3.03967,0.698996,-2.15129,0
3.03975,0.709942,-2.15297,0
3.03984,0.720599,-2.15364,0
3.03993,0.731275,-2.15427,0
3.04001,0.740993,-2.152,0
3.0401,0.750706,-2.14969,0
3.04019,0.762081,-2.15205,0
3.04028,0.771802,-2.14965,0
3.04036,0.782542,-2.15002,0
3.04045,0.795723,-2.1569,0
3.04054,0.802325,-2.14592,0
3.04063,0.810618,-2.13959,0
3.04071,0.822454,-2.14257,0
3.0408,0.836869,-2.15201,0
3.04089,0.848084,-2.15299,0
3.04097,0.856358,-2.14648,0
3.04106,0.867589,-2.14736,0
3.04115,0.880358,-2.15188,0
3.04124,0.888208,-2.14432,0
3.04132,0.899876,-2.14596,0
3.04141,0.913139,-2.15122,0
3.0415,0.921332,-2.14446,0
3.04159,0.934668,-2.14959,0
3.04167,0.94726,-2.15281,0
3.04176,0.955831,-2.14683,0
3.04185,0.967243,-2.1472,0
3.04193,0.981994,-2.15479,0
3.04202,0.988874,-2.14503,0
3.04211,0.996956,-2.13798,0
3.0422,1.01395,-2.14989,0
3.04228,1.02548,-2.14996,0
3.04237,1.03441,-2.14456,0
3.04246,1.04552,-2.14362,0
3.04255,1.06061,-2.1507,0
3.04263,1.07132,-2.14874,0
3.04272,1.08249,-2.14761,0
3.04281,1.09548,-2.15,0
3.04289,1.10348,-2.14253,0
3.04298,1.12113,-2.15366,0
3.04307,1.13237,-2.15229,0
3.04316,1.13941,-2.14291,0
3.04324,1.15443,-2.14849,0
3.04333,1.16522,-2.14607,0
3.04342,1.17506,-2.14184,0
3.04351,1.18439,-2.1367,0
3.04359,1.1981,-2.13936,0
3.04368,1.21136,-2.14108,0
3.04377,1.22417,-2.14185,0
3.04385,1.2415,-2.15034,0
3.04394,1.2544,-2.15095,0
3.04403,1.2658,-2.1489,0
3.04412,1.27465,-2.1425,0
3.0442,1.28966,-2.14635,0
3.04429,1.3016,-2.14497,0
3.04438,1.31252,-2.14183,0
3.04447,1.32606,-2.14289,0
3.04455,1.33275,-2.13284,0
3.04464,1.35165,-2.14223,0
3.04473,1.36259,-2.13884,0
3.04481,1.37678,-2.14044,0
3.0449,1.38992,-2.14029,0
3.04499,1.40034,-2.13587,0
3.04508,1.41682,-2.14058,0
3.04516,1.42948,-2.13937,0
3.04525,1.44384,-2.14057,0
3.04534,1.45485,-2.13673,0
3.04542,1.47436,-2.1452,0
3.04551,1.48484,-2.14039,0
3.0456,1.50277,-2.14618,0
3.04569,1.51385,-2.14205,0
3.04577,1.52783,-2.14194,0
3.04586,1.54359,-2.14418,0
3.04595,1.5541,-2.13904,0
3.04604,1.56934,-2.1403,0
3.04612,1.5852,-2.14228,0
3.04621,1.59693,-2.13855,0
3.0463,1.61587,-2.14434,0
3.04638,1.62642,-2.13886,0
3.04647,1.64,-2.13729,0
3.04656,1.65421,-2.13644,0
3.04665,1.66844,-2.13551,0
3.04673,1.68889,-2.14234,0
3.04682,1.6976,-2.13417,0
3.04691,1.71816,-2.14078,0
3.047,1.73378,-2.14104,0
3.04708,1.74437,-2.135,0
3.04717,1.75812,-2.13277,0
3.04726,1.77572,-2.13507,0
3.04734,1.78309,-2.12501,0
3.04743,1.80592,-2.13323,0
3.04752,1.8217,-2.13294,0
3.04761,1.83948,-2.13482,0
3.04769,1.85402,-2.13281,0
3.04778,1.87056,-2.13297,0
3.04787,1.89045,-2.13677,0
3.04796,1.90109,-2.12999,0
3.04804,1.92576,-2.13877,0
3.04813,1.93709,-2.13257,0
3.04822,1.95178,-2.12999,0
3.0483,1.95834,-2.11852,0
3.04839,1.99007,-2.13409,0
3.04848,2.0021,-2.1283,0
3.04857,2.0217,-2.13042,0
3.04865,2.03097,-2.12158,0
3.04874,2.03118,-2.10335,0
3.04883,2.03476,-2.08874,0
3.04892,2.03404,-2.06985,0
3.049,2.03742,-2.05528,0
3.04909,2.03293,-2.03293,0
3.04918,2.02829,-2.01067,0
3.04926,2.02135,-1.98638,0
3.04935,2.01424,-1.96219,0
3.04944,2.02063,-1.9513,0
3.04953,2.02334,-1.93693,0
3.04961,2.01872,-1.91569,0
3.0497,2.01322,-1.89385,0
3.04979,2.0061,-1.87072,0
3.04988,2.01057,-1.85856,0
3.04996,2.01498,-1.84639,0
3.05005,2.01783,-1.83287,0
3.05014,2.0169,-1.81602,0
3.05022,2.0151,-1.79855,0
3.05031,2.02218,-1.78907,0
3.0504,2.01493,-1.76705,0
3.05049,2.01734,-1.75365,0
3.05057,2.01588,-1.73699,0
3.05066,2.01888,-1.72428,0
3.05075,2.01951,-1.70964,0
3.05084,2.00933,-1.68603,0
3.05092,2.00591,-1.6683,0
3.05101,2.01317,-1.65953,0
3.0511,2.0142,-1.64567,0
3.05118,2.0097,-1.62742,0
3.05127,1.99806,-1.60362,0
3.05136,2.01052,-1.59924,0
3.05145,2.01512,-1.5886,0
3.05153,2.01652,-1.57548,0
3.05162,2.00993,-1.55626,0
3.05171,2.0167,-1.54747,0
3.0518,2.0115,-1.52958,0
3.05188,2.00458,-1.51056,0
3.05197,2.00474,-1.49701,0
3.05206,2.00562,-1.48408,0
3.05214,2.00563,-1.47059,0
3.05223,2.00555,-1.45712,0
3.05232,2.00296,-1.44193,0
3.05241,2.00924,-1.43317,0
3.05249,1.99914,-1.41285,0
3.05258,2.00938,-1.40698,0
3.05267,2.004,-1.39022,0
3.05276,2.00345,-1.37693,0
3.05284,1.99373,-1.35749,0
3.05293,2.0013,-1.34989,0
3.05302,2.00218,-1.33781,0
3.0531,2.00299,-1.32575,0
3.05319,2.0004,-1.31152,0
3.05328,2.00023,-1.29896,0
3.05337,2.00335,-1.2886,0
3.05345,1.99631,-1.27179,0
3.05354,2.00015,-1.262,0
3.05363,2.00224,-1.25114,0
3.05372,2.00598,-1.24134,0
3.0538,1.99688,-1.22369,0
3.05389,1.99964,-1.21341,0
3.05398,1.99377,-1.19798,0
3.05406,1.99898,-1.18927,0
3.05415,1.99467,-1.17495,0
3.05424,1.99114,-1.1612,0
3.05433,1.99532,-1.152,0
3.05441,1.98991,-1.13733,0
3.0545,1.9905,-1.12617,0
3.05459,1.99976,-1.11992,0
3.05468,2.002,-1.10973,0
3.05476,1.99543,-1.09473,0
3.05485,2.00282,-1.08744,0
3.05494,2.0005,-1.07491,0
3.05502,1.99899,-1.06288,0
3.05511,2.00538,-1.05508,0
3.0552,1.994,-1.03801,0
3.05529,1.99851,-1.0293,0
3.05537,1.99407,-1.01603,0
3.05546,1.98688,-1.00147,0
3.05555,2.00107,-0.997698,0
3.05564,2.00182,-0.987188,0
3.05572,1.99532,-0.973184,0
3.05581,1.99865,-0.964034,0
3.0559,1.99381,-0.950999,0
3.05598,1.9889,-0.938025,0
3.05607,1.99388,-0.92976,0
3.05616,1.9961,-0.920214,0
3.05625,2.0101,-0.916057,0
3.05633,2.00314,-0.902349,0
3.05642,1.99518,-0.888313,0
3.05651,1.99721,-0.878793,0
3.0566,1.99644,-0.868077,0
3.05668,2.00113,-0.859752,0
3.05677,1.99473,-0.846714,0
3.05686,1.99657,-0.837229,0
3.05694,1.9965,-0.826979,0
3.05703,1.99361,-0.815609,0
3.05712,1.98881,-0.803531,0
3.05721,2.00344,-0.799292,0
3.05729,1.99668,-0.786512,0
3.05738,1.99916,-0.77743,0
3.05747,1.99039,-0.764041,0
3.05755,1.9909,-0.754286,0
3.05764,1.99136,-0.744541,0
3.05773,1.99929,-0.737576,0
3.05782,1.98839,-0.723715,0
3.0579,1.99529,-0.716383,0
3.05799,1.99746,-0.707337,0
3.05808,1.99769,-0.697625,0
3.05817,1.9941,-0.686623,0
3.05825,1.98571,-0.674059,0
3.05834,1.99527,-0.667609,0
3.05843,1.99912,-0.65921,0
3.05851,1.99627,-0.648627,0
3.0586,1.99051,-0.637166,0
3.05869,1.99327,-0.628475,0
3.05878,1.98549,-0.61651,0
3.05886,1.98433,-0.606671,0
3.05895,1.986,-0.597719,0
3.05904,1.99339,-0.590468,0
3.05913,1.98538,-0.578686,0
3.05921,1.98981,-0.570569,0
3.0593,1.99709,-0.563239,0
3.05939,2.00821,-0.556925,0
3.05947,2.0193,-0.550524,0
3.05956,2.0043,-0.53705,0
3.05965,1.99985,-0.526517,0
3.05974,1.99245,-0.515282,0
3.05982,1.99371,-0.506337,0
3.05991,1.98911,-0.49594,0
3.06,1.98834,-0.486543,0
3.06009,1.99336,-0.478563,0
3.06017,1.9964,-0.47009,0
3.06026,1.99161,-0.4598,0
3.06035,1.99165,-0.450664,0
3.06043,1.98579,-0.440238,0
3.06052,1.98182,-0.430296,0
3.06061,1.98466,-0.421853,0
3.0607,1.98844,-0.413596,0
3.06078,1.99121,-0.405116,0
3.06087,1.99492,-0.396814,0
3.06096,1.99761,-0.388296,0
3.06105,1.98455,-0.376779,0
3.06113,1.98814,-0.36848,0
3.06122,1.98678,-0.359268,0
3.06131,1.99128,-0.351117,0
3.06139,1.9859,-0.341239,0
3.06148,1.98737,-0.332571,0
3.06157,1.98386,-0.323093,0
3.06166,1.98624,-0.31459,0
3.06174,1.98068,-0.304855,0
3.06183,1.97408,-0.295028,0
3.06192,1.96842,-0.285407,0
3.06201,1.97757,-0.277929,0
3.06209,1.93615,-0.263499,0
3.06218,1.75387,-0.230901,0
3.06227,1.71022,-0.217567,0
3.06235,1.69924,-0.20864,0
3.06244,1.69715,-0.200871,0
3.06253,1.70099,-0.193804,0
3.06262,1.69685,-0.185836,0
3.0627,1.70461,-0.179162,0
3.06279,1.69941,-0.171121,0
3.06288,1.70312,-0.163992,0
3.06297,1.69785,-0.15601,0
3.06305,1.7005,-0.148775,0
3.06314,1.69815,-0.141105,0
3.06323,1.69675,-0.133537,0
3.06331,1.69732,-0.126133,0
3.0634,1.69586,-0.118586,0
3.06349,1.69137,-0.110858,0
3.06358,1.68186,-0.102867,0
3.06366,1.68429,-0.0956408,0
3.06375,1.68469,-0.0882908,0
3.06384,1.68805,-0.0810831,0
3.06393,1.69039,-0.073804,0
3.06401,1.6897,-0.0663884,0
3.0641,1.68197,-0.0587359,0
3.06419,1.68821,-0.0515796,0
3.06427,1.68642,-0.0441606,0
3.06436,1.6936,-0.0369545,0
3.06445,1.72574,-0.0301229,0
3.06454,1.86284,-0.024386,0
3.06462,1.96193,-0.0171215,0
3.06471,1.97498,-0.00861758,0
3.0648,1.977,-4.78718e-08,0
3.06489,1.97698,0.00862621,0
3.06497,1.97492,0.0172349,0
3.06506,1.97483,0.0258519,0
3.06515,1.9737,0.034451,0
3.06523,1.97853,0.0431716,0
3.06532,1.97932,0.0518303,0
3.06541,1.97608,0.0603746,0
3.0655,1.9748,0.0689614,0
3.06558,1.98647,0.0780485,0
3.06567,1.98011,0.0864536,0
3.06576,1.98172,0.0951886,0
3.06585,1.97928,0.10373,0
3.06593,1.96983,0.111855,0
3.06602,1.9793,0.121059,0
3.06611,1.97277,0.129302,0
3.06619,1.98116,0.138536,0
3.06628,1.97356,0.146661,0
3.06637,1.98087,0.155898,0
3.06646,1.98018,0.16454,0
3.06654,1.97645,0.172917,0
3.06663,1.98364,0.182271,0
3.06672,1.96889,0.189583,0
3.06681,1.97402,0.198773,0
3.06689,1.97214,0.20728,0
3.06698,1.98016,0.216863,0
3.06707,1.97522,0.225048,0
3.06715,1.96826,0.232959,0
3.06724,1.9712,0.242032,0
3.06733,1.95127,0.248233,0
3.06742,1.94224,0.255701,0
3.0675,1.76473,0.240169,0
3.06759,1.71019,0.240352,0
3.06768,1.69131,0.245229,0
3.06777,1.69715,0.253641,0
3.06785,1.70295,0.262109,0
3.06794,1.69981,0.269224,0
3.06803,1.69467,0.275995,0
3.06811,1.7043,0.285202,0
3.0682,1.69811,0.291789,0
3.06829,1.69387,0.298675,0
3.06838,1.68468,0.304639,0
3.06846,1.69611,0.314356,0
3.06855,1.69866,0.3225,0
3.06864,1.7041,0.331244,0
3.06873,1.70951,0.340042,0
3.06881,1.70115,0.346103,0
3.0689,1.70256,0.354133,0
3.06899,1.70393,0.362182,0
3.06907,1.70429,0.370038,0
3.06916,1.69973,0.376821,0
3.06925,1.70197,0.385117,0
3.06934,1.70417,0.393439,0
3.06942,1.70536,0.401559,0
3.06951,1.70651,0.409697,0
3.0696,1.70665,0.417614,0
3.06969,1.70384,0.424815,0
3.06977,1.71166,0.434707,0
3.06986,1.69619,0.438666,0
3.06995,1.69136,0.445299,0
3.07003,1.70389,0.456557,0
3.07012,1.70478,0.464776,0
3.07021,1.7037,0.472477,0
3.0703,1.71125,0.482621,0
3.07038,1.70143,0.487878,0
3.07047,1.69641,0.494458,0
3.07056,1.70191,0.504127,0
3.07064,1.70065,0.511837,0
3.07073,1.70605,0.521591,0
3.07082,1.69994,0.527844,0
3.07091,1.70429,0.537361,0
3.07099,1.71431,0.548756,0
3.07108,1.86597,0.606291,0
3.07117,1.94118,0.640107,0
3.07126,1.94975,0.652378,0
3.07134,1.94405,0.659915,0
3.07143,1.95439,0.672949,0
3.07152,1.95993,0.684438,0
3.0716,1.96729,0.696655,0
3.07169,1.97082,0.707598,0
3.07178,1.98181,0.72132,0
3.07187,1.97395,0.72823,0
3.07195,1.97544,0.738587,0
3.07204,1.97407,0.747908,0
3.07213,1.97172,0.756873,0
3.07222,1.97679,0.768731,0
3.0723,1.96504,0.774051,0
3.07239,1.96443,0.783729,0
3.07248,1.97027,0.796039,0
3.07256,1.97325,0.807279,0
3.07265,1.96786,0.815116,0
3.07274,1.9689,0.825628,0
3.07283,1.9662,0.834602,0
3.07291,1.95794,0.841199,0
3.073,1.96434,0.85412,0
3.07309,1.96151,0.863086,0
3.07318,1.97234,0.878144,0
3.07326,1.97214,0.888385,0
3.07335,1.97462,0.899884,0
3.07344,1.96341,0.905142,0
3.07352,1.96941,0.918349,0
3.07361,1.969,0.92864,0
3.0737,1.97034,0.939806,0
3.07379,1.97163,0.951001,0
3.07387,1.96746,0.959594,0
3.07396,1.97133,0.97215,0
3.07405,1.96975,0.982081,0
3.07414,1.98152,0.998768,0
3.07422,1.97447,1.00604,0
3.07431,1.98073,1.02014,0
3.0744,1.97715,1.02924,0
3.07448,1.96821,1.03553,0
3.07457,1.96368,1.0441,0
3.07466,1.96351,1.05503,0
3.07475,1.97119,1.07027,0
3.07483,1.9665,1.07886,0
3.07492,1.97052,1.09228,0
3.07501,1.96748,1.10184,0
3.0751,1.9731,1.11632,0
3.07518,1.97081,1.12641,0
3.07527,1.96848,1.1365,0
3.07536,1.97214,1.15012,0
3.07544,1.97916,1.16582,0
3.07553,1.97921,1.17751,0
3.07562,1.97577,1.18716,0
3.07571,1.98169,1.20252,0
3.07579,1.97471,1.21011,0
3.07588,1.99748,1.23608,0
3.07597,1.998,1.24849,0
3.07606,2.00691,1.26627,0
3.07614,2.01571,1.28415,0
3.07623,2.02354,1.30158,0
3.07632,2.03126,1.31912,0
3.0764,2.02632,1.32851,0
3.07649,2.02217,1.33845,0
3.07658,2.04708,1.36781,0
3.07667,2.07342,1.39854,0
3.07675,2.06151,1.40364,0
3.07684,2.06691,1.42055,0
3.07693,2.06233,1.43069,0
3.07702,2.06672,1.44713,0
3.0771,2.05385,1.45152,0
3.07719,2.02552,1.44479,0
3.07728,2.03137,1.46238,0
3.07736,2.03144,1.47593,0
3.07745,2.03305,1.49069,0
3.07754,2.03938,1.50907,0
3.07763,2.044,1.52633,0
3.07771,2.04531,1.54125,0
3.0778,2.04175,1.55258,0
3.07789,2.03733,1.5633,0
3.07798,2.06212,1.59666,0
3.07806,2.05434,1.60503,0
3.07815,2.04732,1.61398,0
3.07824,2.03087,1.61543,0
3.07832,2.02536,1.62552,0
3.07841,2.01125,1.62868,0
3.0785,2.00335,1.63681,0
3.07859,1.98076,1.63281,0
3.07867,1.96824,1.63696,0
3.07876,1.9718,1.65454,0
3.07885,1.96227,1.66118,0
3.07894,1.96717,1.68012,0
3.07902,1.9727,1.69979,0
3.07911,1.96904,1.71166,0
3.0792,1.9623,1.72089,0
3.07928,1.96226,1.73606,0
3.07937,1.95989,1.74927,0
3.07946,1.96413,1.76851,0
3.07955,1.96972,1.78917,0
3.07963,1.96853,1.80383,0
3.07972,1.96798,1.81919,0
3.07981,1.96515,1.83253,0
3.0799,1.9615,1.8452,0
3.07998,1.96141,1.86131,0
3.08007,1.96339,1.87953,0
3.08016,1.96236,1.89503,0
3.08024,1.95909,1.90846,0
3.08033,1.96215,1.9282,0
3.08042,1.96579,1.94871,0
3.08051,1.96434,1.96434,0
3.08059,1.96139,1.97858,0
3.08068,1.96815,2.00281,0
3.08077,1.958,2.00994,0
3.08086,1.96727,2.03717,0
3.08094,1.96182,2.04935,0
3.08103,1.96388,2.06949,0
3.08112,1.96236,2.08605,0
3.0812,1.96757,2.10996,0
3.08129,1.96784,2.1288,0
3.08138,1.96597,2.14548,0
3.08147,1.96533,2.16366,0
3.08155,1.96524,2.18262,0
3.08164,1.96901,2.20609,0
3.08173,1.96467,2.22065,0
3.08182,1.97013,2.2465,0
3.0819,1.96686,2.26262,0
3.08199,1.96481,2.28027,0
3.08208,1.94899,2.28198,0
3.08216,1.94289,2.29504,0
3.08225,1.92258,2.29124,0
3.08234,1.90105,2.28577,0
3.08243,1.88216,2.28324,0
3.08251,1.87218,2.29143,0
3.0826,1.85083,2.28559,0
3.08269,1.83709,2.28896,0
3.08277,1.81899,2.28678,0
3.08286,1.80775,2.29313,0
3.08295,1.79034,2.29154,0
3.08304,1.76747,2.28272,0
3.08312,1.74836,2.27851,0
3.08321,1.73659,2.28373,0
3.0833,1.72179,2.2849,0
3.08339,1.70822,2.28758,0
3.08347,1.68811,2.28135,0
3.08356,1.67518,2.28466,0
3.08365,1.66402,2.29033,0
3.08373,1.647,2.28783,0
3.08382,1.62539,2.27871,0
3.08391,1.61139,2.28006,0
3.084,1.59856,2.28298,0
3.08408,1.57547,2.27103,0
3.08417,1.56781,2.28118,0
3.08426,1.55841,2.28883,0
3.08435,1.53946,2.28234,0
3.08443,1.52671,2.28488,0
3.08452,1.50568,2.27484,0
3.08461,1.4941,2.27888,0
3.08469,1.48305,2.2837,0
3.08478,1.46604,2.27922,0
3.08487,1.44587,2.26957,0
3.08496,1.41568,2.24372,0
3.08504,1.18278,1.89284,0
3.08513,1.07979,1.74492,0
3.08522,1.05963,1.72915,0
3.08531,1.06297,1.75171,0
3.08539,1.06922,1.77948,0
3.08548,1.07576,1.80819,0
3.08557,1.07852,1.83096,0
3.08565,1.07707,1.84688,0
3.08574,1.0725,1.85762,0
3.08583,1.06736,1.8675,0
3.08592,1.06363,1.87997,0
3.086,1.05102,1.87674,0
3.08609,1.04573,1.88655,0
3.08618,1.03557,1.88759,0
3.08627,1.01635,1.87188,0
3.08635,1.00959,1.87894,0
3.08644,0.998097,1.87715,0
3.08653,0.986172,1.8744,0
3.08661,0.97706,1.87691,0
3.0867,0.968403,1.88027,0
3.08679,0.958828,1.88181,0
3.08688,0.951958,1.88865,0
3.08696,0.941924,1.88921,0
3.08705,0.925268,1.87626,0
3.08714,0.911812,1.86949,0
3.08723,0.900605,1.86715,0
3.08731,0.89245,1.87106,0
3.0874,0.879585,1.86499,0
3.08749,0.871862,1.86971,0
3.08757,0.862439,1.87077,0
3.08766,0.852195,1.86997,0
3.08775,0.841974,1.86911,0
3.08784,0.83381,1.87277,0
3.08792,0.81959,1.86266,0
3.08801,0.807866,1.85796,0
3.0881,0.799356,1.86055,0
3.08819,0.790058,1.86126,0
3.08827,0.78193,1.86469,0
3.08836,0.769194,1.857,0
3.08845,0.749346,1.83164,0
3.08853,0.733854,1.81635,0
3.08862,0.722587,1.81118,0
3.08871,0.71651,1.81897,0
3.0888,0.711828,1.83046,0
3.08888,0.707418,1.84289,0
3.08897,0.691576,1.82538,0
3.08906,0.687457,1.83869,0
3.08915,0.671121,1.81915,0
3.08923,0.665571,1.82864,0
3.08932,0.659276,1.83623,0
3.08941,0.652592,1.84286,0
3.08949,0.658722,1.88629,0
3.08958,0.697042,2.02436,0
3.08967,0.713274,2.10124,0
3.08976,0.753281,2.25132,0
3.08984,0.754725,2.28877,0
3.08993,0.614635,1.89165,0
3.09002,0.737772,2.3048,0
3.09011,0.60081,1.90553,0
3.09019,0.593083,1.91004,0
3.09028,0.582112,1.904,0
3.09037,0.573222,1.90461,0
3.09045,0.565191,1.90805,0
3.09054,0.555181,1.90474,0
3.09063,0.548518,1.91291,0
3.09072,0.538809,1.91047,0
3.0908,0.533942,1.92533,0
3.09089,0.619439,2.27207,0
3.09098,0.588037,2.19458,0
3.09107,0.600606,2.28126,0
3.09115,0.590396,2.28289,0
3.09124,0.579199,2.2806,0
3.09133,0.569484,2.28408,0
3.09141,0.559275,2.28557,0
3.0915,0.549064,2.28701,0
3.09159,0.539309,2.29036,0
3.09168,0.528635,2.28977,0
3.09176,0.516432,2.2823,0
3.09185,0.471189,2.1254,0
3.09194,0.431994,1.98964,0
3.09203,0.4152,1.95336,0
3.09211,0.40932,1.96788,0
3.0922,0.398537,1.95887,0
3.09229,0.382767,1.9243,0
3.09237,0.372459,1.91614,0
3.09246,0.373421,1.96687,0
3.09255,0.376316,2.03042,0
3.09264,0.368343,2.03696,0
3.09272,0.36935,2.09469,0
3.09281,0.373416,2.17315,0
3.0929,0.315406,1.88479,0
3.09299,0.304929,1.87233,0
3.09307,0.365275,2.30625,0
3.09316,0.29086,1.88975,0
3.09325,0.283055,1.89397,0
3.09333,0.165017,1.1381,0
3.09342,0.156848,1.11603,0
3.09351,0.151033,1.10977,0
3.0936,0.144623,1.09852,0
3.09368,0.140712,1.10609,0
3.09377,0.134666,1.09676,0
3.09386,0.129879,1.09734,0
3.09395,0.123278,1.082,0
3.09403,0.118556,1.08253,0
3.09412,0.112368,1.06911,0
3.09421,0.107402,1.06661,0
3.09429,0.103226,1.07204,0
3.09438,0.0976323,1.06252,0
3.09447,0.0926466,1.05895,0
3.09456,0.0871143,1.04839,0
3.09464,0.0819898,1.04178,0
3.09473,0.0774434,1.04213,0
3.09482,0.0730351,1.04445,0
3.09491,0.0678885,1.03578,0
3.09499,0.0627579,1.02608,0
3.09508,0.0584503,1.02934,0
3.09517,0.0543771,1.03758,0
3.09525,0.0491296,1.02282,0
3.09534,0.044928,1.02902,0
3.09543,0.0401628,1.02221,0
3.09552,0.0360861,1.03337,0
3.0956,0.031302,1.02452,0
3.09569,0.0264911,1.01165,0
3.09578,0.0223821,1.02576,0
3.09586,0.0180982,1.03684,0
3.09595,0.0135216,1.03291,0
3.09604,0.00905818,1.03796,0
3.09613,0.00455097,1.04299,0
3.09621,3.77285e-08,1.037,0
3.0963,-0.00452471,1.03699,0
3.09639,-0.00900575,1.03196,0
3.09648,-0.0135739,1.03691,0
3.09656,-0.0180981,1.03684,0
3.09665,-0.0228183,1.04575,0
3.09674,-0.0271978,1.03864,0
3.09682,-0.0318516,1.04251,0
3.09691,-0.0363652,1.04137,0
3.097,-0.0413798,1.05319,0
3.09709,-0.0459312,1.052,0
3.09717,-0.0508088,1.05778,0
3.09726,-0.0552667,1.05455,0
3.09735,-0.0598109,1.0533,0
3.09744,-0.0645283,1.05503,0
3.09752,-0.0692619,1.05673,0
3.09761,-0.0749882,1.07238,0
3.0977,-0.079963,1.07603,0
3.09778,-0.0846573,1.07567,0
3.09787,-0.0902609,1.08626,0
3.09796,-0.0956098,1.09283,0
3.09805,-0.0999197,1.08742,0
3.09813,-0.0610537,0.634067,0
3.09822,-0.0713339,0.708418,0
3.09831,-0.0611491,0.581795,0
3.0984,-0.061292,0.559654,0
3.09848,-0.062941,0.552426,0
3.09857,-0.0662911,0.560091,0
3.09866,-0.0682468,0.555826,0
3.09874,-0.0715548,0.562467,0
3.09883,-0.0729641,0.554218,0
3.09892,-0.0767302,0.563803,0
3.09901,-0.0776586,0.55257,0
3.09909,-0.0810733,0.559153,0
3.09918,-0.0838079,0.560772,0
3.09927,-0.0861018,0.559413,0
3.09936,-0.0894805,0.564958,0
3.09944,-0.0933914,0.573445,0
3.09953,-0.0944072,0.564155,0
3.09962,-0.0960211,0.55881,0
3.0997,-0.0991531,0.562325,0
3.09979,-0.101962,0.563855,0
3.09988,-0.104421,0.563405,0
3.09997,-0.108557,0.571786,0
3.10005,-0.110097,0.566399,0
3.10014,-0.112372,0.564932,0
3.10023,-0.114836,0.564437,0
3.10032,-0.117501,0.564909,0
3.1004,-0.120797,0.568304,0
3.10049,-0.123275,0.567771,0
3.10058,-0.127266,0.574062,0
3.10066,-0.128004,0.565699,0
3.10075,-0.132046,0.571955,0
3.10084,-0.137291,0.583054,0
3.10093,-0.139367,0.580505,0
3.10101,-0.14071,0.575034,0
3.1011,-0.146605,0.587999,0
3.10119,-0.146461,0.576692,0
3.10128,-0.147474,0.570239,0
3.10136,-0.151234,0.574425,0
3.10145,-0.155809,0.581487,0
3.10154,-0.161238,0.591415,0
3.10162,-0.163015,0.587815,0
3.10171,-0.168022,0.59576,0
3.1018,-0.168414,0.587331,0
3.10189,-0.168737,0.57891,0
3.10197,-0.172113,0.581045,0
3.10206,-0.175223,0.582203,0
3.10215,-0.177177,0.579521,0
3.10224,-0.181483,0.584472,0
3.10232,-0.187941,0.596073,0
3.10241,-0.189626,0.59239,0
3.1025,-0.194063,0.597264,0
3.10258,-0.192909,0.585015,0
3.10267,-0.196094,0.586064,0
3.10276,-0.201221,0.592778,0
3.10285,-0.20641,0.599459,0
3.10293,-0.206386,0.591,0
3.10302,-0.208963,0.590094,0
3.10311,-0.216943,0.604235,0
3.1032,-0.218893,0.601403,0
3.10328,-0.217708,0.590122,0
3.10337,-0.222732,0.595724,0
3.10346,-0.227101,0.599422,0
3.10354,-0.229714,0.598425,0
3.10363,-0.230511,0.592757,0
3.10372,-0.233828,0.593606,0
3.10381,-0.238268,0.597225,0
3.10389,-0.243494,0.602669,0
3.10398,-0.248393,0.607155,0
3.10407,-0.249892,0.603293,0
3.10416,-0.257163,0.613264,0
3.10424,-0.255538,0.60201,0
3.10433,-0.261715,0.609159,0
3.10442,-0.258788,0.595172,0
3.1045,-0.266618,0.605936,0
3.10459,-0.271293,0.609335,0
3.10468,-0.273128,0.606322,0
3.10477,-0.27743,0.608764,0
3.10485,-0.281339,0.610272,0
3.10494,-0.286535,0.614477,0
3.10503,-0.291773,0.618647,0
3.10512,-0.288012,0.60383,0
3.1052,-0.296726,0.615177,0
3.10529,-0.298092,0.61118,0
3.10538,-0.293237,0.594627,0
3.10546,-0.29806,0.597816,0
3.10555,-0.305167,0.60544,0
3.10564,-0.302812,0.594301,0
3.10573,-0.294413,0.571638,0
3.10581,-0.304754,0.585427,0
3.1059,-0.305443,0.580552,0
3.10599,-0.308912,0.58098,0
3.10608,-0.314284,0.584911,0
3.10616,-0.326377,0.601111,0
3.10625,-0.321781,0.58653,0
3.10634,-0.323853,0.584246,0
3.10642,-0.314183,0.561015,0
3.10651,-0.318106,0.56225,0
3.1066,-0.318075,0.556515,0
3.10669,-0.3205,0.555122,0
3.10677,-0.312844,0.536442,0
3.10686,-0.311629,0.52904,0
3.10695,-0.310355,0.52166,0
3.10704,-0.313143,0.521158,0
3.10712,-0.285844,0.471056,0
3.10721,-0.280582,0.457868,0
3.1073,-0.278367,0.449836,0
3.10738,-0.294105,0.470667,0
3.10747,-0.314299,0.498134,0
3.10756,-0.316469,0.496758,0
3.10765,-0.317011,0.492849,0
3.10773,-0.313167,0.482236,0
3.10782,-0.307044,0.46832,0
3.10791,-0.310189,0.468644,0
3.10799,-0.305008,0.456477,0
3.10808,-0.295813,0.438561,0
3.10817,-0.295473,0.43396,0
3.10826,-0.289434,0.421128,0
3.10834,-0.341998,0.492988,0
3.10843,-0.0734178,0.104851,0
3.10852,-0.0623317,0.0881973,0
3.10861,-0.232281,0.325646,0
3.10869,-0.213251,0.296225,0
3.10878,-0.171045,0.235424,0
3.10887,-0.134819,0.183869,0
3.10895,-0.0975509,0.131833,0
3.10904,-0.0783805,0.104964,0
3.10913,-0.0631906,0.0838567,0
3.10922,-0.0665823,0.0875602,0
3.1093,-0.0669638,0.0872689,0
3.10939,-0.0642828,0.0830224,0
3.10948,-0.0578722,0.074073,0
3.10957,-0.0662431,0.0840289,0
3.10965,-0.0659865,0.0829565,0
3.10974,-0.0594627,0.074089,0
3.10983,-0.0673373,0.0831546,0
3.10991,-0.0639032,0.0782137,0
3.11,-0.0667882,0.0810206,0
3.11009,-0.0645833,0.077653,0
3.11018,-0.0527086,0.0628157,0
3.11026,-0.0613818,0.0725071,0
3.11035,-0.0649448,0.0760406,0
3.11044,-0.067887,0.0787868,0
3.11053,-0.0616695,0.0709427,0
3.11061,-0.0593411,0.0676656,0
3.1107,-0.0655994,0.0741466,0
3.11079,-0.0679199,0.0760979,0
3.11087,-0.0662439,0.0735713,0
3.11096,-0.0726156,0.0799436,0
3.11105,-0.0520204,0.0567704,0
3.11114,-0.0515889,0.0558085,0
3.11122,-0.0409199,0.0438812,0
3.11131,-0.0596109,0.0633683,0
3.1114,-0.0385479,0.040621,0
3.11149,-0.0394162,0.0411747,0
3.11157,-0.0486261,0.0503538,0
3.11166,-0.0634989,0.0651835,0
3.11175,-0.0315409,0.0320963,0
3.11183,-0.0549131,0.0553945,0
3.11192,-0.0381838,0.0381838,0
