7200
3536
3.07178
3.08749,-0.0438406,-0.0438406,0
3.08757,-0.0387208,-0.0390602,0
3.08766,-0.0329427,-0.0335228,0
3.08775,-0.030005,-0.030801,0
3.08784,-0.0520994,-0.0539505,0
3.08792,-0.0373417,-0.0390077,0
3.08801,-0.0461198,-0.0486001,0
3.0881,-0.0507035,-0.0538995,0
3.08819,-0.0381919,-0.0409558,0
3.08827,-0.0414068,-0.0447937,0
3.08836,-0.0648567,-0.0707786,0
3.08845,-0.0544617,-0.0599577,0
3.08853,-0.0655748,-0.0728282,0
3.08862,-0.0466117,-0.052224,0
3.08871,-0.0682499,-0.0771424,0
3.0888,-0.0698907,-0.079695,0
3.08888,-0.0610135,-0.070188,0
3.08897,-0.0574429,-0.0666657,0
3.08906,-0.0500075,-0.0585513,0
3.08915,-0.0549205,-0.0648748,0
3.08923,-0.0617076,-0.0735403,0
3.08932,-0.0665017,-0.0799595,0
3.08941,-0.0540667,-0.0655881,0
3.08949,-0.0607397,-0.0743417,0
3.08958,-0.0591561,-0.0730517,0
3.08967,-0.0663479,-0.0826678,0
3.08976,-0.062874,-0.0790434,0
3.08984,-0.0606712,-0.0769611,0
3.08993,-0.0578722,-0.074073,0
3.09002,-0.0599973,-0.0774876,0
3.09011,-0.0572236,-0.0745752,0
3.09019,-0.0581082,-0.0764162,0
3.09028,-0.0619869,-0.0822595,0
3.09037,-0.0610291,-0.0817279,0
3.09045,-0.0523444,-0.0707394,0
3.09054,-0.0579483,-0.0790316,0
3.09063,-0.0623052,-0.0857558,0
3.09072,-0.0660202,-0.0917079,0
3.0908,-0.0551668,-0.077341,0
3.09089,-0.0519431,-0.0734977,0
3.09098,-0.0625198,-0.0892876,0
3.09107,-0.0598497,-0.0862729,0
3.09115,-0.0617383,-0.0898298,0
3.09124,-0.0658482,-0.096711,0
3.09133,-0.063748,-0.0945103,0
3.09141,-0.0722241,-0.108091,0
3.0915,-0.0783751,-0.118412,0
3.09159,-0.0515396,-0.0786109,0
3.09168,-0.100758,-0.155154,0
3.09176,-0.12767,-0.198485,0
3.09185,-0.139161,-0.218438,0
3.09194,-0.179294,-0.284165,0
3.09203,-0.189711,-0.303601,0
3.09211,-0.191016,-0.308678,0
3.0922,-0.189144,-0.308656,0
3.09229,-0.197134,-0.324867,0
3.09237,-0.213741,-0.355724,0
3.09246,-0.220879,-0.371264,0
3.09255,-0.211644,-0.359299,0
3.09264,-0.216119,-0.370585,0
3.09272,-0.2015,-0.349008,0
3.09281,-0.667411,-1.16773,0
3.0929,-0.666741,-1.17846,0
3.09299,-0.666479,-1.19008,0
3.09307,-0.662735,-1.19561,0
3.09316,-0.661841,-1.20638,0
3.09325,-0.658002,-1.21189,0
3.09333,-0.661701,-1.23149,0
3.09342,-0.661955,-1.24496,0
3.09351,-0.665363,-1.26465,0
3.0936,-0.669536,-1.28617,0
3.09368,-0.669412,-1.29974,0
3.09377,-0.666004,-1.30711,0
3.09386,-0.662995,-1.31536,0
3.09395,-0.667066,-1.33793,0
3.09403,-0.662991,-1.34441,0
3.09412,-0.660625,-1.35448,0
3.09421,-0.660357,-1.36906,0
3.09429,-0.659543,-1.38276,0
3.09438,-0.659902,-1.39919,0
3.09447,-0.662243,-1.42018,0
3.09456,-0.656877,-1.42488,0
3.09464,-0.655215,-1.43774,0
3.09473,-0.648525,-1.43967,0
3.09482,-0.629628,-1.41417,0
3.09491,-0.616605,-1.40134,0
3.09499,-0.606896,-1.39577,0
3.09508,-0.602774,-1.40299,0
3.09517,-0.590785,-1.3918,0
3.09525,-0.589348,-1.40543,0
3.09534,-0.576704,-1.39229,0
3.09543,-0.569488,-1.39201,0
3.09552,-0.563408,-1.39448,0
3.0956,-0.557689,-1.39786,0
3.09569,-0.55305,-1.404,0
3.09578,-0.548369,-1.41013,0
3.09587,-0.540061,-1.40691,0
3.09595,-0.537105,-1.41767,0
3.09604,-0.532665,-1.42468,0
3.09613,-0.529213,-1.43449,0
3.09621,-0.521923,-1.43397,0
3.0963,-0.518364,-1.44376,0
3.09639,-0.513061,-1.44884,0
3.09648,-0.508383,-1.45579,0
3.09656,-0.501375,-1.4561,0
3.09665,-0.499517,-1.47153,0
3.09674,-0.494995,-1.47938,0
3.09682,-0.491041,-1.48913,0
3.09691,-0.482685,-1.48555,0
3.097,-0.480161,-1.50002,0
3.09709,-0.474514,-1.50497,0
3.09717,-0.466756,-1.5032,0
3.09726,-0.46107,-1.50809,0
3.09735,-0.462555,-1.5369,0
3.09744,-0.454993,-1.53603,0
3.09752,-0.450525,-1.54568,0
3.09761,-0.44543,-1.5534,0
3.0977,-0.441362,-1.56495,0
3.09778,-0.436668,-1.57457,0
3.09787,-0.434265,-1.59286,0
3.09796,-0.430934,-1.60827,0
3.09805,-0.431805,-1.64011,0
3.09813,-0.456944,-1.76687,0
3.09822,-0.568368,-2.23795,0
3.09831,-0.567791,-2.27728,0
3.0984,-0.56284,-2.30014,0
3.09848,-0.549064,-2.28701,0
3.09857,-0.540455,-2.29523,0
3.09866,-0.52886,-2.29074,0
3.09874,-0.519742,-2.29693,0
3.09883,-0.508633,-2.2943,0
3.09892,-0.499042,-2.29845,0
3.09901,-0.486305,-2.28789,0
3.09909,-0.476318,-2.28999,0
3.09918,-0.46692,-2.29498,0
3.09927,-0.456706,-2.29602,0
3.09936,-0.44573,-2.29308,0
3.09944,-0.436093,-2.29697,0
3.09953,-0.424609,-2.29098,0
3.09962,-0.415498,-2.29773,0
3.0997,-0.403385,-2.28771,0
3.09979,-0.394246,-2.29437,0
3.09988,-0.38258,-2.28621,0
3.09997,-0.373405,-2.29279,0
3.10005,-0.363397,-2.2944,0
3.10014,-0.351253,-2.28213,0
3.10023,-0.342474,-2.29155,0
3.10032,-0.332185,-2.29104,0
3.1004,-0.32149,-2.28752,0
3.10049,-0.310562,-2.28196,0
3.10058,-0.301516,-2.29024,0
3.10066,-0.290889,-2.28657,0
3.10075,-0.281396,-2.29179,0
3.10084,-0.271276,-2.292,0
3.10093,-0.262065,-2.30012,0
3.10101,-0.250067,-2.28335,0
3.1011,-0.241043,-2.29337,0
3.10119,-0.230132,-2.28544,0
3.10128,-0.220541,-2.29041,0
3.10136,-0.20963,-2.28139,0
3.10145,-0.20011,-2.28726,0
3.10154,-0.189548,-2.28114,0
3.10162,-0.180142,-2.28892,0
3.10171,-0.168967,-2.27373,0
3.1018,-0.159952,-2.28741,0
3.10189,-0.149839,-2.28609,0
3.10197,-0.140045,-2.28972,0
3.10206,-0.12994,-2.28831,0
3.10215,-0.120425,-2.29785,0
3.10224,-0.11011,-2.29236,0
3.10232,-0.0995395,-2.27983,0
3.10241,-0.0898265,-2.28624,0
3.1025,-0.0799199,-2.2886,0
3.10258,-0.0698416,-2.28593,0
3.10267,-0.0597358,-2.28122,0
3.10276,-0.0499997,-2.29145,0
3.10285,-0.0398788,-2.28465,0
3.10293,-0.0299098,-2.2848,0
3.10302,-0.0200362,-2.29591,0
3.10311,-0.00996583,-2.28398,0
3.1032,-2.75381e-08,-2.286,0
3.10328,0.00997013,-2.28498,0
3.10337,0.0198877,-2.27891,0
3.10346,0.0298704,-2.2818,0
3.10354,0.0398962,-2.28565,0
3.10363,0.049847,-2.28446,0
3.10372,0.0597096,-2.28022,0
3.10381,0.0698721,-2.28693,0
3.10389,0.0796755,-2.28161,0
3.10398,0.0898264,-2.28624,0
3.10407,0.0999756,-2.28982,0
3.10416,0.109774,-2.28537,0
3.10424,0.120006,-2.28986,0
3.10433,0.13028,-2.2943,0
3.10442,0.140167,-2.29172,0
3.1045,0.149773,-2.2851,0
3.10459,0.159254,-2.27744,0
3.10468,0.170227,-2.29068,0
3.10477,0.179907,-2.28593,0
3.10485,0.189962,-2.28612,0
3.10494,0.199499,-2.28029,0
3.10503,0.209447,-2.2794,0
3.10512,0.220349,-2.28842,0
3.1052,0.230633,-2.29042,0
3.10529,0.240834,-2.29138,0
3.10538,0.250394,-2.28633,0
3.10546,0.259915,-2.28124,0
3.10555,0.270689,-2.28704,0
3.10564,0.279812,-2.27889,0
3.10573,0.2895,-2.27566,0
3.10581,0.30021,-2.28032,0
3.1059,0.310831,-2.28395,0
3.10599,0.321907,-2.29049,0
3.10608,0.331468,-2.28609,0
3.10616,0.34144,-2.28463,0
3.10625,0.352013,-2.28707,0
3.10634,0.360894,-2.2786,0
3.10642,0.370512,-2.27503,0
3.10651,0.3806,-2.27437,0
3.1066,0.392891,-2.28649,0
3.10669,0.40269,-2.28377,0
3.10677,0.412473,-2.28101,0
3.10686,0.423698,-2.28607,0
3.10695,0.433482,-2.28321,0
3.10704,0.443058,-2.27934,0
3.10712,0.453585,-2.28033,0
3.10721,0.464129,-2.28126,0
3.1073,0.475503,-2.28607,0
3.10738,0.485474,-2.28397,0
3.10747,0.494586,-2.27793,0
3.10756,0.504088,-2.27379,0
3.10765,0.515108,-2.27645,0
3.10773,0.525261,-2.27515,0
3.10782,0.536558,-2.27868,0
3.10791,0.547429,-2.28021,0
3.108,0.555947,-2.27197,0
3.10808,0.566097,-2.27049,0
3.10817,0.579937,-2.28351,0
3.10826,0.589645,-2.27999,0
3.10834,0.599333,-2.27643,0
3.10843,0.612107,-2.28441,0
3.10852,0.621543,-2.27979,0
3.10861,0.630683,-2.27417,0
3.10869,0.641685,-2.27524,0
3.10878,0.654363,-2.28204,0
3.10887,0.664034,-2.2782,0
3.10896,0.67482,-2.27816,0
3.10904,0.687348,-2.28381,0
3.10913,0.698184,-2.28366,0
3.10922,0.706658,-2.27581,0
3.1093,0.716582,-2.27271,0
3.10939,0.729845,-2.28004,0
3.10948,0.737314,-2.26922,0
3.10957,0.746896,-2.26503,0
3.10965,0.759627,-2.27029,0
3.10974,0.771776,-2.27358,0
3.10983,0.784294,-2.27775,0
3.10991,0.795873,-2.27903,0
3.11,0.806811,-2.27836,0
3.11009,0.816745,-2.27482,0
3.11018,0.828373,-2.27594,0
3.11026,0.83968,-2.27605,0
3.11035,0.852755,-2.2808,0
3.11044,0.860573,-2.27144,0
3.11053,0.872626,-2.27327,0
3.11061,0.882899,-2.27037,0
3.1107,0.89353,-2.26836,0
3.11079,0.904901,-2.26815,0
3.11087,0.917786,-2.2716,0
3.11096,0.928068,-2.2685,0
3.11105,0.936044,-2.25981,0
3.11114,0.950535,-2.26677,0
3.11122,0.962761,-2.26812,0
3.11131,0.975807,-2.27125,0
3.1114,0.986505,-2.26881,0
3.11149,1.00002,-2.27272,0
3.11157,1.00667,-2.26102,0
3.11166,1.0194,-2.26299,0
3.11175,1.03093,-2.26216,0
3.11183,1.04456,-2.26582,0
3.11192,1.05443,-2.26124,0
3.11201,1.06941,-2.26747,0
3.1121,1.08058,-2.26549,0
3.11218,1.0922,-2.26436,0
3.11227,1.10294,-2.26137,0
3.11236,1.11545,-2.26191,0
3.11245,1.12754,-2.2615,0
3.11253,1.1401,-2.26192,0
3.11262,1.15495,-2.26672,0
3.11271,1.16208,-2.25633,0
3.11279,1.18115,-2.26897,0
3.11288,1.19104,-2.2638,0
3.11297,1.20842,-2.27271,0
3.11306,1.21738,-2.26565,0
3.11314,1.23202,-2.26911,0
3.11323,1.24095,-2.26196,0
3.11332,1.25566,-2.26526,0
3.11341,1.26553,-2.25976,0
3.11349,1.27735,-2.2577,0
3.11358,1.29463,-2.26513,0
3.11367,1.307,-2.26379,0
3.11375,1.31787,-2.25979,0
3.11384,1.32975,-2.25747,0
3.11393,1.34266,-2.2568,0
3.11402,1.36125,-2.26549,0
3.1141,1.36956,-2.25697,0
3.11419,1.38358,-2.25779,0
3.11428,1.39762,-2.25854,0
3.11437,1.41118,-2.25835,0
3.11445,1.42422,-2.25725,0
3.11454,1.43728,-2.25607,0
3.11463,1.45793,-2.2666,0
3.11471,1.47161,-2.26609,0
3.1148,1.48478,-2.26466,0
3.11489,1.50072,-2.26734,0
3.11498,1.51282,-2.26409,0
3.11506,1.52716,-2.2641,0
3.11515,1.5404,-2.26238,0
3.11524,1.55535,-2.26305,0
3.11533,1.56806,-2.26035,0
3.11541,1.58594,-2.26496,0
3.1155,1.60446,-2.27026,0
3.11559,1.61493,-2.26406,0
3.11567,1.62538,-2.2578,0
3.11576,1.63816,-2.25473,0
3.11585,1.65862,-2.26208,0
3.11594,1.67502,-2.26366,0
3.11602,1.68728,-2.25954,0
3.11611,1.70735,-2.26573,0
3.1162,1.72085,-2.26303,0
3.11629,1.73801,-2.26502,0
3.11637,1.75033,-2.26058,0
3.11646,1.76449,-2.25844,0
3.11655,1.78361,-2.2625,0
3.11663,1.79844,-2.26095,0
3.11672,1.81267,-2.25855,0
3.11681,1.83006,-2.25994,0
3.1169,1.84687,-2.26045,0
3.11698,1.86053,-2.257,0
3.11707,1.87675,-2.25655,0
3.11716,1.89108,-2.2537,0
3.11725,1.90865,-2.25459,0
3.11733,1.93081,-2.26069,0
3.11742,1.94588,-2.2583,0
3.11751,1.95768,-2.25205,0
3.11759,1.97408,-2.25101,0
3.11768,1.99647,-2.2566,0
3.11777,2.02162,-2.26503,0
3.11786,2.02813,-2.25247,0
3.11794,2.02988,-2.23472,0
3.11803,2.0315,-2.21699,0
3.11812,2.02622,-2.19195,0
3.11821,2.02826,-2.17505,0
3.11829,2.02472,-2.15234,0
3.11838,2.0272,-2.13623,0
3.11847,2.02475,-2.11508,0
3.11855,2.02146,-2.09328,0
3.11864,2.01871,-2.07226,0
3.11873,2.01582,-2.05131,0
3.11882,2.02404,-2.04178,0
3.1189,2.02091,-2.02091,0
3.11899,2.02119,-2.00363,0
3.11908,2.01707,-1.98217,0
3.11917,2.01782,-1.96568,0
3.11925,2.01919,-1.94991,0
3.11934,2.01756,-1.9314,0
3.11943,2.02452,-1.9212,0
3.11951,2.01977,-1.90001,0
3.1196,2.02146,-1.88504,0
3.11969,2.02306,-1.8701,0
3.11978,2.02235,-1.85314,0
3.11986,2.0208,-1.83556,0
3.11995,2.01838,-1.81736,0
3.12004,2.01435,-1.79788,0
3.12013,2.0117,-1.7798,0
3.12021,2.02395,-1.77496,0
3.1203,2.02489,-1.76021,0
3.12039,2.0174,-1.7383,0
3.12047,2.01051,-1.71714,0
3.12056,1.99967,-1.69284,0
3.12065,2.00014,-1.67832,0
3.12074,2.00975,-1.67149,0
3.12082,2.01625,-1.66207,0
3.12091,2.01962,-1.6501,0
3.121,2.01203,-1.62931,0
3.12109,2.00664,-1.6105,0
3.12117,2.01052,-1.59924,0
3.12126,2.0112,-1.5855,0
3.12135,2.011,-1.57117,0
3.12143,2.01151,-1.55748,0
3.12152,1.99687,-1.53225,0
3.12161,2.00115,-1.52171,0
3.1217,2.00697,-1.51236,0
3.12178,2.00794,-1.4994,0
3.12187,1.99839,-1.47873,0
3.12196,1.99918,-1.46586,0
3.12204,2.00151,-1.45418,0
3.12213,1.99404,-1.4355,0
3.12222,1.99377,-1.42214,0
3.12231,1.99832,-1.41227,0
3.12239,2.0061,-1.40469,0
3.12248,2.00235,-1.38908,0
3.12257,2.00345,-1.37693,0
3.12266,1.99621,-1.35917,0
3.12274,1.99135,-1.34318,0
3.12283,1.99054,-1.33004,0
3.12292,1.99632,-1.32134,0
3.123,1.99203,-1.30603,0
3.12309,2.00023,-1.29896,0
3.12318,1.9941,-1.28265,0
3.12327,1.99631,-1.27179,0
3.12335,1.99,-1.25559,0
3.12344,1.99376,-1.24584,0
3.12353,1.99152,-1.23239,0
3.12362,1.99433,-1.22212,0
3.1237,1.99109,-1.20822,0
3.12379,1.99806,-1.20055,0
3.12388,1.98351,-1.18006,0
3.12396,1.9895,-1.17191,0
3.12405,1.99546,-1.16372,0
3.12414,1.99879,-1.154,0
3.12423,1.98904,-1.13683,0
3.12431,1.99747,-1.13011,0
3.1244,1.99365,-1.1165,0
3.12449,1.99851,-1.10779,0
3.12458,1.99105,-1.09233,0
3.12466,1.98876,-1.07981,0
3.12475,1.99786,-1.07349,0
3.12484,1.98222,-1.05396,0
3.12492,1.99388,-1.04903,0
3.12501,1.99577,-1.03893,0
3.1251,1.99584,-1.02793,0
3.12519,1.98694,-1.0124,0
3.12527,1.99849,-1.00732,0
3.12536,1.99033,-0.992344,0
3.12545,1.98478,-0.978785,0
3.12554,1.98813,-0.969677,0
3.12562,1.99955,-0.964469,0
3.12571,1.99381,-0.950999,0
3.1258,1.99071,-0.938878,0
3.12588,1.99841,-0.931873,0
3.12597,1.98883,-0.916865,0
3.12606,2.00009,-0.911496,0
3.12615,1.98491,-0.894135,0
3.12623,1.99336,-0.887499,0
3.12632,1.98623,-0.87396,0
3.12641,1.99002,-0.865286,0
3.1265,1.98551,-0.853042,0
3.12658,1.99473,-0.846714,0
3.12667,1.99011,-0.834522,0
3.12676,1.98819,-0.823535,0
3.12684,1.98714,-0.812959,0
3.12693,1.97397,-0.797537,0
3.12702,1.97465,-0.787805,0
3.12711,1.9883,-0.783213,0
3.12719,1.99543,-0.77598,0
3.12728,1.98853,-0.763324,0
3.12737,1.98529,-0.75216,0
3.12746,1.98949,-0.743841,0
3.12754,1.99366,-0.735499,0
3.12763,1.98557,-0.722689,0
3.12772,1.98682,-0.713342,0
3.1278,1.97672,-0.699993,0
3.12789,1.98731,-0.693999,0
3.12798,1.9837,-0.683042,0
3.12807,1.9895,-0.675344,0
3.12815,1.98294,-0.663484,0
3.12824,1.98772,-0.655452,0
3.12833,1.98485,-0.644919,0
3.12842,1.98194,-0.634423,0
3.1285,1.97992,-0.624265,0
3.12859,1.9788,-0.614434,0
3.12868,1.99294,-0.609303,0
3.12876,1.99366,-0.600025,0
3.12885,1.98188,-0.58706,0
3.12894,1.98922,-0.579806,0
3.12903,1.99366,-0.571672,0
3.12911,1.98939,-0.561067,0
3.1292,1.98701,-0.551046,0
3.12929,1.98071,-0.540003,0
3.12938,1.98401,-0.531614,0
3.12946,1.98631,-0.522952,0
3.12955,1.98954,-0.514531,0
3.12964,1.98305,-0.50363,0
3.12972,1.99493,-0.497391,0
3.12981,1.98445,-0.485592,0
3.1299,1.97975,-0.475295,0
3.12999,1.98083,-0.466423,0
3.13007,1.97212,-0.455301,0
3.13016,1.99262,-0.450885,0
3.13025,1.98286,-0.439589,0
3.13034,1.99746,-0.433691,0
3.13042,1.99346,-0.423724,0
3.13051,1.99823,-0.415633,0
3.1306,1.99121,-0.405116,0
3.13068,1.99394,-0.396619,0
3.13077,2.00448,-0.389632,0
3.13086,1.99437,-0.378644,0
3.13095,1.97733,-0.366476,0
3.13103,1.98383,-0.358734,0
3.13112,1.98143,-0.34938,0
3.13121,1.99279,-0.342425,0
3.1313,1.98737,-0.332571,0
3.13138,1.98781,-0.323736,0
3.13147,1.98624,-0.31459,0
3.13156,1.9955,-0.307137,0
3.13164,1.98001,-0.295915,0
3.13173,1.9892,-0.28842,0
3.13182,1.98648,-0.279181,0
3.13191,1.99065,-0.270916,0
3.13199,1.97892,-0.26053,0
3.13208,1.99095,-0.253281,0
3.13217,1.98311,-0.243495,0
3.13226,1.98316,-0.234722,0
3.13234,1.98615,-0.226293,0
3.13243,1.98811,-0.217734,0
3.13252,1.97711,-0.207803,0
3.1326,1.98596,-0.199975,0
3.13269,1.97088,-0.189775,0
3.13278,1.96273,-0.18035,0
3.13287,1.94856,-0.170477,0
3.13295,1.78983,-0.148724,0
3.13304,1.71569,-0.135028,0
3.13313,1.69632,-0.126059,0
3.13322,1.6779,-0.11733,0
3.1333,1.68738,-0.110597,0
3.13339,1.69583,-0.103722,0
3.13348,1.69427,-0.0962077,0
3.13356,1.69767,-0.0889712,0
3.13365,1.69305,-0.081323,0
3.13374,1.6844,-0.0735423,0
3.13383,1.69269,-0.0665062,0
3.13391,1.68597,-0.0588755,0
3.134,1.68421,-0.0514574,0
3.13409,1.69042,-0.0442653,0
3.13418,1.6916,-0.0369108,0
3.13426,1.68774,-0.0294597,0
3.13435,1.68286,-0.0220298,0
3.13444,1.67694,-0.0146344,0
3.13452,1.67998,-0.0073304,0
3.13461,1.684,-4.0777e-08,0
3.1347,1.68898,0.00736959,0
3.13479,1.74893,0.0152627,0
3.13487,1.92584,0.0252105,0
3.13496,1.9797,0.0345557,0
3.13505,1.97953,0.0431934,0
3.13513,1.98032,0.0518565,0
3.13522,1.98208,0.0605578,0
3.13531,1.97879,0.069101,0
3.1354,1.98447,0.0779699,0
3.13548,1.97911,0.08641,0
3.13557,1.98172,0.0951886,0
3.13566,1.9703,0.103259,0
3.13575,1.97781,0.112308,0
3.13583,1.98928,0.12167,0
3.13592,1.98674,0.130218,0
3.13601,1.98715,0.138955,0
3.13609,1.98253,0.147328,0
3.13618,1.99284,0.15684,0
3.13627,1.98117,0.164623,0
3.13636,1.97645,0.172917,0
3.13644,1.98464,0.182363,0
3.13653,1.98382,0.191021,0
3.13662,1.98198,0.199575,0
3.13671,1.98109,0.208221,0
3.13679,1.98712,0.217625,0
3.13688,1.99112,0.226859,0
3.13697,1.98614,0.235075,0
3.13705,1.98509,0.243739,0
3.13714,1.98203,0.252145,0
3.13723,1.98091,0.260791,0
3.13732,1.98768,0.270511,0
3.1374,1.98351,0.278764,0
3.13749,1.9793,0.286985,0
3.13758,1.97309,0.29488,0
3.13767,1.97771,0.304399,0
3.13775,1.9813,0.313807,0
3.13784,1.98978,0.324057,0
3.13793,1.97257,0.330095,0
3.13801,1.97998,0.340223,0
3.1381,1.98931,0.350769,0
3.13819,1.98383,0.358734,0
3.13828,1.98323,0.367569,0
3.13836,1.98455,0.376778,0
3.13845,1.99368,0.387533,0
3.13854,1.97726,0.393302,0
3.13863,1.98631,0.404119,0
3.13871,1.98355,0.412578,0
3.1388,1.98075,0.421021,0
3.13889,1.97401,0.428599,0
3.13897,1.98286,0.439589,0
3.13906,1.98287,0.448678,0
3.13915,1.98577,0.45845,0
3.13924,1.9818,0.466652,0
3.13932,1.97586,0.474361,0
3.13941,1.98251,0.485117,0
3.1395,1.98231,0.494246,0
3.13959,1.98305,0.50363,0
3.13967,1.96728,0.508772,0
3.13976,1.97084,0.518879,0
3.13985,1.98015,0.530579,0
3.13993,1.97685,0.538951,0
3.14002,1.98315,0.549977,0
3.14011,1.98458,0.55971,0
3.1402,1.97924,0.567537,0
3.14028,1.98154,0.577567,0
3.14037,1.98284,0.587344,0
3.14046,1.98026,0.59599,0
3.14055,1.97764,0.604625,0
3.14063,1.9683,0.611172,0
3.14072,1.97515,0.622762,0
3.14081,1.97432,0.631984,0
3.14089,1.982,0.643991,0
3.14098,1.98487,0.654512,0
3.14107,1.9782,0.661897,0
3.14116,1.97246,0.669558,0
3.14124,1.96573,0.676856,0
3.14133,1.96654,0.686746,0
3.14142,1.98238,0.701996,0
3.14151,1.97835,0.710301,0
3.14159,1.97993,0.720636,0
3.14168,1.97865,0.729961,0
3.14177,1.97919,0.739988,0
3.14185,1.98529,0.75216,0
3.14194,1.97919,0.75974,0
3.14203,1.97958,0.769818,0
3.14212,1.97993,0.779915,0
3.1422,1.97836,0.789287,0
3.14229,1.97583,0.798287,0
3.14238,1.97603,0.808415,0
3.14247,1.9808,0.820473,0
3.14255,1.97997,0.830268,0
3.14264,1.97356,0.837727,0
3.14273,1.97356,0.84791,0
3.14281,1.97535,0.858905,0
3.1429,1.97341,0.868322,0
3.14299,1.98239,0.882618,0
3.14308,1.97944,0.891671,0
3.14316,1.98463,0.904446,0
3.14325,1.97884,0.912259,0
3.14334,1.97394,0.920462,0
3.14343,1.97533,0.931626,0
3.14351,1.97937,0.944111,0
3.1436,1.97703,0.953607,0
3.14369,1.97195,0.961786,0
3.14377,1.96953,0.971266,0
3.14386,1.97065,0.982527,0
3.14395,1.97259,0.994267,0
3.14404,1.97803,1.00786,0
3.14412,1.9754,1.0174,0
3.14421,1.97626,1.02878,0
3.1443,1.97706,1.04018,0
3.14439,1.97074,1.04786,0
3.14447,1.98289,1.06544,0
3.14456,1.98173,1.07599,0
3.14465,2.00946,1.10243,0
3.14473,2.04311,1.13252,0
3.14482,2.06607,1.15706,0
3.14491,2.06797,1.17,0
3.145,2.07065,1.18348,0
3.14508,2.0646,1.192,0
3.14517,2.06716,1.20553,0
3.14526,2.06877,1.2186,0
3.14535,2.0557,1.22301,0
3.14543,2.02291,1.21549,0
3.14552,2.02956,1.23157,0
3.14561,2.03014,1.24407,0
3.14569,2.02044,1.25028,0
3.14578,2.02599,1.26598,0
3.14587,2.02044,1.2748,0
3.14596,2.01149,1.28146,0
3.14604,2.0084,1.29185,0
3.14613,2.02036,1.31204,0
3.14622,2.0121,1.31919,0
3.14631,2.01967,1.33679,0
3.14639,2.0396,1.36281,0
3.14648,2.0585,1.38848,0
3.14657,2.08053,1.41658,0
3.14665,2.07597,1.42678,0
3.14674,2.06891,1.43525,0
3.14683,2.06672,1.44713,0
3.14692,2.04242,1.44344,0
3.147,2.04913,1.46163,0
3.14709,2.05085,1.4764,0
3.14718,2.046,1.48651,0
3.14726,2.0395,1.49542,0
3.14735,2.04501,1.51323,0
3.14744,2.05041,1.53111,0
3.14753,2.05169,1.54606,0
3.14761,2.02821,1.54229,0
3.1477,2.06113,1.58156,0
3.14779,2.06844,1.60156,0
3.14788,2.06459,1.61303,0
3.14796,2.04732,1.61398,0
3.14805,2.04652,1.62788,0
3.14814,2.0316,1.63053,0
3.14822,2.0198,1.6356,0
3.14831,2.00723,1.63997,0
3.1484,2.01008,1.65698,0
3.14849,2.01283,1.67405,0
3.14857,2.01546,1.69117,0
3.14866,2.01722,1.70771,0
3.14875,2.01888,1.72428,0
3.14884,2.01967,1.74026,0
3.14892,2.01357,1.75037,0
3.14901,1.99388,1.74858,0
3.1491,1.96676,1.74004,0
3.14918,1.97481,1.76259,0
3.14927,1.97156,1.7752,0
3.14936,1.97194,1.79119,0
3.14945,1.97738,1.81193,0
3.14953,1.97312,1.82394,0
3.14962,1.9688,1.83594,0
3.14971,1.97389,1.85685,0
3.1498,1.97447,1.8737,0
3.14988,1.97494,1.8906,0
3.14997,1.96883,1.90128,0
3.15006,1.9684,1.91753,0
3.15014,1.96643,1.93241,0
3.15023,1.97361,1.95646,0
3.15032,1.96788,1.96788,0
3.15041,1.96983,1.9871,0
3.15049,1.96605,2.00067,0
3.15058,1.96916,2.0214,0
3.15067,1.96241,2.03214,0
3.15076,1.96874,2.05657,0
3.15084,1.97076,2.07675,0
3.15093,1.97538,2.09989,0
3.15102,1.97575,2.11873,0
3.1511,1.97667,2.13835,0
3.15119,1.97205,2.15211,0
3.15128,1.9734,2.17254,0
3.15137,1.96724,2.18485,0
3.15145,1.96435,2.20087,0
3.15154,1.96997,2.22665,0
3.15163,1.96815,2.24424,0
3.15172,1.97211,2.26866,0
3.1518,1.97003,2.28633,0
3.15189,1.97757,2.31544,0
3.15198,1.97197,2.32939,0
3.15206,1.97464,2.35329,0
3.15215,1.97331,2.37265,0
3.15224,1.96866,2.38818,0
3.15233,1.96645,2.40681,0
3.15241,1.97103,2.43402,0
3.1525,1.96102,2.44338,0
3.15259,1.94411,2.44409,0
3.15268,1.92538,2.44234,0
3.15276,1.9067,2.44047,0
3.15285,1.89481,2.44718,0
3.15294,1.8689,2.43559,0
3.15302,1.85644,2.44134,0
3.15311,1.83734,2.43823,0
3.1532,1.82369,2.44222,0
3.15329,1.8041,2.4381,0
3.15337,1.78635,2.43627,0
3.15346,1.77452,2.44242,0
3.15355,1.75158,2.4331,0
3.15364,1.73862,2.43746,0
3.15372,1.72105,2.43523,0
3.15381,1.70237,2.43124,0
3.1539,1.68605,2.43043,0
3.15398,1.67656,2.43941,0
3.15407,1.65577,2.43183,0
3.15416,1.64459,2.4382,0
3.15425,1.62727,2.43537,0
3.15433,1.6111,2.43411,0
3.15442,1.59334,2.43025,0
3.15451,1.57945,2.43214,0
3.1546,1.5672,2.43649,0
3.15468,1.54903,2.4315,0
3.15477,1.53147,2.42724,0
3.15486,1.51557,2.42542,0
3.15494,1.5055,2.43286,0
3.15503,1.48703,2.42661,0
3.15512,1.47591,2.43222,0
3.15521,1.45807,2.42664,0
3.15529,1.44389,2.42696,0
3.15538,1.42365,2.41687,0
3.15547,1.40805,2.41442,0
3.15556,1.396,2.41794,0
3.15564,1.36906,2.39536,0
3.15573,1.10992,1.96178,0
3.15582,1.06617,1.90379,0
3.1559,1.05931,1.91104,0
3.15599,1.07597,1.96124,0
3.15608,1.09603,2.01864,0
3.15617,1.19987,2.23306,0
3.15625,1.28166,2.41045,0
3.15634,1.27997,2.43283,0
3.15643,1.25965,2.41977,0
3.15652,1.24633,2.4199,0
3.1566,1.23531,2.42443,0
3.15669,1.22157,2.42354,0
3.15678,1.20697,2.4208,0
3.15686,1.19728,2.42783,0
3.15695,1.17922,2.41776,0
3.15704,1.16562,2.41657,0
3.15713,1.15721,2.42615,0
3.15721,1.14747,2.43298,0
3.1573,1.12966,2.42256,0
3.15739,1.11405,2.41657,0
3.15748,1.10225,2.41868,0
3.15756,1.08676,2.41252,0
3.15765,1.07948,2.42455,0
3.15774,1.06124,2.41185,0
3.15782,1.0535,2.42287,0
3.15791,1.03778,2.4155,0
3.158,1.02919,2.42461,0
3.15809,1.01241,2.41432,0
3.15817,1.00187,2.41872,0
3.15826,0.990924,2.42214,0
3.15835,0.97585,2.41531,0
3.15844,0.964561,2.41769,0
3.15852,0.948872,2.40885,0
3.15861,0.96336,2.47728,0
3.1587,0.818512,2.1323,0
3.15878,0.798572,2.10779,0
3.15887,0.782013,2.09159,0
3.15896,0.771841,2.09217,0
3.15905,0.763731,2.09833,0
3.15913,0.749161,2.08659,0
3.15922,0.741719,2.09455,0
3.15931,0.731254,2.09399,0
3.1594,0.721459,2.09527,0
3.15948,0.707167,2.08325,0
3.15957,0.696801,2.08252,0
3.15966,0.685516,2.07889,0
3.15974,0.678601,2.08852,0
3.15983,0.666433,2.08194,0
3.15992,0.657343,2.08483,0
3.16001,0.645868,2.08003,0
3.16009,0.636786,2.08283,0
3.16018,0.626251,2.0808,0
3.16027,0.616597,2.0816,0
3.16035,0.608348,2.08715,0
3.16044,0.592069,2.06479,0
3.16053,0.582783,2.06639,0
3.16062,0.575364,2.0747,0
3.1607,0.563676,2.06754,0
3.16079,0.555426,2.07288,0
3.16088,0.542048,2.05884,0
3.16097,0.534061,2.06506,0
3.16105,0.523076,2.05962,0
3.16114,0.514326,2.06285,0
3.16123,0.504607,2.06216,0
3.16131,0.495371,2.06337,0
3.1614,0.483842,2.0548,0
3.16149,0.475322,2.05884,0
3.16158,0.465451,2.057,0
3.16166,0.454956,2.05217,0
3.16175,0.44621,2.05512,0
3.16184,0.436823,2.05509,0
3.16193,0.427648,2.056,0
3.16201,0.414885,2.03922,0
3.1621,0.407154,2.0469,0
3.16219,0.399172,2.05356,0
3.16227,0.389089,2.04939,0
3.16236,0.378868,2.04419,0
3.16245,0.370656,2.04976,0
3.16254,0.361188,2.0484,0
3.16262,0.3514,2.04503,0
3.16271,0.342804,2.04852,0
3.1628,0.333702,2.049,0
3.16289,0.324132,2.04649,0
3.16297,0.313831,2.03899,0
3.16306,0.305374,2.04331,0
3.16315,0.296312,2.04363,0
3.16323,0.287253,2.04391,0
3.16332,0.277119,2.03623,0
3.16341,0.267318,2.03048,0
3.1635,0.257698,2.02567,0
3.16358,0.248979,2.02777,0
3.16367,0.240364,2.03083,0
3.16376,0.232406,2.0398,0
3.16385,0.223613,2.04179,0
3.16393,0.213761,2.0338,0
3.16402,0.204784,2.03372,0
3.16411,0.196484,2.04056,0
3.16419,0.186297,2.02746,0
3.16428,0.177798,2.03224,0
3.16437,0.0920828,1.10818,0
3.16446,0.0859127,1.09162,0
3.16454,0.078555,1.05709,0
3.16463,0.0738024,1.05542,0
3.16472,0.0693928,1.05873,0
3.16481,0.0644673,1.05403,0
3.16489,0.0602645,1.06129,0
3.16498,0.0548481,1.04656,0
3.16507,0.0494175,1.02881,0
3.16515,0.0453206,1.03801,0
3.16524,0.0402806,1.02521,0
3.16533,0.0355626,1.01838,0
3.16542,0.034081,1.11548,0
3.1655,0.0291873,1.11462,0
3.16559,0.0237783,1.08974,0
3.16568,0.0187439,1.07384,0
3.16577,0.0138619,1.05891,0
3.16585,0.00911054,1.04396,0
3.16594,0.00471241,1.07999,0
3.16603,3.69645e-08,1.016,0
3.16611,-0.00449417,1.02999,0
3.1662,-0.00888358,1.01796,0
3.16629,-0.0132597,1.01291,0
3.16638,-0.0177142,1.01485,0
3.16646,-0.0223384,1.02376,0
3.16655,-0.0273549,1.04464,0
3.16664,-0.0323097,1.05751,0
3.16673,-0.0367142,1.05136,0
3.16681,-0.0429895,1.09416,0
3.1669,-0.0875004,2.00409,0
3.16699,-0.0957163,1.9927,0
3.16707,-0.104934,2.00225,0
3.16716,-0.114179,2.01076,0
3.16725,-0.121975,1.99427,0
3.16734,-0.131068,1.99971,0
3.16742,-0.14028,2.0061,0
3.16751,-0.148662,2.00048,0
3.1676,-0.156918,1.99383,0
3.16769,-0.165865,1.99612,0
3.16777,-0.0447109,0.511048,0
3.16786,-0.059476,0.647273,0
3.16795,-0.0600953,0.624113,0
3.16803,-0.0592111,0.588026,0
3.16812,-0.0626125,0.595719,0
3.16821,-0.0632516,0.577547,0
3.1683,-0.0663371,0.582233,0
3.16838,-0.0696997,0.58889,0
3.16847,-0.0710498,0.578654,0
3.16856,-0.073574,0.578339,0
3.16865,-0.0770104,0.584952,0
3.16873,-0.0798317,0.586593,0
3.16882,-0.0825296,0.587229,0
3.16891,-0.0849476,0.585874,0
3.16899,-0.0877988,0.587475,0
3.16908,-0.0896007,0.582145,0
3.16917,-0.0933914,0.58965,0
3.16926,-0.0941951,0.57838,0
3.16934,-0.0975431,0.582895,0
3.16943,-0.100255,0.583449,0
3.16952,-0.104189,0.590885,0
3.16961,-0.106766,0.590424,0
3.16969,-0.109159,0.58897,0
3.16978,-0.111355,0.586523,0
3.16987,-0.115821,0.595848,0
3.16995,-0.116859,0.58749,0
3.17004,-0.11982,0.588935,0
3.17013,-0.123407,0.593302,0
3.17022,-0.125994,0.592757,0
3.1703,-0.129428,0.596111,0
3.17039,-0.133543,0.602375,0
3.17048,-0.135287,0.597885,0
3.17057,-0.139245,0.603135,0
3.17065,-0.139125,0.590841,0
3.17074,-0.144269,0.600925,0
3.17083,-0.145701,0.595433,0
3.17091,-0.150959,0.605465,0
3.171,-0.1536,0.6048,0
3.17109,-0.157239,0.607997,0
3.17118,-0.159126,0.604404,0
3.17126,-0.164091,0.612397,0
3.17135,-0.168603,0.618429,0
3.17144,-0.167558,0.604196,0
3.17153,-0.174265,0.617896,0
3.17161,-0.17503,0.610401,0
3.1717,-0.173774,0.596191,0
3.17179,-0.180634,0.609809,0
3.17187,-0.186175,0.618591,0
3.17196,-0.186825,0.611079,0
3.17205,-0.194531,0.626493,0
3.17214,-0.198165,0.628499,0
3.17222,-0.197247,0.6162,0
3.17231,-0.200861,0.618187,0
3.1724,-0.207001,0.627751,0
3.17248,-0.210056,0.62779,0
3.17257,-0.21215,0.624974,0
3.17266,-0.214875,0.624042,0
3.17275,-0.217596,0.623099,0
3.17283,-0.224318,0.633455,0
3.17292,-0.227418,0.633411,0
3.17301,-0.226759,0.623016,0
3.1731,-0.229822,0.622959,0
3.17318,-0.231837,0.620077,0
3.17327,-0.235958,0.6228,0
3.17336,-0.241898,0.630167,0
3.17344,-0.242833,0.624445,0
3.17353,-0.248854,0.631754,0
3.17362,-0.246421,0.617658,0
3.17371,-0.25211,0.623995,0
3.17379,-0.254452,0.621963,0
3.17388,-0.259077,0.625466,0
3.17397,-0.262963,0.627097,0
3.17406,-0.263353,0.62042,0
3.17414,-0.268821,0.625697,0
3.17423,-0.272346,0.626352,0
3.17432,-0.276284,0.627904,0
3.1744,-0.277394,0.623038,0
3.17449,-0.283807,0.630028,0
3.17458,-0.289041,0.634243,0
3.17467,-0.296411,0.642965,0
3.17475,-0.29541,0.633509,0
3.17484,-0.301158,0.638545,0
3.17493,-0.299636,0.628199,0
3.17502,-0.295423,0.612475,0
3.1751,-0.293709,0.602192,0
3.17519,-0.296776,0.601802,0
3.17528,-0.297168,0.596026,0
3.17536,-0.306067,0.607226,0
3.17545,-0.30372,0.596083,0
3.17554,-0.312728,0.607199,0
3.17563,-0.324148,0.622682,0
3.17571,-0.323136,0.614181,0
3.1758,-0.322527,0.606585,0
3.17589,-0.324697,0.604291,0
3.17598,-0.321605,0.592323,0
3.17606,-0.323224,0.58916,0
3.17615,-0.318035,0.573751,0
3.17624,-0.32249,0.575847,0
3.17632,-0.321553,0.568342,0
3.17641,-0.324526,0.567802,0
3.1765,-0.3215,0.556854,0
3.17659,-0.322919,0.553719,0
3.17667,-0.317211,0.538518,0
3.17676,-0.315979,0.531113,0
3.17685,-0.322929,0.537444,0
3.17694,-0.322677,0.531755,0
3.17702,-0.317679,0.518405,0
3.17711,-0.316255,0.511062,0
3.1772,-0.313182,0.501196,0
3.17728,-0.320169,0.507437,0
3.17737,-0.316469,0.496758,0
3.17746,-0.313765,0.487803,0
3.17755,-0.310989,0.478881,0
3.17763,-0.311979,0.475847,0
3.17772,-0.311844,0.471146,0
3.17781,-0.310564,0.464792,0
3.1779,-0.303642,0.450167,0
3.17798,-0.311231,0.457104,0
3.17807,-0.306992,0.446676,0
3.17816,-0.296398,0.427256,0
3.17824,-0.300554,0.429236,0
3.17833,-0.295498,0.418121,0
3.17842,-0.12427,0.174221,0
3.17851,-0.344123,0.478017,0
3.17859,-0.0916945,0.126207,0
3.17868,-0.222924,0.30403,0
3.17877,-0.161792,0.218649,0
3.17886,-0.0891504,0.119387,0
3.17894,-0.0806432,0.107017,0
3.17903,-0.0714247,0.0939282,0
3.17912,-0.105924,0.138043,0
3.1792,-0.110811,0.143115,0
3.17929,-0.076342,0.0977133,0
3.17938,-0.059433,0.0753904,0
3.17947,-0.0672316,0.0845217,0
3.17955,-0.0726071,0.0904666,0
3.17964,-0.0641907,0.0792689,0
3.17973,-0.060107,0.0735673,0
3.17982,-0.0540666,0.0655881,0
3.1799,-0.0709777,0.0853414,0
3.17999,-0.0655643,0.0781365,0
3.18008,-0.0671969,0.0793762,0
3.18016,-0.0597492,0.0699574,0
3.18025,-0.0763729,0.0886351,0
3.18034,-0.0642938,0.0739615,0
3.18043,-0.0619785,0.0706729,0
3.18051,-0.0642741,0.0726487,0
3.1806,-0.0745787,0.0835584,0
3.18069,-0.0568761,0.0631673,0
3.18078,-0.0598406,0.0658794,0
3.18086,-0.0459401,0.0501349,0
3.18095,-0.0488736,0.0528712,0
3.18104,-0.0572879,0.0614337,0
3.18112,-0.0424813,0.045159,0
3.18121,-0.0316643,0.0333672,0
3.1813,-0.0214369,0.0223933,0
3.18139,-0.0659925,0.0683373,0
3.18147,-0.0481475,0.0494248,0
3.18156,-0.0413536,0.0420818,0
3.18165,-0.0330887,0.0333787,0
3.18174,-0.0169706,0.0169706,0
