7200
2519
2.18166
2.19737,-0.0318198,-0.0318198,0
2.19746,-0.0506891,-0.0511333,0
2.19754,-0.0427555,-0.0435083,0
2.19763,-0.0739658,-0.075928,0
2.19772,-0.0882216,-0.0913562,0
2.19781,-0.103035,-0.107632,0
2.19789,-0.130099,-0.137096,0
2.19798,-0.131555,-0.139847,0
2.19807,-0.173228,-0.185764,0
2.19815,-0.172415,-0.186518,0
2.19824,-0.291179,-0.317767,0
2.19833,-0.200365,-0.220585,0
2.19842,-0.209438,-0.232604,0
2.1985,-0.218409,-0.244707,0
2.19859,-0.221978,-0.2509,0
2.19868,-0.2222,-0.25337,0
2.19877,-0.22634,-0.260375,0
2.19885,-0.219327,-0.254542,0
2.19894,-0.232502,-0.272225,0
2.19903,-0.222267,-0.262552,0
2.19911,-0.216619,-0.258157,0
2.1992,-0.218688,-0.262944,0
2.19929,-0.221355,-0.268525,0
2.19938,-0.227774,-0.278781,0
2.19946,-0.229702,-0.283658,0
2.19955,-0.231592,-0.288557,0
2.19964,-0.226595,-0.284869,0
2.19973,-0.221636,-0.281143,0
2.19981,-0.222254,-0.284472,0
2.1999,-0.221623,-0.28623,0
2.19999,-0.218545,-0.284814,0
2.20007,-0.229406,-0.301685,0
2.20016,-0.234106,-0.310669,0
2.20025,-0.230355,-0.308483,0
2.20034,-0.220084,-0.297427,0
2.20042,-0.219376,-0.299191,0
2.20051,-0.223358,-0.307426,0
2.2006,-0.219678,-0.305152,0
2.20069,-0.218925,-0.306922,0
2.20077,-0.229704,-0.325023,0
2.20086,-0.232872,-0.332576,0
2.20095,-0.229709,-0.331124,0
2.20103,-0.227129,-0.330475,0
2.20112,-0.231313,-0.339728,0
2.20121,-0.239894,-0.355657,0
2.2013,-0.277785,-0.415735,0
2.20138,-0.29915,-0.451966,0
2.20147,-0.297175,-0.453267,0
2.20156,-0.30173,-0.464624,0
2.20165,-0.295372,-0.459207,0
2.20173,-0.303037,-0.475673,0
2.20182,-0.303093,-0.480373,0
2.20191,-0.304174,-0.48678,0
2.20199,-0.302047,-0.488102,0
2.20208,-0.293644,-0.479184,0
2.20217,-0.294144,-0.484735,0
2.20226,-0.302327,-0.503157,0
2.20234,-0.296039,-0.497596,0
2.20243,-0.299955,-0.509223,0
2.20252,-0.296219,-0.507935,0
2.20261,-0.297,-0.514419,0
2.20269,-0.298226,-0.521788,0
2.20278,-0.292992,-0.517862,0
2.20287,-0.285843,-0.51041,0
2.20295,-0.285068,-0.514276,0
2.20304,-0.290998,-0.53042,0
2.20313,-0.288204,-0.530806,0
2.20322,-0.290145,-0.539986,0
2.2033,-0.294359,-0.553608,0
2.20339,-0.292872,-0.556657,0
2.20348,-0.291825,-0.560591,0
2.20357,-0.288918,-0.56097,0
2.20365,-0.2901,-0.569353,0
2.20374,-0.291664,-0.57865,0
2.20383,-0.289582,-0.580812,0
2.20391,-0.28793,-0.583864,0
2.204,-0.291955,-0.598597,0
2.20409,-0.295857,-0.613375,0
2.20418,-0.288442,-0.604732,0
2.20426,-0.28964,-0.614125,0
2.20435,-0.283577,-0.608133,0
2.20444,-0.283014,-0.613905,0
2.20453,-0.287797,-0.631513,0
2.20461,-0.285039,-0.632763,0
2.2047,-0.28797,-0.64679,0
2.20479,-0.289172,-0.657194,0
2.20487,-0.287897,-0.662117,0
2.20496,-0.290926,-0.677149,0
2.20505,-0.287578,-0.677492,0
2.20514,-0.286553,-0.683351,0
2.20522,-0.286247,-0.691062,0
2.20531,-0.285501,-0.697858,0
2.2054,-0.283952,-0.702805,0
2.20549,-0.281624,-0.705895,0
2.20557,-0.284405,-0.722004,0
2.20566,-0.287051,-0.73815,0
2.20575,-0.283827,-0.739396,0
2.20583,-0.28237,-0.745303,0
2.20592,-0.278065,-0.743718,0
2.20601,-0.280701,-0.760873,0
2.2061,-0.289691,-0.79592,0
2.20618,-0.31798,-0.885647,0
2.20627,-0.37353,-1.05482,0
2.20636,-0.405849,-1.16217,0
2.20645,-0.408262,-1.18568,0
2.20653,-0.4108,-1.21018,0
2.20662,-0.402977,-1.20437,0
2.20671,-0.40085,-1.21561,0
2.20679,-0.394615,-1.2145,0
2.20688,-0.39358,-1.22954,0
2.20697,-0.389715,-1.23602,0
2.20706,-0.382539,-1.23198,0
2.20714,-0.396748,-1.29771,0
2.20723,-0.479559,-1.5934,0
2.20732,-0.486234,-1.6415,0
2.20741,-0.470952,-1.61576,0
2.20749,-0.468308,-1.63318,0
2.20758,-0.460906,-1.63425,0
2.20784,-0.43171,-1.61116,0
2.20802,-0.420889,-1.62746,0
2.2081,-0.416984,-1.64188,0
2.20819,-0.397962,-1.59614,0
2.20828,-0.39337,-1.60757,0
2.20837,-0.391021,-1.62872,0
2.20845,-0.371992,-1.57979,0
2.20854,-0.371169,-1.60771,0
2.20863,-0.360178,-1.59176,0
2.20871,-0.360156,-1.62456,0
2.2088,-0.343728,-1.58311,0
2.20889,-0.342846,-1.61297,0
2.20898,-0.336213,-1.6164,0
2.20906,-0.32477,-1.5963,0
2.20915,-0.320338,-1.61045,0
2.20924,-0.307584,-1.58238,0
2.20933,-0.307205,-1.6181,0
2.20941,-0.303422,-1.63712,0
2.2095,-0.293785,-1.62465,0
2.20959,-0.286519,-1.62493,0
2.20967,-0.275193,-1.60153,0
2.20976,-0.272824,-1.63033,0
2.20985,-0.261689,-1.60683,0
2.20994,-0.256709,-1.6208,0
2.21002,-0.249026,-1.61795,0
2.21011,-0.244477,-1.63583,0
2.2102,-0.237911,-1.64084,0
2.21029,-0.232419,-1.65375,0
2.21037,-0.221965,-1.63097,0
2.21046,-0.215368,-1.63588,0
2.21055,-0.207345,-1.62986,0
2.21063,-0.204131,-1.66251,0
2.21072,-0.194407,-1.64254,0
2.21081,-0.187804,-1.64834,0
2.2109,-0.179304,-1.63721,0
2.21098,-0.175294,-1.66781,0
2.21107,-0.165611,-1.64468,0
2.21116,-0.159679,-1.65833,0
2.21124,-0.153814,-1.67395,0
2.21133,-0.14616,-1.67062,0
2.21142,-0.138207,-1.66327,0
2.21151,-0.131654,-1.67283,0
2.21159,-0.122205,-1.64447,0
2.21168,-0.116912,-1.67192,0
2.21177,-0.109877,-1.6764,0
2.21186,-0.103111,-1.68585,0
2.21194,-0.0959809,-1.69028,0
2.21203,-0.0891805,-1.70166,0
2.21212,-0.0821386,-1.71003,0
2.2122,-0.0735859,-1.68539,0
2.21229,-0.0669773,-1.70468,0
2.21238,-0.0607949,-1.74094,0
2.21247,-0.0529233,-1.73219,0
2.21255,-0.0467259,-1.78439,0
2.21264,-0.0391359,-1.79357,0
2.21273,-0.0319728,-1.83172,0
2.21282,-0.0240063,-1.83384,0
2.2129,-0.016083,-1.84293,0
2.21299,-0.00805469,-1.84598,0
2.21308,-2.23823e-08,-1.858,0
2.21316,0.00805465,-1.84598,0
2.21325,0.0161615,-1.85193,0
2.21334,0.0241241,-1.84284,0
2.21343,0.0322171,-1.84572,0
2.21351,0.0404448,-1.85356,0
2.2136,0.0509403,-1.94533,0
2.21369,0.0597638,-1.95609,0
2.21378,0.0690661,-1.97779,0
2.21386,0.0784411,-1.99646,0
2.21395,0.0869334,-1.9911,0
2.21404,0.0944209,-1.96573,0
2.21412,0.10373,-1.97928,0
2.21421,0.111968,-1.97182,0
2.2143,0.121181,-1.9813,0
2.21439,0.130545,-1.99173,0
2.21447,0.137769,-1.97019,0
2.21456,0.14503,-1.95162,0
2.21465,0.152917,-1.94299,0
2.21474,0.16189,-1.94829,0
2.21482,0.171087,-1.95553,0
2.21491,0.180624,-1.96572,0
2.215,0.190254,-1.97586,0
2.21508,0.199374,-1.97999,0
2.21517,0.20843,-1.98308,0
2.21526,0.217298,-1.98414,0
2.21535,0.227199,-1.9941,0
2.21543,0.233899,-1.97621,0
2.21552,0.245201,-1.997,0
2.21561,0.254417,-1.99988,0
2.2157,0.264185,-2.00668,0
2.21578,0.272534,-2.00254,0
2.21587,0.2828,-2.01222,0
2.21596,0.294016,-2.0278,0
2.21604,0.302418,-2.02353,0
2.21613,0.314895,-2.04591,0
2.21622,0.326166,-2.05933,0
2.21631,0.332576,-2.0421,0
2.21639,0.344289,-2.05739,0
2.21648,0.3514,-2.04503,0
2.21657,0.365182,-2.07105,0
2.21666,0.375283,-2.07534,0
2.21674,0.38561,-2.08057,0
2.21683,0.396737,-2.08967,0
2.21692,0.410812,-2.11344,0
2.217,0.419834,-2.11065,0
2.21709,0.432429,-2.12546,0
2.21718,0.441292,-2.12159,0
2.21727,0.457406,-2.15192,0
2.21735,0.46382,-2.13623,0
2.21744,0.475734,-2.1459,0
2.21753,0.484652,-2.14185,0
2.21762,0.493318,-2.13679,0
2.2177,0.508825,-2.1609,0
2.21779,0.519182,-2.16255,0
2.21788,0.529089,-2.16221,0
2.21796,0.540453,-2.16764,0
2.21805,0.548183,-2.15848,0
2.21814,0.561352,-2.17059,0
2.21823,0.573618,-2.17875,0
2.21831,0.581308,-2.16947,0
2.2184,0.512122,-1.87844,0
2.21849,0.608502,-2.19419,0
2.21858,0.616713,-2.1867,0
2.21866,0.625972,-2.18303,0
2.21875,0.567773,-1.94794,0
2.21884,0.575983,-1.94449,0
2.21892,0.584462,-1.94195,0
2.21901,0.595269,-1.94704,0
2.2191,0.602869,-1.94156,0
2.21919,0.614643,-1.9494,0
2.21927,0.620094,-1.93717,0
2.21936,0.62885,-1.9354,0
2.21945,0.642925,-1.94973,0
2.21954,0.652696,-1.9507,0
2.21962,0.659915,-1.94405,0
2.21971,0.670996,-1.94871,0
2.2198,0.677185,-1.93916,0
2.21988,0.685305,-1.93524,0
2.21997,0.698474,-1.94541,0
2.22006,0.707982,-1.94516,0
2.22015,0.718885,-1.94862,0
2.22023,0.723879,-1.9361,0
2.22032,0.731965,-1.93199,0
2.22041,0.736088,-1.91757,0
2.2205,0.863327,-2.22004,0
2.22058,0.867508,-2.2023,0
2.22067,0.823749,-2.06474,0
2.22076,0.860097,-2.12881,0
2.22084,0.787968,-1.92605,0
2.22093,0.751973,-1.81542,0
2.22102,0.75718,-1.80567,0
2.22111,0.765833,-1.80419,0
2.22119,0.776461,-1.80726,0
2.22128,0.785536,-1.80661,0
2.22137,0.7918,-1.7995,0
2.22146,0.803305,-1.80425,0
2.22154,0.822259,-1.82535,0
2.22163,0.843901,-1.85177,0
2.22172,0.851973,-1.84807,0
2.2218,0.85876,-1.84162,0
2.22189,0.87148,-1.8478,0
2.22198,0.878673,-1.84218,0
2.22207,0.891047,-1.84733,0
2.22215,0.897346,-1.83983,0
2.22224,0.906692,-1.83859,0
2.22233,0.916937,-1.83909,0
2.22242,0.926303,-1.83775,0
2.2225,0.937944,-1.84082,0
2.22259,0.947799,-1.84027,0
2.22268,0.95582,-1.83611,0
2.22276,0.968944,-1.84166,0
2.22285,0.974623,-1.833,0
2.22294,0.992551,-1.84723,0
2.22303,1.00251,-1.84639,0
2.22311,1.01344,-1.84726,0
2.2232,1.02634,-1.85157,0
2.22329,1.04076,-1.85842,0
2.22337,1.0464,-1.84951,0
2.22346,1.06091,-1.85621,0
2.22355,1.0675,-1.84896,0
2.22364,1.08614,-1.86243,0
2.22372,1.10593,-1.87749,0
2.22381,1.11206,-1.86921,0
2.2239,1.12999,-1.88063,0
2.22399,1.15946,-1.91073,0
2.22407,1.25661,-2.0506,0
2.22416,1.40078,-2.26364,0
2.22425,1.42336,-2.27786,0
2.22433,1.43542,-2.27501,0
2.22442,1.45017,-2.27631,0
2.22451,1.4655,-2.27837,0
2.2246,1.47488,-2.27112,0
2.22468,1.49245,-2.27637,0
2.22477,1.50348,-2.2715,0
2.22486,1.51504,-2.26742,0
2.22495,1.53498,-2.27571,0
2.22503,1.54884,-2.27478,0
2.22512,1.56555,-2.27788,0
2.22521,1.58174,-2.28007,0
2.22529,1.59397,-2.27642,0
2.22538,1.60389,-2.26945,0
2.22547,1.62481,-2.2779,0
2.22556,1.63356,-2.26916,0
2.22564,1.65638,-2.27981,0
2.22573,1.66454,-2.27014,0
2.22582,1.68811,-2.28135,0
2.22591,1.69565,-2.27075,0
2.22599,1.70915,-2.26812,0
2.22608,1.72569,-2.2694,0
2.22617,1.74045,-2.2682,0
2.22625,1.75951,-2.27244,0
2.22634,1.77618,-2.27341,0
2.22643,1.79166,-2.27271,0
2.22652,1.79782,-2.26017,0
2.2266,1.82332,-2.2718,0
2.22669,1.83824,-2.27004,0
2.22678,1.85446,-2.26974,0
2.22687,1.87134,-2.27012,0
2.22695,1.89018,-2.2727,0
2.22704,1.90458,-2.26979,0
2.22713,1.92545,-2.27443,0
2.22721,1.9373,-2.26829,0
2.2273,1.95502,-2.26891,0
2.22739,1.96818,-2.26413,0
2.22748,1.98793,-2.2668,0
2.22756,2.00641,-2.26784,0
2.22765,2.02295,-2.26652,0
2.22774,2.04085,-2.26659,0
2.22783,2.04063,-2.24656,0
2.22791,2.05042,-2.23764,0
2.228,2.04319,-2.21031,0
2.22809,2.04941,-2.19772,0
2.22817,2.04664,-2.17564,0
2.22826,2.04304,-2.15291,0
2.22835,2.03858,-2.12953,0
2.22844,2.0416,-2.11414,0
2.22852,2.04104,-2.09518,0
2.22861,2.03754,-2.07342,0
2.2287,2.04235,-2.06025,0
2.22879,2.04,-2.04,0
2.22887,2.03184,-2.01419,0
2.22896,2.0399,-2.0046,0
2.22905,2.03573,-1.98312,0
2.22913,2.03142,-1.96172,0
2.22922,2.03418,-1.9473,0
2.22931,2.02597,-1.92257,0
2.2294,2.03361,-1.91303,0
2.22948,2.02585,-1.88914,0
2.22957,2.02232,-1.86942,0
2.22966,2.02309,-1.85382,0
2.22975,2.02746,-1.84161,0
2.22983,2.03324,-1.83074,0
2.22992,2.02629,-1.80853,0
2.23001,2.03042,-1.79636,0
2.23009,2.0232,-1.7743,0
2.23018,2.02111,-1.75693,0
2.23027,2.01891,-1.7396,0
2.23036,2.02192,-1.72688,0
2.23044,2.0218,-1.71158,0
2.23053,2.01776,-1.6931,0
2.23062,2.02436,-1.68364,0
2.23071,2.02166,-1.66652,0
2.23079,2.03046,-1.65895,0
2.23088,2.02369,-1.63875,0
2.23097,2.03784,-1.63554,0
2.23105,2.05122,-1.63161,0
2.23114,2.06538,-1.62822,0
2.23123,2.08429,-1.62842,0
2.23132,2.09533,-1.62238,0
2.2314,2.09445,-1.60713,0
2.23149,2.09269,-1.59132,0
2.23158,2.10041,-1.58277,0
2.23167,2.1097,-1.57539,0
2.23175,2.0844,-1.54238,0
2.23184,2.10724,-1.54509,0
2.23193,2.11962,-1.54,0
2.23201,2.11415,-1.52197,0
2.2321,2.12484,-1.51563,0
2.23219,2.1004,-1.48442,0
2.23228,2.08065,-1.45688,0
2.23236,2.04837,-1.421,0
2.23245,2.04878,-1.40809,0
2.23254,2.05821,-1.40138,0
2.23263,2.05601,-1.3868,0
2.23271,2.05789,-1.37504,0
2.2328,2.05803,-1.36218,0
2.23289,2.06981,-1.35703,0
2.23297,2.05558,-1.33491,0
2.23306,2.06055,-1.32539,0
2.23315,2.06462,-1.31531,0
2.23324,2.09318,-1.3207,0
2.23332,2.11418,-1.32109,0
2.23341,2.11142,-1.30659,0
2.2335,2.10091,-1.28744,0
2.23359,2.10821,-1.27929,0
2.23367,2.10606,-1.26545,0
2.23376,2.0832,-1.23937,0
2.23385,2.07653,-1.22317,0
2.23393,2.0853,-1.21611,0
2.23402,2.08366,-1.203,0
2.23411,2.07586,-1.18645,0
2.2342,2.08363,-1.17886,0
2.23428,2.07829,-1.1639,0
2.23437,2.09646,-1.16209,0
2.23446,2.10064,-1.15245,0
2.23455,2.08807,-1.13373,0
2.23463,2.09476,-1.12555,0
2.23472,2.09788,-1.11546,0
2.23481,2.10981,-1.11003,0
2.23489,2.10931,-1.09804,0
2.23498,2.09275,-1.07784,0
2.23507,2.06535,-1.05235,0
2.23516,2.0601,-1.03838,0
2.23524,2.04045,-1.01733,0
2.23533,2.01976,-0.996034,0
2.23542,2.0097,-0.980198,0
2.23551,2.01036,-0.969682,0
2.23559,2.01186,-0.959609,0
2.23568,2.02146,-0.953381,0
2.23577,2.01019,-0.937367,0
2.23585,1.99882,-0.92147,0
2.23594,2.00191,-0.912325,0
2.23603,2.00679,-0.903992,0
2.23612,1.99884,-0.88994,0
2.2362,2.00362,-0.881612,0
2.23629,2.00194,-0.870469,0
2.23638,2.00756,-0.862515,0
2.23646,2.00118,-0.84945,0
2.23655,1.99841,-0.838003,0
2.23664,1.99743,-0.827362,0
2.23673,2.00565,-0.820532,0
2.23681,1.99159,-0.804655,0
2.2369,1.99601,-0.796328,0
2.23699,1.99202,-0.784679,0
2.23708,1.9945,-0.775617,0
2.23716,2.0044,-0.769416,0
2.23725,1.99745,-0.756766,0
2.23734,1.99792,-0.746992,0
2.23742,2.00022,-0.737922,0
2.23751,2.00155,-0.728503,0
2.2376,1.99341,-0.715708,0
2.23769,1.9918,-0.705334,0
2.23777,1.99486,-0.696636,0
2.23786,1.99504,-0.686949,0
2.23795,1.95541,-0.663773,0
2.23804,1.75061,-0.585744,0
2.23812,1.73225,-0.571211,0
2.23821,1.71571,-0.557467,0
2.2383,1.71717,-0.54967,0
2.23838,1.71001,-0.539166,0
2.23847,1.70949,-0.530809,0
2.23856,1.7137,-0.52393,0
2.23865,1.71118,-0.515007,0
2.23873,1.723,-0.510376,0
2.23882,1.70793,-0.497816,0
2.23891,1.71489,-0.491737,0
2.239,1.71317,-0.483164,0
2.23908,1.72201,-0.477555,0
2.23917,1.72504,-0.4703,0
2.23926,1.74639,-0.467945,0
2.23934,1.73778,-0.45752,0
2.23943,1.75525,-0.453939,0
2.23952,1.77272,-0.450214,0
2.23961,1.7999,-0.448765,0
2.23969,1.84166,-0.450653,0
2.23978,1.88056,-0.451483,0
2.23987,1.91366,-0.450608,0
2.23996,1.93997,-0.447878,0
2.24004,1.94776,-0.440733,0
2.24013,1.95845,-0.434178,0
2.24022,1.9613,-0.425841,0
2.2403,1.95532,-0.415615,0
2.24039,1.96494,-0.408709,0
2.24048,1.96769,-0.400331,0
2.24057,1.97432,-0.392717,0
2.24065,1.97405,-0.383717,0
2.24074,1.9708,-0.374167,0
2.24083,1.97536,-0.366111,0
2.24092,1.97989,-0.358022,0
2.241,1.97454,-0.348165,0
2.24109,1.9721,-0.338868,0
2.24118,1.9775,-0.330921,0
2.24126,1.98386,-0.323093,0
2.24135,1.97834,-0.313338,0
2.24144,1.97573,-0.304095,0
2.24153,1.97309,-0.29488,0
2.24161,1.97633,-0.286555,0
2.2417,1.97261,-0.277233,0
2.24179,1.98173,-0.269702,0
2.24188,1.97992,-0.260661,0
2.24196,1.99393,-0.25366,0
2.24205,1.98211,-0.243373,0
2.24214,1.98614,-0.235075,0
2.24222,1.98218,-0.22584,0
2.24231,1.97817,-0.216645,0
2.2424,1.98208,-0.208325,0
2.24249,1.98397,-0.199775,0
2.24257,1.98681,-0.191308,0
2.24266,1.97269,-0.181265,0
2.24275,1.97844,-0.173091,0
2.24284,1.97918,-0.164457,0
2.24292,1.9729,-0.155271,0
2.24301,1.97854,-0.147031,0
2.2431,1.97019,-0.137769,0
2.24318,1.98873,-0.130348,0
2.24327,1.98429,-0.121365,0
2.24336,1.9838,-0.112649,0
2.24345,1.97529,-0.103521,0
2.24353,1.97872,-0.0950447,0
2.24362,1.97412,-0.086192,0
2.24371,1.97947,-0.0777737,0
2.2438,1.9768,-0.0690313,0
2.24388,1.98507,-0.0606495,0
2.24397,1.97732,-0.0517781,0
2.24406,1.97053,-0.0429972,0
2.24414,1.9737,-0.0344511,0
2.24423,1.97983,-0.0259174,0
2.24432,1.98392,-0.0173135,0
2.24441,1.97998,-0.0086394,0
2.24449,1.978,-4.78961e-08,0
2.24458,1.96998,0.00859567,0
2.24467,1.97092,0.0172,0
2.24476,1.98083,0.0259304,0
2.24484,1.9807,0.0345732,0
2.24493,1.98253,0.0432589,0
2.24502,1.96333,0.0514115,0
2.2451,1.96508,0.0600387,0
2.24519,1.79491,0.0626795,0
2.24528,1.70069,0.0668202,0
2.24537,1.66841,0.0728443,0
2.24545,1.67107,0.0802674,0
2.24554,1.66372,0.0871917,0
2.24563,1.65933,0.0942234,0
2.24572,1.67188,0.102256,0
2.2458,1.66942,0.109419,0
2.24589,1.66892,0.116703,0
2.24598,1.66142,0.123465,0
2.24606,1.66784,0.131262,0
2.24615,1.66426,0.13829,0
2.24624,1.66365,0.14555,0
2.24633,1.67395,0.153814,0
2.24641,1.68521,0.162267,0
2.2465,1.69443,0.17062,0
2.24659,1.69765,0.17843,0
2.24668,1.69487,0.185618,0
2.24676,1.68609,0.192106,0
2.24685,1.68524,0.199461,0
2.24694,1.67939,0.206203,0
2.24702,1.69038,0.215043,0
2.24711,1.68248,0.221503,0
2.2472,1.67655,0.228168,0
2.24729,1.68643,0.237012,0
2.24737,1.70715,0.247525,0
2.24746,1.86528,0.278769,0
2.24755,1.95696,0.301204,0
2.24764,1.96846,0.311774,0
2.24772,1.96807,0.320521,0
2.24781,1.97652,0.330755,0
2.2479,1.98294,0.340731,0
2.24798,1.9834,0.349727,0
2.24807,1.98875,0.359624,0
2.24816,1.97831,0.366658,0
2.24825,1.98258,0.376405,0
2.24833,1.97209,0.383335,0
2.24842,1.97628,0.393107,0
2.24851,1.97455,0.401726,0
2.24859,1.98061,0.411967,0
2.24868,1.96803,0.418318,0
2.24877,1.97303,0.428387,0
2.24886,1.97993,0.43894,0
2.24894,1.99848,0.452209,0
2.24903,1.98577,0.45845,0
2.24912,1.97596,0.465277,0
2.24921,1.98169,0.475762,0
2.24929,1.97474,0.483215,0
2.24938,1.97067,0.491343,0
2.24947,1.97529,0.50166,0
2.24955,1.97405,0.510525,0
2.24964,1.97954,0.52117,0
2.24973,1.97242,0.528508,0
2.24982,1.97203,0.537636,0
2.2499,1.96484,0.544899,0
2.24999,1.97688,0.557539,0
2.25008,1.97059,0.565057,0
2.25017,1.97386,0.575328,0
2.25025,1.96366,0.581663,0
2.25034,1.96972,0.59282,0
2.25043,1.96808,0.601701,0
2.25051,1.97403,0.612951,0
2.2506,1.96847,0.620657,0
2.25069,1.96098,0.627716,0
2.25078,1.96869,0.639665,0
2.25086,1.96398,0.647623,0
2.25095,1.97536,0.660946,0
2.25104,1.96867,0.668273,0
2.25113,1.97046,0.678484,0
2.25121,1.96937,0.687735,0
2.2513,1.96918,0.697322,0
2.25139,1.96518,0.70557,0
2.25147,1.97241,0.7179,0
2.25156,1.9627,0.724077,0
2.25165,1.96795,0.735786,0
2.25174,1.96472,0.744365,0
2.25182,1.97546,0.758307,0
2.25191,1.96094,0.76257,0
2.252,1.96876,0.775517,0
2.25209,1.96443,0.783729,0
2.25217,1.96656,0.794541,0
2.25226,1.96307,0.803114,0
2.25235,1.96694,0.814733,0
2.25243,1.96244,0.822921,0
2.25252,1.95791,0.831085,0
2.25261,1.96805,0.845541,0
2.2527,1.96159,0.852924,0
2.25278,1.96426,0.864294,0
2.25287,1.9623,0.87367,0
2.25296,1.96849,0.886742,0
2.25305,1.9637,0.894908,0
2.25313,1.96341,0.905142,0
2.25322,1.9685,0.917927,0
2.25331,1.96719,0.927787,0
2.25339,1.96222,0.935931,0
2.25348,1.95722,0.94405,0
2.25357,1.95937,0.955649,0
2.25366,1.96415,0.968612,0
2.25374,1.96438,0.979404,0
2.25383,1.95473,0.985265,0
2.25392,1.96645,1.00196,0
2.25401,1.96917,1.01419,0
2.25409,1.96384,1.02231,0
2.25418,1.97087,1.03692,0
2.25427,1.96456,1.04457,0
2.25435,1.96262,1.05456,0
2.25444,1.95976,1.06406,0
2.25453,1.97351,1.08271,0
2.25462,1.97402,1.09422,0
2.2547,1.96922,1.10282,0
2.25479,1.96526,1.11189,0
2.25488,1.96821,1.12492,0
2.25497,1.96674,1.1355,0
2.25505,1.95918,1.14256,0
2.25514,1.96107,1.15516,0
2.25523,1.9646,1.16882,0
2.25531,1.95777,1.17635,0
2.2554,1.95775,1.18799,0
2.25549,1.95851,1.20018,0
2.25558,1.95921,1.2124,0
2.25566,1.95984,1.22464,0
2.25575,1.96124,1.23745,0
2.25584,1.96342,1.25083,0
2.25593,1.96046,1.26101,0
2.25601,1.96165,1.27391,0
2.2561,1.96276,1.28684,0
2.25619,1.95963,1.29705,0
2.25627,1.95894,1.30892,0
2.25636,1.95238,1.3169,0
2.25645,1.95158,1.32878,0
2.25654,1.954,1.34295,0
2.25662,1.96127,1.36058,0
2.25671,1.95532,1.36913,0
2.2568,1.95749,1.38342,0
2.25689,1.9612,1.39891,0
2.25697,1.95995,1.41096,0
2.25706,1.95135,1.41774,0
2.25715,1.94998,1.42979,0
2.25723,1.94775,1.44126,0
2.25732,1.95746,1.46171,0
2.25741,1.95666,1.47445,0
2.2575,1.95896,1.48963,0
2.25758,1.95958,1.50364,0
2.25767,1.95458,1.5134,0
2.25776,1.95584,1.52807,0
2.25785,1.95073,1.53783,0
2.25793,1.95652,1.55629,0
2.25802,1.95127,1.56606,0
2.25811,1.95452,1.58274,0
2.25819,1.95844,1.60011,0
2.25828,1.9607,1.61627,0
2.25837,1.95593,1.62673,0
2.25846,1.95495,1.64039,0
2.25854,1.95845,1.65795,0
2.25863,1.95196,1.66713,0
2.25872,1.95755,1.68673,0
2.25881,1.95923,1.70313,0
2.25889,1.9623,1.72089,0
2.25898,1.95028,1.72546,0
2.25907,1.95392,1.74394,0
2.25915,1.9567,1.76182,0
2.25924,1.95196,1.77303,0
2.25933,1.95231,1.78896,0
2.25942,1.95844,1.81036,0
2.2595,1.95491,1.82298,0
2.25959,1.95276,1.83698,0
2.25968,1.9469,1.84754,0
2.25977,1.95255,1.86916,0
2.25985,1.95804,1.89086,0
2.25994,1.94977,1.89939,0
2.26003,1.95288,1.91909,0
2.26011,1.96011,1.94308,0
2.2602,1.95727,1.95727,0
2.26029,1.95857,1.97574,0
2.26038,1.96044,1.99496,0
2.26046,1.96219,2.01424,0
2.26055,1.95755,2.0271,0
2.26064,1.95975,2.04718,0
2.26073,1.96043,2.06587,0
2.26081,1.96031,2.08387,0
2.2609,1.95597,2.09752,0
2.26099,1.9597,2.11999,0
2.26107,1.95989,2.13884,0
2.26116,1.95928,2.157,0
2.26125,1.96055,2.17741,0
2.26134,1.96036,2.19639,0
2.26142,1.96334,2.21916,0
2.26151,1.96089,2.23597,0
2.2616,1.96293,2.25809,0
2.26168,1.95632,2.27042,0
2.26177,1.94575,2.27818,0
2.26186,1.95,2.30344,0
2.26195,1.93929,2.31116,0
2.26203,1.92663,2.31652,0
2.26212,1.91205,2.3195,0
2.26221,1.88989,2.31311,0
2.2623,1.87097,2.31045,0
2.26238,1.85649,2.31314,0
2.26247,1.83891,2.31182,0
2.26256,1.8189,2.30726,0
2.26264,1.80204,2.30651,0
2.26273,1.78767,2.30881,0
2.26282,1.77393,2.31183,0
2.26291,1.75535,2.30841,0
2.26299,1.73804,2.30646,0
2.26308,1.72198,2.30601,0
2.26317,1.70357,2.30225,0
2.26326,1.68642,2.29998,0
2.26334,1.67401,2.30408,0
2.26343,1.65985,2.30568,0
2.26352,1.64455,2.30558,0
2.2636,1.6264,2.3013,0
2.26369,1.61404,2.30509,0
2.26378,1.59827,2.3039,0
2.26387,1.57914,2.29766,0
2.26395,1.56797,2.30288,0
2.26404,1.54952,2.29726,0
2.26413,1.53893,2.30317,0
2.26422,1.52169,2.29902,0
2.2643,1.51219,2.30648,0
2.26439,1.4885,2.29209,0
2.26448,1.48227,2.30445,0
2.26456,1.45823,2.28896,0
2.26465,1.4477,2.29446,0
2.26474,1.43396,2.29482,0
2.26483,1.41604,2.2883,0
2.26491,1.40866,2.29872,0
2.265,1.39135,2.29287,0
2.26509,1.38288,2.30149,0
2.26518,1.36618,2.29633,0
2.26526,1.35462,2.29969,0
2.26535,1.335,2.28916,0
2.26544,1.3255,2.29583,0
2.26552,1.31497,2.30073,0
2.26561,1.29704,2.29252,0
2.2657,1.2841,2.29292,0
2.26579,1.27359,2.29763,0
2.26587,1.25923,2.29527,0
2.26596,1.24204,2.28756,0
2.26605,1.23347,2.2956,0
2.26614,1.21781,2.29037,0
2.26622,1.2078,2.29566,0
2.26631,1.19454,2.2947,0
2.2664,1.17857,2.28833,0
2.26648,1.16403,2.28454,0
2.26657,1.1581,2.29763,0
2.26666,1.14271,2.29193,0
2.26675,1.12828,2.28792,0
2.26683,1.11434,2.28473,0
2.26692,1.1061,2.29318,0
2.26701,1.08704,2.27903,0
2.2671,1.07495,2.27923,0
2.26718,1.0688,2.29205,0
2.26727,1.05795,2.29488,0
2.26736,1.04047,2.28309,0
2.26744,1.02844,2.28305,0
2.26753,1.01684,2.28386,0
2.26762,1.00928,2.29377,0
2.26771,0.992885,2.28348,0
2.26779,0.981728,2.28503,0
2.26788,0.96745,2.27917,0
2.26797,0.961364,2.29259,0
2.26806,0.944463,2.28013,0
2.26814,0.933369,2.28146,0
2.26823,0.925278,2.29014,0
2.26832,0.915277,2.29416,0
2.2684,0.899028,2.28231,0
2.26849,0.89051,2.28994,0
2.26858,0.87836,2.28821,0
2.26867,0.866596,2.28734,0
2.26875,0.853105,2.28173,0
2.26884,0.83968,2.27605,0
2.26893,0.829741,2.27969,0
2.26902,0.819448,2.28235,0
2.2691,0.809148,2.28496,0
2.26919,0.796862,2.28186,0
2.26928,0.788526,2.29005,0
2.26936,0.771455,2.27263,0
2.26945,0.762166,2.27787,0
2.26954,0.75128,2.27833,0
2.26963,0.739787,2.27683,0
2.26971,0.728931,2.27718,0
2.2698,0.714477,2.26603,0
2.26989,0.707252,2.27772,0
2.26998,0.694675,2.27218,0
2.27006,0.689366,2.29051,0
2.27015,0.674537,2.2772,0
2.27024,0.665993,2.28492,0
2.27032,0.653812,2.28011,0
2.27041,0.641414,2.27428,0
2.2705,0.630683,2.27417,0
2.27059,0.622858,2.28462,0
2.27067,0.608225,2.26993,0
2.27076,0.599588,2.27739,0
2.27085,0.590146,2.28192,0
2.27094,0.579445,2.28157,0
2.27102,0.568275,2.27922,0
2.27111,0.557849,2.27974,0
2.2712,0.54813,2.28312,0
2.27128,0.533579,2.26603,0
2.27137,0.523686,2.26833,0
2.27146,0.514666,2.2745,0
2.27155,0.505819,2.2816,0
2.27163,0.491828,2.26522,0
2.27172,0.484434,2.27908,0
2.27181,0.472653,2.27236,0
2.2719,0.462334,2.27245,0
2.27198,0.452415,2.27444,0
2.27207,0.442868,2.27836,0
2.27216,0.431617,2.27339,0
2.27224,0.421875,2.27624,0
2.27233,0.412295,2.28002,0
2.27242,0.402169,2.28081,0
2.27251,0.389504,2.26678,0
2.27259,0.37994,2.27043,0
2.27268,0.370351,2.27404,0
2.27277,0.359799,2.27168,0
2.27286,0.347754,2.25939,0
2.27294,0.340405,2.2777,0
2.27303,0.329746,2.27422,0
2.27312,0.318567,2.26672,0
2.2732,0.310022,2.278,0
2.27329,0.298513,2.26743,0
2.27338,0.288239,2.26574,0
2.27347,0.278715,2.26995,0
2.27355,0.268338,2.26718,0
2.27364,0.258669,2.27031,0
2.27373,0.249087,2.2744,0
2.27381,0.238848,2.27248,0
2.2739,0.227728,2.26156,0
2.27399,0.218528,2.2695,0
2.27408,0.208258,2.26645,0
2.27416,0.198541,2.26933,0
2.27425,0.187975,2.2622,0
2.27434,0.17873,2.27098,0
2.27443,0.168449,2.26675,0
2.27451,0.158487,2.26647,0
2.2746,0.1484,2.26414,0
2.27469,0.138886,2.27076,0
2.27477,0.128806,2.26835,0
2.27486,0.118018,2.25191,0
2.27495,0.100322,2.08859,0
2.27504,0.0882857,2.02207,0
2.27512,0.0829168,2.11037,0
2.27521,0.0759414,2.17467,0
2.2753,0.0666046,2.17998,0
2.27539,0.0576155,2.20025,0
2.27547,0.0476438,2.18348,0
2.27556,0.0352365,2.01869,0
2.27565,0.0257735,1.96883,0
2.27573,0.017235,1.97492,0
2.27582,0.0086656,1.98598,0
2.27591,7.14913e-08,1.965,0
2.276,-0.00855638,1.96098,0
2.27608,-0.0171563,1.96593,0
2.27617,-0.0261268,1.99583,0
2.27626,-0.0346255,1.9837,0
2.27635,-0.0431498,1.97753,0
2.27643,-0.0525632,2.00731,0
2.27652,-0.0645583,2.11301,0
2.27661,-0.0745801,2.1357,0
2.27669,-0.0842908,2.14534,0
2.27678,-0.0923858,2.11598,0
2.27687,-0.0996505,2.07461,0
2.27696,-0.113098,2.15804,0
2.27704,-0.12223,2.15253,0
2.27713,-0.131437,2.14898,0
2.27722,-0.141925,2.16535,0
2.27731,-0.150255,2.14875,0
2.27739,-0.159704,2.14907,0
2.27748,-0.159978,2.03271,0
2.27757,-0.16719,2.01207,0
2.27765,-0.171871,1.9645,0
2.27774,-0.178428,1.94182,0
2.27783,-0.183928,1.91017,0
2.27792,-0.19186,1.90536,0
2.278,-0.199963,1.90252,0
2.27809,-0.207609,1.89567,0
2.27818,-0.215312,1.88977,0
2.27827,-0.223791,1.8908,0
2.27835,-0.231064,1.88187,0
2.27844,-0.239399,1.88183,0
2.27853,-0.24813,1.88474,0
2.27861,-0.25743,1.89156,0
2.2787,-0.266238,1.89438,0
2.27879,-0.27364,1.88727,0
2.27888,-0.282759,1.89199,0
2.27896,-0.290708,1.88876,0
2.27905,-0.298164,1.88253,0
2.27914,-0.30734,1.88714,0
2.27923,-0.319037,1.90649,0
2.27931,-0.334635,1.94746,0
2.2794,-0.344518,1.95386,0
2.27949,-0.353752,1.95627,0
2.27957,-0.359915,1.94193,0
2.27966,-0.368571,1.94132,0
2.27975,-0.379901,1.95442,0
2.27984,-0.38862,1.95372,0
2.27992,-0.396941,1.95103,0
2.28001,-0.407487,1.95907,0
2.2801,-0.4152,1.95336,0
2.28019,-0.423931,1.95251,0
2.28027,-0.432013,1.94869,0
2.28036,-0.441836,1.95264,0
2.28045,-0.450802,1.95264,0
2.28053,-0.460005,1.95357,0
2.28062,-0.468758,1.95252,0
2.28071,-0.475134,1.94171,0
2.2808,-0.485295,1.94641,0
2.28088,-0.495999,1.953,0
2.28097,-0.505016,1.95275,0
2.28106,-0.512259,1.9457,0
2.28115,-0.520744,1.94344,0
2.28123,-0.530008,1.94405,0
2.28132,-0.539821,1.94653,0
2.28141,-0.549667,1.94897,0
2.28149,-0.558717,1.94848,0
2.28158,-0.566934,1.94506,0
2.28167,-0.578539,1.95312,0
2.28176,-0.587632,1.95249,0
2.28184,-0.594976,1.94608,0
2.28193,-0.596345,1.92055,0
2.28202,-0.599006,1.8998,0
2.28211,-0.601192,1.87812,0
2.28219,-0.608454,1.87263,0
2.28228,-0.618812,1.87661,0
2.28237,-0.629215,1.88053,0
2.28245,-0.637414,1.87776,0
2.28254,-0.648206,1.88253,0
2.28263,-0.658722,1.88629,0
2.28272,-0.666278,1.88151,0
2.2828,-0.67313,1.87482,0
2.28289,-0.682672,1.87563,0
2.28298,-0.692234,1.87638,0
2.28307,-0.702516,1.87896,0
2.28315,-0.711062,1.87682,0
2.28324,-0.719244,1.8737,0
2.28333,-0.730675,1.87893,0
2.28341,-0.740332,1.87944,0
2.2835,-0.757049,1.89756,0
2.28359,-0.825633,2.04351,0
2.28368,-0.851959,2.08247,0
2.28376,-0.860272,2.07688,0
2.28385,-0.871646,2.07864,0
2.28394,-0.881489,2.07666,0
2.28403,-0.879489,2.04707,0
2.28411,-0.882432,2.02945,0
2.2842,-0.889667,2.02192,0
2.28429,-0.881805,1.98057,0
2.28437,-0.878528,1.95026,0
2.28446,-0.891176,1.95551,0
2.28455,-0.911004,1.97612,0
2.28464,-0.90398,1.93859,0
2.28472,-0.902619,1.91383,0
2.28481,-0.909239,1.90626,0
2.2849,-0.927975,1.92389,0
2.28499,-0.459851,0.942835,0
2.28507,-0.466615,0.946201,0
2.28516,-0.486356,0.975479,0
2.28525,-1.02983,2.04314,0
2.28533,-1.02102,2.00387,0
2.28542,-1.00503,1.95139,0
2.28551,-0.994606,1.91062,0
2.2856,-0.991759,1.88502,0
2.28568,-0.993402,1.86832,0
2.28577,-1.00675,1.87365,0
2.28586,-1.01539,1.87012,0
2.28595,-1.02643,1.87093,0
2.28603,-1.03458,1.86644,0
2.28612,-1.0476,1.87063,0
2.28621,-1.06019,1.87388,0
2.28629,-1.0758,1.88226,0
2.28638,-0.292,0.505759,0
2.28647,-0.328964,0.564085,0
2.28656,-0.332945,0.565229,0
2.28664,-0.33592,0.56463,0
2.28673,-0.329109,0.54773,0
2.28682,-0.32579,0.536885,0
2.2869,-0.326562,0.5329,0
2.28699,-0.319412,0.516164,0
2.28708,-0.314242,0.502893,0
2.28717,-0.323904,0.513357,0
2.28725,-0.320231,0.502661,0
2.28734,-0.326749,0.507988,0
2.28743,-0.319703,0.4923,0
2.28752,-0.322945,0.492573,0
2.2876,-0.321227,0.485322,0
2.28769,-0.320008,0.478926,0
2.28778,-0.319858,0.47421,0
2.28786,-0.326427,0.479422,0
2.28795,-0.321719,0.468104,0
2.28804,-0.318058,0.458479,0
2.28813,-0.319482,0.456268,0
2.28821,-0.32551,0.460586,0
2.2883,-0.317064,0.444507,0
2.28839,-0.322506,0.447989,0
2.28848,-0.316816,0.43606,0
2.28856,-0.316351,0.431448,0
2.28865,-0.325368,0.43971,0
2.28874,-0.324292,0.43428,0
2.28882,-0.322573,0.428069,0
2.28891,-0.326253,0.429045,0
2.289,-0.318991,0.415717,0
2.28909,-0.317741,0.410368,0
2.28917,-0.313987,0.401885,0
2.28926,-0.318214,0.403653,0
2.28935,-0.318727,0.400695,0
2.28944,-0.326106,0.40632,0
2.28952,-0.320324,0.395567,0
2.28961,-0.319516,0.391068,0
2.2897,-0.320583,0.388899,0
2.28978,-0.323556,0.389034,0
2.28987,-0.318823,0.379958,0
2.28996,-0.30174,0.35643,0
2.29005,-0.296148,0.346745,0
2.29013,-0.298964,0.346965,0
2.29022,-0.30966,0.356223,0
2.29031,-0.310552,0.354117,0
2.2904,-0.31872,0.360248,0
2.29048,-0.31696,0.355123,0
2.29057,-0.313822,0.348535,0
2.29066,-0.30391,0.334579,0
2.29074,-0.296584,0.323665,0
2.29083,-0.35094,0.379645,0
2.29092,-0.348501,0.373722,0
2.29101,-0.128129,0.136205,0
2.29109,-0.126657,0.133469,0
2.29118,-0.225433,0.235491,0
2.29127,-0.200062,0.20717,0
2.29136,-0.205848,0.211309,0
2.29144,-0.141584,0.144077,0
2.29153,-0.114754,0.11576,0
