7200
2047
1.78024
1.79594,-0.0933381,-0.0933381,0
1.79603,-0.0922259,-0.0930343,0
1.79612,-0.0890155,-0.0905828,0
1.79621,-0.119322,-0.122488,0
1.79629,-0.13129,-0.135955,0
1.79638,-0.13692,-0.143028,0
1.79647,-0.139048,-0.146526,0
1.79655,-0.146629,-0.155871,0
1.79664,-0.154814,-0.166017,0
1.79673,-0.160876,-0.174034,0
1.79682,-0.162817,-0.177684,0
1.7969,-0.166747,-0.183574,0
1.79699,-0.166614,-0.185043,0
1.79708,-0.169134,-0.189499,0
1.79717,-0.163005,-0.184243,0
1.79725,-0.16088,-0.183449,0
1.79734,-0.158766,-0.18264,0
1.79743,-0.163843,-0.190149,0
1.79751,-0.163661,-0.191622,0
1.7976,-0.177038,-0.209126,0
1.79769,-0.23976,-0.285735,0
1.79778,-0.281353,-0.33829,0
1.79786,-0.281783,-0.34183,0
1.79795,-0.282187,-0.345379,0
1.79804,-0.265573,-0.327956,0
1.79813,-0.267269,-0.333011,0
1.79821,-0.254608,-0.320087,0
1.7983,-0.258162,-0.327477,0
1.79839,-0.257347,-0.329388,0
1.79847,-0.256519,-0.331299,0
1.79856,-0.261159,-0.340349,0
1.79865,-0.261487,-0.343873,0
1.79874,-0.263595,-0.349802,0
1.79882,-0.26087,-0.349347,0
1.79891,-0.267075,-0.360932,0
1.799,-0.258402,-0.352416,0
1.79909,-0.266267,-0.366485,0
1.79917,-0.274013,-0.380628,0
1.79926,-0.288029,-0.403801,0
1.79935,-0.291458,-0.412404,0
1.79943,-0.295392,-0.421863,0
1.79952,-0.292408,-0.421505,0
1.79961,-0.286602,-0.417008,0
1.7997,-0.270146,-0.396763,0
1.79978,-0.264498,-0.392135,0
1.79987,-0.261118,-0.390791,0
1.79996,-0.267137,-0.403601,0
1.80005,-0.270857,-0.413125,0
1.80013,-0.284846,-0.438625,0
1.80022,-0.292126,-0.454161,0
1.80031,-0.306798,-0.481577,0
1.80039,-0.293488,-0.46515,0
1.80048,-0.297815,-0.476603,0
1.80057,-0.297837,-0.481299,0
1.80066,-0.299392,-0.488563,0
1.80074,-0.297257,-0.489864,0
1.80083,-0.299752,-0.498871,0
1.80092,-0.295016,-0.495878,0
1.80101,-0.299448,-0.508361,0
1.80109,-0.298738,-0.512254,0
1.80118,-0.301,-0.521347,0
1.80127,-0.301203,-0.526997,0
1.80135,-0.302348,-0.534398,0
1.80144,-0.297082,-0.530478,0
1.80153,-0.303976,-0.548387,0
1.80162,-0.301099,-0.548831,0
1.8017,-0.292021,-0.537836,0
1.80179,-0.296298,-0.551438,0
1.80188,-0.287786,-0.541247,0
1.80197,-0.298925,-0.568162,0
1.80205,-0.299213,-0.574783,0
1.80214,-0.293955,-0.570749,0
1.80223,-0.296456,-0.581827,0
1.80231,-0.301116,-0.597403,0
1.8024,-0.302968,-0.60766,0
1.80249,-0.297218,-0.602698,0
1.80258,-0.302914,-0.621067,0
1.80266,-0.297595,-0.616978,0
1.80275,-0.291456,-0.61105,0
1.80284,-0.290493,-0.615934,0
1.80293,-0.28738,-0.616289,0
1.80301,-0.285107,-0.618446,0
1.8031,-0.286553,-0.628783,0
1.80319,-0.2912,-0.646439,0
1.80327,-0.300578,-0.67511,0
1.80336,-0.300046,-0.681907,0
1.80345,-0.297866,-0.685044,0
1.80354,-0.293689,-0.683581,0
1.80362,-0.297737,-0.701425,0
1.80371,-0.287713,-0.686118,0
1.8038,-0.270557,-0.653183,0
1.80388,-0.219616,-0.536813,0
1.80397,-0.198167,-0.49048,0
1.80406,-0.182314,-0.456974,0
1.80415,-0.180685,-0.458696,0
1.80423,-0.180132,-0.463208,0
1.80432,-0.177392,-0.462122,0
1.80441,-0.174311,-0.460087,0
1.8045,-0.165998,-0.443983,0
1.80458,-0.169597,-0.459714,0
1.80467,-0.169642,-0.466088,0
1.80476,-0.16389,-0.45647,0
1.80484,-0.162564,-0.459066,0
1.80493,-0.161219,-0.46166,0
1.80502,-0.155296,-0.451012,0
1.80511,-0.157827,-0.464943,0
1.80519,-0.157066,-0.46942,0
1.80528,-0.152198,-0.461554,0
1.80537,-0.151727,-0.466969,0
1.80546,-0.151518,-0.473341,0
1.80554,-0.143136,-0.453969,0
1.80563,-0.147974,-0.476555,0
1.80572,-0.143847,-0.470502,0
1.8058,-0.13747,-0.456762,0
1.80589,-0.132635,-0.447769,0
1.80598,-0.13096,-0.449303,0
1.80607,-0.12955,-0.451793,0
1.80615,-0.127034,-0.450429,0
1.80624,-0.128274,-0.462543,0
1.80633,-0.121783,-0.446697,0
1.80642,-0.12268,-0.457849,0
1.8065,-0.118645,-0.450643,0
1.80659,-0.117679,-0.455029,0
1.80668,-0.116677,-0.459415,0
1.80676,-0.1183,-0.474475,0
1.80685,-0.112188,-0.458473,0
1.80694,-0.109719,-0.457014,0
1.80703,-0.107266,-0.455541,0
1.80711,-0.108426,-0.469646,0
1.8072,-0.102845,-0.454509,0
1.80729,-0.100428,-0.453001,0
1.80738,-0.0952678,-0.438777,0
1.80746,-0.0937682,-0.441145,0
1.80755,-0.0902133,-0.433717,0
1.80764,-0.0901143,-0.442926,0
1.80772,-0.0895465,-0.45018,0
1.80781,-0.0866273,-0.445659,0
1.8079,-0.0902776,-0.475506,0
1.80799,-0.0871086,-0.469996,0
1.80807,-0.345033,-1.90805,0
1.80816,-0.337572,-1.91447,0
1.80825,-0.328369,-1.91099,0
1.80834,-0.319697,-1.91044,0
1.80842,-0.310555,-1.90688,0
1.80851,-0.299259,-1.88945,0
1.8086,-0.290404,-1.88678,0
1.80868,-0.283351,-1.89594,0
1.80877,-0.274214,-1.89122,0
1.80886,-0.265542,-1.88943,0
1.80895,-0.25743,-1.89156,0
1.80903,-0.24813,-1.88474,0
1.80912,-0.240409,-1.88977,0
1.80921,-0.231308,-1.88385,0
1.8093,-0.223086,-1.88484,0
1.80938,-0.214633,-1.88381,0
1.80947,-0.206194,-1.88274,0
1.80956,-0.197663,-1.88064,0
1.80964,-0.188654,-1.87353,0
1.80973,-0.181628,-1.88628,0
1.80982,-0.172938,-1.88207,0
1.80991,-0.164899,-1.8848,0
1.80999,-0.155928,-1.87653,0
1.81008,-0.147739,-1.8772,0
1.81017,-0.139917,-1.88281,0
1.81026,-0.131142,-1.87542,0
1.81034,-0.123743,-1.88795,0
1.81043,-0.115809,-1.89346,0
1.81052,-0.106979,-1.88397,0
1.8106,-0.100119,-1.91038,0
1.81069,-0.092118,-1.91779,0
1.81078,-0.0827896,-1.89619,0
1.81087,-0.0745937,-1.89854,0
1.81095,-0.065995,-1.88985,0
1.81104,-0.0578705,-1.89412,0
1.81113,-0.0494483,-1.88835,0
1.81122,-0.0414701,-1.90055,0
1.8113,-0.0329327,-1.88671,0
1.81139,-0.0249226,-1.90384,0
1.81148,-0.0167375,-1.91793,0
1.81156,-0.00845612,-1.93798,0
1.81165,-2.32014e-08,-1.926,0
1.81174,0.00860006,-1.97098,0
1.81183,0.017549,-2.01092,0
1.81191,0.0263232,-2.01083,0
1.812,0.0354458,-2.03069,0
1.81209,0.0443278,-2.03152,0
1.81218,0.0532177,-2.0323,0
1.81226,0.0620237,-2.03005,0
1.81235,0.0707762,-2.02676,0
1.81244,0.0798937,-2.03343,0
1.81252,0.0884601,-2.02607,0
1.81261,0.0975875,-2.03166,0
1.8127,0.105719,-2.01723,0
1.81279,0.11571,-2.03772,0
1.81287,0.124356,-2.0332,0
1.81296,0.133357,-2.03463,0
1.81305,0.141606,-2.02505,0
1.81314,0.150218,-2.02143,0
1.81322,0.158566,-2.01477,0
1.81331,0.168266,-2.02502,0
1.8134,0.176839,-2.02128,0
1.81348,0.187029,-2.03543,0
1.81357,0.194663,-2.02165,0
1.81366,0.203983,-2.02576,0
1.81375,0.212506,-2.02186,0
1.81383,0.222742,-2.03384,0
1.81392,0.231614,-2.03285,0
1.81401,0.240717,-2.0338,0
1.8141,0.248492,-2.0238,0
1.81418,0.258077,-2.02865,0
1.81427,0.267057,-2.0285,0
1.81436,0.277388,-2.03821,0
1.81444,0.285583,-2.03203,0
1.81453,0.299756,-2.06738,0
1.81462,0.309661,-2.07199,0
1.81471,0.318242,-2.06765,0
1.81479,0.326948,-2.06427,0
1.81488,0.337399,-2.07171,0
1.81497,0.345445,-2.0643,0
1.81506,0.359529,-2.09234,0
1.81514,0.369002,-2.09272,0
1.81523,0.379198,-2.09699,0
1.81532,0.390166,-2.10515,0
1.8154,0.398229,-2.09753,0
1.81549,0.408904,-2.10363,0
1.81558,0.420029,-2.11163,0
1.81567,0.426448,-2.09606,0
1.81575,0.435386,-2.0932,0
1.81584,0.445347,-2.09519,0
1.81593,0.454697,-2.09421,0
1.81602,0.464912,-2.09708,0
1.8161,0.474279,-2.09601,0
1.81619,0.484545,-2.09879,0
1.81628,0.493698,-2.09666,0
1.81636,0.502141,-2.09157,0
1.81645,0.514828,-2.10393,0
1.81654,0.524245,-2.10263,0
1.81663,0.532922,-2.09838,0
1.81671,0.541071,-2.09217,0
1.8168,0.552741,-2.09946,0
1.81689,0.56319,-2.10185,0
1.81697,0.567095,-2.08008,0
1.81706,0.578037,-2.08433,0
1.81715,0.587397,-2.08275,0
1.81724,0.610812,-2.13016,0
1.81732,0.672149,-2.30604,0
1.81741,0.739576,-2.49677,0
1.8175,0.755362,-2.50979,0
1.81759,0.768645,-2.51413,0
1.81767,0.782573,-2.5203,0
1.81776,0.795968,-2.52449,0
1.81785,0.809415,-2.52861,0
1.81793,0.82044,-2.52505,0
1.81802,0.830824,-2.51955,0
1.81811,0.84879,-2.53677,0
1.8182,0.859529,-2.53209,0
1.81828,0.875453,-2.5425,0
1.81837,0.890494,-2.54998,0
1.81846,0.904617,-2.55456,0
1.81855,0.915416,-2.54965,0
1.81863,0.931663,-2.55972,0
1.81872,0.943515,-2.55751,0
1.81881,0.960969,-2.57023,0
1.81889,0.968277,-2.55572,0
1.81898,0.984795,-2.56548,0
1.81907,0.997792,-2.56582,0
1.81916,1.01154,-2.56795,0
1.81924,1.02385,-2.5663,0
1.81933,1.03654,-2.56552,0
1.81942,1.04696,-2.55912,0
1.81951,1.06271,-2.56561,0
1.81959,1.07119,-2.5545,0
1.81968,1.08858,-2.56453,0
1.81977,1.1041,-2.56986,0
1.81985,1.1153,-2.56502,0
1.81994,1.12769,-2.56287,0
1.82003,1.14374,-2.56889,0
1.82012,1.15617,-2.56661,0
1.8202,1.16985,-2.567,0
1.82029,1.18313,-2.56641,0
1.82038,1.19516,-2.56304,0
1.82047,1.21188,-2.56956,0
1.82055,1.22179,-2.56154,0
1.82064,1.23513,-2.56069,0
1.82073,1.24673,-2.55617,0
1.82081,1.26362,-2.56237,0
1.8209,1.27702,-2.5613,0
1.82099,1.29088,-2.56106,0
1.82108,1.30568,-2.56253,0
1.82116,1.31272,-2.54881,0
1.82125,1.33261,-2.55991,0
1.82134,1.34609,-2.5585,0
1.82143,1.36194,-2.56143,0
1.82151,1.37594,-2.56075,0
1.8216,1.38758,-2.5556,0
1.82169,1.40353,-2.55829,0
1.82177,1.41322,-2.54952,0
1.82186,1.43117,-2.55554,0
1.82195,1.44625,-2.55623,0
1.82204,1.46582,-2.56466,0
1.82212,1.473,-2.55131,0
1.82221,1.48916,-2.5535,0
1.8223,1.50231,-2.55042,0
1.82239,1.52059,-2.55587,0
1.82247,1.53378,-2.55264,0
1.82256,1.55217,-2.5579,0
1.82265,1.56279,-2.55025,0
1.82273,1.58233,-2.55701,0
1.82282,1.59135,-2.54669,0
1.82291,1.60778,-2.54818,0
1.823,1.62641,-2.55295,0
1.82308,1.63807,-2.54667,0
1.82317,1.65734,-2.55207,0
1.82326,1.67778,-2.55904,0
1.82335,1.68782,-2.55002,0
1.82343,1.70782,-2.55594,0
1.82352,1.72343,-2.55509,0
1.82361,1.74019,-2.55582,0
1.82369,1.75303,-2.55067,0
1.82378,1.77668,-2.56107,0
1.82387,1.79071,-2.55739,0
1.82396,1.81166,-2.56344,0
1.82404,1.82747,-2.56202,0
1.82413,1.8474,-2.5662,0
1.82422,1.85446,-2.55245,0
1.82431,1.87859,-2.56207,0
1.82439,1.89927,-2.56672,0
1.82448,1.91584,-2.56561,0
1.82457,1.93243,-2.56442,0
1.82465,1.95692,-2.57347,0
1.82474,1.97482,-2.57364,0
1.82483,1.99644,-2.57844,0
1.82492,2.01075,-2.57364,0
1.825,2.03806,-2.58526,0
1.82509,2.04621,-2.57243,0
1.82518,2.06868,-2.57752,0
1.82527,2.08997,-2.5809,0
1.82535,2.08603,-2.55317,0
1.82544,2.05708,-2.49543,0
1.82553,2.0558,-2.47183,0
1.82561,2.04856,-2.44138,0
1.8257,2.05144,-2.42326,0
1.82579,2.04446,-2.39376,0
1.82588,2.03922,-2.36663,0
1.82596,2.05018,-2.35847,0
1.82605,2.04068,-2.32694,0
1.82614,2.04617,-2.31278,0
1.82623,2.04093,-2.28667,0
1.82631,2.03951,-2.26511,0
1.8264,2.04467,-2.251,0
1.82649,2.0369,-2.22289,0
1.82657,2.04048,-2.20737,0
1.82666,2.04327,-2.19114,0
1.82675,2.04459,-2.17346,0
1.82684,2.03478,-2.14421,0
1.82692,2.03789,-2.12881,0
1.82701,2.03327,-2.10551,0
1.8271,2.03685,-2.09089,0
1.82719,2.03684,-2.07271,0
1.82727,2.03601,-2.05386,0
1.82736,2.03647,-2.03647,0
1.82745,2.03113,-2.01348,0
1.82753,2.03776,-2.0025,0
1.82762,2.0343,-1.98172,0
1.82771,2.03933,-1.96936,0
1.8278,2.03129,-1.94453,0
1.82788,2.03395,-1.93015,0
1.82797,2.02778,-1.90755,0
1.82806,2.02512,-1.88845,0
1.82815,2.02526,-1.87213,0
1.82823,2.0253,-1.85585,0
1.82832,2.03264,-1.84632,0
1.82841,2.02879,-1.82673,0
1.82849,2.03151,-1.8132,0
1.82858,2.02143,-1.78841,0
1.82867,2.02696,-1.7776,0
1.82876,2.01885,-1.75496,0
1.82884,2.01664,-1.73765,0
1.82893,2.01584,-1.72169,0
1.82902,2.01341,-1.70448,0
1.8291,2.02542,-1.69953,0
1.82919,2.02205,-1.68172,0
1.82928,2.02474,-1.66907,0
1.82937,2.02194,-1.65199,0
1.82945,2.0198,-1.6356,0
1.82954,2.02068,-1.62177,0
1.82963,2.01678,-1.60422,0
1.82972,2.01905,-1.59169,0
1.8298,2.01573,-1.57486,0
1.82989,2.021,-1.56483,0
1.82998,2.01829,-1.54869,0
1.83006,2.02185,-1.53745,0
1.83015,2.02294,-1.5244,0
1.83024,2.02317,-1.51077,0
1.83033,2.02974,-1.50193,0
1.83041,2.02821,-1.48714,0
1.8305,2.01526,-1.46417,0
1.83059,2.01757,-1.45244,0
1.83068,2.00924,-1.43317,0
1.83076,2.01384,-1.42324,0
1.83085,2.01348,-1.40985,0
1.83094,2.02289,-1.40333,0
1.83102,2.01334,-1.38373,0
1.83111,2.02267,-1.37718,0
1.8312,2.01373,-1.35828,0
1.83129,2.01881,-1.34892,0
1.83137,2.00966,-1.33017,0
1.83146,2.01294,-1.31974,0
1.83155,2.01365,-1.30768,0
1.83164,2.01933,-1.29888,0
1.83172,2.0098,-1.28038,0
1.83181,2.01199,-1.26947,0
1.8319,2.0209,-1.2628,0
1.83198,2.02639,-1.25397,0
1.83207,2.01905,-1.23728,0
1.83216,2.01503,-1.22275,0
1.83225,2.00663,-1.2057,0
1.83233,2.005,-1.19285,0
1.83242,2.01277,-1.18561,0
1.83251,2.01792,-1.17682,0
1.8326,2.00658,-1.1585,0
1.83268,2.01335,-1.15073,0
1.83277,2.00269,-1.13307,0
1.83286,2.00587,-1.12334,0
1.83294,2.00638,-1.11215,0
1.83303,2.00157,-1.0981,0
1.83312,2.01425,-1.09365,0
1.83321,2.01019,-1.08012,0
1.83329,2.00959,-1.06852,0
1.83338,2.0045,-1.05462,0
1.83347,2.00819,-1.0454,0
1.83356,2.00118,-1.03067,0
1.83364,2.00031,-1.01921,0
1.83373,2.00117,-1.00867,0
1.83382,2.00018,-0.997252,0
1.8339,1.99106,-0.981881,0
1.83399,2.00341,-0.977129,0
1.83408,2.00225,-0.965772,0
1.83417,2.00825,-0.957887,0
1.83425,2.00156,-0.943997,0
1.83434,2.00657,-0.935677,0
1.83443,2.00427,-0.923982,0
1.83452,2.00282,-0.91274,0
1.8346,1.99676,-0.899474,0
1.83469,1.99975,-0.890347,0
1.83478,1.99721,-0.878793,0
1.83486,2.00653,-0.872463,0
1.83495,1.99561,-0.857384,0
1.83504,2.00394,-0.850622,0
1.83513,2.00486,-0.84071,0
1.83521,1.99928,-0.828127,0
1.8353,1.99547,-0.816366,0
1.83539,1.99715,-0.806903,0
1.83548,1.99137,-0.794475,0
1.83556,1.99947,-0.787611,0
1.83565,2.00009,-0.777792,0
1.83574,1.99506,-0.765832,0
1.83582,1.99651,-0.756411,0
1.83591,1.99699,-0.746642,0
1.836,1.99647,-0.736537,0
1.83609,1.99779,-0.727135,0
1.83617,2,-0.718073,0
1.83626,1.99274,-0.705668,0
1.83635,1.99486,-0.696636,0
1.83644,1.99504,-0.686949,0
1.83652,1.99802,-0.678237,0
1.83661,1.99527,-0.667609,0
1.8367,1.99817,-0.658897,0
1.83678,1.99437,-0.648009,0
1.83687,2.00003,-0.640215,0
1.83696,1.99518,-0.629077,0
1.83705,1.99122,-0.618289,0
1.83713,1.98433,-0.606671,0
1.83722,2.00132,-0.60233,0
1.83731,1.99434,-0.590752,0
1.8374,1.99306,-0.580925,0
1.83748,1.9927,-0.571396,0
1.83757,1.99998,-0.564053,0
1.83766,2.00435,-0.555856,0
1.83774,2.00097,-0.545527,0
1.83783,1.99657,-0.534979,0
1.83792,1.99502,-0.525244,0
1.83801,2.0031,-0.518036,0
1.83809,1.99274,-0.506091,0
1.83818,1.99881,-0.498359,0
1.83827,1.99319,-0.487732,0
1.83836,2.01767,-0.484399,0
1.83844,1.99737,-0.470319,0
1.83853,1.99259,-0.460025,0
1.83862,1.98287,-0.448678,0
1.8387,1.98286,-0.439589,0
1.83879,1.9916,-0.432418,0
1.83888,1.9876,-0.422477,0
1.83897,1.99823,-0.415633,0
1.83905,1.99121,-0.405116,0
1.83914,1.99394,-0.396619,0
1.83923,1.98681,-0.386197,0
1.83932,1.99241,-0.378271,0
1.8394,1.98126,-0.367205,0
1.83949,1.9917,-0.360158,0
1.83958,1.98833,-0.350596,0
1.83966,1.98984,-0.341917,0
1.83975,1.98243,-0.331746,0
1.83984,1.98288,-0.322932,0
1.83993,1.98822,-0.314903,0
1.84001,1.98957,-0.306224,0
1.8401,1.98495,-0.296654,0
1.84019,1.98722,-0.288133,0
1.84028,1.97658,-0.27779,0
1.84036,1.98867,-0.270646,0
1.84045,1.98586,-0.261444,0
1.84054,1.98203,-0.252146,0
1.84062,1.9841,-0.243617,0
1.84071,1.98316,-0.234722,0
1.8408,1.98416,-0.226067,0
1.84089,1.98911,-0.217843,0
1.84097,1.99402,-0.20958,0
1.84106,1.98397,-0.199775,0
1.84115,1.98582,-0.191212,0
1.84124,1.98265,-0.18218,0
1.84132,1.9894,-0.17405,0
1.84141,1.98217,-0.164706,0
1.8415,1.98885,-0.156526,0
1.84158,1.98752,-0.147698,0
1.84167,1.98116,-0.138536,0
1.84176,1.97377,-0.129367,0
1.84185,1.96832,-0.120388,0
1.84193,1.96783,-0.111742,0
1.84202,1.97829,-0.103678,0
1.84211,1.97672,-0.0949488,0
1.84219,1.95913,-0.0855377,0
1.84228,1.9455,-0.0764389,0
1.84237,1.87885,-0.0656111,0
1.84246,1.76518,-0.0539311,0
1.84254,1.72141,-0.0450767,0
1.84263,1.6986,-0.0370635,0
1.84272,1.68974,-0.0294946,0
1.84281,1.68286,-0.0220298,0
1.84289,1.68094,-0.0146693,0
1.84298,1.67698,-0.00731731,0
1.84307,1.687,-4.08497e-08,0
1.84315,1.68198,0.00733905,0
1.84324,1.70094,0.0148438,0
1.84333,1.72585,0.0225926,0
1.84342,1.84772,0.032252,0
1.8435,1.70259,0.0371507,0
1.84359,1.68142,0.0440296,0
1.84368,1.67222,0.0510909,0
1.84377,1.67298,0.0584217,0
1.84385,1.66072,0.0652498,0
1.84394,1.65143,0.0721028,0
1.84403,1.6511,0.0793078,0
1.84411,1.65673,0.0868253,0
1.8442,1.65733,0.09411,0
1.84429,1.65092,0.100974,0
1.84438,1.65545,0.108504,0
1.84446,1.65396,0.115656,0
1.84455,1.64546,0.122279,0
1.84464,1.65289,0.130085,0
1.84473,1.6553,0.137544,0
1.84481,1.65568,0.144853,0
1.8449,1.65005,0.151618,0
1.84499,1.64639,0.158529,0
1.84507,1.64767,0.165911,0
1.84516,1.64991,0.173413,0
1.84525,1.65908,0.181699,0
1.84534,1.65827,0.188936,0
1.84542,1.65942,0.196405,0
1.84551,1.66549,0.204497,0
1.8456,1.67351,0.212898,0
1.84569,1.68149,0.221372,0
1.84577,1.68744,0.229651,0
1.84586,1.76664,0.248285,0
1.84595,1.93378,0.280385,0
1.84603,1.97506,0.295175,0
1.84612,1.98858,0.306072,0
1.84621,1.9813,0.313807,0
1.8463,1.98584,0.323414,0
1.84638,1.98737,0.332571,0
1.84647,1.98885,0.341747,0
1.84656,1.98439,0.349901,0
1.84665,1.97595,0.357311,0
1.84673,1.97044,0.3652,0
1.84682,1.97276,0.37454,0
1.84691,1.98092,0.385052,0
1.84699,1.98511,0.394863,0
1.84708,1.97749,0.402324,0
1.84717,1.97473,0.410745,0
1.84726,1.97586,0.419982,0
1.84734,1.97889,0.42966,0
1.84743,1.97798,0.438507,0
1.84752,1.97312,0.446471,0
1.84761,1.97895,0.456876,0
1.84769,1.97012,0.463902,0
1.84778,1.97391,0.473894,0
1.84787,1.96891,0.481789,0
1.84795,1.97261,0.491827,0
1.84804,1.98498,0.504122,0
1.84813,1.97502,0.510775,0
1.84822,1.966,0.517606,0
1.8483,1.96856,0.527473,0
1.84839,1.97878,0.539477,0
1.84848,1.9793,0.548908,0
1.84857,1.97015,0.555639,0
1.84865,1.96674,0.563954,0
1.84874,1.96714,0.57337,0
1.84883,1.96942,0.583367,0
1.84891,1.98026,0.59599,0
1.849,1.97381,0.603455,0
1.84909,1.97116,0.612062,0
1.84918,1.97133,0.621559,0
1.84926,1.97432,0.631984,0
1.84935,1.97344,0.64121,0
1.84944,1.97917,0.652633,0
1.84953,1.97725,0.66158,0
1.84961,1.96677,0.66763,0
1.8497,1.96857,0.677833,0
1.84979,1.96276,0.685427,0
1.84987,1.96635,0.696321,0
1.84996,1.9727,0.708273,0
1.85005,1.9696,0.716874,0
1.85014,1.96176,0.723731,0
1.85022,1.97451,0.738237,0
1.85031,1.9722,0.7472,0
1.8504,1.97452,0.757948,0
1.85049,1.9684,0.765469,0
1.85057,1.96039,0.772218,0
1.85066,1.96536,0.784099,0
1.85075,1.96841,0.79529,0
1.85083,1.9677,0.805007,0
1.85092,1.96417,0.813585,0
1.85101,1.95875,0.821374,0
1.8511,1.96804,0.835383,0
1.85118,1.96713,0.845147,0
1.85127,1.96343,0.853722,0
1.85136,1.95968,0.862281,0
1.85145,1.95956,0.87245,0
1.85153,1.95391,0.88017,0
1.85162,1.96279,0.894493,0
1.85171,1.96159,0.904305,0
1.85179,1.96669,0.917082,0
1.85188,1.95905,0.923948,0
1.85197,1.96854,0.938945,0
1.85206,1.96262,0.946656,0
1.85214,1.96207,0.956964,0
1.85223,1.96056,0.966843,0
1.85232,1.97154,0.982974,0
1.85241,1.97348,0.994718,0
1.85249,1.97358,1.00559,0
1.85258,1.96473,1.0119,0
1.85267,1.96295,1.02185,0
1.85275,1.96733,1.03506,0
1.85284,1.95926,1.04176,0
1.85293,1.9547,1.0503,0
1.85302,1.95625,1.06216,0
1.8531,1.96387,1.07741,0
1.85319,1.9644,1.08888,0
1.85328,1.95701,1.09598,0
1.85337,1.96439,1.1114,0
1.85345,1.96039,1.12046,0
1.85354,1.96415,1.134,0
1.85363,1.96263,1.14457,0
1.85371,1.96193,1.15566,0
1.8538,1.95945,1.16575,0
1.85389,1.9612,1.17841,0
1.85398,1.95946,1.18903,0
1.85406,1.96278,1.20279,0
1.85415,1.95071,1.20713,0
1.85424,1.95221,1.21987,0
1.85432,1.95363,1.23265,0
1.85441,1.96004,1.24868,0
1.8545,1.95626,1.25831,0
1.85459,1.95662,1.27064,0
1.85467,1.96109,1.28575,0
1.85476,1.95963,1.29705,0
1.85485,1.95395,1.30559,0
1.85494,1.9557,1.31914,0
1.85502,1.95075,1.32822,0
1.85511,1.95895,1.34635,0
1.8552,1.95552,1.35659,0
1.85528,1.95286,1.36741,0
1.85537,1.94932,1.37765,0
1.85546,1.95143,1.39195,0
1.85555,1.95508,1.40746,0
1.85563,1.95458,1.42009,0
1.85572,1.95402,1.43274,0
1.85581,1.95337,1.44542,0
1.8559,1.96307,1.4659,0
1.85598,1.95825,1.47565,0
1.85607,1.95578,1.48721,0
1.85616,1.95006,1.49634,0
1.85624,1.953,1.51218,0
1.85633,1.95663,1.52869,0
1.85642,1.96094,1.54588,0
1.85651,1.94635,1.54819,0
1.85659,1.95127,1.56606,0
1.85668,1.95219,1.58085,0
1.85677,1.95224,1.59505,0
1.85686,1.95067,1.60801,0
1.85694,1.94286,1.61586,0
1.85703,1.94575,1.63268,0
1.85712,1.94853,1.64955,0
1.8572,1.95272,1.66778,0
1.85729,1.94467,1.67563,0
1.85738,1.94564,1.69132,0
1.85747,1.94952,1.70968,0
1.85755,1.94728,1.72281,0
1.85764,1.95169,1.74195,0
1.85773,1.94853,1.75446,0
1.85782,1.94751,1.769,0
1.8579,1.95084,1.78761,0
1.85799,1.94742,1.80018,0
1.85808,1.94979,1.81821,0
1.85816,1.94257,1.82738,0
1.85825,1.94545,1.84617,0
1.85834,1.94171,1.85879,0
1.85843,1.94797,1.88113,0
1.85851,1.94261,1.89241,0
1.8586,1.94147,1.90787,0
1.85869,1.94023,1.92337,0
1.85878,1.94525,1.94525,0
1.85886,1.93604,1.95301,0
1.85895,1.94713,1.98141,0
1.85904,1.94544,1.99705,0
1.85912,1.94504,2.01415,0
1.85921,1.93969,2.02623,0
1.8593,1.93496,2.03903,0
1.85939,1.94249,2.06493,0
1.85947,1.94029,2.0807,0
1.85956,1.94341,2.10237,0
1.85965,1.943,2.12041,0
1.85974,1.94717,2.14367,0
1.85982,1.93981,2.15438,0
1.85991,1.94371,2.17774,0
1.86,1.94479,2.19818,0
1.86008,1.94177,2.21417,0
1.86017,1.94193,2.23394,0
1.86026,1.94,2.25148,0
1.86035,1.94445,2.27666,0
1.86043,1.93966,2.29122,0
1.86052,1.94186,2.31422,0
1.86061,1.93686,2.32882,0
1.8607,1.93622,2.34883,0
1.86078,1.93355,2.36654,0
1.86087,1.93768,2.39283,0
1.86096,1.94349,2.42154,0
1.86104,1.94909,2.45035,0
1.86113,1.94829,2.47139,0
1.86122,1.95349,2.50036,0
1.86131,1.94563,2.51281,0
1.86139,1.94438,2.53397,0
1.86148,1.94178,2.55357,0
1.86157,1.94146,2.5764,0
1.86166,1.93678,2.59366,0
1.86174,1.93198,2.61093,0
1.86183,1.93654,2.64111,0
1.86192,1.93323,2.66086,0
1.862,1.93387,2.68631,0
1.86209,1.9291,2.70449,0
1.86218,1.93344,2.73575,0
1.86227,1.93295,2.76054,0
1.86235,1.93115,2.78374,0
1.86244,1.92861,2.80615,0
1.86253,1.93155,2.83686,0
1.86262,1.93201,2.86432,0
1.8627,1.93505,2.89601,0
1.86279,1.93123,2.91777,0
1.86288,1.92999,2.94373,0
1.86296,1.92802,2.96889,0
1.86305,1.93128,3.00251,0
1.86314,1.93267,3.03368,0
1.86323,1.93489,3.06661,0
1.86331,1.92997,3.08859,0
1.8634,1.9291,3.11739,0
1.86349,1.93481,3.15733,0
1.86358,1.93295,3.1854,0
1.86366,1.9386,3.22638,0
1.86375,1.93524,3.25285,0
1.86384,1.93321,3.28195,0
1.86392,1.92542,3.30158,0
1.86401,1.914,3.31515,0
1.8641,1.89356,3.31305,0
1.86419,1.8786,3.32041,0
1.86427,1.85627,3.31461,0
1.86436,1.84179,3.32268,0
1.86445,1.81862,3.3149,0
1.86454,1.80175,3.31841,0
1.86462,1.78063,3.31391,0
1.86471,1.75911,3.3084,0
1.8648,1.74605,3.3187,0
1.86488,1.72786,3.31919,0
1.86497,1.7065,3.31337,0
1.86506,1.68748,3.31187,0
1.86515,1.67032,3.31384,0
1.86523,1.65138,3.31215,0
1.86532,1.63028,3.30587,0
1.86541,1.61671,3.31475,0
1.8655,1.59702,3.31097,0
1.86558,1.57481,3.30166,0
1.86567,1.56252,3.31302,0
1.86576,1.54552,3.31437,0
1.86584,1.52392,3.30564,0
1.86593,1.5099,3.31317,0
1.86602,1.4942,3.31699,0
1.86611,1.47564,3.31434,0
1.86619,1.45714,3.3116,0
1.86628,1.44068,3.31334,0
1.86637,1.42305,3.31224,0
1.86646,1.40546,3.31106,0
1.86654,1.38791,3.30978,0
1.86663,1.37307,3.31488,0
1.86672,1.35367,3.30881,0
1.8668,1.3366,3.30819,0
1.86689,1.32104,3.31121,0
1.86698,1.30511,3.31322,0
1.86707,1.28629,3.3077,0
1.86715,1.26862,3.30487,0
1.86724,1.25313,3.30757,0
1.86733,1.23518,3.30364,0
1.86741,1.21695,3.29868,0
1.8675,1.20117,3.3002,0
1.86759,1.18676,3.30541,0
1.86768,1.17266,3.3115,0
1.86776,1.15557,3.30903,0
1.86785,1.13688,3.30175,0
1.86794,1.12215,3.30573,0
1.86803,1.10517,3.30301,0
1.86811,1.09138,3.3097,0
1.8682,1.07167,3.29826,0
1.86829,1.05544,3.29719,0
1.86837,1.03834,3.29318,0
1.86846,1.02574,3.30341,0
1.86855,1.01044,3.30499,0
1.86864,0.995142,3.30649,0
1.86872,0.977581,3.30026,0
1.86881,0.962612,3.30257,0
1.8689,0.947917,3.30578,0
1.86899,0.931584,3.30315,0
1.86907,0.91449,3.29754,0
1.86916,0.900882,3.3044,0
1.86925,0.884644,3.30153,0
1.86933,0.868193,3.29763,0
1.86942,0.853045,3.29848,0
1.86951,0.836921,3.29539,0
1.8696,0.820599,3.29124,0
1.86968,0.808132,3.30256,0
1.86977,0.79138,3.29633,0
1.86986,0.776073,3.29586,0
1.86995,0.761684,3.29922,0
1.87003,0.747061,3.30153,0
1.87012,0.730917,3.29695,0
1.87021,0.716524,3.30011,0
1.87029,0.701286,3.29929,0
1.87038,0.687291,3.30428,0
1.87047,0.66888,3.28765,0
1.87056,0.654138,3.28857,0
1.87064,0.639592,3.29041,0
1.87073,0.626907,3.30202,0
1.87082,0.611218,3.29784,0
1.87091,0.597179,3.30244,0
1.87099,0.581548,3.29812,0
1.87108,0.566136,3.29471,0
1.87117,0.550599,3.29025,0
1.87125,0.537363,3.29953,0
1.87134,0.522804,3.30085,0
1.87143,0.506571,3.29124,0
1.87152,0.493092,3.29936,0
1.8716,0.477831,3.29554,0
1.87169,0.463447,3.29759,0
1.87178,0.448245,3.29364,0
1.87187,0.434783,3.3025,0
1.87195,0.418981,3.29346,0
1.87204,0.403997,3.29029,0
1.87213,0.388814,3.28507,0
1.87221,0.373458,3.27779,0
1.8723,0.360785,3.2943,0
1.87239,0.346094,3.29286,0
1.87248,0.330921,3.28638,0
1.87256,0.31725,3.29476,0
1.87265,0.302687,3.29412,0
1.87274,0.287963,3.29143,0
1.87283,0.273019,3.28568,0
1.87291,0.258601,3.28584,0
1.873,0.244558,3.29093,0
1.87309,0.229359,3.27999,0
1.87317,0.215307,3.28495,0
1.87326,0.201094,3.28786,0
1.87335,0.186066,3.27672,0
1.87344,0.171819,3.2785,0
1.87352,0.157752,3.28421,0
1.87361,0.143464,3.28587,0
1.8737,0.128812,3.27847,0
1.87379,0.114819,3.288,0
1.87387,0.10035,3.28447,0
1.87396,0.0860699,3.28687,0
1.87405,0.0717056,3.28622,0
1.87413,0.0574185,3.2895,0
1.87422,0.0429602,3.28172,0
1.87431,0.0286319,3.28087,0
1.8744,0.0142987,3.27697,0
1.87448,1.19443e-07,3.283,0
1.87457,-0.0142897,3.27497,0
1.87466,-0.0285269,3.26888,0
1.87475,-0.0428421,3.27272,0
1.87483,-0.0571565,3.2745,0
1.87492,-0.0714873,3.27622,0
1.87501,-0.0857556,3.27488,0
1.87509,-0.100075,3.27547,0
1.87518,-0.114017,3.26501,0
1.87527,-0.128851,3.27947,0
1.87536,-0.142941,3.27388,0
1.87544,-0.157272,3.27423,0
1.87553,-0.1714,3.27051,0
1.87562,-0.185442,3.26574,0
1.87571,-0.200056,3.27089,0
1.87579,-0.214718,3.27597,0
1.87588,-0.228243,3.26403,0
1.87597,-0.242853,3.26799,0
1.87605,-0.257503,3.27188,0
1.87614,-0.271694,3.26973,0
1.87623,-0.285958,3.26851,0
1.87632,-0.300674,3.27222,0
1.8764,-0.313895,3.25992,0
1.87649,-0.328617,3.2635,0
1.87658,-0.342331,3.25706,0
1.87667,-0.330629,3.01895,0
1.87675,-0.297158,2.60813,0
1.87684,-0.299838,2.53332,0
1.87693,-0.312595,2.54588,0
1.87701,-0.332408,2.61294,0
1.8771,-0.355945,2.70367,0
1.87719,-0.369491,2.71497,0
1.87728,-0.384674,2.7371,0
1.87736,-0.407662,2.8116,0
1.87745,-0.42776,2.86221,0
1.87754,-0.450437,2.92654,0
1.87763,-0.477125,3.01245,0
1.87771,-0.446061,2.73891,0
1.8778,-0.465764,2.7833,0
1.87789,-0.484509,2.81968,0
1.87797,-0.565572,3.20752,0
1.87806,-0.585434,3.23749,0
1.87815,-0.601195,3.24376,0
1.87824,-0.525998,2.77051,0
1.87832,-0.578914,2.97826,0
1.87841,-0.166217,0.835629,0
1.8785,-0.172453,0.847635,0
1.87859,-0.173503,0.834147,0
1.87867,-0.176101,0.828491,0
1.87876,-0.178654,0.822829,0
1.87885,-0.183757,0.828875,0
1.87893,-0.187151,0.82709,0
1.87902,-0.192108,0.832112,0
1.87911,-0.18909,0.803038,0
1.8792,-0.666486,2.77612,0
1.87928,-0.673364,2.75181,0
1.87937,-0.684155,2.744,0
1.87946,-0.697598,2.7468,0
1.87954,-0.707073,2.73405,0
1.87963,-0.717723,2.7261,0
1.87972,-0.724434,2.70363,0
1.87981,-0.735698,2.69851,0
1.87989,-0.745061,2.6866,0
1.87998,-0.755419,2.67851,0
1.88007,-0.769304,2.68288,0
1.88016,-0.779883,2.67566,0
1.88024,-0.790415,2.6684,0
1.88033,-0.803491,2.66971,0
1.88042,-0.813086,2.65948,0
1.8805,-0.82142,2.64541,0
1.88059,-0.829647,2.63131,0
1.88068,-0.840511,2.62576,0
1.88077,-0.851651,2.62111,0
1.88085,-0.865898,2.62592,0
1.88094,-0.882107,2.63634,0
1.88103,-0.892959,2.63057,0
1.88112,-0.902475,2.62098,0
1.8812,-0.91654,2.62457,0
1.88129,-0.923643,2.60829,0
1.88138,-0.936705,2.60894,0
1.88146,-0.946028,2.59919,0
1.88155,-0.962551,2.60911,0
1.88164,-0.974627,2.60676,0
1.88173,-0.985638,2.60155,0
1.88181,-0.995188,2.59255,0
1.8819,-0.358814,0.922688,0
1.88199,-0.358072,0.909018,0
1.88208,-0.363887,0.912091,0
1.88216,-1.05377,2.60817,0
1.88225,-0.329424,0.80522,0
1.88234,-0.335613,0.810242,0
1.88242,-0.333345,0.794937,0
1.88251,-0.328214,0.773224,0
1.8826,-0.332374,0.773622,0
1.88269,-0.336544,0.773999,0
1.88277,-0.335488,0.762454,0
1.88286,-0.336371,0.755502,0
1.88295,-0.341718,0.758586,0
1.88304,-0.342951,0.752538,0
1.88312,-0.353349,0.766473,0
1.88321,-0.379089,0.812958,0
1.8833,-0.398842,0.845666,0
1.88338,-0.405111,0.849333,0
1.88347,-0.404034,0.837649,0
1.88356,-0.407247,0.83498,0
1.88365,-0.411771,0.834989,0
1.88373,-0.414072,0.830499,0
1.88382,-0.420392,0.834042,0
1.88391,-0.426297,0.836655,0
1.884,-0.433149,0.84101,0
1.88408,-0.436352,0.838225,0
1.88417,-0.434884,0.826578,0
1.88426,-0.431444,0.811429,0
1.88434,-0.435927,0.8113,0
1.88443,-0.430397,0.792693,0
1.88452,-0.430485,0.78467,0
1.88461,-0.424208,0.765292,0
1.88469,-0.423635,0.756454,0
1.88478,-0.43481,0.768524,0
1.88487,-0.44858,0.784852,0
1.88496,-0.458,0.793279,0
1.88504,-0.463472,0.794729,0
1.88513,-0.454754,0.77202,0
1.88522,-0.449427,0.755418,0
1.8853,-0.452718,0.75345,0
1.88539,-0.450295,0.742064,0
1.88548,-0.457709,0.746913,0
1.88557,-0.467278,0.755113,0
1.88565,-0.454671,0.727625,0
1.88574,-0.445034,0.705337,0
1.88583,-0.438974,0.689051,0
1.88592,-0.43873,0.682083,0
1.886,-0.448783,0.691065,0
1.88609,-0.45618,0.69579,0
1.88618,-0.452036,0.682953,0
1.88626,-0.45779,0.685131,0
1.88635,-0.459657,0.681469,0
1.88644,-0.463188,0.680283,0
1.88653,-0.476348,0.69309,0
1.88661,-0.487917,0.70333,0
1.8867,-0.498438,0.711843,0
1.88679,-0.510773,0.722728,0
1.88688,-0.52844,0.740845,0
1.88696,-0.535757,0.744213,0
1.88705,-0.539587,0.742678,0
1.88714,-0.543414,0.741123,0
1.88722,-0.542478,0.733117,0
1.88731,-0.545074,0.729942,0
1.8874,-0.546448,0.725161,0
1.88749,-0.54537,0.717198,0
1.88757,-0.54545,0.710845,0
1.88766,-0.549771,0.710039,0
1.88775,-0.541782,0.693449,0
1.88784,-0.549755,0.697361,0
1.88792,-0.567111,0.712956,0
1.88801,-0.567713,0.707355,0
1.8881,-0.567018,0.700209,0
1.88818,-0.592212,0.724832,0
1.88827,-0.630354,0.76468,0
1.88836,-0.641997,0.771917,0
1.88845,-0.639574,0.762214,0
1.88853,-0.648708,0.766285,0
1.88862,-0.653345,0.764968,0
1.88871,-0.658635,0.764383,0
1.8888,-0.650811,0.748672,0
1.88888,-0.646159,0.736803,0
1.88897,-0.65003,0.734726,0
1.88906,-0.647237,0.725168,0
1.88914,-0.659094,0.731998,0
1.88923,-0.705985,0.777229,0
1.88932,-0.743149,0.811005,0
1.88949,-0.0293259,0.0314482,0
1.88958,-0.0527591,0.0560846,0
1.88967,-0.0282225,0.0297404,0
1.88976,-0.0338841,0.0353958,0
1.88984,-0.76204,0.789116,0
1.88993,-0.0460542,0.0472759,0
1.89002,-0.0707918,0.0720383,0
1.8901,-0.0922259,0.0930343,0
1.89019,-0.0721249,0.0721249,0
