7200
1395
1.20428
1.21999,-0.0601041,-0.0601041,0
1.22007,-0.0830737,-0.0838019,0
1.22016,-0.04626,-0.0470745,0
1.22025,-0.0753614,-0.0773606,0
1.22033,-0.116703,-0.120849,0
1.22042,-0.11894,-0.124247,0
1.22051,-0.128722,-0.135645,0
1.2206,-0.152796,-0.162427,0
1.22068,-0.147312,-0.157972,0
1.22077,-0.142548,-0.154208,0
1.22086,-0.173627,-0.18948,0
1.22095,-0.170781,-0.188015,0
1.22103,-0.17665,-0.19619,0
1.22112,-0.169134,-0.189499,0
1.22121,-0.182883,-0.206712,0
1.22129,-0.205057,-0.233822,0
1.22138,-0.320813,-0.369053,0
1.22147,-0.276117,-0.32045,0
1.22156,-0.289004,-0.338381,0
1.22164,-0.290756,-0.343455,0
1.22173,-0.279613,-0.333229,0
1.22182,-0.28455,-0.342135,0
1.2219,-0.281147,-0.341058,0
1.22199,-0.29231,-0.357769,0
1.22208,-0.298927,-0.369144,0
1.22217,-0.292932,-0.364986,0
1.22225,-0.301297,-0.378782,0
1.22234,-0.306451,-0.388732,0
1.22243,-0.31214,-0.399521,0
1.22252,-0.296925,-0.383484,0
1.2226,-0.299511,-0.39033,0
1.22269,-0.29841,-0.392429,0
1.22278,-0.301509,-0.400116,0
1.22286,-0.296769,-0.397422,0
1.22295,-0.299196,-0.40434,0
1.22304,-0.300977,-0.41048,0
1.22313,-0.301534,-0.415026,0
1.22321,-0.299136,-0.415526,0
1.2233,-0.303708,-0.425782,0
1.22339,-0.298384,-0.422204,0
1.22348,-0.299407,-0.427597,0
1.22356,-0.304948,-0.439581,0
1.22365,-0.306426,-0.445852,0
1.22374,-0.297724,-0.437266,0
1.22382,-0.30476,-0.451825,0
1.22391,-0.30223,-0.45232,0
1.224,-0.300806,-0.454468,0
1.22409,-0.297175,-0.453267,0
1.22417,-0.295739,-0.455398,0
1.22426,-0.304028,-0.472664,0
1.22435,-0.303574,-0.476516,0
1.22444,-0.299891,-0.475299,0
1.22452,-0.293575,-0.469819,0
1.22461,-0.299416,-0.48385,0
1.2247,-0.299392,-0.488563,0
1.22478,-0.30037,-0.494994,0
1.22487,-0.304903,-0.507443,0
1.22496,-0.298084,-0.501034,0
1.22505,-0.296402,-0.503191,0
1.22513,-0.29773,-0.510527,0
1.22522,-0.3005,-0.520481,0
1.22531,-0.296241,-0.518315,0
1.2254,-0.304318,-0.53788,0
1.22548,-0.29415,-0.525243,0
1.22557,-0.298158,-0.537891,0
1.22566,-0.298694,-0.544447,0
1.22574,-0.296793,-0.546624,0
1.22583,-0.295825,-0.550557,0
1.22592,-0.292011,-0.549193,0
1.22601,-0.289147,-0.549577,0
1.22609,-0.292749,-0.562365,0
1.22618,-0.291666,-0.566304,0
1.22627,-0.293732,-0.576481,0
1.22636,-0.291214,-0.577757,0
1.22644,-0.290029,-0.581707,0
1.22653,-0.292795,-0.59373,0
1.22662,-0.293709,-0.602192,0
1.2267,-0.293685,-0.608872,0
1.22679,-0.296192,-0.620979,0
1.22688,-0.293479,-0.622265,0
1.22697,-0.292029,-0.626259,0
1.22705,-0.297248,-0.644782,0
1.22714,-0.295262,-0.647892,0
1.22723,-0.29695,-0.659204,0
1.22732,-0.291223,-0.654099,0
1.2274,-0.297227,-0.6755,0
1.22749,-0.294277,-0.67679,0
1.22758,-0.294874,-0.686337,0
1.22766,-0.293439,-0.691299,0
1.22775,-0.29506,-0.703639,0
1.22784,-0.291987,-0.70492,0
1.22793,-0.293453,-0.717294,0
1.22801,-0.294066,-0.727839,0
1.2281,-0.294223,-0.737475,0
1.22819,-0.292101,-0.741543,0
1.22828,-0.293212,-0.753994,0
1.22836,-0.292787,-0.762735,0
1.22845,-0.290519,-0.766811,0
1.22854,-0.284018,-0.759641,0
1.22862,-0.280701,-0.760873,0
1.22871,-0.291059,-0.799678,0
1.2288,-0.290946,-0.810353,0
1.22889,-0.294751,-0.832352,0
1.22897,-0.291776,-0.835519,0
1.22906,-0.293662,-0.852858,0
1.22915,-0.293796,-0.865494,0
1.22924,-0.292872,-0.875303,0
1.22932,-0.293748,-0.890818,0
1.22941,-0.298201,-0.917769,0
1.2295,-0.291755,-0.911443,0
1.22958,-0.29409,-0.932735,0
1.22967,-0.3001,-0.96648,0
1.22976,-0.306113,-1.00125,0
1.22985,-0.304623,-1.01215,0
1.22993,-0.303896,-1.02594,0
1.23002,-0.299137,-1.02629,0
1.23011,-0.29824,-1.04009,0
1.2302,-0.297227,-1.05389,0
1.23028,-0.299841,-1.08119,0
1.23037,-0.297488,-1.09117,0
1.23046,-0.301265,-1.12434,0
1.23054,-0.295338,-1.12177,0
1.23063,-0.29645,-1.14629,0
1.23072,-0.293907,-1.15726,0
1.23081,-0.292484,-1.17309,0
1.23089,-0.292116,-1.19378,0
1.23098,-0.29134,-1.21352,0
1.23107,-0.28673,-1.2177,0
1.23116,-0.281864,-1.22089,0
1.23124,-0.278962,-1.23283,0
1.23133,-0.285917,-1.28969,0
1.23142,-0.289623,-1.33392,0
1.2315,-0.289205,-1.3606,0
1.23159,-0.28856,-1.38731,0
1.23168,-0.288485,-1.41795,0
1.23177,-0.281906,-1.41723,0
1.23185,-0.276101,-1.42041,0
1.23194,-0.269341,-1.41866,0
1.23203,-0.262055,-1.41392,0
1.23212,-0.256595,-1.41899,0
1.2322,-0.255089,-1.44668,0
1.23229,-0.257411,-1.49805,0
1.23238,-0.255329,-1.52578,0
1.23246,-0.25317,-1.55452,0
1.23255,-0.245446,-1.54968,0
1.23264,-0.238986,-1.55272,0
1.23273,-0.233243,-1.56067,0
1.23281,-0.224709,-1.54979,0
1.2329,-0.217528,-1.54779,0
1.23299,-0.210233,-1.54476,0
1.23308,-0.203751,-1.54765,0
1.23316,-0.196997,-1.54852,0
1.23325,-0.190238,-1.54936,0
1.23334,-0.183241,-1.54819,0
1.23342,-0.176937,-1.55295,0
1.23351,-0.170703,-1.55868,0
1.2336,-0.163064,-1.55145,0
1.23369,-0.155893,-1.54817,0
1.23377,-0.149328,-1.55083,0
1.23386,-0.142194,-1.54748,0
1.23395,-0.134743,-1.54012,0
1.23404,-0.127525,-1.53471,0
1.23412,-0.122553,-1.55718,0
1.23421,-0.115091,-1.54873,0
1.2343,-0.110773,-1.58413,0
1.23438,-0.106084,-1.61853,0
1.23447,-0.0995091,-1.62696,0
1.23456,-0.091899,-1.61839,0
1.23465,-0.086459,-1.64974,0
1.23473,-0.0818027,-1.70304,0
1.23482,-0.0771191,-1.76632,0
1.23491,-0.0694899,-1.76864,0
1.23499,-0.0622956,-1.78391,0
1.23508,-0.0547861,-1.79316,0
1.23517,-0.0471185,-1.79938,0
1.23526,-0.0398994,-1.82856,0
1.23534,-0.0346431,-1.9847,0
1.23543,-0.0256425,-1.95883,0
1.23552,-0.0161354,-1.84893,0
1.23561,-0.00795433,-1.82298,0
1.23569,-2.18281e-08,-1.812,0
1.23578,0.00789757,-1.80998,0
1.23587,0.0157252,-1.80193,0
1.23595,0.0239932,-1.83284,0
1.23604,0.037034,-2.12168,0
1.23613,0.0477091,-2.18648,0
1.23622,0.0585054,-2.23423,0
1.2363,0.0677039,-2.21597,0
1.23639,0.0775118,-2.21965,0
1.23648,0.0872745,-2.22129,0
1.23657,0.0973585,-2.22988,0
1.23665,0.107231,-2.23243,0
1.23674,0.117285,-2.23793,0
1.23683,0.125574,-2.21144,0
1.23691,0.136627,-2.23383,0
1.237,0.145784,-2.22423,0
1.23709,0.154929,-2.21559,0
1.23718,0.164595,-2.21489,0
1.23726,0.173238,-2.20119,0
1.23735,0.187892,-2.26121,0
1.23744,0.195142,-2.23048,0
1.23753,0.205421,-2.23558,0
1.23761,0.215174,-2.23466,0
1.2377,0.22382,-2.22276,0
1.23779,0.234353,-2.22972,0
1.23787,0.245277,-2.23961,0
1.23796,0.250971,-2.20275,0
1.23805,0.264929,-2.23838,0
1.23814,0.275668,-2.24514,0
1.23822,0.283695,-2.23003,0
1.23831,0.291857,-2.21687,0
1.2384,0.303145,-2.22747,0
1.23849,0.313835,-2.23305,0
1.23857,0.323719,-2.23265,0
1.23866,0.329911,-2.20748,0
1.23875,0.345929,-2.24753,0
1.23883,0.352603,-2.22625,0
1.23892,0.35926,-2.20594,0
1.23901,0.372182,-2.22407,0
1.2391,0.379682,-2.20962,0
1.23918,0.393487,-2.23157,0
1.23927,0.402864,-2.22787,0
1.23936,0.409848,-2.21134,0
1.23945,0.421544,-2.22034,0
1.23953,0.4339,-2.23222,0
1.23962,0.435051,-2.18715,0
1.23971,0.45097,-2.21659,0
1.23979,0.460841,-2.21558,0
1.23988,0.473207,-2.22626,0
1.23997,0.483129,-2.22516,0
1.24006,0.494565,-2.23084,0
1.24014,0.502087,-2.2189,0
1.24023,0.517162,-2.24008,0
1.24032,0.523952,-2.22515,0
1.24041,0.535057,-2.22867,0
1.24049,0.54953,-2.24574,0
1.24058,0.555211,-2.22683,0
1.24067,0.563199,-2.2176,0
1.24075,0.576625,-2.22964,0
1.24084,0.579474,-2.201,0
1.24093,0.593731,-2.21583,0
1.24102,0.601026,-2.20454,0
1.2411,0.622131,-2.24333,0
1.24119,0.632999,-2.24445,0
1.24128,0.638927,-2.2282,0
1.24137,0.643887,-2.20907,0
1.24145,0.672548,-2.27049,0
1.24154,0.666598,-2.21486,0
1.24163,0.674209,-2.20524,0
1.24171,0.693314,-2.23284,0
1.2418,1.26146,-4.00084,0
1.24189,0.705151,-2.20289,0
1.24198,1.29942,-3.99919,0
1.24206,1.31623,-3.99159,0
1.24215,1.32919,-3.97253,0
1.24224,1.34587,-3.9648,0
1.24233,1.36673,-3.96929,0
1.24241,1.38173,-3.95668,0
1.2425,1.40199,-3.95909,0
1.24259,1.41688,-3.94635,0
1.24267,1.43854,-3.95235,0
1.24276,1.45854,-3.95354,0
1.24285,1.47297,-3.93964,0
1.24294,1.48767,-3.92663,0
1.24302,1.50515,-3.92104,0
1.24311,1.52659,-3.92562,0
1.2432,1.54444,-3.92078,0
1.24329,1.56079,-3.91215,0
1.24337,1.5756,-3.89974,0
1.24346,1.60244,-3.91689,0
1.24355,1.61607,-3.90154,0
1.24363,1.6296,-3.88616,0
1.24372,1.65553,-3.90018,0
1.24381,1.667,-3.88006,0
1.2439,1.68033,-3.86449,0
1.24398,1.70523,-3.87543,0
1.24407,1.71928,-3.86156,0
1.24416,1.75254,-3.89049,0
1.24425,1.76701,-3.87735,0
1.24433,1.78265,-3.86687,0
1.24442,1.805,-3.87084,0
1.24451,1.81932,-3.8575,0
1.24459,1.83527,-3.84772,0
1.24468,1.85074,-3.83697,0
1.24477,1.08234,-2.21912,0
1.24486,1.86248,-3.77673,0
1.24494,1.86823,-3.74709,0
1.24503,1.87556,-3.72104,0
1.24512,1.87089,-3.67184,0
1.24521,1.87683,-3.64408,0
1.24529,1.87562,-3.60304,0
1.24538,1.87177,-3.55765,0
1.24547,1.87319,-3.52296,0
1.24555,1.87387,-3.48745,0
1.24564,1.87857,-3.4599,0
1.24573,1.87297,-3.41397,0
1.24582,1.8767,-3.38565,0
1.2459,1.87826,-3.35387,0
1.24599,1.86924,-3.30387,0
1.24608,1.86776,-3.2679,0
1.24617,1.867,-3.23374,0
1.24625,1.87001,-3.20656,0
1.24634,1.87282,-3.17941,0
1.24643,1.86469,-3.13426,0
1.24651,1.86804,-3.10895,0
1.2466,1.86966,-3.0811,0
1.24669,1.86584,-3.04478,0
1.24678,1.86332,-3.0111,0
1.24686,1.86691,-2.98767,0
1.24695,1.4002,-2.21919,0
1.24704,1.40987,-2.21306,0
1.24712,1.41573,-2.201,0
1.24721,1.43022,-2.20235,0
1.2473,1.43982,-2.19609,0
1.24739,1.44718,-2.18645,0
1.24747,1.46226,-2.18843,0
1.24756,1.47347,-2.18451,0
1.24765,1.49312,-2.19294,0
1.24774,1.50947,-2.1963,0
1.24782,1.67636,-2.41646,0
1.24791,1.64674,-2.35179,0
1.248,1.67257,-2.36663,0
1.24808,1.63874,-2.29743,0
1.24817,1.88537,-2.61895,0
1.24826,1.89091,-2.60261,0
1.24835,1.83188,-2.49837,0
1.24843,1.83622,-2.48151,0
1.24852,1.85062,-2.47828,0
1.24861,1.86262,-2.47178,0
1.2487,1.87883,-2.47079,0
1.24878,1.89568,-2.4705,0
1.24887,1.91685,-2.47565,0
1.24896,1.93933,-2.48223,0
1.24904,1.94643,-2.46904,0
1.24913,1.97586,-2.484,0
1.24922,1.9798,-2.46677,0
1.24931,1.99809,-2.46744,0
1.24939,2.00884,-2.4587,0
1.24948,2.03672,-2.47074,0
1.24957,2.05452,-2.47029,0
1.24966,2.07235,-2.46973,0
1.24974,2.08827,-2.46677,0
1.24983,2.11395,-2.47512,0
1.24992,2.1293,-2.47118,0
1.25,2.14334,-2.46564,0
1.25009,2.16068,-2.46378,0
1.25018,2.17936,-2.46332,0
1.25027,2.2054,-2.47094,0
1.25035,2.22352,-2.46947,0
1.25044,2.23831,-2.46419,0
1.25053,2.26188,-2.4684,0
1.25062,2.28484,-2.47173,0
1.2507,2.28401,-2.4493,0
1.25079,2.30153,-2.4466,0
1.25088,2.2936,-2.41695,0
1.25096,2.29721,-2.39969,0
1.25105,2.28612,-2.36735,0
1.25114,2.29224,-2.35305,0
1.25123,2.27936,-2.31949,0
1.25131,2.05854,-2.07658,0
1.2514,2.02445,-2.02445,0
1.25149,2.02687,-2.00926,0
1.25158,2.0292,-1.99409,0
1.25166,2.03286,-1.98033,0
1.25175,2.02278,-1.95338,0
1.25184,2.0284,-1.94177,0
1.25192,2.02307,-1.91982,0
1.25201,2.02269,-1.90275,0
1.2521,2.01634,-1.88027,0
1.25219,2.02012,-1.86738,0
1.25227,2.01793,-1.84909,0
1.25236,2.01265,-1.82817,0
1.25245,2.00723,-1.80732,0
1.25254,2.01137,-1.79522,0
1.25262,2.02293,-1.78974,0
1.25271,2.01944,-1.771,0
1.2528,2.01809,-1.7543,0
1.25288,2.01209,-1.73373,0
1.25297,2.0204,-1.72558,0
1.25306,2.01112,-1.70254,0
1.25315,2.01546,-1.69117,0
1.25323,2.01206,-1.67341,0
1.25332,2.01471,-1.6608,0
1.25341,2.01729,-1.6482,0
1.2535,2.01669,-1.63309,0
1.25358,2.00976,-1.613,0
1.25367,2.01835,-1.60547,0
1.25376,2.01591,-1.58921,0
1.25384,2.01179,-1.57178,0
1.25393,2.00756,-1.55442,0
1.25402,2.00242,-1.53651,0
1.25411,2.00991,-1.52837,0
1.25419,2.01096,-1.51537,0
1.25428,2.01275,-1.50299,0
1.25437,2.00803,-1.48587,0
1.25446,2.00966,-1.47354,0
1.25454,2.01283,-1.46241,0
1.25463,2.01189,-1.44835,0
1.25472,2.01005,-1.43376,0
1.2548,2.00567,-1.41747,0
1.25489,2.00856,-1.40641,0
1.25498,2.00482,-1.39079,0
1.25507,2.00592,-1.37863,0
1.25515,2.00448,-1.3648,0
1.25524,2.00959,-1.35548,0
1.25533,2.00467,-1.33948,0
1.25542,2.0105,-1.33072,0
1.2555,1.99538,-1.30823,0
1.25559,2.00191,-1.30005,0
1.25568,2.0084,-1.29185,0
1.25576,2.00643,-1.27824,0
1.25585,2.00776,-1.2668,0
1.25594,2.00733,-1.25432,0
1.25603,2.00258,-1.23923,0
1.25611,2.00541,-1.22892,0
1.2562,2.0099,-1.21964,0
1.25629,2.00577,-1.20519,0
1.25638,1.99984,-1.18978,0
1.25646,2.00932,-1.18358,0
1.25655,2.0041,-1.16876,0
1.25664,2.00571,-1.158,0
1.25672,1.99599,-1.1408,0
1.25681,2.0053,-1.13454,0
1.2569,2.00412,-1.12236,0
1.25699,1.99763,-1.10731,0
1.25707,1.99718,-1.09569,0
1.25716,1.99404,-1.08267,0
1.25725,2.00843,-1.07917,0
1.25734,2.014,-1.07086,0
1.25742,2.0045,-1.05462,0
1.25751,1.99932,-1.04078,0
1.2576,2.01096,-1.03571,0
1.25768,1.99942,-1.01875,0
1.25777,2.00384,-1.01002,0
1.25786,2.00644,-1.00038,0
1.25795,2.00451,-0.988515,0
1.25803,1.99982,-0.975376,0
1.25812,2.00405,-0.966641,0
1.25821,1.99832,-0.953152,0
1.2583,2.00337,-0.94485,0
1.25838,2.00113,-0.933141,0
1.25847,1.99519,-0.919796,0
1.25856,1.99736,-0.910252,0
1.25864,1.98946,-0.896189,0
1.25873,1.9961,-0.88872,0
1.25882,1.99446,-0.877585,0
1.25891,2.00194,-0.870469,0
1.25899,1.99561,-0.857384,0
1.25908,2.00302,-0.850231,0
1.25917,1.99288,-0.835682,0
1.25926,1.99558,-0.826596,0
1.25934,1.99084,-0.814473,0
1.25943,1.99994,-0.808026,0
1.25952,1.99694,-0.796699,0
1.2596,1.99761,-0.786878,0
1.25969,1.9917,-0.77453,0
1.25978,1.99599,-0.766191,0
1.25987,1.98903,-0.753577,0
1.25995,1.99605,-0.746292,0
1.26004,2.00491,-0.739652,0
1.26013,1.99309,-0.725425,0
1.26021,1.98682,-0.713342,0
1.2603,1.98709,-0.703665,0
1.26039,1.9958,-0.696966,0
1.26048,1.99788,-0.687926,0
1.26056,2.00181,-0.679523,0
1.26065,1.99243,-0.666657,0
1.26074,1.99152,-0.656704,0
1.26083,1.98295,-0.6443,0
1.26091,1.99051,-0.637166,0
1.261,1.99136,-0.627874,0
1.26109,1.99217,-0.618586,0
1.26117,1.98911,-0.608133,0
1.26126,1.98888,-0.598584,0
1.26135,1.99339,-0.590468,0
1.26144,1.98922,-0.579806,0
1.26152,1.99846,-0.57305,0
1.26161,1.98747,-0.560525,0
1.2617,1.99375,-0.552916,0
1.26179,1.9836,-0.540792,0
1.26187,1.9985,-0.535497,0
1.26196,1.99598,-0.525498,0
1.26205,2.00116,-0.517536,0
1.26213,1.99371,-0.506337,0
1.26222,1.9959,-0.497633,0
1.26231,1.98737,-0.486305,0
1.2624,1.9885,-0.477396,0
1.26248,1.99737,-0.470319,0
1.26257,1.99259,-0.460025,0
1.26266,1.99458,-0.451326,0
1.26275,1.99555,-0.442403,0
1.26283,2.0043,-0.435176,0
1.26292,2.00031,-0.425179,0
1.26301,1.99236,-0.414411,0
1.26309,1.99121,-0.405116,0
1.26318,1.99296,-0.396424,0
1.26327,1.98976,-0.38677,0
1.26336,1.98553,-0.376965,0
1.26344,1.98224,-0.367387,0
1.26353,1.99465,-0.360692,0
1.26362,1.99916,-0.352506,0
1.26371,1.99575,-0.342933,0
1.26379,1.9923,-0.333396,0
1.26388,1.99373,-0.3247,0
1.26397,1.99316,-0.315685,0
1.26405,1.99155,-0.306529,0
1.26414,1.98891,-0.297245,0
1.26423,1.9892,-0.28842,0
1.26432,1.98747,-0.27932,0
1.2644,1.98669,-0.270376,0
1.26449,1.97198,-0.259617,0
1.26458,1.96715,-0.250253,0
1.26467,1.95333,-0.239839,0
1.26475,1.81434,-0.214741,0
1.26484,1.74173,-0.198445,0
1.26493,1.70481,-0.186707,0
1.26501,1.69864,-0.178535,0
1.2651,1.68946,-0.170119,0
1.26519,1.69118,-0.162842,0
1.26528,1.69486,-0.155736,0
1.26536,1.69253,-0.148078,0
1.26545,1.68918,-0.14036,0
1.26554,1.70074,-0.133851,0
1.26563,1.69732,-0.126133,0
1.26571,1.68987,-0.118168,0
1.2658,1.68638,-0.110531,0
1.26589,1.68785,-0.103233,0
1.26597,1.68828,-0.0958675,0
1.26606,1.69068,-0.0886048,0
1.26615,1.68406,-0.0808912,0
1.26624,1.68739,-0.0736732,0
1.26632,1.6837,-0.0661528,0
1.26641,1.68197,-0.0587359,0
1.2665,1.68022,-0.0513353,0
1.26659,1.69342,-0.0443438,0
1.26667,1.6936,-0.0369545,0
1.26676,1.69974,-0.0296691,0
1.26685,1.69385,-0.0221738,0
1.26693,1.68594,-0.014713,0
1.26702,1.68498,-0.00735222,0
1.26711,1.691,-4.09465e-08,0
1.2672,1.69298,0.00738704,0
1.26728,1.69994,0.0148351,0
1.26737,1.68686,0.0220821,0
1.26746,1.67674,0.0292676,0
1.26755,1.6696,0.0364308,0
1.26763,1.67043,0.0437416,0
1.26772,1.66822,0.0509687,0
1.26781,1.65199,0.0576888,0
1.26789,1.65672,0.0650927,0
1.26798,1.64643,0.0718847,0
1.26807,1.64211,0.078876,0
1.26816,1.64674,0.086302,0
1.26824,1.64635,0.0934864,0
1.26833,1.6569,0.101341,0
1.26842,1.65345,0.108373,0
1.26851,1.64698,0.115168,0
1.26859,1.65643,0.123094,0
1.26868,1.6509,0.129928,0
1.26877,1.6533,0.137379,0
1.26885,1.64073,0.143545,0
1.26894,1.64706,0.151344,0
1.26903,1.65534,0.159391,0
1.26912,1.65961,0.167114,0
1.2692,1.65091,0.173517,0
1.26929,1.65113,0.180828,0
1.26938,1.64834,0.187804,0
1.26947,1.66438,0.196993,0
1.26955,1.66847,0.204862,0
1.26964,1.67054,0.212519,0
1.26973,1.68546,0.221894,0
1.26981,1.78554,0.243001,0
1.2699,1.94588,0.273475,0
1.26999,1.95258,0.283111,0
1.27008,1.93946,0.289854,0
1.27016,1.90655,0.293446,0
1.27025,1.96155,0.310679,0
1.27034,1.97991,0.32245,0
1.27043,1.96665,0.329105,0
1.27051,1.97308,0.339038,0
1.2706,1.97651,0.348512,0
1.27069,1.98383,0.358734,0
1.27077,1.97634,0.366293,0
1.27086,1.97374,0.374727,0
1.27095,1.97602,0.384098,0
1.27104,1.97726,0.393302,0
1.27112,1.97455,0.401726,0
1.27121,1.97278,0.410338,0
1.2713,1.9651,0.417695,0
1.27139,1.9701,0.42775,0
1.27147,1.96821,0.436342,0
1.27156,1.97117,0.446029,0
1.27165,1.9692,0.454626,0
1.27173,1.97207,0.46436,0
1.27182,1.97391,0.473894,0
1.27191,1.9728,0.48274,0
1.272,1.96582,0.490134,0
1.27208,1.97142,0.500676,0
1.27217,1.97502,0.510775,0
1.27226,1.96891,0.518369,0
1.27234,1.96373,0.526179,0
1.27243,1.97203,0.537636,0
1.27252,1.96195,0.544097,0
1.27261,1.97111,0.55591,0
1.27269,1.9629,0.562851,0
1.27278,1.97098,0.574489,0
1.27287,1.97229,0.58422,0
1.27296,1.97643,0.594837,0
1.27304,1.97955,0.605209,0
1.27313,1.97307,0.612655,0
1.27322,1.96752,0.620356,0
1.2733,1.96765,0.62985,0
1.27339,1.96964,0.639974,0
1.27348,1.97727,0.652007,0
1.27357,1.96682,0.65809,0
1.27365,1.96299,0.666344,0
1.27374,1.96762,0.677507,0
1.27383,1.96559,0.686416,0
1.27392,1.96541,0.695987,0
1.274,1.97553,0.709287,0
1.27409,1.9649,0.715164,0
1.27418,1.97771,0.729615,0
1.27426,1.97263,0.737537,0
1.27435,1.97127,0.746845,0
1.27444,1.97079,0.756515,0
1.27453,1.97586,0.768369,0
1.27461,1.97993,0.779915,0
1.2747,1.97651,0.788546,0
1.27479,1.97768,0.799036,0
1.27488,1.97418,0.807657,0
1.27496,1.96694,0.814733,0
1.27505,1.96244,0.822921,0
1.27514,1.96344,0.833429,0
1.27522,1.97448,0.848304,0
1.27531,1.96618,0.854918,0
1.2754,1.97067,0.867114,0
1.27549,1.976,0.879771,0
1.27557,1.96029,0.883045,0
1.27566,1.96734,0.896567,0
1.27575,1.96795,0.907236,0
1.27584,1.9685,0.917927,0
1.27592,1.96448,0.926507,0
1.27601,1.95771,0.933778,0
1.2761,1.96352,0.947091,0
1.27618,1.95757,0.954772,0
1.27627,1.96774,0.970381,0
1.27636,1.95901,0.976727,0
1.27645,1.9583,0.987066,0
1.27653,1.96823,1.00286,0
1.27662,1.96473,1.0119,0
1.27671,1.97094,1.02601,0
1.2768,1.96644,1.0346,0
1.27688,1.96279,1.04364,0
1.27697,1.96086,1.05361,0
1.27706,1.96328,1.06597,0
1.27714,1.97088,1.08126,0
1.27723,1.96265,1.08791,0
1.27732,1.95439,1.09451,0
1.27741,1.96091,1.10943,0
1.27749,1.9656,1.12343,0
1.27758,1.96328,1.1335,0
1.27767,1.96695,1.14709,0
1.27776,1.96279,1.15617,0
1.27784,1.95945,1.16575,0
1.27793,1.95691,1.17583,0
1.27802,1.95604,1.18695,0
1.2781,1.96619,1.20488,0
1.27819,1.96176,1.21398,0
1.27828,1.96662,1.22888,0
1.27837,1.95448,1.23318,0
1.27845,1.96004,1.24868,0
1.27854,1.96046,1.26101,0
1.27863,1.96501,1.27609,0
1.27872,1.96276,1.28684,0
1.2788,1.9588,1.2965,0
1.27889,1.96809,1.31503,0
1.27898,1.95736,1.32025,0
1.27906,1.96315,1.33666,0
1.27915,1.96142,1.34805,0
1.27924,1.96867,1.36571,0
1.27933,1.95859,1.37142,0
1.27941,1.95749,1.38342,0
1.2795,1.96772,1.40356,0
1.27959,1.95184,1.40512,0
1.27968,1.95135,1.41774,0
1.27976,1.95563,1.43393,0
1.27985,1.96141,1.45137,0
1.27994,1.95746,1.46171,0
1.28002,1.95506,1.47324,0
1.28011,1.95896,1.48963,0
1.2802,1.95879,1.50303,0
1.28029,1.95458,1.5134,0
1.28037,1.95584,1.52807,0
1.28046,1.95308,1.53969,0
1.28055,1.95887,1.55815,0
1.28064,1.95361,1.56794,0
1.28072,1.95763,1.58526,0
1.28081,1.95766,1.59948,0
1.2809,1.95761,1.61373,0
1.28098,1.96285,1.63249,0
1.28107,1.9672,1.65068,0
1.28116,1.9638,1.66248,0
1.28125,1.95728,1.67168,0
1.28133,1.95755,1.68673,0
1.28142,1.95621,1.7005,0
1.28151,1.95629,1.71562,0
1.2816,1.95103,1.72613,0
1.28168,1.95616,1.74594,0
1.28177,1.95967,1.7645,0
1.28186,1.94899,1.77034,0
1.28194,1.94567,1.78288,0
1.28203,1.94669,1.7995,0
1.28212,1.95345,1.82162,0
1.28221,1.94694,1.83149,0
1.28229,1.95271,1.85305,0
1.28238,1.95111,1.86778,0
1.28247,1.95876,1.89155,0
1.28256,1.95192,1.90148,0
1.28264,1.95502,1.92119,0
1.28273,1.95443,1.93745,0
1.28282,1.95939,1.95939,0
1.2829,1.95294,1.97005,0
1.28299,1.95484,1.98926,0
1.28308,1.9573,2.00923,0
1.28317,1.95407,2.0235,0
1.28325,1.95283,2.03996,0
1.28334,1.9508,2.05571,0
1.28343,1.94592,2.06857,0
1.28352,1.94711,2.08801,0
1.2836,1.95223,2.11191,0
1.28369,1.9484,2.12631,0
1.28378,1.94986,2.14663,0
1.28386,1.94918,2.16478,0
1.28395,1.95103,2.18595,0
1.28404,1.94612,2.19968,0
1.28413,1.95298,2.22695,0
1.28421,1.94784,2.24073,0
1.2843,1.95175,2.26512,0
1.28439,1.9464,2.27894,0
1.28448,1.94483,2.29733,0
1.28456,1.94636,2.31958,0
1.28465,1.94517,2.33882,0
1.28474,1.95212,2.36812,0
1.28482,1.94937,2.3859,0
1.28491,1.95278,2.41148,0
1.285,1.95163,2.43168,0
1.28509,1.95345,2.45582,0
1.28517,1.94891,2.47218,0
1.28526,1.94857,2.49405,0
1.28535,1.94746,2.51518,0
1.28543,1.95291,2.54508,0
1.28552,1.95026,2.56472,0
1.28561,1.94988,2.58758,0
1.2857,1.95054,2.61209,0
1.28578,1.95935,2.6479,0
1.28587,1.94837,2.65723,0
1.28596,1.94557,2.67785,0
1.28605,1.94906,2.70741,0
1.28613,1.95232,2.73706,0
1.28622,1.95017,2.75943,0
1.28631,1.95016,2.78512,0
1.28639,1.9511,2.8125,0
1.28648,1.9473,2.83335,0
1.28657,1.94899,2.86248,0
1.28666,1.94543,2.88422,0
1.28674,1.94561,2.91181,0
1.28683,1.9511,2.94779,0
1.28692,1.94809,2.97132,0
1.28701,1.94872,3.00076,0
1.28709,1.94264,3.02017,0
1.28718,1.92783,3.02609,0
1.28727,1.91087,3.02855,0
1.28735,1.89446,3.03177,0
1.28744,1.87332,3.02725,0
1.28753,1.85383,3.02517,0
1.28762,1.83646,3.02639,0
1.2877,1.82272,3.03351,0
1.28779,1.80333,3.03113,0
1.28788,1.78857,3.03638,0
1.28797,1.76825,3.03206,0
1.28805,1.751,3.03282,0
1.28814,1.7318,3.03001,0
1.28823,1.71511,3.03145,0
1.28831,1.69845,3.0328,0
1.2884,1.67696,3.02531,0
1.28849,1.66037,3.02646,0
1.28858,1.64429,3.0284,0
1.28866,1.62396,3.02234,0
1.28875,1.61123,3.03028,0
1.28884,1.58868,3.01958,0
1.28893,1.5778,3.03092,0
1.28901,1.55494,3.0191,0
1.2891,1.53676,3.01606,0
1.28919,1.52403,3.02363,0
1.28927,1.51127,3.03114,0
1.28936,1.49228,3.02605,0
1.28945,1.47468,3.02354,0
1.28954,1.45496,3.01644,0
1.28962,1.44393,3.02727,0
1.28971,1.42602,3.02359,0
1.2898,1.40985,3.02344,0
1.28989,1.39539,3.02684,0
1.28997,1.37637,3.02016,0
1.29006,1.36235,3.02431,0
1.29015,1.34386,3.01835,0
1.29023,1.33229,3.02785,0
1.29032,1.31707,3.02905,0
1.29041,1.30147,3.02925,0
1.2905,1.28355,3.02386,0
1.29058,1.27073,3.03035,0
1.29067,1.25291,3.02478,0
1.29076,1.23364,3.01541,0
1.29085,1.21672,3.01149,0
1.29093,1.20654,3.0242,0
1.29102,1.19186,3.02572,0
1.29111,1.17321,3.01691,0
1.29119,1.1586,3.01827,0
1.29128,1.14401,3.01955,0
1.29137,1.12837,3.01796,0
1.29146,1.11623,3.02567,0
1.29154,1.09652,3.01265,0
1.29163,1.08336,3.01741,0
1.29172,1.06985,3.02117,0
1.29181,1.05303,3.01542,0
1.29189,1.04149,3.02471,0
1.29198,1.02571,3.02165,0
1.29207,1.0103,3.01946,0
1.29215,0.996174,3.02099,0
1.29224,0.981747,3.02151,0
1.29233,0.962457,3.00671,0
1.29242,0.949629,3.01184,0
1.2925,0.93974,3.02646,0
1.29259,0.923018,3.01905,0
1.29268,0.908107,3.01731,0
1.29277,0.893796,3.01741,0
1.29285,0.878943,3.01552,0
1.29294,0.859989,2.99914,0
1.29303,0.846351,3.00094,0
1.29311,0.831646,2.99882,0
1.2932,0.816186,2.99374,0
1.29329,0.80441,3.0021,0
1.29338,0.788757,2.99591,0
1.29346,0.774926,2.99642,0
1.29355,0.761352,2.99783,0
1.29364,0.746571,2.99433,0
1.29373,0.730171,2.98396,0
1.29381,0.71621,2.98323,0
1.2939,0.703645,2.98827,0
1.29399,0.6915,2.99521,0
1.29407,0.6771,2.99235,0
1.29416,0.664253,2.99625,0
1.29425,0.65181,3.00205,0
1.29434,0.635586,2.9902,0
1.29442,0.623144,2.99588,0
1.29451,0.60887,2.99269,0
1.2946,0.595026,2.99139,0
1.29469,0.579296,2.98022,0
1.29477,0.567033,2.98665,0
1.29486,0.554361,2.99106,0
1.29495,0.539347,2.98263,0
1.29503,0.527022,2.98889,0
1.29512,0.513298,2.98722,0
1.29521,0.500755,2.99239,0
1.2953,0.486086,2.98468,0
1.29538,0.472745,2.98479,0
1.29547,0.461999,3.00165,0
1.29556,0.447124,2.99177,0
1.29565,0.433922,2.99271,0
1.29573,0.42072,2.99358,0
1.29582,0.407654,2.99539,0
1.29591,0.393276,2.98722,0
1.29599,0.381121,2.99585,0
1.29608,0.367192,2.99054,0
1.29617,0.354258,2.99311,0
1.29626,0.340515,2.98866,0
1.29634,0.327145,2.98714,0
1.29643,0.313585,2.98357,0
1.29652,0.300464,2.98391,0
1.29661,0.287633,2.98718,0
1.29669,0.27359,2.97746,0
1.29678,0.260857,2.98161,0
1.29687,0.248094,2.98571,0
1.29695,0.23522,2.98876,0
1.29704,0.221584,2.98178,0
1.29713,0.208711,2.98471,0
1.29722,0.195621,2.9846,0
1.2973,0.182596,2.98542,0
1.29739,0.169228,2.9802,0
1.29748,0.15638,2.98391,0
1.29757,0.143311,2.98356,0
1.29765,0.130117,2.98016,0
1.29774,0.11723,2.9837,0
1.29783,0.104384,2.98918,0
1.29791,0.0912797,2.98761,0
1.298,0.0782168,2.98698,0
1.29809,0.0650303,2.98029,0
1.29818,0.0521654,2.98854,0
1.29826,0.0390202,2.98074,0
1.29835,0.0259266,2.97089,0
1.29844,0.012981,2.97497,0
1.29852,1.08892e-07,2.993,0
1.29861,-0.0130549,2.99197,0
1.2987,-0.0262493,3.00789,0
1.29879,-0.0393996,3.00974,0
1.29887,-0.0524793,3.00654,0
1.29896,-0.0655318,3.00329,0
1.29905,-0.0788449,3.01097,0
1.29914,-0.091646,2.9996,0
1.29922,-0.104838,3.00217,0
1.29931,-0.118054,3.00468,0
1.2994,-0.131381,3.00913,0
1.29948,-0.144366,3.00553,0
1.29957,-0.157322,3.00188,0
1.29966,-0.170588,3.00416,0
1.29975,-0.183634,3.00239,0
1.29983,-0.196863,3.00356,0
1.29992,-0.209479,2.99568,0
1.30001,-0.222325,2.99175,0
1.3001,-0.23624,3.00172,0
1.30018,-0.249335,3.00066,0
1.30027,-0.2626,3.00153,0
1.30036,-0.275786,3.00136,0
1.30044,-0.288879,3.00012,0
1.30053,-0.302167,3.00083,0
1.30062,-0.313585,2.98357,0
1.30071,-0.328996,3.00404,0
1.30079,-0.342326,3.00456,0
1.30088,-0.355198,3.00105,0
1.30097,-0.368533,3.00146,0
1.30106,-0.381878,3.00181,0
1.30114,-0.394711,2.99813,0
1.30123,-0.409138,3.00629,0
1.30132,-0.421694,3.00051,0
1.3014,-0.434496,2.99666,0
1.30149,-0.446532,2.98782,0
1.30158,-0.462303,3.00363,0
1.30167,-0.475404,3.00159,0
1.30175,-0.488979,3.00244,0
1.30184,-0.501745,2.99831,0
1.30193,-0.516855,3.00792,0
1.30202,-0.5298,3.00465,0
1.3021,-0.542194,2.99837,0
1.30219,-0.554178,2.99008,0
1.30228,-0.557707,2.93753,0
1.30236,-0.56384,2.90071,0
1.30245,-0.532011,2.6746,0
1.30254,-0.49842,2.44981,0
1.30263,-0.505031,2.42803,0
1.30271,-0.516037,2.42776,0
1.3028,-0.538719,2.48119,0
1.30289,-0.548458,2.47393,0
1.30298,-0.555275,2.45396,0
1.30306,-0.563952,2.44275,0
1.30315,-0.575751,2.44513,0
1.30324,-0.589916,2.45718,0
1.30332,-0.599206,2.44875,0
1.30341,-0.61182,2.45388,0
1.3035,-0.623506,2.45506,0
1.30359,-0.632209,2.44457,0
1.30367,-0.644907,2.44953,0
1.30376,-0.655589,2.44669,0
1.30385,-0.670203,2.45828,0
1.30394,-0.680923,2.45533,0
1.30402,-0.694616,2.46292,0
1.30411,-0.704529,2.45698,0
1.3042,-0.714963,2.45293,0
1.30428,-0.726795,2.45362,0
1.30437,-0.738935,2.45521,0
1.30446,-0.749056,2.45005,0
1.30455,-0.762408,2.45536,0
1.30463,-0.77552,2.45964,0
1.30472,-0.78533,2.45337,0
1.30481,-0.7985,2.45753,0
1.3049,-0.811094,2.45972,0
1.30498,-0.821502,2.45521,0
1.30507,-0.83285,2.4535,0
1.30516,-0.847454,2.46118,0
1.30524,-0.850602,2.43575,0
1.30533,-0.855881,2.41693,0
1.30542,-0.86777,2.41694,0
1.30551,-0.884122,2.42911,0
1.30559,-0.905442,2.45431,0
1.30568,-0.919995,2.46064,0
1.30577,-0.930368,2.45567,0
1.30586,-0.95075,2.47679,0
1.30594,-0.953937,2.45304,0
1.30603,-0.96793,2.45723,0
1.30612,-0.978642,2.45299,0
1.3062,-0.993457,2.45889,0
1.30629,-1.00153,2.44805,0
1.30638,-1.01488,2.45013,0
1.30647,-1.02865,2.45305,0
1.30655,-1.04481,2.46143,0
1.30664,-1.05318,2.45133,0
1.30673,-1.07064,2.46231,0
1.30682,-1.07936,2.45303,0
1.3069,-1.09371,2.45652,0
1.30699,-1.10483,2.45264,0
1.30708,-1.1234,2.46509,0
1.30716,-1.12703,2.44472,0
1.30725,-1.12501,2.41259,0
1.30734,-1.1287,2.39319,0
1.30743,-1.12708,2.36297,0
1.30751,-1.12782,2.33821,0
1.3076,-1.12442,2.30541,0
1.30769,-1.12695,2.28523,0
1.30778,-1.12129,2.24897,0
1.30786,-1.123,2.22798,0
1.30795,-1.11954,2.19722,0
1.30804,-1.12133,2.1772,0
1.30812,-1.12113,2.15366,0
1.30821,-1.12073,2.13017,0
1.3083,-1.11687,2.10053,0
1.30839,-1.11845,2.08154,0
1.30847,-1.11846,2.05995,0
1.30856,-1.1207,2.04277,0
1.30865,-1.11264,2.00725,0
1.30874,-1.11601,1.99278,0
1.30882,-1.11583,1.97223,0
1.30891,-1.11946,1.95866,0
1.309,-1.1175,1.93557,0
1.30908,-1.11737,1.91599,0
1.30917,-1.11608,1.89472,0
1.30926,-1.11922,1.88124,0
1.30935,-1.113,1.85234,0
1.30943,-1.11484,1.83721,0
1.30952,-1.11397,1.81783,0
1.30961,-1.11242,1.79764,0
1.3097,-1.11495,1.78429,0
1.30978,-1.11312,1.76419,0
1.30987,-1.11114,1.74413,0
1.30996,-1.10954,1.72497,0
1.31004,-1.10671,1.70418,0
1.31013,-1.11249,1.69682,0
1.31022,-1.1116,1.67945,0
1.31031,-1.10836,1.65878,0
1.31039,-1.10776,1.64232,0
1.31048,-1.10873,1.62838,0
1.31057,-1.10676,1.61034,0
1.31065,-1.11035,1.60057,0
1.31074,-1.10299,1.57523,0
1.31083,-1.10292,1.5606,0
1.31092,-1.10334,1.54682,0
1.311,-1.10482,1.53469,0
1.31109,-1.09916,1.51286,0
1.31118,-1.10989,1.5137,0
1.31127,-1.10934,1.49919,0
1.31135,-1.10391,1.47831,0
1.31144,-1.10313,1.4639,0
1.31153,-1.10708,1.45589,0
1.31161,-1.10125,1.43518,0
1.3117,-1.10383,1.42561,0
1.31179,-1.1008,1.40896,0
1.31188,-1.09889,1.39394,0
1.31196,-1.10559,1.38991,0
1.31205,-1.10413,1.37572,0
1.31214,-1.10131,1.36001,0
1.31223,-1.10217,1.34899,0
1.31231,-1.10487,1.34031,0
1.3124,-1.09984,1.32241,0
1.31249,-1.10302,1.31453,0
1.31257,-1.09841,1.2975,0
1.31266,-1.09887,1.28661,0
1.31275,-1.10512,1.28256,0
1.31284,-1.10415,1.27018,0
1.31292,-1.11364,1.26986,0
1.31301,-1.10326,1.24701,0
1.3131,-1.11202,1.24592,0
1.31319,-1.1141,1.23734,0
1.31327,-1.10941,1.22136,0
1.31336,-1.10932,1.21061,0
1.31345,-0.0393704,0.0425907,0
1.31353,-0.0388739,0.0416872,0
1.31362,-1.11411,1.18433,0
1.31371,-0.0254691,0.0268389,0
1.3138,-0.0221284,0.0231156,0
1.31388,-0.0250077,0.0258962,0
1.31397,-0.0530321,0.0544389,0
1.31406,-1.12216,1.14191,0
1.31415,-0.0422409,0.0426111,0
1.31423,-1.12784,1.12784,0
