7200
615
0.523599
0.539307,-0.0502046,-0.0502046,0
0.539394,-0.0288646,-0.0291176,0
0.539481,-0.0595773,-0.0606263,0
0.539569,-0.0446586,-0.0458433,0
0.539656,-0.0514047,-0.0532311,0
0.539743,-0.0601616,-0.0628457,0
0.53983,-0.0571334,-0.0602061,0
0.539918,-0.0417962,-0.0444306,0
0.540005,-0.0538779,-0.0577769,0
0.540092,-0.0529465,-0.0572772,0
0.540179,-0.0499937,-0.0545585,0
0.540267,-0.0652196,-0.0718012,0
0.540354,-0.0675822,-0.0750576,0
0.540441,-0.0565999,-0.0634149,0
0.540528,-0.0576479,-0.0651591,0
0.540616,-0.0389014,-0.0443585,0
0.540703,-0.0537968,-0.0618862,0
0.54079,-0.0496097,-0.0575749,0
0.540878,-0.0597492,-0.0699573,0
0.540965,-0.0568589,-0.0671645,0
0.541052,-0.0623504,-0.0743063,0
0.541139,-0.0505157,-0.0607385,0
0.541227,-0.0559749,-0.067903,0
0.541314,-0.0556781,-0.0681465,0
0.541401,-0.0578975,-0.0714974,0
0.541488,-0.065722,-0.0818879,0
0.541576,-0.0666091,-0.0837391,0
0.541663,-0.0544803,-0.0691079,0
0.54175,-0.0603348,-0.0772251,0
0.541837,-0.0599973,-0.0774876,0
0.541925,-0.0480922,-0.0626749,0
0.542012,-0.0581082,-0.0764162,0
0.542099,-0.0613851,-0.0814608,0
0.542187,-0.0640207,-0.0857342,0
0.542274,-0.0505599,-0.0683278,0
0.542361,-0.0614962,-0.0838702,0
0.542448,-0.0552518,-0.0760476,0
0.542536,-0.0648517,-0.0900847,0
0.542623,-0.0563282,-0.0789692,0
0.54271,-0.0559831,-0.0792142,0
0.542797,-0.0550633,-0.0786386,0
0.542885,-0.0530097,-0.0764132,0
0.542972,-0.0583398,-0.084885,0
0.543059,-0.0619085,-0.0909249,0
0.543146,-0.0671031,-0.0994845,0
0.543234,-0.0644461,-0.0964505,0
0.543321,-0.052434,-0.0792192,0
0.543408,-0.0882752,-0.134642,0
0.543496,-0.104026,-0.160186,0
0.543583,-0.134703,-0.209419,0
0.54367,-0.157429,-0.247114,0
0.543757,-0.191568,-0.303616,0
0.543845,-0.217267,-0.3477,0
0.543932,-0.233639,-0.377556,0
0.544019,-0.231989,-0.378572,0
0.544106,-0.238636,-0.393259,0
0.544194,-0.250824,-0.41744,0
0.544281,-0.253601,-0.426266,0
0.544368,-0.254784,-0.432538,0
0.544455,-0.264985,-0.454378,0
0.544543,-0.2745,-0.475448,0
0.54463,-0.271927,-0.475773,0
0.544717,-0.280681,-0.496103,0
0.544805,-0.270696,-0.483363,0
0.544892,-0.259373,-0.467922,0
0.544979,-0.255886,-0.466419,0
0.545066,-0.256234,-0.471925,0
0.545154,-0.256539,-0.477443,0
0.545241,-0.254454,-0.478558,0
0.545328,-0.252363,-0.479663,0
0.545415,-0.254423,-0.488743,0
0.545503,-0.24542,-0.476513,0
0.54559,-0.248333,-0.487381,0
0.545677,-0.248904,-0.493817,0
0.545764,-0.254779,-0.511007,0
0.545852,-0.258297,-0.523774,0
0.545939,-0.25557,-0.523997,0
0.546026,-0.261102,-0.54132,0
0.546114,-0.275527,-0.577655,0
0.546201,-0.289214,-0.613221,0
0.546288,-0.294142,-0.63079,0
0.546375,-0.297248,-0.644782,0
0.546463,-0.29692,-0.651532,0
0.54655,-0.303111,-0.67288,0
0.546637,-0.294477,-0.661407,0
0.546724,-0.296422,-0.673669,0
0.546812,-0.293479,-0.674956,0
0.546899,-0.289347,-0.673474,0
0.546986,-0.286406,-0.67473,0
0.547073,-0.276885,-0.660296,0
0.547161,-0.247214,-0.596826,0
0.547248,-0.229082,-0.559952,0
0.547335,-0.248739,-0.61565,0
0.547423,-0.275324,-0.690105,0
0.54751,-0.284405,-0.722004,0
0.547597,-0.271829,-0.699006,0
0.547684,-0.24584,-0.640436,0
0.547772,-0.21718,-0.573238,0
0.547859,-0.217829,-0.58261,0
0.547946,-0.20594,-0.558224,0
0.548033,-0.200424,-0.55066,0
0.548121,-0.201398,-0.560941,0
0.548208,-0.198615,-0.560872,0
0.548295,-0.195177,-0.558901,0
0.548382,-0.187853,-0.545564,0
0.54847,-0.188042,-0.553954,0
0.548557,-0.190065,-0.568046,0
0.548644,-0.179756,-0.545127,0
0.548732,-0.174595,-0.537347,0
0.548819,-0.178041,-0.556199,0
0.548906,-0.172906,-0.548387,0
0.548993,-0.175849,-0.566327,0
0.549081,-0.16636,-0.544137,0
0.549168,-0.167154,-0.555391,0
0.549255,-0.165865,-0.559951,0
0.549342,-0.16398,-0.562589,0
0.54943,-0.159043,-0.554648,0
0.549517,-0.161236,-0.571698,0
0.549604,-0.156602,-0.564687,0
0.549691,-0.155451,-0.570189,0
0.549779,-0.145974,-0.544782,0
0.549866,-0.148178,-0.562821,0
0.549953,-0.146472,-0.566366,0
0.550041,-0.142277,-0.560215,0
0.550128,-0.139105,-0.55792,0
0.550215,-0.138571,-0.566292,0
0.550302,-0.130729,-0.544527,0
0.55039,-0.126748,-0.538279,0
0.550477,-0.126872,-0.549545,0
0.550564,-0.12646,-0.558871,0
0.550651,-0.124453,-0.56137,0
0.550739,-0.124548,-0.573635,0
0.550826,-0.118302,-0.556566,0
0.550913,-0.120352,-0.578616,0
0.551,-0.115235,-0.566396,0
0.551088,-0.114518,-0.575721,0
0.551175,-0.109143,-0.561491,0
0.551262,-0.109117,-0.574733,0
0.55135,-0.104603,-0.564388,0
0.551437,-0.104097,-0.575664,0
0.551524,-0.0981112,-0.556416,0
0.551611,-0.0966986,-0.562752,0
0.551699,-0.0944072,-0.564155,0
0.551786,-0.0906588,-0.556666,0
0.551873,-0.087134,-0.550142,0
0.55196,-0.0847327,-0.550517,0
0.552048,-0.082182,-0.549893,0
0.552135,-0.0810733,-0.559153,0
0.552222,-0.0786328,-0.559501,0
0.552309,-0.0756514,-0.555876,0
0.552397,-0.0733557,-0.557192,0
0.552484,-0.0700404,-0.550563,0
0.552571,-0.0675156,-0.549871,0
0.552659,-0.064528,-0.545195,0
0.552746,-0.0626014,-0.549445,0
0.552833,-0.0594413,-0.542755,0
0.55292,-0.0576997,-0.548976,0
0.553008,-0.0544021,-0.540268,0
0.553095,-0.052811,-0.548463,0
0.553182,-0.0506004,-0.55068,0
0.553269,-0.0474127,-0.54193,0
0.553357,-0.0453789,-0.546118,0
0.553444,-0.0426818,-0.542323,0
0.553531,-0.0394257,-0.530537,0
0.553618,-0.038087,-0.54467,0
0.553706,-0.0356447,-0.543833,0
0.553793,-0.0329662,-0.538993,0
0.55388,-0.0311243,-0.548117,0
0.553968,-0.0292035,-0.557235,0
0.554055,-0.0266279,-0.554361,0
0.554142,-0.0241651,-0.553473,0
0.554229,-0.0212788,-0.541582,0
0.554317,-0.0192994,-0.552663,0
0.554404,-0.0167351,-0.547744,0
0.554491,-0.0143973,-0.549812,0
0.554578,-0.0119327,-0.54687,0
0.554666,-0.00930214,-0.532919,0
0.554753,-0.00716002,-0.546953,0
0.55484,-0.00477342,-0.546979,0
0.554927,-0.00237801,-0.544995,0
0.555015,-6.60144e-09,-0.548,0
0.555102,0.00244345,-0.559995,0
0.555189,0.00471232,-0.539979,0
0.555277,0.00712073,-0.543953,0
0.555364,0.00973844,-0.557915,0
0.555451,0.0120636,-0.552868,0
0.555538,0.0144758,-0.55281,0
0.555626,0.0165213,-0.540748,0
0.555713,0.0186014,-0.532675,0
0.5558,0.021161,-0.538584,0
0.555887,0.0237726,-0.544481,0
0.555975,0.0258602,-0.538379,0
0.556062,0.0284708,-0.543254,0
0.556149,0.0315212,-0.555106,0
0.556236,0.0338819,-0.553965,0
0.556324,0.0361025,-0.550818,0
0.556411,0.0382963,-0.547663,0
0.556498,0.0405373,-0.545496,0
0.556586,0.0426033,-0.541326,0
0.556673,0.0456273,-0.549108,0
0.55676,0.047587,-0.543922,0
0.556847,0.0503259,-0.547693,0
0.556935,0.052811,-0.548463,0
0.557022,0.0564059,-0.560167,0
0.557109,0.0566544,-0.539031,0
0.557196,0.0598768,-0.546731,0
0.557284,0.282216,-2.47697,0
0.557371,0.294666,-2.48962,0
0.557458,0.305283,-2.48633,0
0.557545,0.316633,-2.48894,0
0.557633,0.328273,-2.49348,0
0.55772,0.339555,-2.495,0
0.557807,0.350438,-2.49349,0
0.557895,0.362032,-2.49689,0
0.557982,0.372627,-2.49331,0
0.558069,0.385937,-2.50747,0
0.558156,0.395466,-2.49688,0
0.558244,0.408125,-2.50598,0
0.558331,0.416085,-2.48643,0
0.558418,0.429301,-2.49838,0
0.558505,0.440024,-2.4955,0
0.558593,0.452688,-2.5034,0
0.55868,0.464883,-2.50828,0
0.558767,0.47545,-2.50427,0
0.558854,0.487326,-2.50708,0
0.558942,0.498456,-2.50591,0
0.559029,0.510182,-2.50763,0
0.559116,0.52173,-2.50831,0
0.559204,0.534125,-2.51286,0
0.559291,0.545084,-2.51051,0
0.559378,0.555168,-2.5042,0
0.559465,0.570061,-2.51931,0
0.559553,0.578799,-2.50705,0
0.55964,0.589274,-2.50256,0
0.559727,0.602522,-2.50969,0
0.559814,0.612516,-2.50315,0
0.559902,0.625852,-2.51015,0
0.559989,0.638275,-2.51322,0
0.560076,0.649486,-2.51138,0
0.560163,0.660692,-2.50948,0
0.560251,0.675,-2.51913,0
0.560338,0.684933,-2.51231,0
0.560425,0.698828,-2.51989,0
0.560513,0.710088,-2.51778,0
0.5606,0.723824,-2.52427,0
0.560687,0.73567,-2.52397,0
0.560774,0.746108,-2.51882,0
0.560862,0.757668,-2.51746,0
0.560949,0.770107,-2.51891,0
0.561036,0.784649,-2.52698,0
0.561123,0.797171,-2.5283,0
0.561211,0.811244,-2.53433,0
0.561298,0.824148,-2.53647,0
0.561385,0.8374,-2.5395,0
0.561472,0.849425,-2.53866,0
0.56156,0.868208,-2.55766,0
0.561647,0.881639,-2.56046,0
0.561734,0.897748,-2.57075,0
0.561821,0.912294,-2.57624,0
0.561909,0.928257,-2.58541,0
0.561996,0.936451,-2.57288,0
0.562083,0.954937,-2.58847,0
0.562171,0.970074,-2.59458,0
0.562258,0.983866,-2.59687,0
0.562345,1.00092,-2.60749,0
0.562432,1.01664,-2.61428,0
0.56252,1.03537,-2.62843,0
0.562607,1.05349,-2.64061,0
0.562694,1.06613,-2.63877,0
0.562781,1.08634,-2.65538,0
0.562869,1.10557,-2.66909,0
0.562956,1.10947,-2.64579,0
0.563043,1.12687,-2.65474,0
0.56313,1.15028,-2.67736,0
0.563218,1.17073,-2.69249,0
0.563305,1.1732,-2.6663,0
0.563392,1.20191,-2.69953,0
0.56348,1.20916,-2.68423,0
0.563567,1.22417,-2.68621,0
0.563654,1.23965,-2.68901,0
0.563741,1.2594,-2.7008,0
0.563829,1.27245,-2.69799,0
0.563916,1.28292,-2.6897,0
0.564003,1.29421,-2.68318,0
0.56409,1.31073,-2.68739,0
0.564178,1.3251,-2.68703,0
0.564265,1.33324,-2.67406,0
0.564352,1.34714,-2.67269,0
0.564439,1.35607,-2.66144,0
0.564527,1.38644,-2.69194,0
0.564614,1.3834,-2.65748,0
0.564701,1.38055,-2.62399,0
0.564789,1.3948,-2.62324,0
0.564876,1.39819,-2.60215,0
0.564963,1.38853,-2.55736,0
0.56505,1.40978,-2.56969,0
0.565138,1.41128,-2.54602,0
0.565225,1.43019,-2.5538,0
0.565312,1.44182,-2.5484,0
0.565399,1.4559,-2.5473,0
0.565487,1.464,-2.53572,0
0.565574,1.48513,-2.54659,0
0.565661,1.52871,-2.59523,0
0.565748,1.63256,-2.74408,0
0.565836,1.65327,-2.75151,0
0.565923,1.64866,-2.71691,0
0.56601,1.65841,-2.70628,0
0.566098,1.83438,-2.96433,0
0.566185,1.84624,-2.9546,0
0.566272,1.79988,-2.85264,0
0.566359,1.87249,-2.93922,0
0.566447,1.89125,-2.94027,0
0.566534,1.90188,-2.92864,0
0.566621,1.86255,-2.84086,0
0.566708,1.93619,-2.92527,0
0.566796,1.89616,-2.83781,0
0.566883,1.91076,-2.83282,0
0.56697,1.92761,-2.83107,0
0.567057,1.94674,-2.83252,0
0.567145,1.95794,-2.82236,0
0.567232,1.97999,-2.82771,0
0.567319,1.85379,-2.62305,0
0.567407,2.08298,-2.92023,0
0.567494,2.09512,-2.9103,0
0.567581,2.0596,-2.8348,0
0.567668,2.07786,-2.83385,0
0.567756,2.10091,-2.83922,0
0.567843,2.11089,-2.82682,0
0.56793,2.13163,-2.82877,0
0.568017,2.21901,-2.91814,0
0.568105,2.18484,-2.84735,0
0.568192,2.20704,-2.85044,0
0.568279,2.22746,-2.85102,0
0.568366,2.24112,-2.84285,0
0.568454,2.25973,-2.84087,0
0.568541,2.25708,-2.81226,0
0.568628,2.25485,-2.78451,0
0.568716,2.25939,-2.76536,0
0.568803,2.25808,-2.73927,0
0.56889,2.27193,-2.73169,0
0.568977,2.2594,-2.69265,0
0.569065,2.05532,-2.42784,0
0.569152,2.01264,-2.3565,0
0.569239,2.02029,-2.34466,0
0.569326,2.00754,-2.30941,0
0.569414,2.00969,-2.29161,0
0.569501,2.00509,-2.26634,0
0.569588,2.00364,-2.24489,0
0.569675,2.01274,-2.23538,0
0.569763,2.01105,-2.21399,0
0.56985,2.01596,-2.20004,0
0.569937,2.00925,-2.17359,0
0.570025,2.0119,-2.15749,0
0.570112,2.00827,-2.13486,0
0.570199,2.01688,-2.12535,0
0.570286,2.00539,-2.09486,0
0.570374,2.00965,-2.08105,0
0.570461,2.00964,-2.06295,0
0.570548,2.0074,-2.04275,0
0.570635,2.00926,-2.02687,0
0.570723,2.01101,-2.01101,0
0.57081,2.00414,-1.98673,0
0.570897,2.01065,-1.97586,0
0.570984,2.00851,-1.9566,0
0.571072,2.00912,-1.94018,0
0.571159,2.00528,-1.91964,0
0.571246,2.01944,-1.91638,0
0.571334,2.01322,-1.89385,0
0.571421,2.00976,-1.87413,0
0.571508,2.00764,-1.85584,0
0.571595,2.00466,-1.83693,0
0.571683,2.00599,-1.82211,0
0.57177,2.01095,-1.81067,0
0.571857,2.00615,-1.79056,0
0.571944,2.00121,-1.77052,0
0.572032,2.0029,-1.7565,0
0.572119,2.00602,-1.7438,0
0.572206,2.01058,-1.73242,0
0.572293,2.00443,-1.71195,0
0.572381,1.99433,-1.68832,0
0.572468,2.00091,-1.67896,0
0.572555,2.00053,-1.66382,0
0.572643,2.00237,-1.65062,0
0.57273,1.99406,-1.62922,0
0.572817,1.99882,-1.61861,0
0.572904,1.99728,-1.60299,0
0.572992,1.99956,-1.59053,0
0.573079,1.99863,-1.57559,0
0.573166,1.99682,-1.56009,0
0.573253,1.99728,-1.54646,0
0.573341,1.99052,-1.52738,0
0.573428,1.99319,-1.51566,0
0.573515,1.9918,-1.50093,0
0.573602,1.98791,-1.48444,0
0.57369,1.98874,-1.47159,0
0.573777,1.99595,-1.46349,0
0.573864,1.99827,-1.45183,0
0.573952,1.98754,-1.43083,0
0.574039,1.98807,-1.41808,0
0.574126,1.99016,-1.4065,0
0.574213,1.99791,-1.39895,0
0.574301,1.99414,-1.38338,0
0.574388,1.99603,-1.37184,0
0.574475,1.99456,-1.35805,0
0.574562,1.99218,-1.34374,0
0.57465,1.9947,-1.33281,0
0.574737,1.98965,-1.31692,0
0.574824,1.99454,-1.30768,0
0.574911,1.98933,-1.29188,0
0.574999,1.9899,-1.27995,0
0.575086,1.99125,-1.26856,0
0.575173,1.99423,-1.25826,0
0.575261,1.99037,-1.24372,0
0.575348,1.99578,-1.23502,0
0.575435,1.99603,-1.22317,0
0.575522,1.99451,-1.2103,0
0.57561,2.00063,-1.2021,0
0.575697,1.98781,-1.18262,0
0.575784,1.99726,-1.17647,0
0.575871,1.98855,-1.15969,0
0.575959,1.99532,-1.152,0
0.576046,1.99165,-1.13832,0
0.576133,1.98789,-1.1247,0
0.57622,1.99191,-1.11552,0
0.576308,1.98714,-1.10149,0
0.576395,1.98929,-1.09136,0
0.576482,1.99228,-1.08172,0
0.57657,1.98905,-1.06876,0
0.576657,1.9831,-1.05443,0
0.576744,1.98857,-1.04624,0
0.576831,1.98247,-1.03201,0
0.576919,1.98695,-1.02335,0
0.577006,1.99051,-1.01421,0
0.577093,1.98241,-0.999219,0
0.57718,1.97333,-0.983866,0
0.577268,1.98837,-0.980554,0
0.577355,1.98903,-0.970115,0
0.577442,1.99054,-0.960124,0
0.577529,1.98388,-0.946263,0
0.577617,1.9889,-0.938025,0
0.577704,1.98753,-0.926802,0
0.577791,1.99065,-0.917702,0
0.577879,1.98554,-0.904861,0
0.577966,1.98491,-0.894135,0
0.578053,1.98787,-0.885059,0
0.57814,1.97982,-0.871141,0
0.578228,1.9891,-0.864887,0
0.578315,1.98183,-0.851463,0
0.578402,1.98645,-0.843198,0
0.578489,1.98458,-0.832202,0
0.578577,1.99004,-0.8243,0
0.578664,1.99176,-0.814852,0
0.578751,1.98139,-0.800534,0
0.578838,1.98765,-0.792993,0
0.578926,1.98272,-0.781014,0
0.579013,1.98052,-0.770181,0
0.5791,1.99693,-0.766549,0
0.579188,1.98716,-0.752868,0
0.579275,1.98387,-0.741739,0
0.579362,1.98427,-0.732038,0
0.579449,1.98933,-0.724057,0
0.579537,1.99341,-0.715708,0
0.579624,1.99086,-0.705,0
0.579711,1.98448,-0.69301,0
0.579798,1.98748,-0.684344,0
0.579886,1.98192,-0.672773,0
0.579973,1.99527,-0.667609,0
0.58006,1.98867,-0.655765,0
0.580147,1.98771,-0.645846,0
0.580235,1.98003,-0.633813,0
0.580322,1.97706,-0.623363,0
0.580409,1.98358,-0.615917,0
0.580497,1.99198,-0.60901,0
0.580584,1.99654,-0.600889,0
0.580671,1.98667,-0.58848,0
0.580758,1.9969,-0.582044,0
0.580846,1.98789,-0.570018,0
0.580933,1.99036,-0.561339,0
0.58102,1.99279,-0.552649,0
0.581107,1.98457,-0.541055,0
0.581195,1.99174,-0.533685,0
0.581282,1.98438,-0.522443,0
0.581369,2.00213,-0.517786,0
0.581456,1.99759,-0.507322,0
0.581544,1.99008,-0.496182,0
0.581631,1.98057,-0.484642,0
0.581718,1.98169,-0.475762,0
0.581806,1.98375,-0.46711,0
0.581893,1.97895,-0.456876,0
0.58198,1.99067,-0.450443,0
0.582067,1.9809,-0.439156,0
0.582155,1.99355,-0.432842,0
0.582242,1.98368,-0.421645,0
0.582329,1.99334,-0.414615,0
0.582416,1.97847,-0.402524,0
0.582504,1.98511,-0.394863,0
0.582591,1.97602,-0.384099,0
0.582678,1.98553,-0.376965,0
0.582765,1.98126,-0.367205,0
0.582853,1.97595,-0.357311,0
0.58294,1.98242,-0.349554,0
0.583027,1.98195,-0.340562,0
0.583115,1.98539,-0.332241,0
0.583202,1.97695,-0.321967,0
0.583289,1.97735,-0.313182,0
0.583376,1.97771,-0.304399,0
0.583464,1.97309,-0.29488,0
0.583551,1.98227,-0.287416,0
0.583638,1.97856,-0.278068,0
0.583725,1.9748,-0.268758,0
0.583813,1.97793,-0.2604,0
0.5839,1.98401,-0.252398,0
0.583987,1.98013,-0.243129,0
0.584074,1.97819,-0.234135,0
0.584162,1.98118,-0.225727,0
0.584249,1.97221,-0.215992,0
0.584336,1.98109,-0.208221,0
0.584424,1.977,-0.199074,0
0.584511,1.96989,-0.189679,0
0.584598,1.97568,-0.181539,0
0.584685,1.98143,-0.173353,0
0.584773,1.98217,-0.164706,0
0.58486,1.9719,-0.155192,0
0.584947,1.97057,-0.146438,0
0.585034,1.96819,-0.13763,0
0.585122,1.96977,-0.129106,0
0.585209,1.9823,-0.121242,0
0.585296,1.97981,-0.112422,0
0.585383,1.97429,-0.103468,0
0.585471,1.96973,-0.0946129,0
0.585558,1.97512,-0.0862356,0
0.585645,1.96648,-0.0772634,0
0.585733,1.9688,-0.0687521,0
0.58582,1.97408,-0.0603136,0
0.585907,1.98332,-0.0519351,0
0.585994,1.97853,-0.0431717,0
0.586082,1.9827,-0.0346082,0
0.586169,1.98283,-0.0259567,0
0.586256,1.97292,-0.0172175,0
0.586343,1.96498,-0.00857395,0
0.586431,1.946,-4.71212e-08,0
0.586518,1.92798,0.00841241,0
0.586605,1.89093,0.0165018,0
0.586692,1.73785,0.0227497,0
0.58678,1.67075,0.0291629,0
0.586867,1.6766,0.0365835,0
0.586954,1.67643,0.0438987,0
0.587042,1.67722,0.0512436,0
0.587129,1.67798,0.0585962,0
0.587216,1.67371,0.0657602,0
0.587303,1.67041,0.0729316,0
0.587391,1.67207,0.0803153,0
0.587478,1.6767,0.087872,0
0.587565,1.66831,0.0947336,0
0.587652,1.66788,0.102012,0
0.58774,1.68239,0.11027,0
0.587827,1.68788,0.118028,0
0.587914,1.69533,0.125984,0
0.588001,1.68379,0.132517,0
0.588089,1.68519,0.140029,0
0.588176,1.68656,0.147555,0
0.588263,1.69287,0.155553,0
0.588351,1.69118,0.162842,0
0.588438,1.69244,0.17042,0
0.588525,1.69367,0.178012,0
0.588612,1.69685,0.185836,0
0.5887,1.69503,0.193125,0
0.588787,1.71801,0.20334,0
0.588874,1.80048,0.221071,0
0.588961,1.95127,0.248233,0
0.589049,1.97694,0.260269,0
0.589136,1.97876,0.269297,0
0.589223,1.98252,0.278625,0
0.58931,1.98425,0.287703,0
0.589398,1.98199,0.29621,0
0.589485,1.97376,0.30379,0
0.589572,1.97538,0.312869,0
0.58966,1.9888,0.323896,0
0.589747,1.98145,0.331581,0
0.589834,1.97111,0.338699,0
0.589921,1.97552,0.348338,0
0.590009,1.97694,0.357489,0
0.590096,1.97241,0.365564,0
0.590183,1.97669,0.375286,0
0.59027,1.97405,0.383717,0
0.590358,1.97922,0.393692,0
0.590445,1.98141,0.403122,0
0.590532,1.97767,0.411356,0
0.590619,1.97879,0.420605,0
0.590707,1.9828,0.430508,0
0.590794,1.98188,0.439372,0
0.590881,1.97409,0.446692,0
0.590968,1.97602,0.456201,0
0.591056,1.97109,0.464131,0
0.591143,1.97197,0.473427,0
0.59123,1.97377,0.482978,0
0.591318,1.97261,0.491827,0
0.591405,1.98498,0.504122,0
0.591492,1.97309,0.510274,0
0.591579,1.96987,0.518624,0
0.591667,1.97628,0.529544,0
0.591754,1.97781,0.539214,0
0.591841,1.97641,0.548106,0
0.591928,1.9663,0.554553,0
0.592016,1.97059,0.565057,0
0.592103,1.97194,0.574769,0
0.59219,1.97325,0.584504,0
0.592277,1.98026,0.59599,0
0.592365,1.99007,0.608425,0
0.592452,1.98453,0.616213,0
0.592539,1.97515,0.622762,0
0.592627,1.97146,0.631069,0
0.592714,1.9801,0.643373,0
0.592801,1.97632,0.651694,0
0.592888,1.97536,0.660946,0
0.592976,1.9734,0.66988,0
0.593063,1.98181,0.682391,0
0.59315,1.98353,0.69268,0
0.593237,1.97578,0.699659,0
0.593325,1.98494,0.712666,0
0.593412,1.97993,0.720636,0
0.593499,1.97771,0.729615,0
0.593586,1.97919,0.739988,0
0.593674,1.97781,0.749326,0
0.593761,1.97359,0.75759,0
0.593848,1.97679,0.768731,0
0.593936,1.97714,0.778815,0
0.594023,1.97558,0.788176,0
0.59411,1.97305,0.797163,0
0.594197,1.96862,0.805386,0
0.594285,1.96879,0.815498,0
0.594372,1.97628,0.828721,0
0.594459,1.97724,0.83929,0
0.594546,1.97448,0.848304,0
0.594634,1.9836,0.862494,0
0.594721,1.97524,0.869127,0
0.594808,1.98239,0.882618,0
0.594895,1.97761,0.890849,0
0.594983,1.98008,0.902372,0
0.59507,1.97612,0.911004,0
0.595157,1.97666,0.92173,0
0.595245,1.97714,0.932479,0
0.595332,1.97756,0.94325,0
0.595419,1.97523,0.952738,0
0.595506,1.97465,0.963101,0
0.595594,1.97312,0.973035,0
0.595681,1.97244,0.98342,0
0.595768,1.96813,0.992017,0
0.595855,1.97714,1.0074,0
0.595943,1.97273,1.01602,0
0.59603,1.97626,1.02878,0
0.596117,1.97795,1.04065,0
0.596204,1.97692,1.05115,0
0.596292,1.98289,1.06544,0
0.596379,1.97734,1.07361,0
0.596466,1.97176,1.08174,0
0.596554,1.97752,1.09615,0
0.596641,1.97882,1.10819,0
0.596728,1.9731,1.11632,0
0.596815,1.96994,1.12592,0
0.596903,1.97021,1.1375,0
0.59699,1.97127,1.14961,0
0.597077,1.96538,1.15769,0
0.597164,1.96976,1.17188,0
0.597252,1.96634,1.1815,0
0.597339,1.95946,1.18903,0
0.597426,1.96619,1.20488,0
0.597513,1.97112,1.21976,0
0.597601,1.97426,1.23365,0
0.597688,1.96632,1.24065,0
0.597775,1.97354,1.25728,0
0.597863,1.9756,1.27075,0
0.59795,1.97507,1.28262,0
0.598037,1.96778,1.29013,0
0.598124,1.96964,1.30368,0
0.598212,1.97474,1.31948,0
0.598299,1.96814,1.32752,0
0.598386,1.97224,1.34285,0
0.598473,1.96719,1.35201,0
0.598561,1.9736,1.36913,0
0.598648,1.96924,1.37888,0
0.598735,1.96729,1.39034,0
0.598822,1.96609,1.4024,0
0.59891,1.96239,1.41272,0
0.598997,1.95782,1.42244,0
0.599084,1.96531,1.44102,0
0.599172,1.96302,1.45256,0
0.599259,1.95987,1.4635,0
0.599346,1.96784,1.48287,0
0.599433,1.97408,1.50113,0
0.599521,1.97307,1.51399,0
0.599608,1.96803,1.52381,0
0.599695,1.97318,1.54162,0
0.599782,1.97821,1.5595,0
0.59987,1.9753,1.57123,0
0.599957,1.96843,1.57983,0
0.600044,1.97939,1.60288,0
0.600131,1.97702,1.6153,0
0.600219,1.97304,1.62645,0
0.600306,1.97285,1.6408,0
0.600393,1.96873,1.65196,0
0.600481,1.97219,1.66958,0
0.600568,1.96793,1.68077,0
0.600655,1.96967,1.69718,0
0.600742,1.96904,1.71166,0
0.60083,1.96832,1.72617,0
0.600917,1.96975,1.74269,0
0.601004,1.96885,1.75726,0
0.601091,1.96785,1.77186,0
0.601179,1.96676,1.78648,0
0.601266,1.96779,1.80315,0
0.601353,1.97459,1.8253,0
0.60144,1.96661,1.83389,0
0.601528,1.98335,1.86575,0
0.601615,1.97592,1.87508,0
0.601702,1.96989,1.88576,0
0.60179,1.97099,1.90336,0
0.601877,1.97055,1.91962,0
0.601964,1.96857,1.93451,0
0.602051,1.95727,1.94026,0
0.602139,1.96434,1.96434,0
0.602226,1.96561,1.98284,0
0.602313,1.96815,2.00281,0
0.6024,1.96498,2.01711,0
0.602488,1.96797,2.03789,0
0.602575,1.97012,2.05801,0
0.602662,1.96319,2.06877,0
0.602749,1.9651,2.08897,0
0.602837,1.96552,2.10776,0
0.602924,1.97056,2.13174,0
0.603011,1.96529,2.14474,0
0.603099,1.97003,2.16884,0
0.603186,1.96457,2.18187,0
0.603273,1.96568,2.20236,0
0.60336,1.96864,2.22515,0
0.603448,1.97804,2.25552,0
0.603535,2.00623,2.3079,0
0.603622,2.03204,2.3583,0
0.603709,2.03342,2.38083,0
0.603797,2.05532,2.42784,0
0.603884,2.06271,2.45824,0
0.603971,2.04812,2.4626,0
0.604058,2.03163,2.46457,0
0.604146,2.0139,2.46489,0
0.604233,2.00124,2.47132,0
0.60432,1.99607,2.48705,0
0.604408,2.00014,2.51452,0
0.604495,2.04115,2.58919,0
0.604582,2.05138,2.62565,0
0.604669,2.06256,2.66383,0
0.604757,2.04726,2.66805,0
0.604844,2.03137,2.67138,0
0.604931,2.0209,2.68182,0
0.605018,1.999,2.67699,0
0.605106,1.99147,2.69131,0
0.605193,2.01991,2.75481,0
0.60528,2.03491,2.80082,0
0.605367,2.05013,2.84781,0
0.605455,2.05801,2.88523,0
0.605542,2.03963,2.88601,0
0.605629,2.02014,2.88505,0
0.605717,1.99955,2.88234,0
0.605804,1.99545,2.9034,0
0.605891,1.9912,2.92447,0
0.605978,1.98178,2.93811,0
0.606066,1.97339,2.95338,0
0.606153,1.97042,2.97697,0
0.60624,1.97605,3.01398,0
0.606327,1.97105,3.03515,0
0.606415,1.9778,3.07484,0
0.606502,1.97296,3.09693,0
0.606589,1.98078,3.13934,0
0.606676,1.96971,3.15219,0
0.606764,1.9733,3.18882,0
0.606851,1.97139,3.21701,0
0.606938,1.97289,3.25123,0
0.607026,1.97826,3.29238,0
0.607113,1.97973,3.32762,0
0.6072,1.97635,3.35518,0
0.607287,1.96018,3.36118,0
0.607375,1.945,3.36884,0
0.607462,1.91937,3.35819,0
0.607549,1.90272,3.36305,0
0.607636,1.87826,3.35387,0
0.607724,1.867,3.36816,0
0.607811,1.84267,3.35874,0
0.607898,1.82322,3.35796,0
0.607985,1.80571,3.3606,0
0.608073,1.78493,3.35697,0
0.60816,1.7684,3.36118,0
0.608247,1.75095,3.36355,0
0.608335,1.72939,3.35782,0
0.608422,1.70564,3.34751,0
0.608509,1.68517,3.34331,0
0.608596,1.6719,3.35332,0
0.608684,1.65549,3.35699,0
0.608771,1.65003,3.38306,0
0.608858,1.64003,3.40014,0
0.608945,1.63465,3.42712,0
0.609033,1.62779,3.4514,0
0.60912,1.6237,3.48203,0
0.609207,1.62566,3.52632,0
0.609294,1.64592,3.61164,0
0.609382,1.7242,3.82758,0
0.609469,1.75792,3.94834,0
0.609556,1.76524,4.01181,0
0.609644,1.76845,4.06716,0
0.609731,1.76608,4.11067,0
0.609818,1.77548,4.18277,0
0.609905,1.78738,4.26241,0
0.609993,1.78139,4.30066,0
0.61008,1.78798,4.3704,0
0.610167,1.78388,4.41525,0
0.610254,1.77756,4.4555,0
0.610342,1.77607,4.5088,0
0.610429,1.78175,4.58175,0
0.610516,1.78109,4.63989,0
0.610603,1.7796,4.69718,0
0.610691,1.77835,4.75642,0
0.610778,1.77558,4.81292,0
0.610865,1.77166,4.86761,0
0.610953,1.77474,4.94306,0
0.61104,1.77285,5.00637,0
0.611127,1.76813,5.06315,0
0.611214,1.76946,5.13889,0
0.611302,1.14625,3.37675,0
0.611389,1.12738,3.36939,0
0.611476,1.10923,3.36383,0
0.611563,1.09238,3.36198,0
0.611651,1.07465,3.3572,0
0.611738,1.0642,3.3752,0
0.611825,1.05628,3.40178,0
0.611912,1.04318,3.4121,0
0.612,1.03664,3.44438,0
0.612087,1.76288,5.95139,0
0.612174,1.75789,6.03103,0
0.612262,1.75691,6.12708,0
0.612349,1.75948,6.23863,0
0.612436,1.7464,6.29732,0
0.612523,1.72049,6.31067,0
0.612611,1.68647,6.29397,0
0.612698,1.66077,6.30804,0
0.612785,1.64149,6.34718,0
0.612872,1.6219,6.38626,0
0.61296,1.59959,6.4156,0
0.613047,1.57301,6.42834,0
0.613134,1.91915,7.99385,0
0.613221,1.91543,8.13453,0
0.613309,1.92108,8.32112,0
0.613396,1.91124,8.44646,0
0.613483,1.91614,8.64315,0
0.613571,1.91257,8.80876,0
0.613658,1.91196,8.99505,0
0.613745,1.90629,9.16484,0
0.613832,1.90257,9.35142,0
0.61392,1.89686,9.53617,0
0.614181,1.192,6.43147,0
0.614269,1.15895,6.40906,0
0.614356,1.12507,6.38057,0
0.614443,1.07994,6.28489,0
0.61453,1.05086,6.27968,0
0.614618,1.02232,6.2773,0
0.614705,0.99508,6.28269,0
0.614792,0.965527,6.27313,0
0.61488,0.938738,6.28124,0
0.614967,0.910891,6.28231,0
0.615054,0.880827,6.26741,0
0.615141,0.854685,6.28011,0
0.615229,0.825709,6.27188,0
0.615316,0.79884,6.27939,0
0.615403,0.770824,6.27785,0
0.61549,0.743542,6.28215,0
0.615578,0.714426,6.27043,0
0.615665,0.687168,6.27448,0
0.615752,0.659784,6.27742,0
0.615839,0.632788,6.28422,0
0.615927,0.604404,6.27697,0
0.616014,0.57646,6.27357,0
0.616101,0.549081,6.27603,0
0.616189,0.520864,6.2684,0
0.616276,0.493273,6.26762,0
0.616363,0.465698,6.26672,0
0.61645,0.438489,6.27069,0
0.616538,0.410863,6.26855,0
0.616625,0.383141,6.26429,0
0.616712,0.355691,6.26391,0
0.616799,0.328827,6.27439,0
0.616887,0.301015,6.26678,0
0.616974,0.273843,6.27202,0
0.617061,0.24667,6.27816,0
0.617148,0.21896,6.27018,0
0.617236,0.191477,6.26708,0
0.617323,0.164104,6.26685,0
0.61741,0.13667,6.26351,0
0.617498,0.109479,6.27204,0
0.617585,0.0819804,6.26246,0
0.617672,0.0546196,6.25876,0
0.617759,0.0273538,6.26894,0
0.617847,2.27535e-07,6.254,0
0.617934,-0.027301,6.25694,0
0.618021,-0.0546453,6.26176,0
0.618108,-0.0819406,6.25946,0
0.618196,-0.109182,6.25505,0
0.618283,-0.136234,6.24351,0
0.61837,-0.163737,6.25286,0
0.618457,-0.191476,6.26708,0
0.618545,-0.218506,6.25719,0
0.618632,-0.245688,6.25318,0
0.618719,-0.273144,6.25604,0
0.618806,-0.300631,6.25878,0
0.618894,-0.327361,6.24643,0
0.618981,-0.35501,6.25193,0
0.619068,-0.382225,6.24932,0
0.619156,-0.40962,6.24959,0
0.619243,-0.437791,6.26071,0
0.61933,-0.464882,6.25575,0
0.619417,-0.491938,6.25067,0
0.619505,-0.51987,6.25644,0
0.619592,-0.546292,6.24415,0
0.619679,-0.573532,6.24171,0
0.619766,-0.600186,6.23317,0
0.619854,-0.62888,6.24542,0
0.619941,-0.656229,6.24361,0
0.620028,-0.684664,6.25162,0
0.620115,-0.711935,6.24857,0
0.620203,-0.739545,6.24839,0
0.62029,-0.766924,6.24609,0
0.620377,-0.79316,6.23475,0
0.620465,-0.822054,6.24412,0
0.620552,-0.849696,6.24345,0
0.620639,-0.877625,6.24463,0
0.620726,-0.904721,6.23975,0
0.620814,-0.931938,6.23574,0
0.620901,-0.962941,6.25633,0
0.620988,-0.987414,6.23429,0
0.621075,-1.01605,6.2388,0
0.621163,-1.03716,6.19782,0
0.62125,-1.06876,6.21984,0
0.621337,-1.09659,6.21906,0
0.621424,-1.12354,6.21323,0
0.621512,-1.14918,6.20041,0
0.621599,-1.15869,6.10298,0
0.621686,-1.16317,5.984,0
0.621774,-1.14733,5.768,0
0.621861,-1.15434,5.67376,0
0.621948,-1.14202,5.49049,0
0.622035,-1.14227,5.37394,0
0.622123,-1.13812,5.24187,0
0.62221,-1.13696,5.12848,0
0.622297,-1.13814,5.02984,0
0.622384,-1.13623,4.92154,0
0.622472,-1.13752,4.83088,0
0.622559,-1.13548,4.72961,0
0.622646,-1.13471,4.63719,0
0.622733,-0.59924,2.40342,0
0.622821,-0.608983,2.39788,0
0.622908,-0.610927,2.36228,0
0.622995,-0.61741,2.34509,0
0.623083,-0.623754,2.32788,0
0.62317,-0.628381,2.30488,0
0.623257,-0.633889,2.28573,0
0.623344,-0.639242,2.26658,0
0.623432,-0.651882,2.27338,0
0.623519,-0.659557,2.26284,0
0.623606,-0.67056,2.26377,0
0.623693,-0.685907,2.27902,0
0.623781,-0.698768,2.28557,0
0.623868,-0.698059,2.24812,0
0.623955,-0.697036,2.21072,0
0.624042,-0.698139,2.18099,0
0.62413,-0.698996,2.15129,0
0.624217,-0.7018,2.12828,0
0.624304,-0.697118,2.08347,0
0.624392,-0.700417,2.06336,0
0.624479,-0.697041,2.02436,0
0.624566,-0.697296,1.99675,0
0.624653,-0.696655,1.96729,0
0.624741,-0.694757,1.93506,0
0.624828,-0.697379,1.91603,0
0.624915,-0.705733,1.91297,0
0.625002,-0.70882,1.89582,0
0.62509,-0.712834,1.88149,0
0.625177,-0.720678,1.87743,0
0.625264,-0.725963,1.86681,0
0.625351,-0.732636,1.8599,0
0.625439,-0.733704,1.83904,0
0.625526,-0.743219,1.83953,0
0.625613,-0.749724,1.83257,0
0.625701,-0.759627,1.8339,0
0.625788,-0.766074,1.82688,0
0.625875,-0.776383,1.82904,0
0.625962,-0.789488,1.83758,0
0.62605,-0.797498,1.83412,0
0.626137,-0.80791,1.83611,0
0.626224,-0.817134,1.83531,0
0.626311,-0.827188,1.83629,0
0.626399,-0.837266,1.83721,0
0.626486,-0.851135,1.84626,0
0.626573,-0.864254,1.8534,0
0.62666,-0.875319,1.85594,0
0.626748,-0.899768,1.8864,0
0.626835,-0.920155,1.90768,0
0.626922,-0.929347,1.90544,0
0.62701,-0.942075,1.91034,0
0.627097,-0.976727,1.95901,0
0.627184,-1.09149,2.16547,0
0.627271,-1.09911,2.15713,0
0.627359,-1.09798,2.13186,0
0.627446,-1.09896,2.11109,0
0.627533,-1.09699,2.08503,0
0.62762,-1.09856,2.0661,0
0.627708,-1.09715,2.0419,0
0.627795,-1.09985,2.02567,0
0.627882,-1.09954,2.0042,0
0.627969,-1.09615,1.97752,0
0.628057,-1.09549,1.95614,0
0.628144,-1.09663,1.93828,0
0.628231,-1.09465,1.91525,0
0.628319,-1.0975,1.90093,0
0.628406,-1.09269,1.87366,0
0.628493,-1.09375,1.85681,0
0.62858,-1.09519,1.84085,0
0.628668,-1.08931,1.81291,0
0.628755,-0.791129,1.30374,0
0.628842,-0.690743,1.12719,0
0.628929,-0.7046,1.13862,0
0.629017,-0.691015,1.10585,0
0.629104,-0.687829,1.09014,0
0.629191,-0.683445,1.07279,0
0.629278,-0.68271,1.06139,0
0.629366,-0.681343,1.04918,0
0.629453,-0.68756,1.0487,0
0.62954,-0.68109,1.02902,0
0.629628,-0.0544459,0.081484,0
0.629715,-0.0548009,0.0812457,0
0.629802,-0.0579689,0.0851387,0
0.629889,-0.0651367,0.0947745,0
0.629977,-0.0547197,0.0788781,0
0.630064,-0.0705499,0.100756,0
0.630151,-0.0617545,0.0873806,0
0.630238,-0.0725879,0.101764,0
0.630326,-0.0671887,0.093331,0
0.630413,-0.0652442,0.0898009,0
0.6305,-0.0597223,0.0814509,0
0.630587,-0.0588875,0.0795818,0
0.630675,-0.0586358,0.0785229,0
0.630762,-0.0619869,0.0822595,0
0.630849,-0.0544765,0.0716402,0
0.630937,-0.0572236,0.0745752,0
0.631024,-0.0593851,0.0766969,0
0.631111,-0.0572565,0.073285,0
0.631198,-0.0507657,0.064396,0
0.631286,-0.0498012,0.0626087,0
0.631373,-0.065722,0.0818879,0
0.63146,-0.0604148,0.074606,0
0.631547,-0.0607397,0.0743417,0
0.631635,-0.0642439,0.0779341,0
0.631722,-0.0773721,0.0930299,0
0.631809,-0.0617076,0.0735403,0
0.631896,-0.0594434,0.0702174,0
0.631984,-0.0649448,0.0760406,0
0.632071,-0.0580956,0.0674233,0
0.632158,-0.0629817,0.0724521,0
0.632246,-0.0560444,0.0639064,0
0.632333,-0.0709003,0.0801383,0
0.63242,-0.0592635,0.0663991,0
0.632507,-0.0649057,0.0720851,0
0.632595,-0.0551341,0.0606979,0
0.632682,-0.0608031,0.066355,0
0.632769,-0.0434432,0.0469966,0
0.632856,-0.0484219,0.0519261,0
0.632944,-0.0554998,0.0589981,0
0.633031,-0.042678,0.0449732,0
0.633118,-0.0428738,0.0447866,0
0.633205,-0.0395955,0.0410024,0
0.633293,-0.0314006,0.0322336,0
0.63338,-0.0322418,0.0328095,0
0.633467,-0.0323847,0.0326685,0
0.633555,-0.0544472,0.0544472,0
