7200
3077
2.67035
2.68624,-0.0245318,-0.0249638,0
2.68632,-0.0704768,-0.0723465,0
2.68641,-0.0694658,-0.071934,0
2.6865,-0.0857476,-0.0895731,0
2.68659,-0.125281,-0.132018,0
2.68667,-0.143203,-0.15223,0
2.68676,-0.285757,-0.306437,0
2.68685,-0.196852,-0.212954,0
2.68693,-0.208757,-0.227819,0
2.68702,-0.220536,-0.242792,0
2.68711,-0.2081,-0.231118,0
2.6872,-0.217077,-0.243215,0
2.68728,-0.229929,-0.259888,0
2.68737,-0.226156,-0.257881,0
2.68746,-0.231589,-0.266412,0
2.68755,-0.231077,-0.268178,0
2.68763,-0.222111,-0.260059,0
2.68772,-0.219682,-0.259499,0
2.68781,-0.221762,-0.264285,0
2.68789,-0.229559,-0.276014,0
2.68798,-0.235985,-0.286273,0
2.68807,-0.227141,-0.278007,0
2.68816,-0.223409,-0.275887,0
2.68824,-0.217195,-0.27062,0
2.68833,-0.206675,-0.259826,0
2.68842,-0.203682,-0.258369,0
2.68851,-0.222869,-0.28526,0
2.68859,-0.214888,-0.277532,0
2.68868,-0.219154,-0.285607,0
2.68877,-0.213063,-0.280193,0
2.68885,-0.218459,-0.289905,0
2.68894,-0.226765,-0.303675,0
2.68903,-0.226033,-0.305466,0
2.68912,-0.211098,-0.287901,0
2.6892,-0.223946,-0.308235,0
2.68929,-0.219678,-0.305152,0
2.68938,-0.217183,-0.304479,0
2.68947,-0.210658,-0.298074,0
2.68955,-0.220827,-0.315374,0
2.68964,-0.224579,-0.323729,0
2.68973,-0.225996,-0.328826,0
2.68981,-0.217806,-0.31989,0
2.6899,-0.232065,-0.344051,0
2.68999,-0.211672,-0.31679,0
2.69008,-0.220223,-0.33272,0
2.69016,-0.217672,-0.332006,0
2.69025,-0.227659,-0.350564,0
2.69034,-0.225586,-0.350713,0
2.69042,-0.229427,-0.360128,0
2.69051,-0.218248,-0.345903,0
2.6906,-0.225216,-0.36042,0
2.69069,-0.216274,-0.349495,0
2.69077,-0.227287,-0.370898,0
2.69086,-0.228779,-0.377016,0
2.69095,-0.229707,-0.382297,0
2.69104,-0.229059,-0.385014,0
2.69112,-0.229915,-0.390318,0
2.69121,-0.230225,-0.394773,0
2.6913,-0.231,-0.400104,0
2.69138,-0.227763,-0.398503,0
2.69147,-0.226022,-0.399493,0
2.69156,-0.225743,-0.403093,0
2.69165,-0.234163,-0.422441,0
2.69173,-0.228951,-0.417322,0
2.69182,-0.230945,-0.425347,0
2.69191,-0.226247,-0.421066,0
2.692,-0.223938,-0.421166,0
2.69208,-0.223029,-0.423909,0
2.69217,-0.226257,-0.434635,0
2.69226,-0.221153,-0.429395,0
2.69234,-0.219277,-0.430356,0
2.69243,-0.224149,-0.444704,0
2.69252,-0.224438,-0.450152,0
2.69261,-0.224683,-0.455611,0
2.69269,-0.218747,-0.448498,0
2.69278,-0.215919,-0.447647,0
2.69287,-0.224727,-0.47115,0
2.69296,-0.21627,-0.458559,0
2.69304,-0.220184,-0.472186,0
2.69313,-0.230682,-0.500387,0
2.69322,-0.234716,-0.515038,0
2.6933,-0.22877,-0.507851,0
2.69339,-0.23062,-0.51798,0
2.69348,-0.222316,-0.505252,0
2.69357,-0.215723,-0.49613,0
2.69365,-0.216714,-0.504416,0
2.69374,-0.210995,-0.497073,0
2.69383,-0.216171,-0.51551,0
2.69392,-0.216982,-0.52384,0
2.694,-0.218102,-0.533111,0
2.69409,-0.214275,-0.530349,0
2.69418,-0.216406,-0.542425,0
2.69426,-0.217702,-0.552668,0
2.69435,-0.215651,-0.554545,0
2.69444,-0.215738,-0.562015,0
2.69453,-0.2147,-0.566692,0
2.69461,-0.206973,-0.553573,0
2.6947,-0.207324,-0.561977,0
2.69479,-0.21171,-0.58167,0
2.69488,-0.210184,-0.585411,0
2.69496,-0.215639,-0.608946,0
2.69505,-0.21331,-0.610826,0
2.69514,-0.213898,-0.621206,0
2.69522,-0.213114,-0.627815,0
2.69531,-0.215133,-0.642963,0
2.6954,-0.211699,-0.641997,0
2.69549,-0.214767,-0.660984,0
2.69557,-0.213405,-0.666677,0
2.69566,-0.21711,-0.688584,0
2.69575,-0.224482,-0.72295,0
2.69584,-0.209338,-0.684714,0
2.69592,-0.206637,-0.686579,0
2.69601,-0.613473,-2.07105,0
2.6961,-0.604151,-2.07275,0
2.69618,-0.591242,-2.06191,0
2.69627,-0.584683,-2.07313,0
2.69636,-0.573761,-2.06891,0
2.69645,-0.564465,-2.07043,0
2.69653,-0.55439,-2.06901,0
2.69662,-0.546885,-2.07721,0
2.69671,-0.534561,-2.067,0
2.6968,-0.526276,-2.07222,0
2.69688,-0.516987,-2.07352,0
2.69697,-0.507459,-2.07382,0
2.69706,-0.495605,-2.06434,0
2.69714,-0.486363,-2.06551,0
2.69723,-0.477346,-2.06761,0
2.69732,-0.467879,-2.06773,0
2.69741,-0.459285,-2.0717,0
2.69749,-0.449817,-2.07173,0
2.69758,-0.439525,-2.0678,0
2.69767,-0.431721,-2.07558,0
2.69776,-0.420068,-2.0647,0
2.69784,-0.410665,-2.06455,0
2.69793,-0.402607,-2.07123,0
2.69802,-0.393752,-2.07395,0
2.6981,-0.38397,-2.07172,0
2.69819,-0.374037,-2.06845,0
2.69828,-0.362925,-2.05825,0
2.69837,-0.356311,-2.07361,0
2.69845,-0.34693,-2.07317,0
2.69854,-0.336434,-2.06578,0
2.69863,-0.326322,-2.06032,0
2.69872,-0.317025,-2.05975,0
2.6988,-0.307887,-2.06012,0
2.69889,-0.298752,-2.06045,0
2.69898,-0.28948,-2.05976,0
2.69906,-0.28022,-2.05902,0
2.69915,-0.271625,-2.0632,0
2.69924,-0.261484,-2.05543,0
2.69933,-0.253001,-2.06053,0
2.69941,-0.243185,-2.05466,0
2.6995,-0.235123,-2.06365,0
2.69959,-0.226008,-2.06366,0
2.69968,-0.216374,-2.05866,0
2.69976,-0.20799,-2.06555,0
2.69985,-0.198113,-2.05748,0
2.69994,-0.1895,-2.06231,0
2.70002,-0.180325,-2.06113,0
2.70011,-0.171496,-2.06389,0
2.7002,-0.16241,-2.06362,0
2.70029,-0.15333,-2.06331,0
2.70037,-0.144187,-2.06196,0
2.70046,-0.135123,-2.06158,0
2.70055,-0.126065,-2.06115,0
2.70064,-0.116504,-2.05169,0
2.70072,-0.108074,-2.06217,0
2.70081,-0.0989309,-2.05963,0
2.7009,-0.0897251,-2.05504,0
2.70098,-0.0806004,-2.05142,0
2.70107,-0.0720675,-2.06374,0
2.70116,-0.0626956,-2.05204,0
2.70125,-0.0538984,-2.05829,0
2.70133,-0.0447642,-2.05151,0
2.70142,-0.0359171,-2.05769,0
2.70151,-0.0269122,-2.05582,0
2.7016,-0.0179941,-2.06192,0
2.70168,-0.0089579,-2.05298,0
2.70177,-2.48759e-08,-2.065,0
2.70186,0.00896221,-2.05398,0
2.70194,0.0180377,-2.06692,0
2.70203,0.0269515,-2.05882,0
2.70212,0.0360566,-2.06569,0
2.70221,0.0449823,-2.06151,0
2.70229,0.0537413,-2.0523,0
2.70238,0.0629704,-2.06104,0
2.70247,0.0714741,-2.04675,0
2.70255,0.0805611,-2.05042,0
2.70264,0.0896378,-2.05304,0
2.70273,0.0984991,-2.05064,0
2.70282,0.107969,-2.06017,0
2.7029,0.116844,-2.05769,0
2.70299,0.125638,-2.05416,0
2.70308,0.134927,-2.05858,0
2.70317,0.143629,-2.05398,0
2.70325,0.153256,-2.06231,0
2.70334,0.161312,-2.04966,0
2.70343,0.170419,-2.05093,0
2.70351,0.179715,-2.05415,0
2.7036,0.188219,-2.04837,0
2.70369,0.197921,-2.05549,0
2.70378,0.206087,-2.04665,0
2.70386,0.215538,-2.0507,0
2.70395,0.225572,-2.05968,0
2.70404,0.233991,-2.05371,0
2.70413,0.242009,-2.04473,0
2.70421,0.252026,-2.05259,0
2.7043,0.260348,-2.04651,0
2.70439,0.271625,-2.0632,0
2.70447,0.278737,-2.04812,0
2.70456,0.288506,-2.05283,0
2.70465,0.297891,-2.05452,0
2.70474,0.306261,-2.04924,0
2.70482,0.3152,-2.04789,0
2.70491,0.324758,-2.05044,0
2.705,0.332416,-2.04111,0
2.70509,0.343959,-2.05542,0
2.70517,0.353094,-2.05488,0
2.70526,0.360841,-2.04643,0
2.70535,0.370656,-2.04976,0
2.70543,0.379779,-2.0491,0
2.70552,0.390581,-2.05725,0
2.70561,0.398982,-2.05258,0
2.7057,0.407934,-2.05082,0
2.70578,0.414685,-2.03824,0
2.70587,0.425815,-2.04718,0
2.70596,0.435367,-2.04824,0
2.70605,0.445149,-2.05023,0
2.70613,0.453874,-2.04729,0
2.70622,0.465009,-2.05505,0
2.70631,0.473072,-2.0491,0
2.70639,0.485446,-2.06162,0
2.70648,0.490936,-2.04489,0
2.70657,0.50128,-2.04856,0
2.70666,0.513116,-2.058,0
2.70674,0.518645,-2.04217,0
2.70683,0.529804,-2.0486,0
2.70692,0.537719,-2.0424,0
2.70701,0.546108,-2.0381,0
2.70709,0.55973,-2.05307,0
2.70718,0.569485,-2.0535,0
2.70727,0.57844,-2.05099,0
2.70735,0.586005,-2.04364,0
2.70744,0.597435,-2.04971,0
2.70753,0.607225,-2.04996,0
2.70762,0.614723,-2.0425,0
2.7077,0.625383,-2.04554,0
2.70779,0.633413,-2.03992,0
2.70788,0.643811,-2.04191,0
2.70797,0.655763,-2.0486,0
2.70805,0.663768,-2.04287,0
2.70814,0.672989,-2.0409,0
2.70823,0.686013,-2.05028,0
2.70831,0.692059,-2.03874,0
2.7084,0.703227,-2.04232,0
2.70849,0.713121,-2.04206,0
2.70858,0.725696,-2.0493,0
2.70866,0.733279,-2.04235,0
2.70875,0.746288,-2.05041,0
2.70884,0.752458,-2.03963,0
2.70893,0.767304,-2.05225,0
2.70901,0.771646,-2.03672,0
2.7091,0.786618,-2.04921,0
2.70919,0.794464,-2.04296,0
2.70927,0.803737,-2.04041,0
2.70936,0.814485,-2.04152,0
2.70945,0.827131,-2.04722,0
2.70954,0.838328,-2.04915,0
2.70962,0.844582,-2.039,0
2.70971,0.857338,-2.04452,0
2.7098,0.865079,-2.038,0
2.70989,0.877121,-2.04155,0
2.70997,0.882033,-2.02854,0
2.71006,0.899333,-2.04389,0
2.71015,0.90987,-2.0436,0
2.71023,0.917546,-2.03688,0
2.71032,0.928498,-2.0374,0
2.71041,0.938635,-2.03606,0
2.7105,0.950891,-2.03919,0
2.71058,0.95978,-2.03502,0
2.71067,0.973816,-2.04165,0
2.71076,0.98315,-2.03828,0
2.71085,0.997733,-2.04566,0
2.71093,1.00842,-2.04487,0
2.71102,1.01867,-2.04314,0
2.71111,1.02487,-2.03331,0
2.71119,1.03918,-2.03951,0
2.71128,1.0499,-2.03852,0
2.71137,1.0611,-2.03835,0
2.71146,1.07324,-2.0399,0
2.71154,1.08119,-2.03343,0
2.71163,1.09242,-2.0331,0
2.71172,1.10987,-2.04413,0
2.71181,1.1183,-2.03839,0
2.71189,1.133,-2.04399,0
2.71198,1.14191,-2.03902,0
2.71207,1.15276,-2.0375,0
2.71215,1.16313,-2.03506,0
2.71224,1.1765,-2.03776,0
2.71233,1.18236,-2.02742,0
2.71242,1.20185,-2.04034,0
2.7125,1.21279,-2.03851,0
2.71259,1.2227,-2.03492,0
2.71268,1.23468,-2.03469,0
2.71277,1.24825,-2.03696,0
2.71285,1.26291,-2.04085,0
2.71294,1.26969,-2.03192,0
2.71303,1.28548,-2.03736,0
2.71311,1.29704,-2.03595,0
2.7132,1.30429,-2.02775,0
2.71329,1.31585,-2.02623,0
2.71338,1.32961,-2.02799,0
2.71346,1.34452,-2.03135,0
2.71355,1.35892,-2.03377,0
2.71364,1.37394,-2.03695,0
2.71373,1.38731,-2.03754,0
2.71381,1.40016,-2.03724,0
2.7139,1.41359,-2.03768,0
2.71399,1.42304,-2.03232,0
2.71407,1.43594,-2.0318,0
2.71416,1.45118,-2.03447,0
2.71425,1.46355,-2.03299,0
2.71434,1.48063,-2.03791,0
2.71442,1.48655,-2.0274,0
2.71451,1.49955,-2.02652,0
2.7146,1.52214,-2.03839,0
2.71469,1.52921,-2.02933,0
2.71477,1.53866,-2.02344,0
2.71486,1.55843,-2.03098,0
2.71495,1.57095,-2.02891,0
2.71503,1.58841,-2.03307,0
2.71512,1.59788,-2.0269,0
2.71521,1.61729,-2.03322,0
2.7153,1.62678,-2.02692,0
2.71538,1.64441,-2.03068,0
2.71547,1.65326,-2.02349,0
2.71556,1.67352,-2.03014,0
2.71564,1.68684,-2.0282,0
2.71573,1.69503,-2.02006,0
2.71582,1.71869,-2.0302,0
2.71591,1.73338,-2.02952,0
2.71599,1.74874,-2.02952,0
2.71608,1.76283,-2.0279,0
2.71617,1.77562,-2.0247,0
2.71626,1.78775,-2.02068,0
2.71634,1.80521,-2.02256,0
2.71643,1.81803,-2.01912,0
2.71652,1.84632,-2.03264,0
2.7166,1.85787,-2.02751,0
2.71669,1.87417,-2.02746,0
2.71678,1.89118,-2.02804,0
2.71687,1.91098,-2.03143,0
2.71695,1.91913,-2.02234,0
2.71704,1.93693,-2.02334,0
2.71713,1.95616,-2.02566,0
2.71722,1.96986,-2.02212,0
2.7173,1.98988,-2.02492,0
2.71739,2.00785,-2.02545,0
2.71748,2.02162,-2.02162,0
2.71756,2.03326,-2.01559,0
2.71765,2.03134,-1.99619,0
2.71774,2.0343,-1.98172,0
2.71783,2.03501,-1.96519,0
2.71791,2.02695,-1.94039,0
2.718,2.02379,-1.92051,0
2.71809,2.03216,-1.91166,0
2.71818,2.02292,-1.88641,0
2.71826,2.02746,-1.87417,0
2.71835,2.02751,-1.85787,0
2.71844,2.02598,-1.84027,0
2.71852,2.03176,-1.8294,0
2.71861,2.02555,-1.80787,0
2.7187,2.01993,-1.78709,0
2.71879,2.02245,-1.77364,0
2.71887,2.02187,-1.75758,0
2.71896,2.02497,-1.74483,0
2.71905,2.02116,-1.72623,0
2.71914,2.02333,-1.71287,0
2.71922,2.02236,-1.69696,0
2.71931,2.01975,-1.67981,0
2.7194,2.02088,-1.66589,0
2.71948,2.0111,-1.64314,0
2.71957,2.01125,-1.62868,0
2.71966,2.01834,-1.61989,0
2.71975,2.01756,-1.60484,0
2.71983,2.01984,-1.59231,0
2.71992,2.0181,-1.57671,0
2.72001,2.02417,-1.56728,0
2.7201,2.01829,-1.54869,0
2.72018,2.01787,-1.53442,0
2.72027,2.01655,-1.51958,0
2.72036,2.01515,-1.50479,0
2.72044,2.01366,-1.49003,0
2.72053,2.01127,-1.47473,0
2.72062,2.0185,-1.46652,0
2.72071,2.01676,-1.45186,0
2.72079,2.01249,-1.4355,0
2.72088,2.01302,-1.42266,0
2.72097,2.01184,-1.4087,0
2.72106,2.00893,-1.39364,0
2.72114,2.01169,-1.3826,0
2.72123,2.01192,-1.36987,0
2.72132,2.00544,-1.35269,0
2.7214,2.00218,-1.33781,0
2.72149,2.00466,-1.32686,0
2.72158,2.00541,-1.31481,0
2.72167,1.99939,-1.29842,0
2.72175,1.99999,-1.28644,0
2.72184,1.99715,-1.27233,0
2.72193,2.0103,-1.2684,0
2.72202,2.00139,-1.25061,0
2.7221,2.00003,-1.23766,0
2.72219,2.002,-1.22683,0
2.72228,2.00049,-1.21393,0
2.72236,2.00234,-1.20313,0
2.72245,2.01015,-1.19591,0
2.72254,2.00329,-1.18003,0
2.72263,2.00669,-1.17027,0
2.72271,2.00312,-1.1565,0
2.7228,2.00728,-1.14725,0
2.72289,2.00008,-1.13159,0
2.72298,1.98929,-1.11406,0
2.72306,1.99851,-1.10779,0
2.72315,1.99543,-1.09473,0
2.72324,1.99931,-1.08554,0
2.72332,1.99962,-1.07444,0
2.72341,2.00076,-1.06382,0
2.7235,1.99211,-1.0481,0
2.72359,2.0011,-1.0417,0
2.72367,1.99673,-1.02838,0
2.72376,1.99585,-1.01694,0
2.72385,1.99134,-1.00372,0
2.72394,1.99839,-0.99636,0
2.72402,1.99734,-0.984977,0
2.72411,2.00161,-0.976253,0
2.7242,2.00495,-0.967075,0
2.72428,2.00193,-0.954874,0
2.72437,1.99342,-0.940158,0
2.72446,1.99025,-0.92807,0
2.72455,1.99337,-0.918958,0
2.72463,1.99646,-0.909837,0
2.72472,2.00132,-0.901528,0
2.72481,1.99062,-0.886279,0
2.7249,1.99904,-0.879599,0
2.72498,2.00194,-0.870469,0
2.72507,2.00664,-0.862121,0
2.72516,1.9975,-0.847887,0
2.72524,2.00486,-0.84071,0
2.72533,1.99466,-0.826214,0
2.72542,1.99547,-0.816366,0
2.72551,1.99808,-0.807277,0
2.72559,2.00066,-0.798181,0
2.72568,1.99295,-0.785046,0
2.72577,1.98704,-0.772718,0
2.72586,1.98386,-0.761532,0
2.72594,1.98436,-0.751806,0
2.72603,1.99511,-0.745942,0
2.72612,1.9899,-0.734114,0
2.7262,1.99309,-0.725425,0
2.72629,1.99435,-0.716046,0
2.72638,1.9984,-0.707671,0
2.72647,1.99108,-0.695318,0
2.72655,1.99504,-0.686949,0
2.72664,1.99329,-0.67663,0
2.72673,1.99432,-0.667292,0
2.72682,1.98297,-0.653886,0
2.7269,1.98676,-0.645537,0
2.72699,1.9886,-0.636557,0
2.72708,1.99041,-0.627573,0
2.72716,1.98931,-0.617696,0
2.72725,1.98529,-0.606964,0
2.72734,1.99175,-0.599448,0
2.72743,1.98572,-0.588196,0
2.72751,1.99306,-0.580925,0
2.7276,1.98501,-0.569191,0
2.72769,1.98651,-0.560253,0
2.72777,1.98219,-0.549709,0
2.72786,1.99518,-0.543949,0
2.72795,1.98594,-0.532132,0
2.72804,1.99405,-0.524989,0
2.72812,1.98761,-0.51403,0
2.72821,1.98208,-0.503384,0
2.7283,1.98425,-0.49473,0
2.72839,1.98251,-0.485117,0
2.72847,1.98169,-0.475762,0
2.72856,1.98667,-0.467798,0
2.72865,1.98966,-0.45935,0
2.72873,1.97994,-0.448016,0
2.72882,1.98188,-0.439372,0
2.72891,1.97205,-0.428175,0
2.729,1.97879,-0.420605,0
2.72908,1.97082,-0.409931,0
2.72917,1.96377,-0.399533,0
2.72926,1.96451,-0.390766,0
2.72935,1.94755,-0.378565,0
2.72943,1.84504,-0.350292,0
2.72952,1.7148,-0.317819,0
2.72961,1.70534,-0.308376,0
2.72969,1.69781,-0.299369,0
2.72978,1.7129,-0.294329,0
2.72987,1.70529,-0.285367,0
2.72996,1.70059,-0.276959,0
2.73004,1.69487,-0.268442,0
2.73013,1.69801,-0.261348,0
2.73022,1.70704,-0.255119,0
2.73031,1.70121,-0.246664,0
2.73039,1.70128,-0.239099,0
2.73048,1.69934,-0.231269,0
2.73057,1.69438,-0.223069,0
2.73065,1.6874,-0.214664,0
2.73074,1.69924,-0.20864,0
2.73083,1.70113,-0.201342,0
2.73092,1.70199,-0.193917,0
2.731,1.6899,-0.185074,0
2.73109,1.69864,-0.178535,0
2.73118,1.68946,-0.170119,0
2.73127,1.69317,-0.163034,0
2.73135,1.68988,-0.155278,0
2.73144,1.69353,-0.148165,0
2.73153,1.69416,-0.140774,0
2.73161,1.68579,-0.132674,0
2.7317,1.69233,-0.125762,0
2.73179,1.68987,-0.118168,0
2.73188,1.68838,-0.110662,0
2.73196,1.67786,-0.102623,0
2.73205,1.68329,-0.0955841,0
2.73214,1.68269,-0.0881861,0
2.73223,1.68705,-0.0810351,0
2.73231,1.67341,-0.0730625,0
2.7324,1.69169,-0.0664669,0
2.73249,1.69297,-0.0591198,0
2.73257,1.7122,-0.0523125,0
2.73266,1.78939,-0.0468568,0
2.73275,1.93554,-0.0422337,0
2.73284,1.9767,-0.0345035,0
2.73292,1.97083,-0.0257996,0
2.73301,1.98192,-0.017296,0
2.7331,1.97498,-0.00861758,0
2.73319,1.979,-4.79203e-08,0
2.73327,1.97498,0.00861749,0
2.73336,1.97992,0.0172785,0
2.73345,1.98583,0.0259959,0
2.73353,1.9807,0.0345732,0
2.73362,1.97753,0.0431498,0
2.73371,1.97332,0.0516732,0
2.7338,1.97108,0.0602219,0
2.73388,1.9738,0.0689265,0
2.73397,1.97847,0.0777344,0
2.73406,1.97412,0.0861919,0
2.73415,1.97572,0.0949007,0
2.73423,1.97129,0.103311,0
2.73432,1.98081,0.112478,0
2.73441,1.97032,0.12051,0
2.73449,1.97975,0.12976,0
2.73458,1.96121,0.137141,0
2.73467,1.94763,0.144734,0
2.73476,1.76155,0.138637,0
2.73484,1.70014,0.141271,0
2.73493,1.69353,0.148165,0
2.73502,1.68191,0.154546,0
2.73511,1.69217,0.162938,0
2.73519,1.68647,0.169819,0
2.73528,1.68671,0.17728,0
2.73537,1.6889,0.184965,0
2.73545,1.69305,0.192898,0
2.73554,1.69517,0.200636,0
2.73563,1.68534,0.206934,0
2.73572,1.68839,0.214791,0
2.7358,1.6914,0.222678,0
2.73589,1.68943,0.229921,0
2.73598,1.69435,0.238125,0
2.73607,1.68933,0.244942,0
2.73615,1.69913,0.253937,0
2.73624,1.68812,0.259827,0
2.73633,1.685,0.266877,0
2.73641,1.68875,0.27503,0
2.7365,1.68852,0.282561,0
2.73659,1.69614,0.29145,0
2.73668,1.68304,0.296765,0
2.73676,1.68665,0.304995,0
2.73685,1.67743,0.310894,0
2.73694,1.68392,0.319702,0
2.73703,1.69331,0.329145,0
2.73711,1.69284,0.336726,0
2.7372,1.67861,0.341517,0
2.73729,1.70256,0.354133,0
2.73737,1.81838,0.386508,0
2.73746,1.94958,0.423294,0
2.73755,1.95259,0.432879,0
2.73764,1.96336,0.444264,0
2.73772,1.9653,0.453726,0
2.73781,1.97791,0.465735,0
2.7379,1.97197,0.473427,0
2.73799,1.97474,0.483215,0
2.73807,1.96873,0.490859,0
2.73816,1.97045,0.50043,0
2.73825,1.97405,0.510525,0
2.73833,1.96891,0.518369,0
2.73842,1.9618,0.525661,0
2.73851,1.97588,0.538688,0
2.7386,1.97448,0.547571,0
2.73868,1.97111,0.55591,0
2.73877,1.96674,0.563954,0
2.73886,1.97002,0.574209,0
2.73895,1.97133,0.583935,0
2.73903,1.96781,0.592243,0
2.73912,1.96903,0.601993,0
2.73921,1.96257,0.609393,0
2.73929,1.9761,0.623062,0
2.73938,1.96955,0.630459,0
2.73947,1.96678,0.639047,0
2.73956,1.96493,0.647936,0
2.73964,1.96872,0.658724,0
2.73973,1.96961,0.668594,0
2.73982,1.97613,0.680437,0
2.73991,1.96843,0.687405,0
2.73999,1.95787,0.693317,0
2.74008,1.96329,0.704894,0
2.74017,1.9696,0.716874,0
2.74025,1.97302,0.727884,0
2.74034,1.9642,0.734385,0
2.74043,1.96378,0.744011,0
2.74052,1.97079,0.756515,0
2.7406,1.96654,0.764744,0
2.74069,1.97062,0.77625,0
2.74078,1.96629,0.78447,0
2.74086,1.96285,0.793042,0
2.74095,1.96122,0.802356,0
2.74104,1.97063,0.816264,0
2.74113,1.96798,0.825241,0
2.74121,1.97724,0.83929,0
2.7413,1.96713,0.845147,0
2.74139,1.97718,0.859703,0
2.74148,1.967,0.865503,0
2.74156,1.95956,0.87245,0
2.74165,1.96485,0.885099,0
2.74174,1.97098,0.898225,0
2.74182,1.96976,0.908073,0
2.74191,1.9685,0.917927,0
2.742,1.97171,0.92992,0
2.74209,1.96583,0.937653,0
2.74217,1.97613,0.953173,0
2.74226,1.96836,0.960033,0
2.74235,1.96864,0.970824,0
2.74244,1.96349,0.978958,0
2.74252,1.97527,0.995618,0
2.74261,1.96645,1.00196,0
2.7427,1.96384,1.01144,0
2.74278,1.96828,1.02462,0
2.74287,1.96202,1.03227,0
2.74296,1.96014,1.04223,0
2.74305,1.95998,1.05314,0
2.74313,1.96152,1.06502,0
2.74322,1.96737,1.07934,0
2.74331,1.96265,1.08791,0
2.7434,1.96573,1.10086,0
2.74348,1.97397,1.11682,0
2.74357,1.96039,1.12046,0
2.74366,1.95895,1.131,0
2.74374,1.96695,1.14709,0
2.74383,1.96021,1.15465,0
2.74392,1.95945,1.16575,0
2.74401,1.96034,1.17789,0
2.74409,1.96715,1.1937,0
2.74418,1.96363,1.20331,0
2.74427,1.96942,1.21871,0
2.74436,1.96493,1.22782,0
2.74444,1.96209,1.23799,0
2.74453,1.96679,1.25298,0
2.74462,1.96467,1.26372,0
2.7447,1.96249,1.27446,0
2.74479,1.95775,1.28355,0
2.74488,1.95713,1.2954,0
2.74497,1.96892,1.31559,0
2.74505,1.9557,1.31914,0
2.74514,1.95736,1.33272,0
2.74523,1.96224,1.34861,0
2.74532,1.96867,1.36571,0
2.7454,1.95859,1.37142,0
2.74549,1.95994,1.38515,0
2.74558,1.9669,1.40298,0
2.74566,1.96726,1.41622,0
2.74575,1.96348,1.42655,0
2.74584,1.96772,1.4428,0
2.74593,1.96382,1.45315,0
2.74601,1.95826,1.46231,0
2.7461,1.95506,1.47324,0
2.74619,1.96931,1.4975,0
2.74628,1.96355,1.50668,0
2.74636,1.95933,1.51707,0
2.74645,1.95899,1.53053,0
2.74654,1.95858,1.54402,0
2.74662,1.96826,1.56562,0
2.74671,1.96063,1.57357,0
2.7468,1.96229,1.58903,0
2.74689,1.96076,1.60201,0
2.74697,1.95993,1.61564,0
2.74706,1.95516,1.62609,0
2.74715,1.95341,1.63911,0
2.74724,1.95998,1.65925,0
2.74732,1.95957,1.67363,0
2.74741,1.95755,1.68673,0
2.7475,1.95394,1.69854,0
2.74758,1.95704,1.71628,0
2.74767,1.94504,1.72082,0
2.74776,1.95169,1.74195,0
2.74785,1.95447,1.75981,0
2.74793,1.95418,1.77505,0
2.74802,1.95452,1.79099,0
2.74811,1.95697,1.809,0
2.7482,1.95857,1.82639,0
2.74828,1.95422,1.83835,0
2.74837,1.95271,1.85305,0
2.74846,1.95255,1.86916,0
2.74854,1.95589,1.88878,0
2.74863,1.9641,1.91334,0
2.74872,1.96001,1.9261,0
2.74881,1.95798,1.94097,0
2.74889,1.95939,1.95939,0
2.74898,1.95716,1.97432,0
2.74907,1.95764,1.99211,0
2.74916,1.95451,2.00636,0
2.74924,1.95824,2.02782,0
2.74933,1.95491,2.04212,0
2.74942,1.96319,2.06877,0
2.7495,1.96031,2.08387,0
2.74959,1.96211,2.1041,0
2.74968,1.95834,2.11852,0
2.74977,1.95178,2.12999,0
2.74985,1.93709,2.13257,0
2.74994,1.91371,2.12539,0
2.75003,1.90242,2.13149,0
2.75012,1.88449,2.13003,0
2.7502,1.86463,2.1262,0
2.75029,1.84615,2.12375,0
2.75038,1.83425,2.12876,0
2.75046,1.81456,2.12457,0
2.75055,1.80333,2.13018,0
2.75064,1.79016,2.13343,0
2.75073,1.77125,2.12969,0
2.75081,1.74794,2.12042,0
2.7509,1.73804,2.12726,0
2.75099,1.72056,2.12472,0
2.75108,1.70126,2.11973,0
2.75116,1.68888,2.12322,0
2.75125,1.67589,2.12585,0
2.75134,1.65921,2.12369,0
2.75142,1.64258,2.12142,0
2.75151,1.62905,2.12301,0
2.7516,1.61553,2.12453,0
2.75169,1.60324,2.12756,0
2.75177,1.58795,2.12653,0
2.75186,1.56795,2.11897,0
2.75195,1.55751,2.12418,0
2.75204,1.54529,2.12691,0
2.75212,1.52781,2.12227,0
2.75221,1.50983,2.1167,0
2.7523,1.49885,2.12082,0
2.75238,1.4827,2.11751,0
2.75247,1.46432,2.11081,0
2.75256,1.45566,2.118,0
2.75265,1.44247,2.11855,0
2.75273,1.4293,2.11902,0
2.75282,1.41893,2.12357,0
2.75291,1.39916,2.1139,0
2.75299,1.38883,2.11831,0
2.75308,1.37576,2.11848,0
2.75317,1.35947,2.11353,0
2.75326,1.3497,2.1186,0
2.75334,1.33244,2.11178,0
2.75343,1.31685,2.1074,0
2.75352,1.30817,2.11398,0
2.75361,1.29789,2.11796,0
2.75369,1.28448,2.11676,0
2.75378,1.27266,2.11806,0
2.75387,1.25471,2.10898,0
2.75395,1.24144,2.10754,0
2.75404,1.22669,2.10344,0
2.75413,1.221,2.11483,0
2.75422,1.20729,2.11233,0
2.7543,1.19167,2.10626,0
2.75439,1.18393,2.11406,0
2.75448,1.16645,2.10433,0
2.75457,1.15966,2.11379,0
2.75465,1.14566,2.11004,0
2.75474,1.13123,2.10533,0
2.75483,1.12016,2.10671,0
2.75491,1.11096,2.11158,0
2.755,1.0985,2.1102,0
2.75509,1.08653,2.10964,0
2.75518,1.07641,2.11258,0
2.75526,1.06223,2.10743,0
2.75535,1.05213,2.11026,0
2.75544,1.03849,2.10586,0
2.75553,1.02798,2.10767,0
2.75561,1.01573,2.10583,0
2.7557,1.00481,2.10663,0
2.75579,0.992199,2.10376,0
2.75587,0.986391,2.11532,0
2.75596,0.969197,2.10235,0
2.75605,0.957527,2.1011,0
2.75614,0.938493,2.08338,0
2.75622,0.778901,1.74944,0
2.75631,0.819187,1.86174,0
2.7564,0.74925,1.72316,0
2.75649,0.727908,1.69425,0
2.75657,0.717773,1.69097,0
2.75666,0.713482,1.70146,0
2.75675,0.709878,1.7138,0
2.75683,0.70618,1.72613,0
2.75692,0.697518,1.72642,0
2.75701,0.689237,1.72759,0
2.7571,0.678394,1.7222,0
2.75718,0.672685,1.72981,0
2.75727,0.663339,1.72806,0
2.75736,0.65473,1.72813,0
2.75745,0.643331,1.72067,0
2.75753,0.634086,1.71877,0
2.75762,0.629317,1.72903,0
2.75771,0.621767,1.73176,0
2.75779,0.611534,1.72692,0
2.75788,0.601686,1.72296,0
2.75797,0.59286,1.72179,0
2.75806,0.584056,1.72057,0
2.75814,0.574004,1.71552,0
2.75823,0.565574,1.71516,0
2.75832,0.557158,1.71475,0
2.75841,0.549061,1.71526,0
2.75849,0.538263,1.70715,0
2.75858,0.530809,1.70949,0
2.75867,0.52393,1.7137,0
2.75875,0.520483,1.72937,0
2.75884,0.509808,1.72108,0
2.75893,0.502013,1.72233,0
2.75902,0.492288,1.71681,0
2.7591,0.486964,1.72664,0
2.75919,0.477822,1.72297,0
2.75928,0.471089,1.72793,0
2.75937,0.461992,1.72418,0
2.75945,0.453955,1.72424,0
2.75954,0.444675,1.71943,0
2.75963,0.43643,1.71845,0
2.75971,0.430863,1.7281,0
2.7598,0.419753,1.71539,0
2.75989,0.413665,1.72304,0
2.75998,0.404997,1.71996,0
2.76006,0.397938,1.72366,0
2.76015,0.387765,1.71368,0
2.76024,0.3818,1.72219,0
2.76033,0.373221,1.71895,0
2.76041,0.36343,1.7098,0
2.7605,0.356577,1.71431,0
2.76059,0.345106,1.69625,0
2.76067,0.341603,1.71736,0
2.76076,0.333916,1.71785,0
2.76085,0.32679,1.72125,0
2.76094,0.319459,1.72365,0
2.76102,0.310334,1.71617,0
2.76111,0.303884,1.72341,0
2.7612,0.297039,1.72867,0
2.76129,0.287678,1.7191,0
2.76137,0.280014,1.71935,0
2.76146,0.272822,1.72253,0
2.76155,0.265912,1.72766,0
2.76163,0.257188,1.72089,0
2.76172,0.250251,1.72595,0
2.76181,0.24244,1.72505,0
2.7619,0.234641,1.72411,0
2.76198,0.226463,1.72016,0
2.76207,0.219081,1.72212,0
2.76216,0.209737,1.70817,0
2.76225,0.202752,1.71304,0
2.76233,0.197426,1.73279,0
2.76242,0.187795,1.71475,0
2.76251,0.181252,1.7245,0
2.76259,0.173426,1.72229,0
2.76268,0.165717,1.72104,0
2.76277,0.157749,1.71677,0
2.76286,0.150954,1.72541,0
2.76294,0.142844,1.71908,0
2.76303,0.135185,1.71769,0
2.76312,0.127318,1.71328,0
2.76321,0.120539,1.72379,0
2.76329,0.112755,1.72031,0
2.76338,0.104698,1.7118,0
2.76347,0.0971148,1.71025,0
2.76355,0.0895992,1.70965,0
2.76364,0.0825224,1.71802,0
2.76373,0.0743711,1.70338,0
2.76382,0.0671344,1.70868,0
2.7639,0.0594688,1.70296,0
2.76399,0.0524042,1.7152,0
2.76408,0.0448674,1.71341,0
2.76417,0.0371944,1.70459,0
2.76425,0.0298611,1.71074,0
2.76434,0.022344,1.70685,0
2.76443,0.0148788,1.70494,0
2.76451,0.00737842,1.69098,0
2.7646,6.17045e-08,1.696,0
2.76469,-0.0074132,1.69898,0
2.76478,-0.0148001,1.69594,0
2.76486,-0.0221868,1.69485,0
2.76495,-0.0294771,1.68874,0
2.76504,-0.0367798,1.6856,0
2.76513,-0.0441866,1.68742,0
2.76521,-0.0518543,1.69721,0
2.7653,-0.0590848,1.69197,0
2.76539,-0.066192,1.6847,0
2.76547,-0.0738912,1.69239,0
2.76556,-0.0817547,1.70204,0
2.76565,-0.0892851,1.70366,0
2.76574,-0.0967178,1.70326,0
2.76582,-0.104332,1.70581,0
2.76591,-0.112297,1.71332,0
2.766,-0.119632,1.71082,0
2.76608,-0.126429,1.70131,0
2.76617,-0.13393,1.70174,0
2.76626,-0.141022,1.69715,0
2.76635,-0.146945,1.67958,0
2.76643,-0.15418,1.67793,0
2.76652,-0.1615,1.67724,0
2.76661,-0.169518,1.68349,0
2.7667,-0.176653,1.68074,0
2.76678,-0.18257,1.66703,0
2.76687,-0.190181,1.6692,0
2.76696,-0.197228,1.66637,0
2.76704,-0.204253,1.66351,0
2.76713,-0.213655,1.67946,0
2.76722,-0.220328,1.67356,0
2.76731,-0.227493,1.67159,0
2.76739,-0.235063,1.67256,0
2.76748,-0.241785,1.66756,0
2.76757,-0.248763,1.66451,0
2.76766,-0.256936,1.66934,0
2.76774,-0.265,1.67314,0
2.76783,-0.271333,1.66605,0
2.76792,-0.279756,1.67175,0
2.768,-0.286539,1.66756,0
2.76809,-0.295202,1.67417,0
2.76818,-0.302504,1.67287,0
2.76827,-0.31144,1.68038,0
2.76835,-0.316718,1.6682,0
2.76844,-0.32323,1.66288,0
2.76853,-0.328727,1.65262,0
2.76862,-0.335935,1.65117,0
2.7687,-0.344765,1.65752,0
2.76879,-0.351371,1.65307,0
2.76888,-0.359005,1.65348,0
2.76896,-0.366649,1.65385,0
2.76905,-0.373861,1.65223,0
2.76914,-0.381742,1.65351,0
2.76923,-0.388265,1.6489,0
2.76931,-0.397324,1.65497,0
2.7694,-0.406443,1.661,0
2.76949,-0.411993,1.65241,0
2.76958,-0.419445,1.65157,0
2.76966,-0.427399,1.65263,0
2.76975,-0.435115,1.65268,0
2.76984,-0.441545,1.64787,0
2.76992,-0.448994,1.64689,0
2.77001,-0.455107,1.64106,0
2.7701,-0.461177,1.63521,0
2.77019,-0.458936,1.6005,0
2.77027,-0.431776,1.48136,0
2.77036,-0.41381,1.397,0
2.77045,-0.409527,1.36071,0
2.77054,-0.406689,1.33022,0
2.77062,-0.408634,1.31602,0
2.77071,-0.411065,1.30373,0
2.7708,-0.415225,1.29716,0
2.77088,-0.423044,1.302,0
2.77097,-0.427155,1.29539,0
2.77106,-0.43439,1.29826,0
2.77115,-0.443586,1.30676,0
2.77123,-0.457098,1.32751,0
2.77132,-0.473436,1.35571,0
2.77141,-0.553786,1.56384,0
2.7715,-0.544384,1.51623,0
2.77158,-0.539708,1.48283,0
2.77167,-0.538212,1.45889,0
2.77176,-0.542821,1.45184,0
2.77184,-0.547734,1.44572,0
2.77193,-0.540419,1.40784,0
2.77202,-0.333081,0.856515,0
2.77211,-0.295766,0.750847,0
2.77219,-0.300522,0.753265,0
2.77228,-0.292942,0.725058,0
2.77237,-0.297239,0.726549,0
2.77246,-0.300789,0.726169,0
2.77254,-0.308982,0.736839,0
2.77263,-0.301254,0.709709,0
2.77272,-0.304742,0.709307,0
2.7728,-0.309031,0.710722,0
2.77289,-0.315753,0.717604,0
2.77298,-0.316034,0.709825,0
2.77307,-0.326932,0.725763,0
2.77315,-0.326778,0.717049,0
2.77324,-0.330323,0.716525,0
2.77333,-0.328374,0.704201,0
2.77342,-0.325045,0.689195,0
2.7735,-0.326327,0.68416,0
2.77359,-0.329309,0.682729,0
2.77368,-0.327025,0.6705,0
2.77376,-0.326409,0.661892,0
2.77385,-0.324832,0.651512,0
2.77394,-0.325871,0.646517,0
2.77403,-0.320971,0.629942,0
2.77411,-0.311354,0.604532,0
2.7742,-0.306601,0.588975,0
2.77429,-0.308702,0.586747,0
2.77438,-0.318302,0.598638,0
2.77446,-0.328484,0.611338,0
2.77455,-0.324945,0.598474,0
2.77464,-0.327072,0.596174,0
2.77472,-0.325792,0.587744,0
2.77481,-0.324444,0.579337,0
2.7749,-0.319583,0.564861,0
2.77499,-0.324526,0.567802,0
2.77507,-0.3245,0.56205,0
2.77516,-0.321912,0.551991,0
2.77525,-0.32787,0.556612,0
2.77534,-0.318024,0.534551,0
2.77542,-0.321899,0.53573,0
2.77551,-0.320602,0.528336,0
2.7756,-0.317679,0.518405,0
2.77568,-0.323622,0.522967,0
2.77577,-0.322721,0.516461,0
2.77586,-0.32177,0.509974,0
2.77595,-0.319693,0.501818,0
2.77603,-0.315929,0.491167,0
2.77612,-0.314257,0.483913,0
2.77621,-0.322945,0.492573,0
2.7763,-0.312948,0.472813,0
2.77638,-0.310008,0.46396,0
2.77647,-0.310911,0.460945,0
2.77656,-0.318548,0.46785,0
2.77664,-0.318887,0.463983,0
2.77673,-0.320908,0.462587,0
2.77682,-0.315467,0.450534,0
2.77691,-0.322047,0.455686,0
2.77699,-0.312999,0.438808,0
2.77708,-0.319,0.443119,0
2.77717,-0.316228,0.435251,0
2.77726,-0.314577,0.429029,0
2.77734,-0.315851,0.426848,0
2.77743,-0.307539,0.411844,0
2.77752,-0.308731,0.4097,0
2.7776,-0.309305,0.406757,0
2.77769,-0.308033,0.401437,0
2.77778,-0.30917,0.399298,0
2.77787,-0.304752,0.390065,0
2.77795,-0.299641,0.380093,0
2.77804,-0.30192,0.379565,0
2.77813,-0.307328,0.382923,0
2.77821,-0.307738,0.380024,0
2.7783,-0.310658,0.380227,0
2.77839,-0.305954,0.371151,0
2.77848,-0.306931,0.369044,0
2.77856,-0.309824,0.369233,0
2.77865,-0.302386,0.357193,0
2.77874,-0.303292,0.35511,0
2.77883,-0.306797,0.356056,0
2.77891,-0.302443,0.347921,0
2.779,-0.363959,0.415016,0
2.77909,-0.300167,0.339277,0
2.77917,-0.36224,0.405855,0
2.77926,-0.297763,0.330699,0
2.77935,-0.0746327,0.0821642,0
2.77944,-0.310096,0.33841,0
2.77952,-0.23215,0.251138,0
2.77961,-0.300079,0.321796,0
2.7797,-0.198703,0.211228,0
2.77979,-0.0750306,0.0790658,0
2.77987,-0.0726089,0.0758482,0
2.77996,-0.0673819,0.069776,0
2.78005,-0.0621033,0.0637509,0
2.78013,-0.0679882,0.0691853,0
2.78022,-0.0682894,0.068888,0
2.78031,-0.039598,0.039598,0
