7200
999
0.855211
0.870919,-0.0304056,-0.0304056,0
0.871007,-0.0598413,-0.0603658,0
0.871094,-0.110043,-0.11198,0
0.871181,-0.147932,-0.151856,0
0.871268,-0.214649,-0.222276,0
0.871356,-0.110642,-0.115578,0
0.871443,-0.105318,-0.110982,0
0.87153,-0.119222,-0.126737,0
0.871617,-0.213465,-0.228914,0
0.871705,-0.236901,-0.256279,0
0.871792,-0.348605,-0.380435,0
0.871879,-0.359044,-0.395276,0
0.871966,-0.359323,-0.399069,0
0.872054,-0.286329,-0.320805,0
0.872141,-0.277638,-0.313812,0
0.872228,-0.276925,-0.315773,0
0.872316,-0.286042,-0.329053,0
0.872403,-0.282645,-0.328026,0
0.87249,-0.287705,-0.33686,0
0.872577,-0.288817,-0.341165,0
0.872665,-0.289254,-0.34472,0
0.872752,-0.292863,-0.35213,0
0.872839,-0.298321,-0.361892,0
0.872926,-0.294208,-0.360093,0
0.873014,-0.294522,-0.363704,0
0.873101,-0.297314,-0.370445,0
0.873188,-0.297562,-0.374087,0
0.873275,-0.303356,-0.384805,0
0.873363,-0.300443,-0.384549,0
0.87345,-0.304884,-0.393763,0
0.873537,-0.298902,-0.389536,0
0.873625,-0.29841,-0.392429,0
0.873712,-0.299704,-0.39772,0
0.873799,-0.298564,-0.399826,0
0.873886,-0.295627,-0.399517,0
0.873974,-0.29329,-0.399997,0
0.874061,-0.29448,-0.405318,0
0.874148,-0.305563,-0.424453,0
0.874235,-0.301385,-0.422526,0
0.874323,-0.300115,-0.424654,0
0.87441,-0.297113,-0.424321,0
0.874497,-0.304948,-0.439581,0
0.874584,-0.300195,-0.436787,0
0.874672,-0.29491,-0.433133,0
0.874759,-0.294135,-0.436074,0
0.874846,-0.298897,-0.447331,0
0.874934,-0.304117,-0.459471,0
0.875021,-0.299916,-0.457449,0
0.875108,-0.295739,-0.455398,0
0.875195,-0.298618,-0.464254,0
0.875283,-0.298201,-0.468082,0
0.87537,-0.299891,-0.475299,0
0.875457,-0.295695,-0.473211,0
0.875544,-0.300468,-0.485551,0
0.875632,-0.299914,-0.489415,0
0.875719,-0.303482,-0.500123,0
0.875806,-0.304388,-0.506586,0
0.875893,-0.302174,-0.507909,0
0.875981,-0.301985,-0.512669,0
0.876068,-0.300753,-0.51571,0
0.876155,-0.3035,-0.525677,0
0.876243,-0.304677,-0.533074,0
0.87633,-0.296439,-0.523954,0
0.876417,-0.299036,-0.533968,0
0.876504,-0.303976,-0.548387,0
0.876592,-0.299175,-0.545324,0
0.876679,-0.292021,-0.537836,0
0.876766,-0.296298,-0.551438,0
0.876853,-0.294828,-0.554491,0
0.876941,-0.297062,-0.564622,0
0.877028,-0.292287,-0.561478,0
0.877115,-0.301739,-0.585862,0
0.877202,-0.300542,-0.589846,0
0.87729,-0.295715,-0.586687,0
0.877377,-0.297168,-0.596026,0
0.877464,-0.300756,-0.609873,0
0.877552,-0.298531,-0.612079,0
0.877639,-0.296726,-0.615177,0
0.877726,-0.297914,-0.624589,0
0.877813,-0.302437,-0.641259,0
0.877901,-0.300482,-0.644385,0
0.877988,-0.301854,-0.654771,0
0.878075,-0.298579,-0.655172,0
0.878162,-0.300235,-0.666498,0
0.87825,-0.298138,-0.669629,0
0.878337,-0.298838,-0.679161,0
0.878424,-0.299859,-0.689629,0
0.878511,-0.299611,-0.697363,0
0.878599,-0.299691,-0.706027,0
0.878686,-0.299314,-0.713784,0
0.878773,-0.298876,-0.72155,0
0.878861,-0.301026,-0.735805,0
0.878948,-0.297438,-0.736184,0
0.879035,-0.298299,-0.747692,0
0.879122,-0.296866,-0.753638,0
0.87921,-0.295025,-0.758654,0
0.879297,-0.292428,-0.761802,0
0.879384,-0.288747,-0.762135,0
0.879471,-0.284368,-0.760578,0
0.879559,-0.280355,-0.759935,0
0.879646,-0.2743,-0.753633,0
0.879733,-0.271347,-0.755764,0
0.87982,-0.271719,-0.76731,0
0.879908,-0.268368,-0.768488,0
0.879995,-0.265013,-0.769652,0
0.880082,-0.270009,-0.795421,0
0.88017,-0.261459,-0.781419,0
0.880257,-0.253036,-0.767357,0
0.880344,-0.249377,-0.767503,0
0.880431,-0.255781,-0.79906,0
0.880519,-0.256502,-0.813521,0
0.880606,-0.260957,-0.840418,0
0.880693,-0.262842,-0.859718,0
0.88078,-0.262259,-0.87139,0
0.880868,-0.261294,-0.882114,0
0.880955,-0.256603,-0.880366,0
0.881042,-0.251657,-0.877632,0
0.881129,-0.251897,-0.893158,0
0.881217,-0.248264,-0.895213,0
0.881304,-0.241989,-0.887604,0
0.881391,-0.234749,-0.876095,0
0.881479,-0.238307,-0.905155,0
0.881566,-0.238863,-0.923613,0
0.881653,-0.248615,-0.978923,0
0.88174,-0.284258,-1.1401,0
0.881828,-0.277142,-1.13258,0
0.881915,-0.26356,-1.09781,0
0.882002,-0.241577,-1.02594,0
0.882089,-0.202006,-0.874984,0
0.882177,-0.192007,-0.848548,0
0.882264,-0.194146,-0.875738,0
0.882351,-0.205388,-0.94596,0
0.882438,-0.287542,-1.35278,0
0.882526,-0.275935,-1.32661,0
0.882613,-0.277919,-1.36602,0
0.8827,-0.263957,-1.327,0
0.882788,-0.269422,-1.38606,0
0.882875,-0.264305,-1.39213,0
0.882962,-0.260961,-1.40802,0
0.883049,-0.261399,-1.44556,0
0.883137,-0.262382,-1.48804,0
0.883224,-0.264016,-1.53648,0
0.883311,-0.26127,-1.56129,0
0.883398,-0.256706,-1.57623,0
0.883486,-0.248731,-1.57042,0
0.883573,-0.241572,-1.56952,0
0.88366,-0.235904,-1.57847,0
0.883747,-0.229588,-1.58344,0
0.883835,-0.222259,-1.58146,0
0.883922,-0.214952,-1.57944,0
0.884009,-0.20845,-1.58334,0
0.884097,-0.201035,-1.58026,0
0.884184,-0.193041,-1.57219,0
0.884271,-0.186414,-1.57501,0
0.884358,-0.179427,-1.57481,0
0.884446,-0.172989,-1.57956,0
0.884533,-0.166514,-1.58427,0
0.88462,-0.157896,-1.56807,0
0.884707,-0.152107,-1.57969,0
0.884795,-0.145213,-1.58034,0
0.884882,-0.136835,-1.56403,0
0.884969,-0.12976,-1.56162,0
0.885056,-0.124358,-1.58011,0
0.885144,-0.119018,-1.60158,0
0.885231,-0.113494,-1.62304,0
0.885318,-0.109746,-1.67441,0
0.885406,-0.10714,-1.75173,0
0.885493,-0.102614,-1.80709,0
0.88558,-0.0951991,-1.81651,0
0.885667,-0.0816588,-1.70004,0
0.885755,-0.0725391,-1.66142,0
0.885842,-0.0667417,-1.69869,0
0.885929,-0.0652272,-1.86786,0
0.886016,-0.0692308,-2.26594,0
0.886104,-0.0603641,-2.30521,0
0.886191,-0.0503052,-2.30545,0
0.886278,-0.0401231,-2.29865,0
0.886365,-0.0255116,-1.94883,0
0.886453,-0.0148526,-1.70194,0
0.88654,-0.00740456,-1.69698,0
0.886627,-2.04789e-08,-1.7,0
0.886715,0.00716453,-1.64198,0
0.886802,0.0143464,-1.64394,0
0.886889,0.0220429,-1.68386,0
0.886976,0.0291455,-1.66975,0
0.887064,0.0366708,-1.6806,0
0.887151,0.046307,-1.76839,0
0.887238,0.0532897,-1.74419,0
0.887325,0.0595734,-1.70596,0
0.887413,0.0662313,-1.6857,0
0.8875,0.0732806,-1.6784,0
0.887587,0.081131,-1.68905,0
0.887674,0.0886047,-1.69068,0
0.887762,0.0979084,-1.72422,0
0.887849,0.133452,-2.18192,0
0.887936,0.145914,-2.22622,0
0.888111,0.13095,-1.76214,0
0.888198,0.134479,-1.70872,0
0.888285,0.141105,-1.69815,0
0.888373,0.146596,-1.6756,0
0.88846,0.154638,-1.68291,0
0.888547,0.216228,-2.24561,0
0.888634,0.232336,-2.30733,0
0.888722,0.243238,-2.31425,0
0.888809,0.252136,-2.30223,0
0.888896,0.258443,-2.26832,0
0.888983,0.270101,-2.28207,0
0.889158,0.297325,-2.33716,0
0.889245,0.300993,-2.28627,0
0.889333,0.315281,-2.31664,0
0.88942,0.328031,-2.33406,0
0.889594,0.349421,-2.33803,0
0.889682,0.351405,-2.28312,0
0.889769,0.369185,-2.33094,0
0.889856,0.372923,-2.28983,0
0.889943,0.3806,-2.27437,0
0.890031,0.391705,-2.27959,0
0.890118,0.400259,-2.26998,0
0.890205,0.414786,-2.2938,0
0.890292,0.421511,-2.27427,0
0.89038,0.441129,-2.3235,0
0.890467,0.442104,-2.27443,0
0.890554,0.459438,-2.30975,0
0.890642,0.462534,-2.27343,0
0.890729,0.469191,-2.25572,0
0.890816,0.496493,-2.33582,0
0.890903,0.499254,-2.29942,0
0.890991,0.502789,-2.26794,0
0.891078,0.517094,-2.28523,0
0.891252,2.14027,-9.08942,0
0.89134,0.543227,-2.2627,0
0.891427,0.557849,-2.27974,0
0.891514,0.567065,-2.27437,0
0.891601,0.573291,-2.25734,0
0.891689,2.35007,-9.08703,0
0.891776,2.39529,-9.09797,0
0.891863,2.43368,-9.0826,0
0.89195,0.633116,-2.32224,0
0.892038,0.644579,-2.32428,0
0.892125,0.643857,-2.28294,0
0.8923,0.669911,-2.29836,0
0.892387,0.664312,-2.24268,0
0.892474,0.694553,-2.30775,0
0.892561,0.709294,-2.32,0
0.892649,1.346,-4.33484,0
0.892736,0.734023,-2.32802,0
0.892823,1.38744,-4.33435,0
0.89291,1.40325,-4.31875,0
0.892998,1.42677,-4.32683,0
0.893172,2.04371,-6.02058,0
0.893259,2.04978,-5.95298,0
0.893347,2.08925,-5.98269,0
0.893434,2.10933,-5.95655,0
0.893521,2.14746,-5.98117,0
0.893609,2.17114,-5.96517,0
0.893696,2.19369,-5.94626,0
0.893783,2.22767,-5.95817,0
0.89387,2.2625,-5.97177,0
0.893958,2.28424,-5.95064,0
0.894045,2.32432,-5.97697,0
0.894132,2.34854,-5.96212,0
0.894219,2.38861,-5.98711,0
0.894307,2.41247,-5.97106,0
0.894394,2.42979,-5.93919,0
0.894481,2.47252,-5.96919,0
0.894568,2.50241,-5.96756,0
0.894656,2.5292,-5.95843,0
0.894743,2.55794,-5.95377,0
0.89483,1.85737,-4.27167,0
0.894918,1.85948,-4.22599,0
0.895005,1.86692,-4.19317,0
0.895092,1.84988,-4.10658,0
0.895179,1.86031,-4.08209,0
0.895267,1.86011,-4.03488,0
0.895354,1.8629,-3.995,0
0.895441,1.86112,-3.94614,0
0.895528,1.85809,-3.89556,0
0.895616,1.85465,-3.84508,0
0.895703,1.85299,-3.7992,0
0.89579,1.85319,-3.7579,0
0.895877,1.86377,-3.73814,0
0.895965,1.85621,-3.68265,0
0.896052,1.85955,-3.64956,0
0.896139,1.85302,-3.59785,0
0.896227,1.85531,-3.56401,0
0.896314,1.85734,-3.53022,0
0.896401,1.85253,-3.48411,0
0.896488,1.85257,-3.44781,0
0.896576,1.85424,-3.41508,0
0.896663,1.85806,-3.3868,0
0.89675,1.85682,-3.34979,0
0.896837,1.85187,-3.30676,0
0.896925,1.85004,-3.26993,0
0.897012,1.85684,-3.2488,0
0.897099,1.8535,-3.21036,0
0.897186,1.84432,-3.1625,0
0.897274,1.8515,-3.14322,0
0.897361,1.84884,-3.10761,0
0.897448,1.84847,-3.07637,0
0.897536,1.38824,-2.28774,0
0.897623,1.39768,-2.28081,0
0.89771,1.3992,-2.26109,0
0.897797,1.41223,-2.26005,0
0.897885,1.43115,-2.26824,0
0.897972,1.43244,-2.24848,0
0.898059,1.4417,-2.24137,0
0.898146,1.44003,-2.21745,0
0.898234,1.45298,-2.21616,0
0.898321,1.4665,-2.21563,0
0.898408,1.47782,-2.21171,0
0.898495,1.49584,-2.21768,0
0.898583,1.6614,-2.44009,0
0.89867,1.63295,-2.37596,0
0.898757,1.65299,-2.38278,0
0.898845,1.66911,-2.38373,0
0.898932,1.86129,-2.63367,0
0.899019,1.86522,-2.61494,0
0.899106,1.8141,-2.51994,0
0.899194,1.81038,-2.49177,0
0.899281,1.83483,-2.5024,0
0.899368,1.85823,-2.51125,0
0.899455,1.87635,-2.51273,0
0.899543,1.8891,-2.50692,0
0.89963,1.90425,-2.50422,0
0.899717,1.91395,-2.4943,0
0.899804,1.94134,-2.50728,0
0.899892,1.95719,-2.50509,0
0.899979,1.97615,-2.50673,0
0.900066,1.98209,-2.49182,0
0.900154,2.00796,-2.50187,0
0.900241,2.02515,-2.50086,0
0.900328,2.03858,-2.49509,0
0.900415,2.0558,-2.49389,0
0.900503,2.07498,-2.49489,0
0.90059,2.09934,-2.5019,0
0.900677,2.11799,-2.50188,0
0.900764,2.12694,-2.49033,0
0.900852,2.15019,-2.49542,0
0.900939,2.17221,-2.49884,0
0.901026,2.19035,-2.49761,0
0.901113,2.20387,-2.49103,0
0.901201,2.22937,-2.4978,0
0.901288,2.24293,-2.49102,0
0.901375,2.26453,-2.49305,0
0.901463,2.27809,-2.4861,0
0.90155,2.27127,-2.45704,0
0.901637,2.28469,-2.45003,0
0.901724,2.27001,-2.41309,0
0.901812,2.27639,-2.39881,0
0.901899,2.28061,-2.38236,0
0.901986,2.27987,-2.36087,0
0.902073,2.08849,-2.14389,0
0.902161,2.01161,-2.04703,0
0.902248,2.01278,-2.03042,0
0.902335,2.01313,-2.01313,0
0.902422,2.01125,-1.99377,0
0.90251,2.01137,-1.97656,0
0.902597,2.01281,-1.96079,0
0.902684,2.0084,-1.93949,0
0.902772,2.01178,-1.92586,0
0.902859,2.01436,-1.91156,0
0.902946,2.01613,-1.89659,0
0.903033,2.01415,-1.87822,0
0.903121,2.01278,-1.86059,0
0.903208,2.00834,-1.84031,0
0.903295,2.01339,-1.82884,0
0.903382,2.01541,-1.81468,0
0.90347,2.01435,-1.79788,0
0.903557,2.00421,-1.77317,0
0.903644,2.00065,-1.75452,0
0.903731,2.01206,-1.74905,0
0.903819,2.0083,-1.73047,0
0.903906,2.01127,-1.71779,0
0.903993,2.01035,-1.70189,0
0.904081,2.01087,-1.68732,0
0.904168,2.00898,-1.67085,0
0.904255,2.01625,-1.66207,0
0.904342,2.01032,-1.6425,0
0.90443,2.00892,-1.62679,0
0.904517,2.00664,-1.6105,0
0.904604,2.00191,-1.59239,0
0.904691,2.00727,-1.5824,0
0.904779,1.99997,-1.56255,0
0.904866,2.01072,-1.55687,0
0.904953,2.00877,-1.54138,0
0.90504,2.00752,-1.52655,0
0.905128,2.00138,-1.50815,0
0.905215,2.00714,-1.4988,0
0.905302,2.00964,-1.48706,0
0.90539,2.01127,-1.47473,0
0.905477,2.01688,-1.46535,0
0.905564,2.01351,-1.44952,0
0.905651,2.01331,-1.43608,0
0.905739,2.00404,-1.41631,0
0.905826,2.00447,-1.40354,0
0.905913,1.99989,-1.38737,0
0.906,2.00098,-1.37523,0
0.906088,1.99456,-1.35805,0
0.906175,1.99549,-1.34598,0
0.906262,2.00301,-1.33837,0
0.906349,1.99549,-1.32079,0
0.906437,2.00458,-1.31426,0
0.906524,2.00107,-1.29951,0
0.906611,2.00251,-1.28806,0
0.906699,1.99884,-1.2734,0
0.906786,2.00353,-1.26413,0
0.906873,1.99376,-1.24584,0
0.90696,2.00683,-1.24186,0
0.907048,2.00541,-1.22892,0
0.907135,2.00391,-1.216,0
0.907222,2.0032,-1.20364,0
0.907309,1.99468,-1.18671,0
0.907397,1.99984,-1.178,0
0.907484,2.00237,-1.16775,0
0.907571,2.00052,-1.155,0
0.907658,2.0012,-1.14378,0
0.907746,1.99398,-1.12814,0
0.907833,1.99889,-1.11943,0
0.90792,1.99326,-1.10488,0
0.908008,1.98842,-1.09088,0
0.908095,1.99579,-1.08363,0
0.908182,2.00226,-1.07586,0
0.908269,2.00164,-1.06429,0
0.908357,2.00981,-1.05741,0
0.908444,1.99666,-1.0394,0
0.908531,1.99495,-1.02747,0
0.908618,1.99853,-1.0183,0
0.908706,1.99938,-1.00777,0
0.908793,1.99481,-0.994575,0
0.90888,1.99554,-0.984092,0
0.908967,2.00161,-0.976253,0
0.909055,2.00135,-0.965337,0
0.909142,1.99832,-0.953152,0
0.909229,1.99523,-0.941011,0
0.909317,1.98844,-0.927225,0
0.909404,1.99156,-0.918121,0
0.909491,1.98918,-0.90652,0
0.909578,1.99494,-0.898653,0
0.909666,1.99701,-0.889126,0
0.909753,1.99629,-0.878391,0
0.90984,1.99369,-0.866881,0
0.909927,1.9947,-0.856989,0
0.910015,1.99289,-0.845933,0
0.910102,1.98827,-0.833749,0
0.910189,1.99558,-0.826596,0
0.910276,1.99084,-0.814473,0
0.910364,1.99715,-0.806903,0
0.910451,1.99137,-0.794475,0
0.910538,1.98737,-0.782847,0
0.910626,1.98611,-0.772355,0
0.910713,1.99226,-0.764757,0
0.9108,1.99184,-0.75464,0
0.910887,1.98294,-0.741389,0
0.910975,1.98709,-0.733076,0
0.911062,1.99403,-0.725767,0
0.911149,1.99623,-0.716721,0
0.911236,1.99746,-0.707337,0
0.911324,1.98731,-0.693999,0
0.911411,1.98653,-0.684019,0
0.911498,1.99234,-0.676309,0
0.911585,1.99622,-0.667926,0
0.911673,1.98962,-0.656078,0
0.91176,1.98961,-0.646464,0
0.911847,1.98765,-0.636252,0
0.911935,1.98373,-0.625468,0
0.912022,1.98358,-0.615917,0
0.912109,1.98529,-0.606964,0
0.912196,1.99175,-0.599448,0
0.912284,1.99339,-0.590468,0
0.912371,1.99306,-0.580925,0
0.912458,1.99558,-0.572223,0
0.912545,1.99132,-0.56161,0
0.912633,1.99182,-0.552382,0
0.91272,1.99422,-0.543686,0
0.912807,1.99077,-0.533426,0
0.912894,1.99405,-0.524989,0
0.912982,1.99729,-0.516534,0
0.913069,2.00049,-0.50806,0
0.913156,1.98814,-0.495698,0
0.913244,1.99319,-0.487732,0
0.913331,1.99628,-0.479263,0
0.913418,1.99056,-0.468715,0
0.913505,1.99356,-0.46025,0
0.913593,1.9897,-0.450223,0
0.91368,2.00629,-0.444783,0
0.913767,2.00039,-0.434328,0
0.913854,2.00031,-0.425179,0
0.913942,1.99432,-0.414818,0
0.914029,1.98925,-0.404717,0
0.914116,1.98217,-0.394278,0
0.914203,1.98878,-0.386579,0
0.914291,1.99044,-0.377898,0
0.914378,1.99207,-0.369209,0
0.914465,1.98383,-0.358734,0
0.914553,1.99424,-0.351638,0
0.91464,1.99279,-0.342425,0
0.914727,1.98638,-0.332406,0
0.914814,1.98682,-0.323575,0
0.914902,1.98723,-0.314746,0
0.914989,1.98858,-0.306072,0
0.915076,1.98298,-0.296358,0
0.915163,1.98128,-0.287272,0
0.915251,1.9845,-0.278903,0
0.915338,1.97876,-0.269297,0
0.915425,1.98388,-0.261183,0
0.915512,1.98302,-0.252272,0
0.9156,1.98211,-0.243373,0
0.915687,1.98316,-0.234722,0
0.915774,1.98516,-0.22618,0
0.915862,1.98016,-0.216863,0
0.915949,1.97611,-0.207698,0
0.916036,1.97302,-0.198673,0
0.916123,1.97288,-0.189966,0
0.916211,1.96671,-0.180716,0
0.916298,1.97446,-0.172743,0
0.916385,1.96224,-0.163049,0
0.916472,1.96492,-0.154643,0
0.91656,1.95561,-0.145327,0
0.916647,1.96121,-0.137141,0
0.916734,1.97377,-0.129367,0
0.916821,1.96633,-0.120266,0
0.916909,1.96683,-0.111685,0
0.916996,1.96131,-0.102788,0
0.917083,1.95974,-0.0941331,0
0.917171,1.95314,-0.0852759,0
0.917258,1.95149,-0.0766745,0
0.917345,1.95181,-0.0681588,0
0.917432,1.94709,-0.0594891,0
0.91752,1.95033,-0.0510713,0
0.917607,1.93954,-0.0423209,0
0.917694,1.9487,-0.0340148,0
0.917781,1.93783,-0.0253677,0
0.917869,1.94493,-0.0169732,0
0.917956,1.95498,-0.00853032,0
0.918043,1.953,-4.72907e-08,0
0.91813,1.93698,0.00845168,0
0.918218,1.88293,0.016432,0
0.918305,1.69985,0.0222523,0
0.918392,1.67674,0.0292676,0
0.91848,1.6646,0.0363217,0
0.918567,1.67143,0.0437678,0
0.918654,1.66922,0.0509993,0
0.918741,1.65799,0.0578982,0
0.918829,1.65972,0.0652105,0
0.918916,1.65442,0.0722337,0
0.919003,1.66408,0.0799315,0
0.91909,1.65373,0.0866683,0
0.919178,1.65633,0.0940533,0
0.919265,1.65391,0.101157,0
0.919352,1.65744,0.108635,0
0.919439,1.65296,0.115586,0
0.919527,1.65544,0.12302,0
0.919614,1.65887,0.130556,0
0.919701,1.6543,0.137462,0
0.919788,1.65568,0.144853,0
0.919876,1.662,0.152716,0
0.919963,1.66629,0.160446,0
0.92005,1.66657,0.167815,0
0.920138,1.68273,0.176862,0
0.920225,1.76047,0.192803,0
0.920312,1.93548,0.22052,0
0.920399,1.95436,0.231314,0
0.920487,1.96921,0.241789,0
0.920574,1.97806,0.251641,0
0.920661,1.97892,0.26053,0
0.920748,1.97975,0.269432,0
0.920836,1.97856,0.278068,0
0.920923,1.98326,0.287559,0
0.92101,1.97408,0.295028,0
0.921097,1.98364,0.305312,0
0.921185,1.96846,0.311774,0
0.921272,1.97794,0.322128,0
0.921359,1.97553,0.33059,0
0.921447,1.98097,0.340392,0
0.921534,1.97257,0.347817,0
0.921621,1.98186,0.358378,0
0.921708,1.97241,0.365564,0
0.921796,1.97767,0.375473,0
0.921883,1.97111,0.383144,0
0.92197,1.97628,0.393107,0
0.922057,1.97455,0.401726,0
0.922145,1.97376,0.410542,0
0.922232,1.97684,0.420189,0
0.922319,1.98085,0.430084,0
0.922406,1.9809,0.439156,0
0.922494,1.96629,0.444926,0
0.922581,1.97018,0.454851,0
0.922668,1.98277,0.466881,0
0.922756,1.97683,0.474594,0
0.922843,1.97182,0.482502,0
0.92293,1.98134,0.494004,0
0.923017,1.97432,0.501414,0
0.923105,1.97502,0.510775,0
0.923192,1.97084,0.518879,0
0.923279,1.97339,0.528767,0
0.923366,1.97588,0.538688,0
0.923454,1.98219,0.549709,0
0.923541,1.97496,0.556996,0
0.923628,1.97635,0.56671,0
0.923715,1.97578,0.575888,0
0.923803,1.98572,0.588196,0
0.92389,1.97643,0.594837,0
0.923977,1.97764,0.604625,0
0.924065,1.96448,0.609986,0
0.924152,1.96752,0.620356,0
0.924239,1.98194,0.634423,0
0.924326,1.9782,0.642755,0
0.924414,1.97347,0.650754,0
0.924501,1.97915,0.662215,0
0.924588,1.97908,0.671808,0
0.924675,1.98275,0.682716,0
0.924763,1.97409,0.689383,0
0.92485,1.9786,0.700661,0
0.924937,1.97082,0.707598,0
0.925024,1.98181,0.72132,0
0.925112,1.97771,0.729615,0
0.925199,1.97451,0.738237,0
0.925286,1.97501,0.748263,0
0.925374,1.97546,0.758307,0
0.925461,1.97772,0.769093,0
0.925548,1.98737,0.782847,0
0.925635,1.97929,0.789658,0
0.925723,1.96656,0.794541,0
0.92581,1.97788,0.809172,0
0.925897,1.9808,0.820473,0
0.925984,1.9689,0.825628,0
0.926072,1.96896,0.835774,0
0.926159,1.9754,0.848699,0
0.926246,1.9781,0.860102,0
0.926333,1.97067,0.867114,0
0.926421,1.97417,0.878958,0
0.926508,1.97852,0.89126,0
0.926595,1.97098,0.898225,0
0.926683,1.96976,0.908073,0
0.92677,1.97756,0.922153,0
0.926857,1.97081,0.929493,0
0.926944,1.97034,0.939806,0
0.927032,1.96712,0.948828,0
0.927119,1.97465,0.963101,0
0.927206,1.98209,0.977458,0
0.927293,1.96975,0.982081,0
0.927381,1.96277,0.989316,0
0.927468,1.96467,1.00105,0
0.927555,1.97629,1.01785,0
0.927642,1.96739,1.02416,0
0.92773,1.97352,1.03832,0
0.927817,1.9725,1.0488,0
0.927904,1.97055,1.05882,0
0.927992,1.97382,1.0717,0
0.928079,1.97877,1.08559,0
0.928166,1.96964,1.09179,0
0.928253,1.9701,1.10331,0
0.928341,1.96961,1.11435,0
0.928428,1.97689,1.12988,0
0.928515,1.96934,1.137,0
0.928602,1.96782,1.1476,0
0.92869,1.97227,1.16176,0
0.928777,1.9689,1.17137,0
0.928864,1.9672,1.18201,0
0.928951,1.96715,1.1937,0
0.929039,1.96704,1.2054,0
0.929126,1.96006,1.21292,0
0.929213,1.96747,1.22941,0
0.929301,1.97139,1.24386,0
0.929388,1.97354,1.25728,0
0.929475,1.96551,1.26426,0
0.929562,1.97088,1.2799,0
0.92965,1.96945,1.29123,0
0.929737,1.97297,1.30588,0
0.929824,1.96643,1.31392,0
0.929911,1.96814,1.32752,0
0.929999,1.96811,1.34004,0
0.930086,1.97213,1.35541,0
0.930173,1.96784,1.36514,0
0.93026,1.9676,1.37773,0
0.930348,1.97382,1.39496,0
0.930435,1.96853,1.40414,0
0.930522,1.97131,1.41914,0
0.93061,1.96348,1.42655,0
0.930697,1.95563,1.43393,0
0.930784,1.96463,1.45375,0
0.930871,1.96708,1.46889,0
0.930959,1.97103,1.48528,0
0.931046,1.96453,1.49387,0
0.931133,1.96752,1.50973,0
0.93122,1.96961,1.52503,0
0.931308,1.96766,1.53731,0
0.931395,1.96329,1.54773,0
0.931482,1.96748,1.565,0
0.931569,1.96921,1.58046,0
0.931657,1.96618,1.59218,0
0.931744,1.96928,1.60897,0
0.931831,1.95915,1.615,0
0.931919,1.96362,1.63313,0
0.932006,1.97027,1.65325,0
0.932093,1.9554,1.65537,0
0.93218,1.96109,1.67493,0
0.932268,1.96285,1.6913,0
0.932355,1.96753,1.71035,0
0.932442,1.96606,1.72419,0
0.932529,1.97575,1.74799,0
0.932617,1.96885,1.75726,0
0.932704,1.97008,1.77387,0
0.932791,1.96898,1.7885,0
0.932878,1.96853,1.80383,0
0.932966,1.9577,1.80968,0
0.933053,1.96442,1.83185,0
0.93314,1.96514,1.84862,0
0.933228,1.96069,1.86062,0
0.933315,1.96266,1.87884,0
0.933402,1.96452,1.89711,0
0.933489,1.96768,1.91683,0
0.933577,1.95859,1.9247,0
0.933664,1.95727,1.94026,0
0.933751,1.95656,1.95656,0
0.933838,1.96491,1.98213,0
0.933926,1.96465,1.99924,0
0.934013,1.96777,2.01997,0
0.9341,1.96102,2.0307,0
0.934187,1.95491,2.04212,0
0.934275,1.96456,2.07022,0
0.934362,1.96031,2.08387,0
0.934449,1.96416,2.1063,0
0.934537,1.9563,2.11632,0
0.934624,1.96462,2.144,0
0.934711,1.95726,2.15477,0
0.934798,1.95788,2.17444,0
0.934886,1.96235,2.19863,0
0.934973,1.96003,2.21541,0
0.93506,1.95496,2.2292,0
0.935147,1.96162,2.25658,0
0.935235,1.95893,2.27345,0
0.935322,1.95484,2.28882,0
0.935409,1.95905,2.31412,0
0.935496,1.96243,2.33873,0
0.935584,1.96627,2.36419,0
0.935671,1.96485,2.38355,0
0.935758,1.96518,2.40526,0
0.935846,1.96159,2.42236,0
0.935933,1.96039,2.4426,0
0.93602,1.95968,2.46365,0
0.936107,1.95758,2.48317,0
0.936195,1.96273,2.51218,0
0.936282,1.96399,2.53653,0
0.936369,1.96813,2.56491,0
0.936456,1.96055,2.57825,0
0.936544,1.96493,2.60754,0
0.936631,1.9643,2.63052,0
0.936718,1.96292,2.65273,0
0.936805,1.95546,2.66691,0
0.936893,1.95615,2.69241,0
0.93698,1.96366,2.7277,0
0.937067,1.95987,2.74764,0
0.937155,1.96056,2.77413,0
0.937242,1.96048,2.79986,0
0.937329,1.96649,2.83468,0
0.937416,1.9626,2.8556,0
0.937504,1.96306,2.88314,0
0.937591,1.96053,2.90661,0
0.937678,1.96505,2.94091,0
0.937765,1.96214,2.96446,0
0.937853,1.9585,2.98721,0
0.93794,1.95471,3.00999,0
0.938027,1.93398,3.00671,0
0.938114,1.91279,3.00247,0
0.938202,1.89967,3.01079,0
0.938289,1.87644,3.00294,0
0.938376,1.85648,3.00004,0
0.938464,1.83502,2.99447,0
0.938551,1.82401,3.00587,0
0.938638,1.80572,3.00523,0
0.938725,1.78646,3.00277,0
0.938813,1.76573,2.99761,0
0.9389,1.75162,3.00356,0
0.938987,1.736,3.00684,0
0.939074,1.71492,3.0005,0
0.939162,1.7028,3.00969,0
0.939249,1.68135,3.00226,0
0.939336,1.6629,2.99995,0
0.939423,1.64065,2.99051,0
0.939511,1.62663,2.99589,0
0.939598,1.59509,2.9686,0
0.939685,1.51311,2.84574,0
0.939773,1.49183,2.8355,0
0.93986,1.47205,2.82779,0
0.939947,1.4565,2.82796,0
0.940034,1.44324,2.83251,0
0.940122,1.42321,2.8236,0
0.940209,1.40731,2.82262,0
0.940296,1.38834,2.81528,0
0.940383,1.37254,2.81412,0
0.940471,1.35894,2.81738,0
0.940558,1.34836,2.8269,0
0.940645,1.3326,2.82552,0
0.940732,1.32068,2.83221,0
0.94082,1.30413,2.82887,0
0.940907,1.29509,2.84181,0
0.940994,1.28555,2.85382,0
0.941082,1.26861,2.84935,0
0.941169,1.2606,2.86492,0
0.941256,1.26124,2.90066,0
0.941343,1.25726,2.92635,0
0.941431,1.25425,2.95482,0
0.941518,1.25178,2.98516,0
0.941605,1.2376,2.98783,0
0.941692,1.22417,2.99227,0
0.94178,1.20811,2.99017,0
0.941867,1.19282,2.98984,0
0.941954,1.1761,2.98571,0
0.942041,1.1627,2.98988,0
0.942129,1.15144,2.99959,0
0.942216,1.13657,2.99991,0
0.942303,1.12171,3.00016,0
0.942391,1.10515,2.99565,0
0.942478,1.08865,2.99104,0
0.942565,1.07322,2.98918,0
0.942652,1.05917,2.991,0
0.94274,1.04248,2.98521,0
0.942827,1.02945,2.98973,0
0.942914,1.01736,2.99703,0
0.943001,1.00078,2.99101,0
0.943089,0.986466,2.99155,0
0.943176,0.968459,2.98061,0
0.943263,0.957884,2.99243,0
0.94335,0.94151,2.98609,0
0.943438,0.925803,2.98157,0
0.943525,0.910153,2.97698,0
0.943612,0.899172,2.98762,0
0.9437,0.884708,2.98672,0
0.943787,0.869989,2.98479,0
0.943874,0.854752,2.98087,0
0.943961,0.843908,2.99227,0
0.944049,0.829508,2.99111,0
0.944136,0.814608,2.98795,0
0.944223,0.799233,2.98278,0
0.94431,0.784429,2.97947,0
0.944398,0.772673,2.9877,0
0.944485,0.759137,2.98911,0
0.944572,0.743184,2.98075,0
0.944659,0.730409,2.98493,0
0.944747,0.716444,2.9842,0
0.944834,0.702729,2.98438,0
0.944921,0.687675,2.97865,0
0.945009,0.674672,2.98162,0
0.945096,0.659492,2.97477,0
0.945183,0.646718,2.9786,0
0.94527,0.63517,2.98824,0
0.945358,0.620497,2.98315,0
0.945445,0.606677,2.98191,0
0.945532,0.591904,2.9757,0
0.945619,0.579869,2.98317,0
0.945707,0.564235,2.97191,0
0.945794,0.551263,2.97435,0
0.945881,0.539347,2.98263,0
0.945968,0.523202,2.96723,0
0.946056,0.510928,2.97342,0
0.946143,0.498114,2.97661,0
0.94623,0.485443,2.98073,0
0.946318,0.471024,2.97393,0
0.946405,0.459108,2.98287,0
0.946492,0.44402,2.971,0
0.946579,0.430478,2.96895,0
0.946667,0.417798,2.97278,0
0.946754,0.405767,2.98152,0
0.946841,0.391709,2.97533,0
0.946928,0.378976,2.97899,0
0.947016,0.365974,2.98062,0
0.947103,0.352965,2.98218,0
0.94719,0.338591,2.97177,0
0.947277,0.32671,2.98316,0
0.947365,0.312227,2.97064,0
0.947452,0.300264,2.98192,0
0.947539,0.287346,2.9842,0
0.947626,0.27359,2.97746,0
0.947714,0.259986,2.97165,0
0.947801,0.246934,2.97176,0
0.947888,0.234985,2.98577,0
0.947976,0.220992,2.9738,0
0.948063,0.208432,2.98072,0
0.94815,0.194836,2.97262,0
0.948237,0.181803,2.97245,0
0.948325,0.168604,2.96922,0
0.948412,0.156066,2.97791,0
0.948499,0.142879,2.97457,0
0.948586,0.129681,2.97017,0
0.948674,0.11672,2.97071,0
0.948761,0.103617,2.96719,0
0.948848,0.0909133,2.97561,0
0.948935,0.0776148,2.96398,0
0.949023,0.0647685,2.96829,0
0.94911,0.0517989,2.96755,0
0.949197,0.0389024,2.97175,0
0.949285,0.0258917,2.96689,0
0.949372,0.0129548,2.96897,0
0.949459,1.08128e-07,2.972,0
0.949546,-0.0129327,2.96397,0
0.949634,-0.0259526,2.97389,0
0.949721,-0.0388498,2.96775,0
0.949808,-0.0518161,2.96855,0
0.949895,-0.0646374,2.9623,0
0.949983,-0.0777716,2.96998,0
0.95007,-0.090516,2.96262,0
0.950157,-0.103721,2.97019,0
0.950244,-0.116602,2.96771,0
0.950332,-0.129768,2.97217,0
0.950419,-0.142495,2.96658,0
0.950506,-0.155542,2.96793,0
0.950594,-0.168774,2.97221,0
0.950681,-0.181436,2.96646,0
0.950768,-0.194509,2.96763,0
0.950855,-0.207456,2.96676,0
0.950943,-0.220695,2.96981,0
0.95103,-0.233416,2.96583,0
0.951117,-0.245775,2.95781,0
0.951204,-0.25955,2.96667,0
0.951292,-0.271394,2.95356,0
0.951379,-0.285716,2.96728,0
0.951466,-0.29846,2.96401,0
0.951553,-0.312435,2.97263,0
0.951641,-0.324968,2.96726,0
0.951728,-0.33893,2.97475,0
0.951815,-0.351202,2.96729,0
0.951903,-0.363292,2.95878,0
0.95199,-0.377209,2.9651,0
0.952077,-0.389882,2.96145,0
0.952164,-0.402934,2.96071,0
0.952252,-0.41571,2.95793,0
0.952339,-0.42976,2.96401,0
0.952426,-0.441359,2.9532,0
0.952513,-0.456674,2.96706,0
0.952601,-0.46946,2.96405,0
0.952688,-0.482549,2.96296,0
0.952775,-0.495638,2.96182,0
0.952862,-0.508726,2.96061,0
0.95295,-0.521118,2.95541,0
0.953037,-0.53561,2.96196,0
0.953124,-0.549076,2.96255,0
0.953212,-0.562183,2.96111,0
0.953299,-0.573572,2.95077,0
0.953386,-0.587807,2.95511,0
0.953473,-0.603088,2.96427,0
0.953561,-0.616831,2.96553,0
0.953648,-0.630388,2.96574,0
0.953735,-0.641201,2.95319,0
0.953822,-0.656028,2.95915,0
0.95391,-0.669596,2.95919,0
0.953997,-0.679802,2.94455,0
0.954084,-0.693102,2.9435,0
0.954171,-0.703371,2.92975,0
0.954259,-0.715672,2.92471,0
0.954346,-0.725524,2.90992,0
0.954433,-0.73846,2.90769,0
0.954521,-0.74463,2.87927,0
0.954608,-0.758459,2.88083,0
0.954695,-0.774128,2.88908,0
0.954782,-0.789357,2.89533,0
0.95487,-0.800112,2.88511,0
0.954957,-0.813778,2.88544,0
0.955044,-0.826636,2.88282,0
0.955131,-0.839767,2.88111,0
0.955219,-0.857158,2.89372,0
0.955306,-0.868047,2.88421,0
0.955393,-0.884424,2.89282,0
0.95548,-0.897335,2.88989,0
0.955568,-0.915348,2.90311,0
0.955655,-0.928921,2.90195,0
0.955742,-0.946519,2.91309,0
0.95583,-0.96611,2.92982,0
0.955917,-0.981106,2.93222,0
0.956004,-0.995498,2.93264,0
0.956091,-1.00894,2.93016,0
0.956179,-1.0283,2.94461,0
0.956266,-1.04148,2.94104,0
0.956353,-1.05869,2.9487,0
0.95644,-1.07189,2.945,0
0.956528,-1.08715,2.94686,0
0.956615,-1.10455,2.95426,0
0.956702,-1.1185,2.95222,0
0.956789,-1.12277,2.92491,0
0.956877,-1.12573,2.89482,0
0.956964,-1.12113,2.84615,0
0.957051,-1.12501,2.81987,0
0.957139,-1.12232,2.77784,0
0.957226,-0.771686,1.88625,0
0.957313,-1.1159,2.69403,0
0.9574,-1.12224,2.67623,0
0.957488,-1.10616,2.60595,0
0.957575,-1.11555,2.5965,0
0.957662,-1.11331,2.56043,0
0.957749,-1.11158,2.52626,0
0.957837,-1.11202,2.49763,0
0.957924,-1.11469,2.47452,0
0.958011,-1.11138,2.4387,0
0.958098,-1.10903,2.40567,0
0.958186,-1.11487,2.39084,0
0.958273,-1.10993,2.35339,0
0.95836,-1.109,2.32506,0
0.958448,-1.11479,2.31119,0
0.958535,-1.10864,2.27305,0
0.958622,-1.11236,2.25564,0
0.958709,-1.11059,2.22749,0
0.958797,-1.11264,2.20744,0
0.958884,-1.10819,2.17495,0
0.958971,-1.10531,2.14609,0
0.959058,-1.11004,2.13237,0
0.959146,-1.10956,2.10893,0
0.959233,-1.10748,2.08287,0
0.95932,-1.1052,2.05688,0
0.959407,-1.10892,2.04237,0
0.959495,-1.11156,2.02612,0
0.959582,-1.1107,2.00375,0
0.959669,-1.11015,1.98231,0
0.959757,-1.10845,1.95917,0
0.959844,-1.10656,1.93608,0
0.959931,-1.1025,1.90959,0
0.960018,-1.10528,1.89526,0
0.960106,-1.1044,1.87491,0
0.960193,-1.10644,1.85976,0
0.96028,-1.10579,1.84034,0
0.960367,-1.10706,1.82438,0
0.960455,-1.10613,1.80504,0
0.960542,-1.1061,1.78744,0
0.960629,-1.10382,1.76648,0
0.960716,-1.10512,1.7515,0
0.960804,-1.09824,1.72389,0
0.960891,-1.10088,1.71151,0
0.960978,-1.1018,1.69663,0
0.961066,-1.10207,1.68094,0
0.961153,-1.10443,1.66861,0
0.96124,-1.09892,1.64465,0
0.961327,-1.10049,1.63155,0
0.961415,-1.09634,1.6102,0
0.961502,-1.10223,1.60375,0
0.961589,-1.10009,1.58578,0
0.961676,-1.0984,1.56868,0
0.961764,-1.09715,1.55244,0
0.961851,-1.09753,1.53868,0
0.961938,-1.10248,1.53144,0
0.962025,-1.09739,1.51043,0
0.962113,-1.09806,1.49757,0
0.9622,-1.09864,1.48472,0
0.962287,-1.09912,1.4719,0
0.962375,-1.09591,1.45432,0
0.962462,-1.09921,1.44554,0
0.962549,-1.0976,1.43042,0
0.962636,-1.10199,1.42324,0
0.962724,-1.09341,1.39951,0
0.962811,-1.09889,1.39394,0
0.962898,-1.09563,1.37739,0
0.962985,-1.101,1.37182,0
0.963073,-1.09502,1.35223,0
0.96316,-1.09901,1.34512,0
0.963247,-1.09787,1.33182,0
0.963334,-1.09984,1.32241,0
0.963422,-1.10174,1.313,0
0.963509,-1.09647,1.29521,0
0.963596,-1.09302,1.27976,0
0.963684,-1.09729,1.27347,0
0.963771,-1.09759,1.26263,0
0.963858,-1.09781,1.25181,0
0.963945,-1.10392,1.24776,0
0.964033,-1.09538,1.22726,0
0.96412,-1.10674,1.22916,0
0.964207,-1.10604,1.21766,0
0.964294,-1.11067,1.21208,0
0.964382,-1.11188,1.20282,0
0.964469,-0.0231879,0.024866,0
0.964556,-0.0287777,0.0305916,0
0.964643,-1.10687,1.1664,0
0.964731,-0.0428738,0.0447866,0
0.964818,-1.09756,1.13656,0
0.964905,-0.0244227,0.0250706,0
0.964993,-0.0378491,0.0385155,0
0.96508,-1.10882,1.11854,0
0.965167,-1.12076,1.12076,0
