7200
795
0.680678
0.696386,-0.0304056,-0.0304056,0
0.696474,-0.049281,-0.049713,0
0.696561,-0.0329427,-0.0335228,0
0.696648,-0.0411696,-0.0422618,0
0.696735,-0.0215344,-0.0222995,0
0.696823,-0.0318096,-0.0332287,0
0.69691,-0.0419896,-0.0442478,0
0.696997,-0.0452221,-0.0480725,0
0.697084,-0.0531959,-0.0570456,0
0.697172,-0.0556617,-0.0602144,0
0.697259,-0.0418866,-0.0457112,0
0.697346,-0.0490828,-0.0540359,0
0.697434,-0.0702587,-0.0780302,0
0.697521,-0.0705835,-0.0790821,0
0.697608,-0.066262,-0.0748956,0
0.697695,-0.055385,-0.0631545,0
0.697783,-0.0741347,-0.0852822,0
0.69787,-0.0913864,-0.106059,0
0.697957,-0.135735,-0.158925,0
0.698044,-0.169284,-0.199967,0
0.698132,-0.16841,-0.200704,0
0.698219,-0.207178,-0.249105,0
0.698306,-0.0985921,-0.119602,0
0.698393,-0.237897,-0.291172,0
0.698481,-0.105097,-0.129783,0
0.698568,-0.0682257,-0.0850074,0
0.698655,-0.340515,-0.428087,0
0.698743,-0.340502,-0.431924,0
0.69883,-0.344155,-0.440498,0
0.698917,-0.344678,-0.445158,0
0.699004,-0.280639,-0.365736,0
0.699092,-0.336543,-0.442577,0
0.699179,-0.334007,-0.443243,0
0.699266,-0.277623,-0.371782,0
0.699353,-0.285515,-0.385851,0
0.699441,-0.279689,-0.381448,0
0.699528,-0.289778,-0.398845,0
0.699615,-0.283361,-0.393613,0
0.699702,-0.285706,-0.400545,0
0.69979,-0.289727,-0.409954,0
0.699877,-0.287362,-0.410395,0
0.699964,-0.298108,-0.429721,0
0.700052,-0.297363,-0.432666,0
0.700139,-0.300538,-0.441399,0
0.700226,-0.301405,-0.446851,0
0.700313,-0.300008,-0.448994,0
0.700401,-0.296942,-0.448631,0
0.700488,-0.294982,-0.449922,0
0.700575,-0.298462,-0.459591,0
0.700662,-0.296995,-0.46173,0
0.70075,-0.296589,-0.465552,0
0.700837,-0.306828,-0.486293,0
0.700924,-0.305763,-0.489324,0
0.701011,-0.299942,-0.484701,0
0.701099,-0.297824,-0.486005,0
0.701186,-0.298813,-0.492429,0
0.701273,-0.300782,-0.500586,0
0.701361,-0.297573,-0.500175,0
0.701448,-0.29894,-0.5075,0
0.701535,-0.304279,-0.521757,0
0.701622,-0.2975,-0.515285,0
0.70171,-0.300211,-0.52526,0
0.701797,-0.293484,-0.518732,0
0.701884,-0.295127,-0.526988,0
0.701971,-0.292825,-0.52827,0
0.702059,-0.296289,-0.540064,0
0.702146,-0.301564,-0.555412,0
0.702233,-0.296298,-0.551438,0
0.70232,-0.29295,-0.550959,0
0.702408,-0.305909,-0.581437,0
0.702495,-0.300137,-0.576557,0
0.702582,-0.301739,-0.585862,0
0.70267,-0.300542,-0.589846,0
0.702757,-0.300216,-0.595617,0
0.702844,-0.29806,-0.597816,0
0.702931,-0.301641,-0.611667,0
0.703019,-0.299846,-0.614775,0
0.703106,-0.302374,-0.626886,0
0.703193,-0.298344,-0.625492,0
0.70328,-0.299451,-0.634928,0
0.703368,-0.300059,-0.643479,0
0.703455,-0.295574,-0.641149,0
0.703542,-0.292359,-0.641523,0
0.703629,-0.293253,-0.650998,0
0.703717,-0.286343,-0.643136,0
0.703804,-0.287964,-0.654448,0
0.703891,-0.274738,-0.631854,0
0.703979,-0.260926,-0.607321,0
0.704066,-0.259445,-0.611215,0
0.704153,-0.256003,-0.610497,0
0.70424,-0.252571,-0.609761,0
0.704328,-0.266947,-0.652506,0
0.704415,-0.283577,-0.701878,0
0.704502,-0.286441,-0.71797,0
0.704589,-0.287703,-0.730378,0
0.704677,-0.287413,-0.739082,0
0.704764,-0.284186,-0.740329,0
0.704851,-0.285913,-0.754654,0
0.704938,-0.27071,-0.724048,0
0.705026,-0.262703,-0.712087,0
0.705113,-0.266434,-0.732021,0
0.7052,-0.268644,-0.748235,0
0.705288,-0.267379,-0.755056,0
0.705375,-0.261115,-0.747719,0
0.705462,-0.25785,-0.748851,0
0.705549,-0.262937,-0.774589,0
0.705637,-0.263363,-0.787109,0
0.705724,-0.261805,-0.793948,0
0.705811,-0.258647,-0.796034,0
0.705898,-0.259135,-0.809536,0
0.705986,-0.257705,-0.817335,0
0.706073,-0.255915,-0.824182,0
0.70616,-0.254948,-0.833898,0
0.706247,-0.253901,-0.84362,0
0.706335,-0.249081,-0.840885,0
0.706422,-0.243731,-0.836203,0
0.706509,-0.233465,-0.814189,0
0.706597,-0.223124,-0.791138,0
0.706684,-0.208179,-0.750668,0
0.706771,-0.197799,-0.72552,0
0.706858,-0.191267,-0.713819,0
0.706946,-0.190697,-0.724317,0
0.707033,-0.186283,-0.720302,0
0.70712,-0.186092,-0.732739,0
0.707207,-0.186038,-0.746157,0
0.707295,-0.178502,-0.729478,0
0.707382,-0.176018,-0.733167,0
0.707469,-0.171213,-0.727114,0
0.707556,-0.170513,-0.738573,0
0.707644,-0.165744,-0.732482,0
0.707731,-0.161031,-0.726364,0
0.707818,-0.158921,-0.731946,0
0.707906,-0.156973,-0.738501,0
0.707993,-0.151102,-0.726452,0
0.70808,-0.147333,-0.724164,0
0.708167,-0.142221,-0.714992,0
0.708255,-0.1391,-0.715606,0
0.708342,-0.135043,-0.711294,0
0.708429,-0.132303,-0.713843,0
0.708516,-0.130255,-0.720318,0
0.708604,-0.126416,-0.71694,0
0.708691,-0.12227,-0.711571,0
0.708778,-0.122795,-0.733796,0
0.708865,-0.117824,-0.723468,0
0.708953,-0.115605,-0.729902,0
0.70904,-0.114549,-0.744236,0
0.709127,-0.110857,-0.741762,0
0.709215,-0.107763,-0.743228,0
0.709302,-0.104937,-0.746662,0
0.709389,-0.102756,-0.75504,0
0.709476,-0.100375,-0.762421,0
0.709564,-0.0960374,-0.754916,0
0.709651,-0.0938394,-0.764261,0
0.709738,-0.0921493,-0.778566,0
0.709825,-0.0876193,-0.769025,0
0.709913,-0.0849162,-0.775364,0
0.71,-0.0814277,-0.774733,0
0.710087,-0.0798499,-0.79299,0
0.710174,-0.0810855,-0.842105,0
0.710262,-0.0830835,-0.904191,0
0.710349,-0.0763484,-0.872667,0
0.710436,-0.138373,-1.66526,0
0.710523,-0.132047,-1.67781,0
0.710611,-0.123242,-1.65843,0
0.710698,-0.110843,-1.58513,0
0.710785,-0.103337,-1.57662,0
0.710873,-0.0994481,-1.62596,0
0.71096,-0.0984754,-1.73421,0
0.711047,-0.0966122,-1.84347,0
0.711134,-0.0908706,-1.89182,0
0.711222,-0.0761595,-1.74434,0
0.711309,-0.0679195,-1.72867,0
0.711396,-0.0620164,-1.77592,0
0.711483,-0.0561603,-1.83814,0
0.711571,-0.047485,-1.81338,0
0.711658,-0.0385687,-1.76758,0
0.711745,-0.0299658,-1.71674,0
0.711832,-0.0222654,-1.70085,0
0.71192,-0.0147828,-1.69394,0
0.712007,-0.00744383,-1.70598,0
0.712094,-2.05151e-08,-1.703,0
0.712182,0.00742633,-1.70198,0
0.712269,0.0148525,-1.70194,0
0.712356,0.0222654,-1.70085,0
0.712443,0.029512,-1.69074,0
0.712531,0.0373034,-1.70959,0
0.712618,0.0448673,-1.71341,0
0.712705,0.0531065,-1.73819,0
0.712792,0.0608298,-1.74194,0
0.71288,0.0685084,-1.74365,0
0.712967,0.0748945,-1.71537,0
0.713054,0.0823304,-1.71402,0
0.713141,0.0886047,-1.69068,0
0.713229,0.0958675,-1.68828,0
0.713316,0.154636,-2.52828,0
0.713403,0.167105,-2.54953,0
0.713491,0.176693,-2.52683,0
0.713578,0.187198,-2.51905,0
0.713665,0.198894,-2.52719,0
0.713752,0.208014,-2.50337,0
0.71384,0.21972,-2.51141,0
0.713927,0.23214,-2.52636,0
0.714014,0.242394,-2.51736,0
0.714101,0.252975,-2.5123,0
0.714189,0.265398,-2.52509,0
0.714276,0.276195,-2.52192,0
0.714363,0.286064,-2.51076,0
0.71445,0.297957,-2.51743,0
0.714538,0.307598,-2.50519,0
0.714625,0.321555,-2.52763,0
0.714712,0.332189,-2.52323,0
0.7148,0.342656,-2.51779,0
0.714887,0.349603,-2.48755,0
0.714974,0.359879,-2.48205,0
0.715061,0.370854,-2.48144,0
0.715149,0.378179,-2.45707,0
0.715236,0.392494,-2.47811,0
0.715323,0.402178,-2.46947,0
0.71541,0.4146,-2.47755,0
0.715498,0.424729,-2.47177,0
0.715585,0.436204,-2.47384,0
0.715672,0.444503,-2.45813,0
0.715759,0.45486,-2.4542,0
0.715847,0.468735,-2.4689,0
0.715934,0.480266,-2.47076,0
0.716021,0.490847,-2.46766,0
0.716109,0.499815,-2.45667,0
0.716196,0.51277,-2.46524,0
0.716283,0.526848,-2.47863,0
0.71637,0.536173,-2.46946,0
0.716458,0.543913,-2.45343,0
0.716545,0.558585,-2.46859,0
0.716632,0.567327,-2.45736,0
0.716719,0.579189,-2.45973,0
0.716807,0.590383,-2.45912,0
0.716894,0.601108,-2.45652,0
0.716981,0.613514,-2.46067,0
0.717068,0.622522,-2.45118,0
0.717156,0.638219,-2.46781,0
0.717243,0.644397,-2.44759,0
0.71733,0.656883,-2.45152,0
0.717418,0.666784,-2.44574,0
0.717505,0.680389,-2.4534,0
0.717592,0.692173,-2.45426,0
0.717679,0.702048,-2.44833,0
0.717767,0.715243,-2.45389,0
0.717854,0.724523,-2.44595,0
0.717941,0.733171,-2.43606,0
0.718028,0.751688,-2.45866,0
0.718116,0.760926,-2.45058,0
0.718203,0.772513,-2.4501,0
0.71829,0.78594,-2.45528,0
0.718377,0.795719,-2.44897,0
0.718465,0.804831,-2.44073,0
0.718552,0.815473,-2.43719,0
0.718639,0.833814,-2.45634,0
0.718727,0.839315,-2.43755,0
0.718814,0.853239,-2.4433,0
0.718901,0.864226,-2.4405,0
0.718988,0.876556,-2.44141,0
0.719076,0.889936,-2.44508,0
0.719163,0.900597,-2.44117,0
0.71925,0.907737,-2.42785,0
0.719337,0.920448,-2.42948,0
0.719425,0.927098,-2.41517,0
0.719512,0.945601,-2.43161,0
0.719599,0.954369,-2.42281,0
0.719686,0.967155,-2.42419,0
0.719774,0.979222,-2.42366,0
0.719861,0.987516,-2.41381,0
0.719948,0.99689,-2.40671,0
0.720036,1.0097,-2.40787,0
0.720123,1.0245,-2.41356,0
0.72021,1.03383,-2.40631,0
0.720297,1.04711,-2.4082,0
0.720385,1.06003,-2.4091,0
0.720472,1.07175,-2.40719,0
0.720559,1.07732,-2.39155,0
0.720646,1.09479,-2.4023,0
0.720734,1.10275,-2.39205,0
0.720821,1.11318,-2.38721,0
0.720908,1.13041,-2.39681,0
0.720995,1.13956,-2.38914,0
0.721083,1.15345,-2.39135,0
0.72117,1.15949,-2.37731,0
0.721257,1.18047,-2.39375,0
0.721345,1.18689,-2.38053,0
0.721432,1.20221,-2.38515,0
0.721519,1.21352,-2.38166,0
0.721606,1.22893,-2.38612,0
0.721694,1.23979,-2.38162,0
0.721781,1.25343,-2.38239,0
0.721868,1.261,-2.3716,0
0.721955,1.2756,-2.374,0
0.722043,1.2826,-2.36226,0
0.72213,1.30107,-2.37155,0
0.722217,1.31335,-2.36934,0
0.722304,1.32319,-2.36272,0
0.722392,1.33988,-2.36824,0
0.722479,1.34524,-2.35369,0
0.722566,1.36,-2.35559,0
0.722654,1.37077,-2.3505,0
0.722741,1.38203,-2.34622,0
0.722828,1.39276,-2.34102,0
0.722915,1.41017,-2.34692,0
0.723003,1.43026,-2.35699,0
0.72309,1.4353,-2.3422,0
0.723177,1.44867,-2.34102,0
0.723264,1.46629,-2.34655,0
0.723352,1.48505,-2.35366,0
0.723439,1.51626,-2.38005,0
0.723526,1.61751,-2.51471,0
0.723613,1.85177,-2.85148,0
0.723701,1.86146,-2.83919,0
0.723788,1.65305,-2.49749,0
0.723875,1.84338,-2.75882,0
0.723963,1.85149,-2.74494,0
0.72405,1.85669,-2.72692,0
0.724137,1.8176,-2.64462,0
0.724224,1.83539,-2.6457,0
0.724312,1.85208,-2.64504,0
0.724399,1.86995,-2.64592,0
0.724486,1.88961,-2.64913,0
0.724573,1.90232,-2.64248,0
0.724661,1.91794,-2.63982,0
0.724748,1.93831,-2.64353,0
0.724835,1.9534,-2.63987,0
0.724922,1.9655,-2.63212,0
0.72501,1.97997,-2.62751,0
0.725097,2.00837,-2.64113,0
0.725184,2.02352,-2.63711,0
0.725272,2.03685,-2.63062,0
0.725359,2.05693,-2.63274,0
0.725446,2.08077,-2.63945,0
0.725533,2.09601,-2.63504,0
0.725621,2.1175,-2.63835,0
0.725708,2.13591,-2.63763,0
0.725795,2.1531,-2.63526,0
0.725882,2.16585,-2.62738,0
0.72597,2.18177,-2.62329,0
0.726057,2.21505,-2.63979,0
0.726144,2.233,-2.63773,0
0.726231,2.25229,-2.63709,0
0.726319,2.27421,-2.63936,0
0.726406,2.2739,-2.61582,0
0.726493,2.26749,-2.58558,0
0.726581,2.27014,-2.56592,0
0.726668,2.26466,-2.53734,0
0.726755,2.26835,-2.51926,0
0.726842,2.25848,-2.48639,0
0.72693,2.02272,-2.20741,0
0.727017,2.01332,-2.178,0
0.727104,2.02281,-2.1692,0
0.727191,2.01307,-2.13995,0
0.727279,2.01826,-2.1268,0
0.727366,2.01023,-2.09991,0
0.727453,2.01381,-2.08537,0
0.72754,2.01033,-2.06367,0
0.727628,2.01301,-2.04846,0
0.727715,2.00855,-2.02616,0
0.727802,2.01101,-2.01101,0
0.72789,2.01338,-1.99588,0
0.727977,2.00709,-1.97236,0
0.728064,2.01639,-1.96428,0
0.728151,2.00408,-1.93532,0
0.728239,2.01106,-1.92517,0
0.728326,2.00639,-1.90399,0
0.728413,2.00448,-1.88562,0
0.7285,2.00318,-1.86799,0
0.728588,2.00837,-1.85652,0
0.728675,2.01203,-1.84369,0
0.728762,2.00969,-1.82548,0
0.728849,2.005,-1.80531,0
0.728937,2.00615,-1.79056,0
0.729024,2.0057,-1.7745,0
0.729111,2.00816,-1.76111,0
0.729199,1.99998,-1.73856,0
0.729286,2.00603,-1.72851,0
0.729373,2.01279,-1.71909,0
0.72946,2.00883,-1.7006,0
0.729548,2.0078,-1.68475,0
0.729635,2.00053,-1.66382,0
0.729722,2.007,-1.65444,0
0.729809,1.99561,-1.63048,0
0.729897,1.99882,-1.61861,0
0.729984,1.99884,-1.60424,0
0.730071,1.99017,-1.58305,0
0.730158,2.00334,-1.57931,0
0.730246,1.99524,-1.55885,0
0.730333,1.99807,-1.54707,0
0.73042,1.99687,-1.53225,0
0.730508,2.00115,-1.52171,0
0.730595,2.00058,-1.50755,0
0.730682,1.99432,-1.48923,0
0.730769,2.00241,-1.4817,0
0.730857,1.98869,-1.45817,0
0.730944,1.99504,-1.44948,0
0.731031,1.99566,-1.43667,0
0.731118,2.00272,-1.42853,0
0.731206,1.99587,-1.41054,0
0.731293,1.99955,-1.4001,0
0.73138,1.99332,-1.38281,0
0.731467,1.98862,-1.36674,0
0.731555,1.99043,-1.35523,0
0.731642,1.98637,-1.33983,0
0.731729,1.99054,-1.33004,0
0.731817,1.99882,-1.32299,0
0.731904,1.98952,-1.30439,0
0.731991,1.991,-1.29297,0
0.732078,1.99579,-1.28373,0
0.732166,1.98872,-1.26695,0
0.732253,1.99845,-1.26093,0
0.73234,1.99461,-1.24637,0
0.732427,2.00003,-1.23766,0
0.732515,1.99944,-1.22526,0
0.732602,2.00135,-1.21445,0
0.732689,1.99634,-1.19952,0
0.732776,1.99124,-1.18467,0
0.732864,1.99639,-1.17597,0
0.732951,1.99373,-1.16271,0
0.733038,1.99705,-1.153,0
0.733126,1.98644,-1.13534,0
0.733213,1.99311,-1.12765,0
0.7333,1.99453,-1.11699,0
0.733387,2.00638,-1.11215,0
0.733475,1.99455,-1.09425,0
0.733562,1.99316,-1.0822,0
0.733649,1.99434,-1.0716,0
0.733736,1.99458,-1.06054,0
0.733824,1.9983,-1.05136,0
0.733911,2.0011,-1.0417,0
0.733998,1.98873,-1.02426,0
0.734085,1.98784,-1.01285,0
0.734173,1.99224,-1.00417,0
0.73426,1.99749,-0.995914,0
0.734347,1.98837,-0.980554,0
0.734435,1.98633,-0.9688,0
0.734522,1.98784,-0.958821,0
0.734609,1.98569,-0.947124,0
0.734696,1.9898,-0.938451,0
0.734784,1.98391,-0.925111,0
0.734871,1.98793,-0.916446,0
0.734958,1.99282,-0.908178,0
0.735045,1.99038,-0.896599,0
0.735133,1.98605,-0.884246,0
0.73522,1.98714,-0.874363,0
0.735307,1.99644,-0.868077,0
0.735394,1.99102,-0.85541,0
0.735482,1.99381,-0.846324,0
0.735569,1.99103,-0.834909,0
0.735656,1.98819,-0.823535,0
0.735744,1.99269,-0.815231,0
0.735831,1.9953,-0.806153,0
0.735918,2.00158,-0.798551,0
0.736005,1.99482,-0.785779,0
0.736093,1.99263,-0.774893,0
0.73618,1.98386,-0.761532,0
0.736267,1.98623,-0.752514,0
0.736354,1.97544,-0.738587,0
0.736442,1.97677,-0.729269,0
0.736529,1.97054,-0.717216,0
0.736616,1.96047,-0.703881,0
0.736703,1.76462,-0.624886,0
0.736791,1.72391,-0.602015,0
0.736878,1.70761,-0.587976,0
0.736965,1.70353,-0.57827,0
0.737053,1.70509,-0.570514,0
0.73714,1.70661,-0.562755,0
0.737227,1.70429,-0.553759,0
0.737314,1.70288,-0.545097,0
0.737402,1.71574,-0.54097,0
0.737489,1.71044,-0.531106,0
0.737576,1.707,-0.521884,0
0.737663,1.69969,-0.511548,0
0.737751,1.70958,-0.506399,0
0.737838,1.69929,-0.495297,0
0.737925,1.69951,-0.487327,0
0.738012,1.69585,-0.478278,0
0.7381,1.70852,-0.473814,0
0.738187,1.70285,-0.46425,0
0.738274,1.71162,-0.458627,0
0.738361,1.70393,-0.448609,0
0.738449,1.702,-0.440168,0
0.738536,1.70682,-0.433476,0
0.738623,1.69317,-0.422154,0
0.738711,1.69888,-0.415713,0
0.738798,1.69581,-0.407129,0
0.738885,1.70633,-0.401788,0
0.738972,1.70905,-0.394564,0
0.73906,1.70295,-0.385338,0
0.739147,1.6968,-0.376172,0
0.739234,1.6994,-0.368977,0
0.739321,1.6922,-0.359687,0
0.739409,1.69571,-0.352708,0
0.739496,1.68841,-0.343511,0
0.739583,1.70755,-0.339652,0
0.73967,1.70607,-0.331626,0
0.739758,1.7075,-0.324179,0
0.739845,1.6971,-0.314539,0
0.739932,1.70042,-0.307487,0
0.74002,1.70372,-0.300411,0
0.740107,1.69516,-0.291281,0
0.740194,1.69148,-0.283057,0
0.740281,1.6927,-0.275674,0
0.740369,1.69389,-0.268285,0
0.740456,1.69504,-0.260892,0
0.740543,1.69418,-0.253198,0
0.74063,1.69923,-0.246377,0
0.740718,1.69336,-0.237986,0
0.740805,1.69735,-0.231,0
0.740892,1.6914,-0.222678,0
0.740979,1.69137,-0.215169,0
0.741067,1.6774,-0.205959,0
0.741154,1.70013,-0.201224,0
0.741241,1.68708,-0.192219,0
0.741329,1.70083,-0.186271,0
0.741416,1.6887,-0.177489,0
0.741503,1.69344,-0.17052,0
0.74159,1.69217,-0.162938,0
0.741678,1.70283,-0.156468,0
0.741765,1.68955,-0.147816,0
0.741852,1.69516,-0.140857,0
0.741939,1.6828,-0.132439,0
0.742027,1.69533,-0.125984,0
0.742114,1.69386,-0.118447,0
0.742201,1.69037,-0.110793,0
0.742288,1.69483,-0.10366,0
0.742376,1.68628,-0.0957542,0
0.742463,1.68768,-0.0884478,0
0.74255,1.67707,-0.0805553,0
0.742638,1.6834,-0.0734987,0
0.742725,1.6907,-0.0664276,0
0.742812,1.69597,-0.0592245,0
0.742899,1.69821,-0.051885,0
0.742987,1.68942,-0.0442391,0
0.743074,1.6886,-0.0368454,0
0.743161,1.68674,-0.0294423,0
0.743248,1.70185,-0.0222785,0
0.743336,1.74393,-0.0152191,0
0.743423,1.92398,-0.00839505,0
0.74351,1.957,-4.73876e-08,0
0.743597,1.93398,0.00843859,0
0.743685,1.84393,0.0160917,0
0.743772,1.69985,0.0222523,0
0.743859,1.67275,0.0291978,0
0.743947,1.6786,0.0366272,0
0.744034,1.66343,0.0435584,0
0.744121,1.65823,0.0506634,0
0.744208,1.65999,0.057968,0
0.744296,1.67071,0.0656424,0
0.744383,1.66641,0.0727571,0
0.74447,1.66508,0.0799795,0
0.744557,1.66671,0.0873487,0
0.744645,1.67031,0.094847,0
0.744732,1.6599,0.101524,0
0.744819,1.66343,0.109027,0
0.744906,1.66892,0.116703,0
0.744994,1.66641,0.123835,0
0.745081,1.66286,0.13087,0
0.745168,1.66925,0.138704,0
0.745256,1.68058,0.147032,0
0.745343,1.69287,0.155553,0
0.74543,1.69317,0.163034,0
0.745517,1.69443,0.17062,0
0.745605,1.68472,0.177071,0
0.745692,1.6899,0.185074,0
0.745779,1.69205,0.192785,0
0.745866,1.69517,0.200636,0
0.745954,1.68832,0.2073,0
0.746041,1.69831,0.216053,0
0.746128,1.69835,0.223591,0
0.746215,1.72113,0.234236,0
0.746303,1.8013,0.253156,0
0.74639,1.95753,0.283828,0
0.746477,1.98397,0.296506,0
0.746565,1.98562,0.305616,0
0.746652,1.9813,0.313807,0
0.746739,1.97301,0.321324,0
0.746826,1.97652,0.330755,0
0.746914,1.98097,0.340392,0
0.747001,1.98537,0.350075,0
0.747088,1.98087,0.3582,0
0.747175,1.97438,0.365929,0
0.747263,1.96588,0.373235,0
0.74735,1.97896,0.384671,0
0.747437,1.97824,0.393497,0
0.747524,1.97553,0.401926,0
0.747612,1.98355,0.412578,0
0.747699,1.97977,0.420813,0
0.747786,1.97987,0.429872,0
0.747874,1.977,0.43829,0
0.747961,1.97897,0.447795,0
0.748048,1.97407,0.455751,0
0.748135,1.98375,0.46711,0
0.748223,1.98363,0.476228,0
0.74831,1.98057,0.484641,0
0.748397,1.97746,0.493037,0
0.748484,1.97239,0.500922,0
0.748572,1.97696,0.511276,0
0.748659,1.98051,0.521425,0
0.748746,1.96662,0.526956,0
0.748833,1.96238,0.535005,0
0.748921,1.97352,0.547304,0
0.749008,1.97592,0.557267,0
0.749095,1.98116,0.568089,0
0.749183,1.98634,0.578966,0
0.74927,1.98092,0.586776,0
0.749357,1.97834,0.595413,0
0.749444,1.9719,0.60287,0
0.749532,1.97116,0.612062,0
0.749619,1.97133,0.621559,0
0.749706,1.97717,0.632898,0
0.749793,1.9801,0.643373,0
0.749881,1.97822,0.65232,0
0.749968,1.9801,0.662532,0
0.750055,1.98477,0.673737,0
0.750142,1.97802,0.681089,0
0.75023,1.96087,0.684767,0
0.750317,1.97201,0.698324,0
0.750404,1.97553,0.709287,0
0.750492,1.97899,0.720294,0
0.750579,1.97302,0.727884,0
0.750666,1.97263,0.737537,0
0.750753,1.96752,0.745428,0
0.750841,1.97359,0.75759,0
0.750928,1.9684,0.765469,0
0.751015,1.97621,0.778449,0
0.751102,1.98301,0.79114,0
0.75119,1.97861,0.79941,0
0.751277,1.98528,0.812201,0
0.751364,1.98634,0.822769,0
0.751451,1.98458,0.832202,0
0.751539,1.97264,0.837337,0
0.751626,1.98459,0.852647,0
0.751713,1.99185,0.866083,0
0.751801,1.96792,0.865905,0
0.751888,1.97509,0.879365,0
0.751975,1.98673,0.894956,0
0.752062,1.97553,0.900299,0
0.75215,1.97884,0.912259,0
0.752237,1.97303,0.92004,0
0.752324,1.97895,0.933332,0
0.752411,1.97576,0.942389,0
0.752499,1.97343,0.951869,0
0.752586,1.97285,0.962225,0
0.752673,1.97312,0.973035,0
0.75276,1.97602,0.985205,0
0.752848,1.97795,0.996968,0
0.752935,1.9718,1.00468,0
0.753022,1.97184,1.01556,0
0.75311,1.96118,1.02093,0
0.753197,1.96556,1.03413,0
0.753284,1.97427,1.04974,0
0.753371,1.96967,1.05834,0
0.753459,1.97031,1.06979,0
0.753546,1.97088,1.08126,0
0.753633,1.97052,1.09228,0
0.75372,1.96661,1.10135,0
0.753808,1.97049,1.11485,0
0.753895,1.97255,1.1274,0
0.753982,1.96934,1.137,0
0.754069,1.96609,1.14659,0
0.754157,1.96451,1.15719,0
0.754244,1.97062,1.17239,0
0.754331,1.96634,1.1815,0
0.754419,1.96288,1.1911,0
0.754506,1.9696,1.20697,0
0.754593,1.97197,1.22029,0
0.75468,1.97934,1.23683,0
0.754768,1.9697,1.24279,0
0.754855,1.97269,1.25674,0
0.754942,1.97392,1.26967,0
0.755029,1.97255,1.28099,0
0.755117,1.9728,1.29342,0
0.755204,1.96797,1.30257,0
0.755291,1.97225,1.31781,0
0.755378,1.96648,1.32641,0
0.755466,1.96646,1.33891,0
0.755553,1.96307,1.34918,0
0.75564,1.97195,1.36799,0
0.755728,1.96678,1.37716,0
0.755815,1.96157,1.3863,0
0.755902,1.97179,1.40646,0
0.755989,1.97699,1.42323,0
0.756077,1.96915,1.43067,0
0.756164,1.97498,1.44812,0
0.756251,1.97749,1.46326,0
0.756338,1.97349,1.47367,0
0.756426,1.96864,1.48347,0
0.756513,1.97249,1.49992,0
0.7566,1.96752,1.50973,0
0.756687,1.96486,1.52136,0
0.756775,1.96293,1.53361,0
0.756862,1.97115,1.55393,0
0.756949,1.9753,1.57123,0
0.757037,1.96609,1.57795,0
0.757124,1.96618,1.59218,0
0.757211,1.96463,1.60517,0
0.757298,1.96764,1.622,0
0.757386,1.96593,1.63505,0
0.757473,1.9649,1.64875,0
0.75756,1.9638,1.66248,0
0.757647,1.96489,1.67817,0
0.757735,1.96134,1.68999,0
0.757822,1.95319,1.69788,0
0.757909,1.95779,1.71694,0
0.757996,1.96077,1.73474,0
0.758084,1.96138,1.7506,0
0.758171,1.96487,1.76918,0
0.758258,1.96602,1.78581,0
0.758346,1.95895,1.79504,0
0.758433,1.96358,1.81511,0
0.75852,1.96295,1.83048,0
0.758607,1.95786,1.84177,0
0.758695,1.95779,1.85787,0
0.758782,1.95833,1.87469,0
0.758869,1.95876,1.89155,0
0.758956,1.96338,1.91264,0
0.759044,1.95859,1.9247,0
0.759131,1.96082,1.94378,0
0.759218,1.96081,1.96081,0
0.759305,1.9642,1.98142,0
0.759393,1.96745,2.00209,0
0.75948,1.96847,2.02069,0
0.759567,1.96519,2.03501,0
0.759655,1.96044,2.0479,0
0.759742,1.96388,2.06949,0
0.759829,1.96785,2.09188,0
0.759916,1.97098,2.11361,0
0.760004,1.96513,2.12586,0
0.760091,1.96394,2.14327,0
0.760178,1.95659,2.15403,0
0.760265,1.9639,2.18113,0
0.760353,1.96635,2.20311,0
0.76044,1.96467,2.22065,0
0.760527,1.96551,2.24123,0
0.760614,1.97211,2.26866,0
0.760702,1.96024,2.27497,0
0.760789,1.96523,2.30099,0
0.760876,1.96228,2.31794,0
0.760964,1.96757,2.34486,0
0.761051,1.96244,2.35958,0
0.761138,1.96866,2.38818,0
0.761225,1.96455,2.40449,0
0.761313,1.95845,2.41848,0
0.7614,1.95851,2.44026,0
0.761487,1.96715,2.47304,0
0.761574,1.96748,2.49574,0
0.761662,1.95719,2.50509,0
0.761749,1.96399,2.53653,0
0.761836,1.96082,2.55539,0
0.761923,1.96599,2.58541,0
0.762011,1.96432,2.60675,0
0.762098,1.97447,2.64414,0
0.762185,1.97422,2.668,0
0.762273,1.98266,2.70401,0
0.76236,1.98319,2.72962,0
0.762447,1.96658,2.73176,0
0.762534,1.96742,2.75822,0
0.762622,1.96172,2.77576,0
0.762709,1.96794,2.81051,0
0.762796,1.96535,2.83304,0
0.762883,1.96203,2.85477,0
0.762971,1.96531,2.88645,0
0.763058,1.96556,2.91407,0
0.763145,1.9645,2.94008,0
0.763232,1.966,2.9703,0
0.76332,1.96782,3.00143,0
0.763407,1.96669,3.02844,0
0.763494,1.96915,3.06138,0
0.763582,1.96598,3.08597,0
0.763669,1.96904,3.12074,0
0.763756,1.95752,3.13269,0
0.763843,1.94226,3.13865,0
0.763931,1.92645,3.14368,0
0.764018,1.90545,3.14009,0
0.764105,1.89431,3.15266,0
0.764192,1.87287,3.14801,0
0.76428,1.85099,3.14236,0
0.764367,1.83223,3.14177,0
0.764454,1.816,3.1454,0
0.764541,1.7968,3.14375,0
0.764629,1.7742,3.13589,0
0.764716,1.75855,3.14011,0
0.764803,1.73707,3.13376,0
0.764891,1.7205,3.13605,0
0.764978,1.69582,3.12332,0
0.765065,1.68123,3.12892,0
0.765152,1.66193,3.12563,0
0.76524,1.64548,3.12755,0
0.765327,1.63413,3.13913,0
0.765414,1.61767,3.1409,0
0.765501,1.59668,3.13367,0
0.765589,1.5785,3.13168,0
0.765676,1.56437,3.13764,0
0.765763,1.54403,3.13098,0
0.76585,1.52509,3.1269,0
0.765938,1.5123,3.13533,0
0.766025,1.49301,3.13017,0
0.766112,1.47678,3.13122,0
0.766199,1.46099,3.13311,0
0.766287,1.44438,3.13309,0
0.766374,1.42572,3.12845,0
0.766461,1.40835,3.12643,0
0.766549,1.38941,3.12067,0
0.766636,1.37457,3.12396,0
0.766723,1.36053,3.12901,0
0.76681,1.34173,3.12297,0
0.766898,1.32497,3.12143,0
0.766985,1.30631,3.11519,0
0.767072,1.29347,3.12271,0
0.767159,1.2787,3.12555,0
0.767247,1.26242,3.12461,0
0.767334,1.24618,3.12359,0
0.767421,1.23108,3.12527,0
0.767508,1.21308,3.11943,0
0.767596,1.20161,3.1303,0
0.767683,1.18617,3.13083,0
0.76777,1.16829,3.12474,0
0.767858,1.15153,3.12136,0
0.767945,1.13174,3.10944,0
0.768032,1.12087,3.12188,0
0.768119,1.1049,3.12014,0
0.768207,1.08831,3.11644,0
0.768294,1.0747,3.12116,0
0.768381,1.05818,3.11729,0
0.768468,1.04203,3.11429,0
0.768556,1.02592,3.11121,0
0.768643,1.01141,3.11281,0
0.76873,0.996602,3.11338,0
0.768817,0.980301,3.10912,0
0.768905,0.96554,3.10954,0
0.768992,0.953132,3.11755,0
0.769079,0.937791,3.11594,0
0.769167,0.922198,3.11329,0
0.769254,0.907206,3.11248,0
0.769341,0.893065,3.11449,0
0.769428,0.878924,3.11643,0
0.769516,0.863982,3.11542,0
0.769603,0.848539,3.1124,0
0.76969,0.833915,3.11221,0
0.769777,0.820328,3.11582,0
0.769865,0.802718,3.10388,0
0.769952,0.789414,3.10832,0
0.770039,0.775118,3.10883,0
0.770126,0.76012,3.10635,0
0.770214,0.746091,3.10769,0
0.770301,0.730003,3.10021,0
0.770388,0.713095,3.08875,0
0.770476,0.701377,3.09964,0
0.770563,0.690443,3.11438,0
0.77065,0.673876,3.10369,0
0.770737,0.65908,3.10073,0
0.770825,0.645748,3.10455,0
0.770912,0.632395,3.10832,0
0.770999,0.617266,3.1032,0
0.771086,0.60372,3.10587,0
0.771174,0.589603,3.10553,0
0.771261,0.574771,3.10119,0
0.771348,0.561412,3.10465,0
0.771435,0.548034,3.10805,0
0.771523,0.532943,3.10154,0
0.77161,0.518745,3.0999,0
0.771697,0.504732,3.09917,0
0.771785,0.491048,3.10035,0
0.771872,0.476755,3.09753,0
0.771959,0.463235,3.09958,0
0.772046,0.451141,3.11146,0
0.772134,0.436169,3.1035,0
0.772221,0.423432,3.11132,0
0.772308,0.408417,3.10223,0
0.772395,0.394246,3.09902,0
0.772483,0.380964,3.1027,0
0.77257,0.366952,3.10036,0
0.772657,0.353534,3.10292,0
0.772744,0.340645,3.1104,0
0.772832,0.326338,3.1049,0
0.772919,0.312286,3.10132,0
0.773006,0.29808,3.09568,0
0.773094,0.285119,3.10293,0
0.773181,0.270706,3.09418,0
0.773268,0.257202,3.09533,0
0.773355,0.243302,3.09144,0
0.773443,0.230181,3.09746,0
0.77353,0.216943,3.10242,0
0.773617,0.202881,3.09536,0
0.773704,0.189617,3.10021,0
0.773792,0.175975,3.09901,0
0.773879,0.162137,3.09375,0
0.773966,0.148636,3.09443,0
0.774053,0.135438,3.10204,0
0.774141,0.121863,3.10161,0
0.774228,0.108189,3.09811,0
0.774315,0.0945779,3.09556,0
0.774403,0.081201,3.10094,0
0.77449,0.0676481,3.10026,0
0.774577,0.0540851,3.09853,0
0.774664,0.0405517,3.09773,0
0.774752,0.0270524,3.09988,0
0.774839,0.0134784,3.08897,0
0.774926,1.12167e-07,3.083,0
0.775013,-0.0135131,3.09697,0
0.775101,-0.0270521,3.09988,0
0.775188,-0.0405645,3.09873,0
0.775275,-0.0539802,3.09253,0
0.775362,-0.0675388,3.09526,0
0.77545,-0.0810437,3.09494,0
0.775537,-0.0945777,3.09556,0
0.775624,-0.108363,3.10311,0
0.775712,-0.121745,3.09861,0
0.775799,-0.135351,3.10005,0
0.775886,-0.148924,3.10043,0
0.775973,-0.162398,3.09875,0
0.776061,-0.176371,3.106,0
0.776148,-0.1898,3.1032,0
0.776235,-0.203011,3.09735,0
0.776322,-0.217012,3.10342,0
0.77641,-0.229884,3.09347,0
0.776497,-0.24338,3.09244,0
0.776584,-0.257037,3.09334,0
0.776671,-0.271403,3.10215,0
0.776759,-0.284844,3.09994,0
0.776846,-0.298847,3.10365,0
0.776933,-0.311685,3.09535,0
0.777021,-0.325711,3.09893,0
0.777108,-0.339338,3.09847,0
0.777195,-0.352288,3.092,0
0.777282,-0.367187,3.10235,0
0.77737,-0.379988,3.09476,0
0.777457,-0.394624,3.102,0
0.777544,-0.407372,3.0943,0
0.777631,-0.421004,3.09348,0
0.777719,-0.435194,3.09657,0
0.777806,-0.449706,3.10157,0
0.777893,-0.461756,3.08969,0
0.77798,-0.476146,3.09357,0
0.778068,-0.490891,3.09937,0
0.778155,-0.504571,3.09818,0
0.778242,-0.518744,3.0999,0
0.77833,-0.531927,3.09563,0
0.778417,-0.545602,3.09427,0
0.778504,-0.559632,3.09481,0
0.778591,-0.574771,3.10119,0
0.778679,-0.587737,3.0957,0
0.778766,-0.601811,3.09605,0
0.778853,-0.6159,3.09634,0
0.77894,-0.627809,3.08578,0
0.779028,-0.643711,3.09476,0
0.779115,-0.65804,3.09584,0
0.779202,-0.670906,3.09,0
0.779289,-0.684165,3.08607,0
0.779377,-0.69939,3.09086,0
0.779464,-0.714444,3.0946,0
0.779551,-0.725648,3.08172,0
0.779639,-0.742823,3.09408,0
0.779726,-0.758456,3.09955,0
0.779813,-0.772457,3.09815,0
0.7799,-0.785721,3.09379,0
0.779988,-0.799964,3.09323,0
0.780075,-0.811671,3.08294,0
0.780162,-0.82615,3.08324,0
0.780249,-0.842226,3.08925,0
0.780337,-0.857301,3.09133,0
0.780424,-0.872409,3.09333,0
0.780511,-0.885898,3.0895,0
0.780598,-0.89937,3.0856,0
0.780686,-0.912825,3.08165,0
0.780773,-0.930297,3.09104,0
0.78086,-0.94436,3.08886,0
0.780948,-0.958719,3.08758,0
0.781035,-0.973685,3.08814,0
0.781122,-0.98715,3.08386,0
0.781209,-1.00121,3.08142,0
0.781297,-1.01778,3.08652,0
0.781384,-1.03378,3.08964,0
0.781471,-1.04661,3.0832,0
0.781558,-1.0594,3.07672,0
0.781646,-1.0738,3.0749,0
0.781733,-1.09088,3.08055,0
0.78182,-1.10634,3.08141,0
0.781907,-1.11191,3.05494,0
0.781995,-1.1145,3.02098,0
0.782082,-1.1035,2.95145,0
0.782169,-1.11283,2.93726,0
0.782257,-1.11667,2.90904,0
0.782344,-1.11631,2.87058,0
0.782431,-1.11526,2.83126,0
0.782518,-1.11612,2.79757,0
0.782606,-1.11296,2.75466,0
0.782693,-1.11701,2.73034,0
0.78278,-1.11667,2.69588,0
0.782867,-1.11489,2.65871,0
0.782955,-1.12218,2.64369,0
0.783042,-1.11949,2.60569,0
0.783129,-1.1169,2.56869,0
0.783216,-1.11078,2.52443,0
0.783304,-1.11242,2.49855,0
0.783391,-1.11346,2.47179,0
0.783478,-1.10723,2.4296,0
0.783566,-1.11615,2.42111,0
0.783653,-1.10599,2.37181,0
0.78374,-1.10993,2.35339,0
0.783827,-1.11201,2.33138,0
0.783915,-1.11001,2.30128,0
0.784002,-1.10557,2.26676,0
0.784089,-1.1097,2.25025,0
0.784176,-1.1088,2.22391,0
0.784264,-1.10679,2.19584,0
0.784351,-1.10274,2.16425,0
0.784438,-1.11034,2.15587,0
0.784525,-1.1045,2.12173,0
0.784613,-1.10909,2.10804,0
0.7847,-1.10185,2.07228,0
0.784787,-1.10378,2.05424,0
0.784875,-1.1051,2.03534,0
0.784962,-1.10291,2.01033,0
0.785049,-1.10634,1.99588,0
0.785136,-1.10282,1.96922,0
0.785224,-1.10401,1.95134,0
0.785311,-1.10408,1.93174,0
0.785398,-1.105,1.91392,0
0.785485,-1.09722,1.88143,0
0.785573,-1.10187,1.8706,0
0.78566,-1.09979,1.84858,0
0.785747,-1.10476,1.83862,0
0.785834,-1.09306,1.8013,0
0.785922,-1.09881,1.7931,0
0.786009,-1.09242,1.76533,0
0.786096,-1.10276,1.76479,0
0.786184,-1.09871,1.74135,0
0.786271,-1.0977,1.72305,0
0.786358,-1.10034,1.71067,0
0.786445,-1.09364,1.68405,0
0.786533,-1.09604,1.67174,0
0.78662,-1.09449,1.6536,0
0.786707,-1.09614,1.64049,0
0.786794,-1.09266,1.61994,0
0.786882,-1.09634,1.6102,0
0.786969,-1.09486,1.59304,0
0.787056,-1.09781,1.58249,0
0.787143,-1.09266,1.56048,0
0.787231,-1.096,1.5508,0
0.787318,-1.09056,1.52891,0
0.787405,-1.09897,1.52657,0
0.787493,-1.08799,1.49749,0
0.78758,-1.09806,1.49757,0
0.787667,-1.09388,1.47829,0
0.787754,-1.09613,1.4679,0
0.787842,-1.09169,1.44872,0
0.787929,-1.09013,1.4336,0
0.788016,-1.09638,1.42883,0
0.788103,-1.09587,1.41533,0
0.788191,-1.09403,1.4003,0
0.788278,-1.09146,1.38451,0
0.788365,-1.09438,1.37583,0
0.788452,-1.09474,1.36402,0
0.78854,-1.09124,1.34757,0
0.788627,-1.08952,1.3335,0
0.788714,-1.09087,1.32334,0
0.788802,-1.09216,1.31318,0
0.788889,-1.09595,1.30611,0
0.788976,-1.09647,1.29521,0
0.789063,-1.08912,1.2752,0
0.789151,-1.09272,1.26816,0
0.789238,-1.09759,1.26263,0
0.789325,-0.068572,0.0781913,0
0.789412,-0.0543348,0.0614144,0
0.7895,-0.0399529,0.0447634,0
0.789587,-0.0695896,0.0772871,0
0.789674,-0.0558064,0.0614381,0
0.789761,-0.0621543,0.0678295,0
0.789849,-0.0386916,0.0418564,0
0.789936,-0.0484219,0.0519261,0
0.790023,-0.033574,0.0356902,0
0.790111,-0.0337294,0.0355433,0
0.790198,-0.0484059,0.0505655,0
0.790285,-0.0368169,0.038125,0
0.790372,-0.0272138,0.0279358,0
0.79046,-0.0364473,0.037089,0
0.790547,-0.0401288,0.0404806,0
