7200
3588
3.12414
3.13985,-0.0282843,-0.0282843,0
3.13993,-0.0330887,-0.0333787,0
3.14002,-0.0497646,-0.0506408,0
3.14011,-0.0327962,-0.0336662,0
3.1402,-0.0340383,-0.0352476,0
3.14028,-0.0435653,-0.0455089,0
3.14037,-0.0399246,-0.0420717,0
3.14046,-0.0390554,-0.0415171,0
3.14055,-0.0552419,-0.0592396,0
3.14063,-0.0454797,-0.0491996,0
3.14072,-0.0466157,-0.0508721,0
3.14081,-0.0510999,-0.0562566,0
3.14089,-0.0568761,-0.0631673,0
3.14098,-0.0572658,-0.0641609,0
3.14107,-0.0655994,-0.0741466,0
3.14116,-0.0619785,-0.0706729,0
3.14124,-0.0649498,-0.0747162,0
3.14133,-0.0704981,-0.081817,0
3.14142,-0.0454614,-0.0532284,0
3.14151,-0.0510438,-0.0602954,0
3.14159,-0.0597792,-0.0712421,0
3.14168,-0.052434,-0.063045,0
3.14177,-0.0540667,-0.0655881,0
3.14185,-0.0582089,-0.0712441,0
3.14194,-0.0597854,-0.0738289,0
3.14203,-0.0563331,-0.0701896,0
3.14212,-0.0597614,-0.0751304,0
3.1422,-0.0569566,-0.0722492,0
3.14229,-0.0627975,-0.0803771,0
3.14238,-0.0569362,-0.0735341,0
3.14247,-0.0560061,-0.0729885,0
3.14255,-0.0544765,-0.0716402,0
3.14264,-0.0619869,-0.0822595,0
3.14273,-0.0598325,-0.0801254,0
3.14281,-0.0630512,-0.0852088,0
3.1429,-0.0561744,-0.0766122,0
3.14299,-0.0534885,-0.0736205,0
3.14308,-0.0613462,-0.0852153,0
3.14316,-0.0592317,-0.0830398,0
3.14325,-0.0559831,-0.0792142,0
3.14334,-0.0533426,-0.0761811,0
3.14343,-0.0587097,-0.0846296,0
3.14351,-0.0623047,-0.0906539,0
3.1436,-0.0675366,-0.0991908,0
3.14369,-0.066544,-0.0986555,0
3.14377,-0.0716686,-0.10726,0
3.14386,-0.0916215,-0.138425,0
3.14395,-0.111304,-0.169766,0
3.14404,-0.124178,-0.191217,0
3.14412,-0.162292,-0.252312,0
3.14421,-0.192353,-0.301934,0
3.1443,-0.195837,-0.310382,0
3.14439,-0.206139,-0.329891,0
3.14447,-0.212064,-0.342692,0
3.14456,-0.222062,-0.362372,0
3.14465,-0.213216,-0.351369,0
3.14473,-0.217861,-0.362582,0
3.14482,-0.230593,-0.387592,0
3.14491,-0.222302,-0.377394,0
3.145,-0.223172,-0.382679,0
3.14508,-0.212,-0.367195,0
3.14517,-0.226275,-0.395899,0
3.14526,-0.220606,-0.389919,0
3.14535,-0.199357,-0.355978,0
3.14543,-0.665159,-1.19998,0
3.14552,-0.664246,-1.21076,0
3.14561,-0.665636,-1.22595,0
3.14569,-0.664068,-1.23589,0
3.14578,-0.661955,-1.24496,0
3.14587,-0.661638,-1.25757,0
3.14596,-0.666765,-1.28084,0
3.14604,-0.663917,-1.28907,0
3.14613,-0.666912,-1.30889,0
3.14622,-0.661645,-1.31268,0
3.1463,-0.664389,-1.33256,0
3.14639,-0.662106,-1.34262,0
3.14648,-0.65931,-1.35179,0
3.14657,-0.656012,-1.36005,0
3.14665,-0.658252,-1.38005,0
3.14674,-0.655636,-1.39015,0
3.14683,-0.658862,-1.41293,0
3.14692,-0.654784,-1.42034,0
3.147,-0.656459,-1.44047,0
3.14709,-0.644007,-1.42964,0
3.14718,-0.624341,-1.40229,0
3.14726,-0.610967,-1.38853,0
3.14735,-0.604105,-1.38935,0
3.14744,-0.5933,-1.38094,0
3.14753,-0.586487,-1.38168,0
3.14761,-0.579293,-1.38146,0
3.1477,-0.577852,-1.39506,0
3.14779,-0.567973,-1.38831,0
3.14788,-0.564907,-1.39819,0
3.14796,-0.554725,-1.39043,0
3.14805,-0.54682,-1.38818,0
3.14814,-0.545107,-1.40174,0
3.14822,-0.539344,-1.40504,0
3.14831,-0.533562,-1.40831,0
3.1484,-0.531265,-1.42093,0
3.14849,-0.524021,-1.42042,0
3.14857,-0.519871,-1.42833,0
3.14866,-0.514985,-1.43435,0
3.14875,-0.511392,-1.44413,0
3.14884,-0.505745,-1.44823,0
3.14892,-0.496166,-1.44097,0
3.14901,-0.49341,-1.45354,0
3.1491,-0.48738,-1.45663,0
3.14918,-0.484778,-1.47013,0
3.14927,-0.478667,-1.47319,0
3.14936,-0.476503,-1.48859,0
3.14945,-0.472409,-1.49829,0
3.14953,-0.464681,-1.49652,0
3.14962,-0.459608,-1.50331,0
3.14971,-0.456791,-1.51775,0
3.1498,-0.450732,-1.52165,0
3.14988,-0.446047,-1.53032,0
3.14997,-0.441295,-1.53898,0
3.15006,-0.437833,-1.55244,0
3.15014,-0.43159,-1.55626,0
3.15023,-0.427426,-1.56778,0
3.15032,-0.425757,-1.58895,0
3.15041,-0.425694,-1.6169,0
3.15049,-0.438415,-1.69523,0
3.15058,-0.45883,-1.80665,0
3.15067,-0.564888,-2.26564,0
3.15076,-0.557136,-2.27683,0
3.15084,-0.547663,-2.28118,0
3.15093,-0.537246,-2.2816,0
3.15102,-0.52751,-2.2849,0
3.1511,-0.516432,-2.2823,0
3.15119,-0.504304,-2.27477,0
3.15128,-0.494798,-2.2789,0
3.15137,-0.484642,-2.28006,0
3.15145,-0.473671,-2.27726,0
3.15154,-0.464129,-2.28126,0
3.15163,-0.45417,-2.28327,0
3.15172,-0.444585,-2.28719,0
3.1518,-0.432363,-2.27732,0
3.15189,-0.423151,-2.28312,0
3.15198,-0.411761,-2.27707,0
3.15206,-0.403211,-2.28672,0
3.15215,-0.391028,-2.27565,0
3.15224,-0.379114,-2.2655,0
3.15233,-0.369869,-2.27108,0
3.15241,-0.358704,-2.26477,0
3.1525,-0.349884,-2.27323,0
3.15259,-0.340996,-2.28166,0
3.15268,-0.331181,-2.28412,0
3.15276,-0.321212,-2.28554,0
3.15285,-0.309618,-2.27503,0
3.15294,-0.299949,-2.27834,0
3.15302,-0.289122,-2.27268,0
3.15311,-0.279568,-2.2769,0
3.1532,-0.269631,-2.2781,0
3.15329,-0.259122,-2.27429,0
3.15337,-0.249414,-2.27738,0
3.15346,-0.239266,-2.27646,0
3.15355,-0.22923,-2.27649,0
3.15364,-0.219678,-2.28145,0
3.15372,-0.208715,-2.27143,0
3.15381,-0.198366,-2.26734,0
3.1539,-0.189134,-2.27616,0
3.15398,-0.178651,-2.26998,0
3.15407,-0.168671,-2.26974,0
3.15416,-0.158487,-2.26647,0
3.15425,-0.148858,-2.27113,0
3.15433,-0.138885,-2.27076,0
3.15442,-0.128579,-2.26435,0
3.15451,-0.119064,-2.27188,0
3.1546,-0.109198,-2.27338,0
3.15468,-0.0993214,-2.27483,0
3.15477,-0.0890805,-2.26725,0
3.15486,-0.0792219,-2.26862,0
3.15494,-0.0693225,-2.26894,0
3.15503,-0.0593955,-2.26822,0
3.15512,-0.0493453,-2.26146,0
3.15521,-0.0395995,-2.26865,0
3.15529,-0.0295825,-2.25981,0
3.15538,-0.0196958,-2.25691,0
3.15547,-0.00989601,-2.26798,0
3.15556,-2.74177e-08,-2.276,0
3.15564,0.00993523,-2.27698,0
3.15573,0.0197656,-2.26491,0
3.15582,0.0297657,-2.27381,0
3.1559,0.0395122,-2.26366,0
3.15599,0.0493671,-2.26246,0
3.15608,0.0594478,-2.27022,0
3.15617,0.0693224,-2.26894,0
3.15625,0.0792916,-2.27062,0
3.15634,0.0891983,-2.27025,0
3.15643,0.099016,-2.26784,0
3.15652,0.109102,-2.27138,0
3.1566,0.118698,-2.26489,0
3.15669,0.128806,-2.26835,0
3.15678,0.138763,-2.26876,0
3.15686,0.148269,-2.26215,0
3.15695,0.157859,-2.25749,0
3.15704,0.168449,-2.26675,0
3.15713,0.177945,-2.26101,0
3.15721,0.188554,-2.26918,0
3.1573,0.197582,-2.25837,0
3.15739,0.208624,-2.27044,0
3.15748,0.218241,-2.26652,0
3.15756,0.228228,-2.26654,0
3.15765,0.237802,-2.26254,0
3.15774,0.248434,-2.26844,0
3.15782,0.25765,-2.26137,0
3.15791,0.268338,-2.26718,0
3.158,0.277862,-2.26301,0
3.15809,0.288617,-2.26872,0
3.15817,0.29773,-2.26149,0
3.15826,0.306786,-2.25422,0
3.15835,0.317454,-2.2588,0
3.15844,0.32745,-2.25838,0
3.15852,0.337301,-2.25693,0
3.15861,0.348363,-2.26335,0
3.1587,0.357453,-2.25687,0
3.15878,0.370029,-2.27207,0
3.15887,0.377464,-2.25564,0
3.15896,0.389843,-2.26875,0
3.15905,0.398696,-2.26112,0
3.15913,0.409626,-2.26526,0
3.15922,0.419142,-2.26149,0
3.15931,0.428632,-2.25767,0
3.15939,0.439242,-2.25971,0
3.15948,0.451439,-2.26954,0
3.15957,0.460341,-2.26265,0
3.15966,0.470616,-2.26257,0
3.15974,0.479236,-2.25463,0
3.15983,0.488857,-2.25154,0
3.15992,0.501923,-2.26403,0
3.16001,0.510694,-2.25694,0
3.16009,0.522786,-2.26444,0
3.16018,0.532662,-2.26213,0
3.16027,0.542294,-2.25882,0
3.16035,0.55262,-2.25837,0
3.16044,0.561017,-2.25012,0
3.16053,0.573045,-2.25637,0
3.16062,0.585388,-2.26353,0
3.1607,0.595514,-2.26192,0
3.16079,0.60486,-2.25737,0
3.16088,0.617597,-2.26532,0
3.16097,0.626407,-2.25875,0
3.16105,0.635985,-2.25503,0
3.16114,0.644716,-2.24839,0
3.16123,0.655639,-2.2494,0
3.16131,0.667436,-2.25323,0
3.1614,0.678126,-2.25317,0
3.16149,0.691751,-2.26262,0
3.16158,0.700431,-2.25576,0
3.16166,0.712973,-2.26126,0
3.16175,0.722833,-2.25813,0
3.16184,0.734842,-2.26161,0
3.16193,0.742511,-2.25174,0
3.16201,0.755502,-2.25796,0
3.1621,0.763097,-2.24801,0
3.16219,0.777457,-2.2579,0
3.16227,0.785982,-2.25071,0
3.16236,0.797131,-2.25103,0
3.16245,0.809986,-2.256,0
3.16254,0.820164,-2.25338,0
3.16262,0.833104,-2.25823,0
3.16271,0.841899,-2.25176,0
3.1628,0.852424,-2.24994,0
3.16289,0.862233,-2.24619,0
3.16297,0.874201,-2.248,0
3.16306,0.888032,-2.2544,0
3.16315,0.89712,-2.24865,0
3.16323,0.906923,-2.24471,0
3.16332,0.923145,-2.25647,0
3.16341,0.932217,-2.25057,0
3.1635,0.948602,-2.26216,0
3.16358,0.954165,-2.24787,0
3.16367,0.967912,-2.25288,0
3.16376,0.976935,-2.2468,0
3.16385,0.988743,-2.24709,0
3.16393,1.00139,-2.24915,0
3.16402,1.01283,-2.24841,0
3.16411,1.02388,-2.24669,0
3.16419,1.03535,-2.24584,0
3.16428,1.04556,-2.24221,0
3.16437,1.05704,-2.24124,0
3.16446,1.07197,-2.24744,0
3.16454,1.08655,-2.25265,0
3.16463,1.09637,-2.24788,0
3.16472,1.11147,-2.25384,0
3.16481,1.12308,-2.25255,0
3.16489,1.13605,-2.25388,0
3.16498,1.14224,-2.24177,0
3.16507,1.15888,-2.2501,0
3.16515,1.16915,-2.24591,0
3.16524,1.1808,-2.24433,0
3.16533,1.19434,-2.24622,0
3.16542,1.20602,-2.24451,0
3.1655,1.22153,-2.24977,0
3.16559,1.23374,-2.2488,0
3.16568,1.24984,-2.25477,0
3.16577,1.26113,-2.25191,0
3.16585,1.26701,-2.23943,0
3.16594,1.27974,-2.23908,0
3.16603,1.2975,-2.24734,0
3.16611,1.3078,-2.24252,0
3.1662,1.32163,-2.24368,0
3.16629,1.33345,-2.24133,0
3.16638,1.34888,-2.24492,0
3.16646,1.36334,-2.24671,0
3.16655,1.37626,-2.24585,0
3.16664,1.38657,-2.24068,0
3.16673,1.40217,-2.24394,0
3.16681,1.42315,-2.25556,0
3.1669,1.42814,-2.24173,0
3.16699,1.44711,-2.24978,0
3.16707,1.45909,-2.2468,0
3.16716,1.47052,-2.24292,0
3.16725,1.48692,-2.24649,0
3.16734,1.49448,-2.23665,0
3.16742,1.51318,-2.24338,0
3.16751,1.52576,-2.24088,0
3.1676,1.54402,-2.24657,0
3.16769,1.55837,-2.24638,0
3.16777,1.57447,-2.24857,0
3.16786,1.58426,-2.24168,0
3.16795,1.601,-2.24452,0
3.16803,1.61253,-2.23994,0
3.16812,1.63169,-2.24583,0
3.16821,1.64029,-2.23708,0
3.1683,1.65718,-2.23955,0
3.16838,1.67292,-2.24031,0
3.16847,1.69411,-2.24816,0
3.16856,1.7033,-2.23995,0
3.16865,1.71975,-2.24122,0
3.16873,1.7338,-2.23923,0
3.16882,1.7534,-2.24425,0
3.16891,1.76627,-2.24051,0
3.16899,1.78039,-2.23826,0
3.16908,1.79953,-2.24217,0
3.16917,1.8093,-2.23429,0
3.16926,1.83421,-2.24496,0
3.16934,1.84081,-2.23308,0
3.16943,1.86269,-2.23964,0
3.16952,1.8898,-2.25217,0
3.16961,1.8996,-2.2439,0
3.16969,1.91522,-2.24244,0
3.16978,1.93021,-2.24012,0
3.16987,1.94128,-2.23319,0
3.16995,1.96485,-2.24048,0
3.17004,1.97858,-2.23638,0
3.17013,2.00231,-2.24339,0
3.17022,2.01743,-2.24058,0
3.1703,2.02584,-2.23028,0
3.17039,2.03015,-2.21552,0
3.17048,2.03369,-2.20003,0
3.17057,2.02622,-2.17285,0
3.17065,2.02266,-2.15015,0
3.17074,2.02583,-2.13478,0
3.17083,2.02821,-2.11869,0
3.17091,2.02423,-2.09616,0
3.171,2.02569,-2.07942,0
3.17109,2.02423,-2.05987,0
3.17118,2.02404,-2.04178,0
3.17126,2.02091,-2.02091,0
3.17135,2.02687,-2.00926,0
3.17144,2.02349,-1.98848,0
3.17152,2.02642,-1.97405,0
3.17161,2.02206,-1.95268,0
3.1717,2.0219,-1.93555,0
3.17179,2.02234,-1.91913,0
3.17187,2.01977,-1.90001,0
3.17196,2.02439,-1.88777,0
3.17205,2.01645,-1.86399,0
3.17214,2.02088,-1.85179,0
3.17222,2.01709,-1.8322,0
3.17231,2.02135,-1.82004,0
3.1724,2.03077,-1.81253,0
3.17248,2.02293,-1.78974,0
3.17257,2.01869,-1.77034,0
3.17266,2.01206,-1.74905,0
3.17275,2.01512,-1.73634,0
3.17283,2.01584,-1.72169,0
3.17292,2.01035,-1.70189,0
3.17301,2.0124,-1.6886,0
3.1731,2.00745,-1.66958,0
3.17318,2.00622,-1.6538,0
3.17327,2.0142,-1.64567,0
3.17336,2.01281,-1.62994,0
3.17344,2.01678,-1.61864,0
3.17353,2.01365,-1.60173,0
3.17362,2.01277,-1.58674,0
3.17371,2.00155,-1.56378,0
3.17379,1.99807,-1.54707,0
3.17388,2.00163,-1.53591,0
3.17397,2.00274,-1.52292,0
3.17406,2.00537,-1.51116,0
3.17414,2.00554,-1.49761,0
3.17423,2.00482,-1.48349,0
3.17432,2.00966,-1.47354,0
3.1744,2.00879,-1.45947,0
3.17449,2.00783,-1.44543,0
3.17458,2.00435,-1.42969,0
3.17467,1.99914,-1.41285,0
3.17475,1.99627,-1.39781,0
3.17484,1.99742,-1.38566,0
3.17493,2.0018,-1.3758,0
3.17502,2.002,-1.36311,0
3.1751,2.00461,-1.35213,0
3.17519,2.00135,-1.33726,0
3.17528,1.99799,-1.32244,0
3.17536,1.99956,-1.31097,0
3.17545,1.99687,-1.29679,0
3.17554,1.99999,-1.28644,0
3.17563,1.99799,-1.27286,0
3.17571,1.99592,-1.25933,0
3.1758,2.00224,-1.25114,0
3.17589,2.00173,-1.23871,0
3.17598,2.00285,-1.22735,0
3.17606,1.99964,-1.21341,0
3.17615,1.99549,-1.19901,0
3.17624,1.98953,-1.18364,0
3.17632,1.99295,-1.17394,0
3.17641,2.00151,-1.16724,0
3.1765,1.99532,-1.152,0
3.17659,1.98904,-1.13683,0
3.17667,1.99137,-1.12667,0
3.17676,1.99802,-1.11894,0
3.17685,1.99938,-1.10827,0
3.17694,1.98929,-1.09136,0
3.17702,1.98876,-1.07981,0
3.17711,1.99962,-1.07444,0
3.1772,2.00341,-1.06523,0
3.17728,2.00184,-1.05322,0
3.17737,1.99755,-1.03986,0
3.17746,1.99851,-1.0293,0
3.17755,1.99496,-1.01648,0
3.17763,2.00027,-1.00822,0
3.17772,1.99928,-0.996806,0
3.17781,1.99823,-0.985419,0
3.1779,1.99442,-0.972746,0
3.17798,1.99955,-0.964469,0
3.17807,2.00374,-0.955735,0
3.17816,2.00065,-0.94357,0
3.17824,2.00294,-0.933986,0
3.17833,1.99247,-0.91854,0
3.17842,1.99463,-0.909008,0
3.17851,1.99311,-0.897831,0
3.17859,1.9897,-0.885872,0
3.17868,1.98714,-0.874363,0
3.17877,1.99736,-0.868475,0
3.17886,1.99653,-0.857778,0
3.17894,1.99381,-0.846324,0
3.17903,1.99841,-0.838003,0
3.17912,1.9965,-0.826979,0
3.1792,1.99454,-0.815988,0
3.17929,1.99715,-0.806903,0
3.17938,1.9923,-0.794846,0
3.17947,1.98551,-0.782114,0
3.17955,1.97958,-0.769818,0
3.17964,1.96705,-0.755081,0
3.17973,1.77676,-0.673153,0
3.17982,1.73378,-0.648234,0
3.1799,1.7319,-0.638932,0
3.17999,1.72434,-0.627607,0
3.18008,1.72047,-0.617712,0
3.18016,1.71844,-0.60853,0
3.18025,1.72674,-0.603004,0
3.18034,1.72746,-0.594813,0
3.18043,1.71678,-0.58277,0
3.18051,1.71647,-0.574321,0
3.1806,1.72275,-0.568079,0
3.18069,1.72141,-0.559321,0
3.18078,1.72003,-0.550585,0
3.18086,1.71669,-0.54127,0
3.18095,1.7219,-0.534665,0
3.18104,1.71561,-0.524515,0
3.18112,1.7198,-0.517601,0
3.18121,1.71437,-0.507819,0
3.1813,1.72233,-0.502013,0
3.18139,1.71585,-0.492013,0
3.18147,1.71317,-0.483164,0
3.18156,1.69888,-0.471141,0
3.18165,1.70478,-0.464776,0
3.18174,1.71162,-0.458627,0
3.18182,1.71361,-0.451155,0
3.18191,1.71459,-0.443423,0
3.182,1.71069,-0.434461,0
3.18208,1.70578,-0.425299,0
3.18217,1.70665,-0.417614,0
3.18226,1.70359,-0.408996,0
3.18235,1.70925,-0.402476,0
3.18243,1.70515,-0.393664,0
3.18252,1.69905,-0.384455,0
3.18261,1.70461,-0.377904,0
3.1827,1.70429,-0.370038,0
3.18278,1.69611,-0.360519,0
3.18287,1.69375,-0.3523,0
3.18296,1.70213,-0.346302,0
3.18304,1.70068,-0.338287,0
3.18313,1.68938,-0.328382,0
3.18322,1.68785,-0.320448,0
3.18331,1.6971,-0.314539,0
3.18339,1.70141,-0.307664,0
3.18348,1.71554,-0.302495,0
3.18357,1.77302,-0.30466,0
3.18366,1.94594,-0.325639,0
3.18374,1.96511,-0.320038,0
3.18383,1.96748,-0.311617,0
3.18392,1.98068,-0.304855,0
3.184,1.98891,-0.297245,0
3.18409,1.99613,-0.289425,0
3.18418,1.99341,-0.280156,0
3.18427,1.9857,-0.270241,0
3.18435,1.98487,-0.261313,0
3.18444,1.985,-0.252524,0
3.18453,1.99105,-0.24447,0
3.18461,1.98912,-0.235427,0
3.1847,1.97423,-0.224935,0
3.18479,1.98911,-0.217843,0
3.18488,1.99004,-0.209161,0
3.18496,1.98795,-0.200176,0
3.18505,1.98681,-0.191308,0
3.18514,1.99659,-0.183461,0
3.18523,1.98542,-0.173701,0
3.18531,1.98516,-0.164954,0
3.1854,1.98686,-0.156369,0
3.18549,1.99251,-0.148069,0
3.18557,1.98715,-0.138955,0
3.18566,1.99173,-0.130545,0
3.18575,1.9793,-0.121059,0
3.18584,1.98081,-0.112479,0
3.18592,1.97629,-0.103573,0
3.18601,1.97872,-0.0950447,0
3.1861,1.97911,-0.0864101,0
3.18619,1.98047,-0.077813,0
3.18627,1.98479,-0.0693104,0
3.18636,1.97608,-0.0603747,0
3.18645,1.97832,-0.0518042,0
3.18653,1.98453,-0.0433026,0
3.18662,1.9837,-0.0346256,0
3.18671,1.98783,-0.0260222,0
3.1868,1.98192,-0.017296,0
3.18688,1.97998,-0.0086394,0
3.18697,1.984,-4.80413e-08,0
3.18706,1.98598,0.00866548,0
3.18715,1.98692,0.0173396,0
3.18723,1.98083,0.0259304,0
3.18732,1.9757,0.0344859,0
3.18741,1.97053,0.0429971,0
3.18749,1.97332,0.0516732,0
3.18758,1.95809,0.0598249,0
3.18767,1.78791,0.0624352,0
3.18776,1.71668,0.0674483,0
3.18784,1.69239,0.0738912,0
3.18793,1.69804,0.0815628,0
3.18802,1.69268,0.0887094,0
3.18811,1.70425,0.0967745,0
3.18819,1.68884,0.103294,0
3.18828,1.69636,0.111185,0
3.18837,1.69785,0.118725,0
3.18845,1.69233,0.125762,0
3.18854,1.70074,0.133851,0
3.18863,1.70014,0.141271,0
3.18872,1.70549,0.149211,0
3.1888,1.69785,0.15601,0
3.18889,1.68919,0.16265,0
3.18898,1.69045,0.170219,0
3.18907,1.69268,0.177907,0
3.18915,1.69288,0.1854,0
3.18924,1.69603,0.193238,0
3.18933,1.68921,0.199931,0
3.18941,1.68534,0.206934,0
3.1895,1.68641,0.214538,0
3.18959,1.6914,0.222678,0
3.18968,1.68943,0.229921,0
3.18976,1.70722,0.239934,0
3.18985,1.8071,0.262017,0
3.18994,1.95924,0.29281,0
3.19003,1.96684,0.302725,0
3.19011,1.97735,0.313182,0
3.1902,1.97991,0.32245,0
3.19029,1.98046,0.331416,0
3.19037,1.98294,0.340731,0
3.19046,1.99128,0.351117,0
3.19055,1.98383,0.358734,0
3.19064,1.98814,0.36848,0
3.19072,1.98258,0.376405,0
3.19081,1.98976,0.38677,0
3.1909,1.98217,0.394277,0
3.19099,1.98141,0.403122,0
3.19107,1.98746,0.413393,0
3.19116,1.98271,0.421437,0
3.19125,1.98085,0.430084,0
3.19133,1.97993,0.43894,0
3.19142,1.9858,0.44934,0
3.19151,1.98089,0.457325,0
3.1916,1.98375,0.46711,0
3.19168,1.98072,0.475528,0
3.19177,1.98445,0.485592,0
3.19186,1.97067,0.491343,0
3.19195,1.96754,0.499691,0
3.19203,1.97405,0.510525,0
3.19212,1.97954,0.52117,0
3.19221,1.97145,0.52825,0
3.19229,1.9701,0.53711,0
3.19238,1.97641,0.548106,0
3.19247,1.97496,0.556996,0
3.19256,1.97828,0.567262,0
3.19264,1.9825,0.577847,0
3.19273,1.98476,0.587912,0
3.19282,1.97547,0.594549,0
3.19291,1.97573,0.60404,0
3.19299,1.97976,0.614731,0
3.19308,1.98087,0.624566,0
3.19317,1.98384,0.635032,0
3.19325,1.98485,0.644918,0
3.19334,1.98107,0.65326,0
3.19343,1.97725,0.66158,0
3.19352,1.97814,0.671487,0
3.1936,1.97897,0.681414,0
3.19369,1.97692,0.690372,0
3.19378,1.98143,0.701662,0
3.19387,1.97835,0.710301,0
3.19395,1.97899,0.720294,0
3.19404,1.98146,0.730999,0
3.19413,1.97732,0.739288,0
3.19421,1.97407,0.747908,0
3.1943,1.96892,0.755798,0
3.19439,1.97399,0.767644,0
3.19448,1.98644,0.78248,0
3.19456,1.97836,0.789287,0
3.19465,1.97583,0.798287,0
3.19474,1.98158,0.810687,0
3.19483,1.98265,0.821239,0
3.19491,1.97628,0.828721,0
3.195,1.97816,0.839681,0
3.19509,1.9754,0.848699,0
3.19517,1.97351,0.858108,0
3.19526,1.97524,0.869127,0
3.19535,1.98148,0.882212,0
3.19544,1.98217,0.892903,0
3.19552,1.97917,0.901958,0
3.19561,1.98338,0.914353,0
3.1957,1.98391,0.925111,0
3.19579,1.97714,0.932479,0
3.19587,1.97034,0.939806,0
3.19596,1.96983,0.950132,0
3.19605,1.97465,0.963101,0
3.19613,1.97671,0.974804,0
3.19622,1.9787,0.986543,0
3.19631,1.97616,0.996068,0
3.1964,1.9816,1.00967,0
3.19648,1.98162,1.0206,0
3.19657,1.97449,1.02785,0
3.19666,1.97618,1.03972,0
3.19675,1.97604,1.05068,0
3.19683,1.98112,1.0645,0
3.19692,1.98525,1.0779,0
3.19701,2.03401,1.11589,0
3.19709,2.04224,1.13203,0
3.19718,2.03553,1.13995,0
3.19727,2.04098,1.15473,0
3.19736,2.05503,1.17454,0
3.19744,2.06027,1.1895,0
3.19753,2.06629,1.20503,0
3.19762,2.06705,1.21758,0
3.1977,2.04797,1.21841,0
3.19779,2.06492,1.24073,0
3.19788,2.06889,1.25543,0
3.19797,2.07106,1.26915,0
3.19805,2.07146,1.28186,0
3.19814,2.06076,1.2877,0
3.19823,2.05004,1.29348,0
3.19832,2.03932,1.29919,0
3.1984,2.03363,1.30808,0
3.19849,2.01784,1.3104,0
3.19858,2.01796,1.32303,0
3.19866,2.013,1.33238,0
3.19875,2.008,1.3417,0
3.19884,2.00793,1.35437,0
3.19893,2.00861,1.36762,0
3.19901,2.03312,1.39732,0
3.1991,2.03604,1.41245,0
3.19919,2.02904,1.42075,0
3.19928,2.04569,1.44575,0
3.19936,2.06541,1.47324,0
3.19945,2.0687,1.48925,0
3.19954,2.06218,1.49826,0
3.19962,2.0645,1.51375,0
3.19971,2.05707,1.52215,0
3.1998,2.0448,1.52692,0
3.19989,2.03013,1.52981,0
3.19997,2.04175,1.55258,0
3.20006,2.05161,1.57426,0
3.20015,2.06054,1.59544,0
3.20024,2.06538,1.61365,0
3.20032,2.06146,1.62512,0
3.20041,2.05591,1.63535,0
3.2005,2.03394,1.63241,0
3.20058,2.01903,1.63497,0
3.20067,2.03665,1.66402,0
3.20076,2.05175,1.69133,0
3.20085,2.04743,1.70283,0
3.20093,2.03078,1.70403,0
3.20102,2.01875,1.709,0
3.20111,2.01356,1.71974,0
3.2012,2.0083,1.73047,0
3.20128,1.99847,1.73724,0
3.20137,1.97734,1.73408,0
3.20146,1.97949,1.7513,0
3.20154,1.97108,1.75926,0
3.20163,1.97156,1.7752,0
3.20172,1.9712,1.79051,0
3.20181,1.96927,1.8045,0
3.20189,1.96431,1.81579,0
3.20198,1.9688,1.83594,0
3.20207,1.97316,1.85616,0
3.20216,1.97229,1.87164,0
3.20224,1.97061,1.88645,0
3.20233,1.97099,1.90336,0
3.20242,1.96911,1.91823,0
3.2025,1.96928,1.93521,0
3.20259,1.97147,1.95434,0
3.20268,1.97354,1.97353,0
3.20277,1.97406,1.99136,0
3.20285,1.96956,2.00423,0
3.20294,1.97265,2.02499,0
3.20303,1.97561,2.0458,0
3.20312,1.96874,2.05657,0
3.2032,1.97558,2.08182,0
3.20329,1.9747,2.09916,0
3.20338,1.97711,2.12019,0
3.20346,1.97056,2.13174,0
3.20355,1.97678,2.15727,0
3.20364,1.97945,2.1792,0
3.20373,1.97594,2.19451,0
3.20381,1.97301,2.21057,0
3.2039,1.97063,2.22739,0
3.20399,1.97078,2.24725,0
3.20408,1.97605,2.27319,0
3.20416,1.97264,2.28936,0
3.20425,1.97107,2.30783,0
3.20434,1.97262,2.33015,0
3.20442,1.97593,2.35482,0
3.20451,1.97587,2.37572,0
3.2046,1.97121,2.39126,0
3.20469,1.96835,2.40914,0
3.20477,1.96222,2.42314,0
3.20486,1.94099,2.41842,0
3.20495,1.92917,2.4253,0
3.20504,1.91424,2.4282,0
3.20512,1.887,2.41525,0
3.20521,1.87277,2.41872,0
3.2053,1.86038,2.42449,0
3.20538,1.84494,2.42621,0
3.20547,1.8223,2.41827,0
3.20556,1.80634,2.41899,0
3.20565,1.79101,2.42041,0
3.20573,1.77038,2.41449,0
3.20582,1.75278,2.41249,0
3.20591,1.73697,2.41281,0
3.206,1.72527,2.41874,0
3.20608,1.70489,2.41236,0
3.20617,1.69148,2.41568,0
3.20626,1.67921,2.42057,0
3.20634,1.66014,2.41551,0
3.20643,1.63833,2.4062,0
3.20652,1.6334,2.42162,0
3.20661,1.6106,2.41043,0
3.20669,1.59786,2.4141,0
3.20678,1.58237,2.41352,0
3.20687,1.56311,2.40698,0
3.20696,1.55368,2.41546,0
3.20704,1.53507,2.40957,0
3.20713,1.51973,2.40863,0
3.20722,1.50868,2.41439,0
3.2073,1.49603,2.41755,0
3.20739,1.4771,2.41041,0
3.20748,1.46242,2.41,0
3.20757,1.44777,2.4095,0
3.20765,1.43367,2.40978,0
3.20774,1.41045,2.39447,0
3.20783,1.3879,2.37987,0
3.20792,1.164,2.01611,0
3.208,1.09366,1.91351,0
3.20809,1.05822,1.87039,0
3.20818,1.05689,1.88721,0
3.20826,1.06804,1.92679,0
3.20835,1.07116,1.95247,0
3.20844,1.08458,1.99755,0
3.20853,1.09858,2.04455,0
3.20861,1.13237,2.12967,0
3.2087,1.12399,2.13636,0
3.20879,1.11928,2.15011,0
3.20888,1.10805,2.15142,0
3.20896,1.0982,2.15534,0
3.20905,1.08294,2.14851,0
3.20914,1.07444,2.155,0
3.20922,1.05397,2.13725,0
3.20931,1.04376,2.14003,0
3.2094,1.03268,2.14096,0
3.20949,1.02246,2.14364,0
3.20957,1.00756,2.13632,0
3.20966,0.999915,2.14432,0
3.20975,0.984688,2.13595,0
3.20983,0.969138,2.12658,0
3.20992,0.959439,2.12988,0
3.21001,0.94729,2.12765,0
3.2101,0.935581,2.12627,0
3.21018,0.921908,2.12024,0
3.21027,0.910674,2.11965,0
3.21036,0.901026,2.12268,0
3.21045,0.889049,2.12014,0
3.21053,0.874814,2.11199,0
3.21062,0.862562,2.10838,0
3.21071,0.850732,2.10563,0
3.21079,0.840795,2.10747,0
3.21088,0.822795,2.08879,0
3.21097,0.761482,1.95815,0
3.21106,0.734654,1.91384,0
3.21114,0.72488,1.91329,0
3.21123,0.718275,1.92111,0
3.21132,0.708502,1.92048,0
3.21141,0.700799,1.92543,0
3.21149,0.68935,1.92,0
3.21158,0.679965,1.92016,0
3.21167,0.670261,1.91933,0
3.21175,0.665787,1.93359,0
3.21184,0.652844,1.92322,0
3.21193,0.644763,1.92699,0
3.21202,0.633217,1.92029,0
3.2121,0.627923,1.93255,0
3.21219,0.616131,1.92479,0
3.21228,0.605922,1.92174,0
3.21237,0.597828,1.92532,0
3.21245,0.589421,1.92791,0
3.21254,0.582733,1.93621,0
3.21263,0.569735,1.92339,0
3.21271,0.561057,1.9249,0
3.2128,0.550448,1.91964,0
3.21289,0.543967,1.92876,0
3.21298,0.53421,1.9263,0
3.21306,0.524484,1.92379,0
3.21315,0.514791,1.92123,0
3.21324,0.506403,1.92345,0
3.21333,0.497004,1.92177,0
3.21341,0.489845,1.92877,0
3.2135,0.479489,1.92313,0
3.21359,0.471807,1.92811,0
3.21367,0.461988,1.92432,0
3.21376,0.454275,1.92924,0
3.21385,0.442479,1.91659,0
3.21394,0.434112,1.9185,0
3.21402,0.426819,1.92526,0
3.21411,0.415232,1.91244,0
3.2142,0.406467,1.91228,0
3.21429,0.399342,1.91991,0
3.21437,0.39116,1.92261,0
3.21446,0.381987,1.92038,0
3.21455,0.374367,1.92595,0
3.21463,0.364655,1.92069,0
3.21472,0.354995,1.91538,0
3.21481,0.345211,1.90904,0
3.2149,0.339482,1.9253,0
3.21498,0.329385,1.91691,0
3.21507,0.320523,1.91537,0
3.21516,0.312966,1.92168,0
3.21525,0.304109,1.92007,0
3.21533,0.294511,1.91347,0
3.21542,0.286898,1.91968,0
3.21551,0.278519,1.92091,0
3.21559,0.269718,1.91914,0
3.21568,0.260262,1.91237,0
3.21577,0.25309,1.92241,0
3.21586,0.243438,1.91358,0
3.21594,0.235817,1.92058,0
3.21603,0.226495,1.91364,0
3.21612,0.214407,1.88183,0
3.21621,0.134015,1.22368,0
3.21629,0.132647,1.26205,0
3.21638,0.12243,1.21585,0
3.21647,0.113673,1.18054,0
3.21655,0.104495,1.13721,0
3.21664,0.0987475,1.12869,0
3.21673,0.0919171,1.10619,0
3.21682,0.0872466,1.10857,0
3.2169,0.0817417,1.09997,0
3.21699,0.0778483,1.11328,0
3.21708,0.0718127,1.09565,0
3.21717,0.0673366,1.10094,0
3.21725,0.0619086,1.09024,0
3.21734,0.0569939,1.08751,0
3.21743,0.0519603,1.08175,0
3.21751,0.0475452,1.08896,0
3.2176,0.0429895,1.09416,0
3.21769,0.0380754,1.09034,0
3.21778,0.0332565,1.08849,0
3.21786,0.0284282,1.08563,0
3.21795,0.0238437,1.09274,0
3.21804,0.0191279,1.09583,0
3.21813,0.0146211,1.1169,0
3.21821,0.00981739,1.12496,0
3.2183,0.00491313,1.12599,0
3.21839,4.09301e-08,1.125,0
3.21847,-0.0049654,1.13799,0
3.21856,-0.00980858,1.12396,0
3.21865,-0.0151184,1.1549,0
3.21874,-0.0202971,1.16282,0
3.21882,-0.0253052,1.15972,0
3.21891,-0.0320144,1.22258,0
3.219,-0.057565,1.88412,0
3.21909,-0.0667976,1.91283,0
3.21917,-0.0747114,1.90153,0
3.21926,-0.0818735,1.87521,0
3.21935,-0.070096,1.45932,0
3.21943,-0.0725376,1.3841,0
3.21952,-0.0742675,1.30789,0
3.21961,-0.0783863,1.28161,0
3.2197,-0.0833889,1.27227,0
3.21978,-0.0887302,1.2689,0
3.21987,-0.0935249,1.25853,0
3.21996,-0.0983092,1.24914,0
3.22005,-0.103924,1.25069,0
3.22013,-0.10389,1.18746,0
3.22022,-0.0912271,0.992818,0
3.22031,-0.0713092,0.740575,0
3.22039,-0.0615155,0.610911,0
3.22048,-0.0612537,0.58279,0
3.22057,-0.0641226,0.585499,0
3.22066,-0.0662239,0.58124,0
3.22074,-0.0688769,0.581938,0
3.22083,-0.0715373,0.582625,0
3.22092,-0.0747098,0.587267,0
3.22101,-0.0760968,0.578012,0
3.22109,-0.0788878,0.579657,0
3.22118,-0.0835038,0.594161,0
3.22127,-0.0845171,0.582905,0
3.22135,-0.0877988,0.587475,0
3.22144,-0.091274,0.593017,0
3.22153,-0.0938607,0.592613,0
3.22162,-0.0956418,0.587263,0
3.2217,-0.0978732,0.584867,0
3.22179,-0.10144,0.590348,0
3.22188,-0.103842,0.588915,0
3.22197,-0.108012,0.597313,0
3.22205,-0.109888,0.592903,0
3.22214,-0.11266,0.5934,0
3.22223,-0.114867,0.59094,0
3.22231,-0.117249,0.589452,0
3.2224,-0.121216,0.595794,0
3.22249,-0.124018,0.596239,0
3.22258,-0.126618,0.595692,0
3.22266,-0.126882,0.584384,0
3.22275,-0.128998,0.581872,0
3.22284,-0.137053,0.605688,0
3.22292,-0.13722,0.594366,0
3.22301,-0.140041,0.594735,0
3.2231,-0.143335,0.597035,0
3.22319,-0.149267,0.610003,0
3.22327,-0.148298,0.594791,0
3.22336,-0.154092,0.606739,0
3.22345,-0.155236,0.600252,0
3.22354,-0.159381,0.605371,0
3.22362,-0.161762,0.603704,0
3.22371,-0.16571,0.607816,0
3.2238,-0.166489,0.600342,0
3.22388,-0.170736,0.605384,0
3.22397,-0.172825,0.602711,0
3.22406,-0.178531,0.612512,0
3.22415,-0.178078,0.60118,0
3.22423,-0.185598,0.616676,0
3.22432,-0.185364,0.606297,0
3.22441,-0.186821,0.601663,0
3.2245,-0.192752,0.611333,0
3.22458,-0.197552,0.617153,0
3.22467,-0.203024,0.624844,0
3.22476,-0.201364,0.610657,0
3.22484,-0.206883,0.618307,0
3.22493,-0.209257,0.616452,0
3.22502,-0.20934,0.607968,0
3.22511,-0.215288,0.61649,0
3.22519,-0.220313,0.622143,0
3.22528,-0.222011,0.618353,0
3.22537,-0.226417,0.622077,0
3.22546,-0.230168,0.623897,0
3.22554,-0.231487,0.61914,0
3.22563,-0.235249,0.62093,0
3.22572,-0.240823,0.627366,0
3.2258,-0.241384,0.620717,0
3.22589,-0.240791,0.611284,0
3.22598,-0.247903,0.621374,0
3.22607,-0.251361,0.62214,0
3.22615,-0.256724,0.627516,0
3.22624,-0.261373,0.63101,0
3.22633,-0.263737,0.628941,0
3.22642,-0.265306,0.625023,0
3.2265,-0.265663,0.618346,0
3.22659,-0.271548,0.624518,0
3.22668,-0.275881,0.626988,0
3.22676,-0.278208,0.624865,0
3.22685,-0.283396,0.629116,0
3.22694,-0.285309,0.626053,0
3.22703,-0.292643,0.634792,0
3.22711,-0.297946,0.638947,0
3.2272,-0.300304,0.636736,0
3.22729,-0.301358,0.63181,0
3.22738,-0.300636,0.623283,0
3.22746,-0.29327,0.601293,0
3.22755,-0.291026,0.590142,0
3.22764,-0.297614,0.596921,0
3.22772,-0.302916,0.600975,0
3.22781,-0.307806,0.604102,0
3.2279,-0.303113,0.588529,0
3.22799,-0.313989,0.603167,0
3.22807,-0.322671,0.613296,0
3.22816,-0.321119,0.603936,0
3.22825,-0.326591,0.607815,0
3.22834,-0.322082,0.593202,0
3.22842,-0.319858,0.583023,0
3.22851,-0.325307,0.58687,0
3.2286,-0.318581,0.568867,0
3.22868,-0.326477,0.577046,0
3.22877,-0.323037,0.565197,0
3.22886,-0.3245,0.56205,0
3.22895,-0.318385,0.545944,0
3.22903,-0.317719,0.53938,0
3.22912,-0.313934,0.527676,0
3.22921,-0.309538,0.515158,0
3.2293,-0.313858,0.517222,0
3.22938,-0.322904,0.526932,0
3.22947,-0.324674,0.524667,0
3.22956,-0.316362,0.506285,0
3.22964,-0.311097,0.493059,0
3.22973,-0.316469,0.496758,0
3.22982,-0.314306,0.488644,0
3.22991,-0.318614,0.490622,0
3.22999,-0.31472,0.480028,0
3.23008,-0.317364,0.479484,0
3.23017,-0.311119,0.465623,0
3.23026,-0.306997,0.455142,0
3.23034,-0.307854,0.452145,0
3.23043,-0.307559,0.447501,0
3.23052,-0.303808,0.437938,0
3.2306,-0.296539,0.423502,0
3.23069,-0.298384,0.422204,0
3.23078,-0.342034,0.479514,0
3.23087,-0.34237,0.475582,0
3.23095,-0.0623052,0.0857558,0
3.23104,-0.241846,0.329836,0
3.23113,-0.216515,0.292604,0
3.23122,-0.173514,0.232364,0
3.2313,-0.104114,0.138164,0
3.23139,-0.0677929,0.0891522,0
3.23148,-0.0681813,0.0888556,0
3.23156,-0.0685683,0.0885572,0
3.23165,-0.0615661,0.0788011,0
3.23174,-0.0705767,0.0895261,0
3.23183,-0.064119,0.0806086,0
3.23191,-0.0594627,0.074089,0
3.232,-0.0635614,0.0784917,0
3.23209,-0.0620051,0.0758905,0
3.23218,-0.0655161,0.0794773,0
3.23226,-0.0633045,0.0761153,0
3.23235,-0.0584937,0.06971,0
3.23244,-0.0620279,0.0732703,0
3.23252,-0.0454614,0.0532284,0
3.23261,-0.0535263,0.0621203,0
3.2327,-0.0649498,0.0747162,0
3.23279,-0.0507696,0.0578917,0
3.23287,-0.0695751,0.0786403,0
3.23296,-0.0585976,0.065653,0
3.23305,-0.0575452,0.0639105,0
3.23314,-0.0591683,0.0651392,0
3.23322,-0.0337795,0.0368639,0
3.23331,-0.0515889,0.0558085,0
3.2334,-0.0538779,0.0577769,0
3.23348,-0.0609813,0.064825,0
3.23357,-0.0419896,0.0442478,0
3.23366,-0.0373417,0.0390077,0
3.23375,-0.0291757,0.0302123,0
3.23383,-0.0523343,0.0537226,0
3.23392,-0.0497646,0.0506408,0
3.23401,-0.0352007,0.0355093,0
3.2341,-0.0537401,0.0537401,0
