7200
5778
5.02655
5.04226,-0.0494975,-0.0494975,0
5.04234,-0.0443529,-0.0447417,0
5.04243,-0.0413536,-0.0420818,0
5.04252,-0.0334939,-0.0343825,0
5.04261,-0.0472368,-0.0489151,0
5.04269,-0.0650022,-0.0679022,0
5.04278,-0.0743423,-0.0783404,0
5.04287,-0.103463,-0.109984,0
5.04295,-0.100936,-0.10824,0
5.04304,-0.0821349,-0.088853,0
5.04313,-0.0601275,-0.0656177,0
5.04322,-0.631352,-0.695065,0
5.0433,-0.622961,-0.691868,0
5.04339,-0.629258,-0.705024,0
5.04348,-0.620212,-0.701023,0
5.04357,-0.621104,-0.708233,0
5.04365,-0.621944,-0.715465,0
5.04374,-0.625997,-0.726505,0
5.04383,-0.627367,-0.734552,0
5.04391,-0.620925,-0.733466,0
5.044,-0.608077,-0.724678,0
5.04409,-0.556951,-0.669661,0
5.04418,-0.550844,-0.668227,0
5.04426,-0.528942,-0.647392,0
5.04435,-0.470102,-0.580528,0
5.04444,-0.49135,-0.612209,0
5.04453,-0.52229,-0.656608,0
5.04461,-0.535516,-0.679299,0
5.0447,-0.524544,-0.671385,0
5.04479,-0.527119,-0.680784,0
5.04487,-0.524144,-0.683077,0
5.04496,-0.527211,-0.693318,0
5.04505,-0.52719,-0.699605,0
5.04514,-0.527722,-0.706706,0
5.04522,-0.525229,-0.709806,0
5.04531,-0.528631,-0.720961,0
5.0454,-0.517251,-0.711935,0
5.04549,-0.493107,-0.684968,0
5.04557,-0.469208,-0.657805,0
5.04566,-0.456522,-0.645963,0
5.04575,-0.451405,-0.644673,0
5.04583,-0.454857,-0.655674,0
5.04592,-0.450293,-0.65518,0
5.04601,-0.452495,-0.664578,0
5.0461,-0.441203,-0.654111,0
5.04618,-0.445012,-0.666007,0
5.04627,-0.430511,-0.650431,0
5.04636,-0.428765,-0.653976,0
5.04645,-0.430265,-0.66255,0
5.04653,-0.425747,-0.661898,0
5.04662,-0.429302,-0.67387,0
5.04671,-0.431161,-0.683348,0
5.04679,-0.439303,-0.703032,0
5.04688,-0.456754,-0.738106,0
5.04697,-0.464501,-0.757997,0
5.04706,-0.46534,-0.766856,0
5.04714,-0.463534,-0.771451,0
5.04723,-0.457096,-0.768309,0
5.04732,-0.446126,-0.757372,0
5.04741,-0.429719,-0.736852,0
5.04749,-0.4165,-0.721399,0
5.04758,-0.413845,-0.724078,0
5.04767,-0.417083,-0.737191,0
5.04775,-0.420703,-0.751219,0
5.04784,-0.414027,-0.746925,0
5.04793,-0.416536,-0.759245,0
5.04802,-0.416082,-0.766329,0
5.0481,-0.411788,-0.766375,0
5.04819,-0.40891,-0.769047,0
5.04828,-0.419053,-0.796489,0
5.04837,-0.41188,-0.791214,0
5.04845,-0.412087,-0.800115,0
5.04854,-0.414493,-0.813489,0
5.04863,-0.400138,-0.793858,0
5.04871,-0.37793,-0.758009,0
5.0488,-0.36533,-0.740817,0
5.04889,-0.359903,-0.73791,0
5.04898,-0.356245,-0.738573,0
5.04906,-0.361199,-0.757269,0
5.04915,-0.371115,-0.786876,0
5.04924,-0.387541,-0.831084,0
5.04932,-0.391447,-0.849114,0
5.04941,-0.391056,-0.858094,0
5.0495,-0.38854,-0.862527,0
5.04959,-0.38518,-0.865128,0
5.04967,-0.382207,-0.868631,0
5.04976,-0.378812,-0.871207,0
5.04985,-0.378165,-0.880202,0
5.04994,-0.3794,-0.89381,0
5.05002,-0.37511,-0.894535,0
5.05011,-0.352834,-0.851817,0
5.0502,-0.357066,-0.872785,0
5.05028,-1.06388,-2.6332,0
5.05037,-1.05238,-2.63782,0
5.05046,-1.0361,-2.63029,0
5.05055,-1.01918,-2.62081,0
5.05063,-0.347259,-0.904639,0
5.05072,-0.342599,-0.904276,0
5.05081,-0.339351,-0.907635,0
5.0509,-0.328119,-0.889405,0
5.05098,-0.949448,-2.60859,0
5.05107,-0.935353,-2.60518,0
5.05116,-0.928651,-2.62243,0
5.05124,-0.910606,-2.60757,0
5.05133,-0.89987,-2.61341,0
5.05142,-0.884923,-2.6069,0
5.05151,-0.876713,-2.62022,0
5.05159,-0.86214,-2.61452,0
5.05168,-0.851033,-2.61921,0
5.05177,-0.835023,-2.60861,0
5.05186,-0.827542,-2.62463,0
5.05194,-0.811041,-2.61198,0
5.05203,-0.79876,-2.61262,0
5.05212,-0.784182,-2.60555,0
5.0522,-0.77451,-2.6147,0
5.05229,-0.761135,-2.61134,0
5.05238,-0.750285,-2.61655,0
5.05247,-0.734518,-2.6044,0
5.05255,-0.722345,-2.60469,0
5.05264,-0.708343,-2.59817,0
5.05273,-0.699847,-2.61186,0
5.05282,-0.686661,-2.60812,0
5.0529,-0.673021,-2.60238,0
5.05299,-0.664122,-2.61498,0
5.05308,-0.65077,-2.6101,0
5.05316,-0.636523,-2.60125,0
5.05325,-0.6261,-2.6079,0
5.05334,-0.613569,-2.60574,0
5.05343,-0.600169,-2.59962,0
5.05351,-0.589483,-2.60514,0
5.0536,-0.576162,-2.5989,0
5.05369,-0.567151,-2.61214,0
5.05378,-0.181715,-0.854901,0
5.05386,-0.179205,-0.86156,0
5.05395,-0.167868,-0.825097,0
5.05404,-0.167973,-0.844456,0
5.05412,-0.163523,-0.841254,0
5.05421,-0.159478,-0.839995,0
5.0543,-0.1549,-0.835767,0
5.05439,-0.154455,-0.854147,0
5.05447,-0.1542,-0.874509,0
5.05456,-0.152076,-0.885029,0
5.05465,-0.148213,-0.885684,0
5.05474,-0.397034,-2.43788,0
5.05482,-0.386237,-2.4386,0
5.05491,-0.374071,-2.43038,0
5.055,-0.363316,-2.431,0
5.05508,-0.3517,-2.42564,0
5.05517,-0.341531,-2.43012,0
5.05526,-0.330789,-2.43059,0
5.05535,-0.320572,-2.43499,0
5.05543,-0.308935,-2.42843,0
5.05552,-0.29858,-2.43174,0
5.05561,-0.289025,-2.44196,0
5.0557,-0.273046,-2.3965,0
5.05578,-0.259974,-2.37381,0
5.05587,-0.252227,-2.39978,0
5.05596,-0.262092,-2.60284,0
5.05604,-0.263672,-2.73833,0
5.05613,-0.252544,-2.74842,0
5.05622,-0.245256,-2.80329,0
5.05631,-0.253476,-3.05049,0
5.05639,-0.242046,-3.07549,0
5.05648,-0.228254,-3.07153,0
5.05657,-0.214641,-3.0695,0
5.05666,-0.201703,-3.0774,0
5.05674,-0.18748,-3.06527,0
5.05683,-0.174104,-3.06606,0
5.05692,-0.160671,-3.06579,0
5.057,-0.147149,-3.06347,0
5.05709,-0.133912,-3.06708,0
5.05718,-0.120802,-3.07463,0
5.05727,-0.107176,-3.06913,0
5.05735,-0.0933563,-3.05557,0
5.05744,-0.08018,-3.06195,0
5.05753,-0.0668408,-3.06327,0
5.05762,-0.0536313,-3.07253,0
5.0577,-0.040172,-3.06874,0
5.05779,-0.0267905,-3.06988,0
5.05788,-0.0134085,-3.07297,0
5.05796,-3.69584e-08,-3.068,0
5.05805,0.0133604,-3.06197,0
5.05814,0.0268253,-3.07388,0
5.05823,0.0401719,-3.06874,0
5.05831,0.0536312,-3.07253,0
5.0584,0.0670153,-3.07127,0
5.05849,0.0803108,-3.06695,0
5.05858,0.0934784,-3.05957,0
5.05866,0.106792,-3.05814,0
5.05875,0.120802,-3.07463,0
5.05884,0.133737,-3.06308,0
5.05892,0.146525,-3.05048,0
5.05901,0.1602,-3.05681,0
5.0591,0.173933,-3.06307,0
5.05919,0.187114,-3.05928,0
5.05927,0.200918,-3.06542,0
5.05936,0.214362,-3.06551,0
5.05945,0.227217,-3.05757,0
5.05954,0.241811,-3.0725,0
5.05962,0.255049,-3.06942,0
5.05971,0.268091,-3.06429,0
5.0598,0.282008,-3.06907,0
5.05988,0.295397,-3.06781,0
5.05997,0.308479,-3.06351,0
5.06006,0.322261,-3.06611,0
5.06015,0.335745,-3.06567,0
5.06023,0.349345,-3.06616,0
5.06032,0.363308,-3.06957,0
5.06041,0.375967,-3.062,0
5.0605,0.389198,-3.05934,0
5.06058,0.40424,-3.0705,0
5.06067,0.416959,-3.06376,0
5.06076,0.430602,-3.06389,0
5.06084,0.444253,-3.06396,0
5.06093,0.456288,-3.05309,0
5.06102,0.472191,-3.06787,0
5.06111,0.483852,-3.05492,0
5.06119,0.498141,-3.0587,0
5.06128,0.512473,-3.06242,0
5.06137,0.52583,-3.06015,0
5.06145,0.539351,-3.05881,0
5.06154,0.553048,-3.0584,0
5.06163,0.568393,-3.06677,0
5.06172,0.581955,-3.06525,0
5.0618,0.595706,-3.06464,0
5.06189,0.609657,-3.06495,0
5.06198,0.622626,-3.0603,0
5.06207,0.635973,-3.05756,0
5.06215,0.649516,-3.05573,0
5.06224,0.664753,-3.06167,0
5.06233,0.679837,-3.06655,0
5.06241,0.692769,-3.0616,0
5.0625,0.705446,-3.05562,0
5.06259,0.722669,-3.06906,0
5.06268,0.736053,-3.06588,0
5.06276,0.748711,-3.05973,0
5.06285,0.765441,-3.07002,0
5.06294,0.778337,-3.06471,0
5.06303,0.793454,-3.06806,0
5.06311,0.807852,-3.06844,0
5.0632,0.820974,-3.06392,0
5.06329,0.832757,-3.05452,0
5.06337,0.849016,-3.06145,0
5.06346,0.864266,-3.06446,0
5.06355,0.877629,-3.06066,0
5.06364,0.889856,-3.05296,0
5.06372,0.904305,-3.05288,0
5.06381,0.922804,-3.06614,0
5.0639,0.936759,-3.064,0
5.06399,0.952195,-3.06657,0
5.06407,0.966769,-3.0662,0
5.06416,0.982882,-3.07052,0
5.06425,0.994417,-3.0605,0
5.06433,1.00933,-3.06088,0
5.06442,1.02616,-3.06688,0
5.06451,1.03825,-3.05858,0
5.0646,1.05386,-3.06064,0
5.06468,1.06952,-3.06262,0
5.06477,1.08654,-3.0683,0
5.06486,1.09891,-3.0607,0
5.06495,1.11225,-3.05588,0
5.06503,1.12696,-3.05475,0
5.06512,1.14273,-3.05636,0
5.06521,1.15818,-3.05696,0
5.06529,1.1733,-3.05654,0
5.06538,1.18517,-3.04767,0
5.06547,1.20689,-3.06386,0
5.06556,1.2195,-3.05671,0
5.06564,1.23733,-3.06249,0
5.06573,1.25068,-3.05706,0
5.06582,1.26362,-3.05065,0
5.06591,1.28465,-3.06355,0
5.06599,1.30309,-3.06988,0
5.06608,1.31687,-3.06509,0
5.06617,1.33302,-3.06573,0
5.06625,1.34517,-3.05714,0
5.06634,1.36175,-3.05855,0
5.06643,1.37837,-3.05987,0
5.06652,1.39503,-3.06111,0
5.0666,1.41214,-3.06317,0
5.06669,1.42718,-3.0606,0
5.06678,1.44905,-3.07243,0
5.06687,1.45728,-3.05525,0
5.06695,1.4706,-3.04886,0
5.06704,1.49178,-3.0586,0
5.06713,1.50865,-3.05923,0
5.06721,1.5251,-3.05889,0
5.0673,1.54924,-3.07363,0
5.06739,1.56445,-3.07041,0
5.06748,1.57783,-3.06355,0
5.06756,1.59811,-3.06994,0
5.06765,1.61103,-3.06206,0
5.06774,1.63141,-3.06824,0
5.06783,1.64999,-3.07079,0
5.06791,1.66194,-3.06092,0
5.068,1.6825,-3.06679,0
5.06809,1.69926,-3.06554,0
5.06817,1.71506,-3.06246,0
5.06826,1.73382,-3.06452,0
5.06835,1.75363,-3.06821,0
5.06844,1.7705,-3.0666,0
5.06852,1.78437,-3.05971,0
5.06861,1.80836,-3.06998,0
5.0687,1.82583,-3.06894,0
5.06879,1.84229,-3.06609,0
5.06887,1.86499,-3.07341,0
5.06896,1.88047,-3.06865,0
5.06905,1.89963,-3.06977,0
5.06913,1.92202,-3.07587,0
5.06922,1.94022,-3.07507,0
5.06931,1.95362,-3.06657,0
5.0694,1.96969,-3.06222,0
5.06948,1.97867,-3.04689,0
5.06957,1.98263,-3.02401,0
5.06966,1.98256,-2.99532,0
5.06975,1.98339,-2.96835,0
5.06983,1.98178,-2.93811,0
5.06992,1.97826,-2.90546,0
5.07001,1.97619,-2.87538,0
5.07009,1.97333,-2.84454,0
5.07018,1.97941,-2.82689,0
5.07027,1.97672,-2.797,0
5.07036,1.97555,-2.76962,0
5.07044,1.97885,-2.7488,0
5.07053,1.97613,-2.71992,0
5.07062,1.98503,-2.70723,0
5.07071,1.97957,-2.67524,0
5.07079,1.98524,-2.65856,0
5.07088,1.98479,-2.6339,0
5.07097,1.9781,-2.60133,0
5.07105,1.97847,-2.5784,0
5.07114,1.97869,-2.55551,0
5.07123,1.98305,-2.53818,0
5.07132,1.97924,-2.51066,0
5.0714,1.98333,-2.49339,0
5.07149,1.98042,-2.46755,0
5.07158,1.98551,-2.4519,0
5.07167,1.97151,-2.41301,0
5.07175,1.97948,-2.4013,0
5.07184,1.9797,-2.38033,0
5.07193,1.98236,-2.36248,0
5.07201,1.98812,-2.34847,0
5.0721,1.98276,-2.32152,0
5.07219,1.98178,-2.29997,0
5.07228,1.97999,-2.27771,0
5.07236,1.9754,-2.25251,0
5.07245,1.97925,-2.23713,0
5.07254,1.979,-2.21728,0
5.07263,1.98196,-2.2012,0
5.07271,1.97071,-2.16958,0
5.0728,1.97407,-2.15432,0
5.07289,1.97192,-2.13321,0
5.07297,1.97711,-2.12019,0
5.07306,1.96853,-2.09261,0
5.07315,1.9742,-2.08037,0
5.07324,1.9639,-2.05151,0
5.07332,1.97214,-2.04221,0
5.07341,1.97126,-2.02355,0
5.0735,1.97516,-2.00994,0
5.07359,1.97054,-1.98781,0
5.07367,1.97141,-1.97141,0
5.07376,1.97218,-1.95505,0
5.07385,1.97356,-1.93942,0
5.07393,1.96911,-1.91823,0
5.07402,1.97027,-1.90267,0
5.07411,1.97639,-1.89198,0
5.0742,1.98027,-1.87921,0
5.07428,1.97461,-1.85753,0
5.07437,1.97466,-1.8414,0
5.07446,1.97459,-1.8253,0
5.07454,1.96779,-1.80315,0
5.07463,1.97342,-1.79253,0
5.07472,1.96859,-1.77253,0
5.07481,1.97108,-1.75926,0
5.07489,1.9705,-1.74335,0
5.07498,1.97208,-1.72946,0
5.07507,1.96526,-1.70838,0
5.07516,1.96967,-1.69718,0
5.07524,1.96185,-1.67558,0
5.07533,1.9699,-1.66765,0
5.07542,1.96644,-1.65004,0
5.0755,1.969,-1.6376,0
5.07559,1.97227,-1.62582,0
5.07568,1.97702,-1.6153,0
5.07577,1.9724,-1.59722,0
5.07585,1.97077,-1.58171,0
5.07594,1.96748,-1.565,0
5.07603,1.968,-1.55145,0
5.07612,1.97318,-1.54162,0
5.0762,1.9704,-1.52565,0
5.07629,1.96672,-1.50912,0
5.07638,1.96374,-1.49326,0
5.07646,1.95985,-1.47685,0
5.07655,1.96868,-1.47008,0
5.07664,1.97186,-1.4591,0
5.07673,1.97256,-1.44634,0
5.07681,1.98209,-1.44007,0
5.0769,1.97862,-1.4244,0
5.07699,1.97504,-1.40879,0
5.07708,1.97301,-1.39438,0
5.07716,1.97252,-1.38117,0
5.07725,1.96867,-1.36571,0
5.07734,1.97378,-1.35654,0
5.07742,1.98051,-1.34848,0
5.07751,1.98637,-1.33983,0
5.0776,1.98888,-1.32892,0
5.07769,1.97881,-1.30975,0
5.07777,1.97531,-1.29507,0
5.07786,1.97675,-1.28371,0
5.07795,1.96383,-1.26318,0
5.07804,1.96848,-1.25406,0
5.07812,1.9697,-1.24279,0
5.07821,1.96832,-1.22994,0
5.0783,1.97622,-1.22292,0
5.07838,1.97386,-1.20958,0
5.07847,1.97314,-1.19733,0
5.07856,1.97834,-1.18871,0
5.07865,1.98007,-1.17802,0
5.07873,1.97572,-1.16379,0
5.07882,1.97214,-1.15012,0
5.07891,1.98233,-1.1445,0
5.079,1.97776,-1.13038,0
5.07908,1.97397,-1.11682,0
5.07917,1.97533,-1.10624,0
5.07926,1.97577,-1.09519,0
5.07934,1.98228,-1.08752,0
5.07943,1.97646,-1.07313,0
5.07952,1.96174,-1.05408,0
5.07961,1.97515,-1.05021,0
5.07969,1.98591,-1.04484,0
5.07978,1.98336,-1.03247,0
5.07987,1.97806,-1.01877,0
5.07996,1.97269,-1.00514,0
5.08004,1.9708,-0.993367,0
5.08013,1.9778,-0.986097,0
5.08022,1.97133,-0.972151,0
5.0803,1.98274,-0.967047,0
5.08039,1.96622,-0.948394,0
5.08048,1.97395,-0.941528,0
5.08057,1.97081,-0.929493,0
5.08065,1.97575,-0.921308,0
5.08074,1.97612,-0.911004,0
5.08083,1.9728,-0.899055,0
5.08092,1.98035,-0.892081,0
5.081,1.98331,-0.883025,0
5.08109,1.97433,-0.868725,0
5.08118,1.96618,-0.854918,0
5.08126,1.97448,-0.848305,0
5.08135,1.9662,-0.834602,0
5.08144,1.97259,-0.827175,0
5.08153,1.97618,-0.81856,0
5.08161,1.97048,-0.806143,0
5.0817,1.97212,-0.796788,0
5.08179,1.96815,-0.785211,0
5.08188,1.97993,-0.779915,0
5.08196,1.97586,-0.768369,0
5.08205,1.98573,-0.762249,0
5.08214,1.96939,-0.746137,0
5.08222,1.97357,-0.737887,0
5.08231,1.96833,-0.726154,0
5.0824,1.97805,-0.719952,0
5.08249,1.97365,-0.708611,0
5.08257,1.97955,-0.700994,0
5.08266,1.96654,-0.686746,0
5.08275,1.96384,-0.676205,0
5.08284,1.96677,-0.66763,0
5.08292,1.97062,-0.659359,0
5.08301,1.97442,-0.651068,0
5.0831,1.97249,-0.640901,0
5.08318,1.97622,-0.632593,0
5.08327,1.9761,-0.623062,0
5.08336,1.97594,-0.613545,0
5.08345,1.97286,-0.603163,0
5.08353,1.98313,-0.596855,0
5.08362,1.97421,-0.584788,0
5.08371,1.97002,-0.574209,0
5.0838,1.97155,-0.565332,0
5.08388,1.97015,-0.555639,0
5.08397,1.98026,-0.549175,0
5.08406,1.97974,-0.53974,0
5.08414,1.97532,-0.529285,0
5.08423,1.97567,-0.520152,0
5.08432,1.97308,-0.510275,0
5.08441,1.97529,-0.50166,0
5.08449,1.97261,-0.491827,0
5.08458,1.97765,-0.483929,0
5.08467,1.98461,-0.476462,0
5.08476,1.9818,-0.466652,0
5.08484,1.97018,-0.454851,0
5.08493,1.95751,-0.44294,0
5.08502,1.95357,-0.433096,0
5.0851,1.95642,-0.42478,0
5.08519,1.94554,-0.413536,0
5.08528,1.94438,-0.404433,0
5.08537,1.93927,-0.394549,0
5.08545,1.93215,-0.384328,0
5.08554,1.88374,-0.366163,0
5.08563,1.75466,-0.333132,0
5.08572,1.69906,-0.314903,0
5.0858,1.69649,-0.306775,0
5.08589,1.68599,-0.297286,0
5.08598,1.69417,-0.291112,0
5.08606,1.69049,-0.282892,0
5.08615,1.69369,-0.275834,0
5.08624,1.6929,-0.268129,0
5.08633,1.69603,-0.261044,0
5.08641,1.68627,-0.252015,0
5.0865,1.69725,-0.24609,0
5.08659,1.68742,-0.237151,0
5.08667,1.71816,-0.233832,0
5.08676,1.76378,-0.232206,0
5.08685,1.70922,-0.217441,0
5.08694,1.67641,-0.205837,0
5.08702,1.6624,-0.196758,0
5.08711,1.66721,-0.189955,0
5.0872,1.65809,-0.18159,0
5.08729,1.65787,-0.174249,0
5.08737,1.65563,-0.166713,0
5.08746,1.65634,-0.159487,0
5.08755,1.63909,-0.150612,0
5.08763,1.64771,-0.144156,0
5.08772,1.64633,-0.136799,0
5.08781,1.65887,-0.130556,0
5.0879,1.65444,-0.122946,0
5.08798,1.65596,-0.115796,0
5.08807,1.64747,-0.107981,0
5.08816,1.65491,-0.101219,0
5.08825,1.65134,-0.0937699,0
5.08833,1.65373,-0.0866684,0
5.08842,1.65409,-0.0794518,0
5.08851,1.64743,-0.0719284,0
5.08859,1.65972,-0.0652106,0
5.08868,1.65399,-0.0577587,0
5.08877,1.66222,-0.0507856,0
5.08886,1.65143,-0.0432444,0
5.08894,1.65161,-0.0360382,0
5.08903,1.66275,-0.0290234,0
5.08912,1.66986,-0.0218597,0
5.08921,1.67994,-0.0146606,0
5.08929,1.71898,-0.00750057,0
5.08938,1.897,-4.59347e-08,0
5.08947,1.96398,0.00856949,0
5.08955,1.97592,0.0172436,0
5.08964,1.98583,0.0259959,0
5.08973,1.9867,0.0346779,0
5.08982,1.98153,0.0432371,0
5.0899,1.98232,0.0519088,0
5.08999,1.97308,0.060283,0
5.09008,1.98979,0.0694849,0
5.09017,1.97947,0.0777736,0
5.09025,1.98211,0.0865408,0
5.09034,1.98471,0.0953325,0
5.09043,1.98228,0.103887,0
5.09051,1.9888,0.112932,0
5.0906,1.9773,0.120937,0
5.09069,1.98474,0.130087,0
5.09078,1.98116,0.138536,0
5.09086,1.98154,0.147254,0
5.09095,1.9719,0.155192,0
5.09104,1.97619,0.164209,0
5.09113,1.98442,0.173614,0
5.09121,1.97866,0.181814,0
5.0913,1.98681,0.191308,0
5.09139,1.977,0.199074,0
5.09147,1.98407,0.208534,0
5.09156,1.97817,0.216645,0
5.09165,1.98516,0.22618,0
5.09174,1.98117,0.234487,0
5.09182,1.97814,0.242886,0
5.09191,1.98004,0.251893,0
5.092,1.98983,0.261966,0
5.09209,1.98768,0.270511,0
5.09217,1.97955,0.278207,0
5.09226,1.98722,0.288133,0
5.09235,1.97902,0.295767,0
5.09243,1.98364,0.305312,0
5.09252,1.97439,0.312712,0
5.09261,1.97695,0.321967,0
5.0927,1.98342,0.331911,0
5.09278,1.98097,0.340392,0
5.09287,1.98734,0.350422,0
5.09296,1.98383,0.358734,0
5.09305,1.98716,0.368298,0
5.09313,1.98455,0.376778,0
5.09322,1.98681,0.386197,0
5.09331,1.99001,0.395838,0
5.09339,1.98533,0.403919,0
5.09348,1.98844,0.413596,0
5.09357,1.98075,0.421021,0
5.09366,1.98671,0.431357,0
5.09374,1.97895,0.438723,0
5.09383,1.98872,0.450002,0
5.09392,1.98382,0.458,0
5.09401,1.9818,0.466652,0
5.09409,1.97586,0.474361,0
5.09418,1.97474,0.483215,0
5.09427,1.98717,0.495456,0
5.09435,1.98886,0.505107,0
5.09444,1.98954,0.514531,0
5.09453,1.98244,0.521934,0
5.09462,1.98788,0.53265,0
5.0947,1.98553,0.541318,0
5.09479,1.98412,0.550244,0
5.09488,1.98555,0.559982,0
5.09497,1.98116,0.568089,0
5.09505,1.98826,0.579526,0
5.09514,1.99051,0.589616,0
5.09523,1.99845,0.601466,0
5.09531,1.99294,0.609303,0
5.0954,1.99408,0.619179,0
5.09549,1.99804,0.629979,0
5.09558,1.99146,0.637471,0
5.09566,1.98295,0.6443,0
5.09575,1.99342,0.657331,0
5.09584,1.98863,0.665388,0
5.09593,1.98855,0.675023,0
5.09601,1.99599,0.687274,0
5.0961,1.99675,0.697296,0
5.09619,1.99086,0.705,0
5.09627,1.98494,0.712666,0
5.09636,1.99027,0.724399,0
5.09645,1.98709,0.733076,0
5.09654,1.98668,0.74279,0
5.09662,1.9881,0.753223,0
5.09671,1.98853,0.763324,0
5.0968,1.99543,0.77598,0
5.09689,1.99016,0.783946,0
5.09697,1.99323,0.795216,0
5.09706,1.98139,0.800534,0
5.09715,1.99084,0.814473,0
5.09723,1.98542,0.822387,0
5.09732,1.97997,0.830268,0
5.09741,1.98369,0.842026,0
5.0975,1.99102,0.85541,0
5.09758,1.99002,0.865285,0
5.09767,1.99172,0.876377,0
5.09776,1.98148,0.882212,0
5.09785,1.99129,0.89701,0
5.09793,1.99009,0.906934,0
5.09802,1.99156,0.918121,0
5.09811,1.9821,0.924266,0
5.09819,1.99071,0.938878,0
5.09828,1.9893,0.948846,0
5.09837,1.99325,0.961427,0
5.09846,1.98274,0.967047,0
5.09854,1.99106,0.981881,0
5.09863,1.99391,0.994129,0
5.09872,1.99224,1.00417,0
5.09881,1.98873,1.01331,0
5.09889,1.98073,1.02014,0
5.09898,1.99134,1.03663,0
5.09907,1.98945,1.0467,0
5.09915,1.99105,1.05866,0
5.09924,1.98817,1.06828,0
5.09933,1.99931,1.08554,0
5.09942,1.98754,1.0904,0
5.0995,1.99588,1.10634,0
5.09959,1.99016,1.11454,0
5.09968,1.9966,1.12962,0
5.09976,1.99425,1.13981,0
5.09985,1.99013,1.149,0
5.09994,1.99805,1.16523,0
5.10003,1.99553,1.17546,0
5.10011,1.99382,1.1862,0
5.1002,1.9972,1.20004,0
5.10029,2.00306,1.21549,0
5.10038,2.01223,1.2331,0
5.10046,2.02979,1.25607,0
5.10055,2.07857,1.29883,0
5.10064,2.0881,1.31749,0
5.10072,2.0992,1.33734,0
5.10081,2.07148,1.33242,0
5.1009,2.06481,1.3409,0
5.10099,2.06814,1.35593,0
5.10107,2.09806,1.38867,0
5.10116,2.0978,1.4017,0
5.10125,2.08917,1.40917,0
5.10134,2.07639,1.41377,0
5.10142,2.05949,1.41545,0
5.10151,2.06233,1.43069,0
5.1016,2.06426,1.44541,0
5.10168,2.05549,1.45267,0
5.10177,2.06378,1.47208,0
5.10186,2.0476,1.47406,0
5.10195,2.04439,1.48533,0
5.10203,2.03224,1.4901,0
5.10212,2.02813,1.50074,0
5.10221,1.99913,1.49282,0
5.1023,2.00378,1.50995,0
5.10238,1.99876,1.51989,0
5.10247,2.01194,1.54382,0
5.10256,1.99965,1.5483,0
5.10264,2.00706,1.56809,0
5.10273,1.99706,1.57436,0
5.10282,2.00661,1.59613,0
5.10291,1.99962,1.60487,0
5.10299,2.00115,1.6205,0
5.10308,1.99871,1.63301,0
5.10317,2.00314,1.65126,0
5.10326,2.0036,1.66638,0
5.10334,1.99938,1.67768,0
5.10343,1.99814,1.69155,0
5.10352,2.00671,1.71389,0
5.1036,2.00376,1.72655,0
5.10369,2.00074,1.73921,0
5.10378,1.99689,1.75122,0
5.10387,2.0057,1.7745,0
5.10395,2.00242,1.78723,0
5.10404,1.99609,1.79728,0
5.10413,2.00303,1.81942,0
5.10422,2.00171,1.83423,0
5.1043,1.99809,1.84702,0
5.10439,1.99879,1.8639,0
5.10448,2.00739,1.88836,0
5.10456,2.00276,1.90055,0
5.10465,2.00239,1.91687,0
5.10474,2.00624,1.9374,0
5.10483,2.00206,1.95032,0
5.10491,2.00637,1.97166,0
5.105,2.00343,1.98603,0
5.10509,2.00818,2.00818,0
5.10518,2.0163,2.03397,0
5.10526,2.01371,2.04917,0
5.10535,2.00894,2.06223,0
5.10544,2.00131,2.07242,0
5.10552,2.01645,2.10641,0
5.10561,2.00587,2.11374,0
5.1057,2.01307,2.13995,0
5.10579,2.00985,2.1553,0
5.10587,2.014,2.17873,0
5.10596,2.00515,2.18824,0
5.10605,2.01374,2.21695,0
5.10614,2.00806,2.23018,0
5.10622,2.01296,2.25533,0
5.10631,2.01304,2.27533,0
5.1064,2.01562,2.29837,0
5.10648,2.01935,2.323,0
5.10657,2.01442,2.33785,0
5.10666,2.01913,2.3641,0
5.10675,2.00815,2.37213,0
5.10683,2.01707,2.40385,0
5.10692,2.01359,2.42108,0
5.10701,2.017,2.44682,0
5.1071,2.01137,2.46179,0
5.10718,2.01634,2.48998,0
5.10727,2.01547,2.51123,0
5.10736,2.02006,2.53956,0
5.10744,2.01391,2.55464,0
5.10753,2.01875,2.58389,0
5.10762,2.01664,2.60453,0
5.10771,2.02048,2.63314,0
5.10779,2.01563,2.65069,0
5.10788,2.01789,2.67782,0
5.10797,2.02473,2.71144,0
5.10806,2.01704,2.72588,0
5.10814,2.02228,2.75804,0
5.10823,2.01669,2.77574,0
5.10832,2.01566,2.79993,0
5.1084,1.99065,2.79079,0
5.10849,1.98192,2.80435,0
5.10858,1.96565,2.80723,0
5.10867,1.9454,2.80428,0
5.10875,1.92748,2.8045,0
5.10884,1.91129,2.8071,0
5.10893,1.8951,2.80961,0
5.10902,1.87449,2.80538,0
5.1091,1.85892,2.80853,0
5.10919,1.84117,2.80825,0
5.10928,1.82236,2.80619,0
5.10936,1.80794,2.81075,0
5.10945,1.78975,2.80934,0
5.10954,1.77213,2.80866,0
5.10963,1.75615,2.81043,0
5.10971,1.73598,2.80531,0
5.1098,1.72163,2.80945,0
5.10989,1.70002,2.80155,0
5.10998,1.68417,2.80294,0
5.11006,1.66477,2.79823,0
5.11015,1.64645,2.79513,0
5.11024,1.63626,2.80574,0
5.11032,1.6185,2.80332,0
5.11041,1.60328,2.80515,0
5.1105,1.58905,2.80864,0
5.11059,1.57287,2.80856,0
5.11067,1.55527,2.80578,0
5.11076,1.5358,2.79939,0
5.11085,1.52214,2.80343,0
5.11094,1.50658,2.80388,0
5.11102,1.49386,2.80954,0
5.11111,1.47414,2.80187,0
5.1112,1.46051,2.80562,0
5.11128,1.44551,2.80663,0
5.11137,1.42735,2.80132,0
5.11146,1.41601,2.80931,0
5.11155,1.39749,2.80293,0
5.11163,1.38127,2.80093,0
5.11172,1.36947,2.80783,0
5.11181,1.3559,2.81108,0
5.11189,1.3419,2.81336,0
5.11198,1.32322,2.80562,0
5.11207,1.30716,2.80321,0
5.11216,1.2945,2.80798,0
5.11224,1.27933,2.80723,0
5.11233,1.26419,2.8064,0
5.11242,1.25438,2.81737,0
5.11251,1.23603,2.80909,0
5.11259,1.22137,2.80895,0
5.11268,1.20555,2.80599,0
5.11277,1.1886,2.80018,0
5.11285,1.17637,2.80534,0
5.11294,1.16221,2.80582,0
5.11303,1.14806,2.80624,0
5.11312,1.13244,2.80288,0
5.1132,1.11723,2.80036,0
5.11329,1.10573,2.80707,0
5.11338,1.09094,2.80534,0
5.11347,1.07367,2.79701,0
5.11355,1.05898,2.79512,0
5.11364,1.04607,2.79784,0
5.11373,1.02831,2.78737,0
5.11381,1.01375,2.78525,0
5.1139,0.994827,2.77082,0
5.11399,1.01077,2.85432,0
5.11408,0.914562,2.6189,0
5.11416,0.81392,2.3638,0
5.11425,0.78817,2.32187,0
5.11434,0.773906,2.31296,0
5.11443,0.764433,2.31822,0
5.11451,0.752456,2.31582,0
5.1146,0.742345,2.31908,0
5.11469,0.727708,2.308,0
5.11477,0.719113,2.31592,0
5.11486,0.706955,2.31234,0
5.11495,0.695418,2.31062,0
5.11504,0.681353,2.30021,0
5.11512,0.665713,2.28396,0
5.11521,0.655741,2.28684,0
5.1153,0.645485,2.28872,0
5.11539,0.633622,2.28477,0
5.11547,0.625225,2.2933,0
5.11556,0.615472,2.29697,0
5.11565,0.603152,2.29093,0
5.11573,0.592399,2.29064,0
5.11582,0.581906,2.29126,0
5.11591,0.568275,2.27922,0
5.116,0.5588,2.28363,0
5.11608,0.549064,2.28701,0
5.11617,0.539079,2.28939,0
5.11626,0.526835,2.28197,0
5.11635,0.515991,2.28035,0
5.11643,0.507767,2.29039,0
5.11652,0.496284,2.28574,0
5.11661,0.497949,2.34266,0
5.11669,0.492609,2.36831,0
5.11678,0.484863,2.38318,0
5.11687,0.473289,2.37939,0
5.11696,0.463475,2.38437,0
5.11704,0.451575,2.37851,0
5.11713,0.44101,2.37948,0
5.11722,0.431691,2.38728,0
5.11731,0.422486,2.39604,0
5.11739,0.409995,2.38603,0
5.11748,0.39826,2.37991,0
5.11757,0.388836,2.38754,0
5.11765,0.376225,2.37539,0
5.11774,0.365857,2.37701,0
5.11783,0.35563,2.37957,0
5.11792,0.344813,2.37813,0
5.118,0.335686,2.38853,0
5.11809,0.323642,2.37808,0
5.11818,0.313524,2.38145,0
5.11827,0.301616,2.37089,0
5.11835,0.291024,2.3702,0
5.11844,0.281267,2.37641,0
5.11853,0.271575,2.38358,0
5.11861,0.260083,2.3748,0
5.1187,0.24491,2.33016,0
5.11879,0.22883,2.27251,0
5.11888,0.219295,2.27747,0
5.11896,0.208349,2.26745,0
5.11905,0.198279,2.26634,0
5.11914,0.189051,2.27516,0
5.11923,0.178965,2.27397,0
5.11931,0.169116,2.27572,0
5.1194,0.158557,2.26746,0
5.11949,0.149381,2.27911,0
5.11957,0.139069,2.27375,0
5.11966,0.129713,2.28432,0
5.11975,0.11875,2.26589,0
5.11984,0.10939,2.27737,0
5.11992,0.0990161,2.26784,0
5.12001,0.0890806,2.26725,0
5.1201,0.0793964,2.27361,0
5.12019,0.0694752,2.27394,0
5.12027,0.0594741,2.27122,0
5.12036,0.0497817,2.28146,0
5.12045,0.0398614,2.28365,0
5.12053,0.0298182,2.2778,0
5.12062,0.019914,2.28191,0
5.12071,0.00994843,2.27998,0
5.1208,8.30245e-08,2.282,0
5.12088,-0.00997444,2.28598,0
5.12097,-0.0200186,2.29391,0
5.12106,-0.0298966,2.2838,0
5.12115,-0.0399485,2.28865,0
5.12123,-0.0498687,2.28546,0
5.12132,-0.0600498,2.29321,0
5.12141,-0.069872,2.28693,0
5.12149,-0.0799198,2.2886,0
5.12158,-0.0897871,2.28524,0
5.12167,-0.0998883,2.28782,0
5.12176,-0.110014,2.29036,0
5.12184,-0.120268,2.29485,0
5.12193,-0.13028,2.2943,0
5.12202,-0.138885,2.27076,0
5.12211,-0.148007,2.25815,0
5.12219,-0.158626,2.26846,0
5.12228,-0.168523,2.26775,0
5.12237,-0.178965,2.27397,0
5.12245,-0.189051,2.27516,0
5.12254,-0.198454,2.26834,0
5.12263,-0.207983,2.26346,0
5.12272,-0.21872,2.27149,0
5.1228,-0.228429,2.26853,0
5.12289,-0.238011,2.26453,0
5.12298,-0.247781,2.26247,0
5.12307,-0.256518,2.25143,0
5.12315,-0.266927,2.25526,0
5.12324,-0.278959,2.27194,0
5.12333,-0.288112,2.26475,0
5.12341,-0.297991,2.26347,0
5.1235,-0.307595,2.26016,0
5.12359,-0.316758,2.25385,0
5.12368,-0.328455,2.26531,0
5.12376,-0.337892,2.26089,0
5.12385,-0.347906,2.26038,0
5.12394,-0.358078,2.26082,0
5.12403,-0.368583,2.26318,0
5.12411,-0.378619,2.26254,0
5.1242,-0.389165,2.26481,0
5.12429,-0.399043,2.26309,0
5.12437,-0.40927,2.26329,0
5.12446,-0.421146,2.2723,0
5.12455,-0.431617,2.27339,0
5.12464,-0.440005,2.26363,0
5.12472,-0.450268,2.26365,0
5.12481,-0.460939,2.26559,0
5.1249,-0.473467,2.27628,0
5.12498,-0.482979,2.27224,0
5.12507,-0.493101,2.27109,0
5.12516,-0.503438,2.27086,0
5.12525,-0.511577,2.26084,0
5.12533,-0.523461,2.26736,0
5.12542,-0.532432,2.26116,0
5.12551,-0.44378,1.84848,0
5.1256,-0.427359,1.74647,0
5.12568,-0.405461,1.62622,0
5.12577,-0.406153,1.59923,0
5.12586,-0.407118,1.57421,0
5.12594,-0.414492,1.57435,0
5.12603,-0.438439,1.63628,0
5.12612,-0.468459,1.71829,0
5.12621,-0.626941,2.26068,0
5.12629,-0.637071,2.25888,0
5.12638,-0.64637,2.25416,0
5.12647,-0.660676,2.26668,0
5.12656,-0.670276,2.26281,0
5.12664,-0.681008,2.26274,0
5.12673,-0.690289,2.25784,0
5.12682,-0.703396,2.26531,0
5.1269,-0.714477,2.26603,0
5.12699,-0.726796,2.27051,0
5.12708,-0.301292,0.92728,0
5.12717,-0.307214,0.931655,0
5.12725,-0.314132,0.93884,0
5.12734,-0.30826,0.908106,0
5.12743,-0.30636,0.889733,0
5.12752,-0.306283,0.877059,0
5.1276,-0.306768,0.866288,0
5.12769,-0.304801,0.848941,0
5.12778,-0.302688,0.831628,0
5.12786,-0.303891,0.823732,0
5.12795,-0.307132,0.821461,0
5.12804,-0.303627,0.801411,0
5.12813,-0.31178,0.812215,0
5.12821,-0.304448,0.782887,0
5.1283,-0.308594,0.783412,0
5.12839,-0.291258,0.730044,0
5.12848,-0.288072,0.713004,0
5.12856,-0.286258,0.699709,0
5.12865,-0.281655,0.679975,0
5.12874,-0.285393,0.680584,0
5.12882,-0.285234,0.671969,0
5.12891,-0.288163,0.670718,0
5.129,-0.285106,0.655698,0
5.12909,-0.282325,0.641633,0
5.12917,-0.275767,0.619384,0
5.12926,-0.275182,0.610881,0
5.12935,-0.2766,0.606944,0
5.12944,-0.283851,0.615721,0
5.12952,-0.281041,0.602695,0
5.12961,-0.286654,0.607794,0
5.1297,-0.281124,0.589388,0
5.12978,-0.284562,0.589957,0
5.12987,-0.285818,0.586014,0
5.12996,-0.302525,0.613461,0
5.13005,-0.304753,0.61124,0
5.13013,-0.302016,0.599189,0
5.13022,-0.303266,0.595192,0
5.13031,-0.309523,0.600976,0
5.1304,-0.302907,0.581879,0
5.13048,-0.298925,0.568162,0
5.13057,-0.313138,0.588926,0
5.13066,-0.292985,0.545271,0
5.13074,-0.295838,0.544867,0
5.13083,-0.293884,0.53568,0
5.13092,-0.300097,0.54139,0
5.13101,-0.293661,0.52437,0
5.13109,-0.307765,0.543972,0
5.13118,-0.282843,0.494873,0
5.13127,-0.296,0.512687,0
5.13136,-0.300249,0.514846,0
5.13144,-0.295895,0.50233,0
5.13153,-0.302174,0.507909,0
5.13162,-0.285846,0.475728,0
5.1317,-0.289994,0.477896,0
5.13179,-0.291554,0.475773,0
5.13188,-0.278893,0.450687,0
5.13197,-0.269729,0.431657,0
5.13205,-0.262005,0.415252,0
5.13214,-0.262202,0.411575,0
5.13223,-0.259668,0.403699,0
5.13232,-0.259793,0.400046,0
5.1324,-0.258794,0.394727,0
5.13249,-0.258307,0.390259,0
5.13258,-0.258896,0.387465,0
5.13266,-0.258347,0.383015,0
5.13275,-0.258327,0.379405,0
5.13284,-0.251484,0.365912,0
5.13293,-0.249089,0.35906,0
5.13301,-0.2518,0.359608,0
5.1331,-0.255098,0.360956,0
5.13319,-0.258994,0.363096,0
5.13328,-0.259991,0.36115,0
5.13336,-0.249221,0.343023,0
5.13345,-0.257811,0.35161,0
5.13354,-0.261127,0.352893,0
5.13362,-0.251895,0.337328,0
5.13371,-0.256975,0.341017,0
5.1338,-0.261487,0.343873,0
5.13389,-0.264202,0.344315,0
5.13397,-0.260805,0.336834,0
5.13406,-0.264119,0.338057,0
5.13415,-0.271163,0.343969,0
5.13424,-0.270171,0.339652,0
5.13432,-0.271651,0.33847,0
5.13441,-0.273754,0.338059,0
5.1345,-0.279023,0.341507,0
5.13458,-0.272878,0.331027,0
5.13467,-0.276238,0.33214,0
5.13476,-0.281541,0.335527,0
5.13485,-0.278479,0.328953,0
5.13493,-0.276665,0.323933,0
5.13502,-0.281992,0.327268,0
5.13511,-0.283417,0.326035,0
5.1352,-0.283519,0.323291,0
5.13528,-0.29089,0.328792,0
5.13537,-0.292322,0.327519,0
5.13546,-0.291741,0.324011,0
5.13554,-0.290462,0.319774,0
5.13563,-0.285099,0.311131,0
5.13572,-0.286454,0.309884,0
5.13581,-0.336225,0.360557,0
5.13589,-0.170611,0.181364,0
5.13598,-0.192051,0.202379,0
5.13607,-0.156282,0.163254,0
5.13616,-0.1431,0.148184,0
5.13624,-0.127696,0.131083,0
5.13633,-0.0813055,0.0827371,0
5.13642,-0.048577,0.0490028,0
5.1365,-0.0586899,0.0586899,0
