7200
38
0.0174533
0.0331613,-0.039598,-0.039598,0
0.0332485,-0.0225285,-0.0227259,0
0.0333358,-0.05397,-0.0549203,0
0.0334231,-0.0481475,-0.0494248,0
0.0335103,-0.056962,-0.0589859,0
0.0335976,-0.0428738,-0.0447866,0
0.0336849,-0.0598868,-0.0631076,0
0.0337721,-0.0500184,-0.0531711,0
0.0338594,-0.0634258,-0.0680159,0
0.0339467,-0.0529465,-0.0572772,0
0.0340339,-0.0594519,-0.0648804,0
0.0341212,-0.0510999,-0.0562566,0
0.0342085,-0.0448318,-0.0497907,0
0.0342957,-0.0585976,-0.065653,0
0.034383,-0.0622863,-0.0704018,0
0.0344703,-0.0527477,-0.0601472,0
0.0345575,-0.0518287,-0.0596221,0
0.0346448,-0.0522208,-0.0606052,0
0.0347321,-0.068192,-0.0798426,0
0.0348193,-0.0562128,-0.0664012,0
0.0349066,-0.0649216,-0.0773705,0
0.0349939,-0.06842,-0.0822661,0
0.0350811,-0.0642439,-0.0779341,0
0.0351684,-0.0607397,-0.0743417,0
0.0352556,-0.0604148,-0.074606,0
0.0353429,-0.0638442,-0.0795482,0
0.0354302,-0.0616289,-0.0774782,0
0.0355174,-0.0674812,-0.0855995,0
0.0356047,-0.0634131,-0.0811651,0
0.035692,-0.0759149,-0.0980455,0
0.0357792,-0.0724426,-0.094409,0
0.0358665,-0.065977,-0.0867642,0
0.0359538,-0.0698105,-0.0926417,0
0.036041,-0.0670124,-0.0897404,0
0.0361283,-0.0600771,-0.0811895,0
0.0362156,-0.0892878,-0.121773,0
0.0363028,-0.106389,-0.146432,0
0.0363901,-0.130288,-0.180981,0
0.0364774,-0.161435,-0.226324,0
0.0365646,-0.182378,-0.258059,0
0.0366519,-0.204767,-0.292437,0
0.0367392,-0.216029,-0.311404,0
0.0368264,-0.233359,-0.33954,0
0.0369137,-0.0585317,-0.0859653,0
0.037001,-0.0671031,-0.0994845,0
0.0370882,-0.067224,-0.100608,0
0.0371755,-0.31626,-0.477817,0
0.0372628,-0.318558,-0.485882,0
0.03735,-0.272864,-0.420174,0
0.0374373,-0.270487,-0.42052,0
0.0375246,-0.283694,-0.445311,0
0.0376118,-0.291887,-0.462613,0
0.0376991,-0.296755,-0.474907,0
0.0377864,-0.288891,-0.466843,0
0.0378736,-0.303049,-0.494531,0
0.0379609,-0.307633,-0.506963,0
0.0380482,-0.301297,-0.501443,0
0.0381354,-0.30831,-0.518222,0
0.0382227,-0.311121,-0.528179,0
0.03831,-0.301761,-0.517437,0
0.0383972,-0.3125,-0.541266,0
0.0384845,-0.309143,-0.540888,0
0.0385718,-0.312197,-0.551805,0
0.038659,-0.307343,-0.5488,0
0.0387463,-0.309793,-0.558882,0
0.0388336,-0.310238,-0.565489,0
0.0389208,-0.309199,-0.569474,0
0.0390081,-0.303398,-0.564651,0
0.0390954,-0.307504,-0.578331,0
0.0391826,-0.309634,-0.588517,0
0.0392699,-0.31168,-0.598732,0
0.0393572,-0.307233,-0.59653,0
0.0394444,-0.31053,-0.609448,0
0.0395317,-0.308768,-0.612584,0
0.039619,-0.298506,-0.598711,0
0.0397062,-0.286161,-0.580277,0
0.0397935,-0.291517,-0.597698,0
0.0398808,-0.287603,-0.596262,0
0.039968,-0.288012,-0.60383,0
0.0400553,-0.286228,-0.606889,0
0.0401426,-0.292029,-0.626259,0
0.0402298,-0.288038,-0.624803,0
0.0403171,-0.292773,-0.642433,0
0.0404044,-0.285039,-0.632763,0
0.0404916,-0.28797,-0.64679,0
0.0405789,-0.279103,-0.634311,0
0.0406662,-0.272346,-0.626352,0
0.0407534,-0.266057,-0.619265,0
0.0408407,-0.270777,-0.63791,0
0.040928,-0.260643,-0.621563,0
0.0410152,-0.256781,-0.619923,0
0.0411025,-0.253695,-0.620112,0
0.0411898,-0.250986,-0.621213,0
0.041277,-0.253461,-0.635306,0
0.0413643,-0.249587,-0.633614,0
0.0414516,-0.243921,-0.627241,0
0.0415388,-0.239748,-0.624565,0
0.0416261,-0.233124,-0.615319,0
0.0417134,-0.231837,-0.620077,0
0.0418006,-0.230514,-0.624835,0
0.0418879,-0.226075,-0.621137,0
0.0419752,-0.220998,-0.615529,0
0.0420624,-0.217308,-0.61366,0
0.0421497,-0.215947,-0.618378,0
0.042237,-0.215526,-0.625933,0
0.0423242,-0.213757,-0.629709,0
0.0424115,-0.208786,-0.623997,0
0.0424988,-0.201051,-0.609707,0
0.042586,-0.197153,-0.606774,0
0.0426733,-0.196028,-0.612391,0
0.0427606,-0.192151,-0.609425,0
0.0428478,-0.190676,-0.614078,0
0.0429351,-0.18858,-0.616817,0
0.0430224,-0.180987,-0.601355,0
0.0431096,-0.182054,-0.614603,0
0.0431969,-0.177971,-0.610592,0
0.0432842,-0.17503,-0.610401,0
0.0433714,-0.16775,-0.594797,0
0.0434587,-0.169162,-0.609978,0
0.043546,-0.165973,-0.608781,0
0.0436332,-0.164609,-0.614329,0
0.0437205,-0.158362,-0.601503,0
0.0438078,-0.156237,-0.604124,0
0.043895,-0.15163,-0.597046,0
0.0439823,-0.149508,-0.599643,0
0.0440696,-0.145226,-0.59349,0
0.0441568,-0.143802,-0.59898,0
0.0442441,-0.140729,-0.597655,0
0.0443314,-0.139695,-0.605084,0
0.0444186,-0.134625,-0.594959,0
0.0445059,-0.134409,-0.60628,0
0.0445932,-0.129641,-0.597088,0
0.0446804,-0.12641,-0.594714,0
0.0447677,-0.123,-0.591343,0
0.044855,-0.120618,-0.592854,0
0.0449422,-0.116469,-0.585529,0
0.0450295,-0.114676,-0.589958,0
0.0451168,-0.111541,-0.587505,0
0.045204,-0.110981,-0.598802,0
0.0452913,-0.1073,-0.593377,0
0.0453786,-0.103668,-0.58793,0
0.0454658,-0.101271,-0.589363,0
0.0455531,-0.0980383,-0.585854,0
0.0456404,-0.0943559,-0.579367,0
0.0457276,-0.0921399,-0.581748,0
0.0458149,-0.0903613,-0.587087,0
0.0459022,-0.0892769,-0.597366,0
0.0459894,-0.0848041,-0.584884,0
0.0460767,-0.0821121,-0.584258,0
0.046164,-0.0788878,-0.579657,0
0.0462512,-0.0760968,-0.578012,0
0.0463385,-0.0745836,-0.586275,0
0.0464258,-0.0726341,-0.591558,0
0.046513,-0.069112,-0.583924,0
0.0466003,-0.0657711,-0.577265,0
0.0466876,-0.063796,-0.582517,0
0.0467748,-0.0599993,-0.570856,0
0.0468621,-0.0582093,-0.578077,0
0.0469494,-0.0556864,-0.578325,0
0.0470366,-0.0538945,-0.586529,0
0.0471239,-0.0522063,-0.596721,0
0.0472112,-0.0501818,-0.603919,0
0.0472984,-0.0453494,-0.576218,0
0.0473857,-0.0427606,-0.575413,0
0.047473,-0.132816,-1.89936,0
0.0475602,-0.124462,-1.89893,0
0.0476475,-0.116236,-1.90045,0
0.0477348,-0.107773,-1.89794,0
0.047822,-0.100642,-1.92036,0
0.0479093,-0.0918781,-1.91279,0
0.0479966,-0.0838365,-1.92017,0
0.0480838,-0.0753396,-1.91752,0
0.0481711,-0.067042,-1.91983,0
0.0482584,-0.0584813,-1.91411,0
0.0483456,-0.0501551,-1.91534,0
0.0484329,-0.0419064,-1.92054,0
0.0485202,-0.0333865,-1.91271,0
0.0486074,-0.0251582,-1.92184,0
0.0486947,-0.0167724,-1.92193,0
0.048782,-0.00839503,-1.92398,0
0.0488692,-2.31291e-08,-1.92,0
0.0489565,0.00837753,-1.91998,0
0.0490438,0.0167724,-1.92193,0
0.049131,0.0250273,-1.91184,0
0.0492183,0.0334213,-1.91471,0
0.0493056,0.0417973,-1.91554,0
0.0493928,0.0502597,-1.91934,0
0.0494801,0.0585118,-1.91511,0
0.0495673,0.0671117,-1.92183,0
0.0496546,0.0753003,-1.91652,0
0.0497419,0.083662,-1.91617,0
0.0498291,0.0922619,-1.92079,0
0.0499164,0.100433,-1.91637,0
0.0500037,0.10885,-1.91691,0
0.0500909,0.117824,-1.9264,0
0.0501782,0.125574,-1.91589,0
0.0502655,0.133723,-1.91233,0
0.0503527,0.142362,-1.91572,0
0.05044,0.151269,-1.92206,0
0.0505273,0.159075,-1.9144,0
0.0506145,0.167426,-1.91369,0
0.0507018,0.17669,-1.9229,0
0.0507891,0.184599,-1.91713,0
0.0508763,0.193463,-1.92128,0
0.0509636,0.202472,-1.92639,0
0.0510509,0.211311,-1.92946,0
0.0511381,0.218709,-1.91958,0
0.0512254,0.22673,-1.91563,0
0.0513127,0.235695,-1.91958,0
0.0513999,0.243185,-1.91159,0
0.0514872,0.252568,-1.91845,0
0.0515745,0.261071,-1.91832,0
0.0516617,0.270135,-1.92211,0
0.051749,0.277945,-1.91695,0
0.0518363,0.287637,-1.92462,0
0.0519235,0.295119,-1.91742,0
0.0520108,0.303796,-1.91809,0
0.0520981,0.31168,-1.91379,0
0.0521853,0.321843,-1.92326,0
0.0522726,0.32803,-1.90902,0
0.0523599,0.336704,-1.90954,0
0.0524471,0.347346,-1.92085,0
0.0525344,0.355541,-1.91833,0
0.0526217,0.363722,-1.91578,0
0.0527089,0.373795,-1.92301,0
0.0527962,0.381402,-1.91744,0
0.0528835,0.391957,-1.92653,0
0.0529707,0.399952,-1.92285,0
0.053058,0.409794,-1.92793,0
0.0531453,0.416717,-1.91928,0
0.0532325,0.425737,-1.92037,0
0.0533198,0.432788,-1.91265,0
0.0534071,0.442704,-1.91756,0
0.0534943,0.453817,-1.92729,0
0.0535816,0.461288,-1.9214,0
0.0536689,0.46943,-1.9184,0
0.0537561,0.480457,-1.92701,0
0.0538434,0.48566,-1.91229,0
0.0539307,0.496754,-1.9208,0
0.0540179,0.505639,-1.92055,0
0.0541052,0.515567,-1.92412,0
0.0541925,0.522906,-1.918,0
0.0542797,0.533675,-1.92437,0
0.054367,0.541795,-1.92106,0
0.0544543,0.553204,-1.92925,0
0.0545415,0.559378,-1.91914,0
0.0546288,0.568883,-1.92052,0
0.0547161,0.576393,-1.91514,0
0.0548033,0.587082,-1.92026,0
0.0548906,0.594269,-1.91386,0
0.0549779,0.604419,-1.91697,0
0.0550651,0.613082,-1.91527,0
0.0551524,0.624832,-1.92304,0
0.0552397,0.633843,-1.92219,0
0.0553269,0.643494,-1.9232,0
0.0554142,0.652201,-1.92132,0
0.0555015,0.65895,-1.91373,0
0.0555887,0.672899,-1.92689,0
0.055676,0.6813,-1.92393,0
0.0557633,0.692391,-1.92847,0
0.0558505,0.700457,-1.92449,0
0.0559378,0.712309,-1.9308,0
0.0560251,0.721077,-1.92861,0
0.0561123,0.728777,-1.92357,0
0.0561996,0.738955,-1.92504,0
0.0562869,0.74626,-1.919,0
0.0563741,0.755359,-1.91759,0
0.0564614,0.76483,-1.91706,0
0.0565487,0.782553,-1.93689,0
0.0566359,0.824318,-2.0149,0
0.0567232,0.866013,-2.09074,0
0.0568105,0.880541,-2.09985,0
0.0568977,0.894384,-2.10704,0
0.056985,0.90199,-2.09944,0
0.0570723,0.915927,-2.10649,0
0.0571595,0.93558,-2.12627,0
0.0572468,0.948103,-2.12947,0
0.0573341,0.962725,-2.13717,0
0.0574213,0.977847,-2.14569,0
0.0575086,0.99013,-2.14776,0
0.0575959,1.00414,-2.15339,0
0.0576831,1.02078,-2.16436,0
0.0577704,1.03323,-2.1662,0
0.0578577,1.04788,-2.17248,0
0.0579449,1.06217,-2.17778,0
0.0580322,1.0783,-2.18658,0
0.0581195,1.09452,-2.19527,0
0.0582067,1.10679,-2.19584,0
0.058294,1.12953,-2.21682,0
0.0583813,1.1456,-2.22432,0
0.0584685,1.15391,-2.21664,0
0.0585558,1.17149,-2.22663,0
0.0586431,1.18682,-2.23209,0
0.0587303,1.21028,-2.25244,0
0.0588176,1.21771,-2.24274,0
0.0589049,1.22652,-2.23565,0
0.0589921,1.16597,-2.10346,0
0.0590794,1.11503,-1.99104,0
0.0591667,1.10303,-1.9496,0
0.0592539,1.09565,-1.91698,0
0.0593412,1.091,-1.88967,0
0.0594285,1.09873,-1.88403,0
0.0595157,1.12826,-1.9154,0
0.059603,1.245,-2.09265,0
0.0596903,1.25463,-2.08806,0
0.0597775,1.4479,-2.38606,0
0.0598648,1.4677,-2.39507,0
0.0599521,1.47971,-2.39119,0
0.0600393,1.49861,-2.39828,0
0.0601266,1.5112,-2.3951,0
0.0602139,1.52378,-2.39186,0
0.0603011,1.53961,-2.3936,0
0.0603884,1.55712,-2.39776,0
0.0604757,1.57415,-2.40098,0
0.0605629,1.58737,-2.39826,0
0.0606502,1.59949,-2.3938,0
0.0607375,1.6183,-2.39923,0
0.0608247,1.63833,-2.4062,0
0.060912,1.65391,-2.40645,0
0.0609993,1.66325,-2.39757,0
0.0610865,1.67828,-2.39684,0
0.0611738,1.69219,-2.39439,0
0.0612611,1.70669,-2.39269,0
0.0613483,1.72879,-2.40145,0
0.0614356,1.74513,-2.40197,0
0.0615229,1.76388,-2.40562,0
0.0616101,1.77793,-2.40273,0
0.0616974,1.79019,-2.39735,0
0.0617847,1.80484,-2.39511,0
0.0618719,1.82799,-2.40393,0
0.0619592,1.8415,-2.39989,0
0.0620465,1.86298,-2.40607,0
0.0621337,1.87592,-2.40107,0
0.062221,1.89938,-2.40935,0
0.0623083,1.91361,-2.40574,0
0.0623955,1.9341,-2.40984,0
0.0624828,1.94523,-2.40216,0
0.0625701,1.96265,-2.40217,0
0.0626573,1.98202,-2.40438,0
0.0627446,2.00017,-2.40494,0
0.0628319,2.00678,-2.39159,0
0.0629191,2.00492,-2.36831,0
0.0630064,2.00744,-2.35041,0
0.0630937,2.00463,-2.32648,0
0.0631809,2.00229,-2.30337,0
0.0632682,1.99716,-2.27732,0
0.0633555,2.00575,-2.26709,0
0.0634427,1.99898,-2.23966,0
0.06353,2.00873,-2.23092,0
0.0636173,2.00298,-2.20511,0
0.0637045,2.0065,-2.18971,0
0.0637918,1.99567,-2.15891,0
0.063879,2.00303,-2.14799,0
0.0639663,2.00622,-2.13267,0
0.0640536,2.01137,-2.11954,0
0.0641408,2.00262,-2.09197,0
0.0642281,2.00687,-2.07817,0
0.0643154,2.00336,-2.0565,0
0.0644026,1.99549,-2.03062,0
0.0644899,1.99659,-2.01409,0
0.0645772,1.99758,-1.99758,0
0.0646644,1.98355,-1.96631,0
0.0647517,1.99853,-1.96395,0
0.064839,1.99275,-1.94125,0
0.0649262,2.0012,-1.93254,0
0.0650135,1.993,-1.90788,0
0.0651008,1.99115,-1.88953,0
0.065188,1.99282,-1.87466,0
0.0652753,1.9944,-1.85981,0
0.0653626,1.99442,-1.84362,0
0.0654498,1.99802,-1.83085,0
0.0655371,1.99341,-1.81068,0
0.0656244,1.99832,-1.79929,0
0.0657116,1.99048,-1.77657,0
0.0657989,1.99672,-1.76655,0
0.0658862,1.99238,-1.74727,0
0.0659734,1.99696,-1.73593,0
0.0660607,1.99694,-1.72067,0
0.066148,2.00139,-1.70935,0
0.0662352,2.01493,-1.70577,0
0.0663225,2.02619,-1.70017,0
0.0664098,2.04204,-1.69835,0
0.066497,2.05329,-1.6926,0
0.0665843,2.05291,-1.6773,0
0.0666716,2.06799,-1.67462,0
0.0667588,2.06123,-1.65432,0
0.0668461,2.04417,-1.62601,0
0.0669334,2.03554,-1.60469,0
0.0670206,2.05671,-1.60688,0
0.0671079,2.08584,-1.61503,0
0.0671952,2.08811,-1.60226,0
0.0672824,2.08393,-1.58466,0
0.0673697,2.07326,-1.56231,0
0.067457,2.08086,-1.55385,0
0.0675442,2.0643,-1.52751,0
0.0676315,2.05482,-1.50666,0
0.0677188,2.05086,-1.49004,0
0.067806,2.05734,-1.48107,0
0.0678933,2.08169,-1.48486,0
0.0679806,2.0808,-1.47057,0
0.0680678,2.08474,-1.45975,0
0.0681551,2.07877,-1.44209,0
0.0682424,2.07268,-1.42451,0
0.0683296,2.0392,-1.38844,0
0.0684169,2.04689,-1.38065,0
0.0685042,2.03959,-1.36281,0
0.0685914,2.04135,-1.35114,0
0.0686787,2.01461,-1.32084,0
0.068766,2.02455,-1.31476,0
0.0688532,2.02522,-1.30267,0
0.0689405,2.02414,-1.28952,0
0.0690278,2.03482,-1.28388,0
0.069115,2.05228,-1.2824,0
0.0692023,2.0519,-1.26975,0
0.0692896,2.05657,-1.26027,0
0.0693768,2.06376,-1.25232,0
0.0694641,2.06063,-1.23815,0
0.0695514,2.07203,-1.23273,0
0.0696386,2.07394,-1.22164,0
0.0697259,2.07925,-1.21258,0
0.0698132,2.07326,-1.197,0
0.0699004,2.08541,-1.19191,0
0.0699877,2.08015,-1.17689,0
0.070075,2.08352,-1.16683,0
0.0701622,2.06148,-1.1427,0
0.0702495,2.05242,-1.12599,0
0.0703368,2.05116,-1.11369,0
0.070424,2.05248,-1.10283,0
0.0705113,2.04226,-1.08589,0
0.0705986,2.00007,-1.05229,0
0.0706858,1.994,-1.03801,0
0.0707731,1.98873,-1.02426,0
0.0708604,1.9816,-1.00967,0
0.0709476,1.97616,-0.996068,0
0.0710349,1.98675,-0.990559,0
0.0711222,1.9785,-0.975689,0
0.0712094,1.98903,-0.970115,0
0.0712967,1.98064,-0.955345,0
0.071384,1.98749,-0.947985,0
0.0714712,1.98437,-0.935892,0
0.0715585,1.99025,-0.92807,0
0.0716458,1.98429,-0.914772,0
0.071733,1.99282,-0.908178,0
0.0718203,2.00405,-0.90276,0
0.0719076,1.99062,-0.886279,0
0.0719948,1.98256,-0.872349,0
0.0720821,1.99002,-0.865286,0
0.0721694,1.98551,-0.853042,0
0.0722566,1.98645,-0.843198,0
0.0723439,1.98642,-0.832975,0
0.0724312,1.9771,-0.818943,0
0.0725184,1.99454,-0.815988,0
0.0726057,1.98695,-0.802782,0
0.072693,1.9923,-0.794846,0
0.0727802,1.98086,-0.780281,0
0.0728675,1.98331,-0.771268,0
0.0729548,1.98292,-0.761174,0
0.073042,1.98249,-0.751097,0
0.0731293,1.98574,-0.74244,0
0.0732166,1.98052,-0.730653,0
0.0733038,1.98463,-0.722347,0
0.0733911,1.97459,-0.708949,0
0.0734784,1.97483,-0.699325,0
0.0735656,1.98731,-0.693999,0
0.0736529,1.99221,-0.685972,0
0.0737402,1.98571,-0.674059,0
0.0738274,1.98105,-0.662849,0
0.0739147,1.98012,-0.652947,0
0.074002,1.9782,-0.642755,0
0.0740892,1.98575,-0.635642,0
0.0741765,1.98564,-0.62607,0
0.0742638,1.98262,-0.61562,0
0.074351,1.98051,-0.605502,0
0.0744383,1.9793,-0.595702,0
0.0745256,1.98476,-0.587912,0
0.0746128,1.97674,-0.576168,0
0.0747001,1.98212,-0.568364,0
0.0747874,1.9817,-0.558896,0
0.0748746,1.98604,-0.550778,0
0.0749619,1.98167,-0.540266,0
0.0750492,1.99174,-0.533685,0
0.0751364,1.97761,-0.520661,0
0.0752237,1.98083,-0.512278,0
0.075311,1.97529,-0.50166,0
0.0753982,1.97649,-0.492795,0
0.0754855,1.98639,-0.486068,0
0.0755728,1.98169,-0.475762,0
0.07566,1.9818,-0.466652,0
0.0757473,1.97505,-0.455976,0
0.0758346,1.97994,-0.448016,0
0.0759218,1.97993,-0.43894,0
0.0760091,1.98867,-0.431782,0
0.0760964,1.98075,-0.421021,0
0.0761836,1.98355,-0.412578,0
0.0762709,1.98533,-0.403919,0
0.0763582,1.99296,-0.396424,0
0.0764454,1.99074,-0.386961,0
0.0765327,1.98848,-0.377525,0
0.07662,1.98028,-0.367022,0
0.0767072,2.00154,-0.361937,0
0.0767945,1.99128,-0.351117,0
0.0768818,1.99969,-0.34361,0
0.076969,1.98145,-0.331581,0
0.0770563,1.9888,-0.323896,0
0.0771436,1.98624,-0.31459,0
0.0772308,1.98166,-0.305007,0
0.0773181,1.981,-0.296062,0
0.0774054,1.97732,-0.286698,0
0.0774926,1.9845,-0.278903,0
0.0775799,1.97975,-0.269432,0
0.0776672,1.98388,-0.261183,0
0.0777544,1.98004,-0.251893,0
0.0778417,1.98013,-0.243129,0
0.0779289,1.98117,-0.234487,0
0.0780162,1.99112,-0.226859,0
0.0781035,1.97917,-0.216754,0
0.0781907,1.98606,-0.208743,0
0.078278,1.98297,-0.199675,0
0.0783653,1.98582,-0.191212,0
0.0784525,1.95775,-0.179892,0
0.0785398,1.78817,-0.156445,0
0.0786271,1.70014,-0.141271,0
0.0787143,1.68479,-0.132596,0
0.0788016,1.67837,-0.124725,0
0.0788889,1.6779,-0.11733,0
0.0789761,1.68339,-0.110335,0
0.0790634,1.68685,-0.103172,0
0.0791507,1.68329,-0.0955841,0
0.0792379,1.69467,-0.0888142,0
0.0793252,1.68905,-0.0811311,0
0.0794125,1.68639,-0.0736296,0
0.0794997,1.6877,-0.0663099,0
0.079587,1.69297,-0.0591198,0
0.0796743,1.69621,-0.0518239,0
0.0797615,1.69642,-0.0444223,0
0.0798488,1.6946,-0.0369763,0
0.0799361,1.69274,-0.029547,0
0.0800233,1.72585,-0.0225927,0
0.0801106,1.83293,-0.0159958,0
0.0801979,1.89698,-0.00827724,0
0.0802851,1.898,-4.59589e-08,0
0.0803724,1.90298,0.00830333,0
0.0804597,1.91393,0.0167025,0
0.0805469,1.90784,0.0249749,0
0.0806342,1.92171,0.0335435,0
0.0807215,1.93354,0.0421899,0
0.0808087,1.95133,0.0510974,0
0.080896,1.95409,0.0597027,0
0.0809833,1.9708,0.0688218,0
0.0810705,1.96748,0.0773025,0
0.0811578,1.98311,0.0865844,0
0.0812451,1.97572,0.0949007,0
0.0813323,1.98627,0.104096,0
0.0814196,1.97282,0.112025,0
0.0815069,1.9813,0.121181,0
0.0815941,1.97277,0.129302,0
0.0816814,1.97518,0.138118,0
0.0817687,1.96857,0.14629,0
0.0818559,1.97888,0.155741,0
0.0819432,1.9742,0.164043,0
0.0820305,1.97844,0.173091,0
0.0821177,1.97568,0.181539,0
0.082205,1.98482,0.191116,0
0.0822923,1.97501,0.198873,0
0.0823795,1.97611,0.207698,0
0.0824668,1.97618,0.216427,0
0.0825541,1.96727,0.224142,0
0.0826413,1.97819,0.234134,0
0.0827286,1.97616,0.242642,0
0.0828159,1.97508,0.251262,0
0.0829031,1.97298,0.259747,0
0.0829904,1.97678,0.269028,0
0.0830777,1.99242,0.280016,0
0.0831649,1.97633,0.286555,0
0.0832522,1.98298,0.296358,0
0.0833395,1.96882,0.30303,0
0.0834267,1.97735,0.313182,0
0.083514,1.98288,0.322932,0
0.0836013,1.97257,0.330095,0
0.0836885,1.98195,0.340562,0
0.0837758,1.97651,0.348512,0
0.0838631,1.97989,0.358022,0
0.0839503,1.97536,0.366111,0
0.0840376,1.97964,0.375846,0
0.0841249,1.97307,0.383526,0
0.0842121,1.97138,0.392132,0
0.0842994,1.96769,0.400331,0
0.0843867,1.97278,0.410338,0
0.0844739,1.97097,0.418942,0
0.0845612,1.97498,0.428811,0
0.0846485,1.97017,0.436775,0
0.0847357,1.96922,0.445588,0
0.084823,1.97505,0.455976,0
0.0849103,1.96233,0.462068,0
0.0849975,1.96808,0.472493,0
0.0850848,1.97668,0.483691,0
0.0851721,1.98037,0.493763,0
0.0852593,1.97045,0.50043,0
0.0853466,1.97309,0.510274,0
0.0854339,1.97084,0.518879,0
0.0855211,1.97435,0.529026,0
0.0856084,1.97588,0.538688,0
0.0856957,1.9687,0.545968,0
0.0857829,1.97592,0.557267,0
0.0858702,1.96482,0.563403,0
0.0859575,1.96906,0.573929,0
0.0860447,1.96462,0.581947,0
0.086132,1.96781,0.592243,0
0.0862193,1.97764,0.604625,0
0.0863065,1.9683,0.611172,0
0.0863938,1.9637,0.619153,0
0.0864811,1.96289,0.628325,0
0.0865683,1.97154,0.640592,0
0.0866556,1.96778,0.648875,0
0.0867429,1.96777,0.658407,0
0.0868301,1.96015,0.66538,0
0.0869174,1.97424,0.679786,0
0.0870047,1.96371,0.685756,0
0.0870919,1.96824,0.696989,0
0.0871792,1.96612,0.705908,0
0.0872665,1.95926,0.713112,0
0.0873537,1.97114,0.727192,0
0.087441,1.96514,0.734735,0
0.0875283,1.96752,0.745428,0
0.0876155,1.96332,0.753648,0
0.0877028,1.96933,0.765831,0
0.0877901,1.9669,0.774784,0
0.0878773,1.97093,0.786323,0
0.0879646,1.97119,0.796414,0
0.0880519,1.964,0.803492,0
0.0881391,1.97341,0.817412,0
0.0882264,1.97812,0.829495,0
0.0883137,1.98553,0.842807,0
0.0884009,1.9754,0.848699,0
0.0884882,1.98085,0.861298,0
0.0885755,1.97707,0.869933,0
0.0886627,1.97691,0.880178,0
0.08875,1.97761,0.890849,0
0.0888373,1.98372,0.904031,0
0.0889245,1.97884,0.912259,0
0.0890118,1.97484,0.920885,0
0.0890991,1.98166,0.934612,0
0.0891863,1.97486,0.941958,0
0.0892736,1.98784,0.958821,0
0.0893609,1.97914,0.965293,0
0.0894481,1.98209,0.977458,0
0.0895354,1.98675,0.990559,0
0.0896227,1.97795,0.996968,0
0.0897099,1.97536,1.0065,0
0.0897972,1.97984,1.01969,0
0.0898845,1.98779,1.03478,0
0.0899717,1.98149,1.04251,0
0.090059,1.99016,1.05819,0
0.0901463,1.98465,1.06639,0
0.0902335,1.98964,1.08029,0
0.0903208,1.98228,1.08752,0
0.0904081,1.98801,1.10197,0
0.0904953,1.98493,1.11161,0
0.0905826,1.97484,1.11731,0
0.0906699,1.98123,1.13237,0
0.0907571,1.97973,1.143,0
0.0908444,1.97905,1.15415,0
0.0909317,1.97485,1.16328,0
0.0910189,1.98265,1.17955,0
0.0911062,1.97577,1.18716,0
0.0911935,1.97656,1.1994,0
0.0912807,1.97813,1.2122,0
0.091368,1.98642,1.22924,0
0.0914553,1.98358,1.23948,0
0.0915425,1.99,1.25559,0
0.0916298,1.9786,1.2605,0
0.0917171,1.98149,1.27454,0
0.0918043,1.98429,1.28862,0
0.0918916,1.98283,1.3,0
0.0919788,1.98048,1.31085,0
0.0920661,1.9789,1.32226,0
0.0921534,1.98223,1.33703,0
0.0922406,1.98134,1.34904,0
0.0923279,1.9812,1.36164,0
0.0924152,1.98181,1.37483,0
0.0925024,1.98317,1.38863,0
0.0925897,1.98362,1.40189,0
0.092677,1.98807,1.41808,0
0.0927642,1.98349,1.42791,0
0.0928515,1.98533,1.44242,0
0.0929388,1.98869,1.45817,0
0.093026,1.98633,1.46981,0
0.0931133,1.9791,1.47786,0
0.0932006,1.97822,1.4907,0
0.0932878,1.98364,1.50839,0
0.0933751,1.98576,1.52373,0
0.0934624,1.97989,1.53299,0
0.0935496,1.9787,1.54593,0
0.0936369,1.9845,1.56445,0
0.0937242,1.98469,1.5787,0
0.0938114,1.98637,1.59423,0
0.0938987,1.97861,1.60225,0
0.093986,1.98167,1.61909,0
0.0940732,1.98616,1.63727,0
0.0941605,1.99207,1.65679,0
0.0942478,1.98176,1.66289,0
0.094335,1.98135,1.67734,0
0.0944223,1.9763,1.68792,0
0.0945096,1.99618,1.72002,0
0.0945968,1.98489,1.72544,0
0.0946841,1.98937,1.74463,0
0.0947714,1.98923,1.75992,0
0.0948586,1.98153,1.76858,0
0.0949459,1.9894,1.79126,0
0.0950332,1.9786,1.79724,0
0.0951204,1.98549,1.81936,0
0.0952077,1.98487,1.8348,0
0.095295,1.9827,1.8489,0
0.0953822,1.97826,1.86096,0
0.0954695,1.98535,1.88403,0
0.0955568,1.98217,1.89751,0
0.095644,1.98897,1.92073,0
0.0957313,1.98559,1.93428,0
0.0958186,1.98141,1.94713,0
0.0959058,1.97929,1.96209,0
0.0959931,1.98485,1.98485,0
0.0960804,1.98603,2.00343,0
0.0961676,1.98427,2.01921,0
0.0962549,1.99289,2.04576,0
0.0963422,1.98464,2.05515,0
0.0964294,1.98395,2.07246,0
0.0965167,1.9859,2.09271,0
0.096604,1.9932,2.11883,0
0.0966912,1.99075,2.13482,0
0.0967785,1.98889,2.15156,0
0.0968658,1.99096,2.17276,0
0.096953,1.98617,2.1866,0
0.0970403,1.99535,2.21606,0
0.0971276,1.98832,2.22773,0
0.0972148,1.99051,2.24986,0
0.0973021,1.99254,2.27206,0
0.0973894,1.99245,2.29205,0
0.0974766,1.98308,2.30148,0
0.0975639,1.98926,2.32912,0
0.0976512,1.99782,2.35991,0
0.0977384,1.99521,2.3778,0
0.0978257,1.99953,2.40417,0
0.097913,1.99792,2.42367,0
0.0980002,1.98416,2.4285,0
0.0980875,1.96977,2.43247,0
0.0981748,1.94975,2.42934,0
0.098262,1.93913,2.43782,0
0.0983493,1.91857,2.4337,0
0.0984366,1.90055,2.43259,0
0.0985238,1.88379,2.43295,0
0.0986111,1.86646,2.43242,0
0.0986984,1.84615,2.42781,0
0.0987856,1.82892,2.42705,0
0.0988729,1.81472,2.4302,0
0.0989602,1.79399,2.42443,0
0.0990474,1.78635,2.43627,0
0.0991347,1.76629,2.4311,0
0.099222,1.74866,2.42904,0
0.0993092,1.7363,2.43421,0
0.0993965,1.72509,2.44094,0
0.0994838,1.70352,2.43288,0
0.099571,1.69118,2.43783,0
0.0996583,1.67033,2.43035,0
0.0997456,1.65633,2.43265,0
0.0998328,1.63899,2.42991,0
0.0999201,1.62949,2.4387,0
0.100007,1.6111,2.43411,0
0.100095,1.5917,2.42774,0
0.100182,1.58109,2.43466,0
0.100269,1.56342,2.4306,0
0.100356,1.5485,2.43065,0
0.100444,1.52934,2.42386,0
0.100531,1.51822,2.42966,0
0.100618,1.50339,2.42946,0
0.100705,1.49278,2.43599,0
0.100793,1.47643,2.43308,0
0.10088,1.46374,2.43607,0
0.100967,1.44491,2.42868,0
0.101055,1.43075,2.42893,0
0.101142,1.41762,2.43083,0
0.101229,1.406,2.43526,0
0.101316,1.39288,2.43703,0
0.101404,1.37583,2.43177,0
0.101491,1.37009,2.44648,0
0.101578,1.34826,2.43232,0
0.101665,1.33715,2.4373,0
0.101753,1.32459,2.4396,0
0.10184,1.30636,2.43126,0
0.101927,1.2948,2.43517,0
0.102014,1.2837,2.43991,0
0.102102,1.26473,2.42952,0
0.102189,1.25229,2.43146,0
0.102276,1.24348,2.44047,0
0.102364,1.22472,2.4298,0
0.102451,1.21634,2.43959,0
0.102538,1.20037,2.43411,0
0.102625,1.19018,2.44023,0
0.102713,1.17648,2.43909,0
0.1028,1.16496,2.4424,0
0.102887,1.1496,2.43751,0
0.102974,1.13896,2.4425,0
0.103062,1.12201,2.43382,0
0.103149,1.10848,2.43233,0
0.103236,1.09785,2.43714,0
0.103323,1.08558,2.43825,0
0.103411,1.07453,2.44205,0
0.103498,1.05748,2.43204,0
0.103585,1.04686,2.43663,0
0.103673,1.03466,2.4375,0
0.10376,1.02169,2.43646,0
0.103847,1.00569,2.42796,0
0.103934,0.996603,2.43602,0
0.104022,0.982968,2.43293,0
0.104109,0.971602,2.43534,0
0.104196,0.964631,2.44886,0
0.104283,0.9485,2.43906,0
0.104371,0.938924,2.44598,0
0.104458,0.922574,2.43509,0
0.104545,0.91124,2.43722,0
0.104632,0.899558,2.43836,0
0.10472,0.887542,2.4385,0
0.104807,0.87588,2.43953,0
0.104894,0.863892,2.43956,0
0.104982,0.854229,2.44613,0
0.105069,0.839315,2.43755,0
0.105156,0.827707,2.43835,0
0.105243,0.816425,2.44004,0
0.105331,0.805771,2.44358,0
0.105418,0.789847,2.4309,0
0.105505,0.778928,2.43337,0
0.105592,0.77131,2.44628,0
0.10568,0.757664,2.44008,0
0.105767,0.744963,2.43666,0
0.105854,0.734612,2.44085,0
0.105941,0.725659,2.44978,0
0.106029,0.711325,2.44045,0
0.106116,0.700946,2.44449,0
0.106203,0.689459,2.44464,0
0.106291,0.67932,2.44955,0
0.106378,0.665469,2.44091,0
0.106465,0.6574,2.45345,0
0.106552,0.645161,2.45049,0
0.10664,0.631208,2.4407,0
0.106727,0.620553,2.44343,0
0.106814,0.60795,2.43835,0
0.106901,0.598018,2.4439,0
0.106989,0.58408,2.43287,0
0.107076,0.574376,2.43929,0
0.107163,0.563053,2.43885,0
0.10725,0.552185,2.44031,0
0.107338,0.543263,2.4505,0
0.107425,0.530869,2.44503,0
0.107512,0.519987,2.44635,0
0.1076,0.507272,2.4388,0
0.107687,0.49842,2.44981,0
0.107774,0.48636,2.4451,0
0.107861,0.474924,2.44327,0
0.107949,0.465191,2.45023,0
0.108036,0.452126,2.43946,0
0.108123,0.441478,2.4414,0
0.10821,0.429779,2.4374,0
0.108298,0.421342,2.45206,0
0.108385,0.409153,2.445,0
0.108472,0.397838,2.44282,0
0.108559,0.386237,2.4386,0
0.108647,0.376049,2.44323,0
0.108734,0.365828,2.44781,0
0.108821,0.355144,2.44939,0
0.108909,0.344593,2.4519,0
0.108996,0.333082,2.44744,0
0.109083,0.322922,2.45283,0
0.10917,0.311081,2.44529,0
0.109258,0.300774,2.4496,0
0.109345,0.28973,2.44791,0
0.109432,0.279838,2.45611,0
0.109519,0.268357,2.45035,0
0.109607,0.257245,2.44752,0
0.109694,0.246663,2.44961,0
0.109781,0.235301,2.4437,0
0.109868,0.225277,2.45167,0
0.109956,0.21388,2.44466,0
0.110043,0.203543,2.44956,0
0.11013,0.192303,2.44344,0
0.110218,0.181566,2.44326,0
0.110305,0.171252,2.44902,0
0.110392,0.160369,2.44675,0
0.110479,0.149813,2.44942,0
0.110567,0.139124,2.45005,0
0.110654,0.129008,2.46162,0
0.110741,0.117499,2.44618,0
0.110828,0.107042,2.45166,0
0.110916,0.0963044,2.45111,0
0.111003,0.0856086,2.45151,0
0.11109,0.0746668,2.44386,0
0.111177,0.0642645,2.45416,0
0.111265,0.0534466,2.44942,0
0.111352,0.0427934,2.45163,0
0.111439,0.0320958,2.45179,0
0.111527,0.0213888,2.45091,0
0.111614,0.0107338,2.45998,0
0.111701,8.92095e-08,2.452,0
0.111788,-0.01069,2.44998,0
0.111876,-0.0213625,2.44791,0
0.111963,-0.0320694,2.44979,0
0.11205,-0.0427932,2.45163,0
0.112137,-0.0533809,2.44642,0
0.112225,-0.064212,2.45216,0
0.112312,-0.0749109,2.45186,0
0.112399,-0.0860621,2.4645,0
0.112486,-0.0965005,2.4561,0
0.112574,-0.107173,2.45466,0
0.112661,-0.118074,2.45817,0
0.112748,-0.128799,2.45763,0
0.112836,-0.139634,2.45904,0
0.112923,-0.14963,2.44643,0
0.11301,-0.160826,2.45374,0
0.113097,-0.17174,2.456,0
0.113185,-0.182974,2.46221,0
0.113272,-0.193009,2.45242,0
0.113359,-0.202963,2.44258,0
0.113446,-0.21449,2.45164,0
0.113534,-0.22546,2.45366,0
0.113621,-0.236643,2.45763,0
0.113708,-0.247565,2.45857,0
0.113795,-0.258708,2.46144,0
0.113883,-0.269119,2.45731,0
0.11397,-0.280178,2.45909,0
0.114057,-0.290905,2.45784,0
0.114145,-0.302114,2.46052,0
0.114232,-0.312469,2.4562,0
0.114319,-0.323052,2.45383,0
0.114406,-0.335374,2.46428,0
0.114494,-0.347515,2.4727,0
0.114581,-0.356866,2.46126,0
0.114668,-0.368341,2.46463,0
0.114755,-0.379852,2.46794,0
0.114843,-0.389991,2.46231,0
0.11493,-0.400249,2.45762,0
0.115017,-0.411133,2.45684,0
0.115104,-0.422696,2.45995,0
0.115192,-0.434294,2.463,0
0.115279,-0.445926,2.46601,0
0.115366,-0.456318,2.46207,0
0.115454,-0.467056,2.46006,0
0.115541,-0.479121,2.46487,0
0.115628,-0.491237,2.46962,0
0.115715,-0.501211,2.46353,0
0.115803,-0.512973,2.46622,0
0.11589,-0.52165,2.45417,0
0.115977,-0.533202,2.45578,0
0.116064,-0.543263,2.4505,0
0.116152,-0.549095,2.42665,0
0.116239,-0.556304,2.40962,0
0.116326,-0.565896,2.40327,0
0.116413,-0.578011,2.40759,0
0.116501,-0.584945,2.39047,0
0.116588,-0.578193,2.31901,0
0.116675,-0.571076,2.24862,0
0.116763,-0.576124,2.22771,0
0.11685,-0.582784,2.21357,0
0.116937,-0.585449,2.18492,0
0.117024,-0.575775,2.11192,0
0.117112,-0.567881,2.04771,0
0.117199,-0.559439,1.98362,0
0.117286,-0.561473,1.95809,0
0.117373,-0.57225,1.9633,0
0.117461,-0.581663,1.96366,0
0.117548,-0.580139,1.92759,0
0.117635,-0.560184,1.83228,0
0.117722,-0.548898,1.76774,0
0.11781,-0.54518,1.72909,0
0.117897,-0.546926,1.7086,0
0.117984,-0.548196,1.68717,0
0.118072,-0.551795,1.67337,0
0.118159,-0.552745,1.65198,0
0.118246,-0.559626,1.64861,0
0.118333,-0.567465,1.64804,0
0.118421,-0.569705,1.63139,0
0.118508,-0.571811,1.61474,0
0.118595,-0.576148,1.60471,0
0.118682,-0.579724,1.59278,0
0.11877,-0.584246,1.58367,0
0.118857,-0.588699,1.57455,0
0.118944,-0.592729,1.56448,0
0.119031,-0.596683,1.55441,0
0.119119,-0.60056,1.54434,0
0.119206,-0.591533,1.50169,0
0.119293,-0.57844,1.44987,0
0.119381,-0.582888,1.4427,0
0.119468,-0.586527,1.43366,0
0.119555,-0.59048,1.42555,0
0.119642,-0.600175,1.43126,0
0.11973,-0.599382,1.41205,0
0.119817,-0.606327,1.41126,0
0.119904,-0.618061,1.42144,0
0.119991,-0.625466,1.42148,0
0.120079,-0.641424,1.44066,0
0.120166,-0.653454,1.45061,0
0.120253,-0.66268,1.45412,0
0.12034,-0.672786,1.45939,0
0.120428,-0.678725,1.45553,0
0.120515,-0.68123,1.44441,0
0.120602,-0.656099,1.37554,0
0.12069,-0.648627,1.34474,0
0.120777,-0.656242,1.34549,0
0.120864,-0.667414,1.35338,0
0.120951,-0.688037,1.37999,0
0.121039,-0.694052,1.37697,0
0.121126,-0.698691,1.37126,0
0.121213,-0.693221,1.34597,0
0.1213,-0.695393,1.33584,0
0.121388,-0.693766,1.31863,0
0.121475,-0.691532,1.30058,0
0.121562,-0.692467,1.28874,0
0.121649,-0.69188,1.27428,0
0.121737,-0.6907,1.25898,0
0.121824,-0.690854,1.24633,0
0.121911,-0.691888,1.23545,0
0.121999,-0.691855,1.22285,0
0.122086,-0.688252,1.20419,0
0.122173,-0.6895,1.19425,0
0.12226,-0.688659,1.18086,0
0.122348,-0.689237,1.17009,0
0.122435,-0.686155,1.15332,0
0.122522,-0.686546,1.1426,0
0.122609,-0.68945,1.13618,0
0.122697,-0.690743,1.12719,0
0.122784,-0.686709,1.10971,0
0.122871,-0.686775,1.09907,0
0.122958,-0.689964,1.09353,0
0.123046,-0.692042,1.08629,0
0.123133,-0.692447,1.07653,0
0.12322,-0.696593,1.07266,0
0.123308,-0.695784,1.06125,0
0.123395,-0.697096,1.0532,0
0.123482,-0.700018,1.04765,0
0.123569,-0.701228,1.03961,0
0.123657,-0.701255,1.02993,0
0.123744,-0.709707,1.03263,0
0.123831,-0.718766,1.0361,0
0.123918,-0.0619463,0.0884684,0
0.124006,-0.0559831,0.0792142,0
0.124093,-0.0551668,0.077341,0
0.12418,-0.060762,0.0844037,0
0.124267,-0.0693587,0.095464,0
0.124355,-0.0609049,0.0830638,0
0.124442,-0.0594823,0.0803857,0
0.124529,-0.0526526,0.0705103,0
0.124617,-0.0547652,0.0726758,0
0.124704,-0.0593188,0.0780082,0
0.124791,-0.0657462,0.0856822,0
0.124878,-0.0581606,0.0751155,0
0.124966,-0.0627975,0.0803771,0
0.125053,-0.0600521,0.0761757,0
0.12514,-0.0616289,0.0774782,0
0.125227,-0.0644701,0.0803281,0
0.125315,-0.0641907,0.0792689,0
0.125402,-0.070863,0.086732,0
0.125489,-0.0610635,0.074076,0
0.125576,-0.0588284,0.0707335,0
0.125664,-0.0623504,0.0743063,0
0.125751,-0.0646124,0.0763232,0
0.125838,-0.0642954,0.0752802,0
0.125926,-0.0639705,0.0742414,0
0.126013,-0.0597014,0.0686786,0
0.1261,-0.0619785,0.0706729,0
0.126187,-0.0682499,0.0771424,0
0.126275,-0.0679199,0.0760979,0
0.126362,-0.0582144,0.0646536,0
0.126449,-0.0558064,0.0614381,0
0.126536,-0.0493181,0.0538212,0
0.126624,-0.0502313,0.0543399,0
0.126711,-0.0600159,0.0643591,0
0.126798,-0.0568702,0.0604548,0
0.126885,-0.0495615,0.052227,0
0.126973,-0.026969,0.0281722,0
0.12706,-0.0493207,0.0510731,0
0.127147,-0.0341917,0.0350988,0
0.127234,-0.06939,0.0706118,0
0.127322,-0.0619533,0.0624963,0
0.127409,-0.0381838,0.0381838,0
