7200
1217
1.0472
1.06291,-0.0572756,-0.0572756,0
1.06308,-0.0329427,-0.0335228,0
1.06317,-0.0327962,-0.0336662,0
1.06325,-0.0250077,-0.0258962,0
1.06334,-0.0463314,-0.0483984,0
1.06343,-0.0488732,-0.0515016,0
1.06352,-0.0644072,-0.0684669,0
1.0636,-0.0941158,-0.100927,0
1.06369,-0.109966,-0.11896,0
1.06378,-0.195246,-0.213073,0
1.06387,-0.211123,-0.232428,0
1.06395,-0.21546,-0.239293,0
1.06404,-0.352917,-0.39541,0
1.06413,-0.354502,-0.400691,0
1.06421,-0.346157,-0.394716,0
1.0643,-0.276201,-0.317733,0
1.06439,-0.284603,-0.330298,0
1.06448,-0.28251,-0.330777,0
1.06456,-0.284941,-0.336586,0
1.06465,-0.283469,-0.337826,0
1.06474,-0.293503,-0.352898,0
1.06483,-0.289416,-0.351089,0
1.06491,-0.293575,-0.359318,0
1.065,-0.282565,-0.348939,0
1.06509,-0.292306,-0.364206,0
1.06517,-0.298185,-0.374869,0
1.06526,-0.305213,-0.387161,0
1.06535,-0.295518,-0.378245,0
1.06544,-0.299374,-0.386647,0
1.06552,-0.295858,-0.38557,0
1.06561,-0.309305,-0.406757,0
1.0657,-0.302713,-0.401714,0
1.06579,-0.293179,-0.392614,0
1.06587,-0.296817,-0.401125,0
1.06596,-0.304524,-0.415319,0
1.06605,-0.305061,-0.41988,0
1.06613,-0.304978,-0.423642,0
1.06622,-0.303708,-0.425782,0
1.06631,-0.29723,-0.42057,0
1.0664,-0.302275,-0.431693,0
1.06648,-0.307228,-0.442868,0
1.06657,-0.300762,-0.437611,0
1.06666,-0.296035,-0.434786,0
1.06675,-0.295254,-0.437732,0
1.06683,-0.296674,-0.444005,0
1.06692,-0.303565,-0.458637,0
1.06701,-0.304303,-0.464139,0
1.06709,-0.297918,-0.458753,0
1.06718,-0.303487,-0.471823,0
1.06727,-0.305723,-0.47989,0
1.06736,-0.298824,-0.473608,0
1.06744,-0.297815,-0.476603,0
1.06753,-0.302047,-0.488102,0
1.06762,-0.304094,-0.496237,0
1.06771,-0.301926,-0.497559,0
1.06779,-0.301812,-0.5023,0
1.06788,-0.299618,-0.503612,0
1.06797,-0.305031,-0.517839,0
1.06805,-0.303776,-0.520893,0
1.06814,-0.3035,-0.525677,0
1.06823,-0.294753,-0.51571,0
1.06832,-0.295947,-0.523084,0
1.0684,-0.300991,-0.537458,0
1.06849,-0.291855,-0.526521,0
1.06858,-0.293884,-0.53568,0
1.06867,-0.296793,-0.546624,0
1.06875,-0.301031,-0.560246,0
1.06884,-0.298114,-0.560672,0
1.06893,-0.289147,-0.549577,0
1.06901,-0.291825,-0.560591,0
1.0691,-0.298534,-0.579639,0
1.06919,-0.300542,-0.589846,0
1.06928,-0.298415,-0.592045,0
1.06936,-0.289582,-0.580812,0
1.06945,-0.295007,-0.598214,0
1.06954,-0.291955,-0.598597,0
1.06963,-0.296292,-0.614276,0
1.06971,-0.302219,-0.633615,0
1.0698,-0.299451,-0.634928,0
1.06989,-0.296678,-0.636228,0
1.06997,-0.295574,-0.641149,0
1.07006,-0.296506,-0.650622,0
1.07015,-0.29736,-0.660116,0
1.07024,-0.303019,-0.680591,0
1.07032,-0.299644,-0.680992,0
1.07041,-0.299062,-0.687795,0
1.0705,-0.291716,-0.678987,0
1.07058,-0.286797,-0.675651,0
1.07067,-0.296994,-0.70825,0
1.07076,-0.293518,-0.708616,0
1.07085,-0.295725,-0.722847,0
1.07093,-0.294066,-0.727839,0
1.07102,-0.294223,-0.737475,0
1.07111,-0.295033,-0.748986,0
1.0712,-0.296112,-0.76145,0
1.07128,-0.298162,-0.776739,0
1.07137,-0.296187,-0.781773,0
1.07146,-0.296275,-0.792425,0
1.07154,-0.295238,-0.800277,0
1.07163,-0.296531,-0.814713,0
1.07172,-0.292636,-0.815058,0
1.07181,-0.293416,-0.828582,0
1.07189,-0.295403,-0.845904,0
1.07198,-0.294639,-0.855694,0
1.07207,-0.29251,-0.861706,0
1.07216,-0.289382,-0.864871,0
1.07224,-0.294061,-0.891768,0
1.07233,-0.295111,-0.908259,0
1.07242,-0.295718,-0.923824,0
1.0725,-0.295594,-0.937504,0
1.07259,-0.293576,-0.94547,0
1.07268,-0.292664,-0.957261,0
1.07277,-0.295113,-0.980553,0
1.07285,-0.295092,-0.996214,0
1.07294,-0.29494,-1.01189,0
1.07303,-0.292176,-1.01894,0
1.07312,-0.290441,-1.02983,0
1.0732,-0.292626,-1.05518,0
1.07329,-0.291702,-1.06995,0
1.07338,-0.292983,-1.09343,0
1.07346,-0.287446,-1.09179,0
1.07355,-0.288438,-1.11531,0
1.07364,-0.288246,-1.13497,0
1.07373,-0.289339,-1.16047,0
1.07381,-0.291165,-1.18989,0
1.0739,-0.290173,-1.20866,0
1.07399,-0.285813,-1.2138,0
1.07408,-0.278489,-1.20627,0
1.07416,-0.274548,-1.21333,0
1.07425,-0.273796,-1.23501,0
1.07434,-0.275194,-1.26747,0
1.07442,-0.281512,-1.32441,0
1.07451,-0.277767,-1.33542,0
1.0746,-0.282903,-1.39051,0
1.07469,-0.278394,-1.39958,0
1.07477,-0.272666,-1.40275,0
1.07486,-0.266729,-1.4049,0
1.07495,-0.262601,-1.41687,0
1.07504,-0.259264,-1.43375,0
1.07512,-0.262382,-1.48804,0
1.07521,-0.258935,-1.50692,0
1.0753,-0.255659,-1.52776,0
1.07538,-0.251723,-1.54564,0
1.07547,-0.244194,-1.54178,0
1.07556,-0.237617,-1.54382,0
1.07565,-0.230435,-1.54188,0
1.07573,-0.224136,-1.54584,0
1.07582,-0.217249,-1.54581,0
1.07591,-0.209019,-1.53584,0
1.076,-0.201794,-1.53277,0
1.07608,-0.196366,-1.54356,0
1.07617,-0.188288,-1.53348,0
1.07626,-0.181713,-1.53528,0
1.07634,-0.175352,-1.53904,0
1.07643,-0.169288,-1.54576,0
1.07652,-0.161601,-1.53753,0
1.07661,-0.155091,-1.54021,0
1.07669,-0.148369,-1.54087,0
1.07678,-0.141187,-1.53653,0
1.07687,-0.133697,-1.52816,0
1.07696,-0.127773,-1.5377,0
1.07704,-0.121219,-1.54024,0
1.07713,-0.115832,-1.5587,0
1.07722,-0.109448,-1.56518,0
1.0773,-0.103141,-1.57362,0
1.07739,-0.0961515,-1.57206,0
1.07748,-0.0884408,-1.55749,0
1.07757,-0.0815918,-1.55686,0
1.07765,-0.0749419,-1.5602,0
1.07774,-0.068308,-1.56451,0
1.07783,-0.0613239,-1.5608,0
1.07792,-0.0545828,-1.56305,0
1.078,-0.047976,-1.57027,0
1.07809,-0.0407575,-1.55647,0
1.07818,-0.0340749,-1.56163,0
1.07826,-0.0272432,-1.56076,0
1.07835,-0.0202889,-1.54987,0
1.07844,-0.013596,-1.55794,0
1.07853,-0.00679805,-1.55799,0
1.07861,-1.87683e-08,-1.558,0
1.0787,0.00679365,-1.55699,0
1.07879,0.0135785,-1.55594,0
1.07888,0.0204067,-1.55887,0
1.07896,0.0273304,-1.56576,0
1.07905,0.0341185,-1.56363,0
1.07914,0.0407575,-1.55647,0
1.07922,0.0475484,-1.55627,0
1.07931,0.0546875,-1.56605,0
1.0794,0.0611275,-1.5558,0
1.07949,0.0683952,-1.56651,0
1.07957,0.0748459,-1.5582,0
1.07966,0.0819058,-1.56286,0
1.07975,0.0886108,-1.56049,0
1.07984,0.0952967,-1.55809,0
1.07992,0.102094,-1.55766,0
1.08001,0.108402,-1.55021,0
1.0801,0.116424,-1.56668,0
1.08018,0.123024,-1.56317,0
1.08027,0.130589,-1.57158,0
1.08036,0.136224,-1.55705,0
1.08045,0.143475,-1.56142,0
1.08053,0.149999,-1.5578,0
1.08062,0.156894,-1.55812,0
1.08071,0.163483,-1.55543,0
1.0808,0.170921,-1.56067,0
1.08088,0.177163,-1.55494,0
1.08097,0.185474,-1.56706,0
1.08106,0.192919,-1.5712,0
1.08114,0.198637,-1.56142,0
1.08123,0.205448,-1.56053,0
1.08132,0.213064,-1.56557,0
1.08141,0.219198,-1.55967,0
1.08149,0.226288,-1.56068,0
1.08158,0.233243,-1.56067,0
1.08167,0.240507,-1.5626,0
1.08176,0.250452,-1.58129,0
1.08184,0.285318,-1.75192,0
1.08193,0.375318,-2.24281,0
1.08202,0.387472,-2.25495,0
1.0821,0.397307,-2.25324,0
1.08219,0.406601,-2.24853,0
1.08228,0.416955,-2.24969,0
1.08237,0.425834,-2.24293,0
1.08245,0.436189,-2.244,0
1.08254,0.447342,-2.24894,0
1.08263,0.455157,-2.23717,0
1.08272,0.46858,-2.25278,0
1.0828,0.476534,-2.24191,0
1.08289,0.48716,-2.24372,0
1.08298,0.498677,-2.24939,0
1.08306,0.507604,-2.24329,0
1.08315,0.518512,-2.24592,0
1.08324,0.526244,-2.23488,0
1.08333,0.536457,-2.23451,0
1.08341,0.548817,-2.24283,0
1.0835,0.560049,-2.24623,0
1.08359,0.569353,-2.24183,0
1.08367,0.58013,-2.2432,0
1.08376,0.590167,-2.24161,0
1.08385,0.600978,-2.24288,0
1.08394,0.609443,-2.23541,0
1.08402,0.621596,-2.2414,0
1.08411,0.632456,-2.24252,0
1.0842,0.644164,-2.24647,0
1.08429,0.649483,-2.22828,0
1.08437,0.662892,-2.23789,0
1.08446,0.673803,-2.2388,0
1.08455,0.68298,-2.23393,0
1.08463,0.693611,-2.23379,0
1.08472,0.706358,-2.24028,0
1.08481,0.712163,-2.2248,0
1.0849,0.724645,-2.23023,0
1.08498,0.735309,-2.22989,0
1.08507,0.747252,-2.2333,0
1.08516,0.758276,-2.23381,0
1.08525,0.768015,-2.23048,0
1.08533,0.77807,-2.22805,0
1.08542,0.790788,-2.23312,0
1.08551,0.803228,-2.23718,0
1.08559,0.81264,-2.23271,0
1.08568,0.825835,-2.23852,0
1.08577,0.832093,-2.22553,0
1.08586,0.849236,-2.24152,0
1.08594,0.855783,-2.22939,0
1.08603,0.872388,-2.24334,0
1.08612,0.874838,-2.22091,0
1.08621,0.888597,-2.22729,0
1.08629,0.902802,-2.23451,0
1.08638,0.911407,-2.22778,0
1.08647,0.919971,-2.22101,0
1.08655,0.936227,-2.23265,0
1.08664,0.946742,-2.23038,0
1.08673,0.957254,-2.22807,0
1.08682,0.971353,-2.23396,0
1.0869,0.979883,-2.22695,0
1.08699,0.992844,-2.22996,0
1.08708,1.00256,-2.22561,0
1.08717,1.016,-2.22941,0
1.08725,1.0253,-2.22404,0
1.08734,1.03711,-2.22408,0
1.08743,1.04723,-2.22044,0
1.08751,1.06207,-2.22668,0
1.0876,1.07829,-2.23553,0
1.08769,1.08585,-2.22631,0
1.08778,1.09555,-2.22155,0
1.08786,1.10255,-2.21138,0
1.08795,1.11894,-2.21995,0
1.08804,1.13044,-2.21861,0
1.08813,1.1456,-2.22432,0
1.08821,1.15991,-2.22817,0
1.0883,1.17149,-2.22663,0
1.08839,1.18495,-2.22856,0
1.08847,1.18993,-2.21456,0
1.08856,1.20626,-2.22165,0
1.08865,1.22267,-2.22864,0
1.08874,1.22608,-2.21191,0
1.08882,1.23963,-2.21352,0
1.08891,1.25913,-2.2255,0
1.089,1.26337,-2.21043,0
1.08909,1.277,-2.21183,0
1.08917,1.29168,-2.21487,0
1.08926,1.30488,-2.21525,0
1.08935,1.31607,-2.21211,0
1.08943,1.32931,-2.21235,0
1.08952,1.34051,-2.20909,0
1.08961,1.35066,-2.20407,0
1.0897,1.36868,-2.21177,0
1.08978,1.37832,-2.20577,0
1.08987,1.39754,-2.21496,0
1.08996,1.4088,-2.21137,0
1.09005,1.42439,-2.21446,0
1.09013,1.43295,-2.20654,0
1.09022,1.43543,-2.1894,0
1.09031,1.43504,-2.1681,0
1.09039,1.44948,-2.1693,0
1.09048,1.45893,-2.16296,0
1.09057,1.47905,-2.17228,0
1.09066,1.49191,-2.17075,0
1.09074,1.5407,-2.22091,0
1.09083,1.70868,-2.44025,0
1.09092,1.75164,-2.47851,0
1.09101,1.75837,-2.46514,0
1.09109,1.77437,-2.46475,0
1.09118,1.84388,-2.53789,0
1.09127,1.78102,-2.42901,0
1.09135,1.79042,-2.41961,0
1.09144,1.80754,-2.42059,0
1.09153,1.83132,-2.43025,0
1.09162,1.84251,-2.42303,0
1.0917,1.86524,-2.43083,0
1.09179,1.87338,-2.41951,0
1.09188,1.89685,-2.42786,0
1.09197,1.90867,-2.42113,0
1.09205,1.92855,-2.42452,0
1.09214,1.93974,-2.41686,0
1.09223,1.95907,-2.41926,0
1.09231,1.97847,-2.42153,0
1.0924,2.05453,-2.49235,0
1.09249,2.01743,-2.4257,0
1.09258,2.02735,-2.4161,0
1.09266,2.03594,-2.40495,0
1.09275,2.05485,-2.40592,0
1.09284,2.07578,-2.40906,0
1.09293,2.08561,-2.39922,0
1.09301,2.10661,-2.40213,0
1.0931,2.1946,-2.48054,0
1.09319,2.2074,-2.47318,0
1.09327,2.15527,-2.39367,0
1.09336,2.17242,-2.39164,0
1.09345,2.04096,-2.22731,0
1.09354,2.29638,-2.48421,0
1.09362,2.224,-2.38494,0
1.09371,2.23575,-2.37667,0
1.0938,2.23922,-2.35964,0
1.09389,2.24396,-2.34407,0
1.09397,2.24375,-2.32347,0
1.09406,2.25596,-2.3158,0
1.09415,2.26113,-2.30095,0
1.09423,2.04868,-2.06664,0
1.09432,2.0301,-2.0301,0
1.09441,2.01053,-1.99307,0
1.0945,2.01921,-1.98427,0
1.09458,2.01997,-1.96777,0
1.09467,2.01847,-1.94921,0
1.09476,2.01684,-1.9307,0
1.09485,2.02017,-1.91707,0
1.09493,2.01395,-1.89453,0
1.09502,2.02073,-1.88436,0
1.09511,2.01865,-1.86602,0
1.09519,2.01203,-1.84369,0
1.09528,2.02006,-1.83489,0
1.09537,2.01467,-1.81401,0
1.09546,2.02032,-1.80321,0
1.09554,2.01844,-1.78576,0
1.09563,2.01418,-1.76639,0
1.09572,2.01206,-1.74905,0
1.0958,2.01437,-1.73569,0
1.09589,2.01432,-1.72039,0
1.09598,2.00501,-1.69737,0
1.09607,2.0055,-1.68282,0
1.09615,2.01744,-1.67789,0
1.09624,2.0124,-1.65889,0
1.09633,2.01342,-1.64503,0
1.09642,2.02369,-1.63875,0
1.0965,2.016,-1.61801,0
1.09659,2.0113,-1.59986,0
1.09668,2.00884,-1.58364,0
1.09676,2.01258,-1.5724,0
1.09685,2.01626,-1.56115,0
1.09694,2.01432,-1.54565,0
1.09703,2.00592,-1.52534,0
1.09711,2.01017,-1.51477,0
1.0972,2.00554,-1.49761,0
1.09729,2.00964,-1.48706,0
1.09738,2.00401,-1.4694,0
1.09746,1.99584,-1.45007,0
1.09755,2.00053,-1.44018,0
1.09764,2.00761,-1.43201,0
1.09772,2.00894,-1.41978,0
1.09781,1.99955,-1.4001,0
1.0979,1.99989,-1.38737,0
1.09799,2.00592,-1.37863,0
1.09807,2.002,-1.36311,0
1.09816,2.00213,-1.35045,0
1.09825,2.0055,-1.34004,0
1.09834,2.00383,-1.3263,0
1.09842,2.01043,-1.3181,0
1.09851,1.99604,-1.29624,0
1.0986,2.00083,-1.28698,0
1.09868,2.01065,-1.28092,0
1.09877,2.00437,-1.26467,0
1.09886,2.00224,-1.25114,0
1.09895,2.00088,-1.23818,0
1.09903,2.002,-1.22683,0
1.09912,1.99793,-1.21237,0
1.09921,1.99206,-1.19695,0
1.0993,2.0007,-1.19029,0
1.09938,1.99898,-1.17749,0
1.09947,2.00669,-1.17027,0
1.09956,2.00312,-1.1565,0
1.09964,2.00207,-1.14428,0
1.09973,1.99921,-1.1311,0
1.09982,2.00587,-1.12334,0
1.09991,2.00725,-1.11264,0
1.09999,1.99981,-1.09714,0
1.10008,2.0037,-1.08792,0
1.10017,2.00315,-1.07633,0
1.10026,2.00871,-1.06805,0
1.10034,2.00804,-1.05648,0
1.10043,1.99666,-1.0394,0
1.10052,2.01096,-1.03571,0
1.1006,2.00744,-1.02284,0
1.10069,1.99849,-1.00732,0
1.10078,1.98944,-0.991898,0
1.10087,2.00092,-0.986746,0
1.10095,2.00791,-0.979321,0
1.10104,2.00315,-0.966206,0
1.10113,1.99562,-0.95186,0
1.10122,1.99161,-0.939304,0
1.1013,1.9966,-0.931028,0
1.10139,1.9961,-0.920214,0
1.10148,1.99463,-0.909008,0
1.10156,1.99402,-0.898242,0
1.10165,1.9897,-0.885872,0
1.10174,2.00087,-0.880404,0
1.10183,1.98727,-0.864089,0
1.10191,1.99745,-0.858173,0
1.102,1.99934,-0.848668,0
1.10209,1.9938,-0.836069,0
1.10218,1.99281,-0.825448,0
1.10226,1.99361,-0.815609,0
1.10235,1.98325,-0.801284,0
1.10244,1.99137,-0.794475,0
1.10252,1.98923,-0.78358,0
1.10261,1.99077,-0.774168,0
1.1027,1.99973,-0.767624,0
1.10279,1.98529,-0.75216,0
1.10287,1.98668,-0.74279,0
1.10296,1.9824,-0.731345,0
1.10305,1.99215,-0.725083,0
1.10314,1.98776,-0.71368,0
1.10322,1.9984,-0.707671,0
1.10331,1.98353,-0.69268,0
1.1034,1.98275,-0.682716,0
1.10348,1.98477,-0.673737,0
1.10357,1.98769,-0.665071,0
1.10366,1.99817,-0.658897,0
1.10375,1.98961,-0.646464,0
1.10383,1.9867,-0.635947,0
1.10392,1.96943,-0.620958,0
1.10401,1.98931,-0.617696,0
1.1041,1.99198,-0.60901,0
1.10418,1.99366,-0.600025,0
1.10427,1.98955,-0.589332,0
1.10436,1.98346,-0.578127,0
1.10444,1.98693,-0.569742,0
1.10453,1.98362,-0.559439,0
1.10462,1.98893,-0.55158,0
1.10471,1.9836,-0.540792,0
1.10479,1.99077,-0.533426,0
1.10488,1.98244,-0.521934,0
1.10497,1.98761,-0.51403,0
1.10506,1.99177,-0.505845,0
1.10514,1.97843,-0.493279,0
1.10523,1.98057,-0.484642,0
1.10532,1.97391,-0.473894,0
1.1054,1.9818,-0.466652,0
1.10549,1.96823,-0.454401,0
1.10558,1.97994,-0.448016,0
1.10567,1.97114,-0.436992,0
1.10575,1.97792,-0.429448,0
1.10584,1.98075,-0.421021,0
1.10593,1.97865,-0.41156,0
1.10602,1.98239,-0.403321,0
1.1061,1.9753,-0.392912,0
1.10619,1.98485,-0.385816,0
1.10628,1.96883,-0.373794,0
1.10636,1.97733,-0.366476,0
1.10645,1.95923,-0.354286,0
1.10654,1.97454,-0.348165,0
1.10663,1.96816,-0.338191,0
1.10671,1.96961,-0.3296,0
1.1068,1.95425,-0.31827,0
1.10689,1.94772,-0.308489,0
1.10698,1.94608,-0.299531,0
1.10706,1.94441,-0.290593,0
1.10715,1.94961,-0.282681,0
1.10724,1.94588,-0.273475,0
1.10732,1.95399,-0.265926,0
1.10741,1.94918,-0.256615,0
1.1075,1.94433,-0.24735,0
1.10759,1.93646,-0.237767,0
1.10767,1.92655,-0.228023,0
1.10776,1.92157,-0.218935,0
1.10785,1.90759,-0.208916,0
1.10794,1.86174,-0.195677,0
1.10802,1.80786,-0.182042,0
1.10811,1.75588,-0.169072,0
1.1082,1.73668,-0.159579,0
1.10828,1.72043,-0.150518,0
1.10837,1.70512,-0.141685,0
1.10846,1.70074,-0.133851,0
1.10855,1.69233,-0.125762,0
1.10863,1.69586,-0.118586,0
1.10872,1.68838,-0.110662,0
1.10881,1.69284,-0.103538,0
1.10889,1.68628,-0.0957542,0
1.10898,1.68968,-0.0885525,0
1.10907,1.69005,-0.081179,0
1.10916,1.69738,-0.0741094,0
1.10924,1.6897,-0.0663884,0
1.10933,1.68597,-0.0588755,0
1.10942,1.68821,-0.0515796,0
1.10951,1.68842,-0.0442129,0
1.10959,1.6966,-0.0370199,0
1.10968,1.68674,-0.0294423,0
1.10977,1.68786,-0.0220953,0
1.10985,1.68694,-0.0147217,0
1.10994,1.68698,-0.00736094,0
1.11003,1.684,-4.0777e-08,0
1.11012,1.73398,0.00756594,0
1.1102,1.86493,0.0162749,0
1.11029,1.75185,0.0229329,0
1.11038,1.67275,0.0291978,0
1.11047,1.6606,0.0362345,0
1.11055,1.66643,0.0436369,0
1.11064,1.65423,0.0505412,0
1.11073,1.66299,0.0580727,0
1.11081,1.65073,0.0648572,0
1.1109,1.65143,0.0721028,0
1.11099,1.6501,0.0792598,0
1.11108,1.65373,0.0866683,0
1.11116,1.65334,0.0938832,0
1.11125,1.64992,0.100913,0
1.11134,1.65046,0.108177,0
1.11143,1.65396,0.115656,0
1.11151,1.64147,0.121983,0
1.1116,1.6479,0.129693,0
1.11169,1.64832,0.136965,0
1.11177,1.65568,0.144853,0
1.11186,1.64706,0.151344,0
1.11195,1.65634,0.159487,0
1.11204,1.65762,0.166913,0
1.11212,1.66881,0.175399,0
1.11221,1.66504,0.182352,0
1.1123,1.6692,0.190181,0
1.11239,1.68325,0.199226,0
1.11247,1.80544,0.22168,0
1.11256,1.96219,0.249622,0
1.11265,1.96802,0.259094,0
1.11273,1.9748,0.268758,0
1.11282,1.97658,0.277789,0
1.11291,1.98128,0.287272,0
1.113,1.97111,0.294584,0
1.11308,1.9698,0.303182,0
1.11317,1.97636,0.313025,0
1.11326,1.97991,0.32245,0
1.11335,1.98441,0.332076,0
1.11343,1.97505,0.339376,0
1.11352,1.97651,0.348512,0
1.11361,1.98087,0.3582,0
1.11369,1.98028,0.367022,0
1.11378,1.98062,0.376032,0
1.11387,1.97111,0.383144,0
1.11396,1.96942,0.391741,0
1.11404,1.97945,0.402723,0
1.11413,1.97376,0.410542,0
1.11422,1.9739,0.419566,0
1.11431,1.97596,0.429023,0
1.11439,1.97798,0.438507,0
1.11448,1.97312,0.446471,0
1.11457,1.97407,0.455751,0
1.11465,1.96525,0.462756,0
1.11474,1.96321,0.471326,0
1.11483,1.95628,0.478699,0
1.11492,1.97261,0.491827,0
1.115,1.97045,0.50043,0
1.11509,1.96824,0.509022,0
1.11518,1.96697,0.51786,0
1.11527,1.97242,0.528508,0
1.11535,1.97106,0.537373,0
1.11544,1.98219,0.549709,0
1.11553,1.97015,0.555639,0
1.11561,1.97732,0.566986,0
1.1157,1.97674,0.576168,0
1.11579,1.97805,0.585924,0
1.11588,1.97068,0.593108,0
1.11596,1.97286,0.603163,0
1.11605,1.96734,0.610876,0
1.11614,1.96656,0.620055,0
1.11623,1.98003,0.633813,0
1.11631,1.97534,0.641828,0
1.1164,1.96493,0.647936,0
1.11649,1.97062,0.659359,0
1.11657,1.96393,0.666665,0
1.11666,1.97046,0.678484,0
1.11675,1.97503,0.689713,0
1.11684,1.98238,0.701996,0
1.11692,1.97647,0.709625,0
1.11701,1.97711,0.71961,0
1.1171,1.98146,0.730999,0
1.11719,1.97919,0.739988,0
1.11727,1.97781,0.749326,0
1.11736,1.97732,0.759023,0
1.11745,1.98331,0.771268,0
1.11753,1.97342,0.777349,0
1.11762,1.97186,0.786693,0
1.11771,1.97212,0.796788,0
1.1178,1.97048,0.806143,0
1.11788,1.96971,0.815881,0
1.11797,1.96982,0.826015,0
1.11806,1.97448,0.838118,0
1.11815,1.96989,0.846331,0
1.11823,1.97351,0.858108,0
1.11832,1.96792,0.865905,0
1.11841,1.97417,0.878958,0
1.11849,1.97579,0.890028,0
1.11858,1.97735,0.901128,0
1.11867,1.96431,0.905561,0
1.11876,1.96941,0.918349,0
1.11884,1.97262,0.930346,0
1.11893,1.97666,0.942819,0
1.11902,1.96803,0.949263,0
1.11911,1.96566,0.958718,0
1.11919,1.96684,0.969939,0
1.11928,1.97333,0.983866,0
1.11937,1.96634,0.991117,0
1.11945,1.95487,0.996055,0
1.11954,1.95673,1.00778,0
1.11963,1.96207,1.02139,0
1.11972,1.96467,1.03366,0
1.1198,1.96897,1.04692,0
1.11989,1.96439,1.0555,0
1.11998,1.96416,1.06645,0
1.12007,1.96299,1.07693,0
1.12015,1.96702,1.09034,0
1.12024,1.96399,1.09989,0
1.12033,1.96874,1.11386,0
1.12041,1.96994,1.12592,0
1.1205,1.96328,1.1335,0
1.12059,1.95832,1.14206,0
1.12068,1.96365,1.15668,0
1.12076,1.96374,1.1683,0
1.12085,1.96377,1.17995,0
1.12094,1.95433,1.18592,0
1.12103,1.96193,1.20227,0
1.12111,1.95666,1.21082,0
1.1212,1.96154,1.2257,0
1.12129,1.96209,1.23799,0
1.12137,1.95751,1.24707,0
1.12146,1.96551,1.26426,0
1.12155,1.96417,1.27554,0
1.12164,1.95942,1.28465,0
1.12172,1.96213,1.29871,0
1.12181,1.9631,1.3117,0
1.1219,1.96316,1.32417,0
1.12198,1.95654,1.33216,0
1.12207,1.96472,1.35031,0
1.12216,1.96538,1.36343,0
1.12225,1.96433,1.37544,0
1.12233,1.96076,1.38573,0
1.12242,1.9669,1.40298,0
1.12251,1.9567,1.40863,0
1.1226,1.96429,1.42714,0
1.12268,1.95724,1.43511,0
1.12277,1.96463,1.45375,0
1.12286,1.95746,1.46171,0
1.12294,1.95586,1.47384,0
1.12303,1.96374,1.49326,0
1.12312,1.95482,1.49999,0
1.12321,1.95538,1.51401,0
1.12329,1.95899,1.53053,0
1.12338,1.95151,1.53845,0
1.12347,1.94869,1.55006,0
1.12356,1.95907,1.57232,0
1.12364,1.95918,1.58652,0
1.12373,1.95999,1.60138,0
1.12382,1.95375,1.61055,0
1.1239,1.95363,1.62481,0
1.12399,1.95418,1.63975,0
1.12408,1.95082,1.65149,0
1.12417,1.95044,1.66583,0
1.12425,1.94618,1.67694,0
1.12434,1.95772,1.70182,0
1.12443,1.95779,1.71694,0
1.12452,1.95477,1.72944,0
1.1246,1.95542,1.74528,0
1.12469,1.9567,1.76182,0
1.12478,1.95344,1.77438,0
1.12486,1.95968,1.79572,0
1.12495,1.95697,1.809,0
1.12504,1.95857,1.82639,0
1.12513,1.95568,1.83972,0
1.12521,1.96069,1.86062,0
1.1253,1.95905,1.87538,0
1.12539,1.95589,1.88878,0
1.12548,1.95909,1.90846,0
1.12556,1.96001,1.9261,0
1.12565,1.95656,1.93956,0
1.12574,1.95798,1.95798,0
1.12582,1.96139,1.97858,0
1.12591,1.94362,1.97784,0
1.126,1.9566,2.00851,0
1.12609,1.95685,2.02638,0
1.12617,1.95837,2.04573,0
1.12626,1.95493,2.06006,0
1.12635,1.96236,2.08605,0
1.12644,1.94847,2.08948,0
1.12652,1.95495,2.11485,0
1.12661,1.95718,2.13589,0
1.1267,1.9586,2.15626,0
1.12678,1.95118,2.16701,0
1.12687,1.95237,2.18744,0
1.12696,1.95605,2.21092,0
1.12705,1.95364,2.2277,0
1.12713,1.95374,2.24752,0
1.12722,1.95306,2.26663,0
1.12731,1.9451,2.27742,0
1.1274,1.94871,2.30191,0
1.12748,1.95343,2.32801,0
1.12757,1.95732,2.35342,0
1.12766,1.9553,2.37197,0
1.12774,1.9519,2.389,0
1.12783,1.94901,2.40682,0
1.12792,1.96039,2.4426,0
1.12801,1.9547,2.45739,0
1.12809,1.95758,2.48317,0
1.12818,1.95719,2.50509,0
1.12827,1.95971,2.531,0
1.12836,1.95473,2.54746,0
1.12844,1.96176,2.57984,0
1.12853,1.94928,2.58678,0
1.12862,1.95592,2.6193,0
1.1287,1.96113,2.65032,0
1.12879,1.95487,2.66611,0
1.12888,1.95262,2.68755,0
1.12897,1.95081,2.70985,0
1.12905,1.95697,2.74357,0
1.12914,1.95768,2.77005,0
1.12923,1.95647,2.79413,0
1.12932,1.95965,2.82482,0
1.1294,1.95354,2.84241,0
1.12949,1.95687,2.87405,0
1.12958,1.95494,2.89832,0
1.12966,1.9595,2.93259,0
1.12975,1.95496,2.95362,0
1.12984,1.9448,2.96631,0
1.12993,1.92693,2.96722,0
1.13001,1.9091,2.96803,0
1.1301,1.89022,2.96705,0
1.13019,1.87139,2.96597,0
1.13028,1.85366,2.96647,0
1.13036,1.83543,2.96603,0
1.13045,1.81882,2.96804,0
1.13054,1.79444,2.95714,0
1.13062,1.78409,2.96923,0
1.13071,1.76652,2.96925,0
1.1308,1.74644,2.96487,0
1.13089,1.72895,2.96468,0
1.13097,1.7115,2.96441,0
1.13106,1.69359,2.96316,0
1.13115,1.67769,2.9653,0
1.13124,1.65496,2.95514,0
1.13132,1.64738,2.97196,0
1.13141,1.62382,2.95983,0
1.1315,1.59705,2.9414,0
1.13158,1.5203,2.82942,0
1.13167,1.48306,2.78923,0
1.13176,1.46808,2.79037,0
1.13185,1.45081,2.78699,0
1.13193,1.43131,2.77907,0
1.13202,1.41327,2.7737,0
1.13211,1.39846,2.77449,0
1.1322,1.38678,2.78146,0
1.13228,1.37508,2.78838,0
1.13237,1.35983,2.78806,0
1.13246,1.34548,2.78946,0
1.13254,1.33588,2.80072,0
1.13263,1.31852,2.79567,0
1.13272,1.30631,2.8014,0
1.13281,1.2945,2.80798,0
1.13289,1.28348,2.81633,0
1.13298,1.27159,2.82282,0
1.13307,1.26332,2.83747,0
1.13316,1.25858,2.86035,0
1.13324,1.25088,2.87682,0
1.13333,1.25252,2.91532,0
1.13342,1.25151,2.94838,0
1.1335,1.23941,2.95565,0
1.13359,1.22459,2.95641,0
1.13368,1.21016,2.95803,0
1.13377,1.19425,2.95586,0
1.13385,1.17837,2.95361,0
1.13394,1.16401,2.95501,0
1.13403,1.14857,2.95353,0
1.13411,1.13423,2.95478,0
1.1342,1.1231,2.96438,0
1.13429,1.10631,2.95895,0
1.13438,1.09269,2.96187,0
1.13446,1.07976,2.96661,0
1.13455,1.06309,2.96094,0
1.13464,1.04582,2.9533,0
1.13473,1.03325,2.95878,0
1.13481,1.01708,2.9538,0
1.1349,1.00289,2.95442,0
1.13499,0.989039,2.95592,0
1.13507,0.975819,2.95926,0
1.13516,0.960425,2.95588,0
1.13525,0.946604,2.95719,0
1.13534,0.93309,2.95938,0
1.13542,0.918093,2.95674,0
1.13551,0.901382,2.94829,0
1.1356,0.887645,2.94932,0
1.13569,0.876187,2.95796,0
1.13577,0.861594,2.95599,0
1.13586,0.847034,2.95396,0
1.13595,0.834408,2.95859,0
1.13603,0.820422,2.95835,0
1.13612,0.80356,2.94743,0
1.13621,0.791986,2.95573,0
1.1363,0.777554,2.95336,0
1.13638,0.76391,2.95382,0
1.13647,0.750521,2.95518,0
1.13656,0.737862,2.9594,0
1.13665,0.722328,2.95191,0
1.13673,0.709207,2.95406,0
1.13682,0.695623,2.95421,0
1.13691,0.680027,2.94552,0
1.13699,0.667389,2.94943,0
1.13708,0.653215,2.94646,0
1.13717,0.639291,2.9444,0
1.13726,0.626646,2.94814,0
1.13734,0.613165,2.94791,0
1.13743,0.598901,2.94369,0
1.13752,0.587222,2.95216,0
1.13761,0.573954,2.95273,0
1.13769,0.559199,2.94539,0
1.13778,0.54616,2.94682,0
1.13787,0.53045,2.93343,0
1.13795,0.518687,2.94162,0
1.13804,0.505847,2.94386,0
1.13813,0.492502,2.94308,0
1.13822,0.47837,2.9373,0
1.1383,0.466488,2.94529,0
1.13839,0.453024,2.94334,0
1.13848,0.439437,2.94034,0
1.13857,0.427178,2.94619,0
1.13865,0.412509,2.93515,0
1.13874,0.400507,2.94287,0
1.13883,0.387532,2.9436,0
1.13891,0.374306,2.94229,0
1.139,0.361586,2.94488,0
1.13909,0.348381,2.94345,0
1.13918,0.334289,2.93402,0
1.13926,0.322137,2.94141,0
1.13935,0.310136,2.95075,0
1.13944,0.295855,2.93814,0
1.13953,0.283033,2.9394,0
1.13961,0.270021,2.93862,0
1.1397,0.257284,2.94077,0
1.13979,0.243539,2.9309,0
1.13987,0.231533,2.9419,0
1.13996,0.218472,2.93989,0
1.14005,0.205851,2.94381,0
1.14014,0.192547,2.9377,0
1.14022,0.17991,2.9415,0
1.14031,0.166734,2.93627,0
1.1404,0.153606,2.93098,0
1.14049,0.1412,2.93961,0
1.14057,0.127979,2.93121,0
1.14066,0.115581,2.94173,0
1.14075,0.102465,2.93421,0
1.14083,0.0898444,2.94063,0
1.14092,0.0770912,2.94399,0
1.14101,0.0640922,2.9373,0
1.1411,0.0512578,2.93655,0
1.14118,0.038549,2.94475,0
1.14127,0.0256823,2.94289,0
1.14136,0.0128457,2.94397,0
1.14145,1.06673e-07,2.932,0
1.14153,-0.0128367,2.94197,0
1.14162,-0.0256995,2.94489,0
1.14171,-0.0384571,2.93775,0
1.14179,-0.0511529,2.93055,0
1.14188,-0.0638957,2.9283,0
1.14197,-0.0768554,2.93499,0
1.14206,-0.0898137,2.93963,0
1.14214,-0.102535,2.93621,0
1.14223,-0.115267,2.93374,0
1.14232,-0.128328,2.9392,0
1.14241,-0.141104,2.93761,0
1.14249,-0.154077,2.93997,0
1.14258,-0.16662,2.93427,0
1.14267,-0.179849,2.94051,0
1.14275,-0.192547,2.9377,0
1.14284,-0.204596,2.92586,0
1.14293,-0.217657,2.92892,0
1.14302,-0.231533,2.9419,0
1.1431,-0.244284,2.93987,0
1.14319,-0.256499,2.9318,0
1.14328,-0.269289,2.93065,0
1.14337,-0.281978,2.92846,0
1.14345,-0.294453,2.92421,0
1.14354,-0.308254,2.93284,0
1.14363,-0.322137,2.94141,0
1.14371,-0.334289,2.93402,0
1.1438,-0.345912,2.9226,0
1.14389,-0.360977,2.93992,0
1.14398,-0.372413,2.92741,0
1.14406,-0.385835,2.93071,0
1.14415,-0.399698,2.93693,0
1.14424,-0.410978,2.92426,0
1.14433,-0.424164,2.92541,0
1.14441,-0.437811,2.92946,0
1.1445,-0.452415,2.93939,0
1.14459,-0.463202,2.92455,0
1.14467,-0.477084,2.92941,0
1.14476,-0.489036,2.92236,0
1.14485,-0.502629,2.92513,0
1.14494,-0.375948,2.13211,0
1.14502,-0.391476,2.16489,0
1.14511,-0.38069,2.05402,0
1.1452,-0.384986,2.02778,0
1.14529,-0.389059,2.00154,0
1.14537,-0.395448,1.98805,0
1.14546,-0.408704,2.00885,0
1.14555,-0.428462,2.05991,0
1.14563,-0.451168,2.12258,0
1.14572,-0.455545,2.09812,0
1.14581,-0.463181,2.08927,0
1.1459,-0.470748,2.0804,0
1.14598,-0.481395,2.08515,0
1.14607,-0.490947,2.08498,0
1.14616,-0.498639,2.07698,0
1.14625,-0.509123,2.08061,0
1.14633,-0.514568,2.06382,0
1.14642,-0.52086,2.05089,0
1.14651,-0.529804,2.0486,0
1.14659,-0.54663,2.07625,0
1.14668,-0.552061,2.06032,0
1.14677,-0.560256,2.055,0
1.14686,-0.571088,2.05928,0
1.14694,-0.579797,2.0558,0
1.14703,-0.591793,2.06383,0
1.14712,-0.600513,2.06027,0
1.1472,-0.578255,1.95216,0
1.14729,-0.570052,1.89408,0
1.14738,-0.601701,1.96808,0
1.14747,-0.603759,1.94442,0
1.14755,-0.611034,1.93795,0
1.14764,-0.604851,1.88955,0
1.14773,-0.608454,1.87263,0
1.14782,-0.619751,1.87945,0
1.1479,-0.628898,1.87958,0
1.14799,-0.638379,1.8806,0
1.14808,-0.646253,1.87685,0
1.14816,-0.656084,1.87874,0
1.14825,-0.66294,1.87209,0
1.14834,-0.677523,1.88706,0
1.14843,-0.694985,1.90946,0
1.14851,-0.697772,1.89139,0
1.1486,-0.701465,1.87615,0
1.14869,-0.718502,1.89645,0
1.14878,-0.724262,1.88677,0
1.14886,-0.729225,1.8752,0
1.14895,-0.739966,1.87851,0
1.14904,-0.750008,1.87991,0
1.14912,-0.755956,1.87106,0
1.14921,-0.770171,1.88255,0
1.1493,-0.779143,1.88102,0
1.14939,-0.78773,1.87852,0
1.14947,-0.797091,1.87783,0
1.14956,-0.806856,1.87801,0
1.14965,-0.81903,1.88364,0
1.14974,-0.819992,1.86357,0
1.14982,-0.828522,1.86089,0
1.14991,-0.843616,1.87276,0
1.15,-0.854683,1.87543,0
1.15008,-0.8683,1.88349,0
1.15017,-0.87482,1.87606,0
1.15026,-0.88513,1.87674,0
1.15035,-0.89331,1.87286,0
1.15043,-0.902343,1.87075,0
1.15052,-0.91225,1.87039,0
1.15061,-0.920845,1.86729,0
1.1507,-0.930769,1.86683,0
1.15078,-0.945207,1.87526,0
1.15087,-0.95338,1.87111,0
1.15096,-0.964282,1.87227,0
1.15104,-0.972904,1.86893,0
1.15113,-0.983843,1.86998,0
1.15122,-0.991524,1.86479,0
1.15131,-1.02095,1.90008,0
1.15139,-1.0278,1.89297,0
1.15148,-1.02643,1.87093,0
1.15157,-1.03749,1.87169,0
1.15166,-1.04614,1.86801,0
1.15174,-1.05674,1.86778,0
1.15183,-1.06835,1.86923,0
1.15192,-1.0765,1.86455,0
1.152,-1.09168,1.87193,0
1.15209,-1.09628,1.86112,0
1.15218,-1.10899,1.86405,0
1.15227,-1.10888,1.84548,0
1.15235,-1.11069,1.83037,0
1.15244,-1.10456,1.80248,0
1.15253,-1.11031,1.79424,0
1.15262,-1.107,1.77157,0
1.1527,-1.11152,1.76165,0
1.15279,-1.10308,1.73148,0
1.15288,-1.09331,1.69974,0
1.15296,-1.09963,1.69328,0
1.15305,-1.10262,1.68177,0
1.15314,-1.10553,1.67027,0
1.15323,-1.10281,1.65047,0
1.15331,-1.10385,1.63652,0
1.1534,-1.10647,1.62508,0
1.15349,-1.10562,1.60869,0
1.15358,-1.09895,1.58414,0
1.15366,-1.10471,1.57769,0
1.15375,-1.09888,1.55489,0
1.15384,-1.1045,1.54845,0
1.15392,-1.09897,1.52657,0
1.15401,-1.10621,1.52257,0
1.1541,-1.10161,1.50241,0
1.15419,-1.09685,1.48231,0
1.15427,-1.09912,1.4719,0
1.15436,-1.09591,1.45432,0
1.15445,-1.10103,1.44793,0
1.15454,-1.09577,1.42804,0
1.15462,-1.09893,1.41929,0
1.15471,-1.1008,1.40896,0
1.1548,-1.09951,1.39472,0
1.15488,-1.09874,1.3813,0
1.15497,-1.10163,1.3726,0
1.15506,-1.09816,1.35612,0
1.15515,-1.10091,1.34744,0
1.15523,-1.09914,1.33337,0
1.15532,-1.09792,1.3201,0
1.15541,-1.09531,1.30534,0
1.1555,-1.0997,1.29902,0
1.15558,-1.10536,1.29421,0
1.15567,-1.10382,1.28104,0
1.15576,-1.10349,1.26942,0
1.15584,-1.1044,1.25933,0
1.15593,-1.10591,1.25001,0
1.15602,-1.1047,1.23771,0
1.15611,-1.10942,1.23213,0
1.15619,-1.10873,1.22062,0
1.15628,-1.11743,1.21946,0
1.15637,-1.11391,1.20502,0
1.15646,-0.0245519,0.0263287,0
1.15654,-0.0274073,0.0291348,0
1.15663,-1.10756,1.16713,0
1.15672,-1.09605,1.14495,0
1.1568,-0.0409848,0.0424411,0
1.15689,-0.0397741,0.0408292,0
1.15698,-1.12216,1.14191,0
1.15707,-0.0359048,0.0362195,0
1.15715,-1.13703,1.13703,0
