7200
2818
2.44346
2.45917,-0.0480833,-0.0480833,0
2.45926,-0.0359048,-0.0362195,0
2.45934,-0.0553718,-0.0563468,0
2.45943,-0.0509387,-0.05229,0
2.45952,-0.10142,-0.105024,0
2.45961,-0.0975033,-0.101853,0
2.45969,-0.11702,-0.123314,0
2.45978,-0.165129,-0.175537,0
2.45987,-0.162998,-0.174794,0
2.45995,-0.291884,-0.315759,0
2.46004,-0.204704,-0.223395,0
2.46013,-0.199021,-0.219105,0
2.46022,-0.210776,-0.234091,0
2.4603,-0.224402,-0.251421,0
2.46039,-0.224628,-0.253896,0
2.46048,-0.229452,-0.26164,0
2.46057,-0.228965,-0.263394,0
2.46065,-0.233035,-0.270451,0
2.46074,-0.22341,-0.26158,0
2.46083,-0.222913,-0.263315,0
2.46091,-0.219833,-0.261987,0
2.461,-0.221885,-0.266788,0
2.46109,-0.220719,-0.267754,0
2.46118,-0.22208,-0.271812,0
2.46126,-0.219003,-0.270447,0
2.46135,-0.224707,-0.279979,0
2.46144,-0.225973,-0.284087,0
2.46153,-0.222255,-0.281929,0
2.46161,-0.222869,-0.28526,0
2.4617,-0.219174,-0.283067,0
2.46179,-0.227677,-0.296714,0
2.46187,-0.229406,-0.301685,0
2.46196,-0.219061,-0.290703,0
2.46205,-0.213602,-0.286048,0
2.46214,-0.230791,-0.311896,0
2.46222,-0.216419,-0.295159,0
2.46231,-0.218656,-0.300954,0
2.4624,-0.222599,-0.30921,0
2.46249,-0.223571,-0.313434,0
2.46257,-0.215852,-0.305424,0
2.46266,-0.222548,-0.317831,0
2.46275,-0.212609,-0.306474,0
2.46283,-0.219766,-0.319761,0
2.46292,-0.22062,-0.324023,0
2.46301,-0.220322,-0.326641,0
2.4631,-0.212783,-0.318453,0
2.46318,-0.2136,-0.322714,0
2.46327,-0.219317,-0.334514,0
2.46336,-0.22657,-0.348887,0
2.46344,-0.219095,-0.340621,0
2.46353,-0.217606,-0.341574,0
2.46362,-0.232122,-0.367892,0
2.46371,-0.216737,-0.346852,0
2.46379,-0.229429,-0.370754,0
2.46388,-0.223107,-0.364077,0
2.46397,-0.22826,-0.376161,0
2.46406,-0.229707,-0.382297,0
2.46414,-0.237751,-0.399624,0
2.46423,-0.227885,-0.386871,0
2.46432,-0.225691,-0.386998,0
2.4644,-0.2205,-0.381917,0
2.46449,-0.227763,-0.398503,0
2.46458,-0.222575,-0.393401,0
2.46467,-0.228186,-0.407456,0
2.46475,-0.226406,-0.408447,0
2.46484,-0.224622,-0.409431,0
2.46493,-0.222356,-0.409529,0
2.46502,-0.216307,-0.402567,0
2.4651,-0.219243,-0.412337,0
2.46519,-0.211389,-0.401784,0
2.46528,-0.212404,-0.408025,0
2.46536,-0.208333,-0.404503,0
2.46545,-0.208382,-0.408972,0
2.46554,-0.200744,-0.398269,0
2.46563,-0.200343,-0.401826,0
2.46571,-0.200357,-0.406283,0
2.4658,-0.200774,-0.411648,0
2.46589,-0.200279,-0.415222,0
2.46598,-0.195883,-0.410676,0
2.46606,-0.199208,-0.422381,0
2.46615,-0.202012,-0.433215,0
2.46624,-0.203469,-0.441358,0
2.46632,-0.208176,-0.456801,0
2.46641,-0.214395,-0.47594,0
2.4665,-0.21313,-0.478698,0
2.46659,-0.213456,-0.485115,0
2.46667,-0.212533,-0.488793,0
2.46676,-0.211977,-0.493391,0
2.46685,-0.217637,-0.512721,0
2.46694,-0.215011,-0.512744,0
2.46702,-0.217364,-0.524764,0
2.46711,-0.217723,-0.532186,0
2.4672,-0.214275,-0.530349,0
2.46728,-0.213441,-0.534994,0
2.46737,-0.210372,-0.53406,0
2.46746,-0.211664,-0.544293,0
2.46755,-0.209645,-0.546145,0
2.46763,-0.212575,-0.561081,0
2.46772,-0.212576,-0.56856,0
2.46781,-0.208709,-0.565729,0
2.4679,-0.211368,-0.58073,0
2.46798,-0.214915,-0.598588,0
2.46807,-0.212301,-0.59952,0
2.46816,-0.211661,-0.606105,0
2.46824,-0.214875,-0.624042,0
2.46833,-0.211829,-0.624027,0
2.46842,-0.212911,-0.636325,0
2.46851,-0.212951,-0.645795,0
2.46859,-0.21384,-0.658131,0
2.46868,-0.2131,-0.665725,0
2.46877,-0.210795,-0.668556,0
2.46886,-0.218255,-0.702895,0
2.46894,-0.209631,-0.68567,0
2.46903,-0.620775,-2.06261,0
2.46912,-0.622846,-2.10269,0
2.4692,-0.620941,-2.13035,0
2.46929,-0.609986,-2.12727,0
2.46938,-0.601784,-2.13376,0
2.46947,-0.590597,-2.12962,0
2.46955,-0.582088,-2.13507,0
2.46964,-0.572508,-2.13663,0
2.46973,-0.562925,-2.13814,0
2.46982,-0.551086,-2.13089,0
2.4699,-0.541537,-2.13231,0
2.46999,-0.532954,-2.13756,0
2.47008,-0.52386,-2.14084,0
2.47016,-0.511479,-2.13046,0
2.47025,-0.504241,-2.14143,0
2.47034,-0.492868,-2.13484,0
2.47043,-0.483107,-2.13502,0
2.47051,-0.472704,-2.13223,0
2.4706,-0.463184,-2.1333,0
2.47069,-0.453871,-2.1353,0
2.47078,-0.442717,-2.12844,0
2.47086,-0.433227,-2.12938,0
2.47095,-0.422761,-2.12536,0
2.47104,-0.415773,-2.13897,0
2.47112,-0.40513,-2.13388,0
2.47121,-0.395087,-2.1317,0
2.4713,-0.384536,-2.12651,0
2.47139,-0.376817,-2.13703,0
2.47147,-0.365964,-2.12979,0
2.47156,-0.357328,-2.13531,0
2.47165,-0.349294,-2.14474,0
2.47174,-0.338211,-2.13538,0
2.47182,-0.328434,-2.13387,0
2.47191,-0.320155,-2.14221,0
2.472,-0.308653,-2.12874,0
2.47208,-0.298944,-2.1271,0
2.47217,-0.290199,-2.13234,0
2.47226,-0.279718,-2.12467,0
2.47235,-0.270444,-2.12587,0
2.47243,-0.26141,-2.12901,0
2.47252,-0.25247,-2.13311,0
2.47261,-0.242255,-2.12624,0
2.4727,-0.232757,-2.12529,0
2.47278,-0.223795,-2.12927,0
2.47287,-0.213902,-2.12426,0
2.47296,-0.204727,-2.12617,0
2.47304,-0.195356,-2.12604,0
2.47313,-0.186949,-2.13684,0
2.47322,-0.17663,-2.12567,0
2.47331,-0.167589,-2.12942,0
2.47339,-0.158518,-2.13312,0
2.47348,-0.148512,-2.12381,0
2.47357,-0.138328,-2.11047,0
2.47366,-0.129484,-2.11704,0
2.47374,-0.120926,-2.12957,0
2.47383,-0.111371,-2.12508,0
2.47392,-0.10181,-2.11956,0
2.474,-0.0923423,-2.11499,0
2.47409,-0.0835449,-2.12636,0
2.47418,-0.0741615,-2.12371,0
2.47427,-0.0650776,-2.13001,0
2.47435,-0.0555999,-2.12327,0
2.47444,-0.0462476,-2.1195,0
2.47453,-0.0369991,-2.11968,0
2.47462,-0.0277238,-2.11782,0
2.4747,-0.0185352,-2.12392,0
2.47479,-0.00922406,-2.11398,0
2.47488,-2.55143e-08,-2.118,0
2.47496,0.00929819,-2.13098,0
2.47505,0.0185439,-2.12492,0
2.47514,0.0277892,-2.12282,0
2.47523,0.0371561,-2.12868,0
2.47531,0.0462912,-2.1215,0
2.4754,0.0555736,-2.12227,0
2.47549,0.0648638,-2.12301,0
2.47557,0.0739869,-2.11871,0
2.47566,0.0830737,-2.11437,0
2.47575,0.0924731,-2.11798,0
2.47584,0.102049,-2.12455,0
2.47592,0.111476,-2.12708,0
2.47601,0.120359,-2.11959,0
2.4761,0.129484,-2.11704,0
2.47619,0.138589,-2.11446,0
2.47627,0.148442,-2.12282,0
2.47636,0.157332,-2.11716,0
2.47645,0.166412,-2.11446,0
2.47653,0.175967,-2.1177,0
2.47662,0.185293,-2.11791,0
2.47671,0.194441,-2.11609,0
2.4768,0.203672,-2.11522,0
2.47688,0.2132,-2.11729,0
2.47697,0.22275,-2.11933,0
2.47706,0.231778,-2.11635,0
2.47715,0.240104,-2.10737,0
2.47723,0.250825,-2.11921,0
2.47732,0.260313,-2.12008,0
2.47741,0.269687,-2.11991,0
2.47749,0.278543,-2.11574,0
2.47758,0.28912,-2.12442,0
2.47767,0.297413,-2.1162,0
2.47776,0.30607,-2.11093,0
2.47784,0.315425,-2.11056,0
2.47793,0.325088,-2.11213,0
2.47802,0.334457,-2.11168,0
2.47811,0.345275,-2.12007,0
2.47819,0.354357,-2.11756,0
2.47828,0.363085,-2.11303,0
2.47837,0.373865,-2.12029,0
2.47845,0.382401,-2.1147,0
2.47854,0.391077,-2.11006,0
2.47863,0.399534,-2.10441,0
2.47872,0.410048,-2.10952,0
2.4788,0.418859,-2.10575,0
2.47889,0.42904,-2.1088,0
2.47898,0.44007,-2.11572,0
2.47907,0.448258,-2.10889,0
2.47915,0.458092,-2.10984,0
2.47924,0.46686,-2.10587,0
2.47933,0.476044,-2.10381,0
2.47941,0.487469,-2.11146,0
2.4795,0.496906,-2.11029,0
2.47959,0.505176,-2.10421,0
2.47968,0.515065,-2.1049,0
2.47976,0.527148,-2.11427,0
2.47985,0.536368,-2.11195,0
2.47994,0.545328,-2.10863,0
2.48003,0.556051,-2.11203,0
2.48011,0.563449,-2.10282,0
2.4802,0.574986,-2.10903,0
2.48029,0.583381,-2.10361,0
2.48037,0.594455,-2.10778,0
2.48046,0.605024,-2.10997,0
2.48055,0.615904,-2.11307,0
2.48064,0.625118,-2.11036,0
2.48072,0.636626,-2.11528,0
2.48081,0.644972,-2.10961,0
2.4809,0.653578,-2.10486,0
2.48099,0.662455,-2.10104,0
2.48107,0.675274,-2.10956,0
2.48116,0.683237,-2.10279,0
2.48125,0.693658,-2.10358,0
2.48133,0.703147,-2.10149,0
2.48142,0.716167,-2.10976,0
2.48151,0.726668,-2.1104,0
2.4816,0.732573,-2.09777,0
2.48168,0.745724,-2.10586,0
2.48177,0.753216,-2.09788,0
2.48186,0.768177,-2.11055,0
2.48195,0.776341,-2.10436,0
2.48203,0.788667,-2.10939,0
2.48212,0.796446,-2.10218,0
2.48221,0.807761,-2.10429,0
2.48229,0.814398,-2.09422,0
2.48238,0.829392,-2.10554,0
2.48247,0.838942,-2.10282,0
2.48256,0.851481,-2.10749,0
2.48264,0.861426,-2.1056,0
2.48273,0.875197,-2.11291,0
2.48282,0.883248,-2.10631,0
2.48291,0.888523,-2.09323,0
2.48299,0.902384,-2.10036,0
2.48308,0.911939,-2.09732,0
2.48317,0.922693,-2.09698,0
2.48325,0.935494,-2.10115,0
2.48334,0.940135,-2.08702,0
2.48343,0.954624,-2.09473,0
2.48352,0.969197,-2.10235,0
2.4836,0.98301,-2.10807,0
2.48369,0.991346,-2.10195,0
2.48378,0.998355,-2.0931,0
2.48387,1.01182,-2.09773,0
2.48395,1.02403,-2.09958,0
2.48404,1.03319,-2.09509,0
2.48413,1.04767,-2.10131,0
2.48421,1.05683,-2.09671,0
2.4843,1.07187,-2.10367,0
2.48439,1.08196,-2.10075,0
2.48448,1.09111,-2.09601,0
2.48456,1.10397,-2.09831,0
2.48465,1.11406,-2.09523,0
2.48474,1.12413,-2.09212,0
2.48483,1.13564,-2.09158,0
2.48491,1.14475,-2.08661,0
2.485,1.16209,-2.09646,0
2.48509,1.17562,-2.09923,0
2.48517,1.18674,-2.09756,0
2.48526,1.19638,-2.09323,0
2.48535,1.2075,-2.09145,0
2.48544,1.21913,-2.09048,0
2.48552,1.23636,-2.09893,0
2.48561,1.245,-2.09265,0
2.4857,1.25875,-2.09492,0
2.48579,1.27255,-2.0971,0
2.48587,1.28273,-2.09323,0
2.48596,1.29238,-2.08847,0
2.48605,1.30996,-2.09637,0
2.48613,1.3223,-2.09571,0
2.48622,1.33089,-2.08908,0
2.48631,1.34919,-2.09755,0
2.4864,1.35724,-2.08997,0
2.48648,1.36964,-2.08904,0
2.48657,1.38205,-2.08805,0
2.48666,1.40281,-2.09946,0
2.48675,1.41084,-2.09166,0
2.48683,1.42502,-2.09293,0
2.48692,1.44094,-2.09658,0
2.48701,1.44494,-2.08288,0
2.48709,1.46319,-2.08966,0
2.48718,1.4723,-2.08325,0
2.48727,1.49125,-2.09065,0
2.48736,1.50269,-2.08737,0
2.48744,1.5206,-2.09293,0
2.48753,1.53681,-2.09595,0
2.48762,1.54832,-2.09244,0
2.48771,1.55624,-2.08406,0
2.48779,1.58097,-2.09802,0
2.48788,1.58526,-2.08473,0
2.48797,1.60348,-2.08969,0
2.48805,1.61319,-2.08347,0
2.48814,1.62842,-2.08429,0
2.48823,1.64741,-2.08973,0
2.48832,1.66087,-2.088,0
2.4884,1.67247,-2.08385,0
2.48849,1.69035,-2.08741,0
2.48858,1.70388,-2.08544,0
2.48866,1.72377,-2.0911,0
2.48875,1.73608,-2.08741,0
2.48884,1.75545,-2.09207,0
2.48893,1.76715,-2.08744,0
2.48901,1.78403,-2.08884,0
2.4891,1.79444,-2.08255,0
2.48919,1.80875,-2.08073,0
2.48928,1.82573,-2.08184,0
2.48936,1.84738,-2.08809,0
2.48945,1.85914,-2.08299,0
2.48954,1.87892,-2.08675,0
2.48962,1.89002,-2.08075,0
2.48971,1.91192,-2.08649,0
2.4898,1.92576,-2.08327,0
2.48989,1.94506,-2.08582,0
2.48997,1.95757,-2.08096,0
2.49006,1.97971,-2.08618,0
2.49015,1.99363,-2.08258,0
2.49024,2.01868,-2.0904,0
2.49032,2.02848,-2.08229,0
2.49041,2.03614,-2.07199,0
2.4905,2.03812,-2.05599,0
2.49058,2.04425,-2.04425,0
2.49067,2.02971,-2.01207,0
2.49076,2.03633,-2.0011,0
2.49085,2.03072,-1.97824,0
2.49093,2.0307,-1.96102,0
2.49102,2.0284,-1.94177,0
2.49111,2.02452,-1.9212,0
2.4912,2.03653,-1.91577,0
2.49128,2.0317,-1.89459,0
2.49137,2.03701,-1.88299,0
2.49146,2.0371,-1.86666,0
2.49154,2.04818,-1.86044,0
2.49163,2.03919,-1.83609,0
2.49172,2.04047,-1.82119,0
2.49181,2.02368,-1.7904,0
2.49189,2.02771,-1.77826,0
2.49198,2.02715,-1.76217,0
2.49207,2.02194,-1.74222,0
2.49216,2.02876,-1.73273,0
2.49224,2.0218,-1.71158,0
2.49233,2.02925,-1.70274,0
2.49242,2.02282,-1.68236,0
2.4925,2.02397,-1.66843,0
2.49259,2.01497,-1.6463,0
2.49268,2.01903,-1.63497,0
2.49277,2.016,-1.61801,0
2.49285,2.01991,-1.60671,0
2.49294,2.01984,-1.59231,0
2.49303,2.02046,-1.57856,0
2.49312,2.01626,-1.56115,0
2.4932,2.02781,-1.55599,0
2.49329,2.0115,-1.52958,0
2.49338,2.02135,-1.52319,0
2.49346,2.02797,-1.51436,0
2.49355,2.02009,-1.49479,0
2.49364,2.0145,-1.47709,0
2.49373,2.01122,-1.46123,0
2.49381,2.01757,-1.45244,0
2.4939,2.00924,-1.43317,0
2.49399,2.02037,-1.42786,0
2.49408,2.00856,-1.40641,0
2.49416,2.01139,-1.39535,0
2.49425,2.01004,-1.38146,0
2.49434,2.00779,-1.36705,0
2.49442,2.01042,-1.35604,0
2.49451,2.01631,-1.34726,0
2.4946,2.0105,-1.33072,0
2.49469,2.01294,-1.31974,0
2.49477,2.00275,-1.3006,0
2.49486,1.99999,-1.28644,0
2.49495,1.99968,-1.27394,0
2.49504,2.01622,-1.27214,0
2.49512,2.00987,-1.25591,0
2.49521,2.01023,-1.24397,0
2.4953,2.01138,-1.23257,0
2.49538,2.00391,-1.216,0
2.49547,2.00406,-1.20416,0
2.49556,1.99898,-1.18927,0
2.49565,2.00673,-1.18206,0
2.49573,2.00928,-1.17178,0
2.49582,2.01178,-1.1615,0
2.49591,2.00641,-1.14676,0
2.496,2.00008,-1.13159,0
2.49608,1.99278,-1.11601,0
2.49617,2.00813,-1.11312,0
2.49626,2.0042,-1.09954,0
2.49634,1.99843,-1.08506,0
2.49643,1.99962,-1.07444,0
2.49652,1.99634,-1.06148,0
2.49661,2.00273,-1.05369,0
2.49669,2.0011,-1.0417,0
2.49678,2.00296,-1.03159,0
2.49687,2.00566,-1.02193,0
2.49696,2.00831,-1.01227,0
2.49704,1.99839,-0.99636,0
2.49713,2.00361,-0.988073,0
2.49722,1.99442,-0.972746,0
2.4973,2.00495,-0.967075,0
2.49739,2.00464,-0.956165,0
2.49748,2.00337,-0.94485,0
2.49757,2.00747,-0.936099,0
2.49765,2.00246,-0.923145,0
2.49774,1.99463,-0.909008,0
2.49783,2.00405,-0.90276,0
2.49792,2.01437,-0.896854,0
2.498,1.99996,-0.880002,0
2.49809,2.00378,-0.871267,0
2.49818,1.99745,-0.858173,0
2.49826,2.00486,-0.851012,0
2.49835,1.99841,-0.838003,0
2.49844,2.00482,-0.830423,0
2.49853,2.00194,-0.819017,0
2.49861,2.00272,-0.80915,0
2.4987,1.99415,-0.795587,0
2.49879,1.99388,-0.785412,0
2.49888,1.99263,-0.774893,0
2.49896,1.9988,-0.767266,0
2.49905,2.00212,-0.758537,0
2.49914,2.00073,-0.748043,0
2.49922,1.99084,-0.73446,0
2.49931,2.00155,-0.728503,0
2.4994,1.99529,-0.716383,0
2.49949,1.99086,-0.705,0
2.49957,1.97692,-0.690372,0
2.49966,1.99126,-0.685647,0
2.49975,1.99518,-0.677273,0
2.49984,1.99243,-0.666657,0
2.49992,1.99057,-0.656391,0
2.50001,1.98961,-0.646464,0
2.5001,1.99432,-0.638386,0
2.50018,1.98945,-0.627272,0
2.50027,1.99026,-0.617993,0
2.50036,1.99007,-0.608426,0
2.50045,1.99079,-0.59916,0
2.50053,1.98667,-0.58848,0
2.50062,1.99018,-0.580086,0
2.50071,1.98789,-0.570018,0
2.5008,1.98651,-0.560253,0
2.50088,1.99471,-0.553183,0
2.50097,1.98843,-0.542107,0
2.50106,1.98884,-0.532908,0
2.50114,1.97567,-0.520152,0
2.50123,1.99245,-0.515282,0
2.50132,1.99177,-0.505845,0
2.50141,1.98717,-0.495456,0
2.50149,1.98639,-0.486068,0
2.50158,1.98947,-0.477629,0
2.50167,1.98472,-0.46734,0
2.50175,1.99259,-0.460025,0
2.50184,1.98872,-0.450002,0
2.50193,1.98579,-0.440238,0
2.50202,1.99062,-0.432206,0
2.5021,1.98368,-0.421645,0
2.50219,1.98942,-0.4138,0
2.50228,1.98435,-0.40372,0
2.50237,1.99001,-0.395838,0
2.50245,1.98878,-0.386579,0
2.50254,1.99241,-0.378271,0
2.50263,1.98028,-0.367022,0
2.50271,1.97694,-0.357489,0
2.5028,1.98537,-0.350075,0
2.50289,1.99378,-0.342594,0
2.50298,1.98737,-0.332571,0
2.50306,1.98288,-0.322932,0
2.50315,1.98525,-0.314433,0
2.50324,1.98661,-0.305768,0
2.50333,1.98693,-0.296949,0
2.50341,1.99613,-0.289425,0
2.5035,1.9944,-0.280295,0
2.50359,1.99263,-0.271185,0
2.50367,1.99082,-0.262097,0
2.50376,1.98302,-0.252272,0
2.50385,1.99303,-0.244714,0
2.50394,1.97323,-0.233547,0
2.50402,1.98714,-0.226406,0
2.50411,1.9901,-0.217952,0
2.5042,1.98507,-0.208639,0
2.50429,1.98496,-0.199875,0
2.50437,1.98382,-0.191021,0
2.50446,1.98962,-0.18282,0
2.50455,1.9884,-0.173963,0
2.50463,1.98516,-0.164954,0
2.50472,1.97589,-0.155506,0
2.50481,1.98453,-0.147476,0
2.5049,1.98316,-0.138676,0
2.50498,1.98574,-0.130152,0
2.50507,1.98429,-0.121365,0
2.50516,1.98281,-0.112592,0
2.50525,1.9683,-0.103154,0
2.50533,1.98371,-0.0952846,0
2.50542,1.98211,-0.0865409,0
2.50551,1.97448,-0.0775774,0
2.50559,1.97779,-0.0690662,0
2.50568,1.97308,-0.0602831,0
2.50577,1.97132,-0.051621,0
2.50586,1.97553,-0.0431063,0
2.50594,1.9817,-0.0345907,0
2.50603,1.98183,-0.0259436,0
2.50612,1.97892,-0.0172699,0
2.50621,1.98498,-0.00866122,0
2.50629,1.98,-4.79445e-08,0
2.50638,1.97798,0.00863058,0
2.50647,1.97492,0.0172349,0
2.50655,1.96383,0.0257079,0
2.50664,1.9687,0.0343637,0
2.50673,1.88455,0.041121,0
2.50682,1.7474,0.0457573,0
2.5069,1.73519,0.0530148,0
2.50699,1.8059,0.0630633,0
2.50708,1.76264,0.0692543,0
2.50717,1.70637,0.0745019,0
2.50725,1.69704,0.0815148,0
2.50734,1.69368,0.0887617,0
2.50743,1.68828,0.0958675,0
2.50751,1.69084,0.103416,0
2.5076,1.70235,0.111578,0
2.50769,1.69486,0.118516,0
2.50778,1.69632,0.126059,0
2.50786,1.69875,0.133694,0
2.50795,1.69316,0.140691,0
2.50804,1.67859,0.146857,0
2.50813,1.6849,0.154821,0
2.50821,1.68222,0.161979,0
2.5083,1.70936,0.172123,0
2.50839,1.90351,0.200067,0
2.50847,1.9732,0.216101,0
2.50856,1.98615,0.226293,0
2.50865,1.97422,0.233664,0
2.50874,1.98708,0.243982,0
2.50882,1.98302,0.252272,0
2.50891,1.97793,0.2604,0
2.509,1.96885,0.267949,0
2.50909,1.99044,0.279738,0
2.50917,1.98128,0.287272,0
2.50926,1.98495,0.296653,0
2.50935,1.97969,0.304703,0
2.50943,1.98032,0.313651,0
2.50952,1.97893,0.322289,0
2.50961,1.98737,0.332571,0
2.5097,1.98688,0.341409,0
2.50978,1.97749,0.348685,0
2.50987,1.97399,0.356955,0
2.50996,1.97733,0.366476,0
2.51005,1.99143,0.378084,0
2.51013,1.98583,0.386007,0
2.51022,1.98119,0.394082,0
2.51031,1.97749,0.402324,0
2.51039,1.98159,0.412171,0
2.51048,1.97488,0.419774,0
2.51057,1.97303,0.428387,0
2.51066,1.97993,0.43894,0
2.51074,1.97994,0.448016,0
2.51083,1.98382,0.458,0
2.51092,1.97207,0.46436,0
2.51101,1.97488,0.474127,0
2.51109,1.97377,0.482978,0
2.51118,1.97164,0.491585,0
2.51127,1.97529,0.50166,0
2.51135,1.98373,0.513029,0
2.51144,1.97567,0.520152,0
2.51153,1.97822,0.530061,0
2.51162,1.97974,0.53974,0
2.5117,1.98122,0.549442,0
2.51179,1.97592,0.557267,0
2.51188,1.97059,0.565057,0
2.51197,1.96138,0.571691,0
2.51205,1.96175,0.581095,0
2.51214,1.96972,0.59282,0
2.51223,1.97477,0.603748,0
2.51231,1.97116,0.612062,0
2.5124,1.97133,0.621559,0
2.51249,1.96765,0.62985,0
2.51258,1.9782,0.642755,0
2.51266,1.97442,0.651067,0
2.51275,1.97536,0.660946,0
2.51284,1.96867,0.668273,0
2.51293,1.97519,0.680112,0
2.51301,1.96843,0.687405,0
2.5131,1.97389,0.698992,0
2.51319,1.97647,0.709625,0
2.51327,1.96772,0.71619,0
2.51336,1.97395,0.72823,0
2.51345,1.96888,0.736136,0
2.51354,1.97127,0.746845,0
2.51362,1.96612,0.754723,0
2.51371,1.97213,0.766919,0
2.5138,1.96969,0.775883,0
2.51388,1.96629,0.78447,0
2.51397,1.96841,0.79529,0
2.51406,1.96492,0.803871,0
2.51415,1.96694,0.814733,0
2.51423,1.96798,0.825241,0
2.51432,1.96896,0.835774,0
2.51441,1.96805,0.845541,0
2.5145,1.96985,0.856513,0
2.51458,1.98165,0.871947,0
2.51467,1.97417,0.878958,0
2.51476,1.97852,0.89126,0
2.51484,1.97462,0.899884,0
2.51493,1.97794,0.911841,0
2.51502,1.97666,0.92173,0
2.51511,1.97443,0.9312,0
2.51519,1.97486,0.941958,0
2.51528,1.96532,0.947959,0
2.51537,1.97465,0.963101,0
2.51546,1.98837,0.980554,0
2.51554,1.9957,0.995021,0
2.51563,1.98063,0.998318,0
2.51572,1.96912,1.00332,0
2.5158,1.97717,1.01831,0
2.51589,1.9736,1.02739,0
2.51598,1.96821,1.03553,0
2.51607,1.96897,1.04692,0
2.51615,1.9732,1.06024,0
2.51624,1.96591,1.0674,0
2.51633,1.9665,1.07886,0
2.51642,1.96527,1.08937,0
2.5165,1.96835,1.10233,0
2.51659,1.96613,1.11238,0
2.51668,1.96387,1.12244,0
2.51676,1.96328,1.1335,0
2.51685,1.96955,1.1486,0
2.51694,1.96193,1.15566,0
2.51703,1.96546,1.16933,0
2.51711,1.97148,1.18459,0
2.5172,1.96202,1.19058,0
2.51729,1.96619,1.20488,0
2.51738,1.96516,1.21608,0
2.51746,1.96578,1.22835,0
2.51755,1.96378,1.23905,0
2.51764,1.95667,1.24653,0
2.51772,1.96551,1.26426,0
2.51781,1.96501,1.27609,0
2.5179,1.96862,1.29068,0
2.51799,1.9613,1.29816,0
2.51807,1.96726,1.31448,0
2.51816,1.96482,1.32529,0
2.51825,1.95902,1.33385,0
2.51834,1.95565,1.34408,0
2.51842,1.95716,1.35773,0
2.51851,1.95941,1.37199,0
2.5186,1.95831,1.38399,0
2.51868,1.95795,1.39659,0
2.51877,1.96239,1.41272,0
2.51886,1.95944,1.42362,0
2.51895,1.96047,1.43747,0
2.51903,1.96543,1.45434,0
2.51912,1.96628,1.46829,0
2.51921,1.95905,1.47625,0
2.5193,1.96135,1.49144,0
2.51938,1.96593,1.50851,0
2.51947,1.96565,1.52197,0
2.51956,1.95978,1.53115,0
2.51964,1.96643,1.55021,0
2.51973,1.96669,1.56438,0
2.51982,1.96063,1.57357,0
2.51991,1.94597,1.57582,0
2.51999,1.95921,1.60074,0
2.52008,1.95993,1.61564,0
2.52017,1.9544,1.62545,0
2.52026,1.95571,1.64104,0
2.52034,1.95616,1.65602,0
2.52043,1.95881,1.67298,0
2.52052,1.95149,1.68151,0
2.5206,1.95847,1.70247,0
2.52069,1.95102,1.711,0
2.52078,1.96226,1.73606,0
2.52087,1.95765,1.74727,0
2.52095,1.96042,1.76517,0
2.52104,1.95344,1.77438,0
2.52113,1.95305,1.78964,0
2.52122,1.9533,1.80561,0
2.5213,1.95125,1.81957,0
2.52139,1.94912,1.83355,0
2.52148,1.94545,1.84617,0
2.52156,1.96194,1.87815,0
2.52165,1.95876,1.89155,0
2.52174,1.95336,1.90287,0
2.52183,1.95288,1.91909,0
2.52191,1.95443,1.93745,0
2.522,1.95444,1.95444,0
2.52209,1.95434,1.97147,0
2.52218,1.96255,1.9971,0
2.52226,1.95381,2.00565,0
2.52235,1.95616,2.02566,0
2.52244,1.9556,2.04285,0
2.52252,1.95837,2.06369,0
2.52261,1.95346,2.07659,0
2.5227,1.95665,2.09825,0
2.52279,1.9563,2.11632,0
2.52287,1.95313,2.13147,0
2.52296,1.95323,2.15033,0
2.52305,1.94115,2.15586,0
2.52314,1.92706,2.15909,0
2.52322,1.90636,2.15475,0
2.52331,1.89364,2.15928,0
2.5234,1.88027,2.163,0
2.52348,1.85906,2.15755,0
2.52357,1.84898,2.16488,0
2.52366,1.82595,2.15689,0
2.52375,1.81202,2.15948,0
2.52383,1.79554,2.15891,0
2.52392,1.77402,2.15206,0
2.52401,1.76082,2.15513,0
2.5241,1.74762,2.15813,0
2.52418,1.7288,2.15404,0
2.52427,1.70943,2.14904,0
2.52436,1.69817,2.15412,0
2.52444,1.68014,2.15048,0
2.52453,1.66462,2.14988,0
2.52462,1.64913,2.14919,0
2.52471,1.63369,2.14841,0
2.52479,1.62731,2.15951,0
2.52488,1.60172,2.14496,0
2.52497,1.59353,2.15353,0
2.52506,1.57761,2.15159,0
2.52514,1.56527,2.15441,0
2.52523,1.54826,2.15067,0
2.52532,1.5348,2.15171,0
2.5254,1.5202,2.15103,0
2.52549,1.51137,2.15847,0
2.52558,1.48826,2.14532,0
2.52567,1.47889,2.15179,0
2.52575,1.45823,2.14169,0
2.52584,1.44831,2.14721,0
2.52593,1.43615,2.14935,0
2.52602,1.41627,2.13975,0
2.5261,1.40692,2.14591,0
2.52619,1.39155,2.1428,0
2.52628,1.37516,2.13792,0
2.52636,1.37065,2.15149,0
2.52645,1.35218,2.14307,0
2.52654,1.3407,2.14556,0
2.52663,1.32606,2.14289,0
2.52671,1.31722,2.14951,0
2.5268,1.30005,2.14241,0
2.52689,1.28657,2.1412,0
2.52697,1.27056,2.13562,0
2.52706,1.26529,2.14804,0
2.52715,1.24986,2.14318,0
2.52724,1.233,2.13562,0
2.52732,1.22317,2.14011,0
2.52741,1.21087,2.1402,0
2.5275,1.20103,2.1446,0
2.52759,1.18342,2.13495,0
2.52767,1.17842,2.14798,0
2.52776,1.1614,2.13904,0
2.52785,1.14827,2.13704,0
2.52793,1.13612,2.13673,0
2.52802,1.12865,2.14521,0
2.52811,1.11512,2.14213,0
2.5282,1.10302,2.14164,0
2.52828,1.09049,2.1402,0
2.52837,1.07664,2.13601,0
2.52846,1.0682,2.14247,0
2.52855,1.0553,2.13994,0
2.52863,1.0442,2.14093,0
2.52872,1.03268,2.14096,0
2.52881,1.02419,2.14725,0
2.52889,1.00884,2.13904,0
2.52898,0.999492,2.14342,0
2.52907,0.988874,2.14503,0
2.52916,0.975359,2.14023,0
2.52924,0.962725,2.13717,0
2.52933,0.948917,2.1313,0
2.52942,0.942025,2.14091,0
2.52951,0.93068,2.14042,0
2.52959,0.918569,2.13803,0
2.52968,0.904543,2.13097,0
2.52977,0.892142,2.12752,0
2.52985,0.886678,2.14063,0
2.52994,0.871271,2.12967,0
2.53003,0.861221,2.1316,0
2.53012,0.850429,2.13162,0
2.5302,0.837822,2.12693,0
2.53029,0.829983,2.1343,0
2.53038,0.819229,2.13416,0
2.53047,0.807075,2.13024,0
2.53055,0.799874,2.13936,0
2.53064,0.789493,2.14001,0
2.53073,0.778438,2.13874,0
2.53081,0.769099,2.14212,0
2.5309,0.754737,2.13131,0
2.53099,0.743782,2.12986,0
2.53108,0.734482,2.13309,0
2.53116,0.722275,2.12775,0
2.53125,0.711714,2.12709,0
2.53134,0.702113,2.12923,0
2.53143,0.694361,2.13702,0
2.53151,0.683811,2.13622,0
2.5316,0.671175,2.1287,0
2.53169,0.66277,2.13447,0
2.53177,0.653743,2.1383,0
2.53186,0.641525,2.13155,0
2.53195,0.629378,2.12474,0
2.53204,0.62122,2.13131,0
2.53212,0.612191,2.13496,0
2.53221,0.600698,2.12991,0
2.5323,0.589795,2.12673,0
2.53239,0.581299,2.13218,0
2.53247,0.571473,2.13276,0
2.53256,0.560634,2.12944,0
2.53265,0.551587,2.13283,0
2.53273,0.54203,2.13425,0
2.53282,0.528358,2.11913,0
2.53291,0.519819,2.12433,0
2.533,0.512179,2.13338,0
2.53308,0.500574,2.12586,0
2.53317,0.490168,2.12315,0
2.53326,0.482665,2.13307,0
2.53335,0.471406,2.12637,0
2.53343,0.46276,2.13134,0
2.53352,0.452624,2.12943,0
2.53361,0.442717,2.12844,0
2.53369,0.433027,2.1284,0
2.53378,0.424126,2.13223,0
2.53387,0.413674,2.12817,0
2.53396,0.403079,2.12308,0
2.53404,0.39454,2.12875,0
2.53413,0.384892,2.12848,0
2.53422,0.374212,2.12226,0
2.53431,0.363932,2.11796,0
2.53439,0.355348,2.12347,0
2.53448,0.345114,2.11908,0
2.53457,0.335708,2.11958,0
2.53465,0.326761,2.123,0
2.53474,0.318382,2.13034,0
2.53483,0.308366,2.12676,0
2.53492,0.299501,2.13106,0
2.535,0.289795,2.12937,0
2.53509,0.279848,2.12566,0
2.53518,0.270697,2.12785,0
2.53527,0.26141,2.12901,0
2.53535,0.251295,2.12318,0
2.53544,0.242368,2.12724,0
2.53553,0.232975,2.12728,0
2.53561,0.223273,2.1243,0
2.5357,0.214202,2.12724,0
2.53579,0.204822,2.12716,0
2.53588,0.194624,2.11808,0
2.53596,0.185206,2.11691,0
2.53605,0.176382,2.12268,0
2.53614,0.16751,2.12842,0
2.53623,0.157999,2.12614,0
2.53631,0.14886,2.1288,0
2.5364,0.139832,2.13342,0
2.53649,0.130095,2.12703,0
2.53657,0.120586,2.12358,0
2.53666,0.11158,2.12908,0
2.53675,0.102337,2.13054,0
2.53684,0.0927785,2.12498,0
2.53692,0.0833879,2.12236,0
2.53701,0.0743011,2.1277,0
2.5371,0.0648639,2.12301,0
2.53719,0.0555214,2.12027,0
2.53727,0.0463567,2.12449,0
2.53736,0.037069,2.12368,0
2.53745,0.02775,2.11982,0
2.53753,0.0184392,2.11292,0
2.53762,0.00921102,2.11098,0
2.53771,7.7458e-08,2.129,0
2.5378,-0.00923268,2.11598,0
2.53788,-0.0185176,2.12192,0
2.53797,-0.0277368,2.11882,0
2.53806,-0.0370339,2.12168,0
2.53815,-0.0461602,2.1155,0
2.53823,-0.0554165,2.11627,0
2.53832,-0.0648943,2.12401,0
2.53841,-0.0739869,2.11871,0
2.53849,-0.0831522,2.11637,0
2.53858,-0.0925603,2.11998,0
2.53867,-0.101666,2.11656,0
2.53876,-0.110795,2.1141,0
2.53884,-0.120359,2.11959,0
2.53893,-0.129606,2.11904,0
2.53902,-0.13872,2.11646,0
2.5391,-0.147953,2.11583,0
2.53919,-0.15711,2.11417,0
2.53928,-0.165706,2.10549,0
2.53937,-0.176216,2.12069,0
2.53945,-0.185554,2.1209,0
2.53954,-0.194898,2.12106,0
2.53963,-0.204151,2.12019,0
2.53972,-0.2129,2.11431,0
2.5398,-0.222646,2.11833,0
2.53989,-0.232757,2.12529,0
2.53998,-0.241802,2.12227,0
2.54006,-0.250355,2.11524,0
2.54015,-0.260191,2.11909,0
2.54024,-0.26893,2.11396,0
2.54033,-0.278673,2.11673,0
2.54041,-0.287772,2.11451,0
2.5405,-0.29797,2.12016,0
2.54059,-0.308366,2.12676,0
2.54068,-0.315277,2.10957,0
2.54076,-0.325088,2.11213,0
2.54085,-0.335395,2.1176,0
2.54094,-0.343025,2.10625,0
2.54102,-0.353202,2.11065,0
2.54111,-0.362069,2.10712,0
2.5412,-0.371086,2.10453,0
2.54129,-0.381689,2.11077,0
2.54137,-0.390895,2.10908,0
2.54146,-0.401773,2.1162,0
2.54155,-0.408331,2.10068,0
2.54164,-0.419639,2.10967,0
2.54172,-0.428242,2.10488,0
2.54181,-0.439459,2.11278,0
2.5419,-0.44805,2.10791,0
2.54198,-0.457667,2.10789,0
2.54207,-0.46751,2.1088,0
2.54216,-0.478031,2.11259,0
2.54225,-0.486119,2.10561,0
2.54233,-0.493927,2.09763,0
2.54242,-0.507043,2.11199,0
2.54251,-0.514352,2.10198,0
2.5426,-0.525212,2.10651,0
2.54268,-0.534153,2.10323,0
2.54277,-0.545578,2.10959,0
2.54286,-0.551977,2.09656,0
2.54294,-0.566296,2.11345,0
2.54303,-0.574723,2.10806,0
2.54312,-0.584985,2.10939,0
2.54321,-0.592554,2.10104,0
2.54329,-0.601165,2.09651,0
2.54338,-0.611706,2.09867,0
2.54347,-0.622846,2.10269,0
2.54356,-0.633167,2.10378,0
2.54364,-0.641756,2.09909,0
2.54373,-0.653281,2.10391,0
2.54382,-0.664259,2.10676,0
2.5439,-0.671616,2.09813,0
2.54399,-0.67891,2.08947,0
2.54408,-0.693971,2.10453,0
2.54417,-0.703464,2.10243,0
2.54425,-0.713917,2.10313,0
2.54434,-0.721785,2.09621,0
2.54443,-0.735869,2.10721,0
2.54452,-0.744055,2.10115,0
2.5446,-0.757271,2.10918,0
2.54469,-0.764757,2.10115,0
2.54478,-0.777725,2.10812,0
2.54486,-0.787967,2.10751,0
2.54495,-0.795029,2.09844,0
2.54504,-0.808478,2.10616,0
2.54513,-0.327644,0.842535,0
2.54521,-0.333516,0.84668,0
2.5453,-0.333131,0.835,0
2.54539,-0.354752,0.878043,0
2.54548,-0.349493,0.854274,0
2.54556,-0.346328,0.836111,0
2.54565,-0.346106,0.82537,0
2.54574,-0.340717,0.80268,0
2.54582,-0.33948,0.79016,0
2.54591,-0.33455,0.769413,0
2.546,-0.331461,0.753301,0
2.54609,-0.327016,0.734491,0
2.54617,-0.331039,0.73488,0
2.54626,-0.328022,0.719779,0
2.54635,-0.327811,0.711076,0
2.54644,-0.326261,0.69967,0
2.54652,-0.330164,0.700048,0
2.54661,-0.330633,0.693186,0
2.5467,-0.331916,0.688133,0
2.54678,-0.327463,0.671399,0
2.54687,-0.326409,0.661892,0
2.54696,-0.326617,0.655092,0
2.54705,-0.327672,0.650089,0
2.54713,-0.327327,0.642416,0
2.54722,-0.326922,0.634758,0
2.54731,-0.330612,0.6351,0
2.5474,-0.328258,0.623916,0
2.54748,-0.330508,0.621595,0
2.54757,-0.326117,0.606934,0
2.54766,-0.328762,0.605505,0
2.54774,-0.321781,0.58653,0
2.54783,-0.326762,0.589494,0
2.54792,-0.323956,0.578465,0
2.54801,-0.328446,0.580527,0
2.54809,-0.322541,0.564329,0
2.54818,-0.327,0.566381,0
2.54827,-0.325942,0.558902,0
2.54836,-0.323809,0.549719,0
2.54844,-0.325694,0.547442,0
2.54853,-0.322414,0.536587,0
2.54862,-0.320083,0.527481,0
2.5487,-0.316112,0.515847,0
2.54879,-0.322569,0.521266,0
2.54888,-0.317422,0.507981,0
2.54897,-0.319101,0.505745,0
2.54905,-0.320768,0.503505,0
2.54914,-0.325126,0.505464,0
2.54923,-0.321882,0.495654,0
2.54932,-0.321848,0.4909,0
2.5494,-0.322331,0.486989,0
2.54949,-0.325564,0.487241,0
2.54958,-0.322654,0.478355,0
2.54966,-0.32305,0.474463,0
2.54975,-0.32625,0.474697,0
2.54984,-0.325468,0.46916,0
2.54993,-0.323497,0.462002,0
2.55001,-0.322047,0.455686,0
2.5501,-0.316483,0.443693,0
2.55019,-0.319585,0.443931,0
2.55028,-0.319167,0.439296,0
2.55036,-0.321081,0.437899,0
2.55045,-0.323584,0.437298,0
2.55054,-0.322497,0.431876,0
2.55062,-0.31836,0.422478,0
2.55071,-0.312937,0.411533,0
2.5508,-0.292814,0.381603,0
2.55089,-0.296925,0.383484,0
2.55097,-0.297364,0.380609,0
2.55106,-0.305213,0.387161,0
2.55115,-0.314992,0.396,0
2.55124,-0.320473,0.399301,0
2.55132,-0.3241,0.40023,0
2.55141,-0.311924,0.381776,0
2.5515,-0.314859,0.381954,0
2.55158,-0.320998,0.385959,0
2.55167,-0.326536,0.389151,0
2.55176,-0.318539,0.376274,0
2.55185,-0.318879,0.373359,0
2.55193,-0.320505,0.371964,0
2.55202,-0.31294,0.359996,0
2.55211,-0.315827,0.360131,0
2.55219,-0.320708,0.362495,0
2.55228,-0.316294,0.354377,0
2.55237,-0.301778,0.335158,0
2.55246,-0.296514,0.326436,0
2.55254,-0.367521,0.401079,0
2.55263,-0.115396,0.124835,0
2.55272,-0.111848,0.119942,0
2.55281,-0.246666,0.262214,0
2.55289,-0.214767,0.226317,0
2.55298,-0.221976,0.231879,0
2.55307,-0.20284,0.210047,0
2.55315,-0.195381,0.200565,0
2.55324,-0.134575,0.136944,0
2.55333,-0.095042,0.095875,0
2.55342,-0.0657609,0.0657609,0
