7200
4033
3.50811
3.52382,-0.0608112,-0.0608112,0
3.52391,-0.0344967,-0.0347991,0
3.52399,-0.0560727,-0.05706,0
3.52408,-0.0446586,-0.0458433,0
3.52417,-0.0479314,-0.0496344,0
3.52426,-0.0594701,-0.0621233,0
3.52434,-0.066082,-0.0696359,0
3.52443,-0.0582406,-0.0619115,0
3.52452,-0.0579699,-0.0621651,0
3.52461,-0.0638073,-0.0690263,0
3.52469,-0.0594519,-0.0648804,0
3.52478,-0.0699262,-0.0769827,0
3.52487,-0.0508539,-0.056479,0
3.52495,-0.0599294,-0.0671452,0
3.52504,-0.0536722,-0.0606654,0
3.52513,-0.0573631,-0.0654101,0
3.52522,-0.0656059,-0.075471,0
3.5253,-0.051568,-0.0598476,0
3.52539,-0.0532547,-0.0623533,0
3.52548,-0.057505,-0.0679277,0
3.52557,-0.0572081,-0.068178,0
3.52565,-0.0537129,-0.0645827,0
3.52574,-0.0534306,-0.0648165,0
3.52583,-0.0582089,-0.0712441,0
3.52591,-0.0440524,-0.0544002,0
3.526,-0.0532035,-0.0662902,0
3.52609,-0.0678541,-0.0853043,0
3.52618,-0.0600521,-0.0761757,0
3.52626,-0.0572565,-0.073285,0
3.52635,-0.0526507,-0.0679993,0
3.52644,-0.0547885,-0.0714018,0
3.52652,-0.0520553,-0.0684562,0
3.52661,-0.0583761,-0.0774676,0
3.5267,-0.0598325,-0.0801254,0
3.52679,-0.0648357,-0.0876204,0
3.52687,-0.0549918,-0.0749993,0
3.52696,-0.054664,-0.0752386,0
3.52705,-0.0572565,-0.0795342,0
3.52714,-0.058651,-0.0822257,0
3.52722,-0.0490573,-0.0694145,0
3.52731,-0.0613727,-0.0876493,0
3.5274,-0.0587097,-0.0846296,0
3.52748,-0.0623047,-0.0906539,0
3.52757,-0.0545921,-0.0801792,0
3.52766,-0.0508866,-0.0754424,0
3.52775,-0.0311119,-0.0465623,0
3.52783,-0.0557456,-0.0842225,0
3.52792,-0.643148,-0.980964,0
3.52801,-0.642674,-0.989631,0
3.5281,-0.641596,-0.997472,0
3.52818,-0.641536,-1.00701,0
3.52827,-0.642472,-1.01826,0
3.52836,-0.634313,-1.01511,0
3.52844,-0.639876,-1.03403,0
3.52853,-0.634836,-1.03596,0
3.52862,-0.641204,-1.05667,0
3.52871,-0.640192,-1.06546,0
3.52879,-0.641162,-1.0777,0
3.52888,-0.635946,-1.07962,0
3.52897,-0.6408,-1.0988,0
3.52906,-0.643,-1.11371,0
3.52914,-0.65054,-1.13821,0
3.52923,-0.649507,-1.148,0
3.52932,-0.669411,-1.19532,0
3.5294,-0.687945,-1.24109,0
3.52949,-0.695991,-1.26862,0
3.52958,-0.68854,-1.26813,0
3.52967,-0.68158,-1.26848,0
3.52975,-0.670405,-1.26085,0
3.52984,-0.643014,-1.22217,0
3.52993,-0.62844,-1.20722,0
3.53002,-0.626372,-1.21618,0
3.5301,-0.608347,-1.19395,0
3.53019,-0.606283,-1.20284,0
3.53028,-0.598798,-1.201,0
3.53036,-0.593109,-1.20271,0
3.53045,-0.579965,-1.1891,0
3.53054,-0.576074,-1.19433,0
3.53063,-0.568705,-1.19232,0
3.53071,-0.557952,-1.18303,0
3.5308,-0.560392,-1.20176,0
3.53089,-0.557655,-1.20965,0
3.53098,-0.554445,-1.21662,0
3.53106,-0.550363,-1.22176,0
3.53115,-0.547468,-1.22963,0
3.53124,-0.542097,-1.23201,0
3.53132,-0.544691,-1.2527,0
3.53141,-0.541589,-1.26058,0
3.5315,-0.543898,-1.28134,0
3.53159,-0.546036,-1.30215,0
3.53167,-0.557952,-1.34702,0
3.53176,-0.597886,-1.46143,0
3.53185,-0.612856,-1.51687,0
3.53194,-0.60475,-1.51582,0
3.53202,-0.616822,-1.56589,0
3.53211,-0.662537,-1.70371,0
3.5322,-0.665848,-1.73459,0
3.53228,-0.667839,-1.76273,0
3.53237,-0.666094,-1.78155,0
3.53246,-0.665237,-1.8032,0
3.53255,-0.665913,-1.82958,0
3.53263,-0.654207,-1.82212,0
3.53272,-0.653928,-1.84663,0
3.53281,-0.665975,-1.90706,0
3.5329,-0.661229,-1.92035,0
3.53298,-0.664094,-1.95636,0
3.53307,-0.664753,-1.98674,0
3.53316,-0.660149,-2.00197,0
3.53324,-0.657588,-2.02385,0
3.53333,-0.658812,-2.05813,0
3.53342,-0.659749,-2.09245,0
3.53351,-0.639937,-2.06093,0
3.53359,-0.63854,-2.08857,0
3.53368,-0.649594,-2.15837,0
3.53377,-0.654939,-2.21104,0
3.53386,-0.65424,-2.2446,0
3.53394,-0.656017,-2.2878,0
3.53403,-0.654443,-2.32048,0
3.53412,-0.654467,-2.35993,0
3.5342,-0.641533,-2.35312,0
3.53429,-0.632813,-2.36169,0
3.53438,-0.62352,-2.3683,0
3.53447,-0.61268,-2.36906,0
3.53455,-0.604306,-2.37946,0
3.53464,-0.597789,-2.3976,0
3.53473,-0.58851,-2.40504,0
3.53482,-0.578011,-2.40759,0
3.5349,-0.572543,-2.4315,0
3.53499,-0.561478,-2.43203,0
3.53508,-0.555716,-2.45591,0
3.53516,-0.549324,-2.47784,0
3.53525,-0.540417,-2.48901,0
3.53534,-0.535788,-2.52069,0
3.53543,-0.534152,-2.56804,0
3.53551,-0.545072,-2.67911,0
3.5356,-0.563811,-2.83447,0
3.53569,-0.56594,-2.91151,0
3.53578,-0.5758,-3.03282,0
3.53586,-0.562197,-3.03334,0
3.53595,-0.549134,-3.03675,0
3.53604,-0.536747,-3.04404,0
3.53612,-0.522105,-3.03847,0
3.53621,-0.507686,-3.03381,0
3.5363,-0.494283,-3.03501,0
3.53639,-0.480254,-3.0322,0
3.53647,-0.465802,-3.02636,0
3.53656,-0.453775,-3.03628,0
3.53665,-0.44167,-3.04615,0
3.53674,-0.426705,-3.03616,0
3.53682,-0.413858,-3.04097,0
3.53691,-0.400063,-3.03878,0
3.537,-0.386043,-3.03454,0
3.53708,-0.372189,-3.03124,0
3.53717,-0.358959,-3.03283,0
3.53726,-0.345496,-3.03238,0
3.53735,-0.332371,-3.03485,0
3.53743,-0.318603,-3.0313,0
3.53752,-0.304772,-3.02669,0
3.53761,-0.291659,-3.02899,0
3.5377,-0.278714,-3.03322,0
3.53778,-0.265302,-3.03242,0
3.53787,-0.252399,-3.03753,0
3.53796,-0.238202,-3.02664,0
3.53804,-0.224178,-3.01668,0
3.53813,-0.211083,-3.01863,0
3.53822,-0.19876,-3.03249,0
3.53831,-0.185588,-3.03433,0
3.53839,-0.172289,-3.03411,0
3.53848,-0.158892,-3.03184,0
3.53857,-0.145662,-3.0325,0
3.53865,-0.132472,-3.03411,0
3.53874,-0.119114,-3.03166,0
3.53883,-0.105955,-3.03415,0
3.53892,-0.0926539,-3.03258,0
3.539,-0.0793947,-3.03196,0
3.53909,-0.0661428,-3.03128,0
3.53918,-0.0527587,-3.02254,0
3.53927,-0.039727,-3.03474,0
3.53935,-0.0264065,-3.02588,0
3.53944,-0.013234,-3.03297,0
3.53953,-3.65007e-08,-3.03,0
3.53961,0.0131946,-3.02397,0
3.5397,0.0264152,-3.02688,0
3.53979,0.0396353,-3.02774,0
3.53988,0.0527586,-3.02254,0
3.53996,0.0660772,-3.02828,0
3.54005,0.0791591,-3.02296,0
3.54014,0.0925011,-3.02759,0
3.54023,0.105571,-3.02316,0
3.54031,0.118839,-3.02467,0
3.5404,0.132254,-3.02911,0
3.54049,0.145278,-3.02451,0
3.54057,0.158473,-3.02385,0
3.54066,0.171949,-3.02812,0
3.54075,0.18516,-3.02734,0
3.54084,0.198302,-3.02551,0
3.54092,0.211571,-3.02561,0
3.54101,0.224623,-3.02267,0
3.5411,0.237496,-3.01767,0
3.54119,0.250081,-3.00963,0
3.54127,0.264082,-3.01847,0
3.54136,0.277616,-3.02127,0
3.54145,0.291179,-3.02401,0
3.54153,0.302568,-3.0048,0
3.54162,0.317871,-3.02434,0
3.54171,0.330846,-3.02094,0
3.5418,0.344477,-3.02344,0
3.54188,0.357314,-3.01893,0
3.54197,0.371092,-3.0223,0
3.54206,0.38415,-3.01966,0
3.54215,0.398366,-3.02589,0
3.54223,0.411026,-3.02016,0
3.54232,0.424617,-3.02131,0
3.54241,0.437078,-3.01448,0
3.54249,0.451262,-3.01947,0
3.54258,0.464433,-3.01747,0
3.54267,0.477907,-3.01739,0
3.54276,0.491069,-3.01527,0
3.54284,0.505376,-3.02001,0
3.54293,0.517871,-3.01383,0
3.54302,0.531884,-3.01647,0
3.54311,0.548066,-3.03085,0
3.54319,0.558005,-3.01073,0
3.54328,0.573188,-3.01907,0
3.54337,0.588073,-3.02537,0
3.54345,0.601659,-3.02474,0
3.54354,0.613056,-3.01327,0
3.54363,0.627624,-3.01742,0
3.54372,0.643071,-3.02541,0
3.5438,0.655205,-3.01769,0
3.54389,0.670746,-3.02554,0
3.54398,0.685928,-3.03136,0
3.54407,0.697798,-3.0225,0
3.54415,0.711667,-3.02234,0
3.54424,0.725081,-3.02018,0
3.54433,0.737539,-3.01407,0
3.54441,0.749232,-3.00501,0
3.5445,0.766521,-3.01819,0
3.54459,0.781436,-3.02159,0
3.54468,0.795631,-3.02202,0
3.54476,0.809327,-3.02045,0
3.54485,0.822499,-3.01689,0
3.54494,0.838059,-3.02194,0
3.54503,0.84988,-3.01345,0
3.54511,0.866879,-3.02317,0
3.5452,0.879223,-3.01648,0
3.54529,0.891808,-3.01069,0
3.54537,0.909259,-3.02114,0
3.54546,0.923017,-3.01905,0
3.54555,0.937664,-3.01977,0
3.54564,0.952636,-3.02138,0
3.54572,0.964591,-3.01338,0
3.54581,0.982056,-3.02246,0
3.5459,0.993669,-3.0134,0
3.54599,1.00681,-3.00903,0
3.54607,1.02443,-3.01787,0
3.54616,1.03596,-3.00864,0
3.54625,1.05237,-3.01353,0
3.54633,1.06718,-3.01362,0
3.54642,1.08066,-3.00988,0
3.54651,1.0972,-3.01453,0
3.5466,1.10896,-3.00596,0
3.54668,1.12487,-3.00859,0
3.54677,1.1394,-3.0074,0
3.54686,1.1561,-3.01173,0
3.54695,1.17031,-3.00945,0
3.54703,1.186,-3.01083,0
3.54712,1.20061,-3.00934,0
3.54721,1.2186,-3.01613,0
3.54729,1.23099,-3.00893,0
3.54738,1.24487,-3.00538,0
3.54747,1.26493,-3.01652,0
3.54756,1.27496,-3.00361,0
3.54764,1.29358,-3.01088,0
3.54773,1.31069,-3.01438,0
3.54782,1.32705,-3.01595,0
3.54791,1.34142,-3.01287,0
3.54799,1.35702,-3.01246,0
3.54808,1.37554,-3.01834,0
3.54817,1.38786,-3.01049,0
3.54825,1.40225,-3.00713,0
3.54834,1.42047,-3.01184,0
3.54843,1.43274,-3.0038,0
3.54852,1.45278,-3.01193,0
3.5486,1.4646,-3.00287,0
3.54869,1.48565,-3.0126,0
3.54878,1.50146,-3.01145,0
3.54887,1.51593,-3.00755,0
3.54895,1.53086,-3.00447,0
3.54904,1.54807,-3.00577,0
3.54913,1.55933,-2.99544,0
3.54921,1.57843,-3.00011,0
3.5493,1.59573,-3.00114,0
3.54939,1.61591,-3.00736,0
3.54948,1.63331,-3.00819,0
3.54956,1.65316,-3.01331,0
3.54965,1.66581,-3.00519,0
3.54974,1.68037,-3.00051,0
3.54983,1.69738,-3.00012,0
3.54991,1.71691,-3.00397,0
3.55,1.7315,-2.99905,0
3.55009,1.74759,-2.99665,0
3.55017,1.7708,-3.00622,0
3.55026,1.78697,-3.00363,0
3.55035,1.80727,-3.0078,0
3.55044,1.82089,-3.00074,0
3.55052,1.84181,-3.00556,0
3.55061,1.85543,-2.99834,0
3.5507,1.86744,-2.98852,0
3.55079,1.8922,-2.99895,0
3.55087,1.91816,-3.01091,0
3.55096,1.93074,-3.00167,0
3.55105,1.94708,-2.99825,0
3.55113,1.96782,-3.00143,0
3.55122,1.98366,-2.99699,0
3.55131,2.00505,-3.00077,0
3.5514,2.01869,-2.99283,0
3.55148,2.02722,-2.97738,0
3.55157,2.02377,-2.9446,0
3.55166,2.0252,-2.91931,0
3.55174,2.02358,-2.88997,0
3.55183,2.0252,-2.8656,0
3.55192,2.01794,-2.82905,0
3.55201,2.02034,-2.80642,0
3.55209,2.01669,-2.77574,0
3.55218,2.01991,-2.75481,0
3.55227,2.01645,-2.72507,0
3.55236,2.01217,-2.69462,0
3.55244,2.02992,-2.6938,0
3.55253,2.01866,-2.65467,0
3.55262,2.01804,-2.62997,0
3.5527,2.01726,-2.60532,0
3.55279,2.01752,-2.58231,0
3.55288,2.01825,-2.56013,0
3.55297,2.00948,-2.52626,0
3.55305,2.01109,-2.50577,0
3.55314,2.00753,-2.4791,0
3.55323,2.01074,-2.46102,0
3.55332,2.00873,-2.43679,0
3.5534,2.01295,-2.42031,0
3.55349,2.00357,-2.38776,0
3.55358,2.00945,-2.37365,0
3.55366,2.00939,-2.3527,0
3.55375,2.00593,-2.328,0
3.55384,2.00754,-2.30941,0
3.55393,2.00046,-2.28108,0
3.55401,2.00509,-2.26634,0
3.5541,2.01163,-2.25384,0
3.55419,2.01074,-2.23315,0
3.55428,2.01307,-2.21621,0
3.55436,2.00583,-2.18898,0
3.55445,2.01264,-2.17727,0
3.55454,2.00439,-2.14945,0
3.55462,2.0069,-2.1334,0
3.55471,2.00036,-2.10794,0
3.5548,2.00193,-2.09124,0
3.55489,1.99784,-2.06882,0
3.55497,2.01103,-2.06438,0
3.55506,2.0032,-2.03847,0
3.55515,2.00433,-2.0219,0
3.55524,2.00748,-2.00748,0
3.55532,2.00272,-1.98532,0
3.55541,1.99354,-1.95904,0
3.5555,1.99562,-1.94404,0
3.55558,1.99976,-1.93115,0
3.55567,1.99589,-1.91065,0
3.55576,2.00203,-1.89986,0
3.55585,1.99865,-1.88014,0
3.55593,2.00245,-1.86731,0
3.55602,2.01057,-1.85856,0
3.55611,2.00245,-1.8349,0
3.5562,1.99859,-1.81539,0
3.55628,1.9998,-1.80063,0
3.55637,1.99347,-1.77924,0
3.55646,1.99746,-1.76721,0
3.55654,1.99689,-1.75122,0
3.55663,1.99772,-1.73659,0
3.55672,1.99921,-1.72263,0
3.55681,1.9877,-1.69766,0
3.55689,1.9928,-1.68703,0
3.55698,1.99172,-1.67125,0
3.55707,1.98899,-1.65423,0
3.55716,1.98925,-1.63981,0
3.55724,1.99406,-1.62922,0
3.55733,1.99105,-1.61232,0
3.55742,1.98715,-1.59485,0
3.5575,1.98939,-1.58243,0
3.55759,1.98842,-1.56755,0
3.55768,1.98421,-1.55024,0
3.55777,1.98858,-1.53973,0
3.55785,1.98656,-1.52434,0
3.55794,1.9916,-1.51445,0
3.55803,1.9902,-1.49972,0
3.55812,1.99672,-1.49102,0
3.5582,1.98553,-1.46921,0
3.55829,1.99514,-1.4629,0
3.55838,1.99261,-1.44772,0
3.55846,1.98268,-1.42732,0
3.55855,1.98644,-1.41692,0
3.55864,1.97791,-1.39785,0
3.55873,1.99054,-1.39379,0
3.55881,1.99496,-1.38395,0
3.5589,1.99439,-1.3707,0
3.55899,1.99208,-1.35636,0
3.55908,1.99466,-1.34542,0
3.55916,1.99137,-1.33059,0
3.55925,1.99049,-1.31747,0
3.55934,1.98702,-1.30274,0
3.55942,1.99436,-1.29515,0
3.55951,1.99494,-1.28319,0
3.5596,1.99209,-1.2691,0
3.55969,1.98915,-1.25506,0
3.55977,1.99885,-1.24902,0
3.55986,1.99408,-1.23397,0
3.55995,1.99433,-1.22212,0
3.56004,1.98596,-1.20511,0
3.56012,1.98091,-1.19025,0
3.56021,1.98523,-1.18109,0
3.5603,1.99123,-1.17292,0
3.56038,1.99028,-1.1607,0
3.56047,1.98753,-1.1475,0
3.56056,1.98904,-1.13683,0
3.56065,1.99224,-1.12716,0
3.56073,1.99278,-1.11601,0
3.56082,1.98714,-1.10149,0
3.56091,1.99455,-1.09425,0
3.561,1.98964,-1.08029,0
3.56108,1.98993,-1.06923,0
3.56117,1.9884,-1.05725,0
3.56126,1.98591,-1.04484,0
3.56134,1.99666,-1.0394,0
3.56143,1.9914,-1.02564,0
3.56152,1.9914,-1.01467,0
3.56161,1.99134,-1.00372,0
3.56169,1.98854,-0.991452,0
3.56178,1.9785,-0.975689,0
3.56187,1.98454,-0.967924,0
3.56196,1.98694,-0.958386,0
3.56204,1.9884,-0.948416,0
3.56213,1.98528,-0.936318,0
3.56222,1.98663,-0.926379,0
3.5623,1.97975,-0.912678,0
3.56239,1.991,-0.907349,0
3.56248,1.98764,-0.895367,0
3.56257,1.99244,-0.887093,0
3.56265,1.98348,-0.872752,0
3.56274,1.98819,-0.864488,0
3.56283,1.98183,-0.851463,0
3.56292,1.98277,-0.841635,0
3.563,1.97997,-0.830269,0
3.56309,1.98542,-0.822387,0
3.56318,1.98251,-0.811065,0
3.56326,1.98788,-0.803157,0
3.56335,1.98022,-0.790029,0
3.56344,1.96969,-0.775883,0
3.56353,1.98052,-0.770181,0
3.56361,1.98199,-0.760815,0
3.5637,1.98529,-0.75216,0
3.56379,1.982,-0.741039,0
3.56387,1.98146,-0.730999,0
3.56396,1.97993,-0.720637,0
3.56405,1.97835,-0.710301,0
3.56414,1.98049,-0.701328,0
3.56422,1.97975,-0.691361,0
3.56431,1.97613,-0.680437,0
3.5644,1.98287,-0.673094,0
3.56449,1.98769,-0.665071,0
3.56457,1.98487,-0.654512,0
3.56466,1.98581,-0.645228,0
3.56475,1.98194,-0.634423,0
3.56483,1.97801,-0.623664,0
3.56492,1.96448,-0.609986,0
3.56501,1.97764,-0.604625,0
3.5651,1.98217,-0.596566,0
3.56518,1.99051,-0.589616,0
3.56527,1.98442,-0.578407,0
3.56536,1.98212,-0.568364,0
3.56545,1.98362,-0.559439,0
3.56553,1.98604,-0.550778,0
3.56562,1.98264,-0.540529,0
3.56571,1.98594,-0.532132,0
3.56579,1.97954,-0.52117,0
3.56588,1.98277,-0.512778,0
3.56597,1.97917,-0.502645,0
3.56606,1.98717,-0.495456,0
3.56614,1.98445,-0.485592,0
3.56623,1.98752,-0.477162,0
3.56632,1.98277,-0.466881,0
3.56641,1.98089,-0.457326,0
3.56649,1.98385,-0.448899,0
3.56658,1.97212,-0.437208,0
3.56667,1.9828,-0.430509,0
3.56675,1.98564,-0.422061,0
3.56684,1.98648,-0.413189,0
3.56693,2.00199,-0.407309,0
3.56702,1.98609,-0.395058,0
3.5671,1.9927,-0.387342,0
3.56719,1.98946,-0.377711,0
3.56728,1.98716,-0.368298,0
3.56737,1.98481,-0.358912,0
3.56745,1.98537,-0.350075,0
3.56754,1.98195,-0.340562,0
3.56763,1.98737,-0.332571,0
3.56771,1.98781,-0.323736,0
3.5678,1.98723,-0.314746,0
3.56789,1.98068,-0.304855,0
3.56798,1.99188,-0.297688,0
3.56806,1.97732,-0.286698,0
3.56815,1.9845,-0.278903,0
3.56824,1.99164,-0.27105,0
3.56833,1.98586,-0.261444,0
3.56841,1.98798,-0.252903,0
3.5685,1.98708,-0.243982,0
3.56859,1.98316,-0.234722,0
3.56867,1.99509,-0.227312,0
3.56876,1.98712,-0.217625,0
3.56885,1.99103,-0.209266,0
3.56894,1.99093,-0.200476,0
3.56902,1.98582,-0.191212,0
3.56911,1.97468,-0.181448,0
3.5692,1.9635,-0.171784,0
3.56929,1.84464,-0.153278,0
3.56937,1.72068,-0.13542,0
3.56946,1.69931,-0.126281,0
3.56955,1.69287,-0.118377,0
3.56963,1.68538,-0.110466,0
3.56972,1.68286,-0.102928,0
3.56981,1.69627,-0.0963211,0
3.5699,1.70067,-0.0891282,0
3.56998,1.69704,-0.0815149,0
3.57007,1.69538,-0.0740221,0
3.57016,1.69569,-0.0666239,0
3.57025,1.70496,-0.0595386,0
3.57033,1.69621,-0.0518239,0
3.57042,1.68942,-0.0442391,0
3.57051,1.6806,-0.0366709,0
3.57059,1.68474,-0.0294073,0
3.57068,1.69186,-0.0221476,0
3.57077,1.68494,-0.0147043,0
3.57086,1.67898,-0.00732604,0
3.57094,1.696,-4.10676e-08,0
3.57103,1.78698,0.00779719,0
3.57112,1.95293,0.0170429,0
3.57121,1.97283,0.0258257,0
3.57129,1.9767,0.0345034,0
3.57138,1.98953,0.0434116,0
3.57147,1.98332,0.051935,0
3.57155,1.98108,0.0605273,0
3.57164,1.9738,0.0689265,0
3.57173,1.97448,0.0775773,0
3.57182,1.98011,0.0864536,0
3.5719,1.98571,0.0953805,0
3.57199,1.97629,0.103573,0
3.57208,1.97981,0.112422,0
3.57217,1.9773,0.120937,0
3.57225,1.97077,0.129171,0
3.57234,1.97917,0.138397,0
3.57243,1.98253,0.147328,0
3.57251,1.98586,0.15629,0
3.5726,1.98317,0.164788,0
3.57269,1.97545,0.17283,0
3.57278,1.98364,0.182271,0
3.57286,1.97686,0.19035,0
3.57295,1.98098,0.199474,0
3.57304,1.97611,0.207698,0
3.57313,1.97718,0.216536,0
3.57321,1.98118,0.225727,0
3.5733,1.98216,0.234605,0
3.57339,1.97814,0.242886,0
3.57347,1.97707,0.251514,0
3.57356,1.97992,0.260661,0
3.57365,1.97975,0.269432,0
3.57374,1.97955,0.278207,0
3.57382,1.98524,0.287846,0
3.57391,1.98199,0.29621,0
3.574,1.98166,0.305007,0
3.57409,1.9892,0.315059,0
3.57417,1.98781,0.323735,0
3.57426,1.98835,0.332736,0
3.57435,1.98688,0.341409,0
3.57443,1.9834,0.349727,0
3.57452,1.98087,0.3582,0
3.57461,1.98028,0.367022,0
3.5747,1.9875,0.377338,0
3.57478,1.98092,0.385052,0
3.57487,1.98021,0.393887,0
3.57496,1.98925,0.404717,0
3.57505,1.98648,0.413189,0
3.57513,1.98173,0.421229,0
3.57522,1.97596,0.429023,0
3.57531,1.98774,0.440671,0
3.57539,1.97604,0.447133,0
3.57548,1.98382,0.458,0
3.57557,1.98277,0.466881,0
3.57566,1.99141,0.478096,0
3.57574,1.98057,0.484641,0
3.57583,1.98134,0.494004,0
3.57592,1.98498,0.504122,0
3.57601,1.9847,0.513279,0
3.57609,1.99888,0.526262,0
3.57618,1.98594,0.532132,0
3.57627,1.99132,0.542896,0
3.57635,1.98604,0.550778,0
3.57644,1.99902,0.563782,0
3.57653,1.98981,0.570569,0
3.57662,1.98442,0.578407,0
3.5767,1.98092,0.586776,0
3.57679,1.98122,0.596278,0
3.57688,1.97859,0.604917,0
3.57696,1.98358,0.615917,0
3.57705,1.97896,0.623964,0
3.57714,1.97622,0.632593,0
3.57723,1.982,0.643991,0
3.57731,1.97917,0.652633,0
3.5774,1.97725,0.66158,0
3.57749,1.96961,0.668594,0
3.57758,1.98843,0.68467,0
3.57766,1.98259,0.69235,0
3.57775,1.97955,0.700994,0
3.57784,1.98212,0.711653,0
3.57792,1.97899,0.720294,0
3.57801,1.97771,0.729615,0
3.5781,1.97825,0.739638,0
3.57819,1.9881,0.753223,0
3.57827,1.97919,0.75974,0
3.57836,1.97772,0.769093,0
3.57845,1.97155,0.776616,0
3.57854,1.98115,0.790399,0
3.57862,1.97954,0.799785,0
3.57871,1.97695,0.808793,0
3.5788,1.96971,0.815881,0
3.57888,1.96982,0.826015,0
3.57897,1.96988,0.836165,0
3.57906,1.98551,0.853041,0
3.57915,1.97993,0.860899,0
3.57923,1.98256,0.872349,0
3.57932,1.97509,0.879365,0
3.57941,1.97396,0.889206,0
3.5795,1.98008,0.902372,0
3.57958,1.9743,0.910166,0
3.57967,1.97575,0.921308,0
3.57976,1.97895,0.933332,0
3.57984,1.97034,0.939806,0
3.57993,1.98244,0.956214,0
3.58002,1.97825,0.964855,0
3.58011,1.97402,0.973477,0
3.58019,1.96796,0.981189,0
3.58028,1.97616,0.996068,0
3.58037,1.97269,1.00513,0
3.58046,1.97095,1.01511,0
3.58054,1.9736,1.02739,0
3.58063,1.96733,1.03506,0
3.58072,1.97515,1.05021,0
3.5808,1.97408,1.06071,0
3.58089,1.97822,1.07408,0
3.58098,1.97176,1.08174,0
3.58107,1.97402,1.09422,0
3.58115,1.97708,1.10722,0
3.58124,1.97658,1.11829,0
3.58133,1.97428,1.1284,0
3.58142,1.97367,1.1395,0
3.5815,1.97646,1.15263,0
3.58159,1.97916,1.16582,0
3.58168,1.97921,1.17751,0
3.58176,1.97234,1.1851,0
3.58185,1.98425,1.20407,0
3.58194,1.98154,1.21429,0
3.58203,1.98047,1.22555,0
3.58211,1.97341,1.23312,0
3.5822,1.97816,1.24812,0
3.58229,1.98534,1.2648,0
3.58238,1.97812,1.27237,0
3.58246,1.97759,1.28426,0
3.58255,1.97865,1.29726,0
3.58264,1.97881,1.30975,0
3.58272,1.98056,1.32337,0
3.58281,1.97643,1.33312,0
3.5829,1.9896,1.35467,0
3.58299,1.9779,1.35938,0
3.58307,1.98017,1.37369,0
3.58316,1.97825,1.38519,0
3.58325,1.97627,1.39669,0
3.58334,1.97586,1.40937,0
3.58342,1.98024,1.42557,0
3.58351,1.9829,1.44066,0
3.5836,1.98305,1.45403,0
3.58368,1.9807,1.46564,0
3.58377,1.97509,1.47487,0
3.58386,1.97742,1.49009,0
3.58395,1.97568,1.50234,0
3.58403,1.97783,1.51764,0
3.58412,1.9791,1.53238,0
3.58421,1.98106,1.54777,0
3.5843,1.97507,1.55702,0
3.58438,1.97843,1.57372,0
3.58447,1.97077,1.58171,0
3.58456,1.98017,1.60351,0
3.58464,1.97393,1.61277,0
3.58473,1.97227,1.62582,0
3.58482,1.97746,1.64464,0
3.58491,1.97716,1.65903,0
3.58499,1.97219,1.66958,0
3.58508,1.97021,1.68272,0
3.58517,1.98331,1.70893,0
3.58526,1.97357,1.71559,0
3.58534,1.97584,1.73276,0
3.58543,1.969,1.74203,0
3.58552,1.97854,1.76592,0
3.5856,1.97751,1.78056,0
3.58569,1.9786,1.79724,0
3.58578,1.97812,1.81261,0
3.58587,1.97826,1.82869,0
3.58595,1.97319,1.84003,0
3.58604,1.97898,1.86164,0
3.58613,1.981,1.8799,0
3.58622,1.97567,1.89129,0
3.5863,1.97818,1.91031,0
3.58639,1.97771,1.9266,0
3.58648,1.98498,1.95063,0
3.58656,1.97787,1.96068,0
3.58665,1.98343,1.98343,0
3.58674,1.97828,1.99562,0
3.58683,1.98217,2.01707,0
3.58691,1.97405,2.02642,0
3.587,1.9763,2.04652,0
3.58709,1.97358,2.06163,0
3.58718,1.98108,2.08763,0
3.58726,1.98635,2.11155,0
3.58735,1.99007,2.13409,0
3.58744,1.98142,2.14349,0
3.58752,1.98556,2.16686,0
3.58761,1.98415,2.18438,0
3.5877,1.97795,2.19674,0
3.58779,1.983,2.22176,0
3.58787,1.98057,2.23863,0
3.58796,1.98133,2.25928,0
3.58805,1.97999,2.27771,0
3.58814,1.97851,2.29618,0
3.58822,1.98341,2.32228,0
3.58831,1.98295,2.34236,0
3.5884,1.98429,2.36478,0
3.58848,1.98162,2.38264,0
3.58857,1.98711,2.41056,0
3.58866,1.9772,2.41998,0
3.58875,1.98991,2.45734,0
3.58883,1.98418,2.47223,0
3.58892,1.98458,2.49495,0
3.58901,1.97986,2.51144,0
3.58909,1.98305,2.53818,0
3.58918,1.97807,2.55472,0
3.58927,1.97482,2.57364,0
3.58936,1.98658,2.61248,0
3.58944,1.99201,2.64348,0
3.58953,1.98943,2.66417,0
3.58962,1.97065,2.66318,0
3.58971,1.95546,2.66691,0
3.58979,1.93558,2.66409,0
3.58988,1.91692,2.66277,0
3.58997,1.8989,2.66216,0
3.59005,1.87688,2.65572,0
3.59014,1.85953,2.65569,0
3.59023,1.84508,2.65967,0
3.59032,1.82326,2.65286,0
3.5904,1.81167,2.66079,0
3.59049,1.79165,2.65624,0
3.59058,1.77394,2.65488,0
3.59067,1.75461,2.65092,0
3.59075,1.73644,2.64852,0
3.59084,1.72269,2.65271,0
3.59093,1.69974,2.64254,0
3.59101,1.68605,2.64656,0
3.5911,1.66701,2.64205,0
3.59119,1.65441,2.64761,0
3.59128,1.63653,2.6446,0
3.59136,1.62393,2.65001,0
3.59145,1.60145,2.63911,0
3.59154,1.58477,2.6375,0
3.59163,1.56814,2.6358,0
3.59171,1.55713,2.64348,0
3.5918,1.53752,2.63643,0
3.59189,1.529,2.64831,0
3.59197,1.50701,2.63672,0
3.59206,1.49155,2.63631,0
3.59215,1.48199,2.64628,0
3.59224,1.45976,2.63348,0
3.59232,1.44441,2.63281,0
3.59241,1.43004,2.63381,0
3.5925,1.41665,2.63651,0
3.59259,1.40043,2.63383,0
3.59267,1.38241,2.62753,0
3.59276,1.37093,2.63354,0
3.59285,1.35897,2.6386,0
3.59293,1.33973,2.62936,0
3.59302,1.32599,2.63072,0
3.59311,1.31182,2.63111,0
3.5932,1.29591,2.62784,0
3.59328,1.28136,2.62718,0
3.59337,1.26815,2.62914,0
3.59346,1.25408,2.62923,0
3.59355,1.24004,2.62925,0
3.59363,1.2239,2.62467,0
3.59372,1.20951,2.62363,0
3.59381,1.19722,2.62706,0
3.59389,1.1878,2.63682,0
3.59398,1.16774,2.62279,0
3.59407,1.15266,2.61962,0
3.59416,1.13962,2.62096,0
3.59424,1.12699,2.62315,0
3.59433,1.11515,2.62712,0
3.59442,1.10019,2.62366,0
3.59451,1.08835,2.62751,0
3.59459,1.0693,2.61373,0
3.59468,1.05639,2.61466,0
3.59477,1.04794,2.62667,0
3.59485,1.02987,2.61447,0
3.59494,1.01773,2.61708,0
3.59503,1.00415,2.61589,0
3.59512,0.992015,2.61838,0
3.5952,0.976728,2.61238,0
3.59529,0.964974,2.61568,0
3.59538,0.954236,2.62174,0
3.59547,0.936029,2.60706,0
3.59555,0.927316,2.61866,0
3.59564,0.915881,2.62268,0
3.59573,0.900522,2.6153,0
3.59581,0.887173,2.61353,0
3.5959,0.874492,2.61358,0
3.59599,0.862766,2.61642,0
3.59608,0.846707,2.60589,0
3.59616,0.837157,2.61528,0
3.59625,0.824836,2.61605,0
3.59634,0.809262,2.60625,0
3.59643,0.800806,2.61932,0
3.59651,0.788505,2.61992,0
3.5966,0.774794,2.61566,0
3.59669,0.760016,2.6075,0
3.59677,0.749458,2.61367,0
3.59686,0.737504,2.61499,0
3.59695,0.725552,2.61626,0
3.59704,0.712289,2.61264,0
3.59712,0.699588,2.6109,0
3.59721,0.688189,2.61393,0
3.5973,0.674273,2.60722,0
3.59739,0.663383,2.61208,0
3.59747,0.651496,2.61301,0
3.59756,0.640801,2.61874,0
3.59765,0.625867,2.60692,0
3.59773,0.61632,2.61742,0
3.59782,0.603319,2.61326,0
3.59791,0.590586,2.61002,0
3.598,0.579625,2.61452,0
3.59808,0.566939,2.61116,0
3.59817,0.555748,2.61459,0
3.59826,0.545149,2.6209,0
3.59835,0.530717,2.60856,0
3.59843,0.516989,2.59908,0
3.59852,0.506789,2.6072,0
3.59861,0.495781,2.61135,0
3.59869,0.485658,2.62037,0
3.59878,0.472618,2.61361,0
3.59887,0.461036,2.61466,0
3.59896,0.447591,2.60482,0
3.59904,0.439027,2.62352,0
3.59913,0.425325,2.61159,0
3.59922,0.413456,2.61046,0
3.59931,0.400541,2.60236,0
3.59939,0.391399,2.61891,0
3.59948,0.379108,2.61466,0
3.59957,0.367695,2.61629,0
3.59965,0.354928,2.60796,0
3.59974,0.343806,2.61147,0
3.59983,0.332913,2.61691,0
3.59992,0.321126,2.61536,0
3.6,0.309594,2.61574,0
3.60009,0.296593,2.60316,0
3.60018,0.28632,2.61437,0
3.60027,0.275328,2.61957,0
3.60035,0.263294,2.61478,0
3.60044,0.252074,2.61789,0
3.60053,0.240375,2.61598,0
3.60061,0.229394,2.62198,0
3.6007,0.217206,2.61399,0
3.60079,0.205955,2.61691,0
3.60088,0.191274,2.5739,0
3.60096,0.173136,2.47595,0
3.60105,0.161873,2.4697,0
3.60114,0.151645,2.47937,0
3.60123,0.140768,2.47901,0
3.60131,0.130683,2.49358,0
3.6014,0.118458,2.46616,0
3.60149,0.107522,2.46265,0
3.60157,0.0968933,2.4661,0
3.60166,0.086481,2.47649,0
3.60175,0.0757356,2.47884,0
3.60184,0.0649713,2.48115,0
3.60192,0.053861,2.46841,0
3.60201,0.0394949,2.26266,0
3.6021,0.0275275,2.10282,0
3.60218,0.0181425,2.07892,0
3.60227,0.00903649,2.07098,0
3.60236,7.52751e-08,2.069,0
3.60245,-0.00896653,2.05498,0
3.60253,-0.017933,2.05492,0
3.60262,-0.0269776,2.06082,0
3.60271,-0.0360566,2.06569,0
3.6028,-0.0448731,2.05651,0
3.60288,-0.0536889,2.0503,0
3.60297,-0.0626955,2.05204,0
3.60306,-0.0720674,2.06374,0
3.60314,-0.0806789,2.05342,0
3.60323,-0.0899867,2.06104,0
3.60332,-0.0989308,2.05963,0
3.60341,-0.109173,2.08314,0
3.60349,-0.119848,2.1106,0
3.60358,-0.128934,2.10806,0
3.60367,-0.13957,2.12943,0
3.60376,-0.146,2.0879,0
3.60384,-0.149699,2.01445,0
3.60393,-0.15378,1.95396,0
3.60402,-0.162884,1.96024,0
3.6041,-0.171435,1.95951,0
3.60419,-0.180716,1.96671,0
3.60428,-0.189104,1.96392,0
3.60437,-0.198072,1.96705,0
3.60445,-0.206444,1.96418,0
3.60454,-0.214903,1.96227,0
3.60463,-0.222671,1.95436,0
3.60472,-0.231784,1.95833,0
3.6048,-0.240814,1.96127,0
3.60489,-0.248864,1.95623,0
3.60498,-0.258703,1.96504,0
3.60506,-0.266331,1.95696,0
3.60515,-0.276259,1.96568,0
3.60524,-0.283828,1.95753,0
3.60533,-0.293845,1.96616,0
3.60541,-0.300444,1.95201,0
3.6055,-0.310366,1.95957,0
3.60559,-0.319556,1.96215,0
3.60568,-0.328775,1.96468,0
3.60576,-0.335143,1.95042,0
3.60585,-0.341392,1.93613,0
3.60594,-0.290582,1.60694,0
3.60602,-0.283012,1.52699,0
3.60611,-0.288366,1.51887,0
3.6062,-0.309492,1.5922,0
3.60629,-0.354284,1.78111,0
3.60637,-0.329356,1.61884,0
3.60646,-0.326641,1.57039,0
3.60655,-0.321223,1.51124,0
3.60664,-0.31572,1.45412,0
3.60672,-0.319032,1.43906,0
3.60681,-0.324204,1.43278,0
3.6069,-0.309983,1.34268,0
3.60698,-0.30667,1.30238,0
3.60707,-0.309548,1.28936,0
3.60716,-0.309229,1.26372,0
3.60725,-0.309418,1.24101,0
3.60733,-0.309168,1.21735,0
3.60742,-0.308218,1.19179,0
3.60751,-0.306286,1.16336,0
3.6076,-0.307477,1.14752,0
3.60768,-0.309588,1.13555,0
3.60777,-0.307324,1.10818,0
3.60786,-0.306999,1.08854,0
3.60794,-0.305406,1.06508,0
3.60803,-0.308092,1.05701,0
3.60812,-0.303896,1.02594,0
3.60821,-0.305488,1.01503,0
3.60829,-0.306698,1.00316,0
3.60838,-0.305734,0.984626,0
3.60847,-0.30251,0.959439,0
3.60856,-0.30395,0.949539,0
3.60864,-0.313961,0.966273,0
3.60873,-0.323498,0.981039,0
3.60882,-0.326824,0.976773,0
3.6089,-0.32594,0.960187,0
3.60899,-0.32394,0.940791,0
3.60908,-0.323756,0.927095,0
3.60917,-0.323793,0.914362,0
3.60925,-0.325752,0.907294,0
3.60934,-0.325945,0.895527,0
3.60943,-0.323966,0.878147,0
3.60952,-0.325343,0.870169,0
3.6096,-0.322051,0.850038,0
3.60969,-0.326473,0.850492,0
3.60978,-0.32257,0.829487,0
3.60986,-0.323254,0.820628,0
3.60995,-0.322014,0.807136,0
3.61004,-0.320289,0.792742,0
3.61013,-0.324123,0.792263,0
3.61021,-0.319923,0.772363,0
3.6103,-0.31981,0.76266,0
3.61039,-0.321181,0.756655,0
3.61048,-0.322506,0.750652,0
3.61056,-0.322189,0.740985,0
3.61065,-0.315753,0.717604,0
3.61074,-0.316441,0.710738,0
3.61082,-0.310914,0.690204,0
3.61091,-0.313923,0.688841,0
3.611,-0.318181,0.690189,0
3.61109,-0.317809,0.681543,0
3.61117,-0.310115,0.657539,0
3.61126,-0.281124,0.589388,0
3.61135,-0.268487,0.556632,0
3.61144,-0.263899,0.541074,0
3.61152,-0.264931,0.537227,0
3.61161,-0.265934,0.533381,0
3.6117,-0.262857,0.5215,0
3.61178,-0.261045,0.512329,0
3.61187,-0.266025,0.516519,0
3.61196,-0.262273,0.503822,0
3.61205,-0.262141,0.498248,0
3.61213,-0.259618,0.48827,0
3.61222,-0.264586,0.492418,0
3.61231,-0.267686,0.493016,0
3.6124,-0.269354,0.490967,0
3.61248,-0.268585,0.484539,0
3.61257,-0.271185,0.484235,0
3.61266,-0.275757,0.487399,0
3.61274,-0.274904,0.480982,0
3.61283,-0.2855,0.4945,0
3.61292,-0.282617,0.484612,0
3.61301,-0.286252,0.485959,0
3.61309,-0.288881,0.485565,0
3.61318,-0.291512,0.485157,0
3.61327,-0.287919,0.474476,0
3.61336,-0.292599,0.477479,0
3.61344,-0.299416,0.48385,0
3.61353,-0.304174,0.48678,0
3.61362,-0.302559,0.479528,0
3.6137,-0.307873,0.483263,0
3.61379,-0.313224,0.486962,0
3.61388,-0.306087,0.471333,0
3.61397,-0.307044,0.46832,0
3.61405,-0.305773,0.461973,0
3.61414,-0.30223,0.45232,0
3.61423,-0.277919,0.412032,0
3.61431,-0.265644,0.39015,0
3.6144,-0.218066,0.317289,0
3.61449,-0.218309,0.314691,0
3.61458,-0.168058,0.240012,0
3.61466,-0.157561,0.222943,0
3.61475,-0.149821,0.210042,0
3.61484,-0.123277,0.171242,0
3.61493,-0.0899311,0.12378,0
3.61501,-0.0804181,0.109676,0
3.6151,-0.0713787,0.0964628,0
3.61519,-0.0759872,0.101759,0
3.61527,-0.0601815,0.0798636,0
3.61536,-0.0623453,0.0819882,0
3.61545,-0.0712251,0.0928223,0
3.61554,-0.0673439,0.0869759,0
3.61562,-0.0615661,0.0788011,0
3.61571,-0.0668621,0.0848142,0
3.6158,-0.0666091,0.0837391,0
3.61589,-0.065722,0.0818879,0
3.61597,-0.0698546,0.0862632,0
3.61606,-0.0676995,0.08286,0
3.61615,-0.0610635,0.074076,0
3.61623,-0.0645833,0.077653,0
3.61632,-0.0629932,0.0750724,0
3.61641,-0.0568589,0.0671645,0
3.6165,-0.068192,0.0798426,0
3.61658,-0.0718036,0.0833322,0
3.61667,-0.0708544,0.0815086,0
3.61676,-0.0672533,0.0766877,0
3.61685,-0.0675872,0.0763935,0
3.61693,-0.061927,0.0693833,0
3.61702,-0.0729352,0.0810028,0
3.61711,-0.0504275,0.0555164,0
3.61719,-0.0553984,0.0604567,0
3.61728,-0.0427644,0.0462623,0
3.61737,-0.0675178,0.072404,0
3.61746,-0.0438517,0.0466157,0
3.61754,-0.0564451,0.0594807,0
3.61763,-0.052555,0.0548997,0
3.61772,-0.0493207,0.0510731,0
3.61781,-0.0397741,0.0408292,0
3.61789,-0.0336436,0.034236,0
3.61798,-0.0422409,0.0426111,0
3.61807,-0.0417193,0.0417193,0
