7200
871
0.750492
0.7662,-0.0643467,-0.0643467,0
0.766287,-0.0570252,-0.057525,0
0.766374,-0.0378491,-0.0385155,0
0.766461,-0.0481475,-0.0494248,0
0.766549,-0.0389009,-0.040283,0
0.766636,-0.0442568,-0.0462313,0
0.766723,-0.0474965,-0.0500508,0
0.76681,-0.0527591,-0.0560846,0
0.766898,-0.0429659,-0.0460753,0
0.766985,-0.0610921,-0.066089,0
0.767072,-0.0655323,-0.0715159,0
0.767159,-0.0524446,-0.057737,0
0.767247,-0.0628983,-0.0698556,0
0.767334,-0.0579317,-0.064907,0
0.767421,-0.0563227,-0.0636612,0
0.767509,-0.0672533,-0.0766877,0
0.767596,-0.066918,-0.0769804,0
0.767683,-0.0476515,-0.0553022,0
0.76777,-0.0655943,-0.076801,0
0.767858,-0.0878729,-0.1038,0
0.767945,-0.10606,-0.126397,0
0.768032,-0.122133,-0.146849,0
0.768119,-0.164108,-0.199079,0
0.768207,-0.195506,-0.239287,0
0.768294,-0.21271,-0.262675,0
0.768381,-0.232218,-0.289337,0
0.768468,-0.102715,-0.12913,0
0.768556,-0.0971978,-0.123295,0
0.768643,-0.0615661,-0.0788011,0
0.76873,-0.0661195,-0.0853945,0
0.768818,-0.336645,-0.438724,0
0.768905,-0.0653718,-0.0859682,0
0.768992,-0.332804,-0.441645,0
0.769079,-0.339848,-0.455112,0
0.769167,-0.340833,-0.46061,0
0.769254,-0.340003,-0.463706,0
0.769341,-0.337977,-0.465185,0
0.769428,-0.281024,-0.390367,0
0.769516,-0.282802,-0.396474,0
0.769603,-0.288573,-0.408321,0
0.76969,-0.294245,-0.420225,0
0.769777,-0.287848,-0.414932,0
0.769865,-0.299629,-0.435963,0
0.769952,-0.299412,-0.439746,0
0.770039,-0.294695,-0.436903,0
0.770127,-0.289452,-0.433196,0
0.770214,-0.291423,-0.440292,0
0.770301,-0.30211,-0.460794,0
0.770388,-0.299007,-0.46043,0
0.770476,-0.292667,-0.455002,0
0.770563,-0.29444,-0.462178,0
0.77065,-0.295622,-0.468533,0
0.770737,-0.306823,-0.49102,0
0.770825,-0.302047,-0.488102,0
0.770912,-0.299392,-0.488563,0
0.770999,-0.29622,-0.488155,0
0.771086,-0.294087,-0.489442,0
0.771174,-0.303708,-0.510487,0
0.771261,-0.30097,-0.510946,0
0.771348,-0.297227,-0.509663,0
0.771436,-0.305,-0.528275,0
0.771523,-0.302692,-0.529601,0
0.77161,-0.302841,-0.535269,0
0.771697,-0.302945,-0.540947,0
0.771785,-0.301552,-0.544013,0
0.771872,-0.304947,-0.555845,0
0.771959,-0.298701,-0.550139,0
0.772046,-0.294878,-0.548795,0
0.772134,-0.299992,-0.564204,0
0.772221,-0.303581,-0.577012,0
0.772308,-0.303369,-0.582766,0
0.772395,-0.302655,-0.58764,0
0.772483,-0.30599,-0.600538,0
0.77257,-0.301566,-0.598296,0
0.772657,-0.298953,-0.599606,0
0.772745,-0.299429,-0.607183,0
0.772832,-0.30423,-0.623763,0
0.772919,-0.307153,-0.636794,0
0.773006,-0.300497,-0.630005,0
0.773094,-0.302011,-0.640354,0
0.773181,-0.301327,-0.646197,0
0.773268,-0.295574,-0.641149,0
0.773355,-0.292359,-0.641523,0
0.773443,-0.290378,-0.644616,0
0.77353,-0.290003,-0.651358,0
0.773617,-0.285547,-0.648956,0
0.773704,-0.273143,-0.628186,0
0.773792,-0.270794,-0.630291,0
0.773879,-0.262181,-0.617659,0
0.773966,-0.266831,-0.636319,0
0.774054,-0.262904,-0.634705,0
0.774141,-0.25218,-0.61641,0
0.774228,-0.244618,-0.605451,0
0.774315,-0.248644,-0.623231,0
0.774403,-0.260216,-0.660596,0
0.77449,-0.272553,-0.70087,0
0.774577,-0.282036,-0.734728,0
0.774664,-0.280953,-0.741562,0
0.774752,-0.266158,-0.711871,0
0.774839,-0.258896,-0.701767,0
0.774926,-0.256857,-0.705709,0
0.775013,-0.260872,-0.726588,0
0.775101,-0.259034,-0.73149,0
0.775188,-0.260126,-0.744886,0
0.775275,-0.255571,-0.742232,0
0.775363,-0.255223,-0.751863,0
0.77545,-0.261142,-0.78047,0
0.775537,-0.256794,-0.778753,0
0.775624,-0.261119,-0.803643,0
0.775712,-0.25883,-0.808584,0
0.775799,-0.261614,-0.829734,0
0.775886,-0.259474,-0.835642,0
0.775973,-0.257579,-0.842504,0
0.776061,-0.259088,-0.860857,0
0.776148,-0.25817,-0.871567,0
0.776235,-0.252406,-0.865965,0
0.776322,-0.242837,-0.846872,0
0.77641,-0.216067,-0.766114,0
0.776497,-0.195084,-0.70345,0
0.776584,-0.195695,-0.717802,0
0.776671,-0.207832,-0.775638,0
0.776759,-0.219976,-0.835528,0
0.776846,-0.218081,-0.843257,0
0.776933,-0.238523,-0.939185,0
0.777021,-0.250147,-1.00329,0
0.777108,-0.249095,-1.01797,0
0.777195,-0.242783,-1.01126,0
0.777282,-0.231722,-0.984086,0
0.77737,-0.213704,-0.925652,0
0.777457,-0.195317,-0.863178,0
0.777544,-0.176615,-0.796658,0
0.777631,-0.170166,-0.783739,0
0.777719,-0.166329,-0.782518,0
0.777806,-0.16047,-0.771488,0
0.777893,-0.154909,-0.761401,0
0.77798,-0.152366,-0.765993,0
0.778068,-0.149213,-0.767632,0
0.778155,-0.145675,-0.767294,0
0.778242,-0.139957,-0.75514,0
0.77833,-0.133458,-0.73803,0
0.778417,-0.127631,-0.723834,0
0.778504,-0.123625,-0.719456,0
0.778591,-0.120815,-0.721961,0
0.778679,-0.115895,-0.711624,0
0.778766,-0.114354,-0.722,0
0.778853,-0.110442,-0.71755,0
0.77894,-0.106571,-0.71308,0
0.779028,-0.103745,-0.715518,0
0.779115,-0.100483,-0.714974,0
0.779202,-0.096823,-0.711442,0
0.779289,-0.094762,-0.719789,0
0.779377,-0.0890965,-0.700355,0
0.779464,-0.0872585,-0.710663,0
0.779551,-0.0836866,-0.707065,0
0.779639,-0.0815063,-0.715372,0
0.779726,-0.0780576,-0.712738,0
0.779813,-0.0760967,-0.724012,0
0.7799,-0.0733377,-0.728317,0
0.779988,-0.0725552,-0.753515,0
0.780075,-0.0742993,-0.808594,0
0.780162,-0.07722,-0.882629,0
0.780249,-0.0756039,-0.909864,0
0.780337,-0.131654,-1.67283,0
0.780424,-0.122057,-1.64247,0
0.780511,-0.10889,-1.5572,0
0.780598,-0.102094,-1.55766,0
0.780686,-0.0563478,-0.921278,0
0.780773,-0.051307,-0.903544,0
0.78086,-0.046265,-0.882789,0
0.780948,-0.0413092,-0.860008,0
0.781035,-0.0372946,-0.854186,0
0.781122,-0.0340775,-0.867331,0
0.781209,-0.0318981,-0.913443,0
0.781297,-0.0265991,-0.870594,0
0.781384,-0.0231404,-0.883697,0
0.781471,-0.0190662,-0.873792,0
0.781558,-0.0152185,-0.871867,0
0.781646,-0.0111785,-0.853927,0
0.781733,-0.00777535,-0.890966,0
0.78182,-0.00378736,-0.867992,0
0.781907,-1.0637e-08,-0.883,0
0.781995,0.00446802,-1.02399,0
0.782082,0.00836874,-0.958963,0
0.782169,0.0135739,-1.03691,0
0.782257,0.02932,-1.67974,0
0.782344,0.0368235,-1.6876,0
0.782431,0.044684,-1.70642,0
0.782518,0.0528316,-1.72919,0
0.782606,0.0608996,-1.74394,0
0.782693,0.0680372,-1.73166,0
0.78278,0.0748508,-1.71437,0
0.782867,0.0822825,-1.71302,0
0.782955,0.0886047,-1.69068,0
0.783042,0.0947903,-1.66931,0
0.783129,0.156773,-2.56321,0
0.783216,0.167563,-2.55651,0
0.783304,0.179274,-2.56374,0
0.783391,0.191422,-2.5759,0
0.783478,0.203444,-2.58501,0
0.783566,0.215053,-2.58808,0
0.783653,0.224426,-2.5652,0
0.78374,0.235068,-2.55822,0
0.783827,0.243544,-2.5293,0
0.783915,0.254578,-2.52821,0
0.784002,0.266234,-2.53305,0
0.784089,0.277719,-2.53584,0
0.784176,0.288329,-2.53063,0
0.784264,0.299955,-2.53431,0
0.784351,0.30967,-2.52206,0
0.784438,0.320419,-2.5187,0
0.784525,0.331406,-2.51728,0
0.784613,0.342926,-2.51977,0
0.7847,0.357814,-2.54598,0
0.784787,0.367772,-2.53648,0
0.784875,0.376027,-2.51606,0
0.784962,0.380765,-2.47387,0
0.785049,0.393902,-2.487,0
0.785136,0.404589,-2.48427,0
0.785224,0.416085,-2.48643,0
0.785311,0.425575,-2.4767,0
0.785398,0.438288,-2.48565,0
0.785485,0.446994,-2.47191,0
0.785573,0.458687,-2.47485,0
0.78566,0.470414,-2.47774,0
0.785747,0.481983,-2.47959,0
0.785834,0.492408,-2.4755,0
0.785922,0.503803,-2.47627,0
0.786009,0.513992,-2.47111,0
0.786096,0.524561,-2.46787,0
0.786184,0.533415,-2.45676,0
0.786271,0.545428,-2.46027,0
0.786358,0.560571,-2.47737,0
0.786445,0.571376,-2.4749,0
0.786533,0.583315,-2.47725,0
0.78662,0.593418,-2.47176,0
0.786707,0.602771,-2.46332,0
0.786794,0.614965,-2.46649,0
0.786882,0.628922,-2.47639,0
0.786969,0.641474,-2.48039,0
0.787056,0.649744,-2.4679,0
0.787143,0.660765,-2.46601,0
0.787231,0.669414,-2.45538,0
0.787318,0.679854,-2.45148,0
0.787405,0.69543,-2.46581,0
0.787493,0.709766,-2.47525,0
0.78758,0.718321,-2.46445,0
0.787667,0.728215,-2.45841,0
0.787754,0.744411,-2.47341,0
0.787842,0.751103,-2.45675,0
0.787929,0.762705,-2.45631,0
0.788016,0.77552,-2.45964,0
0.788103,0.786245,-2.45623,0
0.788191,0.798191,-2.45658,0
0.788278,0.811094,-2.45972,0
0.788365,0.825944,-2.46849,0
0.788452,0.836385,-2.46391,0
0.78854,0.851686,-2.47348,0
0.788627,0.859833,-2.46218,0
0.788714,0.873239,-2.46595,0
0.788802,0.883314,-2.46023,0
0.788889,0.897803,-2.46669,0
0.788976,0.905442,-2.45431,0
0.789063,0.921045,-2.46345,0
0.789151,0.931077,-2.45754,0
0.789238,0.941074,-2.45158,0
0.789325,0.960098,-2.46889,0
0.789412,0.968663,-2.45909,0
0.7895,0.983089,-2.46413,0
0.789587,0.99046,-2.45147,0
0.789674,0.998875,-2.44158,0
0.789761,1.01985,-2.46214,0
0.789849,1.02942,-2.4549,0
0.789936,1.03974,-2.44946,0
0.790023,1.05357,-2.45225,0
0.790111,1.06745,-2.45497,0
0.790198,1.07654,-2.44663,0
0.790285,1.09005,-2.4483,0
0.790372,1.10401,-2.45082,0
0.79046,1.12257,-2.46327,0
0.790547,1.12954,-2.45017,0
0.790634,1.1398,-2.44431,0
0.790721,1.15429,-2.44746,0
0.790809,1.16841,-2.44962,0
0.790896,1.18951,-2.46611,0
0.790983,1.19851,-2.4573,0
0.79107,1.20966,-2.45295,0
0.791158,1.22392,-2.4548,0
0.791245,1.23507,-2.45033,0
0.791332,1.24484,-2.44314,0
0.79142,1.26419,-2.45458,0
0.791507,1.28181,-2.46234,0
0.791594,1.29487,-2.46115,0
0.791681,1.30748,-2.45901,0
0.791769,1.32104,-2.45857,0
0.791856,1.33986,-2.46772,0
0.791943,1.34677,-2.45483,0
0.79203,1.36522,-2.46293,0
0.792118,1.37009,-2.44648,0
0.792205,1.38174,-2.44222,0
0.792292,1.39834,-2.44658,0
0.792379,1.4175,-2.45518,0
0.792467,1.39193,-2.38678,0
0.792554,1.39979,-2.37637,0
0.792641,1.41168,-2.37282,0
0.792729,1.42305,-2.36835,0
0.792816,1.43441,-2.36383,0
0.792903,1.4515,-2.36863,0
0.79299,1.44972,-2.34272,0
0.793078,1.47371,-2.35842,0
0.793165,1.48665,-2.3562,0
0.793252,1.59685,-2.50656,0
0.793339,1.65268,-2.56937,0
0.793427,1.85014,-2.84896,0
0.793514,1.862,-2.84003,0
0.793601,1.65581,-2.50166,0
0.793688,1.79449,-2.68565,0
0.793776,1.84869,-2.7408,0
0.793863,1.81167,-2.66079,0
0.79395,1.82723,-2.65863,0
0.794038,1.84337,-2.65721,0
0.794125,1.85839,-2.65405,0
0.794212,1.8763,-2.6549,0
0.794299,1.88845,-2.6475,0
0.794387,1.91225,-2.65628,0
0.794474,1.92794,-2.65358,0
0.794561,1.94777,-2.65643,0
0.794648,1.95697,-2.64469,0
0.794736,1.97507,-2.64494,0
0.794823,2.00103,-2.65546,0
0.79491,2.01805,-2.65387,0
0.794997,2.03813,-2.65615,0
0.795085,2.0497,-2.64723,0
0.795172,2.06801,-2.64693,0
0.795259,2.08263,-2.64181,0
0.795347,2.11406,-2.65774,0
0.795434,2.12313,-2.64537,0
0.795521,2.14724,-2.65162,0
0.795608,2.16702,-2.65229,0
0.795696,2.18366,-2.64899,0
0.795783,2.20095,-2.64635,0
0.79587,2.23176,-2.65971,0
0.795957,2.24076,-2.64689,0
0.796045,2.25813,-2.64393,0
0.796132,2.26899,-2.6333,0
0.796219,2.27062,-2.61205,0
0.796306,2.26815,-2.58633,0
0.796394,2.26086,-2.55544,0
0.796481,2.27265,-2.54629,0
0.796568,2.26768,-2.51852,0
0.796656,2.26184,-2.49009,0
0.796743,2.05042,-2.23764,0
0.79683,2.02011,-2.18534,0
0.796917,2.01531,-2.16115,0
0.797005,2.0117,-2.1385,0
0.797092,2.01344,-2.12172,0
0.797179,2.00885,-2.09847,0
0.797266,2.01798,-2.08968,0
0.797354,2.01382,-2.06725,0
0.797441,2.00881,-2.04418,0
0.797528,2.00996,-2.02758,0
0.797615,2.01243,-2.01243,0
0.797703,2.01196,-1.99447,0
0.79779,2.01279,-1.97797,0
0.797877,2.00206,-1.95032,0
0.797965,2.01343,-1.94435,0
0.798052,2.00889,-1.9231,0
0.798139,2.01146,-1.90881,0
0.798226,2.00885,-1.88973,0
0.798314,2.00757,-1.87209,0
0.798401,2.00764,-1.85584,0
0.798488,2.01572,-1.84706,0
0.798575,2.00895,-1.8248,0
0.798663,2.01095,-1.81067,0
0.79875,2.00242,-1.78723,0
0.798837,2.0057,-1.7745,0
0.798924,2.01117,-1.76375,0
0.799012,2.00074,-1.73921,0
0.799099,2.00679,-1.72916,0
0.799186,2.00671,-1.71389,0
0.799274,2.01035,-1.70189,0
0.799361,1.99784,-1.67639,0
0.799448,2.00437,-1.66702,0
0.799535,2.00545,-1.65317,0
0.799623,1.99948,-1.63365,0
0.79971,1.9996,-1.61924,0
0.799797,2.0043,-1.60862,0
0.799884,2.00817,-1.59737,0
0.799972,2.00491,-1.58055,0
0.800059,1.99367,-1.55762,0
0.800146,1.99491,-1.54462,0
0.800233,1.99846,-1.53347,0
0.800321,1.99399,-1.51626,0
0.800408,1.99898,-1.50634,0
0.800495,1.98551,-1.48265,0
0.800583,1.99196,-1.47397,0
0.80067,2.00079,-1.46704,0
0.800757,2.00394,-1.45594,0
0.800844,1.99728,-1.43784,0
0.800932,1.99295,-1.42156,0
0.801019,1.99261,-1.40823,0
0.801106,1.99545,-1.39723,0
0.801193,1.99578,-1.38452,0
0.801281,1.99686,-1.3724,0
0.801368,1.99539,-1.35861,0
0.801455,1.99881,-1.34821,0
0.801542,1.9922,-1.33115,0
0.80163,1.98965,-1.31692,0
0.801717,1.99036,-1.30494,0
0.801804,1.99687,-1.29679,0
0.801892,1.98906,-1.2794,0
0.801979,1.99799,-1.27286,0
0.802066,1.99084,-1.25613,0
0.802153,1.9997,-1.24955,0
0.802241,1.99152,-1.23239,0
0.802328,2.00029,-1.22578,0
0.802415,1.99365,-1.20978,0
0.802502,1.99549,-1.19901,0
0.80259,1.98953,-1.18364,0
0.802677,1.99295,-1.17394,0
0.802764,1.99719,-1.16473,0
0.802851,1.99532,-1.152,0
0.802939,1.99078,-1.13782,0
0.803026,1.9966,-1.12962,0
0.803113,2.00063,-1.12041,0
0.803201,1.99501,-1.10585,0
0.803288,1.98666,-1.08992,0
0.803375,1.99931,-1.08554,0
0.803462,1.99962,-1.07444,0
0.80355,1.99634,-1.06148,0
0.803637,1.98768,-1.04577,0
0.803724,1.98957,-1.0357,0
0.803811,1.98962,-1.02472,0
0.803899,2.00298,-1.02057,0
0.803986,1.99134,-1.00372,0
0.804073,1.99302,-0.993683,0
0.80416,1.99464,-0.98365,0
0.804248,1.98633,-0.9688,0
0.804335,1.98784,-0.958821,0
0.804422,1.98569,-0.947124,0
0.804509,1.99704,-0.941864,0
0.804597,1.99569,-0.930605,0
0.804684,1.98793,-0.916446,0
0.804771,1.98645,-0.905275,0
0.804859,1.98308,-0.893314,0
0.804946,1.99153,-0.886686,0
0.805033,1.99538,-0.877988,0
0.80512,1.99461,-0.867279,0
0.805208,1.9901,-0.855015,0
0.805295,1.98369,-0.842026,0
0.805382,1.98827,-0.833749,0
0.805469,1.99096,-0.824683,0
0.805557,1.99547,-0.816366,0
0.805644,2.00086,-0.808401,0
0.805731,1.98951,-0.793734,0
0.805818,1.99482,-0.785779,0
0.805906,1.99543,-0.77598,0
0.805993,2.0128,-0.772641,0
0.80608,1.99277,-0.754994,0
0.806168,1.98762,-0.74314,0
0.806255,1.98521,-0.732384,0
0.806342,1.98651,-0.723031,0
0.806429,1.98776,-0.71368,0
0.806517,1.9918,-0.705334,0
0.806604,1.99297,-0.695977,0
0.806691,1.9837,-0.683042,0
0.806778,1.99329,-0.67663,0
0.806866,1.98769,-0.665071,0
0.806953,1.98962,-0.656078,0
0.80704,1.99151,-0.647082,0
0.807127,1.99717,-0.6393,0
0.807215,1.98755,-0.626671,0
0.807302,1.98549,-0.61651,0
0.807389,1.98433,-0.606671,0
0.807477,1.986,-0.597719,0
0.807564,1.98955,-0.589332,0
0.807651,1.98826,-0.579526,0
0.807738,1.98885,-0.570294,0
0.807826,1.98939,-0.561067,0
0.807913,1.99664,-0.553718,0
0.808,1.98939,-0.54237,0
0.808087,1.98691,-0.532391,0
0.808175,1.98438,-0.522443,0
0.808262,1.98954,-0.514531,0
0.808349,1.98692,-0.504614,0
0.808436,1.98037,-0.493763,0
0.808524,1.99125,-0.487256,0
0.808611,1.9885,-0.477396,0
0.808698,2.00711,-0.472611,0
0.808786,1.98089,-0.457326,0
0.808873,1.98677,-0.449561,0
0.80896,1.98969,-0.441104,0
0.809047,1.98671,-0.431357,0
0.809135,1.98564,-0.422061,0
0.809222,1.98159,-0.412171,0
0.809309,1.98631,-0.404119,0
0.809396,1.98217,-0.394278,0
0.809484,1.98583,-0.386007,0
0.809571,1.9816,-0.376219,0
0.809658,1.98814,-0.36848,0
0.809745,1.99465,-0.360692,0
0.809833,1.98537,-0.350075,0
0.80992,1.98787,-0.341578,0
0.810007,1.98539,-0.332241,0
0.810095,1.99275,-0.324539,0
0.810182,1.97933,-0.313495,0
0.810269,1.98562,-0.305616,0
0.810356,1.98594,-0.296801,0
0.810444,1.98821,-0.288277,0
0.810531,1.98252,-0.278625,0
0.810618,1.98669,-0.270376,0
0.810705,1.98686,-0.261575,0
0.810793,1.99095,-0.253281,0
0.81088,1.98013,-0.243129,0
0.810967,1.9772,-0.234017,0
0.811054,1.9792,-0.225501,0
0.811142,1.97221,-0.215992,0
0.811229,1.9781,-0.207907,0
0.811316,1.98297,-0.199675,0
0.811404,1.99179,-0.191787,0
0.811491,1.97966,-0.181905,0
0.811578,1.97944,-0.173179,0
0.811665,1.98516,-0.164954,0
0.811753,1.98187,-0.155977,0
0.81184,1.97356,-0.146661,0
0.811927,1.98316,-0.138676,0
0.812014,1.98075,-0.129825,0
0.812102,1.97531,-0.120815,0
0.812189,1.97682,-0.112252,0
0.812276,1.96231,-0.10284,0
0.812363,1.98072,-0.0951407,0
0.812451,1.97112,-0.0860611,0
0.812538,1.97548,-0.0776167,0
0.812625,1.9718,-0.0688568,0
0.812713,1.97008,-0.0601915,0
0.8128,1.95933,-0.0513069,0
0.812887,1.97153,-0.043019,0
0.812974,1.9737,-0.0344511,0
0.813062,1.97683,-0.0258782,0
0.813149,1.97492,-0.017235,0
0.813236,1.96998,-0.00859577,0
0.813323,1.951,-4.72423e-08,0
0.813411,1.92298,0.0083906,0
0.813498,1.81993,0.0158823,0
0.813585,1.69385,0.0221737,0
0.813672,1.66575,0.0290757,0
0.81376,1.6696,0.0364308,0
0.813847,1.67643,0.0438987,0
0.813934,1.66822,0.0509687,0
0.814022,1.65999,0.057968,0
0.814109,1.65272,0.0649357,0
0.814196,1.66342,0.0726262,0
0.814283,1.65909,0.0796916,0
0.814371,1.65972,0.0869823,0
0.814458,1.65533,0.0939966,0
0.814545,1.66988,0.102134,0
0.814632,1.66144,0.108896,0
0.81472,1.66793,0.116633,0
0.814807,1.67339,0.124354,0
0.814894,1.66884,0.13134,0
0.814981,1.67124,0.138869,0
0.815069,1.68457,0.14738,0
0.815156,1.71378,0.157474,0
0.815243,1.78674,0.172043,0
0.815331,1.72329,0.173526,0
0.815418,1.69367,0.178012,0
0.815505,1.68194,0.184203,0
0.815592,1.70497,0.194257,0
0.81568,1.74184,0.206161,0
0.815767,1.89973,0.233258,0
0.815854,1.97211,0.250884,0
0.815941,1.98487,0.261313,0
0.816029,1.97876,0.269297,0
0.816116,1.98153,0.278485,0
0.816203,1.97732,0.286698,0
0.81629,1.98298,0.296358,0
0.816378,1.97969,0.304703,0
0.816465,1.97735,0.313182,0
0.816552,1.96807,0.320521,0
0.81664,1.96665,0.329105,0
0.816727,1.97703,0.339715,0
0.816814,1.98045,0.349206,0
0.816901,1.97399,0.356955,0
0.816989,1.97438,0.365929,0
0.817076,1.97374,0.374727,0
0.817163,1.97111,0.383144,0
0.81725,1.97628,0.393107,0
0.817338,1.97651,0.402125,0
0.817425,1.97376,0.410542,0
0.817512,1.97195,0.41915,0
0.817599,1.97401,0.428599,0
0.817687,1.97407,0.437641,0
0.817774,1.9819,0.448457,0
0.817861,1.977,0.456426,0
0.817949,1.97888,0.465964,0
0.818036,1.96905,0.472727,0
0.818123,1.97668,0.483691,0
0.81821,1.9697,0.491101,0
0.818298,1.97723,0.502153,0
0.818385,1.97405,0.510525,0
0.818472,1.96794,0.518115,0
0.818559,1.97822,0.530061,0
0.818647,1.97299,0.537899,0
0.818734,1.97833,0.54864,0
0.818821,1.97592,0.557267,0
0.818908,1.97539,0.566435,0
0.818996,1.97386,0.575328,0
0.819083,1.97517,0.585072,0
0.81917,1.97164,0.593396,0
0.819258,1.97286,0.603163,0
0.819345,1.97212,0.612358,0
0.819432,1.97419,0.622461,0
0.819519,1.97527,0.632288,0
0.819607,1.97725,0.642446,0
0.819694,1.97822,0.65232,0
0.819781,1.97631,0.661263,0
0.819868,1.96867,0.668273,0
0.819956,1.9733,0.679461,0
0.820043,1.97787,0.690702,0
0.82013,1.97955,0.700994,0
0.820217,1.98588,0.713004,0
0.820305,1.97899,0.720294,0
0.820392,1.97677,0.729269,0
0.820479,1.97825,0.739638,0
0.820567,1.98623,0.752514,0
0.820654,1.97452,0.757948,0
0.820741,1.97958,0.769818,0
0.820828,1.97435,0.777716,0
0.820916,1.98208,0.79077,0
0.821003,1.97397,0.797537,0
0.82109,1.98066,0.810308,0
0.821177,1.97248,0.817029,0
0.821265,1.99472,0.836456,0
0.821352,1.98553,0.842807,0
0.821439,1.97724,0.849489,0
0.821526,1.9836,0.862494,0
0.821614,1.98348,0.872752,0
0.821701,1.97691,0.880178,0
0.821788,1.96941,0.887153,0
0.821876,1.98099,0.902787,0
0.821963,1.97884,0.912259,0
0.82205,1.96488,0.916236,0
0.822137,1.969,0.92864,0
0.822225,1.97666,0.942819,0
0.822312,1.98154,0.95578,0
0.822399,1.97555,0.96354,0
0.822486,1.97491,0.97392,0
0.822574,1.97602,0.985205,0
0.822661,1.97884,0.997418,0
0.822748,1.9718,1.00468,0
0.822835,1.97451,1.01694,0
0.822923,1.97094,1.02601,0
0.82301,1.97087,1.03692,0
0.823097,1.96721,1.04598,0
0.823185,1.9732,1.06024,0
0.823272,1.96767,1.06836,0
0.823359,1.96913,1.0803,0
0.823446,1.96177,1.08743,0
0.823534,1.97795,1.1077,0
0.823621,1.967,1.11288,0
0.823708,1.963,1.12195,0
0.823795,1.96761,1.136,0
0.823883,1.97473,1.15163,0
0.82397,1.96624,1.1582,0
0.824057,1.96976,1.17188,0
0.824144,1.96634,1.1815,0
0.824232,1.9757,1.19888,0
0.824319,1.96875,1.20645,0
0.824406,1.96261,1.2145,0
0.824494,1.97171,1.23206,0
0.824581,1.96209,1.23799,0
0.824668,1.97101,1.25567,0
0.824755,1.96214,1.26209,0
0.824843,1.97171,1.28045,0
0.82493,1.96778,1.29013,0
0.825017,1.96047,1.2976,0
0.825104,1.96643,1.31392,0
0.825192,1.97477,1.332,0
0.825279,1.96646,1.33891,0
0.825366,1.96884,1.35314,0
0.825453,1.97113,1.36742,0
0.825541,1.97006,1.37945,0
0.825628,1.96566,1.38919,0
0.825715,1.96202,1.39949,0
0.825803,1.96888,1.41739,0
0.82589,1.96834,1.43008,0
0.825977,1.96289,1.43925,0
0.826064,1.96865,1.45672,0
0.826152,1.96948,1.47068,0
0.826239,1.96704,1.48227,0
0.826326,1.96931,1.4975,0
0.826413,1.96593,1.50851,0
0.826501,1.96328,1.52014,0
0.826588,1.95742,1.5293,0
0.826675,1.96094,1.54588,0
0.826762,1.96591,1.56376,0
0.82685,1.96531,1.57733,0
0.826937,1.96385,1.59029,0
0.827024,1.96076,1.60201,0
0.827112,1.96301,1.61818,0
0.827199,1.96132,1.63121,0
0.827286,1.95954,1.64425,0
0.827373,1.9554,1.65537,0
0.827461,1.95728,1.67168,0
0.827548,1.95982,1.68869,0
0.827635,1.95772,1.70182,0
0.827722,1.96155,1.72023,0
0.82781,1.96152,1.7354,0
0.827897,1.9584,1.74794,0
0.827984,1.96116,1.76584,0
0.828071,1.95862,1.77908,0
0.828159,1.96411,1.79977,0
0.828246,1.95624,1.80833,0
0.828333,1.95491,1.82298,0
0.828421,1.96077,1.84451,0
0.828508,1.96214,1.862,0
0.828595,1.95616,1.87262,0
0.828682,1.96452,1.89711,0
0.82877,1.96052,1.90985,0
0.828857,1.96001,1.9261,0
0.828944,1.95869,1.94167,0
0.829031,1.96505,1.96505,0
0.829119,1.96491,1.98213,0
0.829206,1.95694,1.9914,0
0.829293,1.9587,2.01066,0
0.82938,1.96588,2.03573,0
0.829468,1.96459,2.05224,0
0.829555,1.96319,2.06877,0
0.829642,1.96442,2.08824,0
0.82973,1.96825,2.11069,0
0.829817,1.96716,2.12807,0
0.829904,1.97002,2.1499,0
0.829991,1.96735,2.16588,0
0.830079,1.9639,2.18113,0
0.830166,1.96968,2.20684,0
0.830253,1.96864,2.22515,0
0.83034,1.96617,2.24199,0
0.830428,1.96555,2.26111,0
0.830515,1.96481,2.28027,0
0.830602,1.96783,2.30403,0
0.830689,1.96292,2.3187,0
0.830777,1.96822,2.34563,0
0.830864,1.95924,2.35573,0
0.830951,1.96675,2.38586,0
0.831039,1.96518,2.40526,0
0.831126,1.96726,2.42936,0
0.831213,1.96603,2.44962,0
0.8313,1.9659,2.47148,0
0.831388,1.9681,2.49652,0
0.831475,1.9695,2.52085,0
0.831562,1.96644,2.53969,0
0.831649,1.97239,2.57046,0
0.831737,1.97568,2.59815,0
0.831824,1.9902,2.64109,0
0.831911,2.0008,2.67939,0
0.831998,2.00991,2.71623,0
0.832086,1.99863,2.72578,0
0.832173,1.99024,2.73933,0
0.83226,1.98119,2.75205,0
0.832347,1.96916,2.76067,0
0.832435,1.96403,2.77903,0
0.832522,1.96335,2.80396,0
0.832609,1.96934,2.83879,0
0.832697,1.9643,2.85807,0
0.832784,1.96869,2.89141,0
0.832871,1.97004,2.9207,0
0.832958,1.96839,2.9459,0
0.833046,1.96931,2.9753,0
0.833133,1.96947,3.00394,0
0.83322,1.96833,3.03096,0
0.833307,1.96861,3.06054,0
0.833395,1.97028,3.09272,0
0.833482,1.96744,3.1182,0
0.833569,1.96812,3.14965,0
0.833656,1.95173,3.15396,0
0.833744,1.93429,3.15647,0
0.833831,1.90909,3.14608,0
0.833918,1.89277,3.15009,0
0.834006,1.87491,3.15144,0
0.834093,1.85759,3.15356,0
0.83418,1.84079,3.15645,0
0.834267,1.821,3.15406,0
0.834355,1.80176,3.15243,0
0.834442,1.78307,3.15156,0
0.834529,1.76539,3.15233,0
0.834616,1.74483,3.14776,0
0.834704,1.72915,3.15183,0
0.834791,1.70393,3.13826,0
0.834878,1.6888,3.14302,0
0.834965,1.66569,3.1327,0
0.835053,1.65433,3.14436,0
0.83514,1.64475,3.15953,0
0.835227,1.6282,3.16135,0
0.835315,1.61212,3.16396,0
0.835402,1.59605,3.1665,0
0.835489,1.57909,3.16717,0
0.835576,1.55553,3.1543,0
0.835664,1.54482,3.16735,0
0.835751,1.52447,3.16055,0
0.835838,1.50808,3.16176,0
0.835925,1.48787,3.15474,0
0.836013,1.47367,3.1603,0
0.8361,1.45861,3.16397,0
0.836187,1.44272,3.16576,0
0.836274,1.42314,3.15926,0
0.836362,1.40446,3.15447,0
0.836449,1.38948,3.15782,0
0.836536,1.37289,3.15744,0
0.836624,1.35516,3.15421,0
0.836711,1.33708,3.14997,0
0.836798,1.32216,3.153,0
0.836885,1.3061,3.1532,0
0.836973,1.28627,3.14406,0
0.83706,1.27291,3.15057,0
0.837147,1.25508,3.14588,0
0.837234,1.23658,3.13923,0
0.837322,1.2196,3.13621,0
0.837409,1.20304,3.13403,0
0.837496,1.19254,3.14767,0
0.837583,1.1746,3.1416,0
0.837671,1.15776,3.13825,0
0.837758,1.13995,3.132,0
0.837845,1.12526,3.13412,0
0.837933,1.11358,3.14465,0
0.83802,1.09622,3.1391,0
0.838107,1.08121,3.14007,0
0.838194,1.06429,3.13529,0
0.838282,1.04869,3.13421,0
0.838369,1.03156,3.12831,0
0.838456,1.01728,3.13088,0
0.838543,1.00331,3.13433,0
0.838631,0.984812,3.12342,0
0.838718,0.971174,3.12769,0
0.838805,0.953717,3.11947,0
0.838892,0.940096,3.1236,0
0.83898,0.92305,3.11616,0
0.839067,0.914201,3.13648,0
0.839154,0.898578,3.13371,0
0.839242,0.882182,3.12798,0
0.839329,0.867456,3.12794,0
0.839416,0.851432,3.12302,0
0.839503,0.836762,3.12284,0
0.839591,0.820582,3.11679,0
0.839678,0.809729,3.13099,0
0.839765,0.794337,3.12771,0
0.839852,0.782376,3.13794,0
0.83994,0.76416,3.12286,0
0.840027,0.750293,3.1252,0
0.840114,0.736421,3.12747,0
0.840201,0.721643,3.12578,0
0.840289,0.706894,3.12402,0
0.840376,0.691958,3.12122,0
0.840463,0.676423,3.11541,0
0.840551,0.661575,3.11247,0
0.840638,0.648192,3.1163,0
0.840725,0.633193,3.11224,0
0.840812,0.620192,3.11792,0
0.8409,0.605055,3.11274,0
0.840987,0.591841,3.11732,0
0.841074,0.577322,3.11495,0
0.841161,0.56248,3.11055,0
0.841249,0.548728,3.11199,0
0.841336,0.532943,3.10154,0
0.841423,0.520065,3.10779,0
0.84151,0.506339,3.10904,0
0.841598,0.493238,3.11418,0
0.841685,0.478276,3.10741,0
0.841772,0.465008,3.11144,0
0.84186,0.450997,3.11047,0
0.841947,0.436586,3.10647,0
0.842034,0.423162,3.10934,0
0.842121,0.409069,3.10719,0
0.842209,0.39475,3.10299,0
0.842296,0.381939,3.11064,0
0.842383,0.368832,3.11625,0
0.84247,0.353647,3.10392,0
0.842558,0.339774,3.10245,0
0.842645,0.326652,3.10788,0
0.842732,0.312386,3.10231,0
0.842819,0.299422,3.10962,0
0.842907,0.284936,3.10094,0
0.842994,0.271142,3.09916,0
0.843081,0.257368,3.09733,0
0.843169,0.244322,3.1044,0
0.843256,0.230848,3.10643,0
0.843343,0.216943,3.10242,0
0.84343,0.203273,3.10135,0
0.843518,0.189373,3.09621,0
0.843605,0.176541,3.10899,0
0.843692,0.161771,3.08676,0
0.843779,0.14878,3.09743,0
0.843867,0.135307,3.09905,0
0.843954,0.121941,3.10361,0
0.844041,0.108258,3.10011,0
0.844128,0.0945168,3.09356,0
0.844216,0.0813581,3.10694,0
0.844303,0.0677353,3.10426,0
0.84439,0.05412,3.10053,0
0.844478,0.0405386,3.09673,0
0.844565,0.0269913,3.09288,0
0.844652,0.0135046,3.09497,0
0.844739,1.1224e-07,3.085,0
0.844827,-0.0135,3.09397,0
0.844914,-0.0269562,3.08888,0
0.845001,-0.0404991,3.09373,0
0.845088,-0.0538406,3.08453,0
0.845176,-0.0673861,3.08826,0
0.845263,-0.0809128,3.08994,0
0.84535,-0.0943028,3.08656,0
0.845437,-0.108084,3.09511,0
0.845525,-0.121234,3.08562,0
0.845612,-0.135046,3.09305,0
0.845699,-0.1483,3.08744,0
0.845787,-0.16198,3.09076,0
0.845874,-0.174897,3.08004,0
0.845961,-0.188457,3.08124,0
0.846048,-0.202292,3.08638,0
0.846136,-0.216245,3.09245,0
0.846223,-0.229069,3.0825,0
0.84631,-0.242438,3.08047,0
0.846397,-0.255794,3.07839,0
0.846485,-0.269137,3.07625,0
0.846572,-0.283106,3.08102,0
0.846659,-0.296355,3.07776,0
0.846746,-0.310483,3.08341,0
0.846834,-0.323202,3.07506,0
0.846921,-0.336725,3.07462,0
0.847008,-0.35059,3.07709,0
0.847096,-0.365894,3.09142,0
0.847183,-0.377185,3.07193,0
0.84727,-0.391469,3.0772,0
0.847357,-0.404239,3.0705,0
0.847445,-0.419251,3.0806,0
0.847532,-0.433107,3.08171,0
0.847619,-0.445975,3.07584,0
0.847706,-0.4588,3.06991,0
0.847794,-0.47356,3.07677,0
0.847881,-0.487763,3.07961,0
0.847968,-0.500713,3.07449,0
0.848055,-0.514948,3.07721,0
0.848143,-0.527862,3.07198,0
0.84823,-0.54074,3.06669,0
0.848317,-0.55465,3.06726,0
0.848405,-0.569304,3.07169,0
0.848492,-0.582514,3.06819,0
0.848579,-0.597423,3.07347,0
0.848666,-0.612584,3.07967,0
0.848754,-0.625018,3.07206,0
0.848841,-0.64086,3.08106,0
0.848928,-0.653258,3.07334,0
0.849015,-0.667511,3.07437,0
0.849103,-0.681785,3.07533,0
0.84919,-0.6963,3.0772,0
0.849277,-0.709046,3.07121,0
0.849364,-0.723815,3.07393,0
0.849452,-0.740255,3.08338,0
0.849539,-0.75085,3.06847,0
0.849626,-0.764957,3.06807,0
0.849714,-0.778337,3.06471,0
0.849801,-0.796459,3.07968,0
0.849888,-0.809125,3.07327,0
0.849975,-0.825374,3.08034,0
0.850063,-0.842226,3.08925,0
0.85015,-0.854895,3.08265,0
0.850237,-0.869152,3.08178,0
0.850324,-0.883693,3.08181,0
0.850412,-0.898811,3.08368,0
0.850499,-0.913677,3.08452,0
0.850586,-0.924533,3.07189,0
0.850673,-0.938513,3.06974,0
0.850761,-0.957533,3.08376,0
0.850848,-0.968273,3.07097,0
0.850935,-0.983797,3.07338,0
0.851023,-0.99967,3.07667,0
0.85111,-1.01716,3.08462,0
0.851197,-1.03092,3.0811,0
0.851284,-1.04757,3.08605,0
0.851372,-1.06168,3.08334,0
0.851459,-1.08007,3.09284,0
0.851546,-1.09489,3.09186,0
0.851633,-1.10904,3.08894,0
0.851721,-1.11499,3.0634,0
0.851808,-1.11657,3.02661,0
0.851895,-1.11541,2.9833,0
0.851982,-1.11141,2.93352,0
0.85207,-1.11452,2.90343,0
0.852157,-1.11413,2.86499,0
0.852244,-1.116,2.83312,0
0.852332,-1.11353,2.79107,0
0.852419,-1.11595,2.76208,0
0.852506,-1.11398,2.72294,0
0.852593,-1.11744,2.69773,0
0.852681,-1.11411,2.65686,0
0.852768,-1.11632,2.62988,0
0.852855,-1.11357,2.59191,0
0.852942,-1.1141,2.56227,0
0.85303,-1.11158,2.52626,0
0.853117,-1.11364,2.50129,0
0.853204,-1.11058,2.4654,0
0.853291,-1.11138,2.4387,0
0.853379,-1.1061,2.39931,0
0.853466,-1.11233,2.3854,0
0.853553,-1.10823,2.34977,0
0.853641,-1.10857,2.32416,0
0.853728,-1.10827,2.29768,0
0.853815,-1.10908,2.27395,0
0.853902,-1.1097,2.25025,0
0.85399,-1.10345,2.21317,0
0.854077,-1.10769,2.19762,0
0.854164,-1.10547,2.1696,0
0.854251,-1.10897,2.1532,0
0.854339,-1.10589,2.12439,0
0.854426,-1.10677,2.10362,0
0.854513,-1.10138,2.0714,0
0.8546,-1.10378,2.05424,0
0.854688,-1.10892,2.04237,0
0.854775,-1.10098,2.00683,0
0.854862,-1.09858,1.98189,0
0.85495,-1.10282,1.96922,0
0.855037,-1.10845,1.95917,0
0.855124,-1.10309,1.93001,0
0.855211,-1.102,1.90872,0
0.855299,-1.09974,1.88575,0
0.855386,-1.09933,1.86629,0
0.855473,-1.09979,1.84858,0
0.85556,-1.09755,1.82662,0
0.855648,-1.09357,1.80215,0
0.855735,-1.09881,1.7931,0
0.855822,-1.09716,1.77298,0
0.855909,-1.09799,1.75716,0
0.855997,-1.09818,1.74051,0
0.856084,-1.09717,1.72221,0
0.856171,-1.09818,1.70731,0
0.856259,-1.09854,1.6916,0
0.856346,-1.09604,1.67174,0
0.856433,-1.09615,1.6561,0
0.85652,-1.09281,1.6355,0
0.856608,-1.09099,1.61745,0
0.856695,-1.09916,1.61433,0
0.856782,-1.09486,1.59304,0
0.856869,-1.0961,1.58003,0
0.856957,-1.09438,1.56294,0
0.857044,-1.09542,1.54999,0
0.857131,-1.09695,1.53786,0
0.857218,-1.09372,1.51927,0
0.857306,-1.09504,1.5072,0
0.857393,-1.09806,1.49757,0
0.85748,-1.09447,1.4791,0
0.857568,-1.09015,1.45988,0
0.857655,-1.0947,1.45272,0
0.857742,-1.09256,1.43678,0
0.857829,-1.09881,1.432,0
0.857917,-1.09342,1.41217,0
0.858004,-1.09341,1.39951,0
0.858091,-1.09518,1.38923,0
0.858178,-1.095,1.37661,0
0.858266,-1.09411,1.36324,0
0.858353,-1.08872,1.34446,0
0.85844,-1.09585,1.34125,0
0.858527,-1.09914,1.33337,0
0.858615,-1.09728,1.31933,0
0.858702,-1.09467,1.30457,0
0.858789,-1.09906,1.29826,0
0.858877,-1.09497,1.28204,0
0.858964,-0.051568,0.0598476,0
0.859051,-0.0393635,0.0452826,0
0.859138,-0.0494509,0.056388,0
0.859226,-0.0689125,0.0778914,0
0.859313,-0.0512729,0.0574464,0
0.8594,-0.0762809,0.0847185,0
0.859487,-0.0524446,0.057737,0
0.859575,-0.0533716,0.0582449,0
0.859662,-0.0543041,0.0587458,0
0.859749,-0.0436479,0.0468066,0
0.859836,-0.0500184,0.0531711,0
0.859924,-0.0351061,0.0369941,0
0.860011,-0.0484059,0.0505655,0
0.860098,-0.0646032,0.0668986,0
0.860185,-0.0334939,0.0343825,0
0.860273,-0.0350455,0.0356625,0
0.86036,-0.0246405,0.0248565,0
