7200
2686
2.33874
2.35445,-0.0537401,-0.0537401,0
2.35454,-0.048577,-0.0490028,0
2.35462,-0.0763991,-0.0777443,0
2.35471,-0.0809437,-0.083091,0
2.3548,-0.0736338,-0.07625,0
2.35489,-0.0961203,-0.100409,0
2.35497,-0.145243,-0.153054,0
2.35506,-0.15074,-0.160242,0
2.35515,-0.167772,-0.179913,0
2.35523,-0.175809,-0.19019,0
2.35532,-0.183761,-0.200539,0
2.35541,-0.205744,-0.226507,0
2.3555,-0.202747,-0.225173,0
2.35558,-0.217077,-0.243215,0
2.35567,-0.220652,-0.249402,0
2.35576,-0.218903,-0.249611,0
2.35585,-0.232245,-0.267167,0
2.35593,-0.228466,-0.265148,0
2.35602,-0.233801,-0.273746,0
2.35611,-0.221621,-0.261789,0
2.35619,-0.225618,-0.268882,0
2.35628,-0.224443,-0.269863,0
2.35637,-0.218811,-0.265439,0
2.35646,-0.220181,-0.269489,0
2.35654,-0.223409,-0.275887,0
2.35663,-0.22721,-0.283098,0
2.35672,-0.230953,-0.290348,0
2.35681,-0.23216,-0.294494,0
2.35689,-0.227795,-0.291564,0
2.35698,-0.224684,-0.290183,0
2.35707,-0.218545,-0.284814,0
2.35715,-0.224564,-0.295317,0
2.35724,-0.231097,-0.306676,0
2.35733,-0.225568,-0.302073,0
2.35742,-0.223059,-0.301446,0
2.3575,-0.225289,-0.307255,0
2.35759,-0.229236,-0.315517,0
2.35768,-0.22961,-0.318949,0
2.35777,-0.226474,-0.317505,0
2.35785,-0.222201,-0.314407,0
2.35794,-0.221401,-0.316193,0
2.35803,-0.218879,-0.315512,0
2.35811,-0.226562,-0.32965,0
2.3582,-0.226248,-0.332289,0
2.35829,-0.228151,-0.338247,0
2.35838,-0.223339,-0.334251,0
2.35846,-0.224086,-0.338558,0
2.35855,-0.209996,-0.320298,0
2.35864,-0.215677,-0.332114,0
2.35873,-0.223422,-0.347349,0
2.35881,-0.222442,-0.349164,0
2.3589,-0.211311,-0.334908,0
2.35899,-0.227865,-0.364661,0
2.35907,-0.233639,-0.377556,0
2.35916,-0.240349,-0.392214,0
2.35925,-0.242786,-0.400099,0
2.35934,-0.26885,-0.447441,0
2.35942,-0.283256,-0.476111,0
2.35951,-0.297925,-0.505776,0
2.3596,-0.299746,-0.513982,0
2.35969,-0.299,-0.517883,0
2.35977,-0.295249,-0.516578,0
2.35986,-0.299394,-0.529176,0
2.35995,-0.29073,-0.519135,0
2.36003,-0.289916,-0.523023,0
2.36012,-0.287631,-0.524283,0
2.36021,-0.289158,-0.532563,0
2.3603,-0.291092,-0.541748,0
2.36038,-0.288725,-0.543013,0
2.36047,-0.290543,-0.552232,0
2.36056,-0.286746,-0.550834,0
2.36064,-0.288003,-0.559192,0
2.36073,-0.286922,-0.563116,0
2.36082,-0.291664,-0.57865,0
2.36091,-0.284228,-0.570073,0
2.36099,-0.294564,-0.597317,0
2.36108,-0.292394,-0.599496,0
2.36117,-0.292816,-0.607071,0
2.36126,-0.288873,-0.605635,0
2.36134,-0.29092,-0.616838,0
2.36143,-0.290761,-0.62354,0
2.36152,-0.290969,-0.631159,0
2.3616,-0.289041,-0.634243,0
2.36169,-0.2912,-0.646439,0
2.36178,-0.284309,-0.638568,0
2.36187,-0.286353,-0.650786,0
2.36195,-0.287897,-0.662117,0
2.36204,-0.287374,-0.66888,0
2.36213,-0.289141,-0.681174,0
2.36222,-0.286166,-0.682429,0
2.3623,-0.285482,-0.689214,0
2.36239,-0.288152,-0.704336,0
2.36248,-0.287698,-0.712077,0
2.36256,-0.290517,-0.728187,0
2.36265,-0.287337,-0.729447,0
2.36274,-0.283427,-0.72883,0
2.36283,-0.285261,-0.74313,0
2.36291,-0.290519,-0.766811,0
2.363,-0.295575,-0.790551,0
2.36309,-0.293161,-0.794648,0
2.36318,-0.574594,-1.57868,0
2.36326,-0.562969,-1.568,0
2.36335,-0.554787,-1.56667,0
2.36344,-0.550913,-1.57757,0
2.36352,-0.541094,-1.57145,0
2.36361,-0.535197,-1.57664,0
2.3637,-0.520062,-1.5543,0
2.36379,-0.46129,-1.39891,0
2.36387,-0.410993,-1.26491,0
2.36396,-0.397543,-1.24192,0
2.36405,-0.389414,-1.23506,0
2.36414,-0.381649,-1.22911,0
2.36422,-0.38096,-1.24607,0
2.36431,-0.377537,-1.25442,0
2.3644,-0.375184,-1.2666,0
2.36448,-0.369094,-1.26631,0
2.36457,-0.373764,-1.30347,0
2.36466,-0.392774,-1.39267,0
2.36475,-0.414754,-1.49555,0
2.36483,-0.419535,-1.53884,0
2.36492,-0.410746,-1.53292,0
2.36501,-0.401253,-1.52406,0
2.3651,-0.399606,-1.54516,0
2.36518,-0.391138,-1.54011,0
2.36527,-0.383204,-1.53695,0
2.36536,-0.375306,-1.53375,0
2.36544,-0.370945,-1.5451,0
2.36553,-0.361907,-1.53697,0
2.36562,-0.356997,-1.54633,0
2.36571,-0.346495,-1.53129,0
2.36579,-0.340892,-1.53767,0
2.36588,-0.335877,-1.54696,0
2.36597,-0.330995,-1.55721,0
2.36606,-0.31931,-1.53514,0
2.36614,-0.31859,-1.56592,0
2.36623,-0.303561,-1.5261,0
2.36632,-0.30186,-1.55293,0
2.3664,-0.297506,-1.56701,0
2.36649,-0.290119,-1.56534,0
2.36658,-0.281863,-1.55872,0
2.36667,-0.276101,-1.56584,0
2.36675,-0.27079,-1.5759,0
2.36684,-0.261105,-1.5603,0
2.36693,-0.253652,-1.55748,0
2.36702,-0.251077,-1.58524,0
2.3671,-0.240963,-1.56556,0
2.36719,-0.236347,-1.58144,0
2.36728,-0.225857,-1.55771,0
2.36736,-0.222259,-1.58146,0
2.36745,-0.215222,-1.58142,0
2.36754,-0.209886,-1.59424,0
2.36763,-0.200909,-1.57927,0
2.36771,-0.193529,-1.57616,0
2.3678,-0.18712,-1.58097,0
2.36789,-0.179427,-1.57481,0
2.36798,-0.172227,-1.5726,0
2.36806,-0.165991,-1.5793,0
2.36815,-0.158297,-1.57205,0
2.36824,-0.153545,-1.59462,0
2.36832,-0.147775,-1.60822,0
2.36841,-0.141192,-1.61384,0
2.3685,-0.134149,-1.61444,0
2.36859,-0.12883,-1.63694,0
2.36867,-0.119908,-1.61355,0
2.36876,-0.113285,-1.62004,0
2.36885,-0.106803,-1.6295,0
2.36894,-0.0977387,-1.59801,0
2.36902,-0.0923526,-1.62638,0
2.36911,-0.085988,-1.64075,0
2.3692,-0.0787801,-1.64011,0
2.36928,-0.0724518,-1.65942,0
2.36937,-0.0648572,-1.65073,0
2.36946,-0.0594339,-1.70196,0
2.36955,-0.0525568,-1.7202,0
2.36963,-0.0451029,-1.72241,0
2.36972,-0.0392886,-1.80057,0
2.36981,-0.0318681,-1.82572,0
2.3699,-0.0237969,-1.81784,0
2.36998,-0.0158561,-1.81693,0
2.37007,-0.00792816,-1.81698,0
2.37016,-2.19245e-08,-1.82,0
2.37024,0.00791502,-1.81398,0
2.37033,0.0158474,-1.81593,0
2.37042,0.0237314,-1.81284,0
2.37051,0.0317634,-1.81972,0
2.37059,0.0396158,-1.81557,0
2.37068,0.0479561,-1.83137,0
2.37077,0.055916,-1.83015,0
2.37086,0.0639708,-1.83188,0
2.37094,0.0719632,-1.83159,0
2.37103,0.0800416,-1.83325,0
2.37112,0.087704,-1.82589,0
2.3712,0.0960365,-1.83249,0
2.37129,0.103408,-1.82107,0
2.37138,0.111658,-1.82559,0
2.37147,0.120603,-1.84005,0
2.37155,0.128561,-1.83851,0
2.37164,0.135767,-1.82696,0
2.37173,0.144757,-1.83931,0
2.37182,0.152201,-1.83169,0
2.3719,0.160628,-1.83599,0
2.37199,0.167905,-1.8273,0
2.37208,0.176356,-1.83153,0
2.37216,0.184747,-1.83472,0
2.37225,0.192541,-1.83191,0
2.37234,0.200315,-1.82906,0
2.37243,0.208973,-1.83413,0
2.37251,0.217914,-1.84115,0
2.3726,0.226677,-1.84614,0
2.37269,0.234478,-1.84315,0
2.37277,0.240038,-1.82327,0
2.37286,0.248935,-1.82914,0
2.37295,0.258305,-1.83794,0
2.37304,0.26747,-1.84471,0
2.37312,0.275812,-1.8455,0
2.37321,0.282797,-1.83736,0
2.3733,0.291437,-1.84006,0
2.37339,0.300106,-1.84272,0
2.37347,0.308639,-1.84435,0
2.37356,0.316514,-1.842,0
2.37365,0.324548,-1.84061,0
2.37373,0.331865,-1.83524,0
2.37382,0.339323,-1.83082,0
2.37391,0.3488,-1.83718,0
2.374,0.357004,-1.83662,0
2.37408,0.364039,-1.83015,0
2.37417,0.373017,-1.83344,0
2.37426,0.381014,-1.83179,0
2.37435,0.389834,-1.83403,0
2.37443,0.398682,-1.83622,0
2.37452,0.406474,-1.83348,0
2.37461,0.41469,-1.83267,0
2.37469,0.424483,-1.83864,0
2.37478,0.430438,-1.82801,0
2.37487,0.439578,-1.83097,0
2.37496,0.446136,-1.82321,0
2.37504,0.456507,-1.83095,0
2.37513,0.464491,-1.82894,0
2.37522,0.473719,-1.83174,0
2.37531,0.481452,-1.82868,0
2.37539,0.489168,-1.8256,0
2.37548,0.499496,-1.83213,0
2.37557,0.505348,-1.82223,0
2.37565,0.515465,-1.8277,0
2.37574,0.524262,-1.82832,0
2.37583,0.532235,-1.82601,0
2.37592,0.539913,-1.82272,0
2.376,0.54959,-1.82609,0
2.37609,0.554629,-1.81411,0
2.37618,0.569063,-1.83268,0
2.37627,0.576152,-1.82732,0
2.37635,0.583815,-1.82384,0
2.37644,0.593313,-1.82603,0
2.37653,0.604719,-1.83387,0
2.37661,0.60859,-1.81888,0
2.3767,0.61845,-1.82189,0
2.37679,0.62737,-1.82201,0
2.37688,0.637622,-1.82587,0
2.37696,0.64358,-1.81741,0
2.37705,0.653531,-1.82023,0
2.37714,0.662835,-1.82112,0
2.37723,0.674236,-1.8276,0
2.37731,0.682904,-1.82651,0
2.3774,0.69193,-1.82632,0
2.37749,0.699893,-1.82328,0
2.37757,0.705667,-1.81462,0
2.37766,0.712112,-1.8078,0
2.37775,0.721846,-1.80932,0
2.37784,0.735353,-1.82006,0
2.37792,0.742151,-1.81406,0
2.37801,0.748911,-1.80803,0
2.3781,0.752153,-1.79368,0
2.37819,0.762316,-1.7959,0
2.37827,0.773698,-1.80083,0
2.37836,0.781548,-1.79744,0
2.37845,0.7918,-1.7995,0
2.37853,0.800051,-1.79694,0
2.37862,0.816098,-1.81167,0
2.37871,0.823995,-1.80809,0
2.3788,0.838575,-1.81901,0
2.37888,0.844814,-1.81171,0
2.37897,0.854417,-1.81162,0
2.37906,0.863605,-1.81059,0
2.37915,0.872801,-1.8095,0
2.37923,0.881126,-1.80658,0
2.37932,0.889443,-1.80361,0
2.37941,0.903104,-1.81135,0
2.37949,0.91505,-1.81543,0
2.37958,0.927503,-1.82033,0
2.37967,0.939099,-1.82337,0
2.37976,0.959975,-1.8441,0
2.37984,0.984775,-1.87175,0
2.37993,1.01922,-1.91688,0
2.38002,1.05787,-1.96879,0
2.38011,1.05309,-1.93955,0
2.38019,1.05769,-1.92792,0
2.38028,1.05785,-1.90842,0
2.38037,1.05884,-1.8907,0
2.38045,1.0725,-1.89563,0
2.38054,1.0748,-1.88052,0
2.38063,1.0865,-1.88187,0
2.38072,1.09017,-1.86934,0
2.3808,1.09679,-1.86198,0
2.38089,1.10235,-1.85288,0
2.38098,1.11403,-1.85405,0
2.38107,1.12626,-1.85601,0
2.38115,1.14375,-1.86643,0
2.38124,1.15925,-1.87333,0
2.38133,1.20875,-1.9344,0
2.38141,1.38313,-2.19213,0
2.3815,1.41578,-2.22234,0
2.38159,1.43412,-2.22959,0
2.38168,1.44547,-2.22583,0
2.38176,1.4623,-2.23038,0
2.38185,1.46981,-2.22064,0
2.38194,1.49059,-2.23083,0
2.38203,1.49584,-2.21768,0
2.38211,1.51563,-2.22601,0
2.3822,1.52873,-2.22432,0
2.38229,1.54412,-2.22584,0
2.38237,1.55554,-2.22154,0
2.38246,1.57099,-2.2229,0
2.38255,1.58474,-2.22172,0
2.38264,1.60318,-2.22696,0
2.38272,1.61288,-2.21994,0
2.38281,1.63261,-2.22659,0
2.3829,1.64409,-2.22186,0
2.38299,1.66574,-2.23069,0
2.38307,1.67726,-2.2258,0
2.38316,1.69119,-2.22403,0
2.38325,1.70331,-2.2198,0
2.38333,1.72462,-2.22737,0
2.38342,1.7374,-2.22377,0
2.38351,1.7508,-2.22088,0
2.3836,1.7723,-2.22809,0
2.38368,1.78388,-2.22267,0
2.38377,1.79608,-2.21797,0
2.38386,1.8108,-2.21631,0
2.38395,1.82364,-2.21225,0
2.38403,1.83967,-2.21196,0
2.38412,1.8583,-2.21463,0
2.38421,1.88797,-2.23017,0
2.38429,1.90093,-2.22571,0
2.38438,1.91128,-2.21815,0
2.38447,1.93013,-2.22036,0
2.38456,1.94375,-2.21642,0
2.38464,1.96003,-2.21541,0
2.38473,1.97833,-2.21654,0
2.38482,2.00204,-2.22349,0
2.38491,2.01576,-2.21917,0
2.38499,2.03488,-2.22068,0
2.38508,2.04251,-2.20958,0
2.38517,2.04668,-2.19479,0
2.38525,2.04253,-2.17127,0
2.38534,2.03959,-2.14928,0
2.38543,2.04204,-2.13314,0
2.38552,2.03952,-2.11198,0
2.3856,2.04313,-2.09733,0
2.38569,2.02843,-2.06415,0
2.38578,2.03671,-2.05457,0
2.38586,2.03717,-2.03717,0
2.38595,2.03823,-2.02052,0
2.38604,2.0292,-1.99409,0
2.38613,2.03,-1.97754,0
2.38621,2.03357,-1.9638,0
2.3863,2.02551,-1.939,0
2.38639,2.02742,-1.92395,0
2.38648,2.0256,-1.90549,0
2.38656,2.02877,-1.89186,0
2.38665,2.026,-1.87281,0
2.38674,2.02678,-1.8572,0
2.38682,2.0245,-1.83892,0
2.38691,2.02507,-1.82338,0
2.387,2.02704,-1.8092,0
2.38709,2.02068,-1.78775,0
2.38717,2.01944,-1.771,0
2.38726,2.01583,-1.75233,0
2.38735,2.02724,-1.74679,0
2.38744,2.01964,-1.72493,0
2.38752,2.01799,-1.70835,0
2.38761,2.01853,-1.69375,0
2.3877,2.0159,-1.67661,0
2.38778,2.01625,-1.66207,0
2.38787,2.02426,-1.65389,0
2.38796,2.01903,-1.63497,0
2.38805,2.02458,-1.6249,0
2.38813,2.02461,-1.61045,0
2.38822,2.02926,-1.59974,0
2.38831,2.03228,-1.58779,0
2.3884,2.0471,-1.58503,0
2.38848,2.06193,-1.58217,0
2.38857,2.05528,-1.56287,0
2.38866,2.05729,-1.55028,0
2.38874,2.0464,-1.52812,0
2.38883,2.05385,-1.51977,0
2.38892,2.0524,-1.50488,0
2.38901,2.05976,-1.4965,0
2.38909,2.06789,-1.48867,0
2.38918,2.08332,-1.48602,0
2.38927,2.0808,-1.47057,0
2.38936,2.09703,-1.46836,0
2.38944,2.10835,-1.46261,0
2.38953,2.11141,-1.45113,0
2.38962,2.09871,-1.42896,0
2.3897,2.07674,-1.40078,0
2.38979,2.10112,-1.40393,0
2.38988,2.11473,-1.39971,0
2.38997,2.10995,-1.38334,0
2.39005,2.10842,-1.36922,0
2.39014,2.0925,-1.34594,0
2.39023,2.0798,-1.32498,0
2.39032,2.0788,-1.31162,0
2.3904,2.06076,-1.2877,0
2.39049,2.08081,-1.28765,0
2.39058,2.10346,-1.289,0
2.39066,2.10565,-1.27774,0
2.39075,2.11377,-1.27008,0
2.39084,2.11242,-1.25676,0
2.39093,2.11185,-1.24398,0
2.39101,2.10776,-1.22921,0
2.3911,2.07153,-1.196,0
2.39119,2.07152,-1.18397,0
2.39128,2.07232,-1.17246,0
2.39136,2.05822,-1.15266,0
2.39145,2.05623,-1.13979,0
2.39154,2.0419,-1.12022,0
2.39162,2.0371,-1.10605,0
2.39171,2.03574,-1.09384,0
2.3918,2.02195,-1.07509,0
2.39189,2.01335,-1.05927,0
2.39197,2.01263,-1.04771,0
2.39206,2.0154,-1.038,0
2.39215,2.01902,-1.02874,0
2.39224,2.01545,-1.01587,0
2.39232,2.00376,-0.999037,0
2.39241,2.01527,-0.993823,0
2.3925,2.016,-0.983267,0
2.39258,2.01306,-0.970985,0
2.39267,2.01006,-0.958748,0
2.39276,2.01332,-0.949542,0
2.39285,2.00657,-0.935677,0
2.39293,2.01063,-0.926913,0
2.39302,2.00737,-0.914813,0
2.39311,2.00132,-0.901528,0
2.3932,1.99701,-0.889126,0
2.39328,1.99813,-0.879196,0
2.39337,2.00469,-0.871666,0
2.39346,2.00848,-0.86291,0
2.39354,1.99934,-0.848668,0
2.39363,2.0021,-0.83955,0
2.39372,1.99188,-0.825065,0
2.39381,2.0075,-0.821289,0
2.39389,1.99994,-0.808026,0
2.39398,2.00344,-0.799292,0
2.39407,2.00691,-0.790543,0
2.39416,1.9945,-0.775617,0
2.39424,1.99133,-0.764399,0
2.39433,1.99371,-0.755349,0
2.39442,1.99792,-0.746992,0
2.3945,1.99835,-0.737229,0
2.39459,1.99591,-0.726451,0
2.39468,1.99153,-0.715032,0
2.39477,1.99557,-0.706669,0
2.39485,1.99297,-0.695977,0
2.39494,1.99599,-0.687274,0
2.39503,1.99613,-0.677594,0
2.39512,2.00001,-0.669196,0
2.3952,1.98772,-0.655452,0
2.39529,1.98581,-0.645228,0
2.39538,1.99527,-0.638691,0
2.39546,1.99422,-0.628776,0
2.39555,1.99981,-0.620958,0
2.39564,1.99103,-0.608718,0
2.39573,1.98696,-0.598007,0
2.39581,1.99818,-0.591888,0
2.3959,1.98922,-0.579806,0
2.39599,1.99846,-0.57305,0
2.39608,1.98555,-0.559982,0
2.39616,1.99182,-0.552382,0
2.39625,1.9865,-0.541581,0
2.39634,1.99174,-0.533685,0
2.39642,1.99211,-0.52448,0
2.39651,1.98083,-0.512278,0
2.3966,1.98886,-0.505107,0
2.39669,1.98037,-0.493763,0
2.39677,1.98834,-0.486543,0
2.39686,1.99141,-0.478096,0
2.39695,1.99932,-0.470778,0
2.39704,1.99064,-0.459575,0
2.39712,1.98872,-0.450002,0
2.39721,1.98774,-0.440671,0
2.3973,1.98378,-0.430721,0
2.39738,1.98466,-0.421853,0
2.39747,1.99432,-0.414818,0
2.39756,1.99905,-0.406711,0
2.39765,1.99197,-0.396228,0
2.39773,1.99565,-0.387915,0
2.39782,1.99634,-0.379017,0
2.39791,1.99601,-0.369938,0
2.39799,1.9976,-0.361225,0
2.39808,1.99621,-0.351985,0
2.39817,1.98984,-0.341917,0
2.39826,1.99427,-0.333726,0
2.39834,1.99077,-0.324218,0
2.39843,1.99908,-0.316623,0
2.39852,1.99155,-0.306529,0
2.39861,1.98594,-0.296801,0
2.39869,1.98029,-0.287129,0
2.39878,1.98252,-0.278625,0
2.39887,1.97678,-0.269028,0
2.39895,1.97793,-0.2604,0
2.39904,1.96119,-0.249495,0
2.39913,1.95829,-0.240448,0
2.39922,1.91861,-0.227082,0
2.3993,1.75167,-0.199577,0
2.39939,1.70083,-0.186271,0
2.39948,1.69964,-0.178639,0
2.39957,1.70438,-0.171622,0
2.39965,1.70113,-0.1638,0
2.39974,1.70283,-0.156468,0
2.39983,1.69752,-0.148513,0
2.39991,1.70413,-0.141602,0
2.4,1.69775,-0.133616,0
2.40009,1.70131,-0.126429,0
2.40018,1.70583,-0.119284,0
2.40026,1.69137,-0.110858,0
2.40035,1.69184,-0.103477,0
2.40044,1.69627,-0.0963211,0
2.40053,1.70566,-0.0893899,0
2.40061,1.70703,-0.0819947,0
2.4007,1.69538,-0.0740221,0
2.40079,1.70468,-0.0669773,0
2.40087,1.70496,-0.0595386,0
2.40096,1.69721,-0.0518544,0
2.40105,1.69042,-0.0442653,0
2.40114,1.6926,-0.0369326,0
2.40122,1.69474,-0.0295819,0
2.40131,1.69385,-0.0221738,0
2.4014,1.69194,-0.0147653,0
2.40149,1.68798,-0.00736531,0
2.40157,1.69,-4.09223e-08,0
2.40166,1.68898,0.00736959,0
2.40175,1.68094,0.0146693,0
2.40183,1.67986,0.0219905,0
2.40192,1.67974,0.02932,0
2.40201,1.71159,0.037347,0
2.4021,1.87236,0.0490294,0
2.40218,1.95009,0.0595806,0
2.40227,1.93982,0.0677399,0
2.40236,1.77863,0.0698824,0
2.40245,1.69938,0.0741965,0
2.40253,1.67906,0.0806512,0
2.40262,1.6747,0.0877674,0
2.40271,1.67231,0.0949604,0
2.40279,1.67587,0.1025,0
2.40288,1.66642,0.109223,0
2.40297,1.67192,0.116912,0
2.40306,1.67837,0.124725,0
2.40314,1.67682,0.131968,0
2.40323,1.6842,0.139946,0
2.40332,1.70947,0.149559,0
2.40341,1.76656,0.162324,0
2.40349,1.89723,0.182682,0
2.40358,1.91432,0.192762,0
2.40367,1.74737,0.183656,0
2.40375,1.7058,0.186816,0
2.40384,1.69205,0.192785,0
2.40393,1.70013,0.201224,0
2.40402,1.69825,0.208518,0
2.4041,1.69534,0.215674,0
2.40419,1.69636,0.22333,0
2.40428,1.69934,0.231269,0
2.40437,1.70425,0.239517,0
2.40445,1.69527,0.245803,0
2.40454,1.69616,0.253493,0
2.40463,1.69801,0.261348,0
2.40471,1.69784,0.268911,0
2.4048,1.69961,0.276799,0
2.40489,1.69049,0.282892,0
2.40498,1.6853,0.289588,0
2.40506,1.68205,0.296591,0
2.40515,1.69747,0.306953,0
2.40524,1.69415,0.313992,0
2.40533,1.6849,0.319889,0
2.40541,1.69723,0.329909,0
2.4055,1.69185,0.336531,0
2.40559,1.69037,0.34391,0
2.40567,1.68494,0.350467,0
2.40576,1.70002,0.36135,0
2.40585,1.77758,0.385951,0
2.40594,1.94381,0.430931,0
2.40602,1.95751,0.44294,0
2.40611,1.96433,0.453501,0
2.4062,1.96817,0.463443,0
2.40629,1.97391,0.473894,0
2.40637,1.97668,0.483691,0
2.40646,1.98717,0.495456,0
2.40655,1.98111,0.503137,0
2.40663,1.98277,0.512778,0
2.40672,1.98244,0.521934,0
2.40681,1.98015,0.530579,0
2.4069,1.9836,0.540792,0
2.40698,1.97448,0.547571,0
2.40707,1.97881,0.558082,0
2.40716,1.9802,0.567813,0
2.40725,1.97674,0.576168,0
2.40733,1.9675,0.582799,0
2.40742,1.97164,0.593396,0
2.40751,1.9719,0.60287,0
2.40759,1.97498,0.613248,0
2.40768,1.9761,0.623062,0
2.40777,1.97813,0.633203,0
2.40786,1.98105,0.643682,0
2.40794,1.97347,0.650754,0
2.40803,1.97156,0.659676,0
2.40812,1.9753,0.670523,0
2.40821,1.96952,0.678158,0
2.40829,1.97975,0.691361,0
2.40838,1.97672,0.699993,0
2.40847,1.97459,0.708949,0
2.40855,1.97054,0.717216,0
2.40864,1.9702,0.726846,0
2.40873,1.98106,0.740689,0
2.40882,1.96939,0.746137,0
2.4089,1.96519,0.754364,0
2.40899,1.97026,0.766194,0
2.40908,1.97155,0.776616,0
2.40917,1.97001,0.785952,0
2.40925,1.97397,0.797537,0
2.40934,1.97233,0.8069,0
2.40943,1.97525,0.818177,0
2.40951,1.96429,0.823694,0
2.4096,1.97264,0.837337,0
2.40969,1.97448,0.848304,0
2.40978,1.96343,0.853722,0
2.40986,1.96792,0.865905,0
2.40995,1.97691,0.880178,0
2.41004,1.9767,0.890438,0
2.41013,1.96916,0.897396,0
2.41021,1.97703,0.911422,0
2.4103,1.97122,0.919195,0
2.41039,1.97171,0.92992,0
2.41047,1.95951,0.93464,0
2.41056,1.96442,0.947525,0
2.41065,1.96746,0.959594,0
2.41074,1.97133,0.97215,0
2.41082,1.97423,0.984312,0
2.41091,1.97616,0.996068,0
2.411,1.96556,1.0015,0
2.41108,1.97362,1.01648,0
2.41117,1.9736,1.02739,0
2.41126,1.97264,1.03785,0
2.41135,1.96368,1.0441,0
2.41143,1.95822,1.05219,0
2.41152,1.96504,1.06693,0
2.41161,1.96299,1.07693,0
2.4117,1.96877,1.09131,0
2.41178,1.96137,1.09842,0
2.41187,1.96439,1.1114,0
2.41196,1.96994,1.12592,0
2.41204,1.96415,1.134,0
2.41213,1.96004,1.14306,0
2.41222,1.96538,1.15769,0
2.41231,1.96546,1.16933,0
2.41239,1.96463,1.18047,0
2.41248,1.95946,1.18903,0
2.41257,1.96448,1.20384,0
2.41266,1.96346,1.21503,0
2.41274,1.96238,1.22623,0
2.41283,1.95617,1.23425,0
2.41292,1.96173,1.24976,0
2.413,1.96467,1.26372,0
2.41309,1.9541,1.26901,0
2.41318,1.95189,1.27972,0
2.41327,1.96213,1.29871,0
2.41335,1.96476,1.31281,0
2.41344,1.95819,1.32081,0
2.41353,1.95654,1.33216,0
2.41362,1.95812,1.34578,0
2.4137,1.95716,1.35773,0
2.41379,1.95777,1.37085,0
2.41388,1.95422,1.38111,0
2.41396,1.95551,1.39485,0
2.41405,1.95914,1.41038,0
2.41414,1.95782,1.42244,0
2.41423,1.96127,1.43806,0
2.41431,1.95739,1.44839,0
2.4144,1.95105,1.45692,0
2.41449,1.95666,1.47445,0
2.41458,1.95976,1.49023,0
2.41466,1.95562,1.5006,0
2.41475,1.95458,1.5134,0
2.41484,1.95899,1.53053,0
2.41492,1.95937,1.54464,0
2.41501,1.96043,1.5594,0
2.4151,1.95595,1.56982,0
2.41519,1.96152,1.5884,0
2.41527,1.95844,1.60011,0
2.41536,1.95453,1.61119,0
2.41545,1.96208,1.63185,0
2.41554,1.95801,1.64297,0
2.41562,1.95616,1.65602,0
2.41571,1.95424,1.66908,0
2.4158,1.94846,1.6789,0
2.41588,1.95243,1.69722,0
2.41597,1.95779,1.71694,0
2.41606,1.95852,1.73275,0
2.41615,1.9584,1.74794,0
2.41623,1.95373,1.75914,0
2.41632,1.95418,1.77505,0
2.41641,1.956,1.79234,0
2.4165,1.95109,1.80357,0
2.41658,1.95125,1.81957,0
2.41667,1.95713,1.84109,0
2.41676,1.95779,1.85787,0
2.41684,1.95255,1.86916,0
2.41693,1.95445,1.88739,0
2.41702,1.95479,1.90427,0
2.41711,1.9593,1.9254,0
2.41719,1.95301,1.93604,0
2.41728,1.95303,1.95303,0
2.41737,1.95082,1.96792,0
2.41746,1.95133,1.98569,0
2.41754,1.95312,2.00493,0
2.41763,1.95894,2.02854,0
2.41772,1.95283,2.03996,0
2.4178,1.95837,2.06369,0
2.41789,1.95688,2.08023,0
2.41798,1.95324,2.0946,0
2.41807,1.95291,2.11265,0
2.41815,1.95516,2.13368,0
2.41824,1.95457,2.15181,0
2.41833,1.95855,2.17518,0
2.41842,1.96901,2.20609,0
2.4185,1.96467,2.22065,0
2.41859,1.96089,2.23597,0
2.41868,1.9544,2.24828,0
2.41876,1.95175,2.26512,0
2.41885,1.94185,2.27361,0
2.41894,1.92157,2.26985,0
2.41903,1.90458,2.26979,0
2.41911,1.88826,2.27039,0
2.4192,1.87071,2.26935,0
2.41929,1.85446,2.26974,0
2.41938,1.83699,2.26849,0
2.41946,1.81831,2.26556,0
2.41955,1.80156,2.26487,0
2.41964,1.78732,2.26721,0
2.41972,1.7688,2.26395,0
2.41981,1.754,2.26533,0
2.4199,1.73862,2.26582,0
2.41999,1.72327,2.26622,0
2.42007,1.70374,2.26094,0
2.42016,1.68967,2.26274,0
2.42025,1.67681,2.26607,0
2.42034,1.66217,2.26692,0
2.42042,1.64227,2.26039,0
2.42051,1.62129,2.25212,0
2.4206,1.61261,2.2608,0
2.42068,1.59754,2.26046,0
2.42077,1.58307,2.26086,0
2.42086,1.56407,2.2546,0
2.42095,1.55422,2.2614,0
2.42103,1.53702,2.25742,0
2.42112,1.52436,2.25996,0
2.42121,1.50671,2.25495,0
2.4213,1.4952,2.259,0
2.42138,1.48478,2.26466,0
2.42147,1.46562,2.25686,0
2.42156,1.44927,2.25314,0
2.42164,1.43459,2.25186,0
2.42173,1.42102,2.25217,0
2.42182,1.41276,2.2609,0
2.42191,1.39605,2.25598,0
2.42199,1.38096,2.25353,0
2.42208,1.36334,2.24671,0
2.42217,1.34734,2.24235,0
2.42226,1.33499,2.24391,0
2.42234,1.32721,2.25316,0
2.42243,1.31233,2.25029,0
2.42252,1.3015,2.25426,0
2.4226,1.28818,2.25384,0
2.42269,1.27735,2.2577,0
2.42278,1.26113,2.25191,0
2.42287,1.24935,2.25389,0
2.42295,1.23614,2.25319,0
2.42304,1.21914,2.24538,0
2.42313,1.20886,2.24979,0
2.42321,1.19668,2.25063,0
2.4233,1.18592,2.25406,0
2.42339,1.1733,2.25389,0
2.42348,1.15842,2.24921,0
2.42356,1.14496,2.24712,0
2.42365,1.1347,2.2512,0
2.42374,1.12353,2.25344,0
2.42383,1.10572,2.24218,0
2.42391,1.09198,2.2389,0
2.424,1.0822,2.24364,0
2.42409,1.07111,2.24563,0
2.42417,1.05917,2.24576,0
2.42426,1.04809,2.24764,0
2.42435,1.03451,2.24402,0
2.42444,1.02263,2.24396,0
2.42452,1.01119,2.24476,0
2.42461,1.0022,2.25098,0
2.4247,0.991562,2.2535,0
2.42479,0.976935,2.2468,0
2.42487,0.963965,2.24369,0
2.42496,0.953384,2.24603,0
2.42505,0.941255,2.24464,0
2.42513,0.931069,2.2478,0
2.42522,0.919359,2.24721,0
2.42531,0.910669,2.25398,0
2.4254,0.896008,2.24586,0
2.42548,0.882901,2.24138,0
2.42557,0.870939,2.23961,0
2.42566,0.859366,2.23873,0
2.42575,0.853133,2.25181,0
2.42583,0.839097,2.24427,0
2.42592,0.828604,2.24603,0
2.42601,0.815718,2.24117,0
2.42609,0.807283,2.24847,0
2.42618,0.795462,2.24631,0
2.42627,0.784994,2.24788,0
2.42636,0.772248,2.24277,0
2.42644,0.760204,2.23949,0
2.42653,0.749791,2.24089,0
2.42662,0.740319,2.24509,0
2.42671,0.728662,2.24259,0
2.42679,0.716736,2.23908,0
2.42688,0.703952,2.23265,0
2.42697,0.695094,2.23857,0
2.42705,0.685904,2.24349,0
2.42714,0.67265,2.23497,0
2.42723,0.662324,2.23597,0
2.42732,0.650323,2.23116,0
2.4274,0.641959,2.23878,0
2.42749,0.631371,2.23867,0
2.42758,0.621864,2.24237,0
2.42767,0.609443,2.23541,0
2.42775,0.598907,2.23515,0
2.42784,0.590931,2.24451,0
2.42793,0.578378,2.23642,0
2.42801,0.566891,2.23214,0
2.4281,0.557146,2.23459,0
2.42819,0.547153,2.23603,0
2.42828,0.536924,2.23645,0
2.42836,0.525786,2.23293,0
2.42845,0.516713,2.23813,0
2.42854,0.505618,2.23451,0
2.42863,0.494781,2.23181,0
2.42871,0.485463,2.2359,0
2.4288,0.474455,2.23213,0
2.42889,0.462878,2.22537,0
2.42897,0.453363,2.22835,0
2.42906,0.445001,2.23717,0
2.42915,0.4339,2.23222,0
2.42924,0.424715,2.23704,0
2.42932,0.41495,2.23887,0
2.42941,0.405,2.23968,0
2.4295,0.394008,2.23453,0
2.42959,0.384762,2.23918,0
2.42967,0.374988,2.24084,0
2.42976,0.364403,2.23752,0
2.42985,0.353386,2.23119,0
2.42993,0.343647,2.23271,0
2.43002,0.334641,2.23913,0
2.43011,0.323289,2.22968,0
2.4302,0.31481,2.23999,0
2.43028,0.303415,2.22945,0
2.43037,0.29277,2.22381,0
2.43046,0.283695,2.23003,0
2.43055,0.273231,2.22529,0
2.43063,0.263519,2.22646,0
2.43072,0.253688,2.22659,0
2.43081,0.243862,2.22669,0
2.43089,0.234144,2.22773,0
2.43098,0.224722,2.23171,0
2.43107,0.214695,2.22969,0
2.43116,0.204323,2.22363,0
2.43124,0.195142,2.23048,0
2.43133,0.184828,2.22433,0
2.43142,0.175199,2.22612,0
2.43151,0.165336,2.22487,0
2.43159,0.156185,2.23355,0
2.43168,0.146111,2.22922,0
2.43177,0.13626,2.22784,0
2.43185,0.126595,2.22941,0
2.43194,0.11561,2.20597,0
2.43203,0.0971558,2.02267,0
2.43212,0.086759,1.98711,0
2.4322,0.0825242,2.10038,0
2.43229,0.0729749,2.08973,0
2.43238,0.0638256,2.08903,0
2.43247,0.055914,2.13527,0
2.43255,0.047622,2.18248,0
2.43264,0.0371912,2.13068,0
2.43273,0.0272788,2.08382,0
2.43281,0.0183258,2.09992,0
2.4329,0.00913685,2.09398,0
2.43299,7.66212e-08,2.106,0
2.43308,-0.00917596,2.10298,0
2.43316,-0.0182471,2.09092,0
2.43325,-0.0272263,2.07982,0
2.43334,-0.0363533,2.08268,0
2.43343,-0.0446332,2.04551,0
2.43351,-0.0519612,1.98432,0
2.4336,-0.0605883,1.98307,0
2.43369,-0.0699734,2.00378,0
2.43377,-0.0827989,2.10737,0
2.43386,-0.0919496,2.10599,0
2.43395,-0.0984031,2.04864,0
2.43404,-0.106608,2.03421,0
2.43412,-0.11571,2.03772,0
2.43421,-0.127164,2.07911,0
2.4343,-0.139963,2.13542,0
2.43439,-0.14607,2.0889,0
2.43447,-0.155183,2.08824,0
2.43456,-0.158017,2.00779,0
2.43465,-0.165782,1.99512,0
2.43473,-0.173178,1.97944,0
2.43482,-0.179252,1.95078,0
2.43491,-0.183065,1.90121,0
2.435,-0.189255,1.8795,0
2.43508,-0.196304,1.86771,0
2.43517,-0.204779,1.86982,0
2.43526,-0.214067,1.87884,0
2.43535,-0.222146,1.8769,0
2.43543,-0.230577,1.8779,0
2.43552,-0.237759,1.86894,0
2.43561,-0.246172,1.86987,0
2.43569,-0.254464,1.86976,0
2.43578,-0.262341,1.86666,0
2.43587,-0.271057,1.86945,0
2.43596,-0.278177,1.86133,0
2.43604,-0.287361,1.86702,0
2.43613,-0.296287,1.87068,0
2.43622,-0.303964,1.86641,0
2.4363,-0.311775,1.86309,0
2.43639,-0.324474,1.88833,0
2.43648,-0.337051,1.91151,0
2.43657,-0.34521,1.90904,0
2.43665,-0.353719,1.9085,0
2.43674,-0.36223,1.90792,0
2.43683,-0.370169,1.90436,0
2.43692,-0.379451,1.90763,0
2.437,-0.388767,1.91085,0
2.43709,-0.397712,1.91208,0
2.43718,-0.407091,1.91521,0
2.43726,-0.413746,1.9056,0
2.43735,-0.42249,1.90573,0
2.43744,-0.431684,1.90777,0
2.43753,-0.43753,1.89515,0
2.43761,-0.447399,1.90004,0
2.4377,-0.456852,1.90293,0
2.43779,-0.464914,1.89995,0
2.43788,-0.473925,1.90081,0
2.43796,-0.48246,1.89969,0
2.43805,-0.492998,1.90628,0
2.43814,-0.500802,1.90218,0
2.43822,-0.510909,1.90674,0
2.43831,-0.518434,1.9016,0
2.4384,-0.528597,1.90606,0
2.43849,-0.537181,1.9047,0
2.43857,-0.547416,1.90907,0
2.43866,-0.553222,1.89802,0
2.43875,-0.564622,1.90613,0
2.43884,-0.57207,1.90078,0
2.43892,-0.581527,1.90209,0
2.43901,-0.588042,1.8938,0
2.4391,-0.594796,1.88645,0
2.43918,-0.595705,1.86098,0
2.43927,-0.601656,1.85171,0
2.43936,-0.612862,1.85856,0
2.43945,-0.622552,1.86061,0
2.43953,-0.630021,1.85598,0
2.43962,-0.636811,1.84943,0
2.43971,-0.651139,1.86458,0
2.4398,-0.658267,1.85889,0
2.43988,-0.667385,1.85882,0
2.43997,-0.673438,1.85025,0
2.44006,-0.686696,1.86137,0
2.44014,-0.69201,1.85086,0
2.44023,-0.702913,1.85531,0
2.44032,-0.711719,1.85409,0
2.44041,-0.722339,1.85749,0
2.44049,-0.732269,1.85897,0
2.44058,-0.741485,1.85855,0
2.44067,-0.751461,1.85993,0
2.44076,-0.759569,1.85663,0
2.44084,-0.769194,1.857,0
2.44093,-0.779609,1.85916,0
2.44102,-0.789277,1.85942,0
2.4411,-0.798172,1.8578,0
2.44119,-0.80308,1.84696,0
2.44128,-0.817978,1.859,0
2.44137,-0.830963,1.86637,0
2.44145,-0.837045,1.85817,0
2.44154,-0.84473,1.85359,0
2.44163,-0.854484,1.85352,0
2.44172,-0.864677,1.85431,0
2.4418,-0.87148,1.8478,0
2.44189,-0.882978,1.8512,0
2.44198,-0.89235,1.85003,0
2.44206,-0.905675,1.85691,0
2.44215,-0.920845,1.86729,0
2.44224,-0.336433,0.674781,0
2.44233,-0.329022,0.652768,0
2.44241,-0.338677,0.664691,0
2.4425,-0.330585,0.64187,0
2.44259,-0.328303,0.630665,0
2.44268,-0.324533,0.616836,0
2.44276,-0.327222,0.615415,0
2.44285,-0.33227,0.618385,0
2.44294,-0.330194,0.608141,0
2.44302,-0.32611,0.594421,0
2.44311,-0.328701,0.592992,0
2.4432,-0.329331,0.588062,0
2.44329,-0.328939,0.581398,0
2.44337,-0.32651,0.571275,0
2.44346,-0.33,0.571577,0
2.44355,-0.329972,0.565812,0
2.44364,-0.323809,0.549719,0
2.44372,-0.323137,0.543145,0
2.44381,-0.321384,0.534872,0
2.4439,-0.323714,0.533465,0
2.44398,-0.325517,0.531195,0
2.44407,-0.324674,0.524667,0
2.44416,-0.316892,0.507133,0
2.44425,-0.317501,0.503208,0
2.44433,-0.31432,0.493384,0
2.44442,-0.328912,0.511352,0
2.44451,-0.330051,0.508234,0
2.4446,-0.325138,0.495918,0
2.44468,-0.321227,0.485322,0
2.44477,-0.319453,0.478095,0
2.44486,-0.323213,0.479184,0
2.44494,-0.321924,0.472809,0
2.44503,-0.318887,0.463983,0
2.44512,-0.325468,0.46916,0
2.44521,-0.324071,0.462821,0
2.44529,-0.322624,0.456503,0
2.44538,-0.321709,0.45102,0
2.44547,-0.320753,0.445554,0
2.44556,-0.324457,0.446577,0
2.44564,-0.317533,0.433061,0
2.44573,-0.320609,0.433279,0
2.44582,-0.324292,0.43428,0
2.4459,-0.319564,0.424075,0
2.44599,-0.314753,0.413921,0
2.44608,-0.315947,0.41175,0
2.44617,-0.323251,0.417484,0
2.44625,-0.325685,0.416858,0
2.44634,-0.321929,0.408365,0
2.44643,-0.321218,0.403826,0
2.44652,-0.321099,0.400081,0
2.4466,-0.322841,0.398676,0
2.44669,-0.311924,0.381776,0
2.44678,-0.294504,0.357262,0
2.44686,-0.298618,0.359049,0
2.44695,-0.322037,0.383788,0
2.44704,-0.319831,0.3778,0
2.44713,-0.31823,0.372599,0
2.44721,-0.312019,0.362116,0
2.4473,-0.318189,0.366034,0
2.44739,-0.308574,0.351861,0
2.44748,-0.316732,0.358001,0
2.44756,-0.312964,0.350647,0
2.44765,-0.311146,0.345562,0
2.44774,-0.30122,0.331618,0
2.44782,-0.360765,0.393706,0
2.44791,-0.292563,0.316493,0
2.448,-0.138446,0.148465,0
2.44809,-0.122648,0.130378,0
2.44817,-0.363451,0.382998,0
2.44826,-0.244104,0.254994,0
2.44835,-0.187558,0.194222,0
2.44844,-0.110949,0.113892,0
2.44852,-0.0595773,0.0606263,0
2.44861,-0.0682894,0.068888,0
2.4487,-0.0424264,0.0424264,0
