7200
2365
2.05949
2.0752,-0.0487904,-0.0487904,0
2.07528,-0.0323847,-0.0326685,0
2.07537,-0.0273355,-0.0278168,0
2.07546,-0.0495431,-0.0508574,0
2.07555,-0.0701605,-0.0726533,0
2.07563,-0.0802155,-0.0837942,0
2.07572,-0.117709,-0.124039,0
2.07581,-0.128129,-0.136205,0
2.07589,-0.14322,-0.153584,0
2.07598,-0.223325,-0.241592,0
2.07607,-0.235781,-0.25731,0
2.07616,-0.357027,-0.393056,0
2.07624,-0.135164,-0.150115,0
2.07633,-0.269682,-0.302153,0
2.07642,-0.281614,-0.318306,0
2.07651,-0.274947,-0.313517,0
2.07659,-0.278825,-0.320752,0
2.07668,-0.297658,-0.34545,0
2.07677,-0.284458,-0.333058,0
2.07685,-0.284295,-0.335822,0
2.07694,-0.280898,-0.334761,0
2.07703,-0.282632,-0.339828,0
2.07712,-0.281783,-0.34183,0
2.0772,-0.283452,-0.346928,0
2.07729,-0.280048,-0.34583,0
2.07738,-0.278536,-0.347049,0
2.07747,-0.269549,-0.338869,0
2.07755,-0.264353,-0.33533,0
2.07764,-0.272122,-0.348301,0
2.07773,-0.271212,-0.350275,0
2.07781,-0.266029,-0.346695,0
2.0779,-0.264513,-0.347853,0
2.07799,-0.259382,-0.344212,0
2.07808,-0.257878,-0.34534,0
2.07816,-0.251015,-0.339228,0
2.07825,-0.250715,-0.341933,0
2.07834,-0.258038,-0.355158,0
2.07843,-0.253564,-0.352223,0
2.07851,-0.249702,-0.35007,0
2.0786,-0.252212,-0.356872,0
2.07869,-0.245491,-0.350597,0
2.07877,-0.246809,-0.355773,0
2.07886,-0.244687,-0.356023,0
2.07895,-0.246509,-0.362046,0
2.07904,-0.247722,-0.367264,0
2.07912,-0.246673,-0.369173,0
2.07921,-0.242852,-0.36691,0
2.0793,-0.252215,-0.384692,0
2.07939,-0.250534,-0.385788,0
2.07947,-0.254258,-0.395288,0
2.07956,-0.26865,-0.421696,0
2.07965,-0.279614,-0.443161,0
2.07973,-0.277148,-0.443529,0
2.07982,-0.279946,-0.452387,0
2.07991,-0.277447,-0.452752,0
2.08,-0.288438,-0.475331,0
2.08008,-0.274515,-0.45687,0
2.08017,-0.279677,-0.470095,0
2.08026,-0.293357,-0.498022,0
2.08035,-0.300753,-0.51571,0
2.08043,-0.2935,-0.508357,0
2.08052,-0.299715,-0.524392,0
2.08061,-0.289053,-0.510899,0
2.08069,-0.291218,-0.520008,0
2.08078,-0.281674,-0.508154,0
2.08087,-0.293884,-0.53568,0
2.08096,-0.29059,-0.5352,0
2.08104,-0.286832,-0.53382,0
2.08113,-0.28403,-0.534183,0
2.08122,-0.284956,-0.541612,0
2.08131,-0.295057,-0.5668,0
2.08139,-0.296702,-0.576083,0
2.08148,-0.29691,-0.582718,0
2.08157,-0.291664,-0.57865,0
2.08165,-0.29226,-0.586182,0
2.08174,-0.293237,-0.594627,0
2.08183,-0.294585,-0.60399,0
2.08192,-0.297595,-0.616978,0
2.082,-0.292748,-0.613758,0
2.08209,-0.298172,-0.632214,0
2.08218,-0.296678,-0.636228,0
2.08227,-0.294736,-0.639333,0
2.08235,-0.285309,-0.626053,0
2.08244,-0.288325,-0.640057,0
2.08253,-0.29163,-0.655012,0
2.08261,-0.296019,-0.672754,0
2.0827,-0.289492,-0.665786,0
2.08279,-0.289347,-0.673474,0
2.08288,-0.281717,-0.663684,0
2.08296,-0.281526,-0.671362,0
2.08305,-0.272088,-0.656878,0
2.08314,-0.271112,-0.662687,0
2.08323,-0.271215,-0.671281,0
2.08331,-0.282365,-0.707753,0
2.0834,-0.28807,-0.731308,0
2.08349,-0.295025,-0.758654,0
2.08357,-0.29207,-0.760868,0
2.08366,-0.291936,-0.770551,0
2.08375,-0.285069,-0.762451,0
2.08384,-0.289354,-0.784328,0
2.08392,-0.287981,-0.791221,0
2.08401,-0.291284,-0.811294,0
2.0841,-0.289744,-0.818213,0
2.08418,-0.293425,-0.840239,0
2.08427,-0.289105,-0.839621,0
2.08436,-0.293153,-0.8636,0
2.08445,-0.290651,-0.868665,0
2.08453,-0.293435,-0.889868,0
2.08462,-0.285841,-0.879727,0
2.08471,-0.670092,-2.09337,0
2.0848,-0.656441,-2.08196,0
2.08488,-0.649426,-2.09149,0
2.08497,-0.635324,-2.07805,0
2.08506,-0.628844,-2.08942,0
2.08514,-0.614609,-2.07489,0
2.08523,-0.607789,-2.08523,0
2.08532,-0.598684,-2.08786,0
2.08541,-0.588754,-2.08757,0
2.08549,-0.575631,-2.07566,0
2.08558,-0.567358,-2.08105,0
2.08567,-0.55672,-2.07771,0
2.08576,-0.548922,-2.08495,0
2.08584,-0.539569,-2.08636,0
2.08593,-0.528737,-2.08191,0
2.08602,-0.518197,-2.07837,0
2.0861,-0.507935,-2.07576,0
2.08619,-0.495838,-2.06531,0
2.08628,-0.485446,-2.06162,0
2.08637,-0.424483,-1.83864,0
2.08645,-0.390855,-1.72733,0
2.08654,-0.382665,-1.72609,0
2.08663,-0.396984,-1.8284,0
2.08672,-0.424971,-1.99933,0
2.0868,-0.430499,-2.0697,0
2.08689,-0.42266,-2.07744,0
2.08698,-0.411836,-2.07044,0
2.08706,-0.401653,-2.06633,0
2.08715,-0.394871,-2.07985,0
2.08724,-0.386704,-2.08647,0
2.08733,-0.376529,-2.08223,0
2.08741,-0.366919,-2.0809,0
2.0875,-0.356311,-2.07361,0
2.08759,-0.347095,-2.07416,0
2.08768,-0.338363,-2.07763,0
2.08776,-0.328356,-2.07316,0
2.08785,-0.318546,-2.06963,0
2.08794,-0.309217,-2.06902,0
2.08802,-0.300617,-2.07332,0
2.08811,-0.29115,-2.07164,0
2.0882,-0.282108,-2.07289,0
2.08829,-0.273844,-2.08005,0
2.08837,-0.264261,-2.07726,0
2.08846,-0.254219,-2.07045,0
2.08855,-0.244243,-2.0636,0
2.08864,-0.235802,-2.06961,0
2.08872,-0.22677,-2.07062,0
2.08881,-0.217733,-2.07159,0
2.0889,-0.209293,-2.07849,0
2.08898,-0.199647,-2.07341,0
2.08907,-0.190049,-2.06829,0
2.08916,-0.180761,-2.06611,0
2.08925,-0.17133,-2.06189,0
2.08933,-0.163038,-2.07159,0
2.08942,-0.154146,-2.07428,0
2.08951,-0.144605,-2.06795,0
2.0896,-0.136169,-2.07754,0
2.08968,-0.126432,-2.06714,0
2.08977,-0.118545,-2.08764,0
2.08986,-0.110324,-2.10511,0
2.08994,-0.100946,-2.10158,0
2.09003,-0.0919497,-2.10599,0
2.09012,-0.0824064,-2.09738,0
2.09021,-0.0732192,-2.09672,0
2.09029,-0.0639171,-2.09202,0
2.09038,-0.0550763,-2.10328,0
2.09047,-0.0457895,-2.0985,0
2.09056,-0.0365977,-2.09668,0
2.09064,-0.0276845,-2.11482,0
2.09073,-0.0200187,-2.29391,0
2.09082,-0.01076,-2.46598,0
2.0909,-2.99354e-08,-2.485,0
2.09099,0.0108472,-2.48598,0
2.09108,0.0214847,-2.46191,0
2.09117,0.0323836,-2.47379,0
2.09125,0.043247,-2.47762,0
2.09134,0.0539482,-2.47241,0
2.09143,0.0651282,-2.48715,0
2.09152,0.0756439,-2.47584,0
2.0916,0.0863064,-2.47149,0
2.09169,0.0969717,-2.4681,0
2.09178,0.107914,-2.47165,0
2.09186,0.119082,-2.47914,0
2.09195,0.130264,-2.48559,0
2.09204,0.140598,-2.47601,0
2.09213,0.151278,-2.47338,0
2.09221,0.162396,-2.47768,0
2.0923,0.173205,-2.47695,0
2.09239,0.184456,-2.48216,0
2.09248,0.195755,-2.48731,0
2.09256,0.206192,-2.48145,0
2.09265,0.217454,-2.48551,0
2.09274,0.228297,-2.48453,0
2.09282,0.239423,-2.4865,0
2.09291,0.249568,-2.47847,0
2.093,0.260067,-2.47437,0
2.09309,0.271078,-2.4752,0
2.09317,0.283121,-2.48492,0
2.09326,0.293138,-2.47671,0
2.09335,0.30248,-2.4635,0
2.09344,0.315245,-2.47803,0
2.09352,0.32749,-2.48754,0
2.09361,0.337667,-2.48113,0
2.0937,0.348907,-2.4826,0
2.09378,0.359879,-2.48205,0
2.09387,0.371297,-2.48441,0
2.09396,0.381525,-2.47881,0
2.09405,0.392807,-2.48009,0
2.09413,0.403625,-2.47835,0
2.09422,0.41526,-2.48149,0
2.09431,0.424559,-2.47079,0
2.0944,0.43742,-2.48073,0
2.09448,0.44824,-2.4788,0
2.09457,0.45978,-2.48075,0
2.09466,0.47116,-2.48167,0
2.09474,0.483701,-2.48843,0
2.09483,0.493774,-2.48237,0
2.09492,0.502208,-2.46843,0
2.09501,0.51501,-2.47601,0
2.09509,0.529135,-2.48939,0
2.09518,0.539143,-2.48314,0
2.09527,0.552787,-2.49346,0
2.09536,0.562116,-2.4842,0
2.09544,0.573175,-2.4827,0
2.09553,0.585378,-2.48601,0
2.09562,0.595753,-2.48149,0
2.0957,0.608951,-2.48858,0
2.09579,0.620772,-2.48978,0
2.09588,0.631137,-2.48511,0
2.09597,0.640222,-2.47555,0
2.09605,0.650763,-2.47177,0
2.09614,0.663353,-2.47567,0
2.09623,0.67599,-2.4795,0
2.09631,0.690544,-2.49002,0
2.0964,0.69733,-2.47255,0
2.09649,0.70701,-2.46564,0
2.09658,0.723358,-2.48173,0
2.09666,0.733328,-2.47567,0
2.09675,0.745275,-2.47628,0
2.09684,0.756658,-2.47492,0
2.09693,0.771008,-2.48305,0
2.09701,0.781534,-2.47871,0
2.0971,0.795086,-2.48385,0
2.09719,0.806534,-2.48226,0
2.09727,0.819236,-2.48441,0
2.09736,0.833877,-2.49219,0
2.09745,0.843457,-2.48474,0
2.09754,0.855593,-2.48482,0
2.09762,0.857196,-2.45463,0
2.09771,0.856882,-2.41976,0
2.0978,0.81269,-2.26353,0
2.09789,0.759627,-2.08706,0
2.09797,0.765611,-2.07528,0
2.09806,0.771157,-2.06255,0
2.09815,0.7844,-2.07039,0
2.09823,0.794143,-2.06881,0
2.09832,0.807149,-2.07558,0
2.09841,0.820963,-2.08414,0
2.0985,0.830419,-2.08146,0
2.09858,0.841741,-2.08338,0
2.09867,0.854989,-2.08987,0
2.09876,0.860272,-2.07688,0
2.09885,0.875127,-2.08694,0
2.09893,0.886178,-2.0877,0
2.09902,0.898437,-2.09117,0
2.09911,0.906755,-2.08539,0
2.09919,0.918262,-2.08691,0
2.09928,0.93102,-2.09111,0
2.09937,0.940135,-2.08702,0
2.09946,0.952965,-2.09109,0
2.09954,0.965011,-2.09327,0
2.09963,0.969909,-2.07998,0
2.09972,0.982814,-2.08386,0
2.09981,1.00008,-2.09671,0
2.09989,1.01269,-2.09953,0
2.09998,1.02491,-2.10138,0
2.10007,1.03938,-2.10765,0
2.10015,1.04856,-2.1031,0
2.10024,1.06628,-2.11547,0
2.10033,1.07641,-2.11258,0
2.10042,1.08516,-2.10697,0
2.1005,1.10589,-2.12439,0
2.10059,1.11887,-2.12663,0
2.10068,1.13706,-2.1385,0
2.10077,1.17431,-2.18549,0
2.10085,1.21962,-2.24626,0
2.10094,1.40882,-2.56793,0
2.10103,1.42098,-2.56351,0
2.10111,1.43361,-2.5599,0
2.1012,1.44674,-2.55711,0
2.10129,1.46185,-2.55771,0
2.10138,1.482,-2.5669,0
2.10146,1.49772,-2.56818,0
2.10155,1.51246,-2.56765,0
2.10164,1.52519,-2.56361,0
2.10173,1.54202,-2.56636,0
2.10181,1.55373,-2.56046,0
2.1019,1.56906,-2.56048,0
2.10199,1.57917,-2.55191,0
2.10207,1.5993,-2.55941,0
2.10216,1.61685,-2.56256,0
2.10225,1.62856,-2.55632,0
2.10234,1.64564,-2.55844,0
2.10242,1.6606,-2.55711,0
2.10251,1.6701,-2.54733,0
2.1026,1.69058,-2.55419,0
2.10269,1.71171,-2.56176,0
2.10277,1.71952,-2.54929,0
2.10286,1.73907,-2.55416,0
2.10295,1.75189,-2.54902,0
2.10303,1.7744,-2.55779,0
2.10312,1.78898,-2.55494,0
2.10321,1.80877,-2.55935,0
2.1033,1.82631,-2.56039,0
2.10338,1.8398,-2.55565,0
2.10347,1.85623,-2.55488,0
2.10356,1.878,-2.56127,0
2.10365,1.89094,-2.55546,0
2.10373,1.90806,-2.5552,0
2.10382,1.9246,-2.55404,0
2.10391,1.9442,-2.55676,0
2.10399,1.9596,-2.5538,0
2.10408,1.97624,-2.55235,0
2.10417,1.99043,-2.54764,0
2.10426,2.01267,-2.55307,0
2.10434,2.02815,-2.54974,0
2.10443,2.04614,-2.54944,0
2.10452,2.05347,-2.53583,0
2.10461,2.0506,-2.50981,0
2.10469,2.05517,-2.49312,0
2.10478,2.05196,-2.46721,0
2.10487,2.05114,-2.44445,0
2.10495,2.04563,-2.41639,0
2.10504,2.05161,-2.40212,0
2.10513,2.05228,-2.38178,0
2.10522,2.04887,-2.35696,0
2.1053,2.04925,-2.33672,0
2.10539,2.0475,-2.31427,0
2.10548,2.04426,-2.2904,0
2.10557,2.04486,-2.27105,0
2.10565,2.03727,-2.24286,0
2.10574,2.04366,-2.23026,0
2.10583,2.04455,-2.21178,0
2.10591,2.04941,-2.19772,0
2.106,2.04047,-2.16909,0
2.10609,2.03546,-2.14493,0
2.10618,2.03581,-2.12664,0
2.10626,2.04021,-2.1127,0
2.10635,2.03476,-2.08874,0
2.10644,2.04245,-2.07841,0
2.10653,2.03953,-2.05741,0
2.10661,2.04071,-2.04071,0
2.1067,2.03681,-2.01911,0
2.10679,2.03348,-1.99829,0
2.10687,2.0343,-1.98172,0
2.10696,2.03214,-1.96241,0
2.10705,2.03923,-1.95214,0
2.10714,2.0325,-1.92877,0
2.10722,2.03288,-1.91235,0
2.10731,2.03463,-1.89732,0
2.1074,2.02893,-1.87553,0
2.10749,2.03415,-1.86395,0
2.10757,2.03856,-1.8517,0
2.10766,2.02656,-1.82472,0
2.10775,2.0248,-1.8072,0
2.10783,2.02742,-1.79371,0
2.10792,2.02846,-1.77892,0
2.10801,2.03017,-1.7648,0
2.1081,2.03558,-1.75397,0
2.10818,2.02724,-1.73143,0
2.10827,2.03096,-1.71934,0
2.10836,2.02695,-1.70082,0
2.10845,2.03512,-1.6926,0
2.10853,2.03246,-1.67543,0
2.10862,2.03898,-1.66591,0
2.10871,2.05866,-1.66707,0
2.10879,2.05656,-1.65056,0
2.10888,2.06609,-1.64344,0
2.10897,2.06695,-1.62946,0
2.10906,2.06222,-1.61119,0
2.10914,2.05896,-1.59421,0
2.10923,2.06907,-1.58765,0
2.10932,2.08553,-1.58587,0
2.1094,2.1044,-1.58578,0
2.10949,2.1105,-1.57599,0
2.10958,2.12057,-1.56914,0
2.10967,2.12256,-1.55633,0
2.10975,2.11153,-1.53412,0
2.10984,2.08331,-1.49977,0
2.10993,2.07762,-1.48195,0
2.11002,2.09305,-1.47922,0
2.1101,2.10031,-1.47065,0
2.11019,2.12067,-1.47116,0
2.11028,2.11718,-1.4551,0
2.11036,2.12516,-1.44697,0
2.11045,2.12482,-1.43321,0
2.11054,2.09281,-1.39837,0
2.11063,2.05553,-1.36052,0
2.11071,2.0581,-1.34935,0
2.1108,2.04971,-1.3311,0
2.11089,2.05298,-1.32052,0
2.11098,2.05619,-1.30994,0
2.11106,2.06611,-1.30362,0
2.11115,2.07178,-1.29459,0
2.11124,2.06891,-1.28028,0
2.11132,2.08556,-1.27803,0
2.11141,2.05179,-1.24506,0
2.1115,2.08635,-1.2536,0
2.11159,2.10641,-1.25318,0
2.11167,2.11013,-1.24296,0
2.11176,2.0948,-1.22165,0
2.11185,2.08885,-1.206,0
2.11194,2.0776,-1.18745,0
2.11202,2.08102,-1.17738,0
2.11211,2.07829,-1.1639,0
2.1122,2.07197,-1.14851,0
2.11228,2.02612,-1.11157,0
2.11237,2.01776,-1.09556,0
2.11246,2.00403,-1.0768,0
2.11255,2.00341,-1.06523,0
2.11263,2.01069,-1.05788,0
2.11272,2.00464,-1.04355,0
2.11281,2.01185,-1.03617,0
2.1129,2.01189,-1.02511,0
2.11298,2.00742,-1.01182,0
2.11307,1.99749,-0.995914,0
2.11316,2.01169,-0.992054,0
2.11324,2.00701,-0.978883,0
2.11333,2.01396,-0.97142,0
2.11342,2.00103,-0.954443,0
2.11351,2.00065,-0.94357,0
2.11359,1.99478,-0.930183,0
2.11368,2.00246,-0.923145,0
2.11377,2.00646,-0.914399,0
2.11386,1.99767,-0.899885,0
2.11394,2.00341,-0.891974,0
2.11403,1.99446,-0.877585,0
2.11412,1.99644,-0.868077,0
2.1142,1.99929,-0.858963,0
2.11429,2.00118,-0.84945,0
2.11438,1.99933,-0.838389,0
2.11447,2.00112,-0.828892,0
2.11455,1.99732,-0.817124,0
2.11464,2.00272,-0.80915,0
2.11473,2.0053,-0.800034,0
2.11482,2.00598,-0.790177,0
2.1149,2.00195,-0.778517,0
2.11499,2.0044,-0.769416,0
2.11508,2.00025,-0.757829,0
2.11516,2.00448,-0.749444,0
2.11525,1.99741,-0.736883,0
2.11534,2.00061,-0.728161,0
2.11543,1.99812,-0.717397,0
2.11551,2.00406,-0.709673,0
2.1156,2.00997,-0.701911,0
2.11569,2.00828,-0.691507,0
2.11578,2.00181,-0.679523,0
2.11586,2.00665,-0.671417,0
2.11595,2.00387,-0.660776,0
2.11604,1.99437,-0.648009,0
2.11612,1.99527,-0.638691,0
2.11621,1.99422,-0.628776,0
2.1163,2.00363,-0.622144,0
2.11639,1.9939,-0.609595,0
2.11647,2.00228,-0.602618,0
2.11656,1.99243,-0.590184,0
2.11665,1.99498,-0.581485,0
2.11674,1.99366,-0.571672,0
2.11682,1.99806,-0.56351,0
2.11691,1.99086,-0.552115,0
2.117,1.99904,-0.545001,0
2.11708,1.99464,-0.534461,0
2.11717,1.98341,-0.522189,0
2.11726,1.98664,-0.51378,0
2.11735,1.99177,-0.505845,0
2.11743,1.99202,-0.496666,0
2.11752,1.98445,-0.485592,0
2.11761,1.99433,-0.478797,0
2.1177,1.98861,-0.468256,0
2.11778,1.99648,-0.460925,0
2.11787,1.99262,-0.450885,0
2.11796,1.99164,-0.441537,0
2.11804,1.99062,-0.432206,0
2.11813,1.99151,-0.423308,0
2.11822,1.98942,-0.4138,0
2.11831,1.98631,-0.404119,0
2.11839,1.99296,-0.396424,0
2.11848,1.99368,-0.387533,0
2.11857,1.99634,-0.379017,0
2.11866,1.98421,-0.367751,0
2.11874,1.99662,-0.361048,0
2.11883,1.99128,-0.351117,0
2.11892,1.98392,-0.340901,0
2.119,1.98835,-0.332736,0
2.11909,1.97794,-0.322128,0
2.11918,1.99118,-0.315372,0
2.11927,1.98759,-0.30592,0
2.11935,1.99979,-0.298871,0
2.11944,1.98425,-0.287703,0
2.11953,1.98648,-0.279181,0
2.11962,1.98669,-0.270376,0
2.1197,1.99082,-0.262097,0
2.11979,1.98599,-0.25265,0
2.11988,1.99006,-0.244348,0
2.11996,1.98912,-0.235427,0
2.12005,1.98615,-0.226293,0
2.12014,1.98712,-0.217625,0
2.12023,1.98109,-0.208221,0
2.12031,1.97501,-0.198873,0
2.1204,1.97387,-0.190062,0
2.12049,1.98364,-0.182271,0
2.12058,1.97745,-0.173004,0
2.12066,1.98616,-0.165037,0
2.12075,1.98486,-0.156212,0
2.12084,1.98652,-0.147624,0
2.12092,1.98515,-0.138815,0
2.12101,1.97676,-0.129564,0
2.1211,1.9793,-0.121059,0
2.12119,1.97282,-0.112025,0
2.12127,1.98927,-0.104253,0
2.12136,1.98571,-0.0953806,0
2.12145,1.98111,-0.0864973,0
2.12153,1.97248,-0.0774989,0
2.12162,1.97879,-0.0691011,0
2.12171,1.98807,-0.0607411,0
2.1218,1.98232,-0.0519089,0
2.12188,1.97253,-0.0430408,0
2.12197,1.9607,-0.0342242,0
2.12206,1.97083,-0.0257996,0
2.12215,1.96693,-0.0171651,0
2.12223,1.90798,-0.00832524,0
2.12232,1.718,-4.16003e-08,0
2.12241,1.69498,0.00739577,0
2.12249,1.68594,0.0147129,0
2.12258,1.69585,0.0221999,0
2.12267,1.72574,0.0301228,0
2.12276,1.77658,0.038765,0
2.12284,1.70342,0.0446055,0
2.12293,1.68821,0.0515795,0
2.12302,1.67298,0.0584217,0
2.12311,1.66971,0.0656031,0
2.12319,1.67241,0.0730188,0
2.12328,1.66608,0.0800275,0
2.12337,1.66871,0.0874533,0
2.12345,1.65733,0.09411,0
2.12354,1.6609,0.101585,0
2.12363,1.65345,0.108373,0
2.12372,1.64598,0.115098,0
2.1238,1.66042,0.123391,0
2.12389,1.65887,0.130556,0
2.12398,1.66227,0.138124,0
2.12407,1.66265,0.145463,0
2.12415,1.66399,0.152899,0
2.12424,1.6653,0.16035,0
2.12433,1.66657,0.167815,0
2.12441,1.67676,0.176235,0
2.1245,1.66803,0.182679,0
2.12459,1.67119,0.190408,0
2.12468,1.70013,0.201224,0
2.12476,1.79849,0.220827,0
2.12485,1.95227,0.24836,0
2.12494,1.84805,0.243301,0
2.12503,1.72014,0.234101,0
2.12511,1.69336,0.237986,0
2.1252,1.6834,0.244081,0
2.12529,1.68627,0.252015,0
2.12537,1.68417,0.259218,0
2.12546,1.69191,0.267972,0
2.12555,1.68875,0.27503,0
2.12564,1.69345,0.283387,0
2.12572,1.68432,0.289418,0
2.12581,1.69485,0.298848,0
2.1259,1.69649,0.306775,0
2.12599,1.69808,0.314721,0
2.12607,1.6849,0.319889,0
2.12616,1.70214,0.330863,0
2.12625,1.69872,0.337896,0
2.12633,1.69429,0.344707,0
2.12642,1.69179,0.351893,0
2.12651,1.69611,0.360519,0
2.1266,1.70136,0.369401,0
2.12668,1.68997,0.374657,0
2.12677,1.69417,0.383351,0
2.12686,1.69053,0.39029,0
2.12695,1.70147,0.400642,0
2.12703,1.69776,0.407596,0
2.12712,1.69693,0.415237,0
2.12721,1.70093,0.424089,0
2.12729,1.70003,0.431753,0
2.12738,1.70297,0.440418,0
2.12747,1.69523,0.446317,0
2.12756,1.70486,0.456816,0
2.12764,1.70478,0.464776,0
2.12773,1.70659,0.473279,0
2.12782,1.69392,0.477735,0
2.12791,1.69951,0.487327,0
2.12799,1.69641,0.494458,0
2.12808,1.70286,0.504411,0
2.12817,1.69682,0.510684,0
2.12825,1.69935,0.519544,0
2.12834,1.69612,0.526658,0
2.12843,1.69571,0.534655,0
2.12852,1.69622,0.542963,0
2.1286,1.70049,0.552522,0
2.12869,1.70091,0.560876,0
2.12878,1.70129,0.569245,0
2.12887,1.70921,0.580198,0
2.12895,1.70288,0.586348,0
2.12904,1.71258,0.598059,0
2.12913,1.70241,0.602855,0
2.12921,1.70447,0.611967,0
2.1293,1.69615,0.617346,0
2.12939,1.70563,0.629241,0
2.12948,1.70849,0.638778,0
2.12956,1.70756,0.646935,0
2.12965,1.70378,0.654022,0
2.12974,1.7093,0.664711,0
2.12983,1.70639,0.672163,0
2.12991,1.70251,0.679232,0
2.13,1.69582,0.685155,0
2.13009,1.70947,0.699364,0
2.13017,1.71472,0.71026,0
2.13026,1.71622,0.719669,0
2.13035,1.70385,0.723243,0
2.13044,1.70711,0.733434,0
2.13052,1.71215,0.744464,0
2.13061,1.70523,0.750317,0
2.1307,1.71564,0.763851,0
2.13079,1.70682,0.768866,0
2.13087,1.71073,0.779623,0
2.13096,1.71003,0.788336,0
2.13105,1.72198,0.802975,0
2.13113,1.72027,0.811334,0
2.13122,1.79163,0.854564,0
2.13131,1.9401,0.935795,0
2.1314,1.96297,0.957403,0
2.13148,1.96146,0.967285,0
2.13157,1.95812,0.976281,0
2.13166,1.95116,0.983465,0
2.13175,1.95754,0.997417,0
2.13183,1.96295,1.01099,0
2.13192,1.95408,1.01723,0
2.13201,1.95759,1.02994,0
2.13209,1.96014,1.04223,0
2.13218,1.96351,1.05503,0
2.13227,1.95976,1.06406,0
2.13236,1.97088,1.08126,0
2.13244,1.95827,1.08549,0
2.13253,1.9605,1.09793,0
2.13262,1.967,1.11288,0
2.13271,1.963,1.12195,0
2.13279,1.96328,1.1335,0
2.13288,1.95313,1.13903,0
2.13297,1.97055,1.16074,0
2.13305,1.96202,1.16728,0
2.13314,1.96548,1.18098,0
2.13323,1.95775,1.18799,0
2.13332,1.96278,1.20279,0
2.1334,1.95581,1.21029,0
2.13349,1.95305,1.2204,0
2.13358,1.95871,1.23585,0
2.13367,1.96342,1.25083,0
2.13375,1.95962,1.26047,0
2.13384,1.96333,1.275,0
2.13393,1.95273,1.28026,0
2.13401,1.9613,1.29816,0
2.1341,1.96476,1.31281,0
2.13419,1.95487,1.31858,0
2.13428,1.9615,1.33554,0
2.13436,1.95895,1.34635,0
2.13445,1.96291,1.36172,0
2.13454,1.95614,1.3697,0
2.13462,1.97546,1.39611,0
2.13471,1.96039,1.39833,0
2.1348,1.96239,1.41272,0
2.13489,1.95944,1.42362,0
2.13497,1.95079,1.43038,0
2.13506,1.95578,1.4472,0
2.13515,1.95266,1.45812,0
2.13524,1.95266,1.47144,0
2.13532,1.95817,1.48902,0
2.13541,1.95403,1.49938,0
2.1355,1.953,1.51218,0
2.13558,1.95348,1.52622,0
2.13567,1.94994,1.53721,0
2.13576,1.95496,1.55504,0
2.13585,1.95439,1.56856,0
2.13593,1.95374,1.58211,0
2.13602,1.94682,1.59062,0
2.13611,1.95067,1.60801,0
2.1362,1.95209,1.62354,0
2.13628,1.95035,1.63654,0
2.13637,1.9493,1.6502,0
2.13646,1.95044,1.66583,0
2.13654,1.94846,1.6789,0
2.13663,1.94564,1.69132,0
2.13672,1.95027,1.71034,0
2.13681,1.95253,1.72745,0
2.13689,1.95691,1.74661,0
2.13698,1.94778,1.75379,0
2.13707,1.94973,1.77101,0
2.13716,1.94862,1.78558,0
2.13724,1.94889,1.80154,0
2.13733,1.94979,1.81821,0
2.13742,1.95932,1.84314,0
2.1375,1.95851,1.85856,0
2.13759,1.95255,1.86916,0
2.13768,1.96092,1.89364,0
2.13777,1.95909,1.90846,0
2.13785,1.95859,1.9247,0
2.13794,1.95585,1.93886,0
2.13803,1.95798,1.95798,0
2.13812,1.95998,1.97716,0
2.1382,1.95133,1.98569,0
2.13829,1.94753,1.9992,0
2.13838,1.94991,2.01919,0
2.13846,1.94938,2.03634,0
2.13855,1.95355,2.05861,0
2.13864,1.95551,2.07877,0
2.13873,1.95256,2.09387,0
2.13881,1.95427,2.11411,0
2.1389,1.95246,2.13073,0
2.13899,1.94717,2.14367,0
2.13908,1.95052,2.16627,0
2.13916,1.9517,2.18669,0
2.13925,1.95075,2.20493,0
2.13934,1.94639,2.21943,0
2.13942,1.94325,2.23545,0
2.13951,1.94588,2.2583,0
2.1396,1.93471,2.26525,0
2.13969,1.94225,2.29428,0
2.13977,1.94443,2.31728,0
2.13986,1.94645,2.34035,0
2.13995,1.94767,2.36271,0
2.14004,1.95063,2.38745,0
2.14012,1.94586,2.40294,0
2.14021,1.9485,2.42778,0
2.1403,1.94162,2.44095,0
2.14038,1.94581,2.46825,0
2.14047,1.94241,2.48617,0
2.14056,1.94134,2.50728,0
2.14065,1.93891,2.52683,0
2.14073,1.94178,2.55357,0
2.14082,1.91678,2.54365,0
2.14091,1.90387,2.54959,0
2.141,1.89035,2.55466,0
2.14108,1.87563,2.55804,0
2.14117,1.85564,2.55407,0
2.14126,1.83805,2.55321,0
2.14134,1.82457,2.55795,0
2.14143,1.803,2.55119,0
2.14152,1.78784,2.5533,0
2.14161,1.77212,2.5545,0
2.14169,1.75359,2.55149,0
2.14178,1.74019,2.55582,0
2.14187,1.72064,2.55095,0
2.14196,1.70338,2.54929,0
2.14204,1.69334,2.55836,0
2.14213,1.6701,2.54733,0
2.14222,1.64753,2.53698,0
2.1423,1.63591,2.5433,0
2.14239,1.62372,2.54873,0
2.14248,1.60831,2.54902,0
2.14257,1.594,2.55093,0
2.14265,1.57654,2.54766,0
2.14274,1.55966,2.54513,0
2.14283,1.54698,2.54935,0
2.14292,1.53224,2.55007,0
2.143,1.51394,2.5447,0
2.14309,1.49978,2.54611,0
2.14318,1.4811,2.53968,0
2.14326,1.4695,2.54525,0
2.14335,1.45689,2.54903,0
2.14344,1.43985,2.54492,0
2.14353,1.41896,2.53373,0
2.14361,1.40983,2.54339,0
2.1437,1.39679,2.54601,0
2.14379,1.37708,2.53627,0
2.14388,1.37073,2.55106,0
2.14396,1.35208,2.54289,0
2.14405,1.33771,2.54257,0
2.14414,1.32291,2.54129,0
2.14422,1.30769,2.53903,0
2.14431,1.29297,2.53759,0
2.1444,1.28368,2.54678,0
2.14449,1.26676,2.54072,0
2.14457,1.25256,2.53994,0
2.14466,1.23752,2.5373,0
2.14475,1.22383,2.53727,0
2.14484,1.21232,2.54168,0
2.14492,1.19866,2.54152,0
2.14501,1.18122,2.53313,0
2.1451,1.1668,2.53099,0
2.14518,1.14829,2.51968,0
2.14527,1.14016,2.53105,0
2.14536,1.12869,2.53509,0
2.14545,1.11561,2.53541,0
2.14553,1.09776,2.52467,0
2.14562,1.08949,2.53586,0
2.14571,1.07334,2.52863,0
2.1458,1.06191,2.53236,0
2.14588,1.0474,2.52866,0
2.14597,1.03788,2.53691,0
2.14606,1.02417,2.53492,0
2.14614,1.00792,2.52636,0
2.14623,0.995417,2.52701,0
2.14632,0.982932,2.52761,0
2.14641,0.971894,2.53187,0
2.14649,0.959066,2.53141,0
2.14658,0.94556,2.52901,0
2.14667,0.933824,2.53124,0
2.14675,0.92106,2.53059,0
2.14684,0.907306,2.52706,0
2.14693,0.894602,2.52628,0
2.14702,0.881263,2.52355,0
2.1471,0.868616,2.52264,0
2.14719,0.857279,2.52546,0
2.14728,0.842761,2.51875,0
2.14737,0.830197,2.51765,0
2.14745,0.819513,2.5222,0
2.14754,0.804232,2.51242,0
2.14763,0.793563,2.51686,0
2.14771,0.784056,2.52507,0
2.1478,0.767768,2.51126,0
2.14789,0.758821,2.52129,0
2.14798,0.748381,2.52649,0
2.14806,0.735111,2.52205,0
2.14815,0.722721,2.52043,0
2.14824,0.710631,2.51971,0
2.14833,0.698561,2.51893,0
2.14841,0.683355,2.50652,0
2.1485,0.671894,2.50754,0
2.14859,0.66502,2.52592,0
2.14867,0.649486,2.51137,0
2.14876,0.640245,2.52097,0
2.14885,0.627787,2.51792,0
2.14894,0.614656,2.51189,0
2.14902,0.603923,2.51552,0
2.14911,0.592254,2.51521,0
2.1492,0.580599,2.51485,0
2.14929,0.567413,2.50761,0
2.14937,0.557549,2.51494,0
2.14946,0.546358,2.51637,0
2.14955,0.533709,2.5109,0
2.14963,0.524989,2.52398,0
2.14972,0.511179,2.51253,0
2.14981,0.500212,2.51473,0
2.1499,0.487326,2.50708,0
2.14998,0.475077,2.5023,0
2.15007,0.464518,2.50632,0
2.15016,0.453934,2.51029,0
2.15025,0.44315,2.51323,0
2.15033,0.431164,2.50923,0
2.15042,0.418891,2.50319,0
2.15051,0.408929,2.51092,0
2.15059,0.397657,2.5107,0
2.15068,0.385937,2.50747,0
2.15077,0.374549,2.50617,0
2.15086,0.364902,2.51668,0
2.15094,0.352108,2.50538,0
2.15103,0.341038,2.5059,0
2.15112,0.330492,2.51034,0
2.15121,0.319157,2.50878,0
2.15129,0.308086,2.50916,0
2.15138,0.296782,2.5075,0
2.15147,0.286065,2.51076,0
2.15155,0.274236,2.50403,0
2.15164,0.262471,2.49724,0
2.15173,0.251873,2.50135,0
2.15182,0.24086,2.50143,0
2.1519,0.230493,2.50843,0
2.15199,0.218674,2.49945,0
2.15208,0.208511,2.50935,0
2.15217,0.196462,2.49628,0
2.15225,0.186161,2.50509,0
2.15234,0.174601,2.4969,0
2.15243,0.163508,2.49465,0
2.15251,0.152866,2.49933,0
2.1526,0.142639,2.51195,0
2.15269,0.130945,2.49857,0
2.15278,0.120281,2.50411,0
2.15286,0.109136,2.49962,0
2.15295,0.098503,2.50707,0
2.15304,0.0872488,2.49848,0
2.15313,0.0767128,2.51083,0
2.15321,0.0654686,2.50014,0
2.1533,0.05445,2.49541,0
2.15339,0.0437358,2.50562,0
2.15347,0.0328419,2.50879,0
2.15356,0.0218601,2.5049,0
2.15365,0.0109345,2.50598,0
2.15374,9.1065e-08,2.503,0
2.15382,-0.0108995,2.49798,0
2.15391,-0.0217813,2.4959,0
2.154,-0.032737,2.50079,0
2.15409,-0.0436484,2.50062,0
2.15417,-0.054428,2.49441,0
2.15426,-0.0654946,2.50114,0
2.15435,-0.0763157,2.49783,0
2.15443,-0.0872835,2.49948,0
2.15452,-0.0979531,2.49308,0
2.15461,-0.109136,2.49962,0
2.1547,-0.119945,2.49712,0
2.15478,-0.130735,2.49458,0
2.15487,-0.141392,2.48999,0
2.15496,-0.15256,2.49434,0
2.15505,-0.164293,2.50662,0
2.15513,-0.17481,2.4999,0
2.15522,-0.185345,2.49412,0
2.15531,-0.195991,2.4903,0
2.15539,-0.207269,2.4944,0
2.15548,-0.218325,2.49547,0
2.15557,-0.22912,2.4935,0
2.15566,-0.240477,2.49745,0
2.15574,-0.251171,2.49439,0
2.15583,-0.261948,2.49227,0
2.15592,-0.273147,2.49409,0
2.15601,-0.284593,2.49784,0
2.15609,-0.295136,2.49359,0
2.15618,-0.305892,2.49129,0
2.15627,-0.317643,2.49688,0
2.15635,-0.328012,2.4915,0
2.15644,-0.338745,2.48906,0
2.15653,-0.349324,2.48557,0
2.15662,-0.361745,2.49491,0
2.1567,-0.373219,2.49727,0
2.15679,-0.384111,2.49561,0
2.15688,-0.39484,2.49293,0
2.15697,-0.406839,2.49809,0
2.15705,-0.41691,2.49136,0
2.15714,-0.155293,0.903755,0
2.15723,-0.158888,0.901099,0
2.15731,-0.158014,0.873828,0
2.1574,-0.157451,0.849532,0
2.15749,-0.159851,0.84196,0
2.15758,-0.159707,0.821622,0
2.15766,-0.160364,0.806206,0
2.15775,-0.161089,0.791779,0
2.15784,-0.160877,0.773446,0
2.15793,-0.1603,0.754152,0
2.15801,-0.159558,0.734878,0
2.1581,-0.164927,0.743938,0
2.15819,-0.163537,0.722729,0
2.15827,-0.169838,0.735649,0
2.15836,-0.170754,0.725168,0
2.15845,-0.172983,0.720526,0
2.15854,-0.175174,0.715879,0
2.15862,-0.17999,0.7219,0
2.15871,-0.181661,0.715292,0
2.1588,-0.190539,0.73676,0
2.15889,-0.187896,0.71368,0
2.15897,-0.19282,0.719615,0
2.15906,-0.189645,0.695612,0
2.15915,-0.688406,2.48231,0
2.15923,-0.697059,2.47159,0
2.15932,-0.712247,2.4839,0
2.15941,-0.722798,2.47981,0
2.1595,-0.735032,2.48143,0
2.15958,-0.744411,2.47341,0
2.15967,-0.754904,2.46918,0
2.15976,-0.765967,2.46682,0
2.15984,-0.782737,2.48253,0
2.15993,-0.792952,2.47718,0
2.16002,-0.806225,2.48131,0
2.16011,-0.816418,2.47587,0
2.16019,-0.82753,2.47323,0
2.16028,-0.8396,2.47338,0
2.16037,-0.85364,2.47915,0
2.16046,-0.864449,2.4754,0
2.16054,-0.875909,2.47349,0
2.16063,-0.890748,2.48094,0
2.16072,-0.900539,2.47421,0
2.1608,-0.912364,2.47307,0
2.16089,-0.925248,2.47469,0
2.16098,-0.938517,2.47717,0
2.16107,-0.950392,2.47586,0
2.16115,-0.962998,2.47635,0
2.16124,-0.973794,2.47212,0
2.16133,-0.340542,0.853576,0
2.16142,-0.345013,0.853936,0
2.1615,-0.347221,0.848721,0
2.16159,-0.357809,0.863827,0
2.16168,-1.0213,2.43553,0
2.16176,-1.02645,2.41817,0
2.16185,-1.02318,2.38151,0
2.16194,-1.02837,2.3651,0
2.16203,-1.02177,2.32215,0
2.16211,-1.01399,2.27747,0
2.1622,-1.0268,2.27941,0
2.16229,-0.409717,0.899042,0
2.16238,-0.416566,0.903602,0
2.16246,-0.416279,0.892713,0
2.16255,-0.419317,0.889079,0
2.16264,-0.422331,0.885436,0
2.16272,-0.420543,0.871876,0
2.16281,-0.421275,0.863741,0
2.1629,-0.422386,0.856513,0
2.16299,-0.42478,0.851978,0
2.16307,-0.420842,0.834935,0
2.16316,-0.422211,0.828636,0
2.16325,-0.419412,0.81434,0
2.16334,-0.425732,0.817824,0
2.16342,-0.417191,0.792949,0
2.16351,-0.40891,0.769047,0
2.1636,-0.405635,0.754923,0
2.16368,-0.404631,0.745237,0
2.16377,-0.406435,0.740834,0
2.16386,-0.409664,0.739054,0
2.16395,-0.412885,0.737259,0
2.16403,-0.413143,0.730228,0
2.16412,-0.419303,0.733628,0
2.16421,-0.4185,0.724863,0
2.1643,-0.420147,0.720439,0
2.16438,-0.431408,0.732385,0
2.16447,-0.43102,0.72448,0
2.16456,-0.435207,0.724306,0
2.16464,-0.430582,0.709577,0
2.16473,-0.424791,0.693196,0
2.16482,-0.428864,0.693037,0
2.16491,-0.430294,0.688615,0
2.16499,-0.432761,0.685885,0
2.16508,-0.432526,0.67893,0
2.16517,-0.429534,0.667785,0
2.16526,-0.442247,0.681,0
2.16534,-0.454535,0.693281,0
2.16543,-0.476322,0.719643,0
2.16552,-0.473901,0.709244,0
2.1656,-0.480906,0.712972,0
2.16569,-0.47557,0.698468,0
2.16578,-0.471816,0.686497,0
2.16587,-0.469677,0.677037,0
2.16595,-0.470333,0.671705,0
2.16604,-0.461716,0.653313,0
2.16613,-0.466885,0.654549,0
2.16622,-0.474411,0.658998,0
2.1663,-0.485511,0.668248,0
2.16639,-0.494926,0.674994,0
2.16648,-0.516901,0.698552,0
2.16656,-0.530714,0.710712,0
2.16665,-0.544643,0.722765,0
2.16674,-0.543554,0.71481,0
2.16683,-0.541189,0.705291,0
2.16691,-0.546098,0.705295,0
2.167,-0.541782,0.693449,0
2.16709,-0.53985,0.684796,0
2.16718,-0.541588,0.680869,0
2.16726,-0.546431,0.680839,0
2.16735,-0.538069,0.66446,0
2.16744,-0.5378,0.658234,0
2.16752,-0.530489,0.643535,0
2.16761,-0.496844,0.59739,0
2.1677,-0.511659,0.609771,0
2.16779,-0.519484,0.613639,0
2.16787,-0.520208,0.609085,0
2.16796,-0.516986,0.599992,0
2.16805,-0.51107,0.587919,0
2.16814,-0.505059,0.575909,0
2.16822,-0.3439,0.388708,0
2.16831,-0.283666,0.31782,0
2.1684,-0.260292,0.289083,0
2.16848,-0.369802,0.40712,0
2.16857,-0.136469,0.14893,0
2.16866,-0.136439,0.147599,0
2.16875,-0.323949,0.347393,0
2.16883,-0.163759,0.174081,0
2.16892,-0.158322,0.166836,0
2.16901,-0.140377,0.14664,0
2.1691,-0.120176,0.124446,0
2.16918,-0.0809437,0.083091,0
2.16927,-0.0834082,0.0848768,0
2.16936,-0.0992661,0.100136,0
2.16944,-0.0615183,0.0615183,0
