7200
1283
1.11701
1.13272,-0.0275772,-0.0275772,0
1.13281,-0.0197124,-0.0198852,0
1.13298,-0.0516365,-0.0530063,0
1.13307,-0.054878,-0.0568278,0
1.13316,-0.0580871,-0.0606786,0
1.13324,-0.0564451,-0.0594807,0
1.13333,-0.0719442,-0.076479,0
1.13342,-0.105028,-0.112628,0
1.1335,-0.123542,-0.133647,0
1.13359,-0.157413,-0.171786,0
1.13368,-0.210451,-0.231688,0
1.13377,-0.23085,-0.256385,0
1.13385,-0.259028,-0.290216,0
1.13394,-0.350526,-0.396198,0
1.13403,-0.348794,-0.397723,0
1.13411,-0.354928,-0.408298,0
1.1342,-0.274812,-0.318935,0
1.13429,-0.290953,-0.340662,0
1.13438,-0.293986,-0.347271,0
1.13446,-0.27897,-0.332463,0
1.13455,-0.292224,-0.351361,0
1.13464,-0.27733,-0.336428,0
1.13473,-0.291677,-0.356995,0
1.13481,-0.29641,-0.366036,0
1.1349,-0.293558,-0.365766,0
1.13499,-0.29943,-0.376435,0
1.13507,-0.295927,-0.375381,0
1.13516,-0.295518,-0.378245,0
1.13525,-0.299986,-0.387438,0
1.13534,-0.297684,-0.38795,0
1.13542,-0.304463,-0.400389,0
1.13551,-0.30512,-0.404908,0
1.1356,-0.296171,-0.396621,0
1.13569,-0.295627,-0.399517,0
1.13577,-0.301568,-0.411287,0
1.13586,-0.305648,-0.420689,0
1.13595,-0.30381,-0.422018,0
1.13603,-0.297901,-0.417641,0
1.13612,-0.30935,-0.43772,0
1.13621,-0.304569,-0.43497,0
1.1363,-0.296398,-0.427256,0
1.13638,-0.301895,-0.439259,0
1.13647,-0.304477,-0.447185,0
1.13656,-0.301964,-0.44768,0
1.13665,-0.286674,-0.429038,0
1.13673,-0.274865,-0.415275,0
1.13682,-0.281823,-0.429851,0
1.13691,-0.281578,-0.433593,0
1.13699,-0.279684,-0.434817,0
1.13708,-0.278321,-0.436877,0
1.13717,-0.283883,-0.449927,0
1.13726,-0.289866,-0.463882,0
1.13734,-0.288365,-0.465993,0
1.13743,-0.280582,-0.457868,0
1.13752,-0.284807,-0.469347,0
1.13761,-0.283786,-0.472299,0
1.13769,-0.289392,-0.486424,0
1.13778,-0.280669,-0.476481,0
1.13787,-0.279595,-0.479429,0
1.13795,-0.2775,-0.480644,0
1.13804,-0.282347,-0.494005,0
1.13813,-0.281174,-0.496973,0
1.13822,-0.29415,-0.525243,0
1.1383,-0.297673,-0.537017,0
1.13839,-0.30158,-0.549708,0
1.13848,-0.292021,-0.537836,0
1.13857,-0.288252,-0.536462,0
1.13865,-0.293889,-0.552725,0
1.13874,-0.290078,-0.551347,0
1.13883,-0.294134,-0.565026,0
1.13891,-0.291208,-0.565415,0
1.139,-0.302358,-0.59341,0
1.13909,-0.294364,-0.584008,0
1.13918,-0.294491,-0.590657,0
1.13926,-0.295449,-0.599111,0
1.13935,-0.298969,-0.612978,0
1.13944,-0.296726,-0.615177,0
1.13953,-0.291887,-0.611953,0
1.13961,-0.293906,-0.62317,0
1.1397,-0.296678,-0.636228,0
1.13979,-0.29683,-0.643874,0
1.13987,-0.296506,-0.650622,0
1.13996,-0.294896,-0.654645,0
1.14005,-0.299765,-0.673283,0
1.14014,-0.296422,-0.673669,0
1.14022,-0.304644,-0.700634,0
1.14031,-0.293689,-0.683581,0
1.1404,-0.292658,-0.689458,0
1.14049,-0.297767,-0.710095,0
1.14057,-0.301172,-0.727093,0
1.14066,-0.296482,-0.724698,0
1.14075,-0.296688,-0.73433,0
1.14083,-0.293111,-0.734688,0
1.14092,-0.293201,-0.744334,0
1.14101,-0.295387,-0.759586,0
1.1411,-0.293503,-0.764602,0
1.14118,-0.292999,-0.773357,0
1.14127,-0.295925,-0.791488,0
1.14136,-0.295584,-0.801215,0
1.14145,-0.297558,-0.817533,0
1.14153,-0.29838,-0.831058,0
1.14162,-0.296754,-0.838008,0
1.14171,-0.294743,-0.844016,0
1.14179,-0.293988,-0.853803,0
1.14188,-0.289617,-0.853184,0
1.14197,-0.295093,-0.881941,0
1.14206,-0.294687,-0.893667,0
1.14214,-0.296965,-0.913965,0
1.14223,-0.295718,-0.923824,0
1.14232,-0.293489,-0.930828,0
1.14241,-0.295059,-0.950245,0
1.14249,-0.293249,-0.959174,0
1.14258,-0.275227,-0.914481,0
1.14267,-0.261294,-0.882114,0
1.14275,-0.260521,-0.893806,0
1.14284,-0.274259,-0.956455,0
1.14293,-0.276326,-0.979779,0
1.14302,-0.284342,-1.0253,0
1.1431,-0.291176,-1.06802,0
1.14319,-0.293501,-1.09536,0
1.14328,-0.293047,-1.11307,0
1.14337,-0.293195,-1.1337,0
1.14345,-0.290461,-1.14369,0
1.14354,-0.293693,-1.17794,0
1.14363,-0.292591,-1.19572,0
1.14371,-0.293908,-1.22421,0
1.1438,-0.282375,-1.1992,0
1.14389,-0.275115,-1.19165,0
1.14398,-0.271237,-1.1987,0
1.14406,-0.284618,-1.28383,0
1.14415,-0.278589,-1.2831,0
1.14424,-0.270077,-1.27061,0
1.14433,-0.265956,-1.27863,0
1.14441,-0.276125,-1.3572,0
1.1445,-0.278589,-1.40056,0
1.14459,-0.274193,-1.4106,0
1.14467,-0.266729,-1.4049,0
1.14476,-0.262419,-1.41589,0
1.14485,-0.260509,-1.44064,0
1.14494,-0.261688,-1.48411,0
1.14502,-0.258935,-1.50692,0
1.14511,-0.254668,-1.52184,0
1.1452,-0.248347,-1.52491,0
1.14529,-0.243412,-1.53684,0
1.14537,-0.238073,-1.54679,0
1.14546,-0.2294,-1.53495,0
1.14555,-0.224136,-1.54584,0
1.14563,-0.215997,-1.5369,0
1.14572,-0.209154,-1.53683,0
1.14581,-0.203099,-1.54269,0
1.1459,-0.196239,-1.54257,0
1.14598,-0.189629,-1.5444,0
1.14607,-0.182065,-1.53826,0
1.14616,-0.175239,-1.53805,0
1.14624,-0.16809,-1.53482,0
1.14633,-0.161601,-1.53753,0
1.14642,-0.155191,-1.54121,0
1.14651,-0.146836,-1.52495,0
1.14659,-0.140455,-1.52856,0
1.14668,-0.135353,-1.54709,0
1.14677,-0.127939,-1.53969,0
1.14686,-0.120984,-1.53725,0
1.14694,-0.115091,-1.54873,0
1.14703,-0.109866,-1.57116,0
1.14712,-0.102945,-1.57063,0
1.1472,-0.0964567,-1.57705,0
1.14729,-0.0899148,-1.58345,0
1.14738,-0.0824815,-1.57384,0
1.14747,-0.0756136,-1.57419,0
1.14755,-0.0690495,-1.58149,0
1.14764,-0.0620305,-1.57878,0
1.14773,-0.0551412,-1.57904,0
1.14782,-0.0481593,-1.57626,0
1.1479,-0.0413858,-1.58046,0
1.14799,-0.0343366,-1.57363,0
1.14808,-0.0274527,-1.57276,0
1.14816,-0.02059,-1.57287,0
1.14825,-0.0137443,-1.57494,0
1.14834,-0.00688532,-1.57798,0
1.14843,-1.89852e-08,-1.576,0
1.14851,0.00687656,-1.57598,0
1.1486,0.0137966,-1.58094,0
1.14869,0.0206161,-1.57487,0
1.14878,0.0275224,-1.57676,0
1.14886,0.0345329,-1.58262,0
1.14895,0.0412025,-1.57346,0
1.14904,0.0480371,-1.57227,0
1.14912,0.0551761,-1.58004,0
1.14921,0.0617949,-1.57279,0
1.1493,0.068875,-1.5775,0
1.14939,0.0756615,-1.57518,0
1.14947,0.0827431,-1.57883,0
1.14956,0.0894612,-1.57546,0
1.14965,0.0953578,-1.55909,0
1.14974,0.102683,-1.56664,0
1.14982,0.109797,-1.57017,0
1.14991,0.116795,-1.57167,0
1.15,0.123965,-1.57513,0
1.15008,0.131582,-1.58354,0
1.15017,0.138055,-1.57797,0
1.15026,0.144573,-1.57337,0
1.15035,0.15134,-1.57173,0
1.15043,0.158297,-1.57205,0
1.15052,0.164632,-1.56637,0
1.15061,0.171574,-1.56663,0
1.1507,0.178974,-1.57084,0
1.15078,0.185944,-1.57103,0
1.15087,0.192675,-1.56922,0
1.15096,0.199394,-1.56737,0
1.15104,0.206231,-1.56648,0
1.15113,0.214548,-1.57647,0
1.15122,0.221146,-1.57354,0
1.15131,0.227292,-1.56761,0
1.15139,0.237086,-1.58638,0
1.15148,0.241876,-1.57149,0
1.15157,0.25577,-1.61487,0
1.15166,0.284354,-1.746,0
1.15174,0.367066,-2.1935,0
1.15183,0.376972,-2.19385,0
1.15192,0.387062,-2.19514,0
1.152,0.396992,-2.19539,0
1.15209,0.406385,-2.19266,0
1.15218,0.415949,-2.19086,0
1.15227,0.42684,-2.1959,0
1.15235,0.438758,-2.20579,0
1.15244,0.448378,-2.20385,0
1.15253,0.457583,-2.19992,0
1.15262,0.469049,-2.2067,0
1.1527,0.478036,-2.2017,0
1.15279,0.487855,-2.20057,0
1.15288,0.49679,-2.1955,0
1.15296,0.504565,-2.18551,0
1.15305,0.517764,-2.19886,0
1.15314,0.527353,-2.19658,0
1.15323,0.536457,-2.19232,0
1.15331,0.547711,-2.19675,0
1.1534,0.559014,-2.20112,0
1.15349,0.568112,-2.19673,0
1.15358,0.578456,-2.19713,0
1.15366,0.588813,-2.19748,0
1.15375,0.600237,-2.20164,0
1.15384,0.607967,-2.19226,0
1.15392,0.618341,-2.19247,0
1.15401,0.628178,-2.19072,0
1.1541,0.637451,-2.18699,0
1.15419,0.650679,-2.19666,0
1.15427,0.660546,-2.19475,0
1.15436,0.673332,-2.20237,0
1.15445,0.681453,-2.19464,0
1.15454,0.686211,-2.17638,0
1.15462,0.698139,-2.18099,0
1.15471,0.711048,-2.18838,0
1.1548,0.721843,-2.18906,0
1.15488,0.733291,-2.19158,0
1.15497,0.744775,-2.19404,0
1.15506,0.754341,-2.19077,0
1.15515,0.762574,-2.18368,0
1.15523,0.772095,-2.18033,0
1.15532,0.786332,-2.19012,0
1.15541,0.796565,-2.18854,0
1.1555,0.806107,-2.18505,0
1.15558,0.815283,-2.18057,0
1.15567,0.826915,-2.18261,0
1.15576,0.837864,-2.18271,0
1.15584,0.849192,-2.18369,0
1.15593,0.857613,-2.17718,0
1.15602,0.867104,-2.17341,0
1.15611,0.877329,-2.17146,0
1.15619,0.892475,-2.1815,0
1.15628,0.905429,-2.1859,0
1.15637,0.917278,-2.18746,0
1.15646,0.926814,-2.18344,0
1.15654,0.935148,-2.17662,0
1.15663,0.94982,-2.18444,0
1.15672,0.957732,-2.17661,0
1.1568,0.97088,-2.18063,0
1.15689,0.985314,-2.18732,0
1.15698,0.994849,-2.183,0
1.15707,1.00688,-2.18408,0
1.15715,1.01682,-2.18058,0
1.15724,1.02888,-2.18155,0
1.15733,1.03796,-2.17613,0
1.15742,1.04832,-2.17338,0
1.1575,1.06393,-2.18137,0
1.15759,1.0699,-2.16954,0
1.15768,1.08024,-2.16664,0
1.15776,1.10094,-2.18423,0
1.15785,1.10637,-2.17138,0
1.15794,1.12133,-2.1772,0
1.15803,1.13175,-2.17406,0
1.15811,1.14076,-2.16822,0
1.1582,1.15255,-2.16764,0
1.15829,1.16484,-2.16787,0
1.15838,1.1781,-2.1698,0
1.15846,1.19622,-2.18042,0
1.15855,1.20184,-2.16818,0
1.15864,1.21911,-2.17688,0
1.15872,1.22515,-2.16544,0
1.15881,1.24054,-2.1705,0
1.1589,1.252,-2.16853,0
1.15899,1.26397,-2.16736,0
1.15907,1.27697,-2.16786,0
1.15916,1.29255,-2.17258,0
1.15925,1.2979,-2.16006,0
1.15933,1.31457,-2.16635,0
1.15942,1.32715,-2.16571,0
1.15951,1.33658,-2.15989,0
1.1596,1.35659,-2.171,0
1.15968,1.36445,-2.16253,0
1.15977,1.37925,-2.16499,0
1.15986,1.39463,-2.1682,0
1.15995,1.41007,-2.17132,0
1.16003,1.42172,-2.16849,0
1.16012,1.43504,-2.1681,0
1.16021,1.44448,-2.16182,0
1.16029,1.4567,-2.15964,0
1.16038,1.47567,-2.16732,0
1.16047,1.48512,-2.16086,0
1.16056,1.50935,-2.17572,0
1.16064,1.52514,-2.17813,0
1.16073,1.54329,-2.1837,0
1.16082,1.55396,-2.17857,0
1.16091,1.57455,-2.18719,0
1.16099,1.5882,-2.18596,0
1.16108,1.61014,-2.19595,0
1.16117,1.62387,-2.19453,0
1.16125,1.63642,-2.19143,0
1.16134,1.64957,-2.18906,0
1.16143,1.6694,-2.19537,0
1.16152,1.67714,-2.18569,0
1.1616,1.69645,-2.191,0
1.16169,1.706,-2.18358,0
1.16178,1.71551,-2.17611,0
1.16187,1.74055,-2.18817,0
1.16195,1.7651,-2.19927,0
1.16204,1.77468,-2.19155,0
1.16213,1.79245,-2.19385,0
1.16221,1.8071,-2.19219,0
1.1623,1.83135,-2.20196,0
1.16239,1.83644,-2.18859,0
1.16248,1.86278,-2.2004,0
1.16256,1.86976,-2.18921,0
1.16265,1.89039,-2.19391,0
1.16274,1.91307,-2.20073,0
1.16283,1.92529,-2.19537,0
1.16291,1.94545,-2.19893,0
1.163,1.96235,-2.19863,0
1.16309,1.97795,-2.19674,0
1.16317,1.9855,-2.18586,0
1.16326,2.01461,-2.19856,0
1.16335,2.02826,-2.19416,0
1.16344,2.05486,-2.20357,0
1.16352,2.07953,-2.21061,0
1.16361,2.08847,-2.20079,0
1.1637,2.10427,-2.19815,0
1.16379,2.13191,-2.20765,0
1.16387,2.14501,-2.20191,0
1.16396,2.1609,-2.19895,0
1.16405,2.16696,-2.18595,0
1.16413,2.03081,-2.03081,0
1.16422,2.01835,-2.00081,0
1.16431,2.02064,-1.98568,0
1.1644,2.01352,-1.96149,0
1.16448,2.02134,-1.95199,0
1.16457,2.01323,-1.92725,0
1.16466,2.01727,-1.91431,0
1.16475,2.01467,-1.89522,0
1.16483,2.01488,-1.87891,0
1.16492,2.01425,-1.86195,0
1.16501,2.01572,-1.84706,0
1.16509,2.00747,-1.82346,0
1.16518,2.01169,-1.81134,0
1.16527,2.0151,-1.79855,0
1.16536,2.01469,-1.78245,0
1.16544,2.01418,-1.76639,0
1.16553,2.00451,-1.74249,0
1.16562,2.01058,-1.73242,0
1.16571,2.00215,-1.71,0
1.16579,2.01188,-1.70318,0
1.16588,2.00933,-1.68603,0
1.16597,2.01975,-1.67981,0
1.16605,2.01703,-1.66271,0
1.16614,2.01032,-1.6425,0
1.16623,2.01281,-1.62994,0
1.16632,2.0082,-1.61175,0
1.1664,2.00348,-1.59364,0
1.16649,2.00177,-1.57807,0
1.16658,2.01258,-1.5724,0
1.16667,2.00519,-1.55258,0
1.16675,2.01036,-1.5426,0
1.16684,2.00991,-1.52837,0
1.16693,2.01096,-1.51537,0
1.16701,2.00233,-1.49521,0
1.1671,2.00643,-1.48468,0
1.16719,2.00321,-1.46881,0
1.16728,1.99827,-1.45183,0
1.16736,1.99566,-1.43667,0
1.16745,2.0011,-1.42737,0
1.16754,1.99996,-1.41343,0
1.16763,2.00856,-1.40641,0
1.16771,2.00893,-1.39364,0
1.1678,2.00675,-1.3792,0
1.16789,2.00779,-1.36705,0
1.16797,2.00047,-1.34933,0
1.16806,1.99968,-1.33615,0
1.16815,1.99549,-1.32079,0
1.16824,1.99956,-1.31097,0
1.16832,1.99604,-1.29624,0
1.16841,2.00083,-1.28698,0
1.1685,1.99546,-1.27125,0
1.16859,2.00184,-1.26307,0
1.16867,1.998,-1.24849,0
1.16876,2.00173,-1.23871,0
1.16885,1.99347,-1.2216,0
1.16893,1.98938,-1.20719,0
1.16902,1.99463,-1.19849,0
1.16911,1.99554,-1.18722,0
1.1692,2.00501,-1.18104,0
1.16928,1.9946,-1.16321,0
1.16937,2.00052,-1.155,0
1.16946,1.99946,-1.14279,0
1.16955,2.00443,-1.13405,0
1.16963,2.00412,-1.12236,0
1.16972,1.99938,-1.10827,0
1.16981,1.99806,-1.09617,0
1.16989,2.00546,-1.08888,0
1.16998,2.0005,-1.07491,0
1.17007,1.99723,-1.06194,0
1.17016,1.99742,-1.05089,0
1.17024,1.99577,-1.03893,0
1.17033,2.00384,-1.03205,0
1.17042,1.99496,-1.01648,0
1.17051,2.00206,-1.00912,0
1.17059,1.99839,-0.99636,0
1.17068,2.00182,-0.987188,0
1.17077,1.99353,-0.972307,0
1.17085,2.00135,-0.965337,0
1.17094,2.00103,-0.954443,0
1.17103,1.99432,-0.940584,0
1.17112,1.99569,-0.930605,0
1.1712,1.99065,-0.917702,0
1.17129,1.99282,-0.908178,0
1.17138,1.98855,-0.895778,0
1.17146,1.98696,-0.884652,0
1.17155,2.00362,-0.881612,0
1.17164,1.99369,-0.866881,0
1.17173,2.00021,-0.859357,0
1.17181,1.99381,-0.846324,0
1.1719,1.99657,-0.837229,0
1.17199,1.98819,-0.823535,0
1.17208,1.98621,-0.81258,0
1.17216,1.99252,-0.80503,0
1.17225,1.98951,-0.793734,0
1.17234,1.99482,-0.785779,0
1.17242,1.9917,-0.77453,0
1.17251,1.99413,-0.765474,0
1.1726,1.98997,-0.753931,0
1.17269,1.99699,-0.746642,0
1.17277,1.99272,-0.735153,0
1.17286,1.99309,-0.725425,0
1.17295,1.98494,-0.712666,0
1.17304,1.98709,-0.703665,0
1.17312,1.9892,-0.694658,0
1.17321,1.99221,-0.685972,0
1.1733,1.98571,-0.674059,0
1.17338,1.98958,-0.665705,0
1.17347,1.98392,-0.654199,0
1.17356,1.98961,-0.646464,0
1.17365,1.9867,-0.635947,0
1.17373,1.98373,-0.625468,0
1.17382,1.99217,-0.618586,0
1.17391,1.9872,-0.607548,0
1.174,1.99558,-0.600601,0
1.17408,1.98667,-0.58848,0
1.17417,1.99306,-0.580925,0
1.17426,1.99077,-0.570845,0
1.17434,1.99517,-0.562696,0
1.17443,1.98604,-0.550778,0
1.17452,1.98553,-0.541318,0
1.17461,1.98594,-0.532132,0
1.17469,1.99405,-0.524989,0
1.17478,1.99632,-0.516284,0
1.17487,1.98595,-0.504368,0
1.17496,1.98717,-0.495456,0
1.17504,1.98348,-0.485355,0
1.17513,1.98655,-0.476929,0
1.17522,1.98375,-0.46711,0
1.1753,2.00136,-0.462049,0
1.17539,1.99067,-0.450443,0
1.17548,1.99457,-0.442186,0
1.17557,1.9916,-0.432418,0
1.17565,2.00422,-0.426011,0
1.17574,1.98648,-0.413189,0
1.17583,1.98925,-0.404717,0
1.17592,1.98413,-0.394668,0
1.176,1.98878,-0.386579,0
1.17609,1.98946,-0.377711,0
1.17618,1.98126,-0.367205,0
1.17626,1.99268,-0.360336,0
1.17635,1.98242,-0.349554,0
1.17644,1.98984,-0.341917,0
1.17653,1.98342,-0.331911,0
1.17661,1.99373,-0.3247,0
1.1767,1.97735,-0.313182,0
1.17679,1.97277,-0.303638,0
1.17688,1.98199,-0.29621,0
1.17696,1.98524,-0.287846,0
1.17705,1.9944,-0.280295,0
1.17714,1.9847,-0.270106,0
1.17722,1.98686,-0.261575,0
1.17731,1.97905,-0.251767,0
1.1774,1.98708,-0.243982,0
1.17749,1.98514,-0.234957,0
1.17757,1.98019,-0.225614,0
1.17766,1.97817,-0.216645,0
1.17775,1.97313,-0.207385,0
1.17784,1.98496,-0.199875,0
1.17792,1.98183,-0.190829,0
1.17801,1.98763,-0.182637,0
1.1781,1.98044,-0.173266,0
1.17818,1.99014,-0.165368,0
1.17827,1.98486,-0.156212,0
1.17836,1.97356,-0.146661,0
1.17845,1.9672,-0.13756,0
1.17853,1.98075,-0.129825,0
1.17862,1.98729,-0.121548,0
1.17871,1.99079,-0.113045,0
1.1788,1.98927,-0.104253,0
1.17888,1.98771,-0.0954765,0
1.17897,1.97911,-0.0864101,0
1.17906,1.97548,-0.0776167,0
1.17914,1.98079,-0.0691708,0
1.17923,1.98008,-0.0604968,0
1.17932,1.98432,-0.0519613,0
1.17941,1.97453,-0.0430844,0
1.17949,1.9887,-0.0347129,0
1.17958,1.98783,-0.0260222,0
1.17967,1.98592,-0.0173309,0
1.17976,1.97798,-0.00863067,0
1.17984,1.974,-4.77992e-08,0
1.17993,1.95998,0.00855204,0
1.18002,1.93493,0.0168858,0
1.1801,1.76585,0.0231162,0
1.18019,1.67974,0.02932,0
1.18028,1.6676,0.0363872,0
1.18037,1.67443,0.0438463,0
1.18045,1.66622,0.0509077,0
1.18054,1.66499,0.0581425,0
1.18063,1.65372,0.064975,0
1.18072,1.65442,0.0722337,0
1.1808,1.65309,0.0794038,0
1.18089,1.65673,0.0868253,0
1.18098,1.66132,0.0943368,0
1.18106,1.65191,0.101035,0
1.18115,1.65146,0.108242,0
1.18124,1.64498,0.115028,0
1.18133,1.65344,0.122872,0
1.18141,1.6509,0.129928,0
1.1815,1.65231,0.137296,0
1.18159,1.63774,0.143284,0
1.18168,1.65403,0.151984,0
1.18176,1.65534,0.159391,0
1.18185,1.65961,0.167114,0
1.18194,1.66682,0.17519,0
1.18202,1.66902,0.182787,0
1.18211,1.67417,0.190747,0
1.1822,1.67133,0.197815,0
1.18229,1.70817,0.209737,0
1.18237,1.88382,0.239652,0
1.18246,1.92539,0.253482,0
1.18255,1.73302,0.235854,0
1.18264,1.70029,0.23896,0
1.18272,1.69824,0.246233,0
1.18281,1.71891,0.256893,0
1.1829,1.75928,0.27078,0
1.18298,1.84698,0.292532,0
1.18307,1.9128,0.311519,0
1.18316,1.92523,0.322173,0
1.18325,1.93169,0.331925,0
1.18333,1.94303,0.342608,0
1.18342,1.94446,0.351616,0
1.18351,1.95766,0.362831,0
1.1836,1.95409,0.370996,0
1.18368,1.95638,0.380282,0
1.18377,1.94784,0.387449,0
1.18386,1.95985,0.398736,0
1.18394,1.96103,0.407894,0
1.18403,1.95727,0.416031,0
1.18412,1.95935,0.425416,0
1.18421,1.96138,0.434827,0
1.18429,1.95946,0.443381,0
1.18438,1.96141,0.452826,0
1.18447,1.9672,0.463214,0
1.18455,1.97197,0.473427,0
1.18464,1.96405,0.480601,0
1.18473,1.95612,0.487714,0
1.18482,1.96366,0.498707,0
1.1849,1.97309,0.510274,0
1.18499,1.96697,0.51786,0
1.18508,1.97242,0.528508,0
1.18517,1.9701,0.53711,0
1.18525,1.97641,0.548106,0
1.18534,1.96822,0.555096,0
1.18543,1.97059,0.565057,0
1.18551,1.97578,0.575888,0
1.1856,1.97613,0.585356,0
1.18569,1.97451,0.594261,0
1.18578,1.96999,0.602286,0
1.18586,1.97403,0.612951,0
1.18595,1.97706,0.623363,0
1.18604,1.97336,0.631679,0
1.18613,1.97534,0.641828,0
1.18621,1.97537,0.651381,0
1.1863,1.96208,0.656503,0
1.18639,1.96204,0.666023,0
1.18647,1.97141,0.67881,0
1.18656,1.97692,0.690372,0
1.18665,1.97201,0.698324,0
1.18674,1.97176,0.707935,0
1.18682,1.9696,0.716874,0
1.18691,1.96833,0.726154,0
1.187,1.97263,0.737537,0
1.18709,1.97594,0.748617,0
1.18717,1.96239,0.753289,0
1.18726,1.97399,0.767644,0
1.18735,1.97993,0.779915,0
1.18743,1.97836,0.789287,0
1.18752,1.96841,0.79529,0
1.18761,1.97048,0.806143,0
1.1877,1.97341,0.817412,0
1.18778,1.9772,0.829108,0
1.18787,1.9708,0.836555,0
1.18796,1.96254,0.843173,0
1.18805,1.96434,0.85412,0
1.18813,1.96517,0.864697,0
1.18822,1.97326,0.878551,0
1.18831,1.96941,0.887153,0
1.18839,1.97007,0.897811,0
1.18848,1.9625,0.904724,0
1.18857,1.96125,0.914546,0
1.18866,1.96357,0.926081,0
1.18874,1.96673,0.938084,0
1.18883,1.96442,0.947525,0
1.18892,1.96566,0.958718,0
1.18901,1.95877,0.965958,0
1.18909,1.97065,0.982527,0
1.18918,1.96098,0.988416,0
1.18927,1.96645,1.00196,0
1.18935,1.96206,1.01053,0
1.18944,1.96118,1.02093,0
1.18953,1.95494,1.02854,0
1.18962,1.95749,1.04082,0
1.1897,1.96791,1.0574,0
1.18979,1.95713,1.06263,0
1.18988,1.96299,1.07693,0
1.18997,1.9574,1.085,0
1.19005,1.96486,1.10038,0
1.19014,1.96091,1.10943,0
1.19023,1.96213,1.12145,0
1.19031,1.96068,1.132,0
1.1904,1.96177,1.14407,0
1.19049,1.96193,1.15566,0
1.19058,1.95601,1.1637,0
1.19066,1.96291,1.17944,0
1.19075,1.96373,1.19162,0
1.19084,1.96363,1.20331,0
1.19093,1.96261,1.2145,0
1.19101,1.96323,1.22676,0
1.1911,1.95279,1.23212,0
1.19119,1.96004,1.24868,0
1.19127,1.95542,1.25777,0
1.19136,1.97255,1.28099,0
1.19145,1.96276,1.28684,0
1.19154,1.9688,1.30312,0
1.19162,1.96061,1.31003,0
1.19171,1.96399,1.32473,0
1.1918,1.9648,1.33779,0
1.19189,1.96801,1.35258,0
1.19197,1.96291,1.36172,0
1.19206,1.96187,1.37372,0
1.19215,1.95994,1.38515,0
1.19223,1.95958,1.39775,0
1.19232,1.95021,1.40395,0
1.19241,1.95944,1.42362,0
1.1925,1.95805,1.4357,0
1.19258,1.96061,1.45077,0
1.19267,1.95987,1.4635,0
1.19276,1.95746,1.47505,0
1.19285,1.95578,1.48721,0
1.19293,1.95879,1.50303,0
1.19302,1.95696,1.51524,0
1.19311,1.95821,1.52992,0
1.19319,1.95544,1.54154,0
1.19328,1.96278,1.56127,0
1.19337,1.95361,1.56794,0
1.19346,1.95141,1.58022,0
1.19354,1.95302,1.59568,0
1.19363,1.95298,1.60991,0
1.19372,1.9544,1.62545,0
1.19381,1.94958,1.63589,0
1.19389,1.95769,1.65731,0
1.19398,1.955,1.66973,0
1.19407,1.95376,1.68347,0
1.19415,1.95545,1.69985,0
1.19424,1.9623,1.72089,0
1.19433,1.95927,1.73341,0
1.19442,1.9584,1.74794,0
1.1945,1.95744,1.76249,0
1.19459,1.94899,1.77034,0
1.19468,1.9619,1.79775,0
1.19477,1.96505,1.81647,0
1.19485,1.95783,1.82571,0
1.19494,1.95568,1.83972,0
1.19503,1.95996,1.85993,0
1.19511,1.96122,1.87746,0
1.1952,1.96811,1.90059,0
1.19529,1.96123,1.91055,0
1.19538,1.9593,1.9254,0
1.19546,1.95656,1.93956,0
1.19555,1.96505,1.96505,0
1.19564,1.96209,1.97929,0
1.19573,1.95554,1.98997,0
1.19581,1.9573,2.00923,0
1.1959,1.95477,2.02422,0
1.19599,1.95629,2.04357,0
1.19607,1.95493,2.06006,0
1.19616,1.95072,2.07367,0
1.19625,1.95256,2.09387,0
1.19634,1.95902,2.11925,0
1.19642,1.95583,2.13442,0
1.19651,1.95592,2.15329,0
1.1966,1.95386,2.16998,0
1.19668,1.95503,2.19042,0
1.19677,1.95539,2.21017,0
1.19686,1.951,2.22469,0
1.19695,1.95112,2.24451,0
1.19703,1.9511,2.26436,0
1.19712,1.94575,2.27818,0
1.19721,1.95453,2.30878,0
1.1973,1.95986,2.33567,0
1.19738,1.95413,2.34958,0
1.19747,1.9553,2.37197,0
1.19756,1.95569,2.39365,0
1.19764,1.95404,2.41304,0
1.19773,1.94662,2.42544,0
1.19782,1.95283,2.45504,0
1.19791,1.95819,2.48396,0
1.19799,1.9578,2.50587,0
1.19808,1.96032,2.53179,0
1.19817,1.95778,2.55142,0
1.19826,1.96055,2.57825,0
1.19834,1.9559,2.59557,0
1.19843,1.95293,2.61529,0
1.19852,1.95756,2.64549,0
1.1986,1.95783,2.67014,0
1.19869,1.95615,2.69241,0
1.19878,1.95315,2.71309,0
1.19887,1.95697,2.74357,0
1.19895,1.95768,2.77005,0
1.19904,1.95417,2.79085,0
1.19913,1.95509,2.81825,0
1.19922,1.95637,2.84653,0
1.1993,1.9535,2.86909,0
1.19939,1.95494,2.89832,0
1.19948,1.95338,2.92345,0
1.19956,1.95772,2.95779,0
1.19965,1.94534,2.96714,0
1.19974,1.93347,2.97728,0
1.19983,1.91289,2.97391,0
1.19991,1.89667,2.97717,0
1.2,1.87459,2.97104,0
1.20009,1.85631,2.97071,0
1.20018,1.83807,2.97028,0
1.20026,1.81568,2.96292,0
1.20035,1.80118,2.96825,0
1.20044,1.77997,2.96237,0
1.20052,1.76243,2.96237,0
1.20061,1.74745,2.96659,0
1.2007,1.73197,2.96987,0
1.20079,1.714,2.96873,0
1.20087,1.69656,2.96837,0
1.20096,1.67621,2.96269,0
1.20105,1.65887,2.96212,0
1.20114,1.63817,2.95534,0
1.20122,1.62141,2.95545,0
1.20131,1.60039,2.94755,0
1.2014,1.51652,2.82237,0
1.20148,1.48118,2.7857,0
1.20157,1.46622,2.78683,0
1.20166,1.4462,2.77812,0
1.20175,1.43406,2.7844,0
1.20183,1.41917,2.78529,0
1.20192,1.40296,2.78342,0
1.20201,1.38589,2.77967,0
1.2021,1.37198,2.7821,0
1.20218,1.35939,2.78716,0
1.20227,1.34417,2.78676,0
1.20236,1.33243,2.7935,0
1.20244,1.3181,2.79477,0
1.20253,1.30378,2.79596,0
1.20262,1.28989,2.79799,0
1.20271,1.27435,2.79631,0
1.20279,1.26912,2.81734,0
1.20288,1.25804,2.8256,0
1.20297,1.25617,2.85486,0
1.20306,1.2437,2.86031,0
1.20314,1.25173,2.91349,0
1.20323,1.24956,2.94377,0
1.20332,1.23902,2.95473,0
1.2034,1.22153,2.94902,0
1.20349,1.21016,2.95803,0
1.20358,1.19425,2.95586,0
1.20367,1.18208,2.9629,0
1.20375,1.16108,2.94756,0
1.20384,1.14675,2.94887,0
1.20393,1.13567,2.95852,0
1.20402,1.1185,2.95222,0
1.2041,1.10876,2.9655,0
1.20419,1.09131,2.95812,0
1.20428,1.07702,2.95909,0
1.20436,1.06173,2.95718,0
1.20445,1.04248,2.94387,0
1.20454,1.02798,2.94367,0
1.20463,1.01675,2.95285,0
1.20471,1.00096,2.94874,0
1.2048,0.989039,2.95592,0
1.20489,0.973313,2.95166,0
1.20498,0.958571,2.95018,0
1.20506,0.947214,2.95909,0
1.20515,0.92888,2.94603,0
1.20524,0.915721,2.9491,0
1.20532,0.901967,2.9502,0
1.20541,0.889662,2.95602,0
1.2055,0.871643,2.94262,0
1.20559,0.860474,2.95215,0
1.20567,0.847585,2.95588,0
1.20576,0.832779,2.95281,0
1.20585,0.818551,2.9516,0
1.20594,0.80698,2.95997,0
1.20602,0.790433,2.94994,0
1.20611,0.774754,2.94272,0
1.2062,0.761155,2.94317,0
1.20628,0.747814,2.94452,0
1.20637,0.735685,2.95067,0
1.20646,0.721852,2.94997,0
1.20655,0.708974,2.95309,0
1.20663,0.695165,2.95226,0
1.20672,0.681152,2.95039,0
1.20681,0.669155,2.95724,0
1.2069,0.653431,2.94744,0
1.20698,0.641201,2.95319,0
1.20707,0.625398,2.94227,0
1.20716,0.612962,2.94693,0
1.20724,0.598901,2.94369,0
1.20733,0.586051,2.94628,0
1.20742,0.572045,2.94292,0
1.20751,0.559199,2.94539,0
1.20759,0.545613,2.94387,0
1.20768,0.53134,2.93835,0
1.20777,0.518687,2.94162,0
1.20786,0.505508,2.94188,0
1.20794,0.492667,2.94406,0
1.20803,0.479174,2.94224,0
1.20812,0.467113,2.94924,0
1.2082,0.452719,2.94136,0
1.20829,0.440768,2.94925,0
1.20838,0.427178,2.94619,0
1.20847,0.413205,2.94011,0
1.20855,0.400373,2.94188,0
1.20864,0.387271,2.94162,0
1.20873,0.374937,2.94725,0
1.20882,0.36049,2.93595,0
1.2089,0.348734,2.94643,0
1.20899,0.335534,2.94495,0
1.20908,0.322464,2.94439,0
1.20916,0.308568,2.93583,0
1.20925,0.296557,2.94511,0
1.20934,0.283128,2.9404,0
1.20943,0.270662,2.94559,0
1.20951,0.257545,2.94376,0
1.2096,0.245112,2.94983,0
1.20969,0.231062,2.93592,0
1.20977,0.218472,2.93989,0
1.20986,0.205224,2.93483,0
1.20995,0.193332,2.94967,0
1.21004,0.179727,2.93851,0
1.21012,0.167017,2.94126,0
1.21021,0.153972,2.93797,0
1.2103,0.141248,2.94061,0
1.21039,0.128285,2.9382,0
1.21047,0.115463,2.93873,0
1.21056,0.102605,2.93821,0
1.21065,0.0897833,2.93863,0
1.21073,0.0769342,2.93799,0
1.21082,0.0638086,2.9243,0
1.21091,0.0512578,2.93655,0
1.211,0.0384966,2.94075,0
1.21108,0.0256212,2.93589,0
1.21117,0.0127933,2.93197,0
1.21126,1.06928e-07,2.939,0
1.21135,-0.0128455,2.94397,0
1.21143,-0.0255599,2.92889,0
1.21152,-0.038444,2.93675,0
1.21161,-0.05131,2.93955,0
1.21169,-0.0641575,2.9403,0
1.21178,-0.0768554,2.93499,0
1.21187,-0.0896915,2.93563,0
1.21196,-0.10229,2.92921,0
1.21204,-0.115384,2.93673,0
1.21213,-0.128241,2.9372,0
1.21222,-0.141104,2.93761,0
1.21231,-0.153658,2.93198,0
1.21239,-0.166677,2.93527,0
1.21248,-0.179483,2.93452,0
1.21257,-0.192416,2.9357,0
1.21265,-0.205223,2.93483,0
1.21274,-0.218101,2.93491,0
1.21283,-0.230827,2.93293,0
1.21292,-0.243208,2.92691,0
1.213,-0.256586,2.9328,0
1.21309,-0.270021,2.93862,0
1.21318,-0.281978,2.92846,0
1.21327,-0.295254,2.93217,0
1.21335,-0.308359,2.93384,0
1.21344,-0.320395,2.92551,0
1.21353,-0.333497,2.92706,0
1.21361,-0.346735,2.92955,0
1.2137,-0.359514,2.92801,0
1.21379,-0.37418,2.94129,0
1.21388,-0.384661,2.92179,0
1.21396,-0.398619,2.929,0
1.21405,-0.4107,2.92228,0
1.21414,-0.424164,2.92541,0
1.21423,-0.436777,2.92254,0
1.21431,-0.451806,2.93543,0
1.2144,-0.463202,2.92455,0
1.21449,-0.477405,2.93138,0
1.21457,-0.488871,2.92138,0
1.21466,-0.503815,2.93203,0
1.21475,-0.516082,2.92685,0
1.21484,-0.414252,2.29085,0
1.21492,-0.40274,2.17299,0
1.21501,-0.394312,2.0769,0
1.2151,-0.396692,2.0408,0
1.21519,-0.41086,2.06553,0
1.21527,-0.411695,2.02354,0
1.21536,-0.606445,2.9156,0
1.21545,-0.622487,2.92857,0
1.21553,-0.634623,2.9229,0
1.21562,-0.648237,2.92401,0
1.21571,-0.661651,2.92408,0
1.2158,-0.675978,2.92798,0
1.21588,-0.689435,2.92792,0
1.21597,-0.70197,2.92392,0
1.21606,-0.716623,2.9286,0
1.21615,-0.728185,2.92059,0
1.21623,-0.74289,2.92514,0
1.21632,-0.756899,2.92671,0
1.21641,-0.532882,2.02403,0
1.21649,-0.569919,2.12697,0
1.21658,-0.593661,2.17753,0
1.21667,-0.604226,2.17877,0
1.21676,-0.611555,2.16841,0
1.21684,-0.608883,2.12343,0
1.21693,-0.610587,2.09483,0
1.21702,-0.59842,2.02023,0
1.21711,-0.587056,1.95057,0
1.21719,-0.589714,1.92887,0
1.21728,-0.606131,1.95206,0
1.21737,-0.604719,1.91792,0
1.21745,-0.60729,1.89717,0
1.21754,-0.610618,1.87929,0
1.21763,-0.621004,1.88325,0
1.21772,-0.627629,1.87578,0
1.2178,-0.63645,1.87492,0
1.21789,-0.643323,1.86834,0
1.21798,-0.656084,1.87874,0
1.21807,-0.663608,1.87397,0
1.21815,-0.672792,1.87388,0
1.21824,-0.684724,1.88126,0
1.21833,-0.693272,1.8792,0
1.21841,-0.702516,1.87896,0
1.2185,-0.709645,1.87308,0
1.21859,-0.720678,1.87743,0
1.21868,-0.729225,1.8752,0
1.21876,-0.740332,1.87944,0
1.21885,-0.74445,1.86598,0
1.21894,-0.756705,1.87291,0
1.21903,-0.767899,1.877,0
1.21911,-0.779909,1.88287,0
1.2192,-0.783863,1.8693,0
1.21929,-0.79631,1.87599,0
1.21937,-0.806067,1.87617,0
1.21946,-0.813448,1.8708,0
1.21955,-0.822409,1.86907,0
1.21964,-0.837471,1.88099,0
1.21972,-0.843206,1.87185,0
1.21981,-0.851365,1.86815,0
1.2199,-0.86537,1.87713,0
1.21999,-0.873975,1.87424,0
1.22007,-0.885557,1.87765,0
1.22016,-0.893741,1.87377,0
1.22025,-0.904949,1.87615,0
1.22033,-0.914004,1.87399,0
1.22042,-0.921287,1.86819,0
1.22051,-0.930322,1.86594,0
1.2206,-0.943856,1.87258,0
1.22068,-0.95565,1.87557,0
1.22077,-0.964282,1.87227,0
1.22086,-0.976137,1.87514,0
1.22095,-0.987103,1.87617,0
1.22103,-1.00185,1.88421,0
1.22112,-1.02852,1.91418,0
1.22121,-1.03114,1.89912,0
1.22129,-1.02306,1.8648,0
1.22138,-1.03992,1.87606,0
1.22147,-1.05151,1.87761,0
1.22156,-1.05871,1.87126,0
1.22164,-1.06835,1.86923,0
1.22173,-1.0815,1.87321,0
1.22182,-1.0947,1.87711,0
1.2219,-1.10796,1.88094,0
1.22199,-1.11104,1.86749,0
1.22208,-1.10682,1.84205,0
1.22217,-1.10447,1.82011,0
1.22225,-1.10665,1.80589,0
1.22234,-1.11136,1.79594,0
1.22243,-1.11495,1.78429,0
1.22252,-1.11045,1.75996,0
1.2226,-1.10576,1.7357,0
1.22269,-1.10467,1.7174,0
1.22278,-1.10562,1.7025,0
1.22286,-1.10536,1.68595,0
1.22295,-1.10332,1.66694,0
1.22304,-1.10558,1.65462,0
1.22313,-1.10832,1.64315,0
1.22321,-1.1031,1.62012,0
1.2233,-1.10393,1.60622,0
1.22339,-1.10465,1.59235,0
1.22348,-1.10471,1.57769,0
1.22356,-1.10119,1.55815,0
1.22365,-1.09811,1.53949,0
1.22374,-1.09897,1.52657,0
1.22382,-1.10092,1.51529,0
1.22391,-1.10871,1.51208,0
1.224,-1.10042,1.48714,0
1.22409,-1.10391,1.47831,0
1.22417,-1.10012,1.45991,0
1.22426,-1.10285,1.45032,0
1.22435,-1.10429,1.43914,0
1.22444,-1.10015,1.42087,0
1.22452,-1.10019,1.40818,0
1.22461,-1.09827,1.39315,0
1.2247,-1.10061,1.38365,0
1.22478,-1.10225,1.37338,0
1.22487,-1.0925,1.34913,0
1.22496,-1.08572,1.32886,0
1.22505,-1.09787,1.33182,0
1.22513,-1.09792,1.3201,0
1.22522,-1.10431,1.31606,0
1.22531,-1.101,1.30055,0
1.2254,-1.10471,1.29345,0
1.22548,-1.10055,1.27725,0
1.22557,-1.1048,1.27093,0
1.22566,-1.10572,1.26084,0
1.22574,-1.10724,1.25151,0
1.22583,-1.11202,1.24592,0
1.22592,-1.10206,1.22396,0
1.22601,-1.10806,1.21988,0
1.22609,-1.10999,1.21135,0
1.22618,-0.0346188,0.0374504,0
1.22627,-0.0354639,0.0380304,0
1.22636,-0.0287777,0.0305916,0
1.22644,-1.10068,1.15987,0
1.22653,-0.0345757,0.0361182,0
1.22662,-1.10173,1.14087,0
1.2267,-0.0341917,0.0350988,0
1.22679,-0.0322418,0.0328095,0
1.22688,-1.12994,1.13985,0
1.22697,-1.10733,1.10733,0
