7200
3771
3.28122
3.29693,-0.0480833,-0.0480833,0
3.29701,-0.0549131,-0.0553945,0
3.2971,-0.0364473,-0.037089,0
3.29719,-0.0362851,-0.0372477,0
3.29728,-0.0541834,-0.0561085,0
3.29736,-0.0560126,-0.0585115,0
3.29745,-0.0585101,-0.0616568,0
3.29754,-0.0465924,-0.0495292,0
3.29763,-0.0702458,-0.0753294,0
3.29771,-0.0481949,-0.0521369,0
3.2978,-0.0540472,-0.0589822,0
3.29789,-0.0497551,-0.0547761,0
3.29797,-0.04617,-0.051277,0
3.29806,-0.0585976,-0.065653,0
3.29815,-0.0576479,-0.0651591,0
3.29824,-0.0567037,-0.0646582,0
3.29832,-0.066918,-0.0769804,0
3.29841,-0.0620122,-0.0719687,0
3.2985,-0.0597492,-0.0699573,0
3.29859,-0.0536283,-0.0633483,0
3.29867,-0.063636,-0.0758384,0
3.29876,-0.0530734,-0.0638139,0
3.29885,-0.057247,-0.0694462,0
3.29893,-0.0588416,-0.0720185,0
3.29902,-0.0660786,-0.0816003,0
3.29911,-0.0619664,-0.0772086,0
3.2992,-0.0610064,-0.0766956,0
3.29928,-0.0563376,-0.0714638,0
3.29937,-0.0621818,-0.0795891,0
3.29946,-0.0495896,-0.0640459,0
3.29954,-0.051136,-0.0666417,0
3.29963,-0.0562923,-0.0740282,0
3.29972,-0.0547652,-0.0726758,0
3.29981,-0.0622258,-0.0833304,0
3.29989,-0.0755425,-0.10209,0
3.29998,-0.0650441,-0.0887089,0
3.30007,-0.0599541,-0.0825197,0
3.30016,-0.058425,-0.0811574,0
3.30024,-0.0458755,-0.0643151,0
3.30033,-0.0588688,-0.0832974,0
3.30042,-0.0671084,-0.0958408,0
3.3005,-0.0604197,-0.0870946,0
3.30059,-0.0589062,-0.0857091,0
3.30068,-0.0568433,-0.0834856,0
3.30077,-0.0626296,-0.0928522,0
3.30085,-0.0627794,-0.0939561,0
3.30094,-0.0496743,-0.0750497,0
3.30103,-0.0427669,-0.0652303,0
3.30112,-0.0566425,-0.0872217,0
3.3012,-0.0373272,-0.0580317,0
3.30129,-0.675386,-1.06014,0
3.30138,-0.676623,-1.07238,0
3.30146,-0.672468,-1.07617,0
3.30155,-0.671975,-1.0859,0
3.30164,-0.667753,-1.08967,0
3.30173,-0.671811,-1.10711,0
3.30181,-0.665944,-1.10832,0
3.3019,-0.663658,-1.11551,0
3.30199,-0.66589,-1.13046,0
3.30208,-0.664478,-1.1394,0
3.30216,-0.6655,-1.15268,0
3.30225,-0.660464,-1.15557,0
3.30234,-0.663295,-1.17237,0
3.30242,-0.661593,-1.18136,0
3.30251,-0.661765,-1.19386,0
3.3026,-0.662322,-1.20725,0
3.30269,-0.663728,-1.22243,0
3.30277,-0.659334,-1.22708,0
3.30286,-0.663363,-1.2476,0
3.30295,-0.662104,-1.25845,0
3.30304,-0.668612,-1.28439,0
3.30312,-0.665749,-1.29263,0
3.30321,-0.67236,-1.31958,0
3.3033,-0.664345,-1.31804,0
3.30338,-0.661711,-1.32719,0
3.30347,-0.646626,-1.31123,0
3.30356,-0.647913,-1.32842,0
3.30365,-0.655578,-1.35915,0
3.30373,-0.645767,-1.35388,0
3.30382,-0.638573,-1.35397,0
3.30391,-0.633082,-1.35765,0
3.304,-0.62464,-1.35495,0
3.30408,-0.616234,-1.3522,0
3.30417,-0.61731,-1.37038,0
3.30426,-0.611732,-1.37397,0
3.30434,-0.614994,-1.39768,0
3.30443,-0.61527,-1.41502,0
3.30452,-0.613827,-1.42872,0
3.30461,-0.590785,-1.3918,0
3.30469,-0.582773,-1.38976,0
3.30478,-0.575939,-1.39044,0
3.30487,-0.570245,-1.39386,0
3.30496,-0.560786,-1.38799,0
3.30504,-0.546202,-1.36907,0
3.30513,-0.547186,-1.38911,0
3.30522,-0.537858,-1.3831,0
3.3053,-0.538985,-1.4041,0
3.30539,-0.53994,-1.42515,0
3.30548,-0.545973,-1.46027,0
3.30557,-0.563132,-1.52644,0
3.30565,-0.579382,-1.59184,0
3.30574,-0.572769,-1.59529,0
3.30583,-0.57081,-1.61192,0
3.30592,-0.561793,-1.60873,0
3.306,-0.559652,-1.62535,0
3.30609,-0.555447,-1.6363,0
3.30618,-0.554966,-1.65862,0
3.30626,-0.54741,-1.66007,0
3.30635,-0.546033,-1.68052,0
3.30644,-0.541439,-1.69146,0
3.30653,-0.537662,-1.70525,0
3.30661,-0.533775,-1.71904,0
3.3067,-0.535625,-1.75195,0
3.30679,-0.54642,-1.81556,0
3.30688,-0.571155,-1.92819,0
3.30696,-0.564975,-1.93834,0
3.30705,-0.562025,-1.96001,0
3.30714,-0.553196,-1.96148,0
3.30722,-0.547839,-1.97544,0
3.30731,-0.552629,-2.02702,0
3.3074,-0.560602,-2.0922,0
3.30749,-0.549686,-2.08785,0
3.30757,-0.545828,-2.11056,0
3.30766,-0.542522,-2.13618,0
3.30775,-0.539486,-2.16376,0
3.30784,-0.544776,-2.22632,0
3.30792,-0.535057,-2.22867,0
3.30801,-0.525327,-2.23099,0
3.3081,-0.522111,-2.26151,0
3.30818,-0.524377,-2.31741,0
3.30827,-0.538285,-2.42805,0
3.30836,-0.535112,-2.46458,0
3.30845,-0.529759,-2.49232,0
3.30853,-0.522341,-2.51125,0
3.30862,-0.510581,-2.50959,0
3.30871,-0.499431,-2.51081,0
3.3088,-0.487326,-2.50708,0
3.30888,-0.474704,-2.50034,0
3.30897,-0.463972,-2.50337,0
3.30906,-0.451265,-2.49553,0
3.30914,-0.44124,-2.5024,0
3.30923,-0.430148,-2.50331,0
3.30932,-0.419056,-2.50418,0
3.30941,-0.410376,-2.5198,0
3.30949,-0.396092,-2.50083,0
3.30958,-0.385785,-2.50648,0
3.30967,-0.373514,-2.49924,0
3.30976,-0.36318,-2.50481,0
3.30984,-0.350995,-2.49746,0
3.30993,-0.339824,-2.49698,0
3.31002,-0.329187,-2.50042,0
3.3101,-0.318021,-2.49985,0
3.31019,-0.307233,-2.50221,0
3.31028,-0.295372,-2.49558,0
3.31037,-0.285385,-2.50479,0
3.31045,-0.27282,-2.49111,0
3.31054,-0.26268,-2.49923,0
3.31063,-0.250971,-2.4924,0
3.31072,-0.239998,-2.49247,0
3.3108,-0.229029,-2.4925,0
3.31089,-0.219022,-2.50344,0
3.31098,-0.207849,-2.50138,0
3.31106,-0.197325,-2.50725,0
3.31115,-0.185716,-2.49911,0
3.31124,-0.175089,-2.50389,0
3.31133,-0.163181,-2.48966,0
3.31141,-0.152621,-2.49534,0
3.3115,-0.141392,-2.48999,0
3.31159,-0.131049,-2.50057,0
3.31168,-0.119753,-2.49313,0
3.31176,-0.108961,-2.49562,0
3.31185,-0.097757,-2.48808,0
3.31194,-0.0871441,-2.49548,0
3.31202,-0.0759799,-2.48684,0
3.31211,-0.0653639,-2.49614,0
3.3122,-0.0543845,-2.49241,0
3.31229,-0.0434391,-2.48862,0
3.31237,-0.0326586,-2.49479,0
3.31246,-0.0217727,-2.4949,0
3.31255,-0.0108603,-2.48898,0
3.31263,-3.0104e-08,-2.499,0
3.31272,0.0108515,-2.48698,0
3.31281,0.0217552,-2.49291,0
3.3129,0.0326585,-2.49479,0
3.31298,0.0435786,-2.49662,0
3.31307,0.0544717,-2.49641,0
3.31316,0.0654423,-2.49914,0
3.31325,0.076163,-2.49284,0
3.31333,0.087144,-2.49548,0
3.31342,0.0981103,-2.49707,0
3.31351,0.109005,-2.49662,0
3.31359,0.119753,-2.49313,0
3.31368,0.130421,-2.48858,0
3.31377,0.141732,-2.49598,0
3.31386,0.152927,-2.50033,0
3.31394,0.163573,-2.49565,0
3.31403,0.174531,-2.49591,0
3.31412,0.185864,-2.5011,0
3.31421,0.195755,-2.48731,0
3.31429,0.207683,-2.49939,0
3.31438,0.218761,-2.50045,0
3.31447,0.229578,-2.49847,0
3.31455,0.240477,-2.49745,0
3.31464,0.251272,-2.49538,0
3.31473,0.262262,-2.49526,0
3.31482,0.272494,-2.48812,0
3.3149,0.283234,-2.48592,0
3.31499,0.295371,-2.49558,0
3.31508,0.306258,-2.49427,0
3.31517,0.316255,-2.48596,0
3.31525,0.329187,-2.50042,0
3.31534,0.33942,-2.49401,0
3.31543,0.349881,-2.48953,0
3.31551,0.362032,-2.49689,0
3.3156,0.372184,-2.49034,0
3.31569,0.383351,-2.49067,0
3.31578,0.393902,-2.487,0
3.31586,0.404589,-2.48427,0
3.31595,0.41724,-2.49333,0
3.31604,0.427269,-2.48656,0
3.31613,0.439677,-2.49353,0
3.31621,0.451265,-2.49553,0
3.3163,0.459233,-2.4778,0
3.31639,0.472652,-2.48953,0
3.31647,0.4858,-2.49922,0
3.31656,0.49631,-2.49512,0
3.31665,0.506793,-2.49097,0
3.31674,0.515214,-2.47698,0
3.31682,0.530798,-2.49721,0
3.31691,0.542114,-2.49683,0
3.317,0.55257,-2.49248,0
3.31709,0.564103,-2.49297,0
3.31717,0.574525,-2.48854,0
3.31726,0.58469,-2.48309,0
3.31735,0.596453,-2.48441,0
3.31743,0.61109,-2.49732,0
3.31752,0.621981,-2.49463,0
3.31761,0.631629,-2.48705,0
3.3177,0.642475,-2.48427,0
3.31778,0.655855,-2.49111,0
3.31787,0.665683,-2.48436,0
3.31796,0.67862,-2.48915,0
3.31805,0.691346,-2.49291,0
3.31813,0.703302,-2.49372,0
3.31822,0.715003,-2.49351,0
3.31831,0.723918,-2.48365,0
3.31839,0.736452,-2.48622,0
3.31848,0.748446,-2.48681,0
3.31857,0.758412,-2.48065,0
3.31866,0.772491,-2.48783,0
3.31874,0.784241,-2.48729,0
3.31883,0.796001,-2.48671,0
3.31892,0.809315,-2.49082,0
3.31901,0.821115,-2.49011,0
3.31909,0.833877,-2.49219,0
3.31918,0.844743,-2.48853,0
3.31927,0.854616,-2.48199,0
3.31935,0.867416,-2.4839,0
3.31944,0.879247,-2.48292,0
3.31953,0.889735,-2.47812,0
3.31962,0.906011,-2.48925,0
3.3197,0.914441,-2.4787,0
3.31979,0.930851,-2.48967,0
3.31988,0.942768,-2.48839,0
3.31997,0.955409,-2.48893,0
3.32005,0.965535,-2.48287,0
3.32014,0.979291,-2.48608,0
3.32023,0.989388,-2.47992,0
3.32031,1.00282,-2.48207,0
3.3204,1.01402,-2.4786,0
3.32049,1.02406,-2.4723,0
3.32058,1.03948,-2.47888,0
3.32066,1.05536,-2.48628,0
3.32075,1.06305,-2.4743,0
3.32084,1.07822,-2.47973,0
3.32093,1.09386,-2.48599,0
3.32101,1.1051,-2.4821,0
3.3211,1.1151,-2.47543,0
3.32119,1.13336,-2.48692,0
3.32127,1.14127,-2.4756,0
3.32136,1.15797,-2.48328,0
3.32145,1.17178,-2.48454,0
3.32154,1.18735,-2.48933,0
3.32162,1.19472,-2.47692,0
3.32171,1.21253,-2.48606,0
3.3218,1.22293,-2.47985,0
3.32189,1.2382,-2.48344,0
3.32197,1.24992,-2.4798,0
3.32206,1.26573,-2.48413,0
3.32215,1.27838,-2.48214,0
3.32223,1.28874,-2.47565,0
3.32232,1.30093,-2.47266,0
3.32241,1.31828,-2.47932,0
3.3225,1.32955,-2.47442,0
3.32258,1.34511,-2.47739,0
3.32267,1.36264,-2.48377,0
3.32276,1.37153,-2.4743,0
3.32285,1.38768,-2.47789,0
3.32293,1.39651,-2.46833,0
3.32302,1.41571,-2.47697,0
3.32311,1.427,-2.47164,0
3.32319,1.44533,-2.47834,0
3.32328,1.46171,-2.48149,0
3.32337,1.47252,-2.47509,0
3.32346,1.48279,-2.46778,0
3.32354,1.50185,-2.47497,0
3.32363,1.51472,-2.4718,0
3.32372,1.5297,-2.47197,0
3.32381,1.5463,-2.4746,0
3.32389,1.55976,-2.47206,0
3.32398,1.57751,-2.4762,0
3.32407,1.59046,-2.47265,0
3.32415,1.61159,-2.48163,0
3.32424,1.6235,-2.47624,0
3.32433,1.6398,-2.47747,0
3.32442,1.65171,-2.47196,0
3.3245,1.67255,-2.47965,0
3.32459,1.68616,-2.47646,0
3.32468,1.69865,-2.47155,0
3.32476,1.71797,-2.47644,0
3.32485,1.73277,-2.47466,0
3.32494,1.74644,-2.47116,0
3.32503,1.76824,-2.47898,0
3.32511,1.78021,-2.47287,0
3.3252,1.79921,-2.4764,0
3.32529,1.81236,-2.47175,0
3.32538,1.83146,-2.47508,0
3.32546,1.84344,-2.46866,0
3.32555,1.8578,-2.46539,0
3.32564,1.87762,-2.4692,0
3.32572,1.89081,-2.46416,0
3.32581,1.91991,-2.4796,0
3.3259,1.93195,-2.47278,0
3.32599,1.94643,-2.46904,0
3.32607,1.96403,-2.46913,0
3.32616,1.98042,-2.46755,0
3.32625,2.00376,-2.47443,0
3.32634,2.01833,-2.47031,0
3.32642,2.02718,-2.45917,0
3.32651,2.02574,-2.43569,0
3.3266,2.03185,-2.42147,0
3.32668,2.03658,-2.40571,0
3.32677,2.02693,-2.37323,0
3.32686,2.01768,-2.34163,0
3.32695,2.02591,-2.33054,0
3.32703,2.02287,-2.30664,0
3.32712,2.01702,-2.27982,0
3.32721,2.02095,-2.26428,0
3.3273,2.02345,-2.24727,0
3.32738,2.01845,-2.22213,0
3.32747,2.01799,-2.20225,0
3.32756,2.01807,-2.18314,0
3.32764,2.01462,-2.16042,0
3.32773,2.01581,-2.14287,0
3.32782,2.01068,-2.11882,0
3.32791,2.01576,-2.10569,0
3.32799,2.00965,-2.08105,0
3.32808,2.00894,-2.06223,0
3.32817,2.01161,-2.04703,0
3.32826,2.01559,-2.03326,0
3.32834,2.00818,-2.00818,0
3.32843,2.00556,-1.98814,0
3.32852,2.01137,-1.97656,0
3.3286,2.00994,-1.958,0
3.32869,2.01055,-1.94157,0
3.32878,2.00745,-1.92171,0
3.32887,2.00639,-1.90399,0
3.32895,2.01467,-1.89522,0
3.32904,2.01122,-1.8755,0
3.32913,2.01057,-1.85856,0
3.32922,2.00908,-1.84098,0
3.3293,2.00525,-1.82144,0
3.32939,2.00352,-1.80398,0
3.32948,2.00689,-1.79122,0
3.32956,2.01469,-1.78245,0
3.32965,2.00741,-1.76045,0
3.32974,2.00526,-1.74315,0
3.32983,2.00073,-1.72394,0
3.32991,2.00291,-1.71065,0
3.33,1.99738,-1.69091,0
3.33009,2.00091,-1.67896,0
3.33018,1.99899,-1.66254,0
3.33026,2.00314,-1.65126,0
3.33035,1.99716,-1.63175,0
3.33044,1.99882,-1.61861,0
3.33052,1.99104,-1.59798,0
3.33061,1.99722,-1.58866,0
3.3307,1.99785,-1.57498,0
3.33079,1.99524,-1.55885,0
3.33087,1.99096,-1.54156,0
3.33096,1.98814,-1.52556,0
3.33105,2.00115,-1.52171,0
3.33114,2.00058,-1.50755,0
3.33122,1.99592,-1.49043,0
3.33131,2.00321,-1.4823,0
3.3314,1.99918,-1.46586,0
3.33148,1.99989,-1.45301,0
3.33157,1.99728,-1.43784,0
3.33166,1.9954,-1.4233,0
3.33175,1.99751,-1.4117,0
3.33183,1.99955,-1.4001,0
3.33192,1.99332,-1.38281,0
3.33201,1.99933,-1.3741,0
3.3321,1.99787,-1.3603,0
3.33218,2.00461,-1.35213,0
3.33227,2.00966,-1.34281,0
3.33236,1.99632,-1.32134,0
3.33244,1.98952,-1.30439,0
3.33253,1.98262,-1.28753,0
3.33262,1.99326,-1.28211,0
3.33271,1.99378,-1.27018,0
3.33279,2.00015,-1.262,0
3.33288,2.00224,-1.25114,0
3.33297,1.99493,-1.2345,0
3.33306,1.99177,-1.22056,0
3.33314,1.98852,-1.20667,0
3.33323,1.99806,-1.20055,0
3.33332,1.99039,-1.18415,0
3.3334,1.99036,-1.17241,0
3.33349,1.98509,-1.15767,0
3.33358,1.99013,-1.149,0
3.33367,1.99338,-1.13931,0
3.33375,2.00008,-1.13159,0
3.33384,1.99453,-1.11699,0
3.33393,1.99326,-1.10488,0
3.33402,1.98842,-1.09088,0
3.3341,1.98349,-1.07695,0
3.33419,1.98112,-1.0645,0
3.33428,1.99811,-1.06241,0
3.33436,2.00184,-1.05322,0
3.33445,1.98957,-1.0357,0
3.33454,1.99495,-1.02747,0
3.33463,1.99407,-1.01603,0
3.33471,1.99134,-1.00372,0
3.3348,1.98675,-0.990559,0
3.33489,1.99644,-0.984535,0
3.33498,1.98723,-0.969239,0
3.33506,1.99415,-0.961862,0
3.33515,1.9884,-0.948416,0
3.33524,1.99071,-0.938878,0
3.33532,1.98391,-0.925111,0
3.33541,1.99065,-0.917702,0
3.3355,1.98554,-0.904861,0
3.33559,1.98399,-0.893724,0
3.33567,1.98879,-0.885466,0
3.33576,1.98256,-0.872349,0
3.33585,1.9836,-0.862494,0
3.33594,1.98,-0.850673,0
3.33602,1.99105,-0.845152,0
3.33611,1.99288,-0.835682,0
3.3362,1.99188,-0.825065,0
3.33628,1.97695,-0.808793,0
3.33637,1.97954,-0.799785,0
3.33646,1.98115,-0.790399,0
3.33655,1.98737,-0.782847,0
3.33663,1.98704,-0.772718,0
3.33672,1.98573,-0.762249,0
3.33681,1.97594,-0.748617,0
3.3369,1.98013,-0.740339,0
3.33698,1.97677,-0.729269,0
3.33707,1.99027,-0.724399,0
3.33716,1.98682,-0.713342,0
3.33724,1.98143,-0.701662,0
3.33733,1.97881,-0.691032,0
3.33742,1.97424,-0.679786,0
3.33751,1.9895,-0.675344,0
3.33759,1.98769,-0.665071,0
3.33768,1.99057,-0.656391,0
3.33777,1.9839,-0.64461,0
3.33785,1.97908,-0.633508,0
3.33794,1.9761,-0.623062,0
3.33803,1.98071,-0.615027,0
3.33812,1.98338,-0.606379,0
3.3382,1.98409,-0.597143,0
3.33829,1.98284,-0.587344,0
3.33838,1.98058,-0.577287,0
3.33847,1.98308,-0.56864,0
3.33855,1.97111,-0.55591,0
3.33864,1.97352,-0.547304,0
3.33873,1.95852,-0.533953,0
3.33881,1.94441,-0.521003,0
3.3389,1.94473,-0.512005,0
3.33899,1.93823,-0.501261,0
3.33908,1.89969,-0.48246,0
3.33916,1.73877,-0.433524,0
3.33925,1.70373,-0.416901,0
3.33934,1.70262,-0.408763,0
3.33943,1.69173,-0.39835,0
3.33951,1.69053,-0.39029,0
3.3396,1.70587,-0.386,0
3.33969,1.69192,-0.37509,0
3.33977,1.6994,-0.368977,0
3.33986,1.69513,-0.360311,0
3.33995,1.69571,-0.352708,0
3.34004,1.69527,-0.344907,0
3.34012,1.7046,-0.339067,0
3.34021,1.70312,-0.331054,0
3.3403,1.69374,-0.321567,0
3.34039,1.69415,-0.313992,0
3.34047,1.69944,-0.307309,0
3.34056,1.70667,-0.300932,0
3.34065,1.70107,-0.292297,0
3.34073,1.69148,-0.283057,0
3.34082,1.69467,-0.275995,0
3.34091,1.69487,-0.268442,0
3.341,1.69504,-0.260892,0
3.34108,1.69517,-0.253345,0
3.34117,1.69626,-0.245946,0
3.34126,1.70029,-0.23896,0
3.34135,1.69537,-0.23073,0
3.34143,1.68645,-0.222025,0
3.34152,1.69236,-0.215295,0
3.34161,1.69229,-0.207787,0
3.34169,1.69219,-0.200284,0
3.34178,1.6841,-0.191879,0
3.34187,1.68691,-0.184747,0
3.34196,1.68671,-0.17728,0
3.34204,1.69045,-0.17022,0
3.34213,1.69914,-0.163609,0
3.34222,1.75063,-0.16086,0
3.34231,1.88978,-0.165334,0
3.34239,1.97519,-0.164126,0
3.34248,1.98287,-0.156055,0
3.34257,1.97954,-0.147105,0
3.34265,1.98815,-0.139025,0
3.34274,1.98374,-0.130021,0
3.34283,1.9823,-0.121242,0
3.34292,1.9868,-0.112819,0
3.343,1.98328,-0.103939,0
3.34309,1.98271,-0.0952366,0
3.34318,1.98611,-0.0867154,0
3.34327,1.98947,-0.0781663,0
3.34335,1.98279,-0.0692406,0
3.34344,1.97608,-0.0603747,0
3.34353,1.97032,-0.0515948,0
3.34361,1.97653,-0.0431281,0
3.3437,1.9907,-0.0347478,0
3.34379,1.98283,-0.0259567,0
3.34388,1.97792,-0.0172611,0
3.34396,1.98898,-0.00867867,0
3.34405,1.988,-4.81382e-08,0
3.34414,1.98398,0.00865676,0
3.34423,1.97792,0.017261,0
3.34431,1.97583,0.025865,0
3.3444,1.9797,0.0345557,0
3.34449,1.98253,0.0432589,0
3.34457,1.97932,0.0518303,0
3.34466,1.97708,0.0604051,0
3.34475,1.9698,0.0687869,0
3.34484,1.96648,0.0772633,0
3.34492,1.90818,0.083313,0
3.34501,1.73999,0.0835779,0
3.3451,1.69667,0.0889187,0
3.34519,1.69627,0.096321,0
3.34527,1.69683,0.103782,0
3.34536,1.69237,0.110924,0
3.34545,1.69686,0.118656,0
3.34553,1.70131,0.126429,0
3.34562,1.69675,0.133537,0
3.34571,1.69018,0.140443,0
3.3458,1.69353,0.148165,0
3.34588,1.69984,0.156193,0
3.34597,1.69815,0.163513,0
3.34606,1.69443,0.17062,0
3.34615,1.69467,0.178116,0
3.34623,1.6889,0.184965,0
3.34632,1.69801,0.193464,0
3.34641,1.69517,0.200636,0
3.34649,1.69725,0.208397,0
3.34658,1.68938,0.214917,0
3.34667,1.68843,0.222286,0
3.34676,1.69438,0.230595,0
3.34684,1.68148,0.236316,0
3.34693,1.68439,0.244224,0
3.34702,1.68924,0.252458,0
3.34711,1.68021,0.25861,0
3.34719,1.68401,0.266721,0
3.34728,1.67888,0.273423,0
3.34737,1.68951,0.282727,0
3.34745,1.68136,0.28891,0
3.34754,1.74016,0.306836,0
3.34763,1.93659,0.350193,0
3.34772,1.95766,0.362831,0
3.3478,1.9708,0.374167,0
3.34789,1.97405,0.383717,0
3.34798,1.9753,0.392912,0
3.34807,1.97161,0.401128,0
3.34815,1.97669,0.411153,0
3.34824,1.97195,0.41915,0
3.34833,1.98769,0.431569,0
3.34841,1.97798,0.438507,0
3.3485,1.98482,0.449119,0
3.34859,1.98284,0.457775,0
3.34868,1.99251,0.469173,0
3.34876,1.97099,0.473194,0
3.34885,1.97668,0.483691,0
3.34894,1.98425,0.49473,0
3.34903,1.9782,0.502399,0
3.34911,1.9818,0.512528,0
3.3492,1.97277,0.519388,0
3.34929,1.98594,0.532132,0
3.34937,1.97203,0.537636,0
3.34946,1.98219,0.549709,0
3.34955,1.97785,0.55781,0
3.34964,1.97828,0.567262,0
3.34972,1.9681,0.573649,0
3.34981,1.97325,0.584504,0
3.3499,1.97451,0.594261,0
3.34998,1.97764,0.604625,0
3.35007,1.97498,0.613248,0
3.35016,1.98564,0.626069,0
3.35025,1.98289,0.634727,0
3.35033,1.98105,0.643682,0
3.35042,1.97347,0.650754,0
3.35051,1.97536,0.660946,0
3.3506,1.97719,0.671166,0
3.35068,1.98086,0.682065,0
3.35077,1.98259,0.69235,0
3.35086,1.98709,0.703665,0
3.35094,1.98212,0.711653,0
3.35103,1.97241,0.7179,0
3.35112,1.97395,0.72823,0
3.35121,1.97919,0.739988,0
3.35129,1.9722,0.7472,0
3.35138,1.96239,0.753289,0
3.35147,1.97492,0.768006,0
3.35156,1.97993,0.779915,0
3.35164,1.97279,0.787064,0
3.35173,1.97212,0.796788,0
3.35182,1.97695,0.808793,0
3.3519,1.9771,0.818943,0
3.35199,1.97535,0.828335,0
3.35208,1.97356,0.837727,0
3.35217,1.97816,0.849883,0
3.35225,1.97902,0.8605,0
3.35234,1.97707,0.869933,0
3.35243,1.97143,0.877738,0
3.35252,1.98035,0.892081,0
3.3526,1.97917,0.901958,0
3.35269,1.96976,0.908073,0
3.35278,1.97484,0.920885,0
3.35286,1.97714,0.932479,0
3.35295,1.97666,0.942819,0
3.35304,1.96262,0.946656,0
3.35313,1.96746,0.959594,0
3.35321,1.98119,0.977016,0
3.3533,1.9787,0.986543,0
3.35339,1.97348,0.994718,0
3.35348,1.97269,1.00513,0
3.35356,1.97451,1.01694,0
3.35365,1.97449,1.02785,0
3.35374,1.97618,1.03972,0
3.35382,1.97869,1.05209,0
3.35391,1.97936,1.06355,0
3.354,1.9791,1.07456,0
3.35409,1.97614,1.08415,0
3.35417,1.98014,1.09761,0
3.35426,1.97708,1.10722,0
3.35435,1.96961,1.11435,0
3.35444,1.97515,1.12889,0
3.35452,1.97107,1.138,0
3.35461,1.96609,1.14659,0
3.3547,1.96882,1.15973,0
3.35478,1.98437,1.18058,0
3.35487,1.98091,1.19025,0
3.35496,2.00904,1.21912,0
3.35505,2.0523,1.25765,0
3.35513,2.07061,1.28133,0
3.35522,2.06245,1.28876,0
3.35531,2.05174,1.29455,0
3.3554,2.03595,1.29704,0
3.35548,2.0412,1.31295,0
3.35557,2.03713,1.32293,0
3.35566,2.02214,1.32577,0
3.35574,2.018,1.33569,0
3.35583,2.00634,1.34059,0
3.35592,2.02451,1.36555,0
3.35601,2.03506,1.38563,0
3.35609,2.06938,1.42225,0
3.35618,2.07055,1.43639,0
3.35627,2.06672,1.44713,0
3.35636,2.06447,1.45902,0
3.35644,2.06053,1.46976,0
3.35653,2.04922,1.47523,0
3.35662,2.03549,1.47887,0
3.3567,2.04192,1.4972,0
3.35679,2.05948,1.52394,0
3.35688,2.06804,1.54428,0
3.35697,2.06767,1.5581,0
3.35705,2.06483,1.57013,0
3.35714,2.06748,1.58643,0
3.35723,2.04472,1.58319,0
3.35732,2.01022,1.57055,0
3.3574,2.02376,1.5954,0
3.35749,2.02696,1.61231,0
3.35758,2.01288,1.61551,0
3.35766,2.00193,1.62113,0
3.35775,1.99793,1.63238,0
3.35784,2.0124,1.65889,0
3.35793,1.99822,1.6619,0
3.35801,1.97946,1.66096,0
3.3581,1.98898,1.6838,0
3.35819,1.98162,1.69246,0
3.35828,1.97346,1.70044,0
3.35836,1.97432,1.71625,0
3.35845,1.97508,1.7321,0
3.35854,1.9705,1.74335,0
3.35862,1.96735,1.75593,0
3.35871,1.97528,1.77855,0
3.3588,1.97194,1.79119,0
3.35889,1.97222,1.8072,0
3.35897,1.96945,1.82054,0
3.35906,1.97027,1.8373,0
3.35915,1.97753,1.86027,0
3.35924,1.97519,1.87439,0
3.35932,1.96844,1.88437,0
3.35941,1.96811,1.90059,0
3.3595,1.97699,1.9259,0
3.35958,1.97642,1.94222,0
3.35967,1.97929,1.96209,0
3.35976,1.97212,1.97212,0
3.35985,1.97617,1.99349,0
3.35993,1.97166,2.00637,0
3.36002,1.97754,2.03,0
3.36011,1.97422,2.04436,0
3.3602,1.97289,2.0609,0
3.36028,1.97214,2.0782,0
3.36037,1.9747,2.09916,0
3.36046,1.97302,2.11581,0
3.36054,1.97395,2.13541,0
3.36063,1.9761,2.15654,0
3.36072,1.97003,2.16884,0
3.36081,1.97728,2.19599,0
3.36089,1.97434,2.21206,0
3.36098,1.97925,2.23713,0
3.36107,1.9721,2.24875,0
3.36116,1.97343,2.27017,0
3.36124,1.97786,2.29542,0
3.36133,1.97562,2.31315,0
3.36142,1.97779,2.33625,0
3.3615,1.97721,2.35635,0
3.36159,1.97715,2.37726,0
3.36168,1.98075,2.40284,0
3.36177,1.981,2.42462,0
3.36185,1.97481,2.43868,0
3.36194,1.96227,2.44494,0
3.36203,1.94972,2.45113,0
3.36212,1.93467,2.45412,0
3.3622,1.9184,2.45544,0
3.36229,1.89298,2.44481,0
3.36238,1.87925,2.44908,0
3.36246,1.86612,2.45407,0
3.36255,1.84878,2.45341,0
3.36264,1.82429,2.44302,0
3.36273,1.80648,2.44131,0
3.36281,1.79226,2.44433,0
3.3629,1.77981,2.4497,0
3.36299,1.76385,2.45014,0
3.36307,1.74443,2.4456,0
3.36316,1.7349,2.45482,0
3.36325,1.71786,2.45336,0
3.36334,1.70372,2.4559,0
3.36342,1.68449,2.45095,0
3.36351,1.67322,2.45745,0
3.3636,1.65018,2.44649,0
3.36369,1.63727,2.45034,0
3.36377,1.62214,2.45079,0
3.36386,1.6076,2.45199,0
3.36395,1.59307,2.45311,0
3.36403,1.57802,2.45331,0
3.36412,1.56193,2.45174,0
3.36421,1.54321,2.44584,0
3.3643,1.53041,2.44916,0
3.36438,1.51865,2.45412,0
3.36447,1.49957,2.44708,0
3.36456,1.48369,2.44505,0
3.36465,1.46992,2.44636,0
3.36473,1.45719,2.44931,0
3.36482,1.44496,2.45306,0
3.36491,1.42618,2.44552,0
3.36499,1.4165,2.45345,0
3.36508,1.39983,2.44919,0
3.36517,1.3842,2.44657,0
3.36526,1.37156,2.4491,0
3.36534,1.35989,2.45331,0
3.36543,1.341,2.44431,0
3.36552,1.33127,2.4519,0
3.36561,1.31725,2.45152,0
3.36569,1.30231,2.4493,0
3.36578,1.28416,2.4408,0
3.36587,1.27119,2.44194,0
3.36595,1.25961,2.44569,0
3.36604,1.24666,2.4467,0
3.36613,1.23732,2.4548,0
3.36622,1.22347,2.45391,0
3.3663,1.20922,2.45205,0
3.36639,1.19588,2.45191,0
3.36648,1.18386,2.4544,0
3.36657,1.16539,2.4433,0
3.36665,1.15302,2.44474,0
3.36674,1.13896,2.4425,0
3.36683,1.12913,2.44926,0
3.36691,1.11594,2.44871,0
3.367,1.10196,2.44626,0
3.36709,1.09209,2.45287,0
3.36718,1.07735,2.44846,0
3.36726,1.06546,2.45038,0
3.36735,1.0512,2.44674,0
3.36744,1.04091,2.45222,0
3.36753,1.02478,2.44383,0
3.36761,1.01488,2.45013,0
3.3677,0.997739,2.4388,0
3.36779,0.990085,2.45055,0
3.36787,0.97716,2.44927,0
3.36796,0.963165,2.44514,0
3.36805,0.9514,2.44652,0
3.36814,0.936415,2.43945,0
3.36822,0.926471,2.44538,0
3.36831,0.916843,2.45221,0
3.3684,0.904404,2.45149,0
3.36849,0.889937,2.44508,0
3.36857,0.880611,2.4527,0
3.36866,0.865227,2.44333,0
3.36875,0.855218,2.44897,0
3.36883,0.841268,2.44322,0
3.36892,0.8306,2.44687,0
3.36901,0.81706,2.44193,0
3.3691,0.806084,2.44453,0
3.36918,0.792629,2.43946,0
3.36927,0.780148,2.43718,0
3.36936,0.768604,2.4377,0
3.36945,0.759147,2.44485,0
3.36953,0.748179,2.44718,0
3.36962,0.735477,2.44372,0
3.36971,0.723103,2.44115,0
3.36979,0.710486,2.43757,0
3.36988,0.703978,2.45506,0
3.36997,0.688916,2.44271,0
3.37006,0.679855,2.45148,0
3.37014,0.665732,2.44188,0
3.37023,0.6574,2.45345,0
3.37032,0.643125,2.44276,0
3.37041,0.632961,2.44748,0
3.37049,0.620553,2.44343,0
3.37058,0.607708,2.43738,0
3.37067,0.599919,2.45167,0
3.37075,0.584781,2.43579,0
3.37084,0.575293,2.44318,0
3.37093,0.565527,2.44957,0
3.37102,0.553509,2.44616,0
3.3711,0.541748,2.44367,0
3.37119,0.528535,2.43428,0
3.37128,0.520403,2.4483,0
3.37137,0.50829,2.4437,0
3.37145,0.497423,2.44491,0
3.37154,0.485775,2.44216,0
3.37163,0.475687,2.4472,0
3.37171,0.463699,2.44237,0
3.3718,0.452491,2.44142,0
3.37189,0.443435,2.45223,0
3.37198,0.430821,2.44331,0
3.37206,0.419818,2.44319,0
3.37215,0.410143,2.45092,0
3.37224,0.398963,2.44973,0
3.37233,0.386706,2.44157,0
3.37241,0.375441,2.43928,0
3.3725,0.364055,2.43595,0
3.37259,0.355001,2.4484,0
3.37267,0.343758,2.44596,0
3.37276,0.332677,2.44447,0
3.37285,0.320833,2.43697,0
3.37294,0.311333,2.44728,0
3.37302,0.30053,2.44762,0
3.37311,0.289612,2.44692,0
3.3732,0.278706,2.44617,0
3.37329,0.268139,2.44836,0
3.37337,0.25714,2.44652,0
3.37346,0.246162,2.44464,0
3.37355,0.236164,2.45266,0
3.37363,0.225277,2.45167,0
3.37372,0.214229,2.44865,0
3.37381,0.203294,2.44657,0
3.3739,0.192068,2.44045,0
3.37398,0.180973,2.43528,0
3.37407,0.170973,2.44503,0
3.37416,0.160303,2.44575,0
3.37425,0.150057,2.45342,0
3.37433,0.139068,2.44905,0
3.37442,0.128328,2.44864,0
3.37451,0.117882,2.45417,0
3.37459,0.106998,2.45067,0
3.37468,0.0960296,2.44411,0
3.37477,0.0852596,2.44151,0
3.37486,0.0745446,2.43986,0
3.37494,0.0639504,2.44216,0
3.37503,0.0532939,2.44242,0
3.37512,0.0425142,2.43563,0
3.3752,0.0320041,2.44479,0
3.37529,0.0213539,2.44691,0
3.37538,0.0106727,2.44598,0
3.37547,8.86274e-08,2.436,0
3.37555,-0.0106551,2.44198,0
3.37564,-0.0212752,2.43791,0
3.37573,-0.0320302,2.44679,0
3.37582,-0.0424616,2.43263,0
3.3759,-0.0533809,2.44642,0
3.37599,-0.0640026,2.44416,0
3.37608,-0.0746055,2.44186,0
3.37616,-0.0851896,2.43951,0
3.37625,-0.0958331,2.43912,0
3.37634,-0.10678,2.44567,0
3.37643,-0.117402,2.44418,0
3.37651,-0.128014,2.44265,0
3.3766,-0.138444,2.43807,0
3.37669,-0.14908,2.43745,0
3.37678,-0.159714,2.43677,0
3.37686,-0.170764,2.44204,0
3.37695,-0.181417,2.44127,0
3.37704,-0.191989,2.43946,0
3.37712,-0.0525004,0.631823,0
3.37721,-0.0534264,0.610667,0
3.3773,-0.058195,0.633332,0
3.37739,-0.060862,0.632077,0
3.37747,-0.0644209,0.639765,0
3.37756,-0.0665846,0.63351,0
3.37765,-0.0698925,0.638184,0
3.37774,-0.0721104,0.632905,0
3.37782,-0.0747538,0.631591,0
3.37791,-0.0784838,0.6392,0
3.378,-0.0815245,0.640835,0
3.37808,-0.0819704,0.622627,0
3.37817,-0.086844,0.638118,0
3.37826,-0.0892099,0.634762,0
3.37835,-0.0915483,0.631398,0
3.37843,-0.0951892,0.636926,0
3.37852,-0.0982717,0.638482,0
3.37861,-0.101213,0.639034,0
3.3787,-0.102875,0.631678,0
3.37878,-0.106621,0.637141,0
3.37887,-0.110077,0.640611,0
3.37896,-0.111656,0.633231,0
3.37904,-0.115663,0.639626,0
3.37913,-0.117906,0.636166,0
3.37922,-0.121427,0.639575,0
3.37931,-0.124026,0.638058,0
3.37939,-0.126223,0.634568,0
3.37948,-0.130985,0.643811,0
3.37957,-0.135422,0.651065,0
3.37966,-0.135558,0.637752,0
3.37974,-0.140674,0.647904,0
3.37983,-0.143499,0.647284,0
3.37992,-0.147426,0.651529,0
3.38,-0.147568,0.639187,0
3.38009,-0.152647,0.648271,0
3.38018,-0.155008,0.645654,0
3.38027,-0.155447,0.635258,0
3.38035,-0.163781,0.65689,0
3.38044,-0.165415,0.651323,0
3.38053,-0.167504,0.647691,0
3.38062,-0.171602,0.651789,0
3.3807,-0.175997,0.65683,0
3.38079,-0.177809,0.652196,0
3.38088,-0.183058,0.660087,0
3.38096,-0.184308,0.653507,0
3.38105,-0.184401,0.643084,0
3.38114,-0.190284,0.652834,0
3.38123,-0.194266,0.655833,0
3.38131,-0.198567,0.659767,0
3.3814,-0.201736,0.65985,0
3.38149,-0.207579,0.668514,0
3.38158,-0.208088,0.659972,0
3.38166,-0.210661,0.658105,0
3.38175,-0.215385,0.662886,0
3.38184,-0.219528,0.665739,0
3.38192,-0.217036,0.648653,0
3.38201,-0.222115,0.654329,0
3.3821,-0.232781,0.676046,0
3.38219,-0.233751,0.669359,0
3.38227,-0.238672,0.673989,0
3.38236,-0.240935,0.671059,0
3.38245,-0.243176,0.668121,0
3.38254,-0.251627,0.682065,0
3.38262,-0.254601,0.680961,0
3.38271,-0.25509,0.673297,0
3.3828,-0.258383,0.673111,0
3.38288,-0.26168,0.67291,0
3.38297,-0.262415,0.666179,0
3.38306,-0.274583,0.688248,0
3.38315,-0.27646,0.684262,0
3.38323,-0.279821,0.683974,0
3.38332,-0.281655,0.679975,0
3.38341,-0.283072,0.675051,0
3.3835,-0.285624,0.672889,0
3.38358,-0.289347,0.673474,0
3.38367,-0.299062,0.687795,0
3.38376,-0.298838,0.679161,0
3.38384,-0.306679,0.688813,0
3.38393,-0.310914,0.690204,0
3.38402,-0.315582,0.692481,0
3.38411,-0.318181,0.690189,0
3.38419,-0.32119,0.688794,0
3.38428,-0.325045,0.689195,0
3.38437,-0.324175,0.679647,0
3.38446,-0.324531,0.672822,0
3.38454,-0.323518,0.66331,0
3.38463,-0.321102,0.65113,0
3.38472,-0.316354,0.634508,0
3.3848,-0.32227,0.639373,0
3.38489,-0.324149,0.636179,0
3.38498,-0.316391,0.614311,0
3.38507,-0.317683,0.610263,0
3.38515,-0.320808,0.609757,0
3.38524,-0.324405,0.610117,0
3.38533,-0.323277,0.601648,0
3.38542,-0.318265,0.586171,0
3.3855,-0.317453,0.57864,0
3.38559,-0.314641,0.567628,0
3.38568,-0.318581,0.568867,0
3.38576,-0.314166,0.555287,0
3.38585,-0.311128,0.544361,0
3.38594,-0.3115,0.539534,0
3.38603,-0.318889,0.546808,0
3.38611,-0.317719,0.53938,0
3.3862,-0.318536,0.53541,0
3.38629,-0.314173,0.522872,0
3.38638,-0.317489,0.523206,0
3.38646,-0.315589,0.514995,0
3.38655,-0.316781,0.511912,0
3.38664,-0.312652,0.500348,0
3.38672,-0.317501,0.503208,0
3.38681,-0.315932,0.495914,0
3.3869,-0.315929,0.491167,0
3.38699,-0.313167,0.482236,0
3.38707,-0.311431,0.475011,0
3.38716,-0.312396,0.471979,0
3.38725,-0.313342,0.468949,0
3.38734,-0.312589,0.463432,0
3.38742,-0.305603,0.448838,0
3.38751,-0.299062,0.435139,0
3.3876,-0.306658,0.442046,0
3.38768,-0.30629,0.437427,0
3.38777,-0.283378,0.400971,0
3.38786,-0.275834,0.386705,0
3.38795,-0.0806265,0.111997,0
3.38803,-0.333862,0.459522,0
3.38812,-0.0656354,0.0895154,0
3.38821,-0.231386,0.3127,0
3.38829,-0.223773,0.299669,0
3.38838,-0.204015,0.270737,0
3.38847,-0.187641,0.246761,0
3.38856,-0.163148,0.212619,0
3.38864,-0.132239,0.170789,0
3.38873,-0.108972,0.139478,0
3.38882,-0.0835777,0.106018,0
3.38891,-0.0728342,0.0915652,0
3.38899,-0.0613405,0.0764287,0
3.38908,-0.0623027,0.0769375,0
3.38917,-0.0683322,0.0836344,0
3.38925,-0.0674243,0.0817922,0
3.38934,-0.0703383,0.0845726,0
3.38943,-0.0655643,0.0781365,0
3.38952,-0.0562128,0.0664012,0
3.3896,-0.0636459,0.0745198,0
3.38969,-0.0737619,0.0856048,0
3.38978,-0.0728225,0.0837728,0
3.38987,-0.0573631,0.0654101,0
3.38995,-0.0569853,0.0644102,0
3.39004,-0.0692517,0.07759,0
3.39013,-0.0628983,0.0698556,0
3.39021,-0.0416867,0.0458935,0
3.3903,-0.056074,0.061194,0
3.39039,-0.0617709,0.0668233,0
3.39048,-0.0586519,0.0628964,0
3.39056,-0.0548146,0.0582697,0
3.39065,-0.0406129,0.0427971,0
3.39074,-0.0470229,0.0491208,0
3.39083,-0.0458474,0.0474764,0
3.39091,-0.0439608,0.045127,0
3.391,-0.0588764,0.059913,0
3.39109,-0.0443529,0.0447417,0
3.39117,-0.0516188,0.0516188,0
