7200
1392
1.20428
1.21999,-0.0516188,-0.0516188,0
1.22007,-0.0570252,-0.057525,0
1.22016,-0.0658855,-0.0670455,0
1.22025,-0.0739658,-0.075928,0
1.22033,-0.113229,-0.117252,0
1.22042,-0.12793,-0.133637,0
1.22051,-0.124592,-0.131293,0
1.2206,-0.148,-0.157328,0
1.22068,-0.150722,-0.161629,0
1.22077,-0.15273,-0.165223,0
1.22086,-0.166871,-0.182107,0
1.22095,-0.168764,-0.185795,0
1.22103,-0.166614,-0.185043,0
1.22112,-0.172463,-0.193229,0
1.22121,-0.174269,-0.196975,0
1.22129,-0.183298,-0.209011,0
1.22138,-0.240118,-0.276224,0
1.22147,-0.286562,-0.332571,0
1.22156,-0.290953,-0.340662,0
1.22164,-0.286233,-0.338112,0
1.22173,-0.29054,-0.346252,0
1.22182,-0.278795,-0.335215,0
1.2219,-0.284963,-0.345688,0
1.22199,-0.284717,-0.348477,0
1.22208,-0.293893,-0.362927,0
1.22217,-0.296062,-0.368885,0
1.22225,-0.305032,-0.383478,0
1.22234,-0.303356,-0.384805,0
1.22243,-0.30229,-0.386913,0
1.22252,-0.289579,-0.373996,0
1.2226,-0.301337,-0.39271,0
1.22269,-0.301436,-0.396409,0
1.22278,-0.308731,-0.4097,0
1.22286,-0.309932,-0.415049,0
1.22295,-0.30098,-0.406752,0
1.22304,-0.308072,-0.420158,0
1.22313,-0.305648,-0.420689,0
1.22321,-0.306731,-0.426076,0
1.2233,-0.301966,-0.42334,0
1.22339,-0.306464,-0.433637,0
1.22348,-0.303422,-0.433331,0
1.22356,-0.305518,-0.440403,0
1.22365,-0.304727,-0.44338,0
1.22374,-0.302226,-0.443879,0
1.22382,-0.299168,-0.443535,0
1.22391,-0.297786,-0.445668,0
1.224,-0.299702,-0.4528,0
1.22409,-0.301013,-0.459121,0
1.22417,-0.300641,-0.462946,0
1.22426,-0.302405,-0.470141,0
1.22435,-0.298201,-0.468082,0
1.22444,-0.30416,-0.482065,0
1.22452,-0.294635,-0.471515,0
1.22461,-0.297837,-0.481299,0
1.2247,-0.297302,-0.485152,0
1.22478,-0.289476,-0.477041,0
1.22487,-0.297177,-0.494586,0
1.22496,-0.293994,-0.494159,0
1.22505,-0.287774,-0.488544,0
1.22513,-0.288662,-0.494978,0
1.22522,-0.2895,-0.501429,0
1.22531,-0.287309,-0.502687,0
1.2254,-0.291022,-0.51438,0
1.22548,-0.289264,-0.516518,0
1.22557,-0.285068,-0.514276,0
1.22566,-0.282821,-0.515515,0
1.22574,-0.288681,-0.531684,0
1.22583,-0.287305,-0.534701,0
1.22592,-0.290603,-0.546545,0
1.22601,-0.292872,-0.556657,0
1.22609,-0.289055,-0.555269,0
1.22618,-0.288461,-0.560081,0
1.22627,-0.28556,-0.560443,0
1.22636,-0.289863,-0.575078,0
1.22644,-0.294044,-0.589762,0
1.22653,-0.296776,-0.601802,0
1.22662,-0.298092,-0.61118,0
1.2267,-0.300202,-0.622382,0
1.22679,-0.298344,-0.625492,0
1.22688,-0.297745,-0.63131,0
1.22697,-0.296255,-0.635322,0
1.22705,-0.295574,-0.641149,0
1.22714,-0.293603,-0.644253,0
1.22723,-0.293253,-0.650998,0
1.22732,-0.296511,-0.665975,0
1.2274,-0.294005,-0.668177,0
1.22749,-0.293878,-0.675873,0
1.22758,-0.29211,-0.679905,0
1.22766,-0.296565,-0.698663,0
1.22775,-0.29274,-0.698106,0
1.22784,-0.296962,-0.716931,0
1.22793,-0.296103,-0.723773,0
1.22801,-0.298936,-0.739893,0
1.2281,-0.294593,-0.738404,0
1.22819,-0.2954,-0.749917,0
1.22828,-0.295749,-0.760518,0
1.22836,-0.297804,-0.775805,0
1.22845,-0.296896,-0.783643,0
1.22854,-0.288571,-0.771818,0
1.22862,-0.280701,-0.760873,0
1.22871,-0.282509,-0.776186,0
1.2288,-0.292974,-0.816,0
1.22889,-0.290746,-0.821041,0
1.22897,-0.293095,-0.839295,0
1.22906,-0.29822,-0.866095,0
1.22915,-0.295403,-0.870229,0
1.22924,-0.295411,-0.882889,0
1.22932,-0.294374,-0.892717,0
1.22941,-0.297892,-0.916818,0
1.2295,-0.296328,-0.925729,0
1.22958,-0.296195,-0.939411,0
1.22967,-0.295949,-0.95311,0
1.22976,-0.297342,-0.972562,0
1.22985,-0.297419,-0.988214,0
1.22993,-0.301624,-1.01827,0
1.23002,-0.299137,-1.02629,0
1.23011,-0.299618,-1.04489,0
1.2302,-0.300485,-1.06544,0
1.23028,-0.300109,-1.08216,0
1.23037,-0.301171,-1.10468,0
1.23046,-0.299971,-1.11951,0
1.23054,-0.298139,-1.13241,0
1.23063,-0.294948,-1.14048,0
1.23072,-0.29563,-1.16405,0
1.23081,-0.294903,-1.18279,0
1.23089,-0.294017,-1.20155,0
1.23098,-0.289939,-1.20768,0
1.23107,-0.291314,-1.23717,0
1.23116,-0.282539,-1.22381,0
1.23124,-0.277196,-1.22503,0
1.23133,-0.279424,-1.2604,0
1.23142,-0.288774,-1.33001,0
1.2315,-0.288166,-1.35571,0
1.23159,-0.287542,-1.38241,0
1.23168,-0.28689,-1.41011,0
1.23177,-0.280345,-1.40939,0
1.23185,-0.274765,-1.41354,0
1.23194,-0.267849,-1.4108,0
1.23203,-0.262237,-1.4149,0
1.23212,-0.256417,-1.418,0
1.2322,-0.25561,-1.44964,0
1.23229,-0.257242,-1.49706,0
1.23238,-0.255989,-1.52973,0
1.23246,-0.251723,-1.54564,0
1.23255,-0.244664,-1.54474,0
1.23264,-0.237769,-1.54481,0
1.23273,-0.230878,-1.54484,0
1.23281,-0.224996,-1.55177,0
1.2329,-0.217528,-1.54779,0
1.23299,-0.211311,-1.55269,0
1.23308,-0.203229,-1.54368,0
1.23316,-0.197123,-1.54951,0
1.23325,-0.190604,-1.55234,0
1.23334,-0.182888,-1.54521,0
1.23342,-0.175012,-1.53606,0
1.23351,-0.169179,-1.54476,0
1.2336,-0.161706,-1.53853,0
1.23369,-0.15449,-1.53424,0
1.23377,-0.147698,-1.53391,0
1.23386,-0.143017,-1.55644,0
1.23395,-0.134917,-1.54211,0
1.23404,-0.128601,-1.54767,0
1.23412,-0.121612,-1.54522,0
1.23421,-0.115832,-1.5587,0
1.2343,-0.110215,-1.57615,0
1.23438,-0.105234,-1.60555,0
1.23447,-0.0996312,-1.62896,0
1.23456,-0.0929195,-1.63636,0
1.23465,-0.0860927,-1.64275,0
1.23473,-0.0814189,-1.69505,0
1.23482,-0.077817,-1.7823,0
1.23491,-0.0707855,-1.80161,0
1.23499,-0.0631681,-1.8089,0
1.23508,-0.0557328,-1.82415,0
1.23517,-0.04882,-1.86436,0
1.23526,-0.0434771,-1.99253,0
1.23534,-0.0350619,-2.00869,0
1.23543,-0.0256425,-1.95883,0
1.23552,-0.0159609,-1.82893,0
1.23561,-0.00798924,-1.83098,0
1.23569,-2.19727e-08,-1.824,0
1.23578,0.00797611,-1.82798,0
1.23587,0.0162662,-1.86393,0
1.23595,0.0258781,-1.97683,0
1.23604,0.034835,-1.9957,0
1.23613,0.044546,-2.04151,0
1.23622,0.0544742,-2.08029,0
1.2363,0.0639782,-2.09402,0
1.23639,0.0730446,-2.09172,0
1.23648,0.0845264,-2.15134,0
1.23657,0.0950902,-2.17793,0
1.23665,0.105888,-2.20446,0
1.23674,0.116238,-2.21796,0
1.23683,0.126538,-2.22841,0
1.23691,0.136627,-2.23383,0
1.237,0.145522,-2.22024,0
1.23709,0.156464,-2.23754,0
1.23718,0.164817,-2.21788,0
1.23726,0.17465,-2.21914,0
1.23735,0.186732,-2.24726,0
1.23744,0.193921,-2.21653,0
1.23753,0.207343,-2.25649,0
1.23761,0.215078,-2.23367,0
1.2377,0.22372,-2.22176,0
1.23779,0.235084,-2.23668,0
1.23787,0.246257,-2.24856,0
1.23796,0.257537,-2.26038,0
1.23805,0.263636,-2.22745,0
1.23814,0.27384,-2.23025,0
1.23822,0.285462,-2.24392,0
1.23831,0.293031,-2.22579,0
1.2384,0.304224,-2.23539,0
1.23849,0.31481,-2.23999,0
1.23857,0.319845,-2.20593,0
1.23866,0.330502,-2.21144,0
1.23875,0.3403,-2.21096,0
1.23883,0.35495,-2.24106,0
1.23892,0.355884,-2.18521,0
1.23901,0.373008,-2.22901,0
1.2391,0.384085,-2.23524,0
1.23918,0.39366,-2.23256,0
1.23927,0.403754,-2.23279,0
1.23936,0.418048,-2.25559,0
1.23945,0.419679,-2.21051,0
1.23953,0.430274,-2.21357,0
1.23962,0.431345,-2.16852,0
1.23971,0.447581,-2.19993,0
1.23979,0.462063,-2.22145,0
1.23988,0.470504,-2.21355,0
1.23997,0.487372,-2.2447,0
1.24006,0.482877,-2.17812,0
1.24014,0.505618,-2.23451,0
1.24023,0.50524,-2.18844,0
1.24032,0.517534,-2.19789,0
1.24041,0.524318,-2.18394,0
1.24049,0.545964,-2.23117,0
1.24058,0.550856,-2.20936,0
1.24067,0.553599,-2.1798,0
1.24075,0.580882,-2.2461,0
1.24084,0.586348,-2.22711,0
1.24093,0.594766,-2.2197,0
1.24102,0.609706,-2.23638,0
1.2411,0.620528,-2.23755,0
1.24119,0.632999,-2.24445,0
1.24128,0.633415,-2.20898,0
1.24137,0.650602,-2.23212,0
1.24145,0.657495,-2.21967,0
1.24154,1.26374,-4.19895,0
1.24163,0.67304,-2.20141,0
1.24171,0.694797,-2.23761,0
1.2418,0.705756,-2.23837,0
1.24189,1.3411,-4.18959,0
1.24198,1.36153,-4.19036,0
1.24206,1.38418,-4.19767,0
1.24215,1.40344,-4.19444,0
1.24224,1.41948,-4.18164,0
1.24233,1.44162,-4.18676,0
1.24241,1.46745,-4.20214,0
1.2425,1.48611,-4.19664,0
1.24259,1.50609,-4.19482,0
1.24267,1.52096,-4.17881,0
1.24276,1.54922,-4.19934,0
1.24285,1.56753,-4.19254,0
1.24294,1.5936,-4.20624,0
1.24302,1.60871,-4.19084,0
1.24311,1.62481,-4.17819,0
1.2432,1.64706,-4.1813,0
1.24329,1.66491,-4.17314,0
1.24337,1.68948,-4.1816,0
1.24346,1.70846,-4.17604,0
1.24355,1.72514,-4.16485,0
1.24363,1.74484,-4.16097,0
1.24372,1.76845,-4.1662,0
1.24381,1.78266,-4.14926,0
1.2439,1.80394,-4.14878,0
1.24398,1.82646,-4.15094,0
1.24407,1.83479,-4.121,0
1.24416,1.86302,-4.13575,0
1.24425,1.8628,-4.08755,0
1.24433,1.87183,-4.06031,0
1.24442,1.87727,-4.02582,0
1.24451,1.87733,-3.98051,0
1.24459,1.87531,-3.93166,0
1.24468,1.07656,-2.23193,0
1.24477,1.88017,-3.85493,0
1.24486,1.88238,-3.81709,0
1.24494,1.88117,-3.77304,0
1.24503,1.87511,-3.72015,0
1.24512,1.88134,-3.69233,0
1.24521,1.87728,-3.64497,0
1.24529,1.87424,-3.60038,0
1.24538,1.87177,-3.55765,0
1.24547,1.87554,-3.52738,0
1.24555,1.8734,-3.48657,0
1.24564,1.87237,-3.44848,0
1.24573,1.87826,-3.42362,0
1.24582,1.87524,-3.38303,0
1.2459,1.87679,-3.35126,0
1.24599,1.87022,-3.30561,0
1.24608,1.86974,-3.27137,0
1.24617,1.8715,-3.24153,0
1.24625,1.86396,-3.19619,0
1.24634,1.87332,-3.18027,0
1.24643,1.86673,-3.13769,0
1.24651,1.86753,-3.10809,0
1.2466,1.86551,-3.07426,0
1.24669,1.87107,-3.0533,0
1.24678,1.86122,-3.0077,0
1.24686,1.86585,-2.98598,0
1.24695,1.39113,-2.20481,0
1.24704,1.40504,-2.20547,0
1.24712,1.41194,-2.19511,0
1.24721,1.43349,-2.20738,0
1.2473,1.43927,-2.19525,0
1.24739,1.44442,-2.18228,0
1.24747,1.46282,-2.18926,0
1.24756,1.47571,-2.18783,0
1.24765,1.49031,-2.18881,0
1.24774,1.50381,-2.18806,0
1.24782,1.6319,-2.35238,0
1.24791,1.64215,-2.34523,0
1.248,1.67314,-2.36744,0
1.24808,1.87799,-2.63285,0
1.24817,1.88829,-2.62301,0
1.24826,1.89384,-2.60665,0
1.24835,1.82478,-2.48869,0
1.24843,1.838,-2.48392,0
1.24852,1.84404,-2.46946,0
1.24861,1.86262,-2.47178,0
1.2487,1.87036,-2.45965,0
1.24878,1.88899,-2.46178,0
1.24887,1.91379,-2.4717,0
1.24896,1.93071,-2.4712,0
1.24904,1.94643,-2.46904,0
1.24913,1.97088,-2.47774,0
1.24922,1.9798,-2.46677,0
1.24931,2.00187,-2.4721,0
1.24939,2.00884,-2.4587,0
1.24948,2.03163,-2.46457,0
1.24957,2.04812,-2.4626,0
1.24966,2.07428,-2.47203,0
1.24974,2.08375,-2.46142,0
1.24983,2.10876,-2.46904,0
1.24992,2.12669,-2.46815,0
1.25,2.144,-2.46639,0
1.25009,2.15804,-2.46077,0
1.25018,2.18135,-2.46556,0
1.25027,2.19408,-2.45826,0
1.25035,2.21415,-2.45907,0
1.25044,2.23562,-2.46123,0
1.25053,2.25377,-2.45956,0
1.25062,2.28145,-2.46806,0
1.2507,2.29697,-2.4632,0
1.25079,2.30153,-2.4466,0
1.25088,2.2936,-2.41695,0
1.25096,2.2896,-2.39175,0
1.25105,2.29237,-2.37382,0
1.25114,2.29224,-2.35305,0
1.25123,2.28637,-2.32662,0
1.25131,2.08248,-2.10073,0
1.2514,2.03435,-2.03435,0
1.25149,2.0148,-1.99729,0
1.25158,2.01422,-1.97937,0
1.25166,2.02427,-1.97196,0
1.25175,2.02063,-1.9513,0
1.25184,2.01251,-1.92656,0
1.25192,2.02234,-1.91913,0
1.25201,2.01613,-1.89659,0
1.2521,2.02,-1.88368,0
1.25219,2.01572,-1.86331,0
1.25227,2.02383,-1.8545,0
1.25236,2.01339,-1.82884,0
1.25245,2.01912,-1.81803,0
1.25254,2.01361,-1.79721,0
1.25262,2.01769,-1.7851,0
1.25271,2.01192,-1.76441,0
1.2528,2.0196,-1.75561,0
1.25288,2.01588,-1.73699,0
1.25297,2.01888,-1.72428,0
1.25306,2.01417,-1.70512,0
1.25315,2.01393,-1.68989,0
1.25323,2.00745,-1.66958,0
1.25332,2.0178,-1.66334,0
1.25341,2.01729,-1.6482,0
1.2535,2.02058,-1.63623,0
1.25358,2.01444,-1.61676,0
1.25367,2.01522,-1.60298,0
1.25376,2.0057,-1.58117,0
1.25384,2.01179,-1.57178,0
1.25393,2.0044,-1.55197,0
1.25402,2.01512,-1.54625,0
1.25411,2.00911,-1.52776,0
1.25419,2.01017,-1.51477,0
1.25428,2.01195,-1.50239,0
1.25437,2.00482,-1.48349,0
1.25446,2.00966,-1.47354,0
1.25454,2.00798,-1.45888,0
1.25463,2.01351,-1.44952,0
1.25472,2.00924,-1.43317,0
1.2548,2.01302,-1.42266,0
1.25489,2.00365,-1.40297,0
1.25498,2.01139,-1.39535,0
1.25507,2.0084,-1.38033,0
1.25515,2.01027,-1.36874,0
1.25524,2.00627,-1.35325,0
1.25533,2.00467,-1.33948,0
1.25542,2.00466,-1.32686,0
1.2555,2.00291,-1.31316,0
1.25559,2.00191,-1.30005,0
1.25568,1.99831,-1.28536,0
1.25576,1.99799,-1.27286,0
1.25585,1.99845,-1.26093,0
1.25594,2.01327,-1.25803,0
1.25603,2.00173,-1.23871,0
1.25611,2.00115,-1.2263,0
1.2562,2.00819,-1.2186,0
1.25629,2.00149,-1.20261,0
1.25638,2.00757,-1.19438,0
1.25646,2.00501,-1.18104,0
1.25655,2.0041,-1.16876,0
1.25664,2.00312,-1.1565,0
1.25672,2.00641,-1.14676,0
1.25681,2.01313,-1.13898,0
1.2569,2.01372,-1.12774,0
1.25699,2.009,-1.11361,0
1.25707,2.0042,-1.09954,0
1.25716,2.00282,-1.08744,0
1.25725,2.00931,-1.07964,0
1.25734,2.00429,-1.0657,0
1.25742,2.00273,-1.05369,0
1.25751,2.01351,-1.04817,0
1.2576,2.01718,-1.03892,0
1.25768,2.011,-1.02466,0
1.25777,2.00563,-1.01092,0
1.25786,2.00197,-0.998145,0
1.25795,2.00451,-0.988515,0
1.25803,2.0088,-0.97976,0
1.25812,2.01126,-0.970116,0
1.25821,2.00554,-0.956596,0
1.2583,2.00246,-0.944423,0
1.25838,1.99932,-0.932296,0
1.25847,2.00518,-0.924401,0
1.25856,2.001,-0.91191,0
1.25864,2.00496,-0.903171,0
1.25873,2.00706,-0.8936,0
1.25882,1.99263,-0.87678,0
1.25891,1.99736,-0.868475,0
1.25899,2.0048,-0.861331,0
1.25908,2.00302,-0.850231,0
1.25917,1.99657,-0.837229,0
1.25926,2.00482,-0.830423,0
1.25934,2.00102,-0.818638,0
1.25943,2.00272,-0.80915,0
1.25952,2.00437,-0.799663,0
1.2596,1.99482,-0.785779,0
1.25969,1.99263,-0.774893,0
1.25978,1.99506,-0.765832,0
1.25987,2.00025,-0.757829,0
1.25995,1.99886,-0.747343,0
1.26004,1.99741,-0.736883,0
1.26013,1.99685,-0.726793,0
1.26021,1.99718,-0.717059,0
1.2603,2.00217,-0.709006,0
1.26039,1.99108,-0.695318,0
1.26048,1.99221,-0.685972,0
1.26056,1.99518,-0.677273,0
1.26065,1.99148,-0.66634,0
1.26074,1.99057,-0.656391,0
1.26083,1.99532,-0.648318,0
1.26091,1.99336,-0.638081,0
1.261,1.99994,-0.63058,0
1.26109,1.99695,-0.620068,0
1.26117,1.99294,-0.609303,0
1.26126,1.99175,-0.599448,0
1.26135,1.99818,-0.591888,0
1.26144,1.99786,-0.582324,0
1.26152,1.99558,-0.572223,0
1.26161,1.99421,-0.562425,0
1.2617,1.99375,-0.552916,0
1.26179,2,-0.545264,0
1.26187,1.9956,-0.53472,0
1.26196,1.99502,-0.525244,0
1.26205,1.98954,-0.514531,0
1.26213,1.99274,-0.506091,0
1.26222,2.00463,-0.499811,0
1.26231,1.99805,-0.48892,0
1.2624,1.99336,-0.478563,0
1.26248,1.99251,-0.469173,0
1.26257,1.99259,-0.460025,0
1.26266,1.9975,-0.451988,0
1.26275,1.9936,-0.44197,0
1.26283,1.99453,-0.433055,0
1.26292,2.00227,-0.425595,0
1.26301,1.9904,-0.414004,0
1.26309,1.99709,-0.406312,0
1.26318,1.98609,-0.395058,0
1.26327,1.99074,-0.386961,0
1.26336,1.98357,-0.376592,0
1.26344,1.99601,-0.369938,0
1.26353,1.98481,-0.358912,0
1.26362,1.9834,-0.349727,0
1.26371,1.99082,-0.342086,0
1.26379,1.98737,-0.332571,0
1.26388,1.99373,-0.3247,0
1.26397,1.9892,-0.315059,0
1.26405,1.99254,-0.306681,0
1.26414,1.98199,-0.29621,0
1.26423,1.9892,-0.28842,0
1.26432,1.98549,-0.279042,0
1.2644,1.98966,-0.270781,0
1.26449,1.98586,-0.261444,0
1.26458,1.98599,-0.25265,0
1.26467,1.97517,-0.24252,0
1.26475,1.98812,-0.23531,0
1.26484,1.9792,-0.225501,0
1.26493,1.98513,-0.217407,0
1.26501,1.9791,-0.208012,0
1.2651,1.978,-0.199174,0
1.26519,1.98183,-0.190829,0
1.26528,1.98663,-0.182546,0
1.26536,1.97844,-0.173091,0
1.26545,1.98217,-0.164706,0
1.26554,1.97788,-0.155663,0
1.26563,1.98553,-0.14755,0
1.26571,1.98216,-0.138606,0
1.2658,1.98075,-0.129825,0
1.26589,1.97531,-0.120815,0
1.26597,1.9848,-0.112705,0
1.26606,1.98827,-0.104201,0
1.26615,1.98671,-0.0954285,0
1.26624,1.98411,-0.0866281,0
1.26632,1.97548,-0.0776167,0
1.26641,1.98679,-0.0693802,0
1.2665,1.98407,-0.060619,0
1.26659,1.97832,-0.0518042,0
1.26667,1.97353,-0.0430626,0
1.26676,1.9657,-0.0343115,0
1.26685,1.96783,-0.0257604,0
1.26693,1.96993,-0.0171913,0
1.26702,1.97198,-0.00860449,0
1.26711,1.967,-4.76297e-08,0
1.2672,1.96498,0.00857386,0
1.26728,1.94793,0.0169992,0
1.26737,1.81984,0.023823,0
1.26746,1.68974,0.0294945,0
1.26755,1.6676,0.0363872,0
1.26763,1.66743,0.0436631,0
1.26772,1.66622,0.0509077,0
1.26781,1.65799,0.0578982,0
1.26789,1.65572,0.0650535,0
1.26798,1.65642,0.0723209,0
1.26807,1.65609,0.0795477,0
1.26816,1.64874,0.0864066,0
1.26824,1.64136,0.0932029,0
1.26833,1.64493,0.100608,0
1.26842,1.64647,0.107915,0
1.26851,1.65695,0.115865,0
1.26859,1.65444,0.122946,0
1.26868,1.65787,0.130477,0
1.26877,1.65031,0.13713,0
1.26885,1.65269,0.144591,0
1.26894,1.65204,0.151801,0
1.26903,1.65037,0.158912,0
1.26912,1.65165,0.166312,0
1.2692,1.65787,0.174249,0
1.26929,1.66107,0.181917,0
1.26938,1.65926,0.189049,0
1.26947,1.66339,0.196875,0
1.26955,1.66946,0.204984,0
1.26964,1.67351,0.212898,0
1.26973,1.68149,0.221372,0
1.26981,1.76275,0.2399,0
1.2699,1.94687,0.273614,0
1.26999,1.98623,0.28799,0
1.27008,1.97902,0.295767,0
1.27016,1.98068,0.304855,0
1.27025,1.9813,0.313807,0
1.27034,1.9809,0.32261,0
1.27043,1.97948,0.33125,0
1.27051,1.97505,0.339376,0
1.2706,1.97552,0.348338,0
1.27069,1.97497,0.357133,0
1.27077,1.98028,0.367022,0
1.27086,1.9875,0.377338,0
1.27095,1.977,0.384289,0
1.27104,1.97824,0.393497,0
1.27112,1.97161,0.401128,0
1.27121,1.97278,0.410338,0
1.2713,1.97195,0.41915,0
1.27139,1.97401,0.428599,0
1.27147,1.96626,0.435909,0
1.27156,1.97019,0.445809,0
1.27165,1.97212,0.455301,0
1.27173,1.97888,0.465964,0
1.27182,1.97586,0.474361,0
1.27191,1.98445,0.485592,0
1.272,1.97164,0.491585,0
1.27208,1.9782,0.502399,0
1.27217,1.97502,0.510775,0
1.27226,1.98244,0.521934,0
1.27234,1.97435,0.529026,0
1.27243,1.97685,0.538951,0
1.27252,1.97833,0.54864,0
1.27261,1.97111,0.55591,0
1.27269,1.97732,0.566986,0
1.27278,1.97194,0.574769,0
1.27287,1.97229,0.58422,0
1.27296,1.96206,0.590514,0
1.27304,1.97094,0.602578,0
1.27313,1.97307,0.612655,0
1.27322,1.97515,0.622762,0
1.2733,1.96765,0.62985,0
1.27339,1.97344,0.64121,0
1.27348,1.97822,0.65232,0
1.27357,1.9801,0.662532,0
1.27365,1.97814,0.671487,0
1.27374,1.97235,0.679135,0
1.27383,1.97409,0.689383,0
1.27392,1.97106,0.69799,0
1.274,1.97647,0.709625,0
1.27409,1.97429,0.718584,0
1.27418,1.96833,0.726154,0
1.27426,1.97169,0.737186,0
1.27435,1.97407,0.747908,0
1.27444,1.97079,0.756515,0
1.27453,1.96467,0.764019,0
1.27461,1.9669,0.774784,0
1.2747,1.98115,0.790399,0
1.27479,1.97768,0.799036,0
1.27488,1.97603,0.808415,0
1.27496,1.96602,0.81435,0
1.27505,1.9689,0.825628,0
1.27514,1.97264,0.837337,0
1.27522,1.97264,0.847515,0
1.27531,1.97076,0.856912,0
1.2754,1.96975,0.866711,0
1.27549,1.976,0.879771,0
1.27557,1.96849,0.886742,0
1.27566,1.96916,0.897396,0
1.27575,1.96522,0.90598,0
1.27584,1.97031,0.918772,0
1.27592,1.96538,0.926934,0
1.27601,1.96944,0.939375,0
1.2761,1.96712,0.948828,0
1.27618,1.96656,0.959156,0
1.27627,1.96953,0.971266,0
1.27636,1.97602,0.985205,0
1.27645,1.96813,0.992017,0
1.27653,1.9718,1.00468,0
1.27662,1.97184,1.01556,0
1.27671,1.96916,1.02508,0
1.2768,1.96998,1.03646,0
1.27688,1.96456,1.04457,0
1.27697,1.96527,1.05598,0
1.27706,1.96855,1.06884,0
1.27714,1.96913,1.0803,0
1.27723,1.9644,1.08888,0
1.27732,1.96573,1.10086,0
1.27741,1.96787,1.11337,0
1.27749,1.96821,1.12492,0
1.27758,1.96674,1.1355,0
1.27767,1.95659,1.14105,0
1.27776,1.95848,1.15363,0
1.27784,1.96804,1.17086,0
1.27793,1.96548,1.18098,0
1.27802,1.96288,1.1911,0
1.2781,1.96704,1.2054,0
1.27819,1.96857,1.21819,0
1.27828,1.96069,1.22517,0
1.27837,1.96293,1.23852,0
1.27845,1.96342,1.25083,0
1.27854,1.96046,1.26101,0
1.27863,1.95662,1.27064,0
1.27872,1.9544,1.28136,0
1.2788,1.96714,1.30202,0
1.27889,1.96144,1.31059,0
1.27898,1.96399,1.32473,0
1.27906,1.96315,1.33666,0
1.27915,1.96389,1.34975,0
1.27924,1.95388,1.35545,0
1.27933,1.95614,1.3697,0
1.27941,1.96892,1.3915,0
1.2795,1.96527,1.40182,0
1.27959,1.96076,1.41155,0
1.27968,1.96429,1.42714,0
1.27976,1.9645,1.44043,0
1.27985,1.96302,1.45256,0
1.27994,1.95987,1.4635,0
1.28002,1.96384,1.47986,0
1.28011,1.96453,1.49387,0
1.2802,1.95403,1.49938,0
1.28029,1.96012,1.51769,0
1.28037,1.96293,1.53361,0
1.28046,1.96565,1.54959,0
1.28055,1.96043,1.5594,0
1.28064,1.95907,1.57232,0
1.28072,1.96229,1.58903,0
1.28081,1.96309,1.60391,0
1.2809,1.95993,1.61564,0
1.28098,1.95824,1.62865,0
1.28107,1.96873,1.65196,0
1.28116,1.96761,1.66571,0
1.28125,1.96641,1.67947,0
1.28133,1.96437,1.69261,0
1.28142,1.96828,1.711,0
1.28151,1.96907,1.72683,0
1.2816,1.96301,1.73673,0
1.28168,1.95616,1.74594,0
1.28177,1.95819,1.76316,0
1.28186,1.95196,1.77303,0
1.28194,1.956,1.79234,0
1.28203,1.95991,1.81172,0
1.28212,1.95198,1.82025,0
1.28221,1.95131,1.83561,0
1.28229,1.95706,1.85718,0
1.28238,1.95977,1.87607,0
1.28247,1.95876,1.89155,0
1.28256,1.95622,1.90567,0
1.28264,1.95359,1.91979,0
1.28273,1.95301,1.93604,0
1.28282,1.95586,1.95586,0
1.2829,1.95082,1.96792,0
1.28299,1.95694,1.9914,0
1.28308,1.96079,2.01281,0
1.28317,1.94852,2.01775,0
1.28325,1.95491,2.04212,0
1.28334,1.94529,2.04991,0
1.28343,1.95414,2.07731,0
1.28352,1.95256,2.09387,0
1.2836,1.94952,2.10897,0
1.28369,1.95246,2.13073,0
1.28378,1.94919,2.14589,0
1.28386,1.95185,2.16775,0
1.28395,1.95436,2.18968,0
1.28404,1.94943,2.20343,0
1.28413,1.9543,2.22845,0
1.28421,1.95309,2.24677,0
1.2843,1.94784,2.26057,0
1.28439,1.94769,2.28046,0
1.28448,1.95453,2.30878,0
1.28456,1.94765,2.32111,0
1.28465,1.95093,2.34574,0
1.28474,1.94513,2.35963,0
1.28482,1.94873,2.38513,0
1.28491,1.95089,2.40915,0
1.285,1.946,2.42466,0
1.28509,1.94909,2.45035,0
1.28517,1.94767,2.47061,0
1.28526,1.95103,2.49721,0
1.28535,1.94746,2.51518,0
1.28543,1.9456,2.53556,0
1.28552,1.94481,2.55755,0
1.28561,1.94627,2.58279,0
1.2857,1.95353,2.61609,0
1.28578,1.94745,2.63183,0
1.28587,1.94777,2.65643,0
1.28596,1.95145,2.68594,0
1.28605,1.95081,2.70985,0
1.28613,1.94826,2.73136,0
1.28622,1.94498,2.75208,0
1.28631,1.94729,2.78102,0
1.28639,1.94882,2.80921,0
1.28648,1.94844,2.83499,0
1.28657,1.94731,2.86,0
1.28666,1.94487,2.88339,0
1.28674,1.94616,2.91264,0
1.28683,1.94999,2.94612,0
1.28692,1.94699,2.96965,0
1.28701,1.9509,3.00412,0
1.28709,1.94426,3.02269,0
1.28718,1.92998,3.02946,0
1.28727,1.91141,3.0294,0
1.28735,1.88969,3.02414,0
1.28744,1.86964,3.0213,0
1.28753,1.85121,3.0209,0
1.28762,1.83646,3.02639,0
1.2877,1.81963,3.02837,0
1.28779,1.79822,3.02253,0
1.28788,1.77892,3.02001,0
1.28797,1.76825,3.03206,0
1.28805,1.7475,3.02676,0
1.28814,1.7313,3.02915,0
1.28823,1.70723,3.01752,0
1.28831,1.69405,3.02494,0
1.2884,1.67065,3.01394,0
1.28849,1.65508,3.01682,0
1.28858,1.64429,3.0284,0
1.28866,1.62396,3.02234,0
1.28875,1.60606,3.02056,0
1.28884,1.58868,3.01958,0
1.28893,1.56533,3.00697,0
1.28901,1.55265,3.01466,0
1.2891,1.54039,3.02319,0
1.28919,1.52448,3.02452,0
1.28927,1.50726,3.02309,0
1.28936,1.48919,3.01977,0
1.28945,1.47293,3.01995,0
1.28954,1.46147,3.02995,0
1.28962,1.44393,3.02727,0
1.28971,1.42687,3.0254,0
1.2898,1.41408,3.03251,0
1.28989,1.39539,3.02684,0
1.28997,1.37512,3.01743,0
1.29006,1.3566,3.01155,0
1.29015,1.34548,3.02201,0
1.29023,1.32947,3.02144,0
1.29032,1.3079,3.00796,0
1.29041,1.29279,3.00904,0
1.2905,1.28199,3.02018,0
1.29058,1.26803,3.0239,0
1.29067,1.25137,3.02109,0
1.29076,1.23439,3.01726,0
1.29085,1.2186,3.01613,0
1.29093,1.20172,3.01213,0
1.29102,1.18673,3.01269,0
1.29111,1.17285,3.01598,0
1.29119,1.15932,3.02013,0
1.29128,1.14011,3.00926,0
1.29137,1.12627,3.01234,0
1.29146,1.10619,2.99846,0
1.29154,1.09378,3.00514,0
1.29163,1.0864,3.02588,0
1.29172,1.06685,3.01268,0
1.29181,1.05237,3.01353,0
1.29189,1.03921,3.0181,0
1.29198,1.0225,3.01218,0
1.29207,1.00617,3.00713,0
1.29215,0.994922,3.01719,0
1.29224,0.978657,3.012,0
1.29233,0.963676,3.01052,0
1.29242,0.95023,3.01375,0
1.2925,0.934996,3.01118,0
1.29259,0.923018,3.01905,0
1.29268,0.904648,3.00582,0
1.29277,0.890388,3.0059,0
1.29285,0.879223,3.01648,0
1.29294,0.85861,2.99433,0
1.29303,0.843366,2.99035,0
1.29311,0.831111,2.99689,0
1.2932,0.816975,2.99663,0
1.29329,0.801563,2.99147,0
1.29338,0.788757,2.99591,0
1.29346,0.776429,3.00223,0
1.29355,0.759875,2.99202,0
1.29364,0.746571,2.99433,0
1.29373,0.733499,2.99756,0
1.29381,0.715977,2.98226,0
1.2939,0.701583,2.97951,0
1.29399,0.689925,2.98839,0
1.29407,0.677541,2.9943,0
1.29416,0.662305,2.98747,0
1.29425,0.647354,2.98153,0
1.29434,0.635794,2.99118,0
1.29442,0.621718,2.98903,0
1.29451,0.608072,2.98877,0
1.2946,0.594635,2.98943,0
1.29469,0.581968,2.99396,0
1.29477,0.567593,2.9896,0
1.29486,0.553632,2.98713,0
1.29495,0.538813,2.97968,0
1.29503,0.524765,2.97609,0
1.29512,0.511944,2.97934,0
1.29521,0.498939,2.98154,0
1.2953,0.484478,2.97481,0
1.29538,0.471181,2.97492,0
1.29547,0.457739,2.97398,0
1.29556,0.445645,2.98188,0
1.29565,0.432487,2.98281,0
1.29573,0.41905,2.9817,0
1.29582,0.405901,2.98251,0
1.29591,0.392231,2.97929,0
1.29599,0.378723,2.97701,0
1.29608,0.365974,2.98062,0
1.29617,0.352142,2.97523,0
1.29626,0.339836,2.9827,0
1.29634,0.326056,2.9772,0
1.29643,0.313481,2.98257,0
1.29652,0.300464,2.98391,0
1.29661,0.286866,2.97922,0
1.29669,0.273407,2.97547,0
1.29678,0.260421,2.97663,0
1.29687,0.247348,2.97674,0
1.29695,0.234436,2.97879,0
1.29704,0.221659,2.98278,0
1.29713,0.208014,2.97474,0
1.29722,0.194836,2.97262,0
1.2973,0.181681,2.97045,0
1.29739,0.168661,2.97022,0
1.29748,0.155804,2.97292,0
1.29757,0.142687,2.97058,0
1.29765,0.130335,2.98516,0
1.29774,0.116916,2.9757,0
1.29783,0.103826,2.97319,0
1.29791,0.0909743,2.97761,0
1.298,0.0781645,2.98498,0
1.29809,0.0649212,2.97529,0
1.29818,0.0519908,2.97855,0
1.29826,0.0389809,2.97774,0
1.29835,0.0260052,2.97989,0
1.29844,0.0129766,2.97397,0
1.29852,1.08056e-07,2.97,0
1.29861,-0.0130462,2.98997,0
1.2987,-0.0262231,3.00489,0
1.29879,-0.0392818,3.00074,0
1.29887,-0.0523397,2.99854,0
1.29896,-0.0652918,2.99229,0
1.29905,-0.0785569,2.99997,0
1.29914,-0.0917681,3.0036,0
1.29922,-0.104838,3.00217,0
1.29931,-0.117819,2.99869,0
1.2994,-0.131076,3.00214,0
1.29948,-0.144126,3.00054,0
1.29957,-0.157583,3.00687,0
1.29966,-0.170418,3.00117,0
1.29975,-0.183329,2.9974,0
1.29983,-0.196732,3.00156,0
1.29992,-0.209409,2.99469,0
1.30001,-0.22277,2.99773,0
1.3001,-0.236162,3.00072,0
1.30018,-0.249335,3.00066,0
1.30027,-0.262077,2.99556,0
1.30036,-0.27542,2.99737,0
1.30044,-0.288208,2.99316,0
1.30053,-0.301065,2.98988,0
1.30062,-0.315049,2.99749,0
1.30071,-0.32856,3.00006,0
1.30079,-0.341194,2.99463,0
1.30088,-0.354258,2.99311,0
1.30097,-0.36768,2.99451,0
1.30106,-0.380868,2.99387,0
1.30114,-0.394581,2.99714,0
1.30123,-0.409138,3.00629,0
1.30132,-0.421416,2.99853,0
1.3014,-0.434352,2.99567,0
1.30149,-0.44801,2.99771,0
1.30158,-0.461694,2.99968,0
1.30167,-0.475248,3.0006,0
1.30175,-0.487693,2.99455,0
1.30184,-0.499929,2.98746,0
1.30193,-0.512282,2.98131,0
1.30202,-0.526154,2.98397,0
1.3021,-0.541482,2.99444,0
1.30219,-0.553085,2.98418,0
1.30228,-0.557334,2.93556,0
1.30236,-0.562696,2.89482,0
1.30245,-0.547814,2.75405,0
1.30254,-0.497822,2.44687,0
1.30263,-0.503402,2.4202,0
1.30271,-0.515621,2.42581,0
1.3028,-0.536173,2.46946,0
1.30289,-0.554518,2.50127,0
1.30298,-0.55395,2.44811,0
1.30306,-0.564852,2.44664,0
1.30315,-0.578043,2.45486,0
1.30324,-0.588282,2.45037,0
1.30332,-0.597305,2.44098,0
1.30341,-0.609401,2.44418,0
1.3035,-0.62006,2.44149,0
1.30359,-0.632209,2.44457,0
1.30367,-0.645161,2.45049,0
1.30376,-0.656106,2.44862,0
1.30385,-0.669151,2.45442,0
1.30394,-0.680389,2.4534,0
1.30402,-0.692716,2.45619,0
1.30411,-0.702875,2.45122,0
1.3042,-0.714683,2.45197,0
1.30428,-0.726795,2.45362,0
1.30437,-0.738935,2.45521,0
1.30446,-0.751395,2.4577,0
1.30455,-0.763298,2.45822,0
1.30463,-0.772513,2.4501,0
1.30472,-0.786855,2.45813,0
1.30481,-0.796337,2.45087,0
1.3049,-0.808902,2.45307,0
1.30498,-0.821184,2.45426,0
1.30507,-0.830278,2.44592,0
1.30516,-0.840617,2.44133,0
1.30524,-0.854228,2.44613,0
1.30533,-0.855213,2.41505,0
1.30542,-0.866756,2.41412,0
1.30551,-0.880018,2.41783,0
1.30559,-0.905788,2.45525,0
1.30568,-0.918244,2.45595,0
1.30577,-0.928597,2.45099,0
1.30586,-0.943941,2.45905,0
1.30594,-0.956836,2.4605,0
1.30603,-0.965364,2.45072,0
1.30612,-0.974566,2.44277,0
1.3062,-0.989711,2.44962,0
1.30629,-1.00077,2.4462,0
1.30638,-1.01258,2.44459,0
1.30647,-1.02633,2.44752,0
1.30655,-1.04091,2.45222,0
1.30664,-1.04765,2.43847,0
1.30673,-1.06625,2.45222,0
1.30682,-1.07856,2.4512,0
1.3069,-1.09534,2.46018,0
1.30699,-1.10689,2.4572,0
1.30708,-1.12009,2.45781,0
1.30716,-1.12745,2.44563,0
1.30725,-1.13219,2.428,0
1.30734,-1.13041,2.39681,0
1.30743,-1.12751,2.36387,0
1.30751,-1.12391,2.33011,0
1.3076,-1.12311,2.30271,0
1.30769,-1.12562,2.28254,0
1.30778,-1.12665,2.25971,0
1.30786,-1.123,2.22798,0
1.30795,-1.12045,2.199,0
1.30804,-1.11859,2.17187,0
1.30812,-1.12667,2.16431,0
1.30821,-1.12679,2.14167,0
1.3083,-1.12157,2.10936,0
1.30839,-1.12082,2.08595,0
1.30847,-1.12371,2.06961,0
1.30856,-1.11637,2.03488,0
1.30865,-1.11361,2.009,0
1.30874,-1.11357,1.98842,0
1.30882,-1.12076,1.98093,0
1.30891,-1.11748,1.95518,0
1.309,-1.116,1.93297,0
1.30908,-1.11636,1.91426,0
1.30917,-1.11658,1.89558,0
1.30926,-1.11769,1.87866,0
1.30935,-1.11454,1.85491,0
1.30943,-1.11484,1.83721,0
1.30952,-1.11135,1.81357,0
1.30961,-1.10768,1.78999,0
1.3097,-1.11071,1.77751,0
1.30978,-1.11419,1.76588,0
1.30987,-1.11006,1.74245,0
1.30996,-1.11333,1.73086,0
1.31004,-1.10943,1.70837,0
1.31013,-1.11249,1.69682,0
1.31022,-1.11215,1.68028,0
1.31031,-1.10836,1.65878,0
1.31039,-1.11279,1.64978,0
1.31048,-1.11267,1.63417,0
1.31057,-1.11129,1.61694,0
1.31065,-1.10693,1.59564,0
1.31074,-1.1093,1.58424,0
1.31083,-1.10985,1.5704,0
1.31092,-1.11437,1.56229,0
1.311,-1.10715,1.53793,0
1.31109,-1.10269,1.51772,0
1.31118,-1.10634,1.50886,0
1.31127,-1.11351,1.50482,0
1.31135,-1.11169,1.48873,0
1.31144,-1.11035,1.47348,0
1.31153,-1.11132,1.46146,0
1.31161,-1.10551,1.44073,0
1.3117,-1.10995,1.43352,0
1.31179,-1.1045,1.41369,0
1.31188,-1.1057,1.40258,0
1.31196,-1.1087,1.39383,0
1.31205,-1.10976,1.38274,0
1.31214,-1.1076,1.36778,0
1.31223,-1.10977,1.35828,0
1.31231,-1.10868,1.34494,0
1.3124,-1.11071,1.33548,0
1.31249,-1.10624,1.31836,0
1.31257,-1.10423,1.30436,0
1.31266,-1.10276,1.29117,0
1.31275,-1.10382,1.28104,0
1.31284,-1.11136,1.27848,0
1.31292,-1.1077,1.26309,0
1.31301,-1.11055,1.25525,0
1.3131,-1.10869,1.24219,0
1.31319,-1.11477,1.23808,0
1.31327,-1.11209,1.22432,0
1.31336,-1.11405,1.21577,0
1.31345,-0.027152,0.0293729,0
1.31353,-1.1137,1.1943,0
1.31362,-1.11822,1.1887,0
1.31371,-1.11032,1.17003,0
1.3138,-0.0262775,0.0274498,0
1.31388,-0.0368169,0.038125,0
1.31397,-0.016747,0.0171912,0
1.31406,-1.10393,1.12337,0
1.31415,-1.11516,1.12493,0
1.31423,-0.0311127,0.0311127,0
