7200
5222
4.55531
4.57102,-0.0296985,-0.0296985,0
4.57119,-0.0469609,-0.0477878,0
4.57128,-1.11786,-1.14752,0
4.57137,-0.024313,-0.0251769,0
4.57145,-0.0228199,-0.023838,0
4.57154,-0.0227157,-0.0239374,0
4.57163,-0.0246666,-0.0262214,0
4.57172,-0.0327359,-0.035105,0
4.5718,-1.08065,-1.16904,0
4.57189,-1.0877,-1.18702,0
4.57198,-1.0926,-1.20285,0
4.57206,-1.086,-1.20612,0
4.57215,-1.08872,-1.2198,0
4.57224,-1.07742,-1.2178,0
4.57233,-1.08726,-1.23978,0
4.57241,-1.08971,-1.25357,0
4.5725,-1.08554,-1.25983,0
4.57259,-1.07938,-1.26379,0
4.57268,-1.07644,-1.27155,0
4.57276,-1.07795,-1.28466,0
4.57285,-1.07937,-1.2978,0
4.57294,-1.08324,-1.31408,0
4.57302,-1.08382,-1.32653,0
4.57311,-1.07928,-1.33281,0
4.5732,-1.07721,-1.34218,0
4.57329,-1.07571,-1.35235,0
4.57337,-1.07722,-1.36645,0
4.57346,-1.08541,-1.38926,0
4.57355,-1.0824,-1.39794,0
4.57364,-1.07629,-1.40265,0
4.57372,-1.06955,-1.40654,0
4.57381,-1.07785,-1.43036,0
4.5739,-1.07878,-1.44466,0
4.57398,-1.07366,-1.45096,0
4.57407,-1.08032,-1.47337,0
4.57416,-1.07859,-1.48455,0
4.57425,-1.07911,-1.49898,0
4.57433,-1.07604,-1.50856,0
4.57442,-1.07811,-1.52549,0
4.57451,-1.08406,-1.5482,0
4.5746,-1.07843,-1.55456,0
4.57468,-1.0773,-1.56749,0
4.57477,-1.08059,-1.58705,0
4.57486,-1.0798,-1.60087,0
4.57494,-1.08225,-1.6197,0
4.57503,-1.08069,-1.63275,0
4.57512,-1.08288,-1.65167,0
4.57521,-1.08056,-1.66392,0
4.57529,-1.07546,-1.67199,0
4.57538,-1.07729,-1.691,0
4.57547,-1.08164,-1.71429,0
4.57556,-1.08368,-1.73426,0
4.57564,-1.08295,-1.75002,0
4.57573,-1.08262,-1.76667,0
4.57582,-1.08372,-1.78591,0
4.5759,-1.079,-1.79577,0
4.57599,-1.07883,-1.81335,0
4.57608,-1.08004,-1.83355,0
4.57617,-1.07707,-1.84688,0
4.57625,-1.0805,-1.87148,0
4.57634,-1.08026,-1.89007,0
4.57643,-1.08136,-1.9113,0
4.57652,-1.07985,-1.92822,0
4.5766,-1.08161,-1.95128,0
4.57669,-1.08078,-1.97001,0
4.57678,-1.0445,-1.92373,0
4.57686,-1.03704,-1.93003,0
4.57695,-1.02204,-1.92218,0
4.57704,-1.0169,-1.93281,0
4.57713,-1.00984,-1.93989,0
4.57721,-0.998623,-1.93895,0
4.5773,-0.988337,-1.93972,0
4.57739,-0.973113,-1.93062,0
4.57747,-0.957541,-1.92053,0
4.57756,-0.945613,-1.91751,0
4.57765,-0.938114,-1.92342,0
4.57774,-0.9245,-1.91669,0
4.57782,-0.913975,-1.91619,0
4.57791,-0.912857,-1.93553,0
4.578,-0.903135,-1.93678,0
4.57809,-0.897606,-1.94706,0
4.57817,-0.894079,-1.96188,0
4.57826,-0.895367,-1.98764,0
4.57835,-0.896854,-2.01437,0
4.57843,-0.898528,-2.04206,0
4.57852,-0.893597,-2.05513,0
4.57861,-0.883042,-2.05534,0
4.5787,-0.842026,-1.98369,0
4.57878,-0.81132,-1.93478,0
4.57887,-0.79713,-1.92444,0
4.57896,-0.830755,-2.03064,0
4.57905,-0.816268,-2.02033,0
4.57913,-0.785211,-1.96815,0
4.57922,-0.778082,-1.97528,0
4.57931,-0.77743,-1.99916,0
4.57939,-0.769774,-2.00533,0
4.57948,-0.767394,-2.0255,0
4.57957,-0.756098,-2.02228,0
4.57966,-0.745536,-2.02086,0
4.57974,-0.767835,-2.10961,0
4.57983,-0.771464,-2.1487,0
4.57992,-0.770092,-2.17467,0
4.58001,-0.76686,-2.19595,0
4.58009,-0.763132,-2.2163,0
4.58018,-0.761169,-2.24233,0
4.58027,-0.791675,-2.36607,0
4.58035,-0.800134,-2.42648,0
4.58044,-0.81426,-2.50603,0
4.58053,-0.810024,-2.53052,0
4.58062,-0.814311,-2.58267,0
4.5807,-0.803924,-2.58906,0
4.58079,-0.793204,-2.59445,0
4.58088,-0.783317,-2.60268,0
4.58097,-0.76883,-2.59553,0
4.58105,-0.757497,-2.59886,0
4.58114,-0.746977,-2.60502,0
4.58123,-0.732075,-2.59574,0
4.58131,-0.718337,-2.59024,0
4.5814,-0.704135,-2.58274,0
4.58149,-0.692082,-2.58289,0
4.58158,-0.680042,-2.58298,0
4.58166,-0.667012,-2.57915,0
4.58175,-0.651568,-2.56555,0
4.58184,-0.64569,-2.58972,0
4.58193,-0.630105,-2.57503,0
4.58201,-0.617463,-2.57192,0
4.5821,-0.604172,-2.56583,0
4.58219,-0.593421,-2.57039,0
4.58227,-0.580214,-2.56417,0
4.58236,-0.56837,-2.56375,0
4.58245,-0.558027,-2.57012,0
4.58254,-0.546808,-2.57253,0
4.58262,-0.537003,-2.58174,0
4.58271,-0.526132,-2.58602,0
4.5828,-0.512892,-2.57848,0
4.58289,-0.502019,-2.58266,0
4.58297,-0.480859,-2.53276,0
4.58306,-0.467252,-2.52107,0
4.58315,-0.459094,-2.53883,0
4.58323,-0.477012,-2.70527,0
4.58332,-0.527016,-3.06705,0
4.58341,-0.517589,-3.09299,0
4.5835,-0.502642,-3.08634,0
4.58358,-0.489796,-3.09245,0
4.58367,-0.475386,-3.08863,0
4.58376,-0.461165,-3.08573,0
4.58385,-0.447841,-3.0887,0
4.58393,-0.434359,-3.09063,0
4.58402,-0.421005,-3.09348,0
4.58411,-0.40672,-3.08934,0
4.58419,-0.393741,-3.09506,0
4.58428,-0.378892,-3.08583,0
4.58437,-0.365424,-3.08745,0
4.58446,-0.351609,-3.08603,0
4.58454,-0.338467,-3.09052,0
4.58463,-0.323829,-3.08103,0
4.58472,-0.311785,-3.09634,0
4.58481,-0.297218,-3.08672,0
4.58489,-0.284113,-3.09197,0
4.58498,-0.270619,-3.09318,0
4.58507,-0.257865,-3.10331,0
4.58515,-0.243145,-3.08945,0
4.58524,-0.229885,-3.09347,0
4.58533,-0.215827,-3.08646,0
4.58542,-0.202815,-3.09436,0
4.5855,-0.188457,-3.08124,0
4.58559,-0.175521,-3.09102,0
4.58568,-0.162189,-3.09475,0
4.58577,-0.148109,-3.08344,0
4.58585,-0.134915,-3.09006,0
4.58594,-0.121274,-3.08662,0
4.58603,-0.108084,-3.09511,0
4.58611,-0.094364,-3.08856,0
4.5862,-0.0810962,-3.09694,0
4.58629,-0.0675607,-3.09626,0
4.58638,-0.0538931,-3.08753,0
4.58646,-0.0402898,-3.07774,0
4.58655,-0.026965,-3.08988,0
4.58664,-0.0134565,-3.08397,0
4.58673,-3.73198e-08,-3.098,0
4.58681,0.0134564,-3.08397,0
4.5869,0.027061,-3.10088,0
4.58699,0.039884,-3.04674,0
4.58707,0.0535963,-3.07053,0
4.58716,0.0670589,-3.07327,0
4.58725,0.0804417,-3.07195,0
4.58734,0.093967,-3.07556,0
4.58742,0.107176,-3.06913,0
4.58751,0.120606,-3.06963,0
4.5876,0.134217,-3.07407,0
4.58769,0.147293,-3.06646,0
4.58777,0.161613,-3.08377,0
4.58786,0.174274,-3.06906,0
4.58795,0.187968,-3.07326,0
4.58803,0.201245,-3.07041,0
4.58812,0.21485,-3.0725,0
4.58821,0.228551,-3.07552,0
4.5883,0.241968,-3.07449,0
4.58838,0.255298,-3.07241,0
4.58847,0.268614,-3.07027,0
4.58856,0.282099,-3.07007,0
4.58865,0.295013,-3.06383,0
4.58873,0.309882,-3.07744,0
4.58882,0.322993,-3.07307,0
4.58891,0.33629,-3.07064,0
4.58899,0.350364,-3.0751,0
4.58908,0.362603,-3.06362,0
4.58917,0.377307,-3.07292,0
4.58926,0.390964,-3.07323,0
4.58934,0.405153,-3.07745,0
4.58943,0.417498,-3.06772,0
4.58952,0.432689,-3.07874,0
4.58961,0.445688,-3.07386,0
4.58969,0.458505,-3.06793,0
4.58978,0.471278,-3.06194,0
4.58987,0.487293,-3.07665,0
4.58995,0.500392,-3.07252,0
4.59004,0.512638,-3.0634,0
4.59013,0.52837,-3.07493,0
4.59022,0.542824,-3.07851,0
4.5903,0.555718,-3.07316,0
4.59039,0.570397,-3.07759,0
4.59048,0.582328,-3.06721,0
4.59056,0.597614,-3.07446,0
4.59065,0.612193,-3.0777,0
4.59074,0.625816,-3.07598,0
4.59083,0.63801,-3.06735,0
4.59091,0.65409,-3.07725,0
4.591,0.667087,-3.07241,0
4.59109,0.683083,-3.08119,0
4.59118,0.697183,-3.08111,0
4.59126,0.711295,-3.08096,0
4.59135,0.721294,-3.06322,0
4.59144,0.738388,-3.07561,0
4.59152,0.752513,-3.07527,0
4.59161,0.769312,-3.08554,0
4.5917,0.781537,-3.07731,0
4.59179,0.795207,-3.07484,0
4.59187,0.80887,-3.0723,0
4.59196,0.825633,-3.0813,0
4.59205,0.838017,-3.07381,0
4.59214,0.856499,-3.08844,0
4.59222,0.864538,-3.06542,0
4.59231,0.880937,-3.07219,0
4.5924,0.897132,-3.07792,0
4.59248,0.914813,-3.08836,0
4.59257,0.934044,-3.10349,0
4.59266,0.946115,-3.0946,0
4.59275,0.960498,-3.09331,0
4.59283,0.975189,-3.0929,0
4.59292,0.990504,-3.09433,0
4.59301,1.00554,-3.09474,0
4.5931,1.02405,-3.10552,0
4.59318,1.03822,-3.10292,0
4.59327,1.05143,-3.09741,0
4.59336,1.06624,-3.09657,0
4.59344,1.08336,-3.10228,0
4.59353,1.09489,-3.09186,0
4.59362,1.11344,-3.10118,0
4.59371,1.12422,-3.08877,0
4.59379,1.14322,-3.09885,0
4.59388,1.15638,-3.09289,0
4.59397,1.17554,-3.10278,0
4.59406,1.19086,-3.10229,0
4.59414,1.20329,-3.09427,0
4.59423,1.22045,-3.09829,0
4.59432,1.241,-3.11058,0
4.5944,1.24894,-3.09123,0
4.59449,1.26544,-3.09316,0
4.59458,1.28314,-3.09777,0
4.59467,1.30206,-3.10505,0
4.59475,1.31676,-3.1021,0
4.59484,1.33305,-3.10276,0
4.59493,1.34737,-3.09875,0
4.59502,1.3641,-3.10016,0
4.5951,1.38331,-3.10697,0
4.59519,1.39768,-3.10273,0
4.59528,1.41576,-3.10661,0
4.59536,1.42847,-3.09858,0
4.59545,1.44789,-3.10501,0
4.59554,1.46484,-3.1059,0
4.59563,1.48053,-3.10399,0
4.59571,1.49536,-3.1002,0
4.5958,1.5172,-3.11073,0
4.59589,1.53297,-3.10856,0
4.59598,1.54652,-3.10184,0
4.59606,1.56319,-3.10132,0
4.59615,1.58488,-3.1105,0
4.59624,1.60118,-3.10889,0
4.59632,1.61843,-3.10897,0
4.59641,1.63617,-3.10985,0
4.5965,1.65066,-3.10444,0
4.59659,1.66987,-3.10778,0
4.59667,1.68914,-3.11101,0
4.59676,1.70366,-3.10537,0
4.59685,1.7235,-3.10927,0
4.59694,1.74242,-3.11132,0
4.59702,1.76091,-3.11239,0
4.59711,1.77695,-3.10902,0
4.5972,1.794,-3.1073,0
4.59728,1.81107,-3.10549,0
4.59737,1.83069,-3.1079,0
4.59746,1.84986,-3.10933,0
4.59755,1.86959,-3.11152,0
4.59763,1.8873,-3.11017,0
4.59772,1.90503,-3.10873,0
4.59781,1.92384,-3.10889,0
4.5979,1.94003,-3.1047,0
4.59798,1.9605,-3.1072,0
4.59807,1.98049,-3.10874,0
4.59816,1.99295,-3.09839,0
4.59824,1.99392,-3.07037,0
4.59833,1.99195,-3.03823,0
4.59842,1.98642,-3.00116,0
4.59851,1.99172,-2.98082,0
4.59859,1.99464,-2.95718,0
4.59868,1.99571,-2.93109,0
4.59877,2.00225,-2.91329,0
4.59886,1.99556,-2.87659,0
4.59894,1.98802,-2.83918,0
4.59903,1.9848,-2.80843,0
4.59912,1.98542,-2.78346,0
4.5992,1.98703,-2.76016,0
4.59929,1.98965,-2.73852,0
4.59938,1.99035,-2.71449,0
4.59947,1.9879,-2.68649,0
4.59955,1.98165,-2.65375,0
4.59964,1.98358,-2.6323,0
4.59973,1.98597,-2.61168,0
4.59982,1.98152,-2.58237,0
4.5999,1.98664,-2.56579,0
4.59999,1.98181,-2.53661,0
4.60008,1.9842,-2.51694,0
4.60016,1.98333,-2.49339,0
4.60025,1.9798,-2.46677,0
4.60034,1.9767,-2.44102,0
4.60043,1.97404,-2.41611,0
4.60051,1.97693,-2.39821,0
4.6006,1.97842,-2.3788,0
4.60069,1.97593,-2.35482,0
4.60078,1.97585,-2.33397,0
4.60086,1.97692,-2.31468,0
4.60095,1.97786,-2.29542,0
4.60104,1.97999,-2.27771,0
4.60112,1.97606,-2.25326,0
4.60121,1.97593,-2.23339,0
4.6013,1.97634,-2.2143,0
4.60139,1.97661,-2.19525,0
4.60147,1.97945,-2.1792,0
4.60156,1.98218,-2.16317,0
4.60165,1.97531,-2.13688,0
4.60174,1.97916,-2.12239,0
4.60182,1.98086,-2.10572,0
4.60191,1.97558,-2.08182,0
4.602,1.98464,-2.07318,0
4.60208,1.98742,-2.05803,0
4.60217,1.98103,-2.03358,0
4.60226,1.97586,-2.01065,0
4.60235,1.97758,-1.99491,0
4.60243,1.97919,-1.97919,0
4.60252,1.97361,-1.95646,0
4.60261,1.9807,-1.94643,0
4.60269,1.97914,-1.928,0
4.60278,1.97459,-1.90684,0
4.60287,1.97494,-1.8906,0
4.60296,1.97374,-1.87301,0
4.60304,1.96879,-1.85205,0
4.60313,1.97246,-1.83935,0
4.60322,1.97019,-1.82122,0
4.60331,1.97517,-1.80991,0
4.60339,1.97194,-1.79119,0
4.60348,1.96562,-1.76985,0
4.60357,1.97108,-1.75926,0
4.60365,1.97575,-1.74799,0
4.60374,1.97132,-1.7288,0
4.60383,1.97206,-1.71428,0
4.60392,1.96664,-1.69456,0
4.604,1.97021,-1.68272,0
4.60409,1.97601,-1.67281,0
4.60418,1.97486,-1.65711,0
4.60427,1.97515,-1.64272,0
4.60435,1.97304,-1.62645,0
4.60444,1.97238,-1.6115,0
4.60453,1.9755,-1.59973,0
4.60461,1.97935,-1.58859,0
4.6047,1.97687,-1.57247,0
4.60479,1.97036,-1.55331,0
4.60488,1.96924,-1.53854,0
4.60496,1.97593,-1.52993,0
4.60505,1.97307,-1.51399,0
4.60514,1.96851,-1.49689,0
4.60523,1.97263,-1.48648,0
4.60531,1.97028,-1.47128,0
4.6054,1.97427,-1.46088,0
4.60549,1.97418,-1.44753,0
4.60557,1.97966,-1.43831,0
4.60566,1.97862,-1.4244,0
4.60575,1.97993,-1.41227,0
4.60584,1.97872,-1.39842,0
4.60592,1.97743,-1.38461,0
4.60601,1.97113,-1.36742,0
4.6061,1.97708,-1.35881,0
4.60619,1.97886,-1.34736,0
4.60627,1.97311,-1.33088,0
4.60636,1.96809,-1.31503,0
4.60645,1.97965,-1.3103,0
4.60653,1.96695,-1.28959,0
4.60662,1.97255,-1.28099,0
4.60671,1.97392,-1.26967,0
4.6068,1.97269,-1.25674,0
4.60688,1.97224,-1.24439,0
4.60697,1.97595,-1.23471,0
4.60706,1.97707,-1.22345,0
4.60715,1.9713,-1.20802,0
4.60723,1.97656,-1.1994,0
4.60732,1.97663,-1.18768,0
4.60741,1.97921,-1.17751,0
4.60749,1.96882,-1.15973,0
4.60758,1.97732,-1.15314,0
4.60767,1.9754,-1.1405,0
4.60776,1.98123,-1.13237,0
4.60784,1.97919,-1.11977,0
4.60793,1.9701,-1.10331,0
4.60802,1.96877,-1.09131,0
4.60811,1.96913,-1.0803,0
4.60819,1.97558,-1.07265,0
4.60828,1.9776,-1.0626,0
4.60837,1.96809,-1.04645,0
4.60845,1.96733,-1.03506,0
4.60854,1.97892,-1.03016,0
4.60863,1.98073,-1.02014,0
4.60872,1.98962,-1.01376,0
4.6088,1.99134,-1.00372,0
4.60889,1.98675,-0.990559,0
4.60898,1.97312,-0.973035,0
4.60907,1.97735,-0.964417,0
4.60915,1.97793,-0.954042,0
4.60924,1.97486,-0.941958,0
4.60933,1.97714,-0.932479,0
4.60941,1.97031,-0.918772,0
4.6095,1.97521,-0.910585,0
4.60959,1.97826,-0.901543,0
4.60968,1.98582,-0.894546,0
4.60976,1.97965,-0.881398,0
4.60985,1.97433,-0.868725,0
4.60994,1.97076,-0.856912,0
4.61003,1.96346,-0.843568,0
4.61011,1.97816,-0.839681,0
4.6102,1.96982,-0.826015,0
4.61029,1.9808,-0.820473,0
4.61037,1.98528,-0.812201,0
4.61046,1.9851,-0.802033,0
4.61055,1.98208,-0.79077,0
4.61064,1.97528,-0.778082,0
4.61072,1.9712,-0.766557,0
4.61081,1.98199,-0.760815,0
4.6109,1.97501,-0.748263,0
4.61099,1.97825,-0.739638,0
4.61107,1.97114,-0.727192,0
4.61116,1.98181,-0.721321,0
4.61125,1.97176,-0.707936,0
4.61133,1.97295,-0.698658,0
4.61142,1.97409,-0.689383,0
4.61151,1.98086,-0.682065,0
4.6116,1.9734,-0.66988,0
4.61168,1.97346,-0.660311,0
4.61177,1.97537,-0.651381,0
4.61186,1.97915,-0.643064,0
4.61195,1.97051,-0.630764,0
4.61203,1.97419,-0.622461,0
4.61212,1.97594,-0.613545,0
4.61221,1.97955,-0.605209,0
4.61229,1.97068,-0.593108,0
4.61238,1.97037,-0.583652,0
4.61247,1.97866,-0.576728,0
4.61256,1.97155,-0.565332,0
4.61264,1.97881,-0.558082,0
4.61273,1.97159,-0.54677,0
4.61282,1.97492,-0.538425,0
4.61291,1.97242,-0.528509,0
4.61299,1.97954,-0.52117,0
4.61308,1.96824,-0.509023,0
4.61317,1.97723,-0.502153,0
4.61325,1.97455,-0.492311,0
4.61334,1.98251,-0.485117,0
4.61343,1.97002,-0.47296,0
4.61352,1.98083,-0.466423,0
4.6136,1.9731,-0.455526,0
4.61369,1.98092,-0.448237,0
4.61378,1.97602,-0.438074,0
4.61387,1.97205,-0.428175,0
4.61395,1.9739,-0.419566,0
4.61404,1.97767,-0.411356,0
4.61413,1.97553,-0.401926,0
4.61421,1.98021,-0.393887,0
4.6143,1.97405,-0.383717,0
4.61439,1.98553,-0.376965,0
4.61448,1.97438,-0.365929,0
4.61456,1.97792,-0.357667,0
4.61465,1.96962,-0.347296,0
4.61474,1.9721,-0.338868,0
4.61483,1.9775,-0.330921,0
4.61491,1.98288,-0.322932,0
4.615,1.97933,-0.313495,0
4.61509,1.98265,-0.30516,0
4.61517,1.97803,-0.295619,0
4.61526,1.97139,-0.285837,0
4.61535,1.97063,-0.276955,0
4.61544,1.96191,-0.267005,0
4.61552,1.96901,-0.259225,0
4.61561,1.85902,-0.236497,0
4.6157,1.70222,-0.209006,0
4.61578,1.66736,-0.197345,0
4.61587,1.66324,-0.189502,0
4.61596,1.66107,-0.181917,0
4.61605,1.65687,-0.174144,0
4.61613,1.65861,-0.167014,0
4.61622,1.64937,-0.158816,0
4.61631,1.64607,-0.151252,0
4.6164,1.64671,-0.144068,0
4.61648,1.65829,-0.137793,0
4.61657,1.6509,-0.129928,0
4.61666,1.65344,-0.122872,0
4.61674,1.64498,-0.115028,0
4.61683,1.65245,-0.108308,0
4.61692,1.64792,-0.100791,0
4.61701,1.65633,-0.0940534,0
4.61709,1.65573,-0.0867731,0
4.61718,1.65309,-0.0794038,0
4.61727,1.65442,-0.0722337,0
4.61736,1.65572,-0.0650536,0
4.61744,1.65799,-0.0578983,0
4.61753,1.65823,-0.0506634,0
4.61762,1.65243,-0.0432705,0
4.6177,1.6666,-0.0363655,0
4.61779,1.65675,-0.0289187,0
4.61788,1.67686,-0.0219513,0
4.61797,1.76293,-0.0153849,0
4.61805,1.77198,-0.00773183,0
4.61814,1.709,-4.13824e-08,0
4.61823,1.69598,0.00740013,0
4.61832,1.69294,0.014774,0
4.6184,1.68886,0.0221083,0
4.61849,1.69274,0.0295469,0
4.61858,1.6886,0.0368453,0
4.61866,1.68942,0.044239,0
4.61875,1.69521,0.0517933,0
4.61884,1.68697,0.0589103,0
4.61893,1.69469,0.0665846,0
4.61901,1.69339,0.0739348,0
4.6191,1.69904,0.0816108,0
4.61919,1.68968,0.0885524,0
4.61928,1.68329,0.095584,0
4.61936,1.69583,0.103721,0
4.61945,1.69237,0.110924,0
4.61954,1.69686,0.118656,0
4.61962,1.68934,0.12554,0
4.61971,1.68878,0.13291,0
4.6198,1.69416,0.140774,0
4.61989,1.70748,0.149385,0
4.61997,1.70382,0.156559,0
4.62006,1.69914,0.163609,0
4.62015,1.70538,0.171722,0
4.62024,1.70163,0.178848,0
4.62032,1.69586,0.185727,0
4.62041,1.69404,0.193011,0
4.6205,1.69616,0.200754,0
4.62058,1.70321,0.209128,0
4.62067,1.70327,0.216684,0
4.62076,1.70033,0.223852,0
4.62085,1.70132,0.231539,0
4.62093,1.69633,0.238403,0
4.62102,1.69626,0.245946,0
4.62111,1.69715,0.253641,0
4.6212,1.69504,0.260892,0
4.62128,1.69092,0.267816,0
4.62137,1.6927,0.275673,0
4.62146,1.70036,0.284542,0
4.62154,1.69516,0.291281,0
4.62163,1.69978,0.299717,0
4.62172,1.70042,0.307486,0
4.62181,1.70595,0.316179,0
4.62189,1.70553,0.323806,0
4.62198,1.70116,0.330672,0
4.62207,1.70068,0.338287,0
4.62216,1.70017,0.345903,0
4.62224,1.69962,0.353522,0
4.62233,1.69904,0.361143,0
4.62242,1.70429,0.370038,0
4.6225,1.70071,0.377038,0
4.62259,1.70197,0.385117,0
4.62268,1.70028,0.39254,0
4.62277,1.70147,0.400642,0
4.62285,1.69776,0.407596,0
4.62294,1.69985,0.41595,0
4.62303,1.7116,0.42675,0
4.62312,1.71069,0.434461,0
4.6232,1.702,0.440168,0
4.62329,1.7078,0.449627,0
4.62338,1.71355,0.459145,0
4.62346,1.71057,0.466354,0
4.62355,1.7037,0.472477,0
4.62364,1.70643,0.481264,0
4.62373,1.71105,0.490634,0
4.62381,1.71657,0.500334,0
4.6239,1.71629,0.508387,0
4.62399,1.71022,0.514718,0
4.62408,1.70892,0.522468,0
4.62416,1.71235,0.531699,0
4.62425,1.71574,0.54097,0
4.62434,1.71812,0.549975,0
4.62442,1.7081,0.554994,0
4.62451,1.70756,0.563068,0
4.6246,1.71931,0.575273,0
4.62469,1.74614,0.592734,0
4.62477,1.92413,0.662531,0
4.62486,1.99297,0.695977,0
4.62495,1.99557,0.706669,0
4.62504,1.99718,0.717059,0
4.62512,1.98933,0.724057,0
4.62521,1.99929,0.737575,0
4.6253,2.00635,0.750144,0
4.62538,2.00212,0.758537,0
4.62547,2.00066,0.767982,0
4.62556,1.99729,0.776705,0
4.62565,1.99388,0.785412,0
4.62573,1.99601,0.796328,0
4.62582,1.99159,0.804655,0
4.62591,1.99176,0.814852,0
4.626,1.9965,0.826979,0
4.62608,1.99011,0.834522,0
4.62617,1.98921,0.84437,0
4.62626,2.00021,0.859357,0
4.62634,1.99644,0.868077,0
4.62643,1.99355,0.877182,0
4.62652,1.99153,0.886686,0
4.62661,1.99402,0.898242,0
4.62669,1.99646,0.909837,0
4.62678,1.99156,0.918121,0
4.62687,1.98844,0.927224,0
4.62696,1.99251,0.939731,0
4.62704,1.99471,0.951429,0
4.62713,1.99955,0.964468,0
4.62722,1.99263,0.971869,0
4.6273,1.99195,0.982323,0
4.62739,2.00286,0.998591,0
4.62748,1.99938,1.00777,0
4.62757,1.98873,1.01331,0
4.62765,1.99229,1.0261,0
4.62774,2.00376,1.04309,0
4.62783,1.99122,1.04763,0
4.62791,1.99458,1.06054,0
4.628,1.99257,1.07065,0
4.62809,1.99843,1.08506,0
4.62818,1.99368,1.09377,0
4.62826,1.99413,1.10537,0
4.62835,2.00412,1.12236,0
4.62844,2.00182,1.13257,0
4.62853,2.0012,1.14378,0
4.62861,1.99792,1.1535,0
4.6287,2.0041,1.16876,0
4.62879,1.99639,1.17597,0
4.62887,1.99898,1.18927,0
4.62896,2.00406,1.20416,0
4.62905,2.00135,1.21445,0
4.62914,1.99006,1.21951,0
4.62922,1.98472,1.22818,0
4.62931,2.00055,1.25008,0
4.6294,1.9993,1.26146,0
4.62949,1.99293,1.26964,0
4.62957,1.99579,1.28373,0
4.62966,1.99939,1.29842,0
4.62975,1.99371,1.30713,0
4.62983,1.99632,1.32134,0
4.62992,1.98804,1.32837,0
4.63001,1.99549,1.34598,0
4.6301,2.00035,1.36199,0
4.63018,1.99191,1.369,0
4.63027,1.99167,1.38167,0
4.63036,1.993,1.39551,0
4.63045,1.99751,1.4117,0
4.63053,1.99377,1.42214,0
4.63062,1.99404,1.4355,0
4.63071,1.99342,1.4483,0
4.63079,1.98708,1.45699,0
4.63088,1.99115,1.47338,0
4.63097,1.99833,1.49222,0
4.63106,1.99579,1.50394,0
4.63114,2.00035,1.5211,0
4.63123,1.99449,1.53043,0
4.63132,1.99886,1.54769,0
4.63141,1.99446,1.55824,0
4.63149,1.99549,1.57312,0
4.63158,2.00191,1.59239,0
4.63167,1.99884,1.60424,0
4.63175,1.99493,1.61547,0
4.63184,1.99716,1.63175,0
4.63193,2.00005,1.64871,0
4.63202,1.99976,1.66318,0
4.6321,2.00014,1.67832,0
4.63219,1.99662,1.69026,0
4.63228,1.98922,1.69896,0
4.63237,1.99694,1.72067,0
4.63245,2.00602,1.7438,0
4.63254,1.99839,1.75254,0
4.63263,2.00945,1.77781,0
4.63271,1.99869,1.7839,0
4.6328,1.99906,1.79996,0
4.63289,1.99785,1.81472,0
4.63298,1.99876,1.83152,0
4.63306,1.99589,1.84498,0
4.63315,1.99879,1.8639,0
4.63324,2.00084,1.8822,0
4.63333,1.99986,1.89779,0
4.63341,1.99806,1.91273,0
4.6335,2.00048,1.93184,0
4.63359,2.00278,1.95102,0
4.63367,2.00067,1.96605,0
4.63376,1.99846,1.9811,0
4.63385,1.99616,1.99616,0
4.63394,1.99518,2.01267,0
4.63402,2.0032,2.03847,0
4.63411,2.00196,2.05507,0
4.6342,2.00895,2.08033,0
4.63429,2.00193,2.09124,0
4.63437,2.00449,2.11229,0
4.63446,2.00827,2.13486,0
4.63455,2.00508,2.15018,0
4.63463,2.00246,2.16625,0
4.63472,2.01056,2.19414,0
4.63481,2.02853,2.23324,0
4.6349,2.25229,2.50143,0
4.63498,2.26866,2.54182,0
4.63507,2.28074,2.57791,0
4.63516,2.2754,2.5946,0
4.63525,2.27587,2.61809,0
4.63533,2.2827,2.6492,0
4.63542,2.27567,2.66446,0
4.63551,2.26337,2.6736,0
4.63559,2.24526,2.67579,0
4.63568,2.22205,2.67173,0
4.63577,2.19956,2.66828,0
4.63586,2.17904,2.66701,0
4.63594,2.15102,2.65628,0
4.63603,2.13127,2.65551,0
4.63612,2.11655,2.66087,0
4.63621,2.10616,2.67165,0
4.63629,2.08463,2.6682,0
4.63638,2.0644,2.66621,0
4.63647,2.043,2.66249,0
4.63655,2.03197,2.67218,0
4.63664,2.00886,2.66585,0
4.63673,1.99362,2.66978,0
4.63682,1.97184,2.66479,0
4.6369,1.95369,2.66449,0
4.63699,1.93205,2.65924,0
4.63708,1.91108,2.65466,0
4.63717,1.89774,2.66053,0
4.63725,1.8838,2.66552,0
4.63734,1.86068,2.65733,0
4.63743,1.84907,2.66542,0
4.63751,1.82609,2.65698,0
4.6376,1.81786,2.66988,0
4.63769,1.81067,2.68442,0
4.63778,1.81005,2.70893,0
4.63786,1.8523,2.79852,0
4.63795,1.65091,2.51806,0
4.63804,1.63283,2.51433,0
4.63813,1.64727,2.56096,0
4.63821,1.61781,2.53945,0
4.6383,1.58697,2.51519,0
4.63839,1.47371,2.35842,0
4.63847,1.46287,2.36398,0
4.63856,1.44523,2.3584,0
4.63865,1.43078,2.35785,0
4.63874,1.41945,2.36235,0
4.63882,1.41935,2.38571,0
4.63891,1.4069,2.38844,0
4.639,1.39495,2.39196,0
4.63909,1.377,2.38503,0
4.63917,1.3646,2.38755,0
4.63926,1.83723,3.2473,0
4.63935,1.83282,3.27273,0
4.63943,1.83113,3.30344,0
4.63952,1.83642,3.34734,0
4.63961,1.83229,3.37466,0
4.6397,1.83601,3.41698,0
4.63978,1.83329,3.44791,0
4.63987,1.83173,3.48154,0
4.63996,1.83961,3.53385,0
4.64005,1.83699,3.56674,0
4.64013,1.83639,3.60412,0
4.64022,1.84,3.6505,0
4.64031,1.83878,3.68802,0
4.64039,1.83152,3.71395,0
4.64048,1.83678,3.76595,0
4.64057,1.83944,3.81356,0
4.64066,1.8357,3.84862,0
4.64074,1.84406,3.90996,0
4.64083,1.84515,3.95694,0
4.64092,1.84461,4.00128,0
4.641,1.8288,4.01293,0
4.64109,1.80716,4.01175,0
4.64118,1.78679,4.01321,0
4.64127,1.76766,4.0173,0
4.64135,1.74732,4.01856,0
4.64144,1.72937,4.02522,0
4.64153,1.70593,4.01892,0
4.64162,1.68451,4.01711,0
4.6417,1.66506,4.0198,0
4.64179,1.64409,4.0187,0
4.64188,1.62542,4.02305,0
4.64196,1.60748,4.02918,0
4.64205,1.58035,4.01196,0
4.64214,1.56102,4.01416,0
4.64223,1.54564,4.02653,0
4.64231,1.52487,4.02482,0
4.6424,1.50449,4.02394,0
4.64249,1.48346,4.02109,0
4.64258,1.46179,4.01625,0
4.64266,1.44358,4.0207,0
4.64275,1.42335,4.01942,0
4.64284,1.40448,4.02182,0
4.64292,1.38725,4.02885,0
4.64301,1.36676,4.02635,0
4.6431,1.34505,4.01994,0
4.64319,1.32562,4.02008,0
4.64327,1.30714,4.02297,0
4.64336,1.28805,4.02387,0
4.64345,1.26778,4.02087,0
4.64354,1.24785,4.01872,0
4.64362,1.22767,4.01552,0
4.64371,1.21014,4.02084,0
4.6438,1.19088,4.02033,0
4.64388,1.1722,4.02165,0
4.64397,1.15409,4.0248,0
4.64406,1.13408,4.02114,0
4.64415,1.11412,4.01738,0
4.64423,1.09474,4.01544,0
4.64432,1.07669,4.01825,0
4.64441,1.05762,4.01711,0
4.6445,1.03883,4.01684,0
4.64458,1.02227,4.02522,0
4.64467,1.00277,4.02188,0
4.64476,0.983307,4.01844,0
4.64484,0.965297,4.02075,0
4.64493,0.948661,4.02882,0
4.64502,0.927473,4.01733,0
4.64511,0.910156,4.02231,0
4.64519,0.891515,4.02136,0
4.64528,0.869929,4.00665,0
4.64537,0.853478,4.0153,0
4.64546,0.835746,4.018,0
4.64554,0.818206,4.02161,0
4.64563,0.799675,4.02024,0
4.64572,0.782889,4.02762,0
4.6458,0.764003,4.02412,0
4.64589,0.74589,4.02446,0
4.64598,0.727077,4.02079,0
4.64607,0.7097,4.02491,0
4.64615,0.690946,4.02107,0
4.64624,0.672899,4.02109,0
4.64633,0.654865,4.02102,0
4.64642,0.63794,4.02779,0
4.6465,0.619294,4.02362,0
4.64659,0.603063,4.03518,0
4.64668,0.584302,4.02986,0
4.64676,0.565043,4.02049,0
4.64685,0.546821,4.01796,0
4.64694,0.53072,4.03121,0
4.64703,0.511737,4.02258,0
4.64711,0.493327,4.01783,0
4.6472,0.477437,4.03384,0
4.64729,0.457907,4.019,0
4.64738,0.263349,2.40462,0
4.64746,0.423759,4.03179,0
4.64755,0.405361,4.02564,0
4.64764,0.387217,4.0214,0
4.64772,0.370765,4.035,0
4.64781,0.0440137,0.503078,0
4.6479,0.0455445,0.548111,0
4.64799,0.0429171,0.545314,0
4.64807,0.0405374,0.545496,0
4.64816,0.0357153,0.510753,0
4.64825,0.0338134,0.515893,0
4.64834,0.0307685,0.50306,0
4.64842,0.0285165,0.502191,0
4.64851,0.0268484,0.512297,0
4.6486,0.0255724,0.532386,0
4.64868,0.022464,0.51451,0
4.64877,0.0199047,0.506609,0
4.64886,0.0176941,0.506691,0
4.64895,0.0160022,0.523756,0
4.64903,0.0130361,0.497829,0
4.64912,0.0112783,0.516877,0
4.64921,0.00863896,0.494925,0
4.6493,0.00646628,0.493958,0
4.64938,0.00433711,0.496981,0
4.64947,0.00216858,0.496995,0
4.64956,1.79365e-08,0.493,0
4.64964,-0.00212491,0.486995,0
4.64973,-0.00428471,0.490981,0
4.64982,-0.0062699,0.478959,0
4.64991,-0.00837714,0.479927,0
4.64999,-0.0106893,0.489883,0
4.65008,-0.0123293,0.470839,0
4.65017,-0.0143531,0.469781,0
4.65026,-0.017345,0.496697,0
4.65034,-0.018884,0.480629,0
4.65043,-0.0205447,0.470552,0
4.65052,-0.021974,0.457473,0
4.6506,-0.0254876,0.486333,0
4.65069,-0.0260787,0.45926,0
4.65078,-0.0307074,0.502062,0
4.65087,-0.0319167,0.486955,0
4.65095,-0.0362036,0.517736,0
4.65104,-0.0370542,0.498625,0
4.65113,-0.0363265,0.461573,0
4.65122,-0.0398307,0.479348,0
4.6513,-0.0432292,0.494113,0
4.65139,-0.0454763,0.494915,0
4.65148,-0.0479229,0.497698,0
4.65156,-0.050595,0.502459,0
4.65165,-0.0523687,0.498255,0
4.65174,-0.0555221,0.506969,0
4.65183,-0.0572808,0.502747,0
4.65191,-0.0567705,0.479652,0
4.652,-0.0598378,0.48734,0
4.65209,-0.0633519,0.497986,0
4.65218,-0.0683957,0.519517,0
4.65226,-0.0660769,0.485524,0
4.65235,-0.0716741,0.509988,0
4.65244,-0.0718898,0.495815,0
4.65252,-0.0778955,0.521211,0
4.65261,-0.0797126,0.517901,0
4.6527,-0.0830667,0.524463,0
4.65279,-0.0866402,0.531991,0
4.65287,-0.0932519,0.557251,0
4.65296,-0.0912794,0.531215,0
4.65305,-0.0948119,0.537705,0
4.65313,-0.0923527,0.510717,0
4.65322,-0.0982249,0.529974,0
4.65331,-0.10464,0.551155,0
4.6534,-0.105708,0.543821,0
4.65348,-0.10886,0.547278,0
4.65357,-0.112842,0.554637,0
4.65366,-0.115058,0.553161,0
4.65375,-0.119549,0.562435,0
4.65383,-0.122427,0.563862,0
4.65392,-0.125751,0.567228,0
4.65401,-0.123591,0.546192,0
4.65409,-0.130472,0.565135,0
4.65418,-0.134311,0.5704,0
4.65427,-0.140534,0.585367,0
4.65436,-0.137858,0.563378,0
4.65444,-0.13717,0.550158,0
4.65453,-0.142523,0.561185,0
4.65462,-0.155736,0.602188,0
4.65471,-0.152252,0.578293,0
4.65479,-0.160468,0.598874,0
4.65488,-0.159923,0.586591,0
4.65497,-0.166757,0.601305,0
4.65505,-0.173179,0.614046,0
4.65514,-0.179716,0.626743,0
4.65523,-0.182169,0.624992,0
4.65532,-0.185462,0.626109,0
4.6554,-0.187904,0.624337,0
4.65549,-0.188872,0.617773,0
4.65558,-0.193938,0.624583,0
4.65567,-0.225229,0.714334,0
4.65575,-0.20243,0.632391,0
4.65584,-0.300673,0.925378,0
4.65593,-0.300011,0.909812,0
4.65601,-0.310007,0.926512,0
4.6561,-0.308903,0.91,0
4.65619,-0.312871,0.908643,0
4.65628,-0.311558,0.892164,0
4.65636,-0.300426,0.848377,0
4.65645,-0.308518,0.859294,0
4.65654,-0.311922,0.857,0
4.65663,-0.312198,0.846249,0
4.65671,-0.312385,0.835512,0
4.6568,-0.28981,0.764941,0
4.65689,-0.255158,0.664709,0
4.65697,-0.238122,0.612329,0
4.65706,-0.240791,0.611284,0
4.65715,-0.256796,0.643665,0
4.65724,-0.289571,0.716713,0
4.65732,-0.297618,0.727475,0
4.65741,-0.296962,0.716931,0
4.6575,-0.298541,0.711939,0
4.65759,-0.301254,0.709709,0
4.65767,-0.298426,0.694606,0
4.65776,-0.297467,0.684127,0
4.65785,-0.294005,0.668177,0
4.65793,-0.298138,0.669629,0
4.65802,-0.295718,0.656469,0
4.65811,-0.292773,0.642433,0
4.6582,-0.294736,0.639333,0
4.65828,-0.297946,0.638947,0
4.65837,-0.299025,0.634023,0
4.65846,-0.300497,0.630005,0
4.65855,-0.297595,0.616978,0
4.65863,-0.300284,0.615674,0
4.65872,-0.301641,0.611667,0
4.65881,-0.300737,0.603186,0
4.65889,-0.297515,0.590259,0
4.65898,-0.302812,0.594301,0
4.65907,-0.299907,0.582306,0
4.65916,-0.297366,0.571235,0
4.65924,-0.29939,0.569047,0
4.65933,-0.301401,0.566852,0
4.65942,-0.309078,0.575222,0
4.65951,-0.306813,0.565079,0
4.65959,-0.307352,0.560228,0
4.65968,-0.304945,0.550136,0
4.65977,-0.304411,0.543565,0
4.65985,-0.309734,0.547454,0
4.65994,-0.308647,0.54002,0
4.66003,-0.308,0.533472,0
4.66012,-0.307302,0.52694,0
4.6602,-0.307061,0.521286,0
4.66029,-0.306776,0.515644,0
4.66038,-0.310053,0.516015,0
4.66047,-0.30867,0.508673,0
4.66055,-0.303049,0.494531,0
4.66064,-0.310466,0.501708,0
4.66073,-0.308943,0.494412,0
4.66081,-0.312698,0.495597,0
4.6609,-0.306798,0.481577,0
4.66099,-0.307273,0.47771,0
4.66108,-0.307721,0.473849,0
4.66116,-0.311431,0.475011,0
4.66125,-0.300806,0.454468,0
4.66134,-0.318897,0.477264,0
4.66143,-0.313707,0.46509,0
4.66151,-0.311231,0.457104,0
4.6616,-0.31209,0.454094,0
4.66169,-0.314068,0.452727,0
4.66177,-0.316041,0.451353,0
4.66186,-0.30935,0.43772,0
4.66195,-0.310095,0.434738,0
4.66204,-0.309068,0.429323,0
4.66212,-0.307999,0.423925,0
4.66221,-0.307481,0.419351,0
4.6623,-0.306334,0.413986,0
4.66239,-0.293179,0.392614,0
4.66247,-0.2985,0.396123,0
4.66256,-0.296594,0.390041,0
4.66265,-0.304989,0.39747,0
4.66273,-0.301211,0.389019,0
4.66282,-0.306599,0.392429,0
4.66291,-0.313262,0.39737,0
4.663,-0.308145,0.387391,0
4.66308,-0.306702,0.382143,0
4.66317,-0.312143,0.385464,0
4.66326,-0.303699,0.371708,0
4.66335,-0.30659,0.371923,0
4.66343,-0.299897,0.360587,0
4.66352,-0.296968,0.353913,0
4.66361,-0.29334,0.346508,0
4.66369,-0.302643,0.354349,0
4.66378,-0.28852,0.334844,0
4.66387,-0.291946,0.335846,0
4.66396,-0.273629,0.312014,0
4.66404,-0.284264,0.321302,0
4.66413,-0.279004,0.312598,0
4.66422,-0.258954,0.287597,0
4.66431,-0.297858,0.327917,0
4.66439,-0.16079,0.175472,0
4.66448,-0.158161,0.171097,0
4.66457,-0.156178,0.16748,0
4.66465,-0.155537,0.16534,0
4.66474,-0.153503,0.161758,0
4.66483,-0.148675,0.155308,0
4.66492,-0.147962,0.153219,0
4.665,-0.143047,0.146842,0
4.66509,-0.109342,0.111267,0
4.66518,-0.111938,0.112919,0
4.66527,-0.128693,0.128693,0
