7200
6522
5.68977
5.70548,-0.0205061,-0.0205061,0
5.70557,-0.0366088,-0.0369296,0
5.70566,-0.0504655,-0.051354,0
5.70574,-0.0921083,-0.0945519,0
5.70583,-0.15213,-0.157535,0
5.70592,-0.203305,-0.212375,0
5.706,-0.21339,-0.224866,0
5.70609,-0.237073,-0.252016,0
5.70618,-0.113212,-0.121405,0
5.70627,-0.124899,-0.135115,0
5.70635,-0.121606,-0.13271,0
5.70644,-0.357027,-0.393056,0
5.70653,-0.127135,-0.141198,0
5.70662,-0.272346,-0.305137,0
5.7067,-0.129874,-0.146795,0
5.70679,-0.270991,-0.309006,0
5.70688,-0.275545,-0.316978,0
5.70696,-0.284603,-0.330298,0
5.70705,-0.277314,-0.324693,0
5.70714,-0.292048,-0.344981,0
5.70723,-0.292468,-0.34855,0
5.70731,-0.299257,-0.359818,0
5.7074,-0.341574,-0.414362,0
5.70749,-0.342926,-0.419721,0
5.70758,-0.290117,-0.358264,0
5.70766,-0.277284,-0.345489,0
5.70775,-0.263946,-0.331826,0
5.70784,-0.260019,-0.329833,0
5.70792,-0.26535,-0.339633,0
5.70801,-0.284069,-0.36688,0
5.7081,-0.303163,-0.39509,0
5.70819,-0.313542,-0.412329,0
5.70827,-0.316555,-0.420082,0
5.70836,-0.313522,-0.419857,0
5.70845,-0.312282,-0.422025,0
5.70854,-0.318716,-0.434674,0
5.70862,-0.31329,-0.431206,0
5.70871,-0.307315,-0.426888,0
5.7088,-0.300804,-0.421712,0
5.70888,-0.301847,-0.427104,0
5.70897,-0.315467,-0.450534,0
5.70906,-0.314068,-0.452727,0
5.70915,-0.311523,-0.453269,0
5.70923,-0.303915,-0.446358,0
5.70932,-0.310352,-0.460116,0
5.70941,-0.311675,-0.466454,0
5.7095,-0.315156,-0.476149,0
5.70958,-0.312527,-0.476683,0
5.70967,-0.318614,-0.490622,0
5.70976,-0.312142,-0.48528,0
5.70984,-0.312171,-0.49001,0
5.70993,-0.311631,-0.493905,0
5.71002,-0.309473,-0.49526,0
5.71011,-0.315728,-0.510211,0
5.71019,-0.315589,-0.514995,0
5.71028,-0.31282,-0.515512,0
5.71037,-0.311598,-0.518586,0
5.71046,-0.319558,-0.537129,0
5.71054,-0.313151,-0.531625,0
5.71063,-0.315363,-0.540761,0
5.71072,-0.316,-0.547328,0
5.7108,-0.314105,-0.54957,0
5.71089,-0.314166,-0.555287,0
5.71098,-0.316627,-0.565377,0
5.71107,-0.312702,-0.56413,0
5.71115,-0.309276,-0.563735,0
5.71124,-0.313493,-0.577383,0
5.71133,-0.311444,-0.579626,0
5.71142,-0.312668,-0.588043,0
5.7115,-0.312893,-0.594712,0
5.71159,-0.313527,-0.60228,0
5.71168,-0.310896,-0.603643,0
5.71176,-0.309168,-0.606775,0
5.71185,-0.311018,-0.617048,0
5.71194,-0.310107,-0.621979,0
5.71203,-0.316679,-0.642161,0
5.71211,-0.316942,-0.649828,0
5.7122,-0.313669,-0.650304,0
5.71229,-0.313412,-0.657082,0
5.71238,-0.312248,-0.662061,0
5.71246,-0.317809,-0.681543,0
5.71255,-0.317763,-0.689281,0
5.71264,-0.314337,-0.689751,0
5.71272,-0.317075,-0.70388,0
5.71281,-0.318882,-0.71622,0
5.7129,-0.316962,-0.72035,0
5.71299,-0.318202,-0.731814,0
5.71307,-0.316979,-0.737789,0
5.71316,-0.323916,-0.763099,0
5.71325,-0.321744,-0.767271,0
5.71334,-0.322985,-0.779754,0
5.71342,-0.324502,-0.793188,0
5.71351,-0.326282,-0.807577,0
5.7136,-0.327202,-0.820139,0
5.71368,-0.328752,-0.834585,0
5.71377,-0.329819,-0.848127,0
5.71386,-0.334357,-0.871031,0
5.71395,-0.318153,-0.839751,0
5.71403,-0.32009,-0.856118,0
5.71412,-0.313582,-0.850001,0
5.71421,-0.325945,-0.895527,0
5.71429,-0.765719,-2.1327,0
5.71438,-0.754737,-2.13131,0
5.71447,-0.743782,-2.12986,0
5.71456,-0.732203,-2.12647,0
5.71464,-0.722596,-2.1287,0
5.71473,-0.713618,-2.13278,0
5.71482,-0.70274,-2.13112,0
5.71491,-0.693434,-2.13417,0
5.71499,-0.681677,-2.12956,0
5.71508,-0.669371,-2.12297,0
5.71517,-0.661881,-2.1316,0
5.71525,-0.651697,-2.1316,0
5.71534,-0.640949,-2.12964,0
5.71543,-0.629946,-2.12666,0
5.71552,-0.62206,-2.13419,0
5.7156,-0.609159,-2.12439,0
5.71569,-0.600969,-2.13088,0
5.71578,-0.589795,-2.12673,0
5.71587,-0.581036,-2.13122,0
5.71595,-0.570437,-2.1289,0
5.71604,-0.560888,-2.1304,0
5.71613,-0.550085,-2.12702,0
5.71621,-0.540799,-2.1294,0
5.7163,-0.531261,-2.13077,0
5.71639,-0.521483,-2.13112,0
5.71648,-0.512179,-2.13338,0
5.71656,-0.501261,-2.12878,0
5.71665,-0.489269,-2.11925,0
5.71674,-0.480679,-2.1243,0
5.71683,-0.472271,-2.13028,0
5.71691,-0.461486,-2.12548,0
5.717,-0.454079,-2.13627,0
5.71709,-0.44231,-2.12649,0
5.71717,-0.433426,-2.13036,0
5.71726,-0.423151,-2.12732,0
5.71735,-0.415773,-2.13897,0
5.71744,-0.405503,-2.13585,0
5.71752,-0.395816,-2.13563,0
5.71761,-0.385604,-2.13242,0
5.7177,-0.376643,-2.13605,0
5.71779,-0.368166,-2.1426,0
5.71787,-0.356833,-2.13235,0
5.71796,-0.347365,-2.1329,0
5.71805,-0.338837,-2.13933,0
5.71813,-0.327978,-2.13091,0
5.71822,-0.316903,-2.12045,0
5.71831,-0.307935,-2.12379,0
5.7184,-0.300892,-2.14096,0
5.71848,-0.28993,-2.13036,0
5.71857,-0.281545,-2.13855,0
5.71866,-0.272464,-2.14174,0
5.71875,-0.262263,-2.13596,0
5.71883,-0.252588,-2.1341,0
5.71892,-0.242821,-2.13121,0
5.71901,-0.233628,-2.13324,0
5.71909,-0.224423,-2.13524,0
5.71918,-0.214102,-2.12625,0
5.71927,-0.204918,-2.12816,0
5.71936,-0.196088,-2.13401,0
5.71944,-0.186339,-2.12986,0
5.71953,-0.17663,-2.12567,0
5.71962,-0.167667,-2.13041,0
5.71971,-0.158666,-2.13511,0
5.71979,-0.148512,-2.12381,0
5.71988,-0.139439,-2.12744,0
5.71997,-0.130339,-2.13102,0
5.72005,-0.120869,-2.12857,0
5.72014,-0.111528,-2.12808,0
5.72023,-0.102529,-2.13454,0
5.72032,-0.0930402,-2.13097,0
5.7204,-0.0836234,-2.12836,0
5.72049,-0.0745104,-2.1337,0
5.72058,-0.0650776,-2.13001,0
5.72067,-0.0559925,-2.13827,0
5.72075,-0.0464657,-2.12949,0
5.72084,-0.0371911,-2.13068,0
5.72093,-0.027894,-2.13082,0
5.72101,-0.0186225,-2.13392,0
5.7211,-0.00926333,-2.12298,0
5.72119,-2.56227e-08,-2.127,0
5.72128,0.00927637,-2.12598,0
5.72136,0.0184741,-2.11692,0
5.72145,0.0278939,-2.13082,0
5.72154,0.0372609,-2.13467,0
5.72163,0.0464875,-2.13049,0
5.72171,0.0557831,-2.13027,0
5.7218,0.0651386,-2.132,0
5.72189,0.0741963,-2.1247,0
5.72197,0.0838589,-2.13435,0
5.72206,0.0929529,-2.12897,0
5.72215,0.102673,-2.13754,0
5.72224,0.111685,-2.13108,0
5.72232,0.120926,-2.12957,0
5.72241,0.130522,-2.13401,0
5.7225,0.13957,-2.12943,0
5.72259,0.149558,-2.13878,0
5.72267,0.158296,-2.13013,0
5.72276,0.167824,-2.13241,0
5.72285,0.177127,-2.13165,0
5.72293,0.185729,-2.12289,0
5.72302,0.194715,-2.11907,0
5.72311,0.204439,-2.12318,0
5.7232,0.215404,-2.13918,0
5.72328,0.2239,-2.13027,0
5.72337,0.233302,-2.13026,0
5.72346,0.242255,-2.12624,0
5.72355,0.252588,-2.1341,0
5.72363,0.261532,-2.13,0
5.72372,0.271454,-2.1338,0
5.72381,0.281153,-2.13557,0
5.72389,0.290064,-2.13135,0
5.72398,0.2995,-2.13106,0
5.72407,0.308653,-2.12874,0
5.72416,0.318086,-2.12836,0
5.72424,0.327978,-2.13091,0
5.72433,0.337273,-2.12946,0
5.72442,0.345275,-2.12007,0
5.72451,0.354852,-2.12051,0
5.72459,0.365795,-2.1288,0
5.72468,0.375775,-2.13112,0
5.72477,0.384714,-2.1275,0
5.72485,0.395816,-2.13563,0
5.72494,0.402892,-2.12209,0
5.72503,0.414437,-2.13209,0
5.72512,0.423346,-2.1283,0
5.7252,0.433825,-2.13232,0
5.72529,0.442106,-2.12551,0
5.72538,0.452832,-2.13041,0
5.72547,0.461911,-2.12743,0
5.72555,0.473137,-2.13418,0
5.72564,0.482445,-2.1321,0
5.72573,0.492643,-2.13387,0
5.72581,0.500803,-2.12683,0
5.7259,0.512879,-2.1363,0
5.72599,0.518868,-2.12044,0
5.72608,0.530293,-2.12689,0
5.72616,0.538583,-2.12068,0
5.72625,0.549834,-2.12605,0
5.72634,0.560124,-2.1275,0
5.72642,0.572767,-2.13759,0
5.72651,0.582351,-2.13604,0
5.7266,0.593002,-2.1383,0
5.72669,0.602869,-2.13761,0
5.72677,0.613017,-2.13785,0
5.72686,0.619262,-2.12459,0
5.72695,0.63023,-2.12762,0
5.72704,0.638355,-2.12102,0
5.72712,0.651404,-2.13065,0
5.72721,0.660695,-2.12778,0
5.7273,0.67298,-2.13442,0
5.72738,0.681067,-2.12765,0
5.72747,0.694979,-2.13893,0
5.72756,0.704619,-2.13682,0
5.72765,0.712032,-2.12804,0
5.72773,0.72356,-2.13154,0
5.72782,0.730575,-2.12174,0
5.72791,0.741804,-2.1242,0
5.728,0.753402,-2.12754,0
5.72808,0.765043,-2.13082,0
5.72817,0.776386,-2.1331,0
5.72826,0.78707,-2.13345,0
5.72834,0.79427,-2.12437,0
5.72843,0.807075,-2.13024,0
5.72852,0.817079,-2.12856,0
5.72861,0.827808,-2.12871,0
5.72869,0.837822,-2.12693,0
5.72878,0.85117,-2.13348,0
5.72887,0.858224,-2.12418,0
5.72896,0.871649,-2.13059,0
5.72904,0.880555,-2.12585,0
5.72913,0.894849,-2.13397,0
5.72922,0.906887,-2.13649,0
5.7293,0.916595,-2.13343,0
5.72939,0.925098,-2.12758,0
5.72948,0.937191,-2.12993,0
5.72957,0.955018,-2.145,0
5.72965,0.963957,-2.13991,0
5.72974,0.972456,-2.13386,0
5.72983,0.985106,-2.13686,0
5.72992,0.993576,-2.13073,0
5.73,1.00201,-2.12457,0
5.73009,1.01859,-2.13552,0
5.73018,1.02964,-2.13465,0
5.73026,1.04245,-2.13733,0
5.73035,1.05619,-2.14173,0
5.73044,1.06507,-2.13621,0
5.73053,1.07574,-2.13422,0
5.73061,1.08504,-2.12951,0
5.7307,1.0989,-2.13364,0
5.73079,1.11051,-2.13326,0
5.73088,1.1212,-2.13105,0
5.73096,1.13237,-2.12967,0
5.73105,1.14354,-2.12823,0
5.73114,1.15997,-2.1364,0
5.73122,1.17361,-2.13921,0
5.73131,1.18439,-2.1367,0
5.7314,1.19761,-2.13849,0
5.73149,1.2089,-2.13672,0
5.73157,1.2192,-2.13316,0
5.73166,1.236,-2.14081,0
5.73175,1.24634,-2.13713,0
5.73184,1.26123,-2.14115,0
5.73192,1.27516,-2.14336,0
5.73201,1.28553,-2.13949,0
5.7321,1.29486,-2.13386,0
5.73218,1.30625,-2.1316,0
5.73227,1.32238,-2.13694,0
5.73236,1.33593,-2.13793,0
5.73245,1.34951,-2.13885,0
5.73253,1.36259,-2.13884,0
5.73262,1.37245,-2.13372,0
5.73271,1.38175,-2.12771,0
5.7328,1.40089,-2.13671,0
5.73288,1.41296,-2.13475,0
5.73297,1.4317,-2.1427,0
5.73306,1.44495,-2.14223,0
5.73314,1.45766,-2.14087,0
5.73323,1.47266,-2.14273,0
5.73332,1.48313,-2.13793,0
5.73341,1.49761,-2.13881,0
5.73349,1.51385,-2.14205,0
5.73358,1.52899,-2.14357,0
5.73367,1.543,-2.14337,0
5.73376,1.55469,-2.13985,0
5.73384,1.56993,-2.14111,0
5.73393,1.58401,-2.14067,0
5.73402,1.59812,-2.14015,0
5.7341,1.60444,-2.12916,0
5.73419,1.624,-2.13567,0
5.73428,1.64548,-2.14443,0
5.73437,1.66156,-2.14593,0
5.73445,1.67952,-2.14969,0
5.73454,1.69013,-2.14392,0
5.73463,1.70507,-2.14356,0
5.73472,1.71816,-2.14078,0
5.7348,1.73,-2.13637,0
5.73489,1.74816,-2.13965,0
5.73498,1.76639,-2.1428,0
5.73506,1.7834,-2.1443,0
5.73515,1.79852,-2.14339,0
5.73524,1.81367,-2.14239,0
5.73533,1.83079,-2.14358,0
5.73541,1.85057,-2.1477,0
5.7355,1.86714,-2.1479,0
5.73559,1.87979,-2.1435,0
5.73568,1.89774,-2.14501,0
5.73576,1.91308,-2.14342,0
5.73585,1.93044,-2.14397,0
5.73594,1.94852,-2.14515,0
5.73602,1.96867,-2.14843,0
5.73611,1.97938,-2.14128,0
5.7362,1.98939,-2.13336,0
5.73629,1.99114,-2.11665,0
5.73637,1.98866,-2.09561,0
5.73646,1.98257,-2.07102,0
5.73655,1.98533,-2.05587,0
5.73664,1.99149,-2.04433,0
5.73672,1.98217,-2.01707,0
5.73681,1.98462,-2.00201,0
5.7369,1.98273,-1.98273,0
5.73698,1.97574,-1.95857,0
5.73707,1.98284,-1.94853,0
5.73716,1.98129,-1.93009,0
5.73725,1.98034,-1.91239,0
5.73733,1.97567,-1.89129,0
5.73742,1.97302,-1.87232,0
5.73751,1.98335,-1.86575,0
5.7376,1.97977,-1.84617,0
5.73768,1.98267,-1.83276,0
5.73777,1.97738,-1.81193,0
5.73786,1.97564,-1.79455,0
5.73794,1.97825,-1.78123,0
5.73803,1.98078,-1.76792,0
5.73812,1.98548,-1.75661,0
5.73821,1.97583,-1.73276,0
5.73829,1.97734,-1.71887,0
5.73838,1.97952,-1.70566,0
5.73847,1.98086,-1.69181,0
5.73856,1.97219,-1.66958,0
5.73864,1.98252,-1.66353,0
5.73873,1.98438,-1.65039,0
5.73882,1.97536,-1.62836,0
5.7389,1.9747,-1.6134,0
5.73899,1.97706,-1.60099,0
5.73908,1.98169,-1.59047,0
5.73917,1.97452,-1.5706,0
5.73925,1.97193,-1.55454,0
5.73934,1.97869,-1.54593,0
5.73943,1.99017,-1.54095,0
5.73951,1.9818,-1.52069,0
5.7396,1.97329,-1.50052,0
5.73969,1.96864,-1.48347,0
5.73978,1.97349,-1.47367,0
5.73986,1.98151,-1.46624,0
5.73995,1.9766,-1.4493,0
5.74004,1.97481,-1.43478,0
5.74013,1.98024,-1.42557,0
5.74021,1.97993,-1.41227,0
5.7403,1.97382,-1.39496,0
5.74039,1.97989,-1.38633,0
5.74047,1.97113,-1.36742,0
5.74056,1.96884,-1.35314,0
5.74065,1.97472,-1.34454,0
5.74074,1.98472,-1.33871,0
5.74082,1.98056,-1.32337,0
5.74091,1.97881,-1.30975,0
5.741,1.97698,-1.29617,0
5.74109,1.97591,-1.28317,0
5.74117,1.97896,-1.27291,0
5.74126,1.98281,-1.26319,0
5.74135,1.98323,-1.25133,0
5.74143,1.98104,-1.23789,0
5.74152,1.97537,-1.22239,0
5.74161,1.97557,-1.21063,0
5.7417,1.97998,-1.20148,0
5.74178,1.9792,-1.18922,0
5.74187,1.98265,-1.17955,0
5.74196,1.97485,-1.16328,0
5.74205,1.97732,-1.15314,0
5.74213,1.97281,-1.139,0
5.74222,1.97342,-1.1279,0
5.74231,1.97745,-1.11879,0
5.74239,1.97271,-1.10477,0
5.74248,1.98101,-1.09809,0
5.74257,1.97877,-1.08559,0
5.74266,1.97997,-1.07504,0
5.74274,1.97408,-1.06071,0
5.74283,1.98663,-1.05631,0
5.74292,1.97795,-1.04065,0
5.74301,1.98424,-1.03293,0
5.74309,1.97451,-1.01694,0
5.74318,1.97982,-1.00877,0
5.74327,1.97973,-0.997868,0
5.74335,1.98049,-0.987436,0
5.74344,1.98029,-0.976573,0
5.74353,1.98364,-0.967485,0
5.74362,1.97253,-0.951435,0
5.7437,1.97305,-0.941097,0
5.74379,1.98257,-0.935039,0
5.74388,1.98572,-0.925957,0
5.74397,1.98157,-0.913516,0
5.74405,1.9819,-0.903202,0
5.74414,1.98035,-0.892081,0
5.74423,1.97143,-0.877738,0
5.74431,1.9789,-0.870738,0
5.7444,1.98085,-0.861298,0
5.74449,1.98367,-0.852252,0
5.74458,1.98001,-0.840463,0
5.74466,1.98181,-0.831042,0
5.74475,1.98634,-0.822769,0
5.74484,1.98991,-0.814095,0
5.74493,1.99159,-0.804655,0
5.74501,1.98858,-0.793364,0
5.7451,1.99202,-0.784679,0
5.74519,1.97958,-0.769818,0
5.74527,1.97079,-0.756515,0
5.74536,1.97033,-0.746491,0
5.74545,1.98294,-0.741389,0
5.74554,1.98897,-0.733768,0
5.74562,1.97523,-0.718926,0
5.74571,1.98023,-0.710977,0
5.7458,1.98332,-0.70233,0
5.74589,1.97787,-0.690702,0
5.74597,1.98559,-0.683693,0
5.74606,1.97814,-0.671487,0
5.74615,1.9782,-0.661898,0
5.74623,1.98297,-0.653886,0
5.74632,1.97915,-0.643064,0
5.74641,1.97717,-0.632898,0
5.7465,1.97515,-0.622762,0
5.74658,1.98071,-0.615027,0
5.74667,1.97955,-0.605209,0
5.74676,1.98409,-0.597143,0
5.74685,1.97613,-0.585356,0
5.74693,1.9825,-0.577847,0
5.74702,1.97155,-0.565332,0
5.74711,1.97881,-0.558082,0
5.74719,1.97833,-0.54864,0
5.74728,1.98457,-0.541055,0
5.74737,1.98401,-0.531614,0
5.74746,1.97858,-0.520916,0
5.74754,1.97696,-0.511276,0
5.74763,1.98498,-0.504122,0
5.74772,1.97358,-0.492069,0
5.74781,1.97377,-0.482978,0
5.74789,1.97975,-0.475295,0
5.74798,1.98764,-0.468027,0
5.74807,1.98382,-0.458,0
5.74815,1.97799,-0.447574,0
5.74824,1.977,-0.43829,0
5.74833,1.98182,-0.430296,0
5.74842,1.97488,-0.419774,0
5.7485,1.97767,-0.411356,0
5.74859,1.97651,-0.402125,0
5.74868,1.97432,-0.392717,0
5.74877,1.97896,-0.384671,0
5.74885,1.97767,-0.375473,0
5.74894,1.98617,-0.368116,0
5.74903,1.97891,-0.357845,0
5.74911,1.98931,-0.350769,0
5.7492,1.979,-0.340054,0
5.74929,1.98539,-0.332241,0
5.74938,1.97695,-0.321967,0
5.74946,1.99217,-0.315528,0
5.74955,1.98265,-0.30516,0
5.74964,1.98397,-0.296506,0
5.74973,1.98029,-0.287129,0
5.74981,1.97658,-0.27779,0
5.7499,1.98272,-0.269837,0
5.74999,1.98785,-0.261705,0
5.75007,1.98203,-0.252146,0
5.75016,1.98013,-0.243129,0
5.75025,1.98018,-0.23437,0
5.75034,1.96529,-0.223916,0
5.75042,1.80819,-0.198029,0
5.75051,1.71058,-0.179789,0
5.7506,1.69244,-0.17042,0
5.75069,1.71109,-0.164759,0
5.75077,1.79245,-0.164703,0
5.75086,1.89177,-0.165509,0
5.75095,1.73303,-0.144004,0
5.75103,1.67083,-0.131497,0
5.75112,1.6694,-0.124058,0
5.75121,1.66693,-0.116563,0
5.7513,1.6774,-0.109943,0
5.75138,1.66888,-0.102073,0
5.75147,1.66532,-0.0945636,0
5.75156,1.65273,-0.086616,0
5.75165,1.65809,-0.0796437,0
5.75173,1.65742,-0.0723646,0
5.75182,1.66072,-0.0652499,0
5.75191,1.65999,-0.0579681,0
5.75199,1.65823,-0.0506634,0
5.75208,1.66643,-0.043637,0
5.75217,1.6616,-0.0362564,0
5.75226,1.67474,-0.0292328,0
5.75234,1.67186,-0.0218858,0
5.75243,1.67394,-0.0146083,0
5.75252,1.68698,-0.00736094,0
5.7526,1.74,-4.2133e-08,0
5.75269,1.92398,0.00839496,0
5.75278,1.94293,0.0169556,0
5.75287,1.96783,0.0257603,0
5.75295,1.9687,0.0343637,0
5.75304,1.98053,0.0432152,0
5.75313,1.97532,0.0517256,0
5.75322,1.98307,0.0605884,0
5.7533,1.9748,0.0689614,0
5.75339,1.96848,0.0773418,0
5.75348,1.96213,0.0856684,0
5.75356,1.96274,0.094277,0
5.75365,1.97329,0.103416,0
5.75374,1.97083,0.111912,0
5.75383,1.9783,0.120998,0
5.75391,1.98574,0.130152,0
5.754,1.98016,0.138467,0
5.75409,1.97555,0.146809,0
5.75418,1.98287,0.156055,0
5.75426,1.98317,0.164788,0
5.75435,1.98542,0.173701,0
5.75444,1.98165,0.182088,0
5.75452,1.98183,0.190829,0
5.75461,1.977,0.199074,0
5.7547,1.98407,0.208534,0
5.75479,1.98612,0.217516,0
5.75487,1.9782,0.225388,0
5.75496,1.98117,0.234487,0
5.75505,1.98013,0.243129,0
5.75514,1.97806,0.251641,0
5.75522,1.97793,0.2604,0
5.75531,1.98074,0.269567,0
5.7554,1.98747,0.27932,0
5.75548,1.99415,0.289138,0
5.75557,1.98298,0.296358,0
5.75566,1.98166,0.305007,0
5.75575,1.99118,0.315372,0
5.75583,1.99176,0.324378,0
5.75592,1.99526,0.333891,0
5.75601,1.99082,0.342086,0
5.7561,1.98734,0.350422,0
5.75618,1.98383,0.358734,0
5.75627,1.97929,0.36684,0
5.75636,1.98062,0.376032,0
5.75644,1.98289,0.385434,0
5.75653,1.98119,0.394082,0
5.75662,1.98729,0.404318,0
5.75671,1.98746,0.413393,0
5.75679,1.9739,0.419566,0
5.75688,1.98964,0.431994,0
5.75697,1.98676,0.440455,0
5.75706,1.98385,0.448899,0
5.75714,1.98674,0.458675,0
5.75723,1.98569,0.467569,0
5.75732,1.98461,0.476462,0
5.7574,1.98737,0.486305,0
5.75749,1.98037,0.493763,0
5.75758,1.98111,0.503137,0
5.75767,1.99051,0.514781,0
5.75775,1.98438,0.522443,0
5.75784,1.97822,0.530061,0
5.75793,1.9865,0.541581,0
5.75802,1.98315,0.549977,0
5.7581,1.98747,0.560524,0
5.75819,1.9802,0.567813,0
5.75828,1.97578,0.575888,0
5.75836,1.97421,0.584788,0
5.75845,1.986,0.597719,0
5.75854,1.9872,0.607548,0
5.75863,1.98835,0.6174,0
5.75871,1.98182,0.624867,0
5.7588,1.98955,0.636861,0
5.75889,1.982,0.643991,0
5.75898,1.98867,0.655765,0
5.75906,1.98294,0.663484,0
5.75915,1.99234,0.676309,0
5.75924,1.98275,0.682716,0
5.75932,1.98448,0.69301,0
5.75941,1.98332,0.70233,0
5.7595,1.98118,0.711315,0
5.75959,1.98463,0.722346,0
5.75967,1.98334,0.731691,0
5.75976,1.98668,0.74279,0
5.75985,1.99277,0.754994,0
5.75994,1.98106,0.760457,0
5.76002,1.98797,0.77308,0
5.76011,1.98737,0.782847,0
5.7602,1.98579,0.792252,0
5.76028,1.98603,0.802407,0
5.76037,1.99269,0.81523,0
5.76046,1.98911,0.823917,0
5.76055,1.98827,0.833749,0
5.76063,1.98829,0.843979,0
5.76072,2.00021,0.859357,0
5.76081,1.98635,0.86369,0
5.7609,2.00087,0.880404,0
5.76098,2.00066,0.890753,0
5.76107,2.00041,0.901117,0
5.76116,1.98554,0.904861,0
5.76124,1.9961,0.920214,0
5.76133,1.99569,0.930605,0
5.76142,1.98709,0.937171,0
5.76151,1.98208,0.945402,0
5.76159,1.98244,0.956214,0
5.76168,1.99802,0.974499,0
5.76177,1.99734,0.984977,0
5.76186,1.98944,0.991898,0
5.76194,1.99224,1.00417,0
5.76203,1.9914,1.01467,0
5.76212,1.98962,1.02472,0
5.7622,1.99134,1.03663,0
5.76229,1.99211,1.0481,0
5.76238,1.98663,1.05631,0
5.76247,1.98993,1.06923,0
5.76255,1.99404,1.08267,0
5.76264,1.99368,1.09377,0
5.76273,1.98801,1.10197,0
5.76282,1.99104,1.11503,0
5.7629,1.99311,1.12765,0
5.76299,1.99078,1.13782,0
5.76308,1.98839,1.148,0
5.76316,1.98769,1.15918,0
5.76325,1.98778,1.17089,0
5.76334,1.99382,1.1862,0
5.76343,1.9912,1.19643,0
5.76351,1.99536,1.21082,0
5.7636,1.99774,1.22421,0
5.76369,1.99067,1.23187,0
5.76378,1.99122,1.24425,0
5.76386,1.98746,1.25399,0
5.76395,1.98787,1.26642,0
5.76404,1.9941,1.28265,0
5.76412,1.98933,1.29188,0
5.76421,1.98785,1.30329,0
5.7643,1.99799,1.32244,0
5.76439,1.99636,1.33392,0
5.76447,1.99052,1.34262,0
5.76456,1.99291,1.35692,0
5.76465,1.99603,1.37184,0
5.76473,1.99578,1.38452,0
5.76482,1.98481,1.38978,0
5.76491,1.99179,1.40766,0
5.765,1.98563,1.41633,0
5.76508,1.99566,1.43667,0
5.76517,1.99504,1.44948,0
5.76526,1.99756,1.46467,0
5.76535,1.99196,1.47397,0
5.76543,2.00394,1.49641,0
5.76552,2.00218,1.50875,0
5.76561,1.99558,1.51747,0
5.76569,1.99687,1.53225,0
5.76578,1.99649,1.54585,0
5.76587,2.0047,1.56624,0
5.76596,1.99863,1.57559,0
5.76604,1.99643,1.58803,0
5.76613,2.00118,1.60612,0
5.76622,1.99882,1.61861,0
5.76631,1.99871,1.63301,0
5.76639,2.00082,1.64935,0
5.76648,1.99668,1.66062,0
5.76657,1.99555,1.67446,0
5.76665,2.0012,1.69414,0
5.76674,2.00215,1.71,0
5.76683,1.99997,1.72329,0
5.76692,2.00602,1.7438,0
5.767,1.99914,1.7532,0
5.76709,2.00271,1.77185,0
5.76718,1.99794,1.78323,0
5.76727,2.00278,1.80331,0
5.76735,2.00525,1.82144,0
5.76744,2.00613,1.83828,0
5.76753,2.0025,1.85109,0
5.76761,2.00464,1.86936,0
5.7677,2.00958,1.89042,0
5.76779,2.01074,1.90812,0
5.76788,2.00456,1.91895,0
5.76796,1.99905,1.93046,0
5.76805,2.00206,1.95032,0
5.76814,2.01065,1.97586,0
5.76823,2.00059,1.98321,0
5.76831,2.00606,2.00606,0
5.7684,2.01137,2.029,0
5.76849,2.00881,2.04418,0
5.76857,2.00615,2.05937,0
5.76866,2.00339,2.07458,0
5.76875,1.97634,2.06452,0
5.76884,1.96043,2.06587,0
5.76892,1.94523,2.06785,0
5.76901,1.93619,2.07631,0
5.7691,1.91082,2.06712,0
5.76919,1.89571,2.0688,0
5.76927,1.88532,2.07557,0
5.76936,1.86487,2.07114,0
5.76945,1.84782,2.07031,0
5.76953,1.83214,2.07086,0
5.76962,1.80595,2.05929,0
5.76971,1.79498,2.06489,0
5.7698,1.78595,2.0727,0
5.76988,1.77169,2.07439,0
5.76997,1.75552,2.0737,0
5.77006,1.74131,2.07521,0
5.77015,1.72904,2.07895,0
5.77023,1.70851,2.07258,0
5.77032,1.69249,2.0715,0
5.77041,1.67714,2.07109,0
5.77049,1.6612,2.06981,0
5.77058,1.6478,2.07156,0
5.77067,1.63503,2.07402,0
5.77076,1.61919,2.07247,0
5.77084,1.60217,2.06923,0
5.77093,1.59252,2.07541,0
5.77102,1.57316,2.06881,0
5.77111,1.5575,2.06687,0
5.77119,1.55026,2.07605,0
5.77128,1.53286,2.07154,0
5.77137,1.52026,2.07337,0
5.77145,1.50649,2.07351,0
5.77154,1.49276,2.07357,0
5.77163,1.47615,2.06948,0
5.77172,1.46306,2.07019,0
5.7718,1.4523,2.07409,0
5.77189,1.4324,2.0648,0
5.77198,1.42281,2.0702,0
5.77207,1.40814,2.06813,0
5.77215,1.3963,2.07011,0
5.77224,1.38337,2.07036,0
5.77233,1.37212,2.07304,0
5.77241,1.36306,2.07901,0
5.7725,1.34417,2.06984,0
5.77259,1.32539,2.06055,0
5.77268,1.31692,2.06715,0
5.77276,1.31056,2.07711,0
5.77285,1.29512,2.07263,0
5.77294,1.28186,2.07146,0
5.77303,1.26758,2.06851,0
5.77311,1.25699,2.07145,0
5.7732,1.24485,2.07177,0
5.77329,1.23119,2.06945,0
5.77337,1.22215,2.0748,0
5.77346,1.2141,2.08184,0
5.77355,1.1965,2.0724,0
5.77364,1.18497,2.07326,0
5.77372,1.17295,2.07319,0
5.77381,1.16145,2.07392,0
5.7739,1.149,2.07285,0
5.77399,1.13802,2.07434,0
5.77407,1.12466,2.07137,0
5.77416,1.10946,2.06481,0
5.77425,1.10279,2.07404,0
5.77433,1.09233,2.07618,0
5.77442,1.08372,2.08181,0
5.77451,1.07326,2.08386,0
5.7746,1.05825,2.07694,0
5.77468,1.04603,2.07528,0
5.77477,1.03473,2.07535,0
5.77486,1.02213,2.07267,0
5.77495,1.01132,2.07352,0
5.77503,1.00096,2.07521,0
5.77512,0.991898,2.07956,0
5.77521,0.976416,2.0703,0
5.77529,0.967373,2.07454,0
5.77538,0.961243,2.0851,0
5.77547,0.94633,2.07653,0
5.77556,0.934385,2.07426,0
5.77564,0.921665,2.07009,0
5.77573,0.914235,2.07776,0
5.77582,0.904363,2.07989,0
5.77591,0.891726,2.07555,0
5.77599,0.875238,2.06193,0
5.77608,0.865459,2.06389,0
5.77617,0.86142,2.07965,0
5.77625,0.850066,2.07784,0
5.77634,0.839493,2.07782,0
5.77643,0.829678,2.0796,0
5.77652,0.817664,2.07576,0
5.7766,0.80715,2.07558,0
5.77669,0.799161,2.08188,0
5.77678,0.789006,2.08255,0
5.77687,0.775359,2.07379,0
5.77695,0.768034,2.08185,0
5.77704,0.755523,2.07578,0
5.77713,0.746458,2.07906,0
5.77721,0.736378,2.07947,0
5.7773,0.72433,2.07416,0
5.77739,0.714622,2.07541,0
5.77748,0.708453,2.08703,0
5.77756,0.692359,2.06924,0
5.77765,0.682384,2.06939,0
5.77774,0.673348,2.07235,0
5.77782,0.666129,2.08098,0
5.77791,0.65614,2.08101,0
5.778,0.644978,2.07717,0
5.77809,0.63737,2.08474,0
5.77817,0.625674,2.07889,0
5.77826,0.616313,2.08064,0
5.77835,0.60639,2.08043,0
5.77844,0.596755,2.08113,0
5.77852,0.587397,2.08275,0
5.77861,0.577235,2.08144,0
5.7787,0.566043,2.07622,0
5.77878,0.558014,2.08254,0
5.77887,0.547394,2.07915,0
5.77896,0.537316,2.07764,0
5.77905,0.528737,2.08191,0
5.77913,0.517955,2.0774,0
5.77922,0.505796,2.06702,0
5.77931,0.498639,2.07698,0
5.7794,0.490489,2.08303,0
5.77948,0.48117,2.08418,0
5.77957,0.47141,2.08333,0
5.77966,0.461016,2.07951,0
5.77974,0.450878,2.07662,0
5.77983,0.442644,2.08248,0
5.77992,0.431517,2.0746,0
5.78001,0.423657,2.08234,0
5.78009,0.413396,2.07828,0
5.78018,0.405088,2.08399,0
5.78027,0.394498,2.07788,0
5.78036,0.384153,2.0727,0
5.78044,0.375817,2.07829,0
5.78053,0.366919,2.0809,0
5.78062,0.357158,2.07854,0
5.7807,0.34693,2.07317,0
5.78079,0.337077,2.06973,0
5.78088,0.326322,2.06032,0
5.78097,0.319307,2.07457,0
5.78105,0.309956,2.07397,0
5.78114,0.300617,2.07332,0
5.78123,0.29115,2.07164,0
5.78132,0.281839,2.07091,0
5.7814,0.273322,2.07609,0
5.78149,0.262873,2.06635,0
5.78158,0.254951,2.07641,0
5.78166,0.245536,2.07452,0
5.78175,0.236368,2.07458,0
5.78184,0.226988,2.07261,0
5.78193,0.218151,2.07557,0
5.78201,0.208692,2.07252,0
5.7821,0.200222,2.07938,0
5.78219,0.190323,2.07127,0
5.78228,0.18172,2.07707,0
5.78236,0.172158,2.07186,0
5.78245,0.163195,2.07359,0
5.78254,0.153701,2.0683,0
5.78262,0.145442,2.07992,0
5.78271,0.1363,2.07954,0
5.7828,0.127286,2.08111,0
5.78289,0.117751,2.07366,0
5.78297,0.108388,2.06816,0
5.78306,0.0997466,2.07661,0
5.78315,0.0909901,2.08401,0
5.78324,0.0819353,2.08539,0
5.78332,0.0725212,2.07673,0
5.78341,0.063734,2.08603,0
5.7835,0.054579,2.08429,0
5.78358,0.045375,2.0795,0
5.78367,0.0362313,2.07568,0
5.78376,0.0272395,2.08082,0
5.78385,0.0181251,2.07692,0
5.78393,0.00906267,2.07698,0
5.78402,7.51296e-08,2.065,0
5.78411,-0.00906252,2.07698,0
5.7842,-0.0180988,2.07392,0
5.78428,-0.0272001,2.07782,0
5.78437,-0.0361962,2.07368,0
5.78446,-0.0453749,2.0795,0
5.78454,-0.0544742,2.08029,0
5.78463,-0.0636727,2.08403,0
5.78472,-0.0727305,2.08273,0
5.78481,-0.0815818,2.0764,0
5.78489,-0.090641,2.07602,0
5.78498,-0.0999864,2.0816,0
5.78507,-0.109016,2.08015,0
5.78516,-0.118204,2.08165,0
5.78524,-0.127164,2.07911,0
5.78533,-0.136562,2.08353,0
5.78542,-0.14607,2.0889,0
5.7855,-0.154664,2.08126,0
5.78559,-0.162881,2.0696,0
5.78568,-0.172324,2.07385,0
5.78577,-0.181981,2.08005,0
5.78585,-0.190964,2.07824,0
5.78594,-0.200318,2.08038,0
5.78603,-0.209794,2.08346,0
5.78612,-0.219301,2.08651,0
5.7862,-0.227749,2.07957,0
5.78629,-0.237047,2.08054,0
5.78638,-0.246358,2.08147,0
5.78646,-0.255072,2.0774,0
5.78655,-0.264892,2.08222,0
5.78664,-0.273583,2.07807,0
5.78673,-0.283861,2.08577,0
5.78681,-0.292959,2.08451,0
5.7869,-0.302482,2.08619,0
5.78699,-0.3104,2.07693,0
5.78708,-0.32098,2.08544,0
5.78716,-0.329764,2.08205,0
5.78725,-0.339167,2.08256,0
5.78734,-0.34825,2.08106,0
5.78742,-0.357497,2.08051,0
5.78751,-0.368481,2.08976,0
5.7876,-0.375817,2.07829,0
5.78769,-0.385064,2.07762,0
5.78777,-0.395804,2.08476,0
5.78786,-0.405278,2.08498,0
5.78795,-0.414372,2.08319,0
5.78804,-0.422261,2.07548,0
5.78812,-0.43335,2.08341,0
5.78821,-0.44202,2.07954,0
5.7883,-0.452151,2.08248,0
5.78838,-0.462315,2.08537,0
5.78847,-0.470306,2.07845,0
5.78856,-0.47982,2.07833,0
5.78865,-0.490489,2.08303,0
5.78873,-0.498873,2.07795,0
5.78882,-0.509123,2.08061,0
5.78891,-0.51868,2.08031,0
5.789,-0.528737,2.08191,0
5.78908,-0.537566,2.07861,0
5.78917,-0.547139,2.07818,0
5.78926,-0.559049,2.0864,0
5.78934,-0.566832,2.07912,0
5.78943,-0.577502,2.08241,0
5.78952,-0.587668,2.08372,0
5.78961,-0.597582,2.08402,0
5.78969,-0.608628,2.08811,0
5.78978,-0.617733,2.08543,0
5.78987,-0.625962,2.07984,0
5.78995,-0.635616,2.07901,0
5.79004,-0.645274,2.07812,0
5.79013,-0.654035,2.07433,0
5.79022,-0.660641,2.06384,0
5.7903,-0.220638,0.679054,0
5.79039,-0.227357,0.689482,0
5.79048,-0.228777,0.683741,0
5.79057,-0.227579,0.670427,0
5.79065,-0.228874,0.6647,0
5.79074,-0.228146,0.65331,0
5.79083,-0.228658,0.645709,0
5.79091,-0.229445,0.639059,0
5.791,-0.227443,0.624896,0
5.79109,-0.228783,0.620144,0
5.79118,-0.225884,0.604154,0
5.79126,-0.212929,0.562016,0
5.79135,-0.211079,0.549879,0
5.79144,-0.216738,0.557341,0
5.79153,-0.215869,0.548016,0
5.79161,-0.217888,0.54614,0
5.7917,-0.216148,0.534985,0
5.79179,-0.211286,0.516452,0
5.79187,-0.20971,0.506286,0
5.79196,-0.208824,0.497989,0
5.79205,-0.213339,0.502596,0
5.79214,-0.21632,0.503498,0
5.79222,-0.218913,0.503466,0
5.79231,-0.2199,0.49976,0
5.7924,-0.225739,0.507018,0
5.79249,-0.224663,0.498734,0
5.79257,-0.226008,0.495929,0
5.79266,-0.230681,0.500387,0
5.79275,-0.229059,0.491219,0
5.79283,-0.234186,0.496546,0
5.79292,-0.229893,0.481981,0
5.79301,-0.221567,0.459356,0
5.7931,-0.214802,0.440409,0
5.79318,-0.214952,0.43588,0
5.79327,-0.222653,0.446572,0
5.79336,-0.22865,0.453633,0
5.79345,-0.217915,0.427683,0
5.79353,-0.220695,0.428506,0
5.79362,-0.218869,0.420443,0
5.79371,-0.219304,0.416829,0
5.79379,-0.212671,0.399975,0
5.79388,-0.212994,0.396401,0
5.79397,-0.215199,0.396347,0
5.79406,-0.218369,0.398034,0
5.79414,-0.221073,0.398827,0
5.79423,-0.226232,0.403966,0
5.79432,-0.22356,0.395141,0
5.79441,-0.229252,0.401108,0
5.79449,-0.2295,0.397506,0
5.79458,-0.228713,0.392181,0
5.79467,-0.229915,0.390318,0
5.79475,-0.234683,0.394468,0
5.79484,-0.239493,0.398583,0
5.79493,-0.247974,0.408648,0
5.79502,-0.250277,0.408415,0
5.7951,-0.254161,0.41072,0
5.79519,-0.242703,0.388406,0
5.79528,-0.240127,0.380578,0
5.79537,-0.235337,0.369405,0
5.79545,-0.238029,0.370057,0
5.79554,-0.237463,0.36566,0
5.79563,-0.236863,0.361276,0
5.79571,-0.234573,0.354401,0
5.7958,-0.235006,0.351712,0
5.79589,-0.237657,0.352341,0
5.79598,-0.225122,0.330636,0
5.79606,-0.220332,0.320585,0
5.79615,-0.228569,0.32948,0
5.79624,-0.226563,0.323565,0
5.79633,-0.23663,0.334823,0
5.79641,-0.241572,0.338672,0
5.7965,-0.217341,0.301906,0
5.79659,-0.228061,0.313899,0
5.79667,-0.220558,0.300804,0
5.79676,-0.231981,0.313504,0
5.79685,-0.219585,0.29406,0
5.79694,-0.234708,0.311468,0
5.79702,-0.219722,0.288949,0
5.79711,-0.233764,0.304648,0
5.7972,-0.230806,0.29809,0
5.79729,-0.224716,0.287624,0
5.79737,-0.230922,0.292923,0
5.79746,-0.22286,0.280174,0
5.79755,-0.219073,0.27296,0
5.79763,-0.214598,0.265007,0
5.79772,-0.206895,0.253226,0
5.79781,-0.209906,0.254636,0
5.7979,-0.206539,0.248336,0
5.79798,-0.228832,0.272712,0
5.79807,-0.242943,0.286975,0
5.79816,-0.226657,0.265382,0
5.79825,-0.233688,0.271208,0
5.79833,-0.235525,0.270941,0
5.79842,-0.236046,0.269159,0
5.79851,-0.23258,0.262883,0
5.79859,-0.239052,0.267835,0
5.79868,-0.240887,0.267532,0
5.79877,-0.232639,0.256115,0
5.79886,-0.226323,0.246988,0
5.79894,-0.213143,0.230577,0
5.79903,-0.219603,0.235496,0
5.79912,-0.0753701,0.0801208,0
5.79921,-0.187232,0.197302,0
5.79929,-0.183251,0.191426,0
5.79938,-0.145878,0.151061,0
5.79947,-0.129091,0.132516,0
5.79955,-0.120556,0.122679,0
5.79964,-0.109826,0.110789,0
5.79973,-0.0799031,0.0799031,0
