7200
7055
6.14356
6.15927,-0.0417193,-0.0417193,0
6.15935,-0.0380168,-0.03835,0
6.15944,-0.0315409,-0.0320963,0
6.15953,-0.0460542,-0.0472759,0
6.15962,-0.0361222,-0.0374057,0
6.1597,-0.0345757,-0.0361182,0
6.15979,-0.0509382,-0.0536777,0
6.15988,-0.0445369,-0.0473441,0
6.15997,-0.0627439,-0.0672845,0
6.16005,-0.0610921,-0.066089,0
6.16014,-0.0513449,-0.0560331,0
6.16023,-0.060513,-0.0666196,0
6.16031,-0.0602218,-0.066883,0
6.1604,-0.0559341,-0.0626688,0
6.16049,-0.0602984,-0.068155,0
6.16058,-0.0580224,-0.0661619,0
6.16066,-0.0675741,-0.0777351,0
6.16075,-0.0541791,-0.0628779,0
6.16084,-0.0603987,-0.0707178,0
6.16093,-0.0568589,-0.0671645,0
6.16101,-0.0655643,-0.0781365,0
6.1611,-0.0549918,-0.0661204,0
6.16119,-0.0604274,-0.0733043,0
6.16127,-0.0676995,-0.08286,0
6.16136,-0.0534922,-0.0660574,0
6.16145,-0.0506998,-0.0631706,0
6.16154,-0.0591389,-0.0743478,0
6.16162,-0.059433,-0.0753904,0
6.16171,-0.0677228,-0.0866812,0
6.1618,-0.0550996,-0.0711621,0
6.16188,-0.0584411,-0.0761619,0
6.16197,-0.0508447,-0.0668642,0
6.16206,-0.0637924,-0.0846554,0
6.16215,-0.0646191,-0.0865354,0
6.16223,-0.063646,-0.0860127,0
6.16232,-0.0609049,-0.0830638,0
6.16241,-0.0687709,-0.094655,0
6.1625,-0.0759525,-0.105505,0
6.16258,-0.102784,-0.144098,0
6.16267,-0.157561,-0.222943,0
6.16276,-0.172073,-0.245746,0
6.16284,-0.188669,-0.271965,0
6.16293,-0.199941,-0.290917,0
6.16302,-0.213866,-0.314104,0
6.16311,-0.236539,-0.350683,0
6.16319,-0.055557,-0.083147,0
6.16328,-0.0601611,-0.0908936,0
6.16337,-0.0707298,-0.107881,0
6.16346,-0.0751602,-0.115737,0
6.16354,-0.254799,-0.396129,0
6.16363,-0.271336,-0.425913,0
6.16372,-0.27748,-0.439778,0
6.1638,-0.288276,-0.461338,0
6.16389,-0.295732,-0.477898,0
6.16398,-0.304094,-0.496237,0
6.16407,-0.302964,-0.499269,0
6.16415,-0.301812,-0.5023,0
6.16424,-0.2807,-0.471814,0
6.16433,-0.276101,-0.468726,0
6.16442,-0.273549,-0.469063,0
6.1645,-0.2745,-0.475448,0
6.16459,-0.290783,-0.508765,0
6.16468,-0.301856,-0.533528,0
6.16476,-0.309297,-0.55229,0
6.16485,-0.3064,-0.55276,0
6.16494,-0.313124,-0.570749,0
6.16503,-0.305382,-0.562443,0
6.16511,-0.304818,-0.567294,0
6.1652,-0.314076,-0.590692,0
6.16529,-0.308237,-0.585862,0
6.16538,-0.302907,-0.581879,0
6.16546,-0.296244,-0.575194,0
6.16555,-0.295094,-0.579154,0
6.16564,-0.293464,-0.582222,0
6.16572,-0.287798,-0.577233,0
6.16581,-0.283507,-0.574895,0
6.1659,-0.289763,-0.594103,0
6.16599,-0.286734,-0.594461,0
6.16607,-0.28672,-0.601122,0
6.16616,-0.284521,-0.603272,0
6.16625,-0.284422,-0.609945,0
6.16634,-0.275478,-0.597558,0
6.16642,-0.272453,-0.597845,0
6.16651,-0.274771,-0.609969,0
6.1666,-0.2717,-0.610248,0
6.16668,-0.263396,-0.598614,0
6.16677,-0.262776,-0.604343,0
6.16686,-0.260136,-0.605483,0
6.16695,-0.252803,-0.595567,0
6.16703,-0.246722,-0.588364,0
6.16712,-0.247596,-0.59775,0
6.16721,-0.244228,-0.596974,0
6.1673,-0.24237,-0.599888,0
6.16738,-0.237157,-0.594438,0
6.16747,-0.230896,-0.586163,0
6.16756,-0.227611,-0.585301,0
6.16764,-0.228639,-0.595624,0
6.16773,-0.218598,-0.576978,0
6.16782,-0.21923,-0.586357,0
6.16791,-0.218054,-0.591061,0
6.16799,-0.219919,-0.604222,0
6.16808,-0.209846,-0.58447,0
6.16817,-0.207962,-0.587266,0
6.16826,-0.2021,-0.578727,0
6.16834,-0.20055,-0.582439,0
6.16843,-0.197685,-0.582362,0
6.16852,-0.197681,-0.590806,0
6.1686,-0.192283,-0.583115,0
6.16869,-0.1885,-0.580144,0
6.16878,-0.189321,-0.591438,0
6.16887,-0.184032,-0.583675,0
6.16895,-0.18089,-0.582562,0
6.16904,-0.174838,-0.57187,0
6.16913,-0.176088,-0.585076,0
6.16922,-0.171829,-0.580086,0
6.1693,-0.169297,-0.58083,0
6.16939,-0.164556,-0.573873,0
6.16948,-0.161779,-0.573623,0
6.16956,-0.160343,-0.578178,0
6.16965,-0.156241,-0.573084,0
6.16974,-0.15348,-0.572794,0
6.16983,-0.151743,-0.576359,0
6.16991,-0.149477,-0.577984,0
6.17,-0.143261,-0.564092,0
6.17009,-0.142492,-0.571504,0
6.17018,-0.140948,-0.576006,0
6.17026,-0.136566,-0.568836,0
6.17035,-0.134311,-0.5704,0
6.17044,-0.130922,-0.567083,0
6.17052,-0.128446,-0.567649,0
6.17061,-0.125319,-0.565275,0
6.1707,-0.123063,-0.566794,0
6.17079,-0.121836,-0.573195,0
6.17087,-0.118112,-0.567846,0
6.17096,-0.114238,-0.561497,0
6.17105,-0.112567,-0.565913,0
6.17114,-0.109334,-0.562472,0
6.17122,-0.107065,-0.563927,0
6.17131,-0.104239,-0.562422,0
6.1714,-0.10125,-0.559919,0
6.17148,-0.0982849,-0.557401,0
6.17157,-0.0968679,-0.563738,0
6.17166,-0.0930869,-0.556265,0
6.17175,-0.0927485,-0.569497,0
6.17183,-0.088229,-0.557056,0
6.17192,-0.0871667,-0.566331,0
6.17201,-0.0826255,-0.55286,0
6.1721,-0.0813603,-0.561132,0
6.17218,-0.0784936,-0.558511,0
6.17227,-0.0756514,-0.555876,0
6.17236,-0.0743999,-0.565124,0
6.17244,-0.0711762,-0.559491,0
6.17253,-0.0675156,-0.549871,0
6.17262,-0.0648806,-0.548174,0
6.17271,-0.0626014,-0.549445,0
6.17279,-0.06053,-0.552695,0
6.17288,-0.0575952,-0.547982,0
6.17297,-0.0550033,-0.546238,0
6.17306,-0.0520442,-0.5405,0
6.17314,-0.0512409,-0.557651,0
6.17323,-0.0545595,-0.623618,0
6.17332,-0.0462898,-0.55708,0
6.1734,-0.0445648,-0.566249,0
6.17349,-0.105234,-1.4161,0
6.17358,-0.0979381,-1.40058,0
6.17367,-0.0881634,-1.34511,0
6.17375,-0.0808283,-1.32153,0
6.17384,-0.0748345,-1.31788,0
6.17393,-0.0695022,-1.32618,0
6.17401,-0.0640028,-1.33246,0
6.1741,-0.0588862,-1.34872,0
6.17419,-0.0546104,-1.38993,0
6.17428,-0.0496969,-1.42313,0
6.17436,-0.0436701,-1.42933,0
6.17445,-0.0375639,-1.43451,0
6.17454,-0.0314353,-1.44066,0
6.17463,-0.0252187,-1.44478,0
6.17471,-0.0187181,-1.42988,0
6.1748,-0.0124964,-1.43195,0
6.17489,-0.00618283,-1.41699,0
6.17497,-1.71662e-08,-1.425,0
6.17506,0.00620897,-1.42299,0
6.17515,0.0124702,-1.42895,0
6.17524,0.018705,-1.42888,0
6.17532,0.0249918,-1.43178,0
6.17541,0.0313043,-1.43466,0
6.1755,0.0377995,-1.44351,0
6.17559,0.044006,-1.44033,0
6.17567,0.0506741,-1.45112,0
6.17576,0.0573586,-1.45987,0
6.17585,0.0640769,-1.4676,0
6.17593,0.0707197,-1.4723,0
6.17602,0.0772479,-1.47398,0
6.17611,0.0844155,-1.48661,0
6.1762,0.0916338,-1.4982,0
6.17628,0.0984971,-1.50278,0
6.17637,0.124725,-1.78364,0
6.17646,0.165929,-2.23284,0
6.17655,0.175827,-2.23409,0
6.17663,0.185573,-2.2333,0
6.17672,0.195839,-2.23845,0
6.17681,0.197369,-2.14795,0
6.17689,0.205877,-2.13811,0
6.17698,0.189756,-1.88447,0
6.17707,0.225259,-2.14319,0
6.17716,0.244733,-2.23464,0
6.17724,0.21486,-1.8858,0
6.17733,0.223203,-1.88584,0
6.17742,0.231064,-1.88187,0
6.17751,0.239904,-1.8858,0
6.17759,0.281806,-2.14053,0
6.17768,0.256082,-1.88165,0
6.17777,0.313,-2.22711,0
6.17785,0.271632,-1.87341,0
6.17794,0.279951,-1.8732,0
6.17803,0.286753,-1.86306,0
6.17812,0.295348,-1.86476,0
6.1782,0.303321,-1.86246,0
6.17829,0.370862,-2.21618,0
6.17838,0.320071,-1.8627,0
6.17847,0.329758,-1.87015,0
6.17855,0.336135,-1.85885,0
6.17864,0.412217,-2.22412,0
6.17873,0.35365,-1.86273,0
6.17881,0.358912,-1.84644,0
6.1789,0.397984,-2.0008,0
6.17899,0.404318,-1.98729,0
6.17908,0.408302,-1.96299,0
6.17916,0.399814,-1.88098,0
6.17925,0.410776,-1.89192,0
6.17934,0.422274,-1.90475,0
6.17943,0.44294,-1.95751,0
6.17951,0.449677,-1.94777,0
6.1796,0.456109,-1.93702,0
6.17969,0.464323,-1.93404,0
6.17977,0.471569,-1.92714,0
6.17986,0.480699,-1.92798,0
6.17995,0.491076,-1.93362,0
6.18004,0.499758,-1.93242,0
6.18012,0.508185,-1.93022,0
6.18021,0.515309,-1.92316,0
6.1803,0.527115,-1.93343,0
6.18039,0.533141,-1.92244,0
6.18047,0.545595,-1.93454,0
6.18056,0.552102,-1.92541,0
6.18065,0.564695,-1.93738,0
6.18073,0.572575,-1.93298,0
6.18082,0.581868,-1.93334,0
6.18091,0.588252,-1.92409,0
6.181,0.600497,-1.93392,0
6.18108,0.625167,-1.98278,0
6.18117,0.684725,-2.13908,0
6.18126,0.615562,-1.8945,0
6.18135,0.623196,-1.8899,0
6.18143,0.632705,-1.89096,0
6.18152,0.770169,-2.26884,0
6.18161,0.779085,-2.26263,0
6.18169,0.790928,-2.26487,0
6.18178,0.789787,-2.23029,0
6.18187,0.664006,-1.84941,0
6.18196,0.675148,-1.85495,0
6.18204,0.707117,-1.91672,0
6.18213,0.685356,-1.83307,0
6.18222,0.681302,-1.79826,0
6.18231,0.688783,-1.79434,0
6.18239,0.699143,-1.79784,0
6.18248,0.703682,-1.7864,0
6.18257,0.717029,-1.79725,0
6.18265,0.724114,-1.79225,0
6.18274,0.733064,-1.79185,0
6.18283,0.738962,-1.78401,0
6.18292,0.748286,-1.78446,0
6.183,0.754893,-1.77842,0
6.18309,0.766987,-1.78521,0
6.18318,0.781947,-1.79835,0
6.18327,0.798244,-1.81415,0
6.18335,0.803305,-1.80425,0
6.18344,0.819795,-1.81988,0
6.18353,0.822751,-1.80536,0
6.18361,0.834807,-1.81084,0
6.1837,0.840165,-1.80174,0
6.18379,0.851858,-1.8062,0
6.18388,0.859731,-1.80246,0
6.18396,0.874104,-1.8122,0
6.18405,0.884195,-1.81287,0
6.18414,0.890769,-1.8063,0
6.18423,0.906228,-1.81761,0
6.18431,0.911899,-1.80918,0
6.1844,0.922509,-1.81053,0
6.18449,0.934063,-1.81359,0
6.18457,0.954896,-1.83434,0
6.18466,0.960563,-1.82573,0
6.18475,0.973684,-1.83123,0
6.18484,0.980245,-1.82432,0
6.18492,0.992013,-1.82706,0
6.18501,0.999014,-1.82096,0
6.1851,1.00792,-1.81833,0
6.18519,1.02122,-1.82352,0
6.18527,1.02276,-1.80773,0
6.18536,1.0361,-1.8128,0
6.18545,1.0435,-1.80739,0
6.18553,1.05994,-1.81751,0
6.18562,1.06532,-1.80856,0
6.18571,1.07474,-1.80647,0
6.1858,1.08828,-1.81119,0
6.18588,1.09306,-1.8013,0
6.18597,1.09672,-1.78969,0
6.18606,1.10347,-1.78319,0
6.18615,1.10011,-1.76055,0
6.18623,1.09604,-1.73712,0
6.18632,1.09233,-1.71461,0
6.18641,1.08519,-1.68712,0
6.18649,1.0969,-1.68908,0
6.18658,1.12839,-1.72108,0
6.18667,1.33569,-2.018,0
6.18676,1.47226,-2.20339,0
6.18684,1.49696,-2.21933,0
6.18693,1.50888,-2.21609,0
6.18702,1.52703,-2.22184,0
6.1871,1.54298,-2.2242,0
6.18719,1.55439,-2.2199,0
6.18728,1.57503,-2.22861,0
6.18737,1.58474,-2.22172,0
6.18745,1.60084,-2.22371,0
6.18754,1.61112,-2.21752,0
6.18763,1.62669,-2.21853,0
6.18772,1.64469,-2.22266,0
6.1878,1.66394,-2.22829,0
6.18789,1.67184,-2.21861,0
6.18798,1.69664,-2.23119,0
6.18806,1.70697,-2.22456,0
6.18815,1.72278,-2.225,0
6.18824,1.73555,-2.2214,0
6.18833,1.75637,-2.22794,0
6.18841,1.76856,-2.22339,0
6.1885,1.78326,-2.22189,0
6.18859,1.80804,-2.23274,0
6.18868,1.81966,-2.22715,0
6.18876,1.83954,-2.23154,0
6.18885,1.84734,-2.22118,0
6.18894,1.86987,-2.22842,0
6.18902,1.8841,-2.22559,0
6.18911,1.89639,-2.22039,0
6.1892,1.91324,-2.22042,0
6.18929,1.94062,-2.23243,0
6.18937,1.95694,-2.23146,0
6.18946,1.97792,-2.23563,0
6.18955,1.98832,-2.22773,0
6.18964,1.99602,-2.2168,0
6.18972,1.99895,-2.20067,0
6.18981,1.99772,-2.18013,0
6.1899,1.99364,-2.15671,0
6.18998,1.99689,-2.1414,0
6.19007,1.99251,-2.1181,0
6.19016,1.99554,-2.10286,0
6.19025,1.99709,-2.08619,0
6.19033,1.99367,-2.06451,0
6.19042,1.99289,-2.04576,0
6.19051,1.99829,-2.03348,0
6.1906,2.00081,-2.01835,0
6.19068,1.98909,-1.98909,0
6.19077,1.98355,-1.96631,0
6.19086,1.98926,-1.95484,0
6.19094,1.99132,-1.93986,0
6.19103,1.98897,-1.92073,0
6.19112,1.98722,-1.90235,0
6.19121,1.99043,-1.88884,0
6.19129,1.98772,-1.86986,0
6.19138,1.98782,-1.85367,0
6.19147,1.98928,-1.83887,0
6.19156,1.98696,-1.82072,0
6.19164,1.98749,-1.8053,0
6.19173,1.9894,-1.79126,0
6.19182,1.98153,-1.76858,0
6.1919,1.98698,-1.75793,0
6.19199,1.99162,-1.74661,0
6.19208,1.99394,-1.73331,0
6.19217,1.98709,-1.71219,0
6.19225,1.98314,-1.69376,0
6.19234,1.98593,-1.68121,0
6.19243,1.98865,-1.66868,0
6.19252,1.98515,-1.65103,0
6.1926,1.99002,-1.64045,0
6.19269,1.98787,-1.62415,0
6.19278,1.99105,-1.61232,0
6.19286,1.99806,-1.60362,0
6.19295,1.99722,-1.58866,0
6.19304,2.01512,-1.5886,0
6.19313,2.03858,-1.59272,0
6.19321,2.05421,-1.59054,0
6.1933,2.05479,-1.57669,0
6.19339,2.0505,-1.55924,0
6.19348,2.05808,-1.55088,0
6.19356,2.07364,-1.54846,0
6.19365,2.06832,-1.53048,0
6.19374,2.04837,-1.50193,0
6.19382,2.02982,-1.47475,0
6.19391,2.04598,-1.47289,0
6.194,2.03855,-1.45408,0
6.19409,2.03997,-1.44171,0
6.19417,2.0315,-1.42247,0
6.19426,2.02618,-1.40561,0
6.19435,2.01581,-1.38543,0
6.19444,1.99373,-1.35749,0
6.19452,2.00295,-1.35101,0
6.19461,2.00634,-1.34059,0
6.1947,1.99799,-1.32244,0
6.19478,1.99622,-1.30878,0
6.19487,2.01197,-1.30659,0
6.19496,1.98822,-1.27886,0
6.19505,1.99125,-1.26856,0
6.19513,1.98746,-1.25399,0
6.19522,1.98528,-1.24054,0
6.19531,1.97962,-1.22503,0
6.1954,1.97727,-1.21167,0
6.19548,1.97741,-1.19992,0
6.19557,1.98434,-1.19231,0
6.19566,1.98523,-1.18109,0
6.19574,1.97485,-1.16328,0
6.19583,1.98855,-1.15969,0
6.19592,1.98839,-1.148,0
6.19601,1.98557,-1.13485,0
6.19609,1.98354,-1.12223,0
6.19618,1.98406,-1.11112,0
6.19627,1.98539,-1.10052,0
6.19636,1.98842,-1.09088,0
6.19644,1.98349,-1.07695,0
6.19653,1.98377,-1.06592,0
6.19662,1.98045,-1.05302,0
6.1967,1.98503,-1.04437,0
6.19679,1.98957,-1.0357,0
6.19688,1.98606,-1.02289,0
6.19697,1.98605,-1.01194,0
6.19705,1.98777,-1.00192,0
6.19714,1.98765,-0.991005,0
6.19723,1.98926,-0.980996,0
6.19732,1.99263,-0.971869,0
6.1974,1.99144,-0.960558,0
6.19749,1.98659,-0.947555,0
6.19758,1.98709,-0.937172,0
6.19766,1.98663,-0.926379,0
6.19775,1.98066,-0.913097,0
6.19784,1.98463,-0.904446,0
6.19793,1.98217,-0.892903,0
6.19801,1.98879,-0.885466,0
6.1981,1.98714,-0.874363,0
6.19819,1.9781,-0.860102,0
6.19828,1.97908,-0.850278,0
6.19836,1.9754,-0.838509,0
6.19845,1.98089,-0.830655,0
6.19854,1.98265,-0.821239,0
6.19862,1.98066,-0.810308,0
6.19871,1.98417,-0.801658,0
6.1988,1.98115,-0.790399,0
6.19889,1.98365,-0.781381,0
6.19897,1.97306,-0.767281,0
6.19906,1.97732,-0.759023,0
6.19915,1.98342,-0.751451,0
6.19923,1.98481,-0.742089,0
6.19932,1.97489,-0.728576,0
6.19941,1.98087,-0.720978,0
6.1995,1.97647,-0.709625,0
6.19958,1.98049,-0.701328,0
6.19967,1.9722,-0.688724,0
6.19976,1.97613,-0.680437,0
6.19985,1.98382,-0.673416,0
6.19993,1.9782,-0.661898,0
6.20002,1.97727,-0.652007,0
6.20011,1.98105,-0.643682,0
6.20019,1.98575,-0.635642,0
6.20028,1.98087,-0.624566,0
6.20037,1.97498,-0.613248,0
6.20046,1.98911,-0.608133,0
6.20054,1.98026,-0.59599,0
6.20063,1.98284,-0.587344,0
6.20072,1.9873,-0.579246,0
6.20081,1.98501,-0.569191,0
6.20089,1.9817,-0.558896,0
6.20098,1.98026,-0.549175,0
6.20107,1.97685,-0.538951,0
6.20115,1.97435,-0.529026,0
6.20124,1.96987,-0.518624,0
6.20133,1.97018,-0.509523,0
6.20142,1.9782,-0.502399,0
6.2015,1.98814,-0.495698,0
6.20159,1.98737,-0.486305,0
6.20168,1.99044,-0.477863,0
6.20177,1.98667,-0.467798,0
6.20185,1.98382,-0.458,0
6.20194,1.9819,-0.448457,0
6.20203,1.98383,-0.439805,0
6.20211,1.9916,-0.432418,0
6.2022,1.98857,-0.422685,0
6.20229,1.98746,-0.413393,0
6.20238,1.98043,-0.402923,0
6.20246,1.98119,-0.394082,0
6.20255,1.98878,-0.386579,0
6.20264,1.98848,-0.377525,0
6.20273,1.98224,-0.367387,0
6.20281,1.97497,-0.357133,0
6.2029,1.98734,-0.350422,0
6.20299,1.99279,-0.342425,0
6.20307,1.98539,-0.332241,0
6.20316,1.98682,-0.323575,0
6.20325,1.99019,-0.315215,0
6.20334,1.98364,-0.305312,0
6.20342,1.98693,-0.296949,0
6.20351,1.98821,-0.288277,0
6.2036,1.99143,-0.279877,0
6.20369,1.98768,-0.270511,0
6.20377,1.9819,-0.260922,0
6.20386,1.98103,-0.252019,0
6.20395,1.98311,-0.243495,0
6.20403,1.98018,-0.23437,0
6.20412,1.97125,-0.224595,0
6.20421,1.93344,-0.211746,0
6.2043,1.75235,-0.184179,0
6.20438,1.69941,-0.171121,0
6.20447,1.68919,-0.16265,0
6.20456,1.68291,-0.154638,0
6.20465,1.67958,-0.146945,0
6.20473,1.6822,-0.13978,0
6.20482,1.68977,-0.132988,0
6.20491,1.69533,-0.125984,0
6.20499,1.68588,-0.117888,0
6.20508,1.69137,-0.110858,0
6.20517,1.68685,-0.103172,0
6.20526,1.69128,-0.0960376,0
6.20534,1.69268,-0.0887095,0
6.20543,1.68606,-0.0809871,0
6.20552,1.68639,-0.0736296,0
6.20561,1.69469,-0.0665847,0
6.20569,1.69597,-0.0592245,0
6.20578,1.7192,-0.0525263,0
6.20587,1.81038,-0.0474065,0
6.20595,1.90755,-0.0416228,0
6.20604,1.90671,-0.0332818,0
6.20613,1.88984,-0.0247394,0
6.20622,1.88593,-0.0164583,0
6.2063,1.88398,-0.00822052,0
6.20639,1.876,-4.54262e-08,0
6.20648,1.89198,0.00825534,0
6.20657,1.91793,0.0167374,0
6.20665,1.93083,0.025276,0
6.20674,1.9377,0.0338227,0
6.20683,1.95353,0.0426262,0
6.20691,1.95833,0.0512806,0
6.207,1.96208,0.0599471,0
6.20709,1.98179,0.0692057,0
6.20718,1.97148,0.0774596,0
6.20726,1.97712,0.0863227,0
6.20735,1.98571,0.0953805,0
6.20744,1.98228,0.103887,0
6.20753,1.97582,0.112195,0
6.20761,1.97132,0.120571,0
6.2077,1.97277,0.129302,0
6.20779,1.96919,0.137699,0
6.20787,1.96059,0.145697,0
6.20796,1.95695,0.154015,0
6.20805,1.96921,0.163629,0
6.20814,1.96151,0.17161,0
6.20822,1.96472,0.180533,0
6.20831,1.96093,0.188816,0
6.2084,1.96108,0.197471,0
6.20849,1.95921,0.205921,0
6.20857,1.96227,0.214903,0
6.20866,1.95336,0.222557,0
6.20875,1.95337,0.231196,0
6.20883,1.96028,0.240692,0
6.20892,1.95921,0.249243,0
6.20901,1.95315,0.257137,0
6.2091,1.95002,0.265387,0
6.20918,1.94786,0.273753,0
6.20927,1.93873,0.281102,0
6.20936,1.94342,0.290445,0
6.20945,1.94905,0.299987,0
6.20953,1.95464,0.309584,0
6.20962,1.94142,0.316181,0
6.20971,1.942,0.324979,0
6.20979,1.92873,0.331417,0
6.20988,1.93515,0.341219,0
6.20997,1.93167,0.349303,0
6.21006,1.92521,0.356817,0
6.21014,1.91087,0.362789,0
6.21023,1.86215,0.361965,0
6.21032,1.80661,0.359356,0
6.21041,1.77562,0.361255,0
6.21049,1.75934,0.365944,0
6.21058,1.74404,0.370706,0
6.21067,1.72774,0.37513,0
6.21075,1.72219,0.381799,0
6.21084,1.7088,0.386662,0
6.21093,1.70222,0.392989,0
6.21102,1.69563,0.399267,0
6.2111,1.70262,0.408763,0
6.21119,1.69596,0.415,0
6.21128,1.69899,0.423605,0
6.21137,1.701,0.431999,0
6.21145,1.70104,0.439918,0
6.21154,1.6962,0.446572,0
6.21163,1.70196,0.456039,0
6.21171,1.69996,0.463461,0
6.2118,1.70177,0.471943,0
6.21189,1.68815,0.476106,0
6.21198,1.70432,0.488705,0
6.21206,1.69929,0.495297,0
6.21215,1.70095,0.503843,0
6.21224,1.69586,0.510396,0
6.21232,1.70796,0.522176,0
6.21241,1.70376,0.52903,0
6.2125,1.70334,0.53706,0
6.21259,1.70479,0.545707,0
6.21267,1.70429,0.553758,0
6.21276,1.70851,0.563382,0
6.21285,1.70414,0.570196,0
6.21294,1.71016,0.58052,0
6.21302,1.70382,0.586674,0
6.21311,1.71258,0.598059,0
6.2132,1.69864,0.60152,0
6.21328,1.712,0.61467,0
6.21337,1.70554,0.620767,0
6.21346,1.70469,0.628895,0
6.21355,1.70849,0.638778,0
6.21363,1.71597,0.650124,0
6.21372,1.71966,0.660114,0
6.21381,1.72235,0.669785,0
6.2139,1.76314,0.69452,0
6.21398,1.91613,0.76446,0
6.21407,1.9851,0.802033,0
6.21416,1.98251,0.811065,0
6.21424,1.98726,0.823152,0
6.21433,1.9855,0.832589,0
6.21442,1.98093,0.840853,0
6.21451,1.98,0.850673,0
6.21459,1.98544,0.863292,0
6.21468,1.98165,0.871947,0
6.21477,1.9897,0.885872,0
6.21486,1.98946,0.896188,0
6.21494,1.97735,0.901128,0
6.21503,1.97612,0.911004,0
6.21512,1.98753,0.926802,0
6.2152,1.99432,0.940584,0
6.21529,1.98749,0.947985,0
6.21538,1.98784,0.958821,0
6.21547,1.99982,0.975376,0
6.21555,1.98657,0.979669,0
6.21564,1.99391,0.994129,0
6.21573,1.99134,1.00372,0
6.21582,1.98605,1.01194,0
6.2159,1.9834,1.02152,0
6.21599,1.98957,1.0357,0
6.21608,1.9806,1.04205,0
6.21616,1.98751,1.05678,0
6.21625,1.98729,1.06781,0
6.21634,1.98437,1.07742,0
6.21643,1.98228,1.08752,0
6.21651,1.98276,1.09906,0
6.2166,1.98406,1.11112,0
6.21669,1.98267,1.12174,0
6.21678,1.98557,1.13485,0
6.21686,1.99013,1.149,0
6.21695,1.98509,1.15767,0
6.21704,1.98692,1.17038,0
6.21712,1.98093,1.17853,0
6.21721,1.98691,1.19386,0
6.2173,1.98767,1.20615,0
6.21739,1.98154,1.21429,0
6.21747,1.98047,1.22555,0
6.21756,1.98019,1.23736,0
6.21765,1.98239,1.25079,0
6.21774,1.98787,1.26642,0
6.21782,1.98401,1.27616,0
6.21791,1.98262,1.28753,0
6.218,1.98283,1.3,0
6.21808,1.97297,1.30588,0
6.21817,1.97225,1.31781,0
6.21826,1.98223,1.33703,0
6.21835,1.98547,1.35186,0
6.21843,1.98285,1.36277,0
6.21852,1.97853,1.37255,0
6.21861,1.98153,1.38748,0
6.2187,1.98607,1.40362,0
6.21878,1.98888,1.41866,0
6.21887,1.98511,1.42907,0
6.21896,1.98371,1.44125,0
6.21904,1.99031,1.45935,0
6.21913,1.98633,1.46981,0
6.21922,1.98871,1.48504,0
6.21931,1.9886,1.49852,0
6.21939,1.98921,1.51263,0
6.21948,1.98814,1.52556,0
6.21957,1.98305,1.53544,0
6.21966,1.98264,1.549,0
6.21974,1.98607,1.56569,0
6.21983,1.98626,1.57994,0
6.21992,1.98949,1.59673,0
6.22,1.99571,1.61609,0
6.22009,1.99406,1.62922,0
6.22018,1.99079,1.64108,0
6.22027,1.98746,1.65295,0
6.22035,1.98942,1.66932,0
6.22044,1.99127,1.68574,0
6.22053,1.98922,1.69896,0
6.22062,1.98482,1.71023,0
6.2207,1.99092,1.73068,0
6.22079,1.98862,1.74397,0
6.22088,1.98398,1.75528,0
6.22096,1.9875,1.77391,0
6.22105,1.99163,1.79327,0
6.22114,1.99119,1.80867,0
6.22123,1.98844,1.82207,0
6.22131,1.99075,1.84023,0
6.2214,1.99001,1.85572,0
6.22149,1.99501,1.87672,0
6.22158,1.99043,1.88884,0
6.22166,1.99445,1.90927,0
6.22175,1.99545,1.92698,0
6.22184,1.99132,1.93986,0
6.22192,1.99853,1.96395,0
6.22201,2.00201,1.98462,0
6.2221,2.00465,2.00465,0
6.22219,1.99447,2.01196,0
6.22227,1.99829,2.03348,0
6.22236,1.99917,2.05221,0
6.22245,1.99853,2.06954,0
6.22254,1.99294,2.08185,0
6.22262,1.98934,2.09633,0
6.22271,1.99114,2.11665,0
6.2228,1.99757,2.14213,0
6.22288,2.0045,2.16845,0
6.22297,1.99772,2.18013,0
6.22306,2.00029,2.20215,0
6.22315,1.98999,2.21011,0
6.22323,1.98433,2.22325,0
6.22332,1.97328,2.23039,0
6.22341,1.95628,2.23071,0
6.2235,1.93209,2.22262,0
6.22358,1.91846,2.22648,0
6.22367,1.89574,2.21962,0
6.22376,1.88539,2.22711,0
6.22384,1.86473,2.22229,0
6.22393,1.85118,2.2258,0
6.22402,1.83318,2.22382,0
6.22411,1.82093,2.2287,0
6.22419,1.80174,2.22497,0
6.22428,1.78513,2.22423,0
6.22437,1.76856,2.22339,0
6.22445,1.7607,2.23344,0
6.22454,1.74232,2.23007,0
6.22463,1.7289,2.23291,0
6.22472,1.70879,2.22694,0
6.2248,1.69361,2.22721,0
6.22489,1.67846,2.22739,0
6.22498,1.65796,2.22027,0
6.22507,1.65063,2.2307,0
6.22515,1.63497,2.22982,0
6.22524,1.61994,2.22965,0
6.22533,1.6026,2.22615,0
6.22541,1.59287,2.23312,0
6.2255,1.57618,2.23025,0
6.22559,1.56013,2.22809,0
6.22568,1.54412,2.22584,0
6.22576,1.52816,2.22349,0
6.22585,1.51563,2.22601,0
6.22594,1.50423,2.23011,0
6.22603,1.49171,2.2325,0
6.22611,1.47146,2.22314,0
6.2262,1.46285,2.23121,0
6.22629,1.44602,2.22667,0
6.22637,1.43304,2.22791,0
6.22646,1.41847,2.22655,0
6.22655,1.40768,2.23103,0
6.22664,1.38998,2.22443,0
6.22672,1.37921,2.22877,0
6.22681,1.36477,2.2271,0
6.2269,1.35607,2.23474,0
6.22699,1.33755,2.22606,0
6.22707,1.32834,2.23274,0
6.22716,1.313,2.22903,0
6.22725,1.29621,2.22265,0
6.22733,1.286,2.22742,0
6.22742,1.26833,2.21912,0
6.22751,1.26257,2.23159,0
6.2276,1.24843,2.22923,0
6.22768,1.23966,2.2364,0
6.22777,1.22219,2.22776,0
6.22786,1.20721,2.22341,0
6.22795,1.20129,2.2357,0
6.22803,1.18307,2.22503,0
6.22812,1.17242,2.2284,0
6.22821,1.15622,2.22108,0
6.22829,1.14972,2.23232,0
6.22838,1.13543,2.22841,0
6.22847,1.12525,2.23245,0
6.22856,1.11148,2.22928,0
6.22864,1.10041,2.23142,0
6.22873,1.09111,2.2371,0
6.22882,1.07612,2.23103,0
6.22891,1.06121,2.22487,0
6.22899,1.05064,2.22767,0
6.22908,1.04133,2.23314,0
6.22917,1.03242,2.23948,0
6.22925,1.01724,2.23214,0
6.22934,1.00462,2.23017,0
6.22943,0.991217,2.22631,0
6.22952,0.984313,2.23702,0
6.2296,0.973347,2.23854,0
6.22969,0.962386,2.24001,0
6.22978,0.945179,2.2267,0
6.22987,0.936614,2.23357,0
6.22995,0.924181,2.23117,0
6.23004,0.912165,2.22963,0
6.23013,0.903926,2.23729,0
6.23021,0.893044,2.23843,0
6.2303,0.878504,2.23021,0
6.23039,0.868039,2.23216,0
6.23048,0.857575,2.23406,0
6.23056,0.845338,2.23123,0
6.23065,0.835595,2.2349,0
6.23074,0.824105,2.23383,0
6.23083,0.815718,2.24117,0
6.23091,0.800863,2.23059,0
6.231,0.792124,2.23689,0
6.23109,0.779059,2.23088,0
6.23117,0.768667,2.23237,0
6.23126,0.756669,2.22907,0
6.23135,0.748204,2.23615,0
6.23144,0.736874,2.23464,0
6.23152,0.72619,2.23498,0
6.23161,0.715212,2.23432,0
6.2317,0.701847,2.22598,0
6.23179,0.692128,2.22902,0
6.23187,0.682688,2.23297,0
6.23196,0.672362,2.23401,0
6.23205,0.664028,2.24172,0
6.23213,0.6548,2.24652,0
6.23222,0.641408,2.23686,0
6.23231,0.631642,2.23963,0
6.2324,0.62026,2.23659,0
6.23248,0.611285,2.24217,0
6.23257,0.599943,2.23902,0
6.23266,0.590931,2.24451,0
6.23275,0.577627,2.23352,0
6.23283,0.566399,2.2302,0
6.23292,0.555211,2.22683,0
6.23301,0.550481,2.24963,0
6.23309,0.536224,2.23353,0
6.23318,0.526703,2.23683,0
6.23327,0.516713,2.23813,0
6.23336,0.505397,2.23353,0
6.23344,0.496513,2.23962,0
6.23353,0.484826,2.23297,0
6.23362,0.476949,2.24387,0
6.23371,0.4641,2.23124,0
6.23379,0.45436,2.23325,0
6.23388,0.445196,2.23815,0
6.23397,0.4339,2.23222,0
6.23405,0.425648,2.24195,0
6.23414,0.413493,2.23101,0
6.23423,0.405711,2.24361,0
6.23432,0.394008,2.23453,0
6.2344,0.384423,2.23721,0
6.23449,0.374658,2.23887,0
6.23458,0.365046,2.24147,0
6.23467,0.354637,2.23909,0
6.23475,0.344407,2.23765,0
6.23484,0.335232,2.24309,0
6.23493,0.324006,2.23463,0
6.23501,0.315088,2.24197,0
6.2351,0.305707,2.24629,0
6.23519,0.294989,2.24067,0
6.23528,0.285841,2.24689,0
6.23536,0.275912,2.24712,0
6.23545,0.265164,2.24036,0
6.23554,0.255726,2.24448,0
6.23563,0.246366,2.24955,0
6.23571,0.236757,2.25259,0
6.2358,0.225423,2.23868,0
6.23589,0.21527,2.23566,0
6.23597,0.206702,2.24952,0
6.23606,0.196188,2.24243,0
6.23615,0.185905,2.23729,0
6.23624,0.176376,2.24107,0
6.23632,0.16667,2.24282,0
6.23641,0.157301,2.24951,0
6.2365,0.146765,2.2392,0
6.23659,0.137176,2.24281,0
6.23667,0.127332,2.24239,0
6.23676,0.117651,2.24492,0
6.23685,0.107615,2.24042,0
6.23693,0.0976639,2.23687,0
6.23702,0.0883347,2.24827,0
6.23711,0.0781401,2.23764,0
6.2372,0.0684674,2.24095,0
6.23728,0.0586364,2.23923,0
6.23737,0.0488872,2.24047,0
6.23746,0.0390586,2.23766,0
6.23754,0.0293993,2.24581,0
6.23763,0.0195213,2.23691,0
6.23772,0.00981316,2.24898,0
6.23781,8.16784e-08,2.245,0
6.23789,-0.00980864,2.24798,0
6.23798,-0.0195212,2.23691,0
6.23807,-0.0293337,2.24081,0
6.23816,-0.0391631,2.24366,0
6.23824,-0.0489089,2.24147,0
6.23833,-0.0587148,2.24223,0
6.23842,-0.0684978,2.24195,0
6.2385,-0.0785238,2.24863,0
6.23859,-0.0880597,2.24127,0
6.23868,-0.0978382,2.24087,0
6.23877,-0.107375,2.23542,0
6.23885,-0.118279,2.2569,0
6.23894,-0.127559,2.24638,0
6.23903,-0.137786,2.25279,0
6.23912,-0.147419,2.24917,0
6.2392,-0.157371,2.2505,0
6.23929,-0.166966,2.2468,0
6.23938,-0.176847,2.24705,0
6.23946,-0.186401,2.24327,0
6.23955,-0.196013,2.24044,0
6.23964,-0.206336,2.24554,0
6.23973,-0.216228,2.24561,0
6.23981,-0.226625,2.25062,0
6.2399,-0.235712,2.24265,0
6.23999,-0.246583,2.25154,0
6.24008,-0.255726,2.24448,0
6.24016,-0.265399,2.24235,0
6.24025,-0.275181,2.24117,0
6.24034,-0.28685,2.25483,0
6.24042,-0.295903,2.24761,0
6.24051,-0.306786,2.25422,0
6.2406,-0.315366,2.24395,0
6.24069,-0.325298,2.24354,0
6.24077,-0.336266,2.25001,0
6.24086,-0.346841,2.25346,0
6.24095,-0.355575,2.24502,0
6.24104,-0.366011,2.24739,0
6.24112,-0.375648,2.24479,0
6.24121,-0.386964,2.252,0
6.2413,-0.396091,2.24635,0
6.24138,-0.407491,2.25345,0
6.24147,-0.417319,2.25165,0
6.24156,-0.426021,2.24392,0
6.24165,-0.437525,2.25087,0
6.24173,-0.446367,2.24404,0
6.24182,-0.459344,2.25775,0
6.24191,-0.468987,2.25474,0
6.242,-0.478405,2.25072,0
6.24208,-0.488009,2.24763,0
6.24217,-0.500625,2.25817,0
6.24226,-0.508487,2.24719,0
6.24234,-0.517612,2.24203,0
6.24243,-0.528994,2.24656,0
6.24252,-0.539492,2.24715,0
6.24261,-0.550956,2.25157,0
6.24269,-0.561017,2.25012,0
6.24278,-0.571568,2.25055,0
6.24287,-0.581633,2.24901,0
6.24296,-0.589403,2.23871,0
6.24304,-0.59606,2.22453,0
6.24313,-0.549998,2.01737,0
6.24322,-0.45965,1.65744,0
6.2433,-0.446248,1.58228,0
6.24339,-0.450943,1.57262,0
6.24348,-0.453323,1.55528,0
6.24357,-0.454708,1.53507,0
6.24365,-0.461114,1.53211,0
6.24374,-0.464871,1.52052,0
6.24383,-0.468832,1.50989,0
6.24392,-0.474213,1.50401,0
6.244,-0.480466,1.50098,0
6.24409,-0.48423,1.49031,0
6.24418,-0.488849,1.48248,0
6.24426,-0.492457,1.4718,0
6.24435,-0.500481,1.47437,0
6.24444,-0.500398,1.45326,0
6.24453,-0.506075,1.44918,0
6.24461,-0.509723,1.43941,0
6.2447,-0.515999,1.43718,0
6.24479,-0.522949,1.43679,0
6.24488,-0.524021,1.42042,0
6.24496,-0.529864,1.41719,0
6.24505,-0.538168,1.42047,0
6.24514,-0.545078,1.41998,0
6.24522,-0.549094,1.41199,0
6.24531,-0.552317,1.40214,0
6.2454,-0.55843,1.39972,0
6.24549,-0.56191,1.39078,0
6.24557,-0.569109,1.39109,0
6.24566,-0.576321,1.39136,0
6.24575,-0.575813,1.37316,0
6.24584,-0.582971,1.37339,0
6.24592,-0.587379,1.36716,0
6.24601,-0.596529,1.37192,0
6.2461,-0.600495,1.36473,0
6.24618,-0.610105,1.37032,0
6.24627,-0.613614,1.36217,0
6.24636,-0.619966,1.36039,0
6.24645,-0.626315,1.35858,0
6.24653,-0.636463,1.3649,0
6.24662,-0.650517,1.37929,0
6.24671,-0.67418,1.41345,0
6.2468,-0.687727,1.42581,0
6.24688,-0.684297,1.40302,0
6.24697,-0.686432,1.39195,0
6.24706,-0.68536,1.37462,0
6.24714,-0.6873,1.36358,0
6.24723,-0.684618,1.34364,0
6.24732,-0.686353,1.33264,0
6.24741,-0.684311,1.31455,0
6.24749,-0.690041,1.31155,0
6.24758,-0.686837,1.29175,0
6.24767,-0.68726,1.27905,0
6.24776,-0.687109,1.2655,0
6.24784,-0.688295,1.2546,0
6.24793,-0.687945,1.24109,0
6.24802,-0.686024,1.22498,0
6.2481,-0.687423,1.21502,0
6.24819,-0.679817,1.18943,0
6.24828,-0.2205,0.381917,0
6.24837,-0.234759,0.402547,0
6.24845,-0.220779,0.374809,0
6.24854,-0.230593,0.387592,0
6.24863,-0.228677,0.380582,0
6.24872,-0.232929,0.383855,0
6.2488,-0.217882,0.355551,0
6.24889,-0.217326,0.351195,0
6.24898,-0.228395,0.365509,0
6.24906,-0.216647,0.343365,0
6.24915,-0.202562,0.317959,0
6.24924,-0.186636,0.290158,0
6.24933,-0.195525,0.301083,0
6.24941,-0.157908,0.24085,0
6.2495,-0.15399,0.232654,0
6.24959,-0.125559,0.187912,0
6.24967,-0.0945036,0.140107,0
6.24976,-0.0889232,0.130601,0
6.24985,-0.0781641,0.113729,0
6.24994,-0.0706796,0.101884,0
6.25002,-0.0619463,0.0884684,0
6.25011,-0.0502116,0.0710478,0
6.2502,-0.0679422,0.0952515,0
6.25029,-0.0636832,0.0884616,0
6.25037,-0.062893,0.0865648,0
6.25046,-0.0603136,0.0822574,0
6.25055,-0.0630512,0.0852088,0
6.25063,-0.0586358,0.0785229,0
6.25072,-0.0637924,0.0846554,0
6.25081,-0.0629506,0.0827842,0
6.2509,-0.0590499,0.0769553,0
6.25098,-0.0667317,0.0861852,0
6.25107,-0.0634131,0.0811651,0
6.25116,-0.065624,0.0832436,0
6.25125,-0.0529137,0.0665217,0
6.25133,-0.0675997,0.0842275,0
6.25142,-0.0547509,0.0676117,0
6.25151,-0.0620051,0.0758905,0
6.25159,-0.057247,0.0694462,0
6.25168,-0.0665017,0.0799596,0
6.25177,-0.0584937,0.06971,0
6.25186,-0.0684891,0.0809026,0
6.25194,-0.0597492,0.0699574,0
6.25203,-0.0665815,0.0772716,0
6.25212,-0.0629817,0.0724521,0
6.25221,-0.0639565,0.0729285,0
6.25229,-0.0642741,0.0726487,0
6.25238,-0.0592635,0.0663991,0
6.25247,-0.0541996,0.0601947,0
6.25255,-0.060513,0.0666196,0
6.25264,-0.0635055,0.0693041,0
6.25273,-0.0481949,0.0521369,0
6.25282,-0.0484219,0.0519261,0
6.2529,-0.0554998,0.0589981,0
6.25299,-0.0509382,0.0536777,0
6.25308,-0.0470229,0.0491208,0
6.25317,-0.0486261,0.0503538,0
6.25325,-0.0397741,0.0408292,0
6.25334,-0.0588764,0.059913,0
6.25343,-0.0506891,0.0511333,0
6.25351,-0.0417193,0.0417193,0
