7200
4414
3.83972
3.85543,-0.0212132,-0.0212132,0
3.85552,-0.0591372,-0.0596556,0
3.85561,-0.0427555,-0.0435083,0
3.85569,-0.0481475,-0.0494248,0
3.85578,-0.0458475,-0.0474764,0
3.85587,-0.0636192,-0.0664575,0
3.85596,-0.0667704,-0.0703613,0
3.85604,-0.0596109,-0.0633683,0
3.85613,-0.0579699,-0.0621651,0
3.85622,-0.0570193,-0.0616831,0
3.8563,-0.0547228,-0.0597195,0
3.85639,-0.060513,-0.0666196,0
3.85648,-0.0602218,-0.066883,0
3.85657,-0.0752446,-0.0843045,0
3.85665,-0.0642741,-0.0726487,0
3.85674,-0.0474729,-0.0541325,0
3.85683,-0.0570771,-0.0656597,0
3.85692,-0.0509153,-0.0590901,0
3.857,-0.0655943,-0.076801,0
3.85709,-0.0607357,-0.0717438,0
3.85718,-0.0649216,-0.0773705,0
3.85726,-0.0537129,-0.0645827,0
3.85735,-0.0553388,-0.0671313,0
3.85744,-0.060107,-0.0735673,0
3.85753,-0.062932,-0.0777146,0
3.85761,-0.065722,-0.0818879,0
3.8577,-0.0510462,-0.0641739,0
3.85779,-0.0588139,-0.0746051,0
3.85788,-0.0510999,-0.0654049,0
3.85796,-0.056324,-0.0727434,0
3.85805,-0.0596586,-0.0777486,0
3.85814,-0.0653718,-0.0859682,0
3.85822,-0.0613851,-0.0814608,0
3.85831,-0.0538492,-0.0721128,0
3.8584,-0.0523444,-0.0707394,0
3.85849,-0.0549918,-0.0749993,0
3.85857,-0.0581907,-0.0800927,0
3.85866,-0.0695257,-0.0965773,0
3.85875,-0.0551668,-0.077341,0
3.85884,-0.0525202,-0.0743144,0
3.85892,-0.0493276,-0.0704471,0
3.85901,-0.0655496,-0.0944894,0
3.8591,-0.0606055,-0.0881815,0
3.85918,-0.0540293,-0.0793526,0
3.85927,-0.0592744,-0.087878,0
3.85936,-0.0661129,-0.0989449,0
3.85945,-0.0562976,-0.0850563,0
3.85953,-0.0767611,-0.11708,0
3.85962,-0.0599103,-0.0922538,0
3.85971,-0.0584252,-0.0908322,0
3.8598,-0.048357,-0.0759052,0
3.85988,-0.0309496,-0.0490522,0
3.85997,-0.0498124,-0.0797165,0
3.86006,-1.06821,-1.72622,0
3.86014,-1.06799,-1.7428,0
3.86023,-1.0666,-1.7577,0
3.86032,-1.06407,-1.77091,0
3.86041,-1.05838,-1.77897,0
3.86049,-1.06583,-1.80942,0
3.86058,-1.05893,-1.81578,0
3.86067,-1.0645,-1.84377,0
3.86076,-1.06389,-1.86142,0
3.86084,-1.06167,-1.87649,0
3.86093,-1.05884,-1.8907,0
3.86102,-1.06707,-1.92504,0
3.8611,-1.0625,-1.93669,0
3.86119,-1.05977,-1.95185,0
3.86128,-1.06071,-1.97408,0
3.86137,-1.06476,-2.00253,0
3.86145,-1.06207,-2.01866,0
3.86154,-1.06479,-2.04545,0
3.86163,-1.05906,-2.0563,0
3.86172,-1.06688,-2.09387,0
3.8618,-1.05998,-2.10297,0
3.86189,-1.06329,-2.13263,0
3.86198,-1.06238,-2.15429,0
3.86206,-1.06042,-2.17418,0
3.86215,-1.06005,-2.1977,0
3.86224,-1.05949,-2.22126,0
3.86233,-1.06344,-2.25481,0
3.86241,-1.05993,-2.27302,0
3.8625,-1.06214,-2.30396,0
3.86259,-1.06286,-2.33223,0
3.86268,-1.06335,-2.36055,0
3.86276,-1.05955,-2.37979,0
3.86285,-1.06446,-2.41917,0
3.86294,-1.06027,-2.43846,0
3.86302,-1.06423,-2.47706,0
3.86311,-1.06044,-2.49825,0
3.8632,-1.05804,-2.52314,0
3.86329,-1.05927,-2.5573,0
3.86337,-1.05492,-2.57856,0
3.86346,-1.05077,-2.60075,0
3.86355,-1.04682,-2.62389,0
3.86364,-0.90196,-2.28976,0
3.86372,-0.89196,-2.29367,0
3.86381,-0.852557,-2.22099,0
3.8639,-0.831875,-2.1957,0
3.86398,-0.820186,-2.19369,0
3.86407,-0.805068,-2.18223,0
3.86416,-0.792803,-2.17821,0
3.86425,-0.779912,-2.17223,0
3.86433,-0.771428,-2.17844,0
3.86442,-0.758618,-2.17235,0
3.86451,-0.749458,-2.17658,0
3.8646,-0.735132,-2.16563,0
3.86468,-0.724407,-2.16502,0
3.86477,-0.7137,-2.16436,0
3.86486,-0.708267,-2.17982,0
3.86494,-0.701188,-2.19051,0
3.86503,-0.695833,-2.2069,0
3.86512,-0.685308,-2.20705,0
3.86521,-0.680934,-2.22723,0
3.86529,-0.672938,-2.23593,0
3.86538,-0.667436,-2.25323,0
3.86547,-0.667952,-2.29164,0
3.86556,-0.663735,-2.31472,0
3.86564,-0.663943,-2.35417,0
3.86573,-0.644846,-2.32524,0
3.86582,-1.06501,-3.90642,0
3.8659,-1.06193,-3.96319,0
3.86599,-1.06169,-4.03258,0
3.86608,-1.05986,-4.09817,0
3.86617,-1.06166,-4.18029,0
3.86625,-1.06131,-4.25669,0
3.86634,-1.05937,-4.32927,0
3.86643,-1.05914,-4.41164,0
3.86652,-1.06234,-4.51161,0
3.8666,-1.05929,-4.58831,0
3.86669,-1.05957,-4.68262,0
3.86678,-1.05904,-4.77702,0
3.86686,-1.0594,-4.87931,0
3.86695,-1.05515,-4.9641,0
3.86704,-1.05385,-5.06656,0
3.86713,-1.04947,-5.15832,0
3.86721,-1.05329,-5.29526,0
3.8673,-1.06815,-5.49515,0
3.86739,-1.05535,-5.5587,0
3.86748,-1.06699,-5.75696,0
3.86756,-1.06855,-5.90916,0
3.86765,-1.05439,-5.97975,0
3.86774,-1.03219,-6.00696,0
3.86782,-1.00514,-6.00648,0
3.86791,-0.974582,-5.98416,0
3.868,-0.952373,-6.01305,0
3.86809,-0.926584,-6.02011,0
3.86817,-0.900898,-6.02805,0
3.86826,-0.874875,-6.0339,0
3.86835,-0.846729,-6.02479,0
3.86843,-0.820163,-6.02645,0
3.86852,-0.793991,-6.03096,0
3.86861,-0.76464,-6.01056,0
3.8687,-0.739503,-6.02277,0
3.86878,-0.713452,-6.02793,0
3.86887,-0.686578,-6.02601,0
3.86896,-0.65908,-6.01802,0
3.86905,-0.633861,-6.03078,0
3.86913,-0.606939,-6.02752,0
3.86922,-0.579388,-6.01717,0
3.86931,-0.5545,-6.03458,0
3.86939,-0.527641,-6.03096,0
3.86948,-0.50099,-6.02922,0
3.86957,-0.473658,-6.01839,0
3.86966,-0.447615,-6.02339,0
3.86974,-0.421608,-6.02928,0
3.86983,-0.395166,-6.02906,0
3.86992,-0.36855,-6.02574,0
3.87001,-0.342538,-6.03228,0
3.87009,-0.316266,-6.03472,0
3.87018,-0.28902,-6.01706,0
3.87027,-0.262807,-6.01927,0
3.87035,-0.236619,-6.02235,0
3.87044,-0.210444,-6.02633,0
3.87053,-0.184117,-6.02619,0
3.87062,-0.157742,-6.02393,0
3.8707,-0.131369,-6.02057,0
3.87079,-0.105046,-6.01808,0
3.87088,-0.0787994,-6.01948,0
3.87097,-0.0526473,-6.03277,0
3.87105,-0.0262759,-6.02194,0
3.87114,-7.25797e-08,-6.025,0
3.87123,0.0263107,-6.02994,0
3.87131,0.052586,-6.02577,0
3.8714,0.0788517,-6.02348,0
3.87149,0.105046,-6.01808,0
3.87158,0.131413,-6.02257,0
3.87166,0.157611,-6.01894,0
3.87175,0.183964,-6.02119,0
3.87184,0.20999,-6.01333,0
3.87193,0.23654,-6.02036,0
3.87201,0.263156,-6.02726,0
3.8721,0.288684,-6.01007,0
3.87219,0.31569,-6.02373,0
3.87227,0.341744,-6.0183,0
3.87236,0.368184,-6.01975,0
3.87245,0.39425,-6.01509,0
3.87254,0.420631,-6.01531,0
3.87262,0.448134,-6.03037,0
3.87271,0.473579,-6.01739,0
3.8728,0.500327,-6.02125,0
3.87289,0.527466,-6.02897,0
3.87297,0.553219,-6.02064,0
3.87306,0.579387,-6.01717,0
3.87315,0.606538,-6.02354,0
3.87323,0.633024,-6.02282,0
3.87332,0.659407,-6.021,0
3.87341,0.686011,-6.02105,0
3.8735,0.712864,-6.02296,0
3.87358,0.740356,-6.02972,0
3.87367,0.764892,-6.01254,0
3.87376,0.788248,-5.98734,0
3.87385,0.814634,-5.98582,0
3.87393,0.841023,-5.98419,0
3.87402,0.866982,-5.97947,0
3.87411,0.895429,-5.99146,0
3.87419,0.92202,-5.99046,0
3.87428,0.951434,-6.00712,0
3.87437,0.981173,-6.02463,0
3.87446,1.00745,-6.02029,0
3.87454,1.03371,-6.01583,0
3.87463,1.06203,-6.02308,0
3.87472,1.08901,-6.02233,0
3.87481,1.1151,-6.01654,0
3.87489,1.14227,-6.01653,0
3.87498,1.1708,-6.02326,0
3.87507,1.19746,-6.02006,0
3.87515,1.22492,-6.02066,0
3.87524,1.2526,-6.02211,0
3.87533,1.27866,-6.01561,0
3.87542,1.3085,-6.02658,0
3.8755,1.33478,-6.02082,0
3.87559,1.3595,-6.00811,0
3.87568,1.38952,-6.01868,0
3.87577,1.416,-6.01354,0
3.87585,1.44643,-6.0248,0
3.87594,1.47318,-6.02038,0
3.87603,1.50088,-6.01971,0
3.87611,1.52984,-6.02377,0
3.8762,1.55761,-6.02285,0
3.87629,1.5849,-6.01986,0
3.87638,1.61244,-6.01772,0
3.87646,1.64263,-6.0251,0
3.87655,1.66917,-6.01884,0
3.87664,1.69677,-6.01631,0
3.87673,1.72714,-6.02327,0
3.87681,1.75649,-6.02623,0
3.8769,1.78475,-6.02522,0
3.87699,1.81131,-6.01834,0
3.87707,1.83551,-6.00368,0
3.87716,1.83856,-5.92112,0
3.87725,1.83521,-5.82053,0
3.87734,1.83345,-5.72771,0
3.87742,1.83989,-5.66259,0
3.87751,1.07415,-3.25747,0
3.8776,1.09343,-3.26792,0
3.87769,1.10093,-3.24324,0
3.87777,1.11019,-3.22422,0
3.87786,1.12062,-3.20896,0
3.87795,1.13828,-3.21441,0
3.87803,1.15331,-3.21223,0
3.87812,1.17381,-3.22502,0
3.87821,1.83684,-4.97898,0
3.8783,1.83754,-4.91472,0
3.87838,1.83452,-4.84213,0
3.87847,1.82732,-4.76033,0
3.87856,1.84082,-4.73367,0
3.87865,1.8391,-4.66884,0
3.87873,1.83167,-4.59111,0
3.87882,1.8322,-4.53486,0
3.87891,1.83114,-4.47591,0
3.87899,1.83612,-4.43277,0
3.87908,1.83108,-4.36662,0
3.87917,1.83722,-4.32821,0
3.87926,1.84109,-4.28524,0
3.87934,1.83504,-4.22031,0
3.87943,1.83572,-4.17199,0
3.87952,1.83235,-4.11552,0
3.87961,1.83386,-4.07102,0
3.87969,1.83336,-4.02294,0
3.87978,1.82494,-3.9586,0
3.87987,1.81303,-3.88806,0
3.87995,1.81206,-3.84213,0
3.88004,1.80858,-3.79176,0
3.88013,1.80686,-3.746,0
3.88022,1.67063,-3.4253,0
3.8803,1.68335,-3.4135,0
3.88039,1.667,-3.34347,0
3.88048,1.66761,-3.30849,0
3.88057,1.67295,-3.28336,0
3.88065,1.67857,-3.25914,0
3.88074,1.68354,-3.23404,0
3.88083,1.69158,-3.21516,0
3.88091,1.69855,-3.1945,0
3.881,1.70395,-3.17121,0
3.88109,1.72541,-3.1778,0
3.88118,1.74888,-3.18778,0
3.88126,1.77004,-3.19324,0
3.88135,1.78835,-3.19334,0
3.88144,1.80719,-3.19421,0
3.88152,1.82707,-3.19671,0
3.88161,1.8405,-3.18784,0
3.8817,1.85993,-3.18928,0
3.88179,1.88398,-3.19837,0
3.88187,1.89997,-3.19355,0
3.88196,1.92161,-3.19809,0
3.88205,1.9371,-3.19224,0
3.88214,1.95519,-3.19058,0
3.88222,1.97225,-3.18712,0
3.88231,1.9978,-3.19714,0
3.8824,2.01173,-3.18839,0
3.88248,2.01971,-3.17031,0
3.88257,2.02054,-3.14128,0
3.88266,2.01625,-3.10476,0
3.88275,2.01498,-3.07335,0
3.88283,2.01623,-3.04619,0
3.88292,2.01339,-3.01325,0
3.88301,2.01254,-2.98371,0
3.8831,2.01428,-2.95836,0
3.88318,2.00904,-2.92318,0
3.88327,2.01038,-2.89795,0
3.88336,1.99949,-2.85556,0
3.88344,2.00789,-2.8411,0
3.88353,2.00749,-2.8144,0
3.88362,2.0069,-2.78776,0
3.88371,2.0161,-2.77493,0
3.88379,2.02701,-2.76449,0
3.88388,2.03667,-2.75241,0
3.88397,2.05345,-2.7499,0
3.88406,2.06423,-2.73932,0
3.88414,2.06345,-2.71357,0
3.88423,2.09353,-2.72834,0
3.88432,2.10297,-2.71602,0
3.8844,2.07663,-2.65796,0
3.88449,2.05973,-2.61275,0
3.88458,2.03189,-2.55443,0
3.88467,2.0355,-2.53618,0
3.88475,2.04781,-2.52883,0
3.88484,2.05692,-2.51755,0
3.88493,2.08125,-2.52476,0
3.88502,2.09288,-2.51642,0
3.8851,2.09549,-2.4973,0
3.88519,2.07147,-2.44692,0
3.88528,2.07953,-2.43482,0
3.88536,2.03074,-2.35678,0
3.88545,2.02197,-2.32601,0
3.88554,2.00903,-2.29086,0
3.88563,2.00906,-2.27083,0
3.88571,2.00097,-2.2419,0
3.8858,1.99535,-2.21606,0
3.88589,2.00096,-2.20289,0
3.88598,1.99907,-2.1816,0
3.88606,1.99839,-2.16185,0
3.88615,1.99416,-2.13848,0
3.88624,2.00347,-2.12976,0
3.88632,1.99416,-2.10141,0
3.88641,1.99571,-2.08474,0
3.8865,1.99506,-2.06594,0
3.88659,1.99149,-2.04433,0
3.88667,1.99128,-2.02634,0
3.88676,1.99236,-2.00982,0
3.88685,1.99758,-1.99758,0
3.88694,1.98923,-1.97195,0
3.88702,1.98854,-1.95414,0
3.88711,1.98774,-1.93637,0
3.8872,1.98969,-1.92143,0
3.88728,1.98506,-1.90028,0
3.88737,1.99188,-1.89022,0
3.88746,1.98481,-1.86712,0
3.88755,1.98928,-1.85504,0
3.88763,1.98634,-1.83616,0
3.88772,1.98475,-1.81869,0
3.88781,1.98749,-1.8053,0
3.8879,1.98122,-1.7839,0
3.88798,1.97631,-1.76392,0
3.88807,1.98323,-1.75462,0
3.88816,1.99087,-1.74595,0
3.88824,1.97734,-1.71887,0
3.88833,1.98558,-1.71088,0
3.88842,1.98162,-1.69246,0
3.88851,1.98517,-1.68057,0
3.88859,1.98252,-1.66353,0
3.88868,1.98976,-1.65487,0
3.88877,1.9823,-1.63408,0
3.88886,1.98477,-1.62162,0
3.88894,1.98328,-1.60603,0
3.88903,1.98403,-1.59235,0
3.88912,1.98548,-1.57932,0
3.8892,1.98057,-1.56135,0
3.88929,1.98815,-1.55331,0
3.88938,1.97751,-1.53116,0
3.88947,1.97942,-1.51886,0
3.88955,1.98443,-1.509,0
3.88964,1.9918,-1.50093,0
3.88973,1.98791,-1.48444,0
3.88982,1.98874,-1.47159,0
3.8899,1.98224,-1.45344,0
3.88999,1.9829,-1.44066,0
3.89008,1.98754,-1.43083,0
3.89016,1.99051,-1.41982,0
3.89025,1.99097,-1.40708,0
3.89034,1.9889,-1.39264,0
3.89043,1.98181,-1.37483,0
3.89051,1.98038,-1.36107,0
3.8906,1.97968,-1.34792,0
3.89069,1.97808,-1.33423,0
3.89078,1.98472,-1.32615,0
3.89086,1.97714,-1.30864,0
3.89095,1.98451,-1.3011,0
3.89104,1.98094,-1.28644,0
3.89112,1.98653,-1.27778,0
3.89121,1.9786,-1.2605,0
3.8913,1.98915,-1.25506,0
3.89139,1.97765,-1.23577,0
3.89147,1.97962,-1.22503,0
3.89156,1.97727,-1.21167,0
3.89165,1.98852,-1.20667,0
3.89174,1.98691,-1.19386,0
3.89182,1.98179,-1.17904,0
3.89191,1.97313,-1.16226,0
3.892,1.9825,-1.15616,0
3.89208,1.98926,-1.1485,0
3.89217,1.98123,-1.13237,0
3.89226,1.98441,-1.12273,0
3.89235,1.97184,-1.10428,0
3.89243,1.97139,-1.09276,0
3.89252,1.97264,-1.08222,0
3.89261,1.98173,-1.07599,0
3.8927,1.98729,-1.06781,0
3.89278,1.98751,-1.05678,0
3.89287,1.9868,-1.0453,0
3.89296,1.97981,-1.03062,0
3.89304,1.98162,-1.0206,0
3.89313,1.97536,-1.0065,0
3.89322,1.98777,-1.00192,0
3.89331,1.98138,-0.987882,0
3.89339,1.98657,-0.979669,0
3.89348,1.97914,-0.965293,0
3.89357,1.98064,-0.955345,0
3.89365,1.98208,-0.945402,0
3.89374,1.98076,-0.934186,0
3.89383,1.9821,-0.924266,0
3.89392,1.98248,-0.913934,0
3.894,1.97462,-0.899884,0
3.89409,1.97852,-0.89126,0
3.89418,1.99153,-0.886686,0
3.89427,1.98897,-0.875169,0
3.89435,1.99736,-0.868475,0
3.89444,1.97816,-0.849884,0
3.89453,1.98277,-0.841635,0
3.89461,1.9855,-0.832589,0
3.8947,1.98726,-0.823152,0
3.89479,1.99361,-0.815609,0
3.89488,1.98603,-0.802407,0
3.89496,1.99323,-0.795216,0
3.89505,1.98644,-0.78248,0
3.89514,1.98518,-0.771993,0
3.89523,1.96892,-0.755798,0
3.89531,1.98062,-0.750388,0
3.8954,1.98949,-0.743841,0
3.89549,1.98334,-0.731692,0
3.89557,1.99215,-0.725083,0
3.89566,1.98494,-0.712666,0
3.89575,1.98709,-0.703665,0
3.89584,1.99014,-0.694988,0
3.89592,1.99126,-0.685647,0
3.89601,1.98855,-0.675023,0
3.8961,1.98579,-0.664436,0
3.89619,1.98392,-0.654199,0
3.89627,1.98581,-0.645228,0
3.89636,1.97717,-0.632898,0
3.89645,1.98278,-0.625167,0
3.89653,1.97976,-0.614731,0
3.89662,1.98529,-0.606964,0
3.89671,1.98122,-0.596278,0
3.8968,1.98572,-0.588196,0
3.89688,1.98826,-0.579526,0
3.89697,1.9802,-0.567813,0
3.89706,1.98651,-0.560253,0
3.89715,1.97352,-0.547304,0
3.89723,1.98167,-0.540266,0
3.89732,1.97435,-0.529026,0
3.89741,1.98631,-0.522952,0
3.89749,1.97793,-0.511526,0
3.89758,1.97529,-0.50166,0
3.89767,1.98717,-0.495456,0
3.89776,1.98737,-0.486305,0
3.89784,1.98266,-0.475995,0
3.89793,1.97596,-0.465277,0
3.89802,1.97505,-0.455976,0
3.89811,1.9819,-0.448457,0
3.89819,1.9809,-0.439156,0
3.89828,1.98182,-0.430296,0
3.89837,1.97488,-0.419774,0
3.89845,1.98648,-0.413189,0
3.89854,1.98435,-0.40372,0
3.89863,1.99197,-0.396228,0
3.89872,1.98387,-0.385625,0
3.8988,1.98553,-0.376965,0
3.89889,1.97634,-0.366293,0
3.89898,1.98579,-0.35909,0
3.89907,1.9706,-0.34747,0
3.89915,1.98491,-0.34107,0
3.89924,1.97652,-0.330755,0
3.89933,1.9809,-0.32261,0
3.89941,1.98822,-0.314903,0
3.8995,1.98364,-0.305312,0
3.89959,1.98397,-0.296506,0
3.89968,1.9793,-0.286985,0
3.89976,1.98747,-0.27932,0
3.89985,1.9857,-0.270241,0
3.89994,1.99082,-0.262097,0
3.90003,1.98302,-0.252272,0
3.90011,1.9841,-0.243617,0
3.9002,1.98316,-0.234722,0
3.90029,1.9782,-0.225388,0
3.90037,1.97519,-0.216319,0
3.90046,1.96518,-0.206548,0
3.90055,1.94914,-0.196268,0
3.90064,1.75886,-0.169359,0
3.90072,1.70083,-0.156285,0
3.90081,1.69154,-0.14799,0
3.9009,1.69316,-0.140691,0
3.90099,1.69675,-0.133537,0
3.90107,1.68934,-0.12554,0
3.90116,1.68888,-0.118098,0
3.90125,1.68439,-0.110401,0
3.90133,1.69084,-0.103416,0
3.90142,1.69327,-0.096151,0
3.90151,1.70566,-0.0893899,0
3.9016,1.68905,-0.0811311,0
3.90168,1.69139,-0.0738477,0
3.90177,1.69769,-0.0667025,0
3.90186,1.73894,-0.0607252,0
3.90195,1.77817,-0.0543281,0
3.90203,1.73241,-0.0453647,0
3.90212,1.73259,-0.0378052,0
3.90221,1.82872,-0.0319205,0
3.90229,1.96283,-0.0256949,0
3.90238,1.97392,-0.0172262,0
3.90247,1.97598,-0.00862195,0
3.90256,1.978,-4.78961e-08,0
3.90264,1.98698,0.00866985,0
3.90273,1.98792,0.0173483,0
3.90282,1.98783,0.0260221,0
3.90291,1.9797,0.0345557,0
3.90299,1.98553,0.0433243,0
3.90308,1.98632,0.0520135,0
3.90317,1.98607,0.06068,0
3.90325,1.97979,0.0691359,0
3.90334,1.98347,0.0779307,0
3.90343,1.98211,0.0865408,0
3.90352,1.97672,0.0949487,0
3.9036,1.98428,0.103991,0
3.90369,1.97482,0.112138,0
3.90378,1.9783,0.120998,0
3.90387,1.97377,0.129367,0
3.90395,1.98415,0.138746,0
3.90404,1.97954,0.147105,0
3.90413,1.98985,0.156604,0
3.90421,1.98217,0.164705,0
3.9043,1.97944,0.173178,0
3.90439,1.98962,0.18282,0
3.90448,1.97885,0.190541,0
3.90456,1.98297,0.199675,0
3.90465,1.97114,0.207175,0
3.90474,1.97718,0.216536,0
3.90483,1.9792,0.225501,0
3.90491,1.98415,0.23484,0
3.905,1.98311,0.243495,0
3.90509,1.98203,0.252145,0
3.90517,1.98586,0.261444,0
3.90526,1.99065,0.270915,0
3.90535,1.9845,0.278903,0
3.90544,1.97435,0.286268,0
3.90552,1.97012,0.294436,0
3.90561,1.98265,0.305159,0
3.9057,1.98229,0.313964,0
3.90579,1.99077,0.324218,0
3.90587,1.98046,0.331416,0
3.90596,1.98787,0.341578,0
3.90605,1.98537,0.350075,0
3.90613,1.98087,0.3582,0
3.90622,1.97831,0.366658,0
3.90631,1.98357,0.376592,0
3.9064,1.98289,0.385434,0
3.90648,1.97922,0.393692,0
3.90657,1.98337,0.403521,0
3.90666,1.97669,0.411153,0
3.90674,1.98466,0.421853,0
3.90683,1.98476,0.430933,0
3.90692,1.98676,0.440455,0
3.90701,1.97702,0.447354,0
3.90709,1.98187,0.45755,0
3.90718,1.99348,0.469402,0
3.90727,1.98072,0.475528,0
3.90736,1.98542,0.48583,0
3.90744,1.98134,0.494004,0
3.90753,1.98983,0.505353,0
3.90762,1.98083,0.512277,0
3.9077,1.98148,0.521679,0
3.90779,1.98111,0.530838,0
3.90788,1.98071,0.540003,0
3.90797,1.98508,0.550511,0
3.90805,1.97881,0.558082,0
3.90814,1.98885,0.570294,0
3.90823,1.98346,0.578127,0
3.90832,1.99243,0.590184,0
3.9084,1.97738,0.595125,0
3.90849,1.98338,0.606379,0
3.90858,1.97212,0.612358,0
3.90866,1.99041,0.627573,0
3.90875,1.99051,0.637166,0
3.90884,1.9801,0.643373,0
3.90893,1.98582,0.654826,0
3.90901,1.97631,0.661263,0
3.9091,1.98382,0.673416,0
3.90919,1.9837,0.683042,0
3.90928,1.99014,0.694988,0
3.90936,1.98709,0.703665,0
3.90945,1.97741,0.709963,0
3.90954,1.98651,0.723031,0
3.90962,1.98146,0.730999,0
3.90971,1.98668,0.74279,0
3.9098,1.97501,0.748263,0
3.90989,1.98479,0.76189,0
3.90997,1.98797,0.77308,0
3.91006,1.98458,0.781747,0
3.91015,1.97558,0.788176,0
3.91024,1.98046,0.80016,0
3.91032,1.97695,0.808793,0
3.91041,1.97525,0.818177,0
3.9105,1.9855,0.832589,0
3.91058,1.97909,0.840072,0
3.91067,1.98275,0.851857,0
3.91076,1.98452,0.862893,0
3.91085,1.98714,0.874363,0
3.91093,1.98605,0.884245,0
3.91102,1.98673,0.894956,0
3.91111,1.98645,0.905275,0
3.9112,1.98066,0.913097,0
3.91128,1.98935,0.927647,0
3.91137,1.98528,0.936318,0
3.91146,1.99562,0.95186,0
3.91154,1.98604,0.957952,0
3.91163,1.99083,0.970992,0
3.91172,2.00451,0.988515,0
3.91181,1.98317,0.988774,0
3.91189,1.98688,1.00147,0
3.91198,1.97091,1.00423,0
3.91207,1.98873,1.02426,0
3.91216,1.9807,1.03108,0
3.91224,1.98857,1.04624,0
3.91233,1.99193,1.05913,0
3.91242,1.98993,1.06923,0
3.9125,1.98701,1.07886,0
3.91259,1.98754,1.0904,0
3.91268,1.98801,1.10197,0
3.91277,1.98318,1.11064,0
3.91285,1.98006,1.12026,0
3.91294,1.98904,1.13683,0
3.91303,1.9858,1.1465,0
3.91312,1.98855,1.15969,0
3.9132,1.98692,1.17038,0
3.91329,1.99039,1.18415,0
3.91338,1.98091,1.19025,0
3.91346,1.97656,1.1994,0
3.91355,1.97898,1.21272,0
3.91364,1.99493,1.2345,0
3.91373,1.98867,1.24266,0
3.91381,1.98746,1.25399,0
3.9139,1.98956,1.26749,0
3.91399,1.99663,1.28427,0
3.91408,1.98597,1.28971,0
3.91416,1.98618,1.3022,0
3.91425,1.98798,1.31582,0
3.91434,1.98888,1.32892,0
3.91442,1.98389,1.33815,0
3.91451,1.98877,1.35411,0
3.9146,1.9845,1.36391,0
3.91469,1.98674,1.37825,0
3.91477,1.98153,1.38748,0
3.91486,1.98281,1.40131,0
3.91495,1.984,1.41517,0
3.91504,1.97537,1.42206,0
3.91512,1.97886,1.43772,0
3.91521,1.98547,1.4558,0
3.9153,1.9807,1.46564,0
3.91538,1.9823,1.48026,0
3.91547,1.98621,1.49671,0
3.91556,1.98284,1.50779,0
3.91565,1.9818,1.52069,0
3.91573,1.98147,1.53422,0
3.91582,1.98736,1.5527,0
3.91591,1.98528,1.56507,0
3.916,1.98548,1.57932,0
3.91608,1.98169,1.59047,0
3.91617,1.98949,1.61106,0
3.91626,1.98632,1.62289,0
3.91634,1.98693,1.6379,0
3.91643,1.97669,1.644,0
3.91652,1.98329,1.66418,0
3.91661,1.9928,1.68703,0
3.91669,1.99378,1.70285,0
3.91678,1.98482,1.71023,0
3.91687,1.99545,1.73462,0
3.91696,1.99538,1.7499,0
3.91704,1.98998,1.76058,0
3.91713,1.99123,1.77724,0
3.91722,1.98643,1.78859,0
3.9173,1.98749,1.8053,0
3.91739,1.99286,1.82612,0
3.91748,1.99295,1.84227,0
3.91757,1.99074,1.8564,0
3.91765,1.98991,1.87192,0
3.91774,1.98825,1.88678,0
3.91783,1.99156,1.9065,0
3.91792,1.9861,1.91795,0
3.918,1.98702,1.93567,0
3.91809,1.97784,1.94362,0
3.91818,1.99349,1.97617,0
3.91826,1.98838,1.98838,0
3.91835,1.99447,2.01196,0
3.91844,1.98918,2.0242,0
3.91853,1.98382,2.03645,0
3.91861,1.9895,2.06019,0
3.9187,1.99087,2.07969,0
3.91879,1.98659,2.09343,0
3.91887,1.99183,2.11737,0
3.91896,1.99553,2.13994,0
3.91905,1.99771,2.16111,0
3.91914,2.05515,2.2428,0
3.91922,2.24167,2.46789,0
3.91931,2.25029,2.4992,0
3.9194,2.24535,2.51571,0
3.91949,2.24694,2.53971,0
3.91957,2.24046,2.55475,0
3.91966,2.23782,2.57431,0
3.91975,2.30228,2.67193,0
3.91983,2.2302,2.61123,0
3.91992,2.27629,2.68887,0
3.92001,2.18419,2.60302,0
3.9201,2.16322,2.60099,0
3.92018,2.14676,2.60423,0
3.92027,2.11956,2.59422,0
3.92036,2.11515,2.61199,0
3.92045,2.09246,2.60715,0
3.92053,2.0736,2.60687,0
3.92062,2.05044,2.60097,0
3.92071,2.03476,2.60438,0
3.92079,2.0093,2.59504,0
3.92088,1.99126,2.59506,0
3.92097,1.97568,2.59815,0
3.92106,2.01608,2.67543,0
3.92114,1.93977,2.59766,0
3.92123,1.91533,2.58842,0
3.92132,1.90461,2.59756,0
3.92141,1.88855,2.59937,0
3.92149,1.87427,2.60353,0
3.92158,1.85128,2.5954,0
3.92167,1.8434,2.60835,0
3.92175,1.81824,2.59671,0
3.92184,1.80575,2.60298,0
3.92193,1.78021,2.59023,0
3.92202,1.77509,2.60706,0
3.9221,1.82632,2.70764,0
3.92219,1.8156,2.71724,0
3.92228,1.60669,2.42744,0
3.92237,1.59608,2.43443,0
3.92245,1.60287,2.46821,0
3.92254,1.69379,2.63329,0
3.92263,1.51572,2.37921,0
3.92271,1.45944,2.31307,0
3.9228,1.43926,2.3033,0
3.92289,1.43656,2.32146,0
3.92298,1.42276,2.32174,0
3.92306,1.41262,2.32792,0
3.92315,1.40554,2.33921,0
3.92324,1.41219,2.37368,0
3.92333,1.39472,2.36776,0
3.92341,1.38034,2.36691,0
3.9235,1.367,2.36771,0
3.92359,1.36162,2.38234,0
3.92367,1.37583,2.43177,0
3.92376,1.34224,2.39675,0
3.92385,1.34438,2.42532,0
3.92394,1.31695,2.40048,0
3.92402,1.2993,2.39302,0
3.92411,1.29832,2.41628,0
3.9242,1.27602,2.39985,0
3.92429,1.26787,2.40982,0
3.92437,1.26334,2.42686,0
3.92446,1.25412,2.43502,0
3.92455,1.21896,2.39235,0
3.92463,1.21437,2.40926,0
3.92472,1.21053,2.42796,0
3.92481,1.18268,2.39824,0
3.9249,1.17659,2.41236,0
3.92498,1.16258,2.41027,0
3.92507,1.14817,2.40719,0
3.92516,1.13211,2.40042,0
3.92525,1.12416,2.41078,0
3.92533,1.11238,2.41294,0
3.92542,1.10225,2.41868,0
3.92551,1.08265,2.4034,0
3.92559,1.07623,2.41724,0
3.92568,1.06929,2.43015,0
3.92577,1.04791,2.41003,0
3.92586,1.04331,2.42836,0
3.92594,1.01707,2.39607,0
3.92603,1.02092,2.43461,0
3.92612,1.00761,2.43257,0
3.92621,0.9807,2.39715,0
3.92629,0.972853,2.4079,0
3.92638,0.962338,2.41212,0
3.92647,0.955102,2.42467,0
3.92655,0.937265,2.41017,0
3.92664,0.934265,2.43384,0
3.92673,0.91726,2.42107,0
3.92682,0.900733,2.40912,0
3.9269,0.89402,2.42335,0
3.92699,0.881386,2.42159,0
3.92708,0.877908,2.44518,0
3.92717,0.86022,2.42919,0
3.92725,0.845986,2.42253,0
3.92734,0.831827,2.4158,0
3.92743,0.821921,2.4213,0
3.92751,0.801829,2.39641,0
3.9276,0.798568,2.42173,0
3.92769,0.792011,2.43756,0
3.92778,0.777099,2.42766,0
3.92786,0.757779,2.40337,0
3.92795,0.744616,2.39806,0
3.92804,0.742917,2.42997,0
3.92813,0.72539,2.41021,0
3.92821,0.713163,2.4076,0
3.9283,0.707688,2.42797,0
3.92839,0.695433,2.42526,0
3.92847,0.686202,2.43309,0
3.92856,0.669699,2.41486,0
3.92865,0.663365,2.43319,0
3.92874,0.653001,2.43703,0
3.92882,0.641852,2.43792,0
3.92891,0.624949,2.4165,0
3.929,0.616122,2.42598,0
3.92909,0.601902,2.4141,0
3.92917,0.591363,2.4167,0
3.92926,0.578011,2.40759,0
3.92935,0.571626,2.42761,0
3.92943,0.556979,2.41254,0
3.92952,0.549537,2.4286,0
3.92961,0.538069,2.42707,0
3.9297,0.530444,2.44308,0
3.92978,0.515829,2.42678,0
3.92987,0.504217,2.42412,0
3.92996,0.489648,2.4067,0
3.93005,0.480508,2.41567,0
3.93013,0.470535,2.42069,0
3.93022,0.461834,2.43255,0
3.93031,0.448664,2.42077,0
3.93039,0.441122,2.43944,0
3.93048,0.426133,2.41672,0
3.93057,0.417108,2.42742,0
3.93066,0.407668,2.43613,0
3.93074,0.393498,2.41617,0
3.93083,0.385611,2.43465,0
3.93092,0.375441,2.43928,0
3.93101,0.359916,2.40825,0
3.93109,0.355144,2.44939,0
3.93118,0.342644,2.43804,0
3.93127,0.331599,2.43654,0
3.93135,0.322139,2.44689,0
3.93144,0.309819,2.43537,0
3.93153,0.29663,2.41586,0
3.93162,0.288319,2.436,0
3.9317,0.279386,2.45214,0
3.93179,0.264655,2.41655,0
3.93188,0.2539,2.41569,0
3.93196,0.246763,2.45061,0
3.93205,0.235397,2.44469,0
3.93214,0.222532,2.4218,0
3.93223,0.211963,2.42275,0
3.93231,0.202135,2.43262,0
3.9324,0.191519,2.43348,0
3.93249,0.181714,2.44526,0
3.93258,0.16909,2.4181,0
3.93266,0.161284,2.46072,0
3.93275,0.149508,2.44443,0
3.93284,0.138104,2.43208,0
3.93292,0.127857,2.43965,0
3.93301,0.115819,2.41122,0
3.9331,0.104032,2.38273,0
3.93319,0.0736907,1.87555,0
3.93327,0.0637615,1.82589,0
3.93336,0.0545724,1.78617,0
3.93345,0.0457574,1.7474,0
3.93354,0.0375871,1.72259,0
3.93362,0.0297739,1.70574,0
3.93371,0.0221477,1.69186,0
3.9338,0.0147043,1.68494,0
3.93388,0.00730424,1.67398,0
3.93397,6.09404e-08,1.675,0
3.93406,-0.00726921,1.66598,0
3.93415,-0.0145383,1.66594,0
3.93423,-0.0216763,1.65586,0
3.93432,-0.0290058,1.66175,0
3.93441,-0.0361472,1.65661,0
3.9345,-0.0434799,1.66043,0
3.93458,-0.0505106,1.65323,0
3.93467,-0.0578633,1.65699,0
3.93476,-0.0648572,1.65073,0
3.93484,-0.0722336,1.65442,0
3.93493,-0.0794517,1.65409,0
3.93502,-0.086773,1.65573,0
3.93511,-0.0942234,1.65933,0
3.93519,-0.101646,1.66189,0
3.93528,-0.1087,1.65844,0
3.93537,-0.115656,1.65396,0
3.93546,-0.122798,1.65244,0
3.93554,-0.130399,1.65688,0
3.93563,-0.137462,1.6543,0
3.93572,-0.143545,1.64073,0
3.9358,-0.149148,1.62316,0
3.93589,-0.15642,1.62449,0
3.93598,-0.163206,1.6208,0
3.93607,-0.169859,1.6161,0
3.93615,-0.1768,1.61435,0
3.93624,-0.183163,1.6076,0
3.93633,-0.190058,1.60579,0
3.93642,-0.197794,1.6109,0
3.9365,-0.205199,1.613,0
3.93659,-0.211713,1.60812,0
3.93668,-0.219807,1.61511,0
3.93676,-0.226435,1.61117,0
3.93685,-0.236189,1.62897,0
3.93694,-0.240338,1.60814,0
3.93703,-0.248113,1.61202,0
3.93711,-0.255301,1.61191,0
3.9372,-0.262332,1.61078,0
3.93729,-0.271338,1.62145,0
3.93738,-0.277902,1.6173,0
3.93746,-0.283741,1.60918,0
3.93755,-0.288268,1.59415,0
3.93764,-0.288114,1.55453,0
3.93772,-0.285568,1.50413,0
3.93781,-0.284878,1.46557,0
3.9379,-0.258104,1.29758,0
3.93799,-0.218707,1.07498,0
3.93807,-0.182056,0.875267,0
3.93816,-0.187328,0.881311,0
3.93825,-0.201357,0.927392,0
3.93834,-0.263191,1.18718,0
3.93842,-0.273665,1.20942,0
3.93851,-0.278264,1.2053,0
3.9386,-0.28077,1.19239,0
3.93868,-0.270563,1.12698,0
3.93877,-0.279994,1.14424,0
3.93886,-0.298773,1.19832,0
3.93895,-0.307445,1.21057,0
3.93903,-0.299204,1.15694,0
3.93912,-0.285918,1.08599,0
3.93921,-0.279007,1.04127,0
3.9393,-0.285126,1.04583,0
3.93938,-0.276324,0.996394,0
3.93947,-0.266012,0.943206,0
3.93956,-0.268746,0.93723,0
3.93964,-0.282907,0.97061,0
3.93973,-0.305316,1.03073,0
3.93982,-0.314134,1.04375,0
3.93991,-0.315469,1.03185,0
3.93999,-0.313444,1.00946,0
3.94008,-0.312133,0.989958,0
3.94017,-0.312486,0.976206,0
3.94026,-0.310253,0.954861,0
3.94034,-0.302203,0.91646,0
3.94043,-0.302074,0.902804,0
3.94052,-0.299903,0.883486,0
3.9406,-0.302127,0.877441,0
3.94069,-0.306942,0.878947,0
3.94078,-0.306435,0.865345,0
3.94087,-0.309532,0.862117,0
3.94095,-0.310212,0.852301,0
3.94104,-0.305621,0.828423,0
3.94113,-0.294174,0.786805,0
3.94122,-0.278827,0.735951,0
3.9413,-0.269493,0.702052,0
3.94139,-0.268929,0.69155,0
3.94148,-0.276708,0.702465,0
3.94156,-0.276065,0.691963,0
3.94165,-0.285076,0.705587,0
3.94174,-0.309356,0.756167,0
3.94183,-0.311504,0.752038,0
3.94191,-0.308982,0.736839,0
3.942,-0.310631,0.731801,0
3.94209,-0.311453,0.724926,0
3.94218,-0.314613,0.72356,0
3.94226,-0.31374,0.713028,0
3.94235,-0.314407,0.706171,0
3.94244,-0.309271,0.686557,0
3.94252,-0.309361,0.678831,0
3.94261,-0.302691,0.656588,0
3.9427,-0.298791,0.64076,0
3.94279,-0.296039,0.627692,0
3.94287,-0.299205,0.627297,0
3.94296,-0.299767,0.621482,0
3.94305,-0.299846,0.614775,0
3.94314,-0.304295,0.617049,0
3.94322,-0.303414,0.608555,0
3.94331,-0.306967,0.609012,0
3.9434,-0.307352,0.603211,0
3.94348,-0.309523,0.600976,0
3.94357,-0.30891,0.59341,0
3.94366,-0.311962,0.592942,0
3.94375,-0.306565,0.576565,0
3.94383,-0.313338,0.58315,0
3.94392,-0.312062,0.574746,0
3.94401,-0.313124,0.570749,0
3.94409,-0.305915,0.551885,0
3.94418,-0.3049,0.544438,0
3.94427,-0.289545,0.511769,0
3.94436,-0.277881,0.486191,0
3.94444,-0.2755,0.47718,0
3.94453,-0.273045,0.468199,0
3.94462,-0.277623,0.471311,0
3.94471,-0.28479,0.478689,0
3.94479,-0.303872,0.505729,0
3.94488,-0.306595,0.505253,0
3.94497,-0.308797,0.50391,0
3.94505,-0.306783,0.495755,0
3.94514,-0.310533,0.496956,0
3.94523,-0.311631,0.493905,0
3.94532,-0.312708,0.490854,0
3.9454,-0.306192,0.476028,0
3.94549,-0.310444,0.478042,0
3.94558,-0.311979,0.475847,0
3.94567,-0.307429,0.464474,0
3.94575,-0.305008,0.456477,0
3.94584,-0.308674,0.457629,0
3.94593,-0.309543,0.454624,0
3.94601,-0.313789,0.456566,0
3.9461,-0.308368,0.444511,0
3.94619,-0.309158,0.441523,0
3.94628,-0.31339,0.443436,0
3.94636,-0.304869,0.427411,0
3.94645,-0.307315,0.426888,0
3.94654,-0.307999,0.423925,0
3.94663,-0.316351,0.431448,0
3.94671,-0.314066,0.424436,0
3.9468,-0.309932,0.415049,0
3.94689,-0.309333,0.410499,0
3.94697,-0.311121,0.409145,0
3.94706,-0.312903,0.407784,0
3.94715,-0.314067,0.405624,0
3.94724,-0.304752,0.390065,0
3.94732,-0.29407,0.373026,0
3.94741,-0.293827,0.369391,0
3.9475,-0.29481,0.367326,0
3.94759,-0.301444,0.372253,0
3.94767,-0.303699,0.371708,0
3.94776,-0.315495,0.382726,0
3.94785,-0.309488,0.372119,0
3.94793,-0.311752,0.371532,0
3.94802,-0.312078,0.368641,0
3.94811,-0.313683,0.367276,0
3.9482,-0.308103,0.357571,0
3.94828,-0.310316,0.356978,0
3.94837,-0.31253,0.356372,0
3.94846,-0.315407,0.356503,0
3.94855,-0.308303,0.345425,0
3.94863,-0.309138,0.343333,0
3.94872,-0.301893,0.332358,0
3.94881,-0.288477,0.314817,0
3.94889,-0.344152,0.372302,0
3.94898,-0.126852,0.136032,0
3.94907,-0.121963,0.12965,0
3.94916,-0.370335,0.390251,0
3.94924,-0.237189,0.247771,0
3.94933,-0.186863,0.193502,0
3.94942,-0.177239,0.181941,0
3.94951,-0.0553718,0.0563468,0
3.94959,-0.0352007,0.0355093,0
3.94968,-0.0318198,0.0318198,0
