7200
5165
4.50295
4.51866,-0.0388909,-0.0388909,0
4.51874,-0.0535051,-0.0539741,0
4.51883,-0.0476618,-0.048501,0
4.51892,-0.043263,-0.0444107,0
4.51901,-0.0194504,-0.0201415,0
4.51909,-0.0318096,-0.0332287,0
4.51918,-1.08485,-1.14319,0
4.51927,-0.0267221,-0.0284065,0
4.51936,-1.08506,-1.16358,0
4.51944,-0.0325824,-0.0352475,0
4.51953,-1.07419,-1.17227,0
4.51962,-1.08923,-1.19915,0
4.5197,-1.09001,-1.21058,0
4.51979,-1.08738,-1.21831,0
4.51988,-1.08868,-1.23053,0
4.51997,-1.07935,-1.23076,0
4.52005,-1.08381,-1.24678,0
4.52014,-1.0764,-1.24922,0
4.52023,-1.07873,-1.26303,0
4.52032,-1.07838,-1.27384,0
4.5204,-1.07346,-1.27929,0
4.52049,-1.07618,-1.29396,0
4.52058,-1.07688,-1.30636,0
4.52066,-1.07244,-1.3126,0
4.52075,-1.07488,-1.32737,0
4.52084,-1.08097,-1.34686,0
4.52093,-1.07633,-1.35313,0
4.52101,-1.07599,-1.36488,0
4.5211,-1.07433,-1.37508,0
4.52119,-1.07934,-1.39399,0
4.52128,-1.06777,-1.39154,0
4.52136,-1.06713,-1.40335,0
4.52145,-1.07243,-1.42317,0
4.52154,-1.08117,-1.44787,0
4.52162,-1.07544,-1.45337,0
4.52171,-1.07441,-1.46531,0
4.5218,-1.0733,-1.47727,0
4.52189,-1.07911,-1.49898,0
4.52197,-1.07837,-1.51181,0
4.52206,-1.07868,-1.5263,0
4.52215,-1.07201,-1.531,0
4.52224,-1.0733,-1.54716,0
4.52232,-1.07561,-1.56502,0
4.52241,-1.07721,-1.58209,0
4.5225,-1.0798,-1.60087,0
4.52258,-1.07892,-1.61471,0
4.52267,-1.07021,-1.6169,0
4.52276,-1.07465,-1.63912,0
4.52285,-1.07893,-1.66141,0
4.52293,-1.07762,-1.67535,0
4.52302,-1.08212,-1.69859,0
4.52311,-1.08377,-1.71767,0
4.5232,-1.07998,-1.72832,0
4.52328,-1.07821,-1.74237,0
4.52337,-1.07478,-1.75388,0
4.52346,-1.07801,-1.77651,0
4.52354,-1.07694,-1.79234,0
4.52363,-1.08138,-1.81764,0
4.52372,-1.08156,-1.83613,0
4.52381,-1.08362,-1.85811,0
4.52389,-1.08,-1.87061,0
4.52398,-1.08126,-1.89181,0
4.52407,-1.08284,-1.91391,0
4.52415,-1.07936,-1.92734,0
4.52424,-1.07773,-1.94428,0
4.52433,-1.08367,-1.97527,0
4.52442,-1.07933,-1.98788,0
4.5245,-1.08106,-2.01195,0
4.52459,-1.0873,-2.04491,0
4.52468,-1.08395,-2.06025,0
4.52477,-1.08557,-2.08536,0
4.52485,-1.08516,-2.10697,0
4.52494,-1.08231,-2.12416,0
4.52503,-1.08384,-2.15029,0
4.52511,-1.08158,-2.16932,0
4.5252,-1.08361,-2.19734,0
4.52529,-1.08497,-2.22452,0
4.52538,-1.08438,-2.24814,0
4.52546,-1.08403,-2.27271,0
4.52555,-1.08604,-2.30274,0
4.52564,-1.07768,-2.31108,0
4.52573,-1.08224,-2.34755,0
4.52581,-1.07903,-2.36772,0
4.5259,-1.08101,-2.39976,0
4.52599,-1.08639,-2.44008,0
4.52607,-1.0846,-2.46493,0
4.52616,-1.0834,-2.49165,0
4.52625,-1.07528,-2.50279,0
4.52634,-1.06162,-2.50101,0
4.52642,-1.04953,-2.50285,0
4.52651,-1.03286,-2.49355,0
4.5266,-1.02008,-2.49341,0
4.52669,-1.00657,-2.49134,0
4.52677,-0.995688,-2.49571,0
4.52686,-0.981124,-2.49073,0
4.52695,-0.966985,-2.4866,0
4.52703,-0.953975,-2.48519,0
4.52712,-0.945603,-2.49588,0
4.52721,-0.930501,-2.48874,0
4.5273,-0.918941,-2.4909,0
4.52738,-0.904643,-2.48549,0
4.52747,-0.8921,-2.4847,0
4.52756,-0.882585,-2.49234,0
4.52765,-0.873021,-2.49995,0
4.52773,-0.854291,-2.48104,0
4.52782,-0.834778,-2.45918,0
4.52791,-0.818646,-2.44668,0
4.52799,-0.808276,-2.45117,0
4.52808,-0.804371,-2.4756,0
4.52817,-0.79722,-2.49051,0
4.52826,-0.782136,-2.48062,0
4.52834,-0.771008,-2.48305,0
4.52843,-0.761628,-2.49117,0
4.52852,-0.75104,-2.49543,0
4.52861,-0.7356,-2.48334,0
4.52869,-0.725877,-2.49037,0
4.52878,-0.712523,-2.48486,0
4.52887,-0.701945,-2.48891,0
4.52895,-0.688673,-2.48328,0
4.52904,-0.673886,-2.47179,0
4.52913,-0.668012,-2.49305,0
4.52922,-0.656364,-2.49304,0
4.5293,-0.642976,-2.4862,0
4.52939,-0.631383,-2.48608,0
4.52948,-0.620046,-2.48687,0
4.52957,-0.608238,-2.48566,0
4.52965,-0.595519,-2.48052,0
4.52974,-0.584461,-2.48212,0
4.52983,-0.571826,-2.47685,0
4.52991,-0.561896,-2.48322,0
4.53,-0.549107,-2.47686,0
4.53009,-0.538083,-2.47826,0
4.53018,-0.527056,-2.4796,0
4.53026,-0.517454,-2.48775,0
4.53035,-0.508388,-2.49881,0
4.53044,-0.510551,-2.56672,0
4.53053,-0.47874,-2.4629,0
4.53061,-0.46631,-2.45613,0
4.5307,-0.45486,-2.4542,0
4.53079,-0.476711,-2.63625,0
4.53087,-0.518687,-2.94162,0
4.53096,-0.50754,-2.95371,0
4.53105,-0.504386,-3.01409,0
4.53114,-0.491712,-3.01922,0
4.53122,-0.478064,-3.01838,0
4.53131,-0.464889,-3.02043,0
4.5314,-0.450967,-3.01749,0
4.53149,-0.436505,-3.01052,0
4.53157,-0.424895,-3.02329,0
4.53166,-0.411026,-3.02016,0
4.53175,-0.397322,-3.01796,0
4.53183,-0.384276,-3.02066,0
4.53192,-0.370605,-3.01833,0
4.53201,-0.357079,-3.01694,0
4.5321,-0.342553,-3.00655,0
4.53218,-0.330193,-3.01497,0
4.53227,-0.317453,-3.02036,0
4.53236,-0.30387,-3.01774,0
4.53245,-0.290317,-3.01506,0
4.53253,-0.27725,-3.01729,0
4.53262,-0.263733,-3.01449,0
4.53271,-0.25124,-3.02358,0
4.53279,-0.237653,-3.01966,0
4.53288,-0.224623,-3.02267,0
4.53297,-0.211432,-3.02362,0
4.53306,-0.19791,-3.01952,0
4.53314,-0.184977,-3.02435,0
4.53323,-0.171949,-3.02812,0
4.53332,-0.158002,-3.01486,0
4.53341,-0.144942,-3.01752,0
4.53349,-0.131687,-3.01613,0
4.53358,-0.118525,-3.01667,0
4.53367,-0.105117,-3.01017,0
4.53375,-0.0921958,-3.01759,0
4.53384,-0.0790544,-3.01897,0
4.53393,-0.0659028,-3.02028,0
4.53402,-0.0526539,-3.01654,0
4.5341,-0.0395175,-3.01874,0
4.53419,-0.0263193,-3.01589,0
4.53428,-0.0132034,-3.02597,0
4.53437,-3.64163e-08,-3.023,0
4.53445,0.013199,-3.02497,0
4.53454,0.0264414,-3.02988,0
4.53463,0.0390331,-2.98174,0
4.53471,0.0520954,-2.98455,0
4.5348,0.0655755,-3.00528,0
4.53489,0.0782167,-2.98698,0
4.53498,0.091646,-2.9996,0
4.53506,0.104524,-2.99318,0
4.53515,0.117897,-3.00068,0
4.53524,0.130291,-2.98416,0
4.53533,0.143694,-2.99155,0
4.53541,0.156851,-2.99289,0
4.5355,0.169965,-2.99318,0
4.53559,0.183573,-3.00139,0
4.53567,0.196536,-2.99857,0
4.53576,0.209479,-2.99568,0
4.53585,0.222992,-3.00073,0
4.53594,0.235848,-2.99673,0
4.53602,0.24859,-2.99169,0
4.53611,0.262252,-2.99755,0
4.5362,0.274962,-2.99239,0
4.53629,0.288975,-3.00112,0
4.53637,0.301265,-2.99187,0
4.53646,0.315258,-2.99948,0
4.53655,0.328778,-3.00205,0
4.53663,0.341987,-3.00158,0
4.53672,0.355198,-3.00105,0
4.53681,0.368411,-3.00047,0
4.5369,0.379733,-2.98494,0
4.53698,0.395103,-3.0011,0
4.53707,0.407924,-2.99737,0
4.53716,0.421694,-3.00051,0
4.53724,0.434639,-2.99765,0
4.53733,0.448306,-2.99969,0
4.53742,0.460782,-2.99375,0
4.53751,0.475717,-3.00356,0
4.53759,0.488175,-2.99751,0
4.53768,0.503725,-3.01014,0
4.53777,0.516347,-3.00496,0
4.53786,0.528759,-2.99874,0
4.53794,0.543084,-3.00329,0
4.53803,0.556912,-3.00483,0
4.53812,0.569831,-3.00139,0
4.5382,0.583494,-3.00182,0
4.53829,0.596586,-2.99924,0
4.53838,0.609069,-2.99367,0
4.53847,0.623144,-2.99588,0
4.53855,0.637665,-2.99998,0
4.53864,0.650749,-2.99717,0
4.53873,0.665985,-3.00406,0
4.53882,0.679969,-3.00503,0
4.5389,0.693524,-3.00398,0
4.53899,0.707771,-3.0058,0
4.53908,0.72158,-3.0056,0
4.53916,0.734449,-3.00145,0
4.53925,0.748022,-3.00015,0
4.53934,0.762091,-3.00074,0
4.53943,0.779183,-3.01288,0
4.53951,0.791303,-3.00558,0
4.5396,0.80648,-3.00982,0
4.53969,0.821183,-3.01207,0
4.53978,0.834318,-3.00845,0
4.53986,0.846894,-3.00286,0
4.53995,0.861918,-3.00587,0
4.54004,0.873346,-2.99632,0
4.54012,0.892376,-3.01261,0
4.54021,0.904936,-3.00677,0
4.5403,0.927695,-3.03436,0
4.54039,0.940333,-3.02837,0
4.54047,0.955342,-3.02996,0
4.54056,0.969164,-3.02767,0
4.54065,0.983292,-3.02626,0
4.54074,0.998053,-3.02669,0
4.54082,1.01442,-3.03179,0
4.54091,1.02732,-3.02639,0
4.541,1.04084,-3.02282,0
4.54108,1.05798,-3.02958,0
4.54117,1.07052,-3.02305,0
4.54126,1.08978,-3.03529,0
4.54135,1.09891,-3.01923,0
4.54143,1.119,-3.03317,0
4.54152,1.12767,-3.01608,0
4.54161,1.14365,-3.01862,0
4.5417,1.16111,-3.0248,0
4.54178,1.17647,-3.0253,0
4.54187,1.19443,-3.03223,0
4.54196,1.20987,-3.03256,0
4.54204,1.22384,-3.02911,0
4.54213,1.23856,-3.02744,0
4.54222,1.25061,-3.01924,0
4.54231,1.26841,-3.02482,0
4.54239,1.28511,-3.02754,0
4.54248,1.29594,-3.01639,0
4.54257,1.31547,-3.02538,0
4.54266,1.33229,-3.02785,0
4.54274,1.34996,-3.03206,0
4.54283,1.36071,-3.02067,0
4.54292,1.38342,-3.03563,0
4.543,1.39497,-3.02593,0
4.54309,1.41408,-3.03251,0
4.54318,1.42602,-3.02359,0
4.54327,1.44436,-3.02817,0
4.54335,1.45974,-3.02635,0
4.54344,1.47906,-3.03253,0
4.54353,1.49361,-3.02874,0
4.54362,1.5144,-3.03741,0
4.5437,1.53078,-3.03702,0
4.54379,1.54811,-3.03833,0
4.54388,1.56181,-3.03244,0
4.54396,1.5778,-3.03092,0
4.54405,1.59287,-3.02754,0
4.54414,1.61217,-3.03204,0
4.54423,1.62443,-3.02322,0
4.54431,1.64572,-3.03104,0
4.5444,1.65701,-3.02032,0
4.54449,1.6789,-3.02881,0
4.54458,1.69258,-3.02233,0
4.54466,1.71511,-3.03145,0
4.54475,1.73279,-3.03175,0
4.54484,1.7485,-3.02849,0
4.54492,1.76522,-3.02688,0
4.54501,1.78197,-3.02518,0
4.5451,1.80486,-3.0337,0
4.54519,1.8186,-3.02666,0
4.54527,1.84268,-3.03665,0
4.54536,1.85644,-3.02943,0
4.54545,1.87385,-3.0281,0
4.54554,1.89234,-3.02838,0
4.54562,1.91087,-3.02855,0
4.54571,1.93213,-3.03284,0
4.5458,1.95346,-3.03699,0
4.54588,1.96724,-3.02928,0
4.54597,1.98153,-3.02234,0
4.54606,1.99415,-3.01283,0
4.54615,1.9895,-2.97749,0
4.54623,1.99073,-2.95137,0
4.54632,1.98839,-2.92034,0
4.54641,1.98922,-2.89433,0
4.5465,1.98245,-2.85769,0
4.54658,1.99031,-2.84246,0
4.54667,1.98884,-2.81415,0
4.54676,1.99007,-2.78997,0
4.54684,1.98586,-2.75854,0
4.54693,1.98789,-2.7361,0
4.54702,1.98503,-2.70723,0
4.54711,1.98909,-2.6881,0
4.54719,1.98345,-2.65616,0
4.54728,1.98719,-2.63709,0
4.54737,1.98597,-2.61168,0
4.54746,1.98882,-2.59189,0
4.54754,1.98175,-2.55946,0
4.54763,1.98428,-2.53976,0
4.54772,1.98234,-2.51458,0
4.5478,1.98333,-2.49339,0
4.54789,1.98105,-2.46833,0
4.54798,1.97984,-2.4449,0
4.54807,1.97784,-2.42075,0
4.54815,1.98138,-2.40361,0
4.54824,1.9797,-2.38033,0
4.54833,1.98043,-2.36018,0
4.54842,1.97585,-2.33397,0
4.5485,1.97692,-2.31468,0
4.54859,1.97786,-2.29542,0
4.54868,1.97736,-2.27469,0
4.54876,1.97804,-2.25552,0
4.54885,1.98123,-2.23938,0
4.54894,1.97967,-2.21803,0
4.54903,1.98063,-2.19971,0
4.54911,1.9734,-2.17254,0
4.5492,1.98015,-2.16096,0
4.54929,1.97327,-2.13468,0
4.54937,1.98052,-2.12385,0
4.54946,1.97812,-2.10281,0
4.54955,1.9804,-2.0869,0
4.54964,1.97842,-2.06668,0
4.54972,1.98186,-2.05228,0
4.54981,1.98033,-2.03287,0
4.5499,1.98007,-2.01493,0
4.54999,1.9811,-1.99846,0
4.55007,1.97848,-1.97848,0
4.55016,1.97432,-1.95716,0
4.55025,1.97285,-1.93872,0
4.55033,1.98344,-1.93218,0
4.55042,1.97962,-1.9117,0
4.55051,1.97783,-1.89336,0
4.5506,1.97374,-1.87301,0
4.55068,1.97826,-1.86096,0
4.55077,1.97466,-1.8414,0
4.55086,1.96872,-1.81986,0
4.55095,1.97517,-1.80991,0
4.55103,1.96972,-1.78917,0
4.55112,1.97379,-1.77721,0
4.55121,1.97108,-1.75926,0
4.55129,1.972,-1.74468,0
4.55138,1.97659,-1.73342,0
4.55147,1.9796,-1.72084,0
4.55156,1.97497,-1.70174,0
4.55164,1.9763,-1.68792,0
4.55173,1.96761,-1.66571,0
4.55182,1.97563,-1.65775,0
4.55191,1.96977,-1.63824,0
4.55199,1.97845,-1.6309,0
4.55208,1.97702,-1.6153,0
4.55217,1.9755,-1.59973,0
4.55225,1.96921,-1.58046,0
4.55234,1.96904,-1.56625,0
4.55243,1.97507,-1.55702,0
4.55252,1.97712,-1.54469,0
4.5526,1.9791,-1.53238,0
4.55269,1.981,-1.52008,0
4.55278,1.97329,-1.50052,0
4.55287,1.97183,-1.48588,0
4.55295,1.97349,-1.47367,0
4.55304,1.97025,-1.45791,0
4.55313,1.98305,-1.45403,0
4.55321,1.97805,-1.43713,0
4.5533,1.98268,-1.42732,0
4.55339,1.97586,-1.40937,0
4.55348,1.98117,-1.40015,0
4.55356,1.97907,-1.38576,0
4.55365,1.97277,-1.36856,0
4.55374,1.97873,-1.35994,0
4.55383,1.97886,-1.34736,0
4.55391,1.98969,-1.34206,0
4.554,1.99137,-1.33059,0
4.55409,1.98548,-1.31416,0
4.55417,1.97364,-1.29397,0
4.55426,1.98178,-1.28698,0
4.55435,1.97896,-1.27291,0
4.55444,1.97269,-1.25674,0
4.55452,1.979,-1.24866,0
4.55461,1.97765,-1.23577,0
4.5547,1.97707,-1.22345,0
4.55479,1.97557,-1.21063,0
4.55487,1.97741,-1.19992,0
4.55496,1.97406,-1.18613,0
4.55505,1.97406,-1.17444,0
4.55513,1.9783,-1.16531,0
4.55522,1.96609,-1.14659,0
4.55531,1.96934,-1.137,0
4.5554,1.97342,-1.1279,0
4.55548,1.98093,-1.12076,0
4.55557,1.97359,-1.10526,0
4.55566,1.98014,-1.09761,0
4.55575,1.97176,-1.08174,0
4.55583,1.98085,-1.07552,0
4.55592,1.98024,-1.06402,0
4.55601,1.97869,-1.05209,0
4.55609,1.96733,-1.03506,0
4.55618,1.97981,-1.03062,0
4.55627,1.97629,-1.01785,0
4.55636,1.97358,-1.00559,0
4.55644,1.97438,-0.995168,0
4.55653,1.9787,-0.986543,0
4.55662,1.97402,-0.973477,0
4.55671,1.97016,-0.96091,0
4.55679,1.97073,-0.950566,0
4.55688,1.98298,-0.945833,0
4.55697,1.98709,-0.937172,0
4.55705,1.9821,-0.924266,0
4.55714,1.98066,-0.913097,0
4.55723,1.98372,-0.904031,0
4.55732,1.98491,-0.894135,0
4.5574,1.97874,-0.880992,0
4.55749,1.98348,-0.872752,0
4.55758,1.98452,-0.862893,0
4.55767,1.98643,-0.853436,0
4.55775,1.98185,-0.841244,0
4.55784,1.9772,-0.829108,0
4.55793,1.98172,-0.820856,0
4.55801,1.98158,-0.810687,0
4.5581,1.98881,-0.803531,0
4.55819,1.98208,-0.79077,0
4.55828,1.97435,-0.777716,0
4.55836,1.97679,-0.768731,0
4.55845,1.98199,-0.760815,0
4.55854,1.98529,-0.75216,0
4.55863,1.98574,-0.74244,0
4.55871,1.9824,-0.731345,0
4.5588,1.97993,-0.720637,0
4.55889,1.97553,-0.709287,0
4.55897,1.9786,-0.700661,0
4.55906,1.98259,-0.69235,0
4.55915,1.98653,-0.684019,0
4.55924,1.98477,-0.673737,0
4.55932,1.98579,-0.664436,0
4.55941,1.98297,-0.653886,0
4.5595,1.98105,-0.643682,0
4.55959,1.98194,-0.634423,0
4.55967,1.98278,-0.625167,0
4.55976,1.98262,-0.61562,0
4.55985,1.97573,-0.60404,0
4.55993,1.96781,-0.592243,0
4.56002,1.97613,-0.585356,0
4.56011,1.9873,-0.579246,0
4.5602,1.97539,-0.566435,0
4.56028,1.97881,-0.558082,0
4.56037,1.97544,-0.547839,0
4.56046,1.97588,-0.538688,0
4.56055,1.98305,-0.531356,0
4.56063,1.97761,-0.520661,0
4.56072,1.97502,-0.510775,0
4.56081,1.9782,-0.502399,0
4.56089,1.97261,-0.491827,0
4.56098,1.97085,-0.482265,0
4.56107,1.97099,-0.473194,0
4.56116,1.97888,-0.465964,0
4.56124,1.97018,-0.454851,0
4.56133,1.97702,-0.447354,0
4.56142,1.96821,-0.436342,0
4.56151,1.96228,-0.426053,0
4.56159,1.96314,-0.417279,0
4.56168,1.94536,-0.404636,0
4.56177,1.95103,-0.396942,0
4.56185,1.9292,-0.383743,0
4.56194,1.78852,-0.347654,0
4.56203,1.70062,-0.322873,0
4.56212,1.69611,-0.314356,0
4.5622,1.69157,-0.305885,0
4.56229,1.70175,-0.300064,0
4.56238,1.69516,-0.291281,0
4.56246,1.70036,-0.284542,0
4.56255,1.6927,-0.275674,0
4.56264,1.6929,-0.268129,0
4.56273,1.68713,-0.259675,0
4.56281,1.69023,-0.252606,0
4.5629,1.69329,-0.245516,0
4.56299,1.68643,-0.237012,0
4.56308,1.68844,-0.229786,0
4.56316,1.68843,-0.222286,0
4.56325,1.69236,-0.215295,0
4.56334,1.68832,-0.2073,0
4.56342,1.69219,-0.200284,0
4.56351,1.67417,-0.190747,0
4.5636,1.672,-0.183114,0
4.56369,1.66881,-0.175399,0
4.56377,1.66856,-0.168015,0
4.56386,1.66331,-0.160158,0
4.56395,1.661,-0.152625,0
4.56404,1.65468,-0.144766,0
4.56412,1.6543,-0.137462,0
4.56421,1.6509,-0.129928,0
4.5643,1.65843,-0.123242,0
4.56438,1.64498,-0.115028,0
4.56447,1.64747,-0.107981,0
4.56456,1.64592,-0.100669,0
4.56465,1.65034,-0.0937132,0
4.56473,1.64374,-0.086145,0
4.56482,1.65309,-0.0794038,0
4.56491,1.65942,-0.0724518,0
4.565,1.66472,-0.0654069,0
4.56508,1.66199,-0.0580379,0
4.56517,1.65923,-0.050694,0
4.56526,1.66543,-0.0436108,0
4.56534,1.6596,-0.0362127,0
4.56543,1.67075,-0.029163,0
4.56552,1.68986,-0.0221215,0
4.56561,1.69294,-0.0147741,0
4.56569,1.68898,-0.00736967,0
4.56578,1.7,-4.11645e-08,0
4.56587,1.69398,0.0073914,0
4.56596,1.69094,0.0147565,0
4.56604,1.68386,0.0220428,0
4.56613,1.67574,0.0292502,0
4.56622,1.6776,0.0366053,0
4.5663,1.69142,0.0442914,0
4.56639,1.69021,0.0516406,0
4.56648,1.67998,0.058666,0
4.56657,1.6867,0.0662705,0
4.56665,1.6844,0.0735422,0
4.56674,1.69005,0.081179,0
4.56683,1.6787,0.0879767,0
4.56692,1.69128,0.0960375,0
4.567,1.75672,0.107445,0
4.56709,1.93984,0.127144,0
4.56718,1.94625,0.136095,0
4.56726,1.96259,0.145845,0
4.56735,1.9729,0.155271,0
4.56744,1.96423,0.163215,0
4.56753,1.97047,0.172394,0
4.56761,1.97866,0.181814,0
4.5677,1.97088,0.189775,0
4.56779,1.97402,0.198773,0
4.56788,1.97114,0.207175,0
4.56796,1.98016,0.216863,0
4.56805,1.9782,0.225388,0
4.56814,1.9921,0.23578,0
4.56822,1.98013,0.243129,0
4.56831,1.98004,0.251893,0
4.5684,1.97694,0.260269,0
4.56849,1.98173,0.269702,0
4.56857,1.98054,0.278346,0
4.56866,1.9892,0.28842,0
4.56875,1.98594,0.296801,0
4.56884,1.9787,0.304551,0
4.56892,1.98032,0.313651,0
4.56901,1.97597,0.321807,0
4.5691,1.98342,0.331911,0
4.56918,1.979,0.340054,0
4.56927,1.98636,0.350248,0
4.56936,1.97497,0.357133,0
4.56945,1.98912,0.368662,0
4.56953,1.97767,0.375473,0
4.56962,1.98583,0.386007,0
4.56971,1.98413,0.394668,0
4.5698,1.99121,0.405116,0
4.56988,1.99823,0.415633,0
4.56997,1.98955,0.422892,0
4.57006,1.98769,0.431569,0
4.57014,1.98774,0.440671,0
4.57023,1.99067,0.450443,0
4.57032,1.99356,0.46025,0
4.57041,1.99543,0.469861,0
4.57049,1.98947,0.477629,0
4.57058,1.98445,0.485592,0
4.57067,1.98425,0.49473,0
4.57076,1.98208,0.503383,0
4.57084,1.9847,0.513279,0
4.57093,1.98244,0.521934,0
4.57102,1.98208,0.531097,0
4.5711,1.98746,0.541844,0
4.57119,1.98219,0.549709,0
4.57128,1.98651,0.560253,0
4.57137,1.98501,0.569191,0
4.57145,1.99306,0.580925,0
4.57154,1.98667,0.58848,0
4.57163,1.986,0.597719,0
4.57172,1.98433,0.606671,0
4.5718,1.9874,0.617103,0
4.57189,1.98755,0.626671,0
4.57198,1.9867,0.635947,0
4.57206,1.98105,0.643682,0
4.57215,1.98582,0.654826,0
4.57224,1.98769,0.66507,0
4.57233,1.98477,0.673737,0
4.57241,1.97992,0.68174,0
4.5725,1.98164,0.692021,0
4.57259,1.99086,0.705,0
4.57268,1.98118,0.711315,0
4.57276,1.99591,0.726451,0
4.57285,1.99178,0.734806,0
4.57294,1.98949,0.74384,0
4.57302,1.98529,0.75216,0
4.57311,1.98573,0.762249,0
4.5732,1.99822,0.777067,0
4.57329,1.99016,0.783946,0
4.57337,1.9923,0.794846,0
4.57346,1.98974,0.803906,0
4.57355,1.99361,0.815609,0
4.57364,1.99188,0.825065,0
4.57372,1.98181,0.831042,0
4.57381,1.99289,0.845933,0
4.5739,1.99378,0.856594,0
4.57398,1.99094,0.865684,0
4.57407,1.98531,0.873558,0
4.57416,1.99701,0.889126,0
4.57425,1.9922,0.897421,0
4.57433,1.98918,0.906519,0
4.57442,1.99792,0.921051,0
4.57451,1.9975,0.931451,0
4.5746,1.99794,0.94229,0
4.57468,1.99742,0.952721,0
4.57477,2.00135,0.965337,0
4.57486,1.99083,0.970992,0
4.57494,1.99823,0.985419,0
4.57503,1.99481,0.994575,0
4.57512,1.9967,1.00642,0
4.57521,1.98962,1.01376,0
4.57529,1.9994,1.02976,0
4.57538,1.98868,1.03524,0
4.57547,2.00007,1.05229,0
4.57555,1.99281,1.0596,0
4.57564,1.98905,1.06876,0
4.57573,1.99316,1.0822,0
4.57582,2.00069,1.09762,0
4.5759,2.00113,1.10924,0
4.57599,1.99016,1.11454,0
4.57608,1.99573,1.12913,0
4.57617,1.99338,1.13931,0
4.57625,1.99965,1.1545,0
4.57634,1.99287,1.16221,0
4.57643,1.99639,1.17597,0
4.57651,1.99554,1.18722,0
4.5766,1.9972,1.20004,0
4.57669,1.99451,1.2103,0
4.57678,1.99177,1.22056,0
4.57686,1.99578,1.23502,0
4.57695,1.99122,1.24425,0
4.57704,1.99253,1.2572,0
4.57713,1.98197,1.26265,0
4.57721,1.98485,1.2767,0
4.5773,1.991,1.29297,0
4.57739,1.99956,1.31097,0
4.57747,1.98965,1.31692,0
4.57756,1.99636,1.33392,0
4.57765,2.00047,1.34933,0
4.57774,1.99373,1.35749,0
4.57782,1.98779,1.36617,0
4.57791,1.9966,1.38509,0
4.578,1.99382,1.39609,0
4.57809,1.99179,1.40766,0
4.57817,1.99051,1.41982,0
4.57826,1.98673,1.43024,0
4.57835,1.99261,1.44772,0
4.57843,1.99192,1.46053,0
4.57852,1.99437,1.47576,0
4.57861,1.98951,1.48564,0
4.5787,1.9886,1.49852,0
4.57878,1.98125,1.50658,0
4.57887,1.99687,1.53225,0
4.57896,1.98858,1.53973,0
4.57905,1.99682,1.56009,0
4.57913,1.98764,1.56693,0
4.57922,2.00269,1.59301,0
4.57931,1.99338,1.59986,0
4.57939,1.99338,1.61421,0
4.57948,1.99484,1.62985,0
4.57957,1.99774,1.64681,0
4.57966,1.9913,1.65615,0
4.57974,1.99401,1.67318,0
4.57983,1.99509,1.68897,0
4.57992,1.99074,1.70025,0
4.58001,2.00224,1.72524,0
4.58009,1.99772,1.73659,0
4.58018,1.99613,1.75056,0
4.58027,1.98773,1.75859,0
4.58035,1.98824,1.77457,0
4.58044,1.99683,1.79795,0
4.58053,1.99341,1.81068,0
4.58062,2.00097,1.83355,0
4.5807,1.99515,1.8443,0
4.58079,2.00245,1.86731,0
4.58088,1.99209,1.87398,0
4.58097,2.00348,1.90124,0
4.58105,1.99589,1.91065,0
4.58114,1.99833,1.92976,0
4.58123,2.00063,1.94893,0
4.58131,1.99425,1.95974,0
4.5814,2.00414,1.98673,0
4.58149,1.99263,1.99263,0
4.58158,2.00151,2.01906,0
4.58166,1.99549,2.03062,0
4.58175,1.99847,2.05149,0
4.58184,1.99992,2.07098,0
4.58193,1.99156,2.08041,0
4.58201,2.00036,2.10794,0
4.5821,2.0021,2.1283,0
4.58219,2.04668,2.19479,0
4.58227,2.25362,2.43795,0
4.58236,2.26931,2.47651,0
4.58245,2.27327,2.50268,0
4.58254,2.27237,2.52372,0
4.58262,2.27465,2.54853,0
4.58271,2.27345,2.56967,0
4.5828,2.26551,2.58332,0
4.58289,2.25291,2.59167,0
4.58297,2.23505,2.5939,0
4.58306,2.21332,2.59146,0
4.58315,2.18713,2.58354,0
4.58323,2.17069,2.58693,0
4.58332,2.15619,2.59253,0
4.58341,2.1315,2.58571,0
4.5835,2.10817,2.58028,0
4.58358,2.08997,2.5809,0
4.58367,2.07932,2.59078,0
4.58376,2.05554,2.58417,0
4.58385,2.03496,2.58134,0
4.58393,2.01383,2.57758,0
4.58402,2.00256,2.58635,0
4.58411,1.97421,2.57284,0
4.58419,1.96418,2.58303,0
4.58428,1.94446,2.58039,0
4.58437,1.9284,2.58244,0
4.58446,1.907,2.57717,0
4.58454,1.89988,2.59111,0
4.58463,1.87974,2.58724,0
4.58472,1.86084,2.58486,0
4.58481,1.84664,2.58889,0
4.58489,1.82724,2.58549,0
4.58498,1.81365,2.59016,0
4.58507,1.80233,2.59805,0
4.58515,1.79721,2.61495,0
4.58524,1.79535,2.63682,0
4.58533,1.62893,2.41499,0
4.58542,1.61393,2.41542,0
4.5855,1.64091,2.47914,0
4.58559,1.75235,2.67277,0
4.58568,1.59307,2.45311,0
4.58577,1.47578,2.29435,0
4.58585,1.46414,2.29824,0
4.58594,1.4461,2.29192,0
4.58603,1.43608,2.29821,0
4.58611,1.41815,2.2917,0
4.5862,1.41388,2.30724,0
4.58629,1.39913,2.3057,0
4.58638,1.38854,2.31092,0
4.58646,1.37947,2.31868,0
4.58655,1.35614,2.30227,0
4.58664,1.83021,3.13831,0
4.58673,1.8325,3.17398,0
4.58681,1.83104,3.20365,0
4.5869,1.83083,3.23598,0
4.58699,1.83428,3.27535,0
4.58707,1.83258,3.30606,0
4.58716,1.8268,3.32981,0
4.58725,1.83468,3.37905,0
4.58734,1.83553,3.41609,0
4.58742,1.83,3.44173,0
4.58751,1.83825,3.49393,0
4.5876,1.83591,3.52676,0
4.58768,1.8315,3.55607,0
4.58777,1.83548,3.60234,0
4.58786,1.83145,3.63353,0
4.58795,1.82673,3.66386,0
4.58803,1.8324,3.71574,0
4.58812,1.83195,3.75606,0
4.58821,1.83988,3.81446,0
4.5883,1.83914,3.85584,0
4.58838,1.83467,3.89006,0
4.58847,1.81472,3.89169,0
4.58856,1.79103,3.88504,0
4.58864,1.77489,3.89463,0
4.58873,1.75213,3.88958,0
4.58882,1.73555,3.8981,0
4.58891,1.71691,3.90197,0
4.58899,1.69947,3.90851,0
4.58908,1.67332,3.89476,0
4.58917,1.6567,3.90294,0
4.58926,1.63308,3.89445,0
4.58934,1.61454,3.89785,0
4.58943,1.59563,3.90023,0
4.58952,1.57672,3.90252,0
4.5896,1.55264,3.89171,0
4.58969,1.53527,3.89752,0
4.58978,1.51717,3.90138,0
4.58987,1.49726,3.9005,0
4.58995,1.47952,3.90512,0
4.59004,1.45721,3.89749,0
4.59013,1.43777,3.89725,0
4.59022,1.41562,3.88939,0
4.5903,1.40168,3.904,0
4.59039,1.38129,3.90065,0
4.59048,1.36393,3.9057,0
4.59056,1.34688,3.91161,0
4.59065,1.32594,3.90609,0
4.59074,1.30222,3.89192,0
4.59083,1.28742,3.90421,0
4.59091,1.2679,3.90218,0
4.591,1.24659,3.89435,0
4.59109,1.23259,3.90929,0
4.59118,1.21256,3.90508,0
4.59126,1.19346,3.90364,0
4.59135,1.17526,3.90498,0
4.59144,1.15452,3.8976,0
4.59152,1.13611,3.8978,0
4.59161,1.12074,3.90849,0
4.5917,1.09933,3.89794,0
4.59179,0.641372,2.31271,0
4.59187,1.06212,3.89581,0
4.59196,1.04718,3.90814,0
4.59205,0.604171,2.2948,0
4.59214,1.01103,3.90938,0
4.59222,0.990521,3.90019,0
4.59231,0.583758,2.34132,0
4.5924,0.571159,2.33414,0
4.59248,0.557001,2.32007,0
4.59257,0.539996,2.29328,0
4.59266,0.530435,2.29756,0
4.59275,0.525481,2.32229,0
4.59283,0.507984,2.29137,0
4.59292,0.495223,2.28086,0
4.59301,0.491087,2.31038,0
4.5931,0.485278,2.33307,0
4.59318,0.474695,2.3332,0
4.59327,0.463535,2.33035,0
4.59336,0.452027,2.32547,0
4.59344,0.442435,2.33037,0
4.59353,0.425702,2.29688,0
4.59362,0.70608,3.90467,0
4.59371,0.405642,2.30051,0
4.59379,0.397971,2.31606,0
4.59388,0.388027,2.31876,0
4.59397,0.374048,2.29674,0
4.59406,0.619011,3.90828,0
4.59414,0.600127,3.89909,0
4.59423,0.584586,3.91156,0
4.59432,0.332042,2.29005,0
4.5944,0.327196,2.32812,0
4.59449,0.317035,2.32953,0
4.59458,0.304909,2.31602,0
4.59467,0.293791,2.30939,0
4.59475,0.281031,2.28881,0
4.59484,0.270219,2.28306,0
4.59493,0.265009,2.32595,0
4.59502,0.251918,2.30025,0
4.5951,0.243865,2.32022,0
4.59519,0.234039,2.32425,0
4.59528,0.223992,2.32624,0
4.59536,0.213839,2.3272,0
4.59545,0.197931,2.26236,0
4.59554,0.187809,2.26021,0
4.59563,0.174964,2.22313,0
4.59571,0.0496527,0.668158,0
4.5958,0.0458998,0.656397,0
4.59589,0.0425775,0.649606,0
4.59598,0.0391932,0.640803,0
4.59606,0.0359433,0.63298,0
4.59615,0.033181,0.633131,0
4.59624,0.0302262,0.629274,0
4.59632,0.028309,0.648382,0
4.59641,0.0253226,0.644503,0
4.5965,0.0223357,0.63961,0
4.59659,0.0184758,0.604718,0
4.59667,0.0160727,0.61379,0
4.59676,0.0135907,0.622852,0
4.59685,0.0109078,0.624905,0
4.59694,0.00790614,0.603948,0
4.59702,0.00524467,0.600977,0
4.59711,0.00261801,0.599994,0
4.5972,2.2266e-08,0.612,0
4.59728,-0.00272268,0.623994,0
4.59737,-0.00541916,0.620976,0
4.59746,-0.00814171,0.621947,0
4.59755,-0.0108903,0.623905,0
4.59763,-0.0132852,0.608855,0
4.59772,-0.0157585,0.601794,0
4.59781,-0.0180788,0.591724,0
4.5979,-0.0210095,0.601633,0
4.59798,-0.0238307,0.606532,0
4.59807,-0.0265206,0.607421,0
4.59816,-0.0296025,0.616289,0
4.59824,-0.0320296,0.611161,0
4.59833,-0.0346393,0.610017,0
4.59842,-0.0351639,0.574926,0
4.59851,-0.0409423,0.62466,0
4.59859,-0.0426909,0.610509,0
4.59868,-0.0439463,0.591369,0
4.59877,-0.0473108,0.601141,0
4.59886,-0.0506786,0.609898,0
4.59894,-0.0516833,0.590743,0
4.59903,-0.058378,0.635324,0
4.59912,-0.060287,0.626104,0
4.5992,-0.0587102,0.583052,0
4.59929,-0.0666891,0.634505,0
4.59938,-0.0714166,0.652101,0
4.59947,-0.0712048,0.624957,0
4.59955,-0.0729907,0.616696,0
4.59964,-0.0790932,0.644162,0
4.59973,-0.0781171,0.614051,0
4.59982,-0.0858862,0.652371,0
4.5999,-0.0859,0.631182,0
4.59999,-0.0918542,0.653577,0
4.60008,-0.09614,0.663066,0
4.60016,-0.0972586,0.650772,0
4.60025,-0.100249,0.65133,0
4.60034,-0.104498,0.659776,0
4.60043,-0.105608,0.648457,0
4.60051,-0.111572,0.666729,0
4.6006,-0.11194,0.651453,0
4.60069,-0.114087,0.647019,0
4.60077,-0.123671,0.683908,0
4.60086,-0.12556,0.677463,0
4.60095,-0.130567,0.687715,0
4.60104,-0.13433,0.691066,0
4.60112,-0.131686,0.66203,0
4.60121,-0.137165,0.674188,0
4.6013,-0.146826,0.705892,0
4.60139,-0.155102,0.729698,0
4.60147,-0.159345,0.733901,0
4.60156,-0.167741,0.756629,0
4.60165,-0.172365,0.761742,0
4.60173,-0.175012,0.75806,0
4.60182,-0.182673,0.775783,0
4.60191,-0.186056,0.774979,0
4.602,-0.19205,0.784844,0
4.60208,-0.193296,0.775266,0
4.60217,-0.201846,0.794769,0
4.60226,-0.220084,0.851002,0
4.60235,-0.295084,1.12081,0
4.60243,-0.323524,1.20741,0
4.60252,-0.217001,0.79595,0
4.60261,-0.22261,0.802704,0
4.60269,-0.19978,0.708367,0
4.60278,-0.194324,0.677689,0
4.60287,-0.195041,0.669155,0
4.60296,-0.196823,0.664462,0
4.60304,-0.198855,0.660724,0
4.60313,-0.199105,0.651244,0
4.60322,-0.201055,0.647503,0
4.60331,-0.201473,0.63899,0
4.60339,-0.20121,0.628581,0
4.60348,-0.207041,0.637208,0
4.60357,-0.206062,0.624902,0
4.60365,-0.204979,0.612617,0
4.60374,-0.209579,0.617398,0
4.60383,-0.208364,0.605132,0
4.60392,-0.21265,0.608937,0
4.604,-0.212635,0.600463,0
4.60409,-0.21086,0.587294,0
4.60418,-0.217525,0.597645,0
4.60427,-0.224284,0.607948,0
4.60435,-0.231137,0.618204,0
4.60444,-0.223558,0.59007,0
4.60453,-0.235448,0.613362,0
4.60461,-0.234135,0.602077,0
4.6047,-0.239325,0.607563,0
4.60479,-0.241233,0.604655,0
4.60488,-0.245367,0.607305,0
4.60496,-0.243471,0.595123,0
4.60505,-0.257163,0.620847,0
4.60514,-0.254069,0.605886,0
4.60523,-0.257101,0.605692,0
4.60531,-0.264873,0.616509,0
4.6054,-0.264769,0.608928,0
4.60549,-0.26984,0.613259,0
4.60557,-0.27414,0.61573,0
4.60566,-0.271896,0.603586,0
4.60575,-0.269551,0.591475,0
4.60584,-0.274641,0.595742,0
4.60592,-0.284845,0.610851,0
4.60601,-0.293053,0.621361,0
4.6061,-0.294039,0.616466,0
4.60619,-0.294119,0.609773,0
4.60627,-0.298092,0.61118,0
4.60636,-0.298103,0.604492,0
4.60645,-0.294937,0.591552,0
4.60653,-0.293014,0.581329,0
4.60662,-0.300996,0.590737,0
4.60671,-0.299907,0.582306,0
4.6068,-0.299675,0.57567,0
4.60688,-0.298459,0.567277,0
4.60697,-0.301401,0.566852,0
4.60706,-0.301978,0.562008,0
4.60715,-0.30395,0.559807,0
4.60723,-0.302542,0.551461,0
4.60732,-0.301552,0.544013,0
4.60741,-0.299036,0.533968,0
4.60749,-0.301856,0.533528,0
4.60758,-0.300211,0.52526,0
4.60767,-0.3045,0.527409,0
4.60776,-0.307806,0.527803,0
4.60784,-0.311629,0.52904,0
4.60793,-0.314957,0.529394,0
4.60802,-0.305933,0.509157,0
4.60811,-0.309708,0.510382,0
4.60819,-0.309319,0.504763,0
4.60828,-0.309414,0.500007,0
4.60837,-0.305233,0.488476,0
4.60845,-0.312164,0.494751,0
4.60854,-0.311096,0.488324,0
4.60863,-0.307273,0.47771,0
4.60872,-0.310444,0.478042,0
4.6088,-0.315269,0.480865,0
4.60889,-0.310189,0.468644,0
4.60898,-0.306675,0.458971,0
4.60907,-0.306438,0.454313,0
4.60915,-0.303915,0.446359,0
4.60924,-0.308125,0.448325,0
4.60933,-0.312358,0.450263,0
4.60941,-0.313173,0.447257,0
4.6095,-0.315121,0.445886,0
4.60959,-0.312999,0.438808,0
4.60968,-0.316079,0.439062,0
4.60976,-0.307412,0.423116,0
4.60985,-0.312803,0.426609,0
4.60994,-0.315256,0.426044,0
4.61003,-0.317112,0.424664,0
4.61011,-0.311138,0.412895,0
4.6102,-0.315358,0.414717,0
4.61029,-0.311686,0.406197,0
4.61037,-0.307333,0.396926,0
4.61046,-0.305984,0.391641,0
4.61055,-0.309547,0.392658,0
4.61064,-0.3069,0.385826,0
4.61072,-0.301069,0.375124,0
4.61081,-0.29641,0.366036,0
4.6109,-0.299902,0.367062,0
4.61099,-0.300865,0.364978,0
4.61107,-0.303733,0.3652,0
4.61116,-0.300182,0.357743,0
4.61125,-0.308201,0.364062,0
4.61133,-0.304591,0.35663,0
4.61142,-0.295047,0.342419,0
4.61151,-0.295883,0.340374,0
4.6116,-0.291431,0.332313,0
4.61168,-0.291553,0.329541,0
4.61177,-0.27967,0.313344,0
4.61186,-0.364007,0.404271,0
4.61195,-0.134473,0.148044,0
4.61203,-0.118904,0.129761,0
4.61212,-0.172415,0.186518,0
4.61221,-0.157542,0.168943,0
4.61229,-0.162388,0.172624,0
4.61238,-0.238859,0.251705,0
4.61247,-0.244796,0.255717,0
4.61256,-0.139626,0.144587,0
4.61264,-0.137465,0.141111,0
4.61273,-0.125463,0.127672,0
4.61282,-0.126019,0.127123,0
4.6129,-0.109602,0.109602,0
