7200
4581
3.9968
4.01251,-0.0346482,-0.0346482,0
4.0126,-0.045761,-0.046162,0
4.01269,-0.0371482,-0.0378023,0
4.01277,-0.0307028,-0.0315173,0
4.01286,-0.0458475,-0.0474764,0
4.01295,-0.0235114,-0.0245604,0
4.01304,-0.0351061,-0.0369941,0
4.01312,-0.0548146,-0.0582697,0
4.01321,-0.0443299,-0.047538,0
4.0133,-0.0352976,-0.0381848,0
4.01338,-0.0439134,-0.047923,0
4.01347,-0.0376525,-0.0414522,0
4.01356,-0.0481774,-0.0535064,0
4.01365,-0.0472776,-0.0529701,0
4.01373,-0.0324684,-0.0366988,0
4.01382,-0.0448355,-0.0511251,0
4.01391,-0.0537968,-0.0618862,0
4.014,-0.0496097,-0.0575749,0
4.01408,-0.0571514,-0.0669157,0
4.01417,-0.0400597,-0.0473204,0
4.01426,-0.0443523,-0.0528571,0
4.01434,-0.0498762,-0.0599697,0
4.01443,-0.0451616,-0.0547853,0
4.01452,-0.0689649,-0.0844088,0
4.01461,-0.0339833,-0.0419659,0
4.01469,-0.0644701,-0.0803281,0
4.01478,-1.07197,-1.34765,0
4.01487,-1.07165,-1.35938,0
4.01496,-1.07187,-1.37193,0
4.01504,-1.07567,-1.38924,0
4.01513,-1.07629,-1.40265,0
4.01522,-1.07803,-1.41768,0
4.0153,-1.07304,-1.42397,0
4.01539,-1.0722,-1.43585,0
4.01548,-1.06711,-1.44212,0
4.01557,-1.07027,-1.45966,0
4.01565,-1.06683,-1.46837,0
4.01574,-1.06333,-1.47706,0
4.01583,-1.06849,-1.49797,0
4.01592,-1.06887,-1.51242,0
4.016,-1.07316,-1.53263,0
4.01609,-1.06703,-1.53812,0
4.01618,-1.06881,-1.55513,0
4.01626,-1.06201,-1.55977,0
4.01635,-1.07085,-1.58761,0
4.01644,-1.07003,-1.60141,0
4.01653,-1.06689,-1.6119,0
4.01661,-1.06698,-1.62741,0
4.0167,-1.07076,-1.64883,0
4.01679,-1.06572,-1.65685,0
4.01688,-1.06278,-1.66823,0
4.01696,-1.06563,-1.68892,0
4.01705,-1.07415,-1.71899,0
4.01714,-1.06979,-1.72877,0
4.01722,-1.0706,-1.74706,0
4.01731,-1.06712,-1.75855,0
4.0174,-1.07591,-1.79062,0
4.01749,-1.07065,-1.7996,0
4.01757,-1.0704,-1.81718,0
4.01766,-1.07052,-1.83565,0
4.01775,-1.071,-1.85503,0
4.01784,-1.06786,-1.86836,0
4.01792,-1.06954,-1.89041,0
4.01801,-1.07008,-1.91077,0
4.0181,-1.07385,-1.93728,0
4.01818,-1.06924,-1.94896,0
4.01827,-1.06788,-1.96679,0
4.01836,-1.06876,-1.98905,0
4.01845,-1.06993,-2.01224,0
4.01853,-1.06812,-2.03016,0
4.01862,-1.06987,-2.0552,0
4.01871,-1.07051,-2.07852,0
4.0188,-1.06642,-2.09297,0
4.01888,-1.06988,-2.12261,0
4.01897,-1.07266,-2.15142,0
4.01906,-1.07034,-2.17043,0
4.01914,-1.06963,-2.19306,0
4.01923,-1.06613,-2.21031,0
4.01932,-1.07154,-2.24653,0
4.01941,-1.06855,-2.26566,0
4.01949,-1.06922,-2.29296,0
4.01958,-1.07093,-2.32303,0
4.01967,-1.06991,-2.3477,0
4.01976,-1.06869,-2.3724,0
4.01984,-1.06931,-2.40171,0
4.01993,-1.07171,-2.43564,0
4.02002,-1.06905,-2.45864,0
4.0201,-1.07133,-2.4936,0
4.02019,-1.06904,-2.5185,0
4.02028,-1.06732,-2.54527,0
4.02037,-1.06616,-2.57393,0
4.02045,-1.06438,-2.60169,0
4.02054,-1.06576,-2.63784,0
4.02063,-1.06758,-2.6759,0
4.02072,-1.06469,-2.70286,0
4.0208,-1.06666,-2.7429,0
4.02089,-1.06794,-2.78207,0
4.02098,-1.06429,-2.80915,0
4.02106,-1.06883,-2.85872,0
4.02115,-1.06362,-2.88306,0
4.02124,-1.063,-2.92056,0
4.02133,-1.05599,-2.94117,0
4.02141,-1.04215,-2.94293,0
4.0215,-1.03028,-2.95028,0
4.02159,-1.02196,-2.96798,0
4.02167,-1.00996,-2.97525,0
4.02176,-0.999827,-2.98817,0
4.02185,-0.980829,-2.97446,0
4.02194,-0.968768,-2.98156,0
4.02202,-0.952091,-2.97433,0
4.02211,-0.938202,-2.9756,0
4.0222,-0.926692,-2.98444,0
4.02229,-0.913662,-2.98845,0
4.02237,-0.898596,-2.98571,0
4.02246,-0.888968,-3.00111,0
4.02255,-0.874745,-3.00112,0
4.02263,-0.861091,-3.00298,0
4.02272,-0.845266,-2.99709,0
4.02281,-0.833517,-3.00556,0
4.0229,-0.820394,-3.00917,0
4.02298,-0.805704,-3.00693,0
4.02307,-0.794358,-3.01718,0
4.02316,-0.780435,-3.01772,0
4.02325,-0.766521,-3.01819,0
4.02333,-0.753103,-3.02053,0
4.02342,-0.740629,-3.0267,0
4.02351,-0.726015,-3.02407,0
4.02359,-0.713042,-3.02818,0
4.02368,-0.697123,-3.01957,0
4.02377,-0.687473,-3.03819,0
4.02386,-0.671396,-3.02847,0
4.02394,-0.657963,-3.03039,0
4.02403,-0.644942,-3.03421,0
4.02412,-0.630475,-3.03112,0
4.02421,-0.616844,-3.03189,0
4.02429,-0.602439,-3.02867,0
4.02438,-0.589981,-3.03519,0
4.02447,-0.575054,-3.02889,0
4.02455,-0.563837,-3.04219,0
4.02464,-0.5486,-3.0338,0
4.02473,-0.533968,-3.02828,0
4.02482,-0.520411,-3.02861,0
4.0249,-0.508512,-3.03875,0
4.02499,-0.49364,-3.03107,0
4.02508,-0.480254,-3.0322,0
4.02517,-0.465498,-3.02439,0
4.02525,-0.453479,-3.0343,0
4.02534,-0.439661,-3.03229,0
4.02543,-0.42754,-3.0421,0
4.02551,-0.413048,-3.03502,0
4.0256,-0.399149,-3.03184,0
4.02569,-0.385033,-3.02661,0
4.02578,-0.370848,-3.02032,0
4.02586,-0.358254,-3.02687,0
4.02595,-0.345383,-3.03139,0
4.02604,-0.332479,-3.03585,0
4.02613,-0.31923,-3.03727,0
4.02621,-0.305373,-3.03266,0
4.0263,-0.29233,-3.03596,0
4.02639,-0.278256,-3.02824,0
4.02647,-0.264692,-3.02544,0
4.02656,-0.25124,-3.02358,0
4.02665,-0.23828,-3.02764,0
4.02674,-0.22529,-3.03164,0
4.02682,-0.211571,-3.02561,0
4.02691,-0.198433,-3.0275,0
4.027,-0.184672,-3.01936,0
4.02709,-0.172403,-3.03611,0
4.02717,-0.159206,-3.03783,0
4.02726,-0.14571,-3.0335,0
4.02735,-0.13221,-3.02812,0
4.02743,-0.11935,-3.03766,0
4.02752,-0.105676,-3.02616,0
4.02761,-0.0925317,-3.02859,0
4.0277,-0.0791853,-3.02396,0
4.02778,-0.0662082,-3.03428,0
4.02787,-0.0527936,-3.02454,0
4.02796,-0.0396353,-3.02774,0
4.02805,-0.0264065,-3.02588,0
4.02813,-0.0132383,-3.03397,0
4.02822,-3.65609e-08,-3.035,0
4.02831,0.0132208,-3.02997,0
4.02839,0.0264414,-3.02988,0
4.02848,0.0395175,-3.01874,0
4.02857,0.0526713,-3.01754,0
4.02866,0.0660554,-3.02728,0
4.02874,0.0795779,-3.03896,0
4.02883,0.0923484,-3.02259,0
4.02892,0.105955,-3.03415,0
4.02901,0.118879,-3.02567,0
4.02909,0.131949,-3.02212,0
4.02918,0.14547,-3.02851,0
4.02927,0.158369,-3.02185,0
4.02935,0.171892,-3.02712,0
4.02944,0.185038,-3.02535,0
4.02953,0.198629,-3.0305,0
4.02962,0.211781,-3.0286,0
4.0297,0.22529,-3.03164,0
4.02979,0.238359,-3.02864,0
4.02988,0.251985,-3.03255,0
4.02997,0.265476,-3.03441,0
4.03005,0.276884,-3.01331,0
4.03014,0.291946,-3.03198,0
4.03023,0.304471,-3.02371,0
4.03031,0.317976,-3.02534,0
4.0304,0.332044,-3.03187,0
4.03049,0.344138,-3.02046,0
4.03058,0.358724,-3.03084,0
4.03066,0.371945,-3.02925,0
4.03075,0.384654,-3.02363,0
4.03084,0.399019,-3.03085,0
4.03093,0.4117,-3.02511,0
4.03101,0.426009,-3.03121,0
4.0311,0.438944,-3.02734,0
4.03119,0.45274,-3.02936,0
4.03127,0.46641,-3.03032,0
4.03136,0.479159,-3.02529,0
4.03145,0.492354,-3.02317,0
4.03154,0.506036,-3.02395,0
4.03162,0.519226,-3.02171,0
4.03171,0.532058,-3.01745,0
4.0318,0.547888,-3.02986,0
4.03189,0.561832,-3.03137,0
4.03197,0.576732,-3.03774,0
4.03206,0.588073,-3.02537,0
4.03215,0.602049,-3.0267,0
4.03223,0.61505,-3.02307,0
4.03232,0.631289,-3.03504,0
4.03241,0.643279,-3.02639,0
4.0325,0.657963,-3.03039,0
4.03258,0.670963,-3.02652,0
4.03267,0.685486,-3.02941,0
4.03276,0.700048,-3.03224,0
4.03285,0.71373,-3.0311,0
4.03293,0.726715,-3.02699,0
4.03302,0.740154,-3.02476,0
4.03311,0.755038,-3.02829,0
4.03319,0.76726,-3.02109,0
4.03328,0.782688,-3.02643,0
4.03337,0.79614,-3.02395,0
4.03346,0.810621,-3.02528,0
4.03354,0.825392,-3.0275,0
4.03363,0.841266,-3.03351,0
4.03372,0.853137,-3.025,0
4.0338,0.868809,-3.0299,0
4.03389,0.88342,-3.03088,0
4.03398,0.893796,-3.01741,0
4.03407,0.910988,-3.02688,0
4.03415,0.925941,-3.02862,0
4.03424,0.941816,-3.03314,0
4.03433,0.954139,-3.02614,0
4.03442,0.971602,-3.03529,0
4.0345,0.978657,-3.012,0
4.03459,0.988658,-2.9982,0
4.03468,1.00681,-3.00903,0
4.03476,1.02732,-3.02639,0
4.03485,1.04475,-3.03417,0
4.03494,1.05633,-3.02486,0
4.03503,1.07252,-3.02871,0
4.03511,1.0864,-3.02588,0
4.0352,1.10096,-3.02487,0
4.03529,1.11519,-3.02285,0
4.03538,1.13397,-3.03294,0
4.03546,1.14507,-3.02236,0
4.03555,1.16147,-3.02573,0
4.03564,1.17466,-3.02064,0
4.03572,1.19406,-3.0313,0
4.03581,1.20839,-3.02885,0
4.0359,1.22384,-3.02911,0
4.03599,1.2378,-3.02559,0
4.03607,1.25444,-3.02848,0
4.03616,1.27189,-3.03312,0
4.03625,1.28551,-3.02846,0
4.03634,1.29752,-3.02007,0
4.03642,1.31906,-3.03363,0
4.03651,1.32624,-3.01412,0
4.0366,1.34467,-3.02018,0
4.03668,1.35743,-3.01337,0
4.03677,1.37346,-3.01379,0
4.03686,1.39121,-3.01776,0
4.03695,1.40478,-3.01257,0
4.03703,1.42474,-3.02088,0
4.03712,1.44867,-3.0372,0
4.03721,1.46495,-3.03715,0
4.0373,1.47687,-3.02804,0
4.03738,1.4967,-3.03502,0
4.03747,1.50993,-3.02846,0
4.03756,1.52493,-3.02541,0
4.03764,1.54221,-3.02675,0
4.03773,1.55586,-3.02088,0
4.03782,1.57918,-3.03358,0
4.03791,1.59287,-3.02754,0
4.03799,1.61263,-3.03292,0
4.03808,1.62775,-3.02938,0
4.03817,1.64715,-3.03368,0
4.03826,1.6623,-3.02997,0
4.03834,1.67793,-3.02706,0
4.03843,1.69649,-3.02931,0
4.03852,1.71265,-3.0271,0
4.0386,1.7313,-3.02915,0
4.03869,1.7505,-3.03196,0
4.03878,1.76925,-3.03379,0
4.03887,1.784,-3.02863,0
4.03895,1.80589,-3.03542,0
4.03904,1.81963,-3.02837,0
4.03913,1.84476,-3.04007,0
4.03922,1.85748,-3.03114,0
4.0393,1.87858,-3.03576,0
4.03939,1.89287,-3.02923,0
4.03948,1.90874,-3.02517,0
4.03956,1.92729,-3.02524,0
4.03965,1.95021,-3.03195,0
4.03974,1.97159,-3.03599,0
4.03983,1.98756,-3.03154,0
4.03991,2.00298,-3.02617,0
4.04,2.00783,-3.00493,0
4.04009,2.00527,-2.97293,0
4.04018,2.00077,-2.93853,0
4.04026,2.00281,-2.91411,0
4.04035,2.0024,-2.88645,0
4.04044,2.00522,-2.86376,0
4.04052,2.00096,-2.8313,0
4.04061,2.00401,-2.80951,0
4.0407,2.00164,-2.78045,0
4.04079,2.00435,-2.75875,0
4.04087,1.99685,-2.72336,0
4.04096,1.99979,-2.70257,0
4.04105,1.99781,-2.67539,0
4.04114,1.99863,-2.65227,0
4.04122,2.0011,-2.63158,0
4.04131,2.00283,-2.61013,0
4.0414,1.9995,-2.58239,0
4.04148,2.00398,-2.56498,0
4.04157,1.99101,-2.52558,0
4.04166,1.99391,-2.50669,0
4.04175,1.99357,-2.48393,0
4.04183,1.9962,-2.46511,0
4.04192,1.99112,-2.43701,0
4.04201,1.99411,-2.41904,0
4.0421,1.99121,-2.39417,0
4.04218,1.99714,-2.3801,0
4.04227,1.98942,-2.34999,0
4.04236,1.98731,-2.32684,0
4.04244,1.98896,-2.3083,0
4.04253,1.99573,-2.29583,0
4.04262,1.99057,-2.2698,0
4.04271,1.98057,-2.23863,0
4.04279,1.98433,-2.22325,0
4.04288,1.99602,-2.2168,0
4.04297,1.99895,-2.20067,0
4.04306,1.99299,-2.17497,0
4.04314,1.99567,-2.15891,0
4.04323,1.99689,-2.1414,0
4.04332,1.99251,-2.1181,0
4.0434,1.99347,-2.10068,0
4.04349,1.99156,-2.08041,0
4.04358,1.99297,-2.06379,0
4.04367,1.9901,-2.04289,0
4.04375,1.99409,-2.0292,0
4.04384,1.99307,-2.01054,0
4.04393,1.99192,-1.99192,0
4.04402,1.99278,-1.97547,0
4.0441,1.98712,-1.95273,0
4.04419,1.98272,-1.93148,0
4.04428,1.98394,-1.91587,0
4.04436,1.99372,-1.90858,0
4.04445,1.99478,-1.89298,0
4.04454,1.98627,-1.86849,0
4.04463,1.98782,-1.85367,0
4.04471,1.98781,-1.83751,0
4.0448,1.99139,-1.82477,0
4.04489,1.98601,-1.80396,0
4.04498,1.9842,-1.78658,0
4.04506,1.98227,-1.76925,0
4.04515,1.98323,-1.75462,0
4.04524,1.98862,-1.74397,0
4.04532,1.98187,-1.72281,0
4.04541,1.98103,-1.70697,0
4.0455,1.98542,-1.69571,0
4.04559,1.98211,-1.67798,0
4.04567,1.98176,-1.66289,0
4.04576,1.97515,-1.64272,0
4.04585,1.97073,-1.62454,0
4.04594,1.98012,-1.61783,0
4.04602,1.98172,-1.60477,0
4.04611,1.98793,-1.59548,0
4.0462,1.98626,-1.57994,0
4.04628,1.98135,-1.56197,0
4.04637,1.97791,-1.54531,0
4.04646,1.97751,-1.53116,0
4.04655,1.98021,-1.51947,0
4.04663,1.98045,-1.50597,0
4.04672,1.97982,-1.4919,0
4.04681,1.98791,-1.48444,0
4.04689,1.98633,-1.46981,0
4.04698,1.98869,-1.45817,0
4.04707,1.98452,-1.44184,0
4.04716,1.9843,-1.42849,0
4.04724,1.97911,-1.41169,0
4.04733,1.98362,-1.40189,0
4.04742,1.98562,-1.39035,0
4.04751,1.98921,-1.37996,0
4.04759,1.97625,-1.35824,0
4.04768,1.99208,-1.35636,0
4.04777,1.98554,-1.33927,0
4.04785,1.97807,-1.3217,0
4.04794,1.98548,-1.31416,0
4.04803,1.97865,-1.29726,0
4.04812,1.98765,-1.29079,0
4.0482,1.97728,-1.27183,0
4.04829,1.98028,-1.26158,0
4.04838,1.97816,-1.24812,0
4.04847,1.98698,-1.2416,0
4.04855,1.98727,-1.22976,0
4.04864,1.98836,-1.21847,0
4.04873,1.97827,-1.20044,0
4.04881,1.98949,-1.1954,0
4.0489,1.98867,-1.18313,0
4.04899,1.98347,-1.16835,0
4.04908,1.97818,-1.15364,0
4.04916,1.99272,-1.1505,0
4.04925,1.98904,-1.13683,0
4.04934,1.98615,-1.12371,0
4.04943,1.98231,-1.11015,0
4.04951,1.98626,-1.101,0
4.0496,1.98579,-1.08944,0
4.04969,1.98701,-1.07886,0
4.04977,1.98112,-1.0645,0
4.04986,1.9831,-1.05443,0
4.04995,1.97883,-1.04111,0
4.05004,1.97803,-1.0297,0
4.05012,1.98518,-1.02243,0
4.05021,1.98873,-1.01331,0
4.0503,1.98688,-1.00147,0
4.05039,1.98138,-0.987882,0
4.05047,1.9794,-0.976131,0
4.05056,1.98454,-0.967924,0
4.05065,1.97883,-0.954476,0
4.05073,1.98027,-0.944541,0
4.05082,1.97804,-0.932906,0
4.05091,1.98391,-0.925111,0
4.051,1.98429,-0.914772,0
4.05108,1.98372,-0.904031,0
4.05117,1.98582,-0.894546,0
4.05126,1.97874,-0.880992,0
4.05135,1.9844,-0.873155,0
4.05143,1.98085,-0.861298,0
4.05152,1.98826,-0.854226,0
4.05161,1.98277,-0.841635,0
4.05169,1.97997,-0.830269,0
4.05178,1.97803,-0.819325,0
4.05187,1.98066,-0.810308,0
4.05196,1.98881,-0.803531,0
4.05204,1.98115,-0.790399,0
4.05213,1.98179,-0.780648,0
4.05222,1.98611,-0.772355,0
4.05231,1.98292,-0.761174,0
4.05239,1.98529,-0.75216,0
4.05248,1.98762,-0.74314,0
4.05257,1.98052,-0.730653,0
4.05265,1.98933,-0.724057,0
4.05274,1.984,-0.712328,0
4.05283,1.98238,-0.701996,0
4.05292,1.97975,-0.691361,0
4.053,1.97992,-0.68174,0
4.05309,1.98098,-0.672451,0
4.05318,1.97915,-0.662215,0
4.05327,1.97917,-0.652633,0
4.05335,1.97154,-0.640592,0
4.05344,1.99051,-0.637166,0
4.05353,1.97896,-0.623965,0
4.05361,1.98262,-0.61562,0
4.0537,1.96999,-0.602286,0
4.05379,1.98313,-0.596855,0
4.05388,1.98188,-0.58706,0
4.05396,1.97962,-0.577007,0
4.05405,1.98693,-0.569742,0
4.05414,1.98458,-0.55971,0
4.05423,1.98026,-0.549175,0
4.05431,1.97492,-0.538425,0
4.0544,1.97725,-0.529803,0
4.05449,1.98051,-0.521425,0
4.05457,1.98858,-0.514281,0
4.05466,1.98498,-0.504122,0
4.05475,1.97649,-0.492795,0
4.05484,1.9796,-0.484404,0
4.05492,1.98072,-0.475528,0
4.05501,1.98569,-0.467569,0
4.0551,1.98479,-0.458225,0
4.05519,1.98287,-0.448678,0
4.05527,1.97895,-0.438723,0
4.05536,1.97596,-0.429023,0
4.05545,1.9876,-0.422477,0
4.05553,1.98257,-0.412375,0
4.05562,1.98435,-0.40372,0
4.05571,1.98707,-0.395253,0
4.0558,1.97994,-0.384862,0
4.05588,1.98062,-0.376033,0
4.05597,1.98519,-0.367934,0
4.05606,1.98579,-0.35909,0
4.05615,1.98734,-0.350422,0
4.05623,1.98688,-0.341409,0
4.05632,1.98342,-0.331911,0
4.05641,1.98485,-0.323253,0
4.05649,1.97538,-0.312869,0
4.05658,1.97672,-0.304247,0
4.05667,1.9543,-0.292071,0
4.05676,1.79622,-0.260439,0
4.05684,1.70524,-0.239656,0
4.05693,1.68943,-0.229921,0
4.05702,1.69835,-0.223591,0
4.05711,1.70228,-0.216557,0
4.05719,1.70321,-0.209128,0
4.05728,1.69815,-0.200989,0
4.05737,1.7,-0.193691,0
4.05745,1.69288,-0.1854,0
4.05754,1.69069,-0.177698,0
4.05763,1.69642,-0.170821,0
4.05772,1.69815,-0.163513,0
4.0578,1.68889,-0.155187,0
4.05789,1.69154,-0.14799,0
4.05798,1.68918,-0.14036,0
4.05807,1.69576,-0.133459,0
4.05815,1.71427,-0.127393,0
4.05824,1.78863,-0.125073,0
4.05833,1.90292,-0.124724,0
4.05841,1.93239,-0.11819,0
4.0585,1.93388,-0.109814,0
4.05859,1.94733,-0.102055,0
4.05868,1.94576,-0.0934614,0
4.05876,1.94215,-0.0847961,0
4.05885,1.9505,-0.0766352,0
4.05894,1.95581,-0.0682984,0
4.05902,1.96408,-0.0600082,0
4.05911,1.96833,-0.0515425,0
4.0592,1.97853,-0.0431717,0
4.05929,1.9727,-0.0344336,0
4.05937,1.98183,-0.0259436,0
4.05946,1.98592,-0.0173309,0
4.05955,1.97898,-0.00863504,0
4.05964,1.979,-4.79203e-08,0
4.05972,1.97898,0.00863494,0
4.05981,1.98092,0.0172872,0
4.0599,1.98383,0.0259697,0
4.05998,1.9697,0.0343812,0
4.06007,1.97853,0.0431716,0
4.06016,1.98632,0.0520135,0
4.06025,1.98607,0.06068,0
4.06033,1.98679,0.0693801,0
4.06042,1.97448,0.0775773,0
4.06051,1.97412,0.0861919,0
4.0606,1.97872,0.0950446,0
4.06068,1.98028,0.103782,0
4.06077,1.98281,0.112592,0
4.06086,1.9813,0.121181,0
4.06094,1.97077,0.129171,0
4.06103,1.97518,0.138118,0
4.06112,1.96558,0.146068,0
4.06121,1.9739,0.155349,0
4.06129,1.96423,0.163215,0
4.06138,1.96748,0.172133,0
4.06147,1.96174,0.180258,0
4.06156,1.96491,0.189199,0
4.06164,1.96606,0.197972,0
4.06173,1.95622,0.205607,0
4.06182,1.95034,0.213597,0
4.0619,1.94939,0.222105,0
4.06199,1.94939,0.230726,0
4.06208,1.92852,0.236792,0
4.06217,1.85406,0.235866,0
4.06225,1.75981,0.231684,0
4.06234,1.74392,0.237338,0
4.06243,1.71415,0.240909,0
4.06252,1.69923,0.246377,0
4.0626,1.70012,0.254084,0
4.06269,1.70394,0.262261,0
4.06278,1.70277,0.269693,0
4.06286,1.69862,0.276638,0
4.06295,1.70036,0.284542,0
4.06304,1.70304,0.292636,0
4.06313,1.70076,0.29989,0
4.06321,1.69944,0.307308,0
4.0633,1.69513,0.314174,0
4.06339,1.69866,0.3225,0
4.06348,1.7041,0.331244,0
4.06356,1.70068,0.338287,0
4.06365,1.70507,0.3469,0
4.06374,1.70256,0.354133,0
4.06382,1.70589,0.362598,0
4.06391,1.70918,0.371099,0
4.064,1.70657,0.378336,0
4.06409,1.7049,0.385779,0
4.06417,1.70612,0.393889,0
4.06426,1.71023,0.402705,0
4.06435,1.70943,0.410397,0
4.06444,1.70665,0.417614,0
4.06452,1.7116,0.42675,0
4.06461,1.70682,0.433476,0
4.0647,1.70878,0.441921,0
4.06478,1.7078,0.449627,0
4.06487,1.70389,0.456557,0
4.06496,1.69996,0.463461,0
4.06505,1.7143,0.475417,0
4.06513,1.70643,0.481264,0
4.06522,1.70336,0.488429,0
4.06531,1.71081,0.498655,0
4.0654,1.71533,0.508103,0
4.06548,1.71788,0.517024,0
4.06557,1.71657,0.524807,0
4.06566,1.71044,0.531106,0
4.06574,1.71574,0.54097,0
4.06583,1.71146,0.547841,0
4.06592,1.71571,0.557467,0
4.06601,1.71136,0.564321,0
4.06609,1.70603,0.570831,0
4.06618,1.71489,0.582127,0
4.06627,1.71612,0.590906,0
4.06636,1.72674,0.603004,0
4.06644,1.76462,0.624886,0
4.06653,1.94259,0.69746,0
4.06662,1.98463,0.722346,0
4.0667,1.99459,0.735845,0
4.06679,1.98949,0.74384,0
4.06688,1.98997,0.753931,0
4.06697,1.98759,0.762965,0
4.06705,1.98611,0.772355,0
4.06714,1.98551,0.782114,0
4.06723,1.98301,0.79114,0
4.06732,1.98603,0.802407,0
4.0674,1.99176,0.814852,0
4.06749,1.98726,0.823152,0
4.06758,1.99288,0.835682,0
4.06766,1.98829,0.843979,0
4.06775,1.9901,0.855015,0
4.06784,1.98819,0.864488,0
4.06793,1.98348,0.872752,0
4.06801,1.98239,0.882618,0
4.0681,1.98946,0.896188,0
4.06819,1.991,0.907349,0
4.06828,1.99337,0.918958,0
4.06836,1.99116,0.928492,0
4.06845,1.99342,0.940157,0
4.06854,1.9893,0.948846,0
4.06862,1.98784,0.958821,0
4.06871,1.99083,0.970992,0
4.0688,1.99106,0.981881,0
4.06889,1.98944,0.991898,0
4.06897,1.98777,1.00192,0
4.06906,1.99407,1.01603,0
4.06915,1.99584,1.02793,0
4.06924,1.99223,1.03709,0
4.06932,1.9983,1.05136,0
4.06941,1.99988,1.06335,0
4.0695,1.99786,1.07349,0
4.06958,1.98261,1.07647,0
4.06967,1.98666,1.08992,0
4.06976,1.99326,1.10488,0
4.06985,1.99191,1.11552,0
4.06993,1.98789,1.1247,0
4.07002,1.99252,1.13882,0
4.07011,1.98839,1.148,0
4.0702,1.98769,1.15918,0
4.07028,1.98606,1.16988,0
4.07037,1.99124,1.18467,0
4.07046,1.98949,1.1954,0
4.07054,1.98511,1.20459,0
4.07063,1.9875,1.21794,0
4.07072,1.98557,1.22871,0
4.07081,1.99206,1.24478,0
4.07089,1.98915,1.25506,0
4.07098,1.98619,1.26534,0
4.07107,1.99326,1.28211,0
4.07116,1.98513,1.28916,0
4.07124,1.97949,1.29781,0
4.07133,1.99299,1.31913,0
4.07142,1.98971,1.32948,0
4.0715,1.99301,1.3443,0
4.07159,1.99373,1.35749,0
4.07168,1.99191,1.369,0
4.07177,1.98592,1.37768,0
4.07185,1.99545,1.39723,0
4.07194,1.98689,1.40419,0
4.07203,1.98807,1.41808,0
4.07211,1.98754,1.43083,0
4.0722,1.99342,1.4483,0
4.07229,1.99192,1.46053,0
4.07238,1.98874,1.47159,0
4.07246,1.99753,1.49162,0
4.07255,1.99499,1.50333,0
4.07264,1.98841,1.51202,0
4.07273,1.9818,1.52069,0
4.07281,1.987,1.5385,0
4.0729,1.99761,1.5607,0
4.07299,1.99156,1.57002,0
4.07307,1.99252,1.58492,0
4.07316,1.99182,1.59861,0
4.07325,1.99649,1.61672,0
4.07334,1.99096,1.62669,0
4.07342,1.98693,1.6379,0
4.07351,1.99438,1.6587,0
4.0736,2.00167,1.6796,0
4.07369,1.99433,1.68832,0
4.07377,1.99378,1.70285,0
4.07386,1.99391,1.71806,0
4.07395,1.99696,1.73593,0
4.07403,1.99764,1.75188,0
4.07412,2.00046,1.76986,0
4.07421,2.00913,1.79322,0
4.0743,1.99386,1.79528,0
4.07438,1.99563,1.8127,0
4.07447,1.99876,1.83152,0
4.07456,1.99662,1.84566,0
4.07465,1.99367,1.85913,0
4.07473,2.00011,1.88151,0
4.07482,1.99841,1.89642,0
4.07491,1.99011,1.90512,0
4.07499,1.99185,1.92351,0
4.07508,1.98989,1.93846,0
4.07517,1.99853,1.96395,0
4.07526,1.99065,1.97335,0
4.07534,1.99192,1.99192,0
4.07543,1.99307,2.01053,0
4.07552,1.98988,2.02492,0
4.07561,1.98801,2.04074,0
4.07569,2.00409,2.0753,0
4.07578,2.06832,2.16059,0
4.07587,2.23922,2.35964,0
4.07595,2.26316,2.40581,0
4.07604,2.26764,2.43175,0
4.07613,2.25905,2.44383,0
4.07622,2.2558,2.46177,0
4.0763,2.25377,2.48121,0
4.07639,2.2456,2.49399,0
4.07648,2.22937,2.4978,0
4.07657,2.21713,2.50601,0
4.07665,2.26419,2.58182,0
4.07674,2.17287,2.4996,0
4.07683,2.16129,2.5083,0
4.07691,2.13603,2.50098,0
4.077,2.11476,2.49806,0
4.07709,2.10192,2.50497,0
4.07718,2.09097,2.51411,0
4.07726,2.06662,2.50701,0
4.07735,2.04997,2.50903,0
4.07744,2.02201,2.49697,0
4.07753,2.00421,2.49719,0
4.07761,1.99329,2.50591,0
4.0777,1.97429,2.50438,0
4.07779,1.95842,2.50666,0
4.07787,1.93461,2.49858,0
4.07796,1.92308,2.5062,0
4.07805,1.9097,2.51139,0
4.07814,1.8885,2.50612,0
4.07822,1.87036,2.50472,0
4.07831,1.84811,2.49758,0
4.0784,1.83956,2.50885,0
4.07849,1.81743,2.50148,0
4.07857,1.80767,2.51101,0
4.07866,1.78392,2.50096,0
4.07875,1.78338,2.52342,0
4.07883,1.77522,2.53528,0
4.07892,1.61423,2.3269,0
4.07901,1.595,2.32074,0
4.0791,1.61694,2.37479,0
4.07918,1.59985,2.37188,0
4.07927,1.59282,2.38382,0
4.07936,1.48195,2.23898,0
4.07945,1.45682,2.22201,0
4.07953,1.44493,2.22499,0
4.07962,1.43142,2.22539,0
4.07971,1.41793,2.22571,0
4.07979,1.41568,2.24372,0
4.07988,1.41223,2.26005,0
4.07997,1.40552,2.27129,0
4.08006,1.39246,2.27229,0
4.08014,1.38305,2.27919,0
4.08023,1.37206,2.28349,0
4.08032,1.36157,2.2886,0
4.08041,1.8114,3.07515,0
4.08049,1.81359,3.10981,0
4.08058,1.8155,3.14454,0
4.08067,1.81615,3.17761,0
4.08075,1.81064,3.2003,0
4.08084,1.8123,3.23609,0
4.08093,1.81755,3.27895,0
4.08102,1.81621,3.31052,0
4.0811,1.81034,3.33423,0
4.08119,1.81613,3.37998,0
4.08128,1.81404,3.41171,0
4.08137,1.81077,3.44172,0
4.08145,1.81467,3.48595,0
4.08154,1.81227,3.51873,0
4.08163,1.80915,3.55066,0
4.08171,1.8139,3.59871,0
4.0818,1.80532,3.6209,0
4.08189,1.80454,3.65924,0
4.08198,1.80828,3.70753,0
4.08206,1.80469,3.7415,0
4.08215,1.80427,3.78273,0
4.08224,1.0805,2.29098,0
4.08233,1.80458,3.86993,0
4.08241,1.804,3.91319,0
4.0825,1.80475,3.96015,0
4.08259,1.80265,4.00172,0
4.08267,1.01684,2.28386,0
4.08276,1.80108,4.09327,0
4.08285,1.79796,4.13502,0
4.08294,1.80003,4.18969,0
4.08302,1.79775,4.23524,0
4.08311,2.49197,5.94266,0
4.0832,0.945611,2.28291,0
4.08329,2.43168,5.94382,0
4.08337,0.93352,2.31054,0
4.08346,0.895637,2.24493,0
4.08355,0.914421,2.32139,0
4.08363,0.886161,2.27876,0
4.08372,0.866534,2.2574,0
4.08381,0.86695,2.28828,0
4.0839,0.850654,2.27518,0
4.08398,0.846256,2.29388,0
4.08407,0.830425,2.28157,0
4.08416,0.821476,2.288,0
4.08424,0.810149,2.28779,0
4.08433,0.791258,2.26581,0
4.08442,0.778759,2.26168,0
4.08451,0.777884,2.29157,0
4.08459,0.748522,2.2371,0
4.08468,0.754412,2.28783,0
4.08477,0.734224,2.25971,0
4.08486,0.723748,2.26099,0
4.08494,0.722295,2.29083,0
4.08503,0.713776,2.29873,0
4.08512,0.699061,2.28652,0
4.0852,0.687636,2.28477,0
4.08529,0.665732,2.24747,0
4.08538,0.67075,2.30124,0
4.08547,0.657671,2.29357,0
4.08555,0.6444,2.28487,0
4.08564,0.632019,2.27899,0
4.08573,0.625225,2.2933,0
4.08582,0.613142,2.28828,0
4.0859,0.602898,2.28996,0
4.08599,0.591147,2.2858,0
4.08608,0.582153,2.29223,0
4.08616,0.573113,2.29863,0
4.08625,0.56189,2.29625,0
4.08634,0.549997,2.2909,0
4.08643,0.529224,2.24753,0
4.08651,0.528185,2.28782,0
4.0866,0.514446,2.27352,0
4.08669,0.506902,2.28649,0
4.08678,0.494586,2.27793,0
4.08686,0.489008,2.3006,0
4.08695,0.471431,2.26649,0
4.08704,0.464328,2.28224,0
4.08712,0.459633,2.31073,0
4.08721,0.443631,2.28228,0
4.0873,0.435534,2.29402,0
4.08739,0.422422,2.27919,0
4.08747,0.412829,2.28297,0
4.08756,0.400954,2.27392,0
4.08765,0.389335,2.26579,0
4.08774,0.38159,2.28029,0
4.08782,0.371637,2.28194,0
4.08791,0.361364,2.28156,0
4.088,0.352622,2.29102,0
4.08808,0.33804,2.26188,0
4.08817,0.229301,1.58146,0
4.08826,0.218363,1.55373,0
4.08835,0.210637,1.54773,0
4.08843,0.20349,1.54566,0
4.08852,0.197628,1.55348,0
4.08861,0.189994,1.54738,0
4.0887,0.183358,1.54919,0
4.08878,0.17705,1.55395,0
4.08887,0.170377,1.5557,0
4.08896,0.163692,1.55742,0
4.08904,0.156494,1.55414,0
4.08913,0.148273,1.53988,0
4.08922,0.141919,1.54449,0
4.08931,0.135091,1.5441,0
4.08939,0.128187,1.54268,0
4.08948,0.122553,1.55718,0
4.08957,0.115387,1.55272,0
4.08966,0.108541,1.55221,0
4.08974,0.10131,1.54568,0
4.08983,0.0946863,1.54811,0
4.08992,0.0879873,1.5495,0
4.09,0.0811208,1.54788,0
4.09009,0.0743662,1.54821,0
4.09018,0.0676973,1.55052,0
4.09027,0.0611668,1.5568,0
4.09035,0.0542339,1.55305,0
4.09044,0.0471515,1.54328,0
4.09053,0.0406529,1.55247,0
4.09062,0.0338131,1.54963,0
4.0907,0.0268768,1.53977,0
4.09079,0.0202497,1.54687,0
4.09088,0.0134127,1.53694,0
4.09096,0.00671083,1.53799,0
4.09105,5.62107e-08,1.545,0
4.09114,-0.00678489,1.55499,0
4.09123,-0.0135435,1.55194,0
4.09131,-0.0201972,1.54287,0
4.0914,-0.0270861,1.55176,0
4.09149,-0.033813,1.54963,0
4.09158,-0.0405219,1.54747,0
4.09166,-0.0471209,1.54228,0
4.09175,-0.0540593,1.54806,0
4.09184,-0.0606171,1.54281,0
4.09192,-0.0675228,1.54653,0
4.09201,-0.0740302,1.54122,0
4.0921,-0.0813823,1.55287,0
4.09219,-0.0880438,1.5505,0
4.09227,-0.0949304,1.5521,0
4.09236,-0.100786,1.5377,0
4.09245,-0.108053,1.54523,0
4.09254,-0.11472,1.54374,0
4.09262,-0.122161,1.5522,0
4.09271,-0.12885,1.55066,0
4.0928,-0.136399,1.55904,0
4.09288,-0.144023,1.5674,0
4.09297,-0.150286,1.56078,0
4.09306,-0.156093,1.55016,0
4.09315,-0.162855,1.54947,0
4.09323,-0.170377,1.5557,0
4.09332,-0.176937,1.55295,0
4.09341,-0.184769,1.5611,0
4.0935,-0.189872,1.54639,0
4.09358,-0.197754,1.55447,0
4.09367,-0.203621,1.54665,0
4.09376,-0.21212,1.55863,0
4.09384,-0.219058,1.55868,0
4.09393,-0.224279,1.54683,0
4.09402,-0.230435,1.54188,0
4.09411,-0.237312,1.54184,0
4.09419,-0.246071,1.55363,0
4.09428,-0.250758,1.53971,0
4.09437,-0.25896,1.54748,0
4.09446,-0.265032,1.5424,0
4.09454,-0.273669,1.55206,0
4.09463,-0.278126,1.53806,0
4.09472,-0.285199,1.53879,0
4.0948,-0.288926,1.52182,0
4.09489,-0.208936,1.07488,0
4.09498,-0.192359,0.967054,0
4.09507,-0.221896,1.09066,0
4.09515,-0.180427,0.867434,0
4.09524,-0.18421,0.866639,0
4.09533,-0.219392,1.01046,0
4.09542,-0.228127,1.02902,0
4.0955,-0.213635,0.944131,0
4.09559,-0.217978,0.944165,0
4.09568,-0.218199,0.926657,0
4.09576,-0.200763,0.836238,0
4.09585,-0.297107,1.21418,0
4.09594,-0.30216,1.2119,0
4.09603,-0.303261,1.19409,0
4.09611,-0.306215,1.18404,0
4.0962,-0.310105,1.17786,0
4.09629,-0.310583,1.15911,0
4.09638,-0.308536,1.1317,0
4.09646,-0.30679,1.10625,0
4.09655,-0.303742,1.07699,0
4.09664,-0.290246,1.01221,0
4.09672,-0.271154,0.930288,0
4.09681,-0.236301,0.797738,0
4.0969,-0.225369,0.748821,0
4.09699,-0.22308,0.729661,0
4.09707,-0.227447,0.7325,0
4.09716,-0.235453,0.74676,0
4.09725,-0.254257,0.794298,0
4.09733,-0.272862,0.839783,0
4.09742,-0.272766,0.827188,0
4.09751,-0.276372,0.82599,0
4.0976,-0.278688,0.820988,0
4.09768,-0.279663,0.8122,0
4.09777,-0.279907,0.801532,0
4.09786,-0.278395,0.786163,0
4.09795,-0.280133,0.780235,0
4.09803,-0.276352,0.759272,0
4.09812,-0.275509,0.7468,0
4.09821,-0.281567,0.753084,0
4.09829,-0.284496,0.750914,0
4.09838,-0.288845,0.752466,0
4.09847,-0.2943,0.75679,0
4.09856,-0.297965,0.756429,0
4.09864,-0.304228,0.762553,0
4.09873,-0.306054,0.757509,0
4.09882,-0.308599,0.754315,0
4.09891,-0.307677,0.742799,0
4.09899,-0.308982,0.736839,0
4.09908,-0.310631,0.731801,0
4.09917,-0.313427,0.72952,0
4.09925,-0.309828,0.712556,0
4.09934,-0.312129,0.709366,0
4.09943,-0.314001,0.705257,0
4.09952,-0.311736,0.692027,0
4.0996,-0.306873,0.673371,0
4.09969,-0.311901,0.676567,0
4.09978,-0.309779,0.664324,0
4.09987,-0.312248,0.662061,0
4.09995,-0.310398,0.650764,0
4.10004,-0.308891,0.640396,0
4.10013,-0.312559,0.64084,0
4.10021,-0.312256,0.633192,0
4.1003,-0.311892,0.625559,0
4.10039,-0.311018,0.617048,0
4.10048,-0.314615,0.617468,0
4.10056,-0.31227,0.60631,0
4.10065,-0.313527,0.60228,0
4.10074,-0.320343,0.608872,0
4.10083,-0.315954,0.594224,0
4.10091,-0.315231,0.586673,0
4.101,-0.322559,0.59408,0
4.10109,-0.323224,0.58916,0
4.10117,-0.322398,0.581622,0
4.10126,-0.323956,0.578465,0
4.10135,-0.328446,0.580527,0
4.10144,-0.339412,0.593848,0
4.10152,-0.346,0.59929,0
4.10161,-0.347604,0.596047,0
4.1017,-0.345634,0.586769,0
4.10179,-0.346145,0.581818,0
4.10187,-0.351256,0.584588,0
4.10196,-0.343428,0.565952,0
4.10205,-0.332832,0.543132,0
4.10213,-0.327831,0.529769,0
4.10222,-0.3259,0.52155,0
4.10231,-0.323904,0.513357,0
4.1024,-0.319156,0.500975,0
4.10248,-0.318093,0.494531,0
4.10257,-0.315891,0.486429,0
4.10266,-0.320752,0.489227,0
4.10275,-0.31626,0.477817,0
4.10283,-0.320008,0.478926,0
4.10292,-0.314826,0.466748,0
4.10301,-0.315171,0.46289,0
4.10309,-0.313223,0.455742,0
4.10318,-0.314638,0.453549,0
4.10327,-0.30629,0.437427,0
4.10336,-0.30531,0.432003,0
4.10344,-0.30603,0.429039,0
4.10353,-0.314911,0.437438,0
4.10362,-0.302709,0.416644,0
4.10371,-0.308664,0.420964,0
4.10379,-0.309903,0.418809,0
4.10388,-0.312924,0.419056,0
4.10397,-0.308731,0.4097,0
4.10405,-0.313542,0.412329,0
4.10414,-0.315338,0.410957,0
4.10423,-0.316516,0.408787,0
4.10432,-0.317681,0.406614,0
4.1044,-0.313881,0.398156,0
4.10449,-0.31935,0.401478,0
4.10458,-0.31171,0.388382,0
4.10467,-0.314031,0.387796,0
4.10475,-0.315087,0.385648,0
4.10484,-0.310406,0.376553,0
4.10493,-0.30821,0.370582,0
4.10501,-0.31368,0.37383,0
4.1051,-0.310139,0.366352,0
4.10519,-0.311086,0.364234,0
4.10528,-0.303533,0.352268,0
4.10536,-0.308348,0.354714,0
4.10545,-0.307914,0.351109,0
4.10554,-0.304143,0.343771,0
4.10563,-0.301644,0.337964,0
4.10571,-0.294417,0.326984,0
4.1058,-0.268274,0.295347,0
4.10589,-0.132416,0.144506,0
4.10597,-0.125578,0.13585,0
4.10606,-0.357367,0.383229,0
4.10615,-0.359721,0.382395,0
4.10624,-0.201688,0.212535,0
4.10632,-0.192932,0.20154,0
4.10641,-0.212565,0.220118,0
4.1065,-0.129091,0.132516,0
4.10659,-0.0827073,0.0841636,0
4.10667,-0.0858898,0.0866426,0
4.10676,-0.0282843,0.0282843,0
