7200
1905
1.65806
1.67377,-0.079196,-0.079196,0
1.67386,-0.112642,-0.11363,0
1.67395,-0.06939,-0.0706118,0
1.67403,-0.119322,-0.122488,0
1.67412,-0.116703,-0.120849,0
1.67421,-0.132771,-0.138694,0
1.67429,-0.131476,-0.138546,0
1.67438,-0.139092,-0.147859,0
1.67447,-0.126852,-0.136032,0
1.67456,-0.141191,-0.152739,0
1.67464,-0.153359,-0.167362,0
1.67473,-0.158679,-0.174691,0
1.67482,-0.165275,-0.183557,0
1.67491,-0.159146,-0.178308,0
1.67499,-0.163667,-0.184992,0
1.67508,-0.168793,-0.192471,0
1.67517,-0.165327,-0.190187,0
1.67525,-0.171676,-0.19924,0
1.67534,-0.196783,-0.230403,0
1.67543,-0.272664,-0.322084,0
1.67552,-0.265471,-0.316376,0
1.6756,-0.264088,-0.317532,0
1.67569,-0.270969,-0.328712,0
1.67578,-0.24802,-0.303562,0
1.67587,-0.234737,-0.289875,0
1.67595,-0.245362,-0.305715,0
1.67604,-0.267681,-0.336522,0
1.67613,-0.276735,-0.351037,0
1.67621,-0.272738,-0.349089,0
1.6763,-0.25407,-0.328136,0
1.67639,-0.264811,-0.345109,0
1.67648,-0.286304,-0.376509,0
1.67656,-0.288871,-0.383345,0
1.67665,-0.296171,-0.396621,0
1.67674,-0.287299,-0.388263,0
1.67683,-0.279098,-0.380642,0
1.67691,-0.266267,-0.366485,0
1.677,-0.279856,-0.388744,0
1.67709,-0.29732,-0.416827,0
1.67717,-0.288573,-0.408321,0
1.67726,-0.282773,-0.403842,0
1.67735,-0.264479,-0.381244,0
1.67744,-0.249219,-0.362616,0
1.67752,-0.257202,-0.377751,0
1.67761,-0.27009,-0.400425,0
1.6777,-0.295008,-0.44151,0
1.67779,-0.301358,-0.455302,0
1.67787,-0.30211,-0.460794,0
1.67796,-0.299551,-0.461269,0
1.67805,-0.300782,-0.467618,0
1.67813,-0.296052,-0.464709,0
1.67822,-0.298824,-0.473608,0
1.67831,-0.291986,-0.467274,0
1.6784,-0.299942,-0.484701,0
1.67848,-0.297302,-0.485152,0
1.67857,-0.304001,-0.500978,0
1.67866,-0.295632,-0.492014,0
1.67874,-0.29655,-0.498456,0
1.67883,-0.303,-0.514393,0
1.67892,-0.303776,-0.520893,0
1.67901,-0.3,-0.519615,0
1.67909,-0.295745,-0.517447,0
1.67918,-0.299886,-0.530047,0
1.67927,-0.293661,-0.52437,0
1.67936,-0.29234,-0.527396,0
1.67944,-0.296289,-0.540064,0
1.67953,-0.292021,-0.537836,0
1.67962,-0.296771,-0.552318,0
1.6797,-0.292481,-0.550076,0
1.67979,-0.294734,-0.560197,0
1.67988,-0.291363,-0.559704,0
1.67997,-0.293955,-0.570749,0
1.68005,-0.296456,-0.581827,0
1.68014,-0.297965,-0.591152,0
1.68023,-0.298953,-0.599606,0
1.68032,-0.299429,-0.607183,0
1.6804,-0.297654,-0.610281,0
1.68049,-0.294554,-0.610673,0
1.68058,-0.283276,-0.593901,0
1.68066,-0.293906,-0.62317,0
1.68075,-0.289916,-0.621727,0
1.68084,-0.287619,-0.623894,0
1.68093,-0.287382,-0.630603,0
1.68101,-0.290789,-0.645528,0
1.6811,-0.28919,-0.649531,0
1.68119,-0.28595,-0.649871,0
1.68128,-0.289492,-0.665786,0
1.68136,-0.298821,-0.695525,0
1.68145,-0.295783,-0.696822,0
1.68154,-0.302021,-0.720239,0
1.68162,-0.295814,-0.714159,0
1.68171,-0.298375,-0.729326,0
1.6818,-0.296688,-0.73433,0
1.68189,-0.296817,-0.743976,0
1.68197,-0.295033,-0.748986,0
1.68206,-0.299736,-0.770771,0
1.68215,-0.299596,-0.780473,0
1.68224,-0.300085,-0.79206,0
1.68232,-0.294875,-0.788678,0
1.68241,-0.290392,-0.787143,0
1.6825,-0.282851,-0.777126,0
1.68258,-0.257155,-0.716235,0
1.68267,-0.186932,-0.527879,0
1.68276,-0.175395,-0.502255,0
1.68285,-0.173853,-0.504907,0
1.68293,-0.171649,-0.505661,0
1.68302,-0.163095,-0.487438,0
1.68311,-0.158148,-0.479598,0
1.6832,-0.161307,-0.496452,0
1.68328,-0.159444,-0.498103,0
1.68337,-0.152157,-0.482581,0
1.68346,-0.150643,-0.48515,0
1.68354,-0.150279,-0.491541,0
1.68363,-0.152168,-0.505598,0
1.68372,-0.14144,-0.477492,0
1.68381,-0.141034,-0.483865,0
1.68389,-0.134787,-0.470057,0
1.68398,-0.134363,-0.476415,0
1.68407,-0.133619,-0.481815,0
1.68416,-0.128096,-0.469851,0
1.68424,-0.127339,-0.475236,0
1.68433,-0.126283,-0.479655,0
1.68442,-0.114173,-0.441475,0
1.6845,-0.121107,-0.476862,0
1.68459,-0.120961,-0.485148,0
1.68468,-0.112188,-0.458473,0
1.68477,-0.112287,-0.46771,0
1.68485,-0.110245,-0.468195,0
1.68494,-0.107302,-0.464775,0
1.68503,-0.103507,-0.457436,0
1.68512,-0.105623,-0.476432,0
1.6852,-0.0963287,-0.443663,0
1.68529,-0.0952236,-0.447992,0
1.68538,-0.0965262,-0.464068,0
1.68546,-0.0913105,-0.448806,0
1.68555,-0.0914974,-0.459988,0
1.68564,-0.0891078,-0.45842,0
1.68573,-0.0813245,-0.428348,0
1.68581,-0.0830994,-0.448364,0
1.6859,-0.0797187,-0.44085,0
1.68599,-0.0760579,-0.431346,0
1.68608,-0.0792556,-0.46124,0
1.68616,-0.0774073,-0.462568,0
1.68625,-0.071209,-0.437239,0
1.68634,-0.0719599,-0.454337,0
1.68642,-0.0663258,-0.430926,0
1.68651,-0.0642971,-0.430222,0
1.6866,-0.0618453,-0.42654,0
1.68669,-0.060262,-0.428786,0
1.68677,-0.0598738,-0.439944,0
1.68686,-0.05704,-0.433261,0
1.68695,-0.0559061,-0.439458,0
1.68704,-0.0526476,-0.42878,0
1.68712,-0.0537146,-0.453832,0
1.68721,-0.0493566,-0.433197,0
1.6873,-0.0487724,-0.445337,0
1.68738,-0.0455744,-0.433612,0
1.68747,-0.0422794,-0.419877,0
1.68756,-0.042268,-0.43897,0
1.68765,-0.0396202,-0.431184,0
1.68773,-0.0373898,-0.427368,0
1.68782,-0.0364356,-0.438489,0
1.68791,-0.0330313,-0.419702,0
1.688,-0.0329783,-0.443776,0
1.68808,-0.0315299,-0.450899,0
1.68817,-0.0266191,-0.406129,0
1.68826,-0.0254572,-0.416222,0
1.68834,-0.0247748,-0.436297,0
1.68843,-0.0221904,-0.423419,0
1.68852,-0.0211584,-0.440492,0
1.68861,-0.0191053,-0.437583,0
1.68869,-0.0170388,-0.433665,0
1.68878,-0.0146578,-0.419744,0
1.68887,-0.0139256,-0.455787,0
1.68896,-0.0112037,-0.427853,0
1.68904,-0.00894411,-0.409902,0
1.68913,-0.00771397,-0.441933,0
1.68922,-0.00607358,-0.46396,0
1.6893,-0.00370006,-0.423984,0
1.68939,-0.00187186,-0.428996,0
1.68948,-5.51726e-09,-0.458,0
1.68957,0.00188058,-0.430996,0
1.68965,0.00394439,-0.451983,0
1.68974,0.00530128,-0.404965,0
1.68983,0.00801065,-0.45893,0
1.68992,0.00951128,-0.435896,0
1.69,0.0111252,-0.424854,0
1.69009,0.0135286,-0.442793,0
1.69018,0.0146927,-0.420744,0
1.69026,0.0171958,-0.437662,0
1.69035,0.0192798,-0.441579,0
1.69044,0.019815,-0.412524,0
1.69053,0.0230278,-0.439397,0
1.69061,0.023981,-0.42232,0
1.6907,0.0262509,-0.429198,0
1.69079,0.0281233,-0.429079,0
1.69088,0.029228,-0.417979,0
1.69096,0.0327559,-0.440785,0
1.69105,0.0331882,-0.421696,0
1.69114,0.0368496,-0.443472,0
1.69122,0.0367797,-0.420394,0
1.69131,0.0408097,-0.444129,0
1.6914,0.0409261,-0.425034,0
1.69149,0.0424797,-0.421867,0
1.69157,0.0452608,-0.430628,0
1.69166,0.0484458,-0.442355,0
1.69175,0.0506018,-0.444127,0
1.69183,0.0519515,-0.438936,0
1.69192,0.0539881,-0.439698,0
1.69201,0.28155,-2.21316,0
1.6921,0.284808,-2.16333,0
1.69218,0.291278,-2.14027,0
1.69227,0.299361,-2.13007,0
1.69236,0.307505,-2.12082,0
1.69245,0.316756,-2.11946,0
1.69253,0.325848,-2.11707,0
1.69262,0.336178,-2.12254,0
1.69271,0.344632,-2.11612,0
1.69279,0.355678,-2.12545,0
1.69288,0.364779,-2.12289,0
1.69297,0.377685,-2.14196,0
1.69306,0.38934,-2.15308,0
1.69314,0.401283,-2.16513,0
1.69323,0.409793,-2.15844,0
1.69332,0.420161,-2.16154,0
1.69341,0.429199,-2.15773,0
1.69349,0.440404,-2.16465,0
1.69358,0.454936,-2.18719,0
1.69367,0.462188,-2.17442,0
1.69375,0.474217,-2.18411,0
1.69384,0.483526,-2.18105,0
1.69393,0.492155,-2.17501,0
1.69402,0.502091,-2.17479,0
1.6941,0.51318,-2.1794,0
1.69419,0.525019,-2.18686,0
1.69428,0.539547,-2.20495,0
1.69437,0.548679,-2.20063,0
1.69445,0.559506,-2.20306,0
1.69454,0.560851,-2.16865,0
1.69463,0.564452,-2.14394,0
1.69471,0.566555,-2.11441,0
1.6948,0.573408,-2.10324,0
1.69489,0.588459,-2.12191,0
1.69498,0.59934,-2.1251,0
1.69506,0.60778,-2.11958,0
1.69515,1.2402,-4.25494,0
1.69524,1.25734,-4.2447,0
1.69533,1.27815,-4.24683,0
1.69541,1.29871,-4.24791,0
1.6955,1.31813,-4.24506,0
1.69559,1.34025,-4.25072,0
1.69567,1.35969,-4.24769,0
1.69576,1.37914,-4.24457,0
1.69585,1.40235,-4.25275,0
1.69594,1.42152,-4.24849,0
1.69602,1.44069,-4.24414,0
1.69611,1.4618,-4.24538,0
1.6962,1.48559,-4.25407,0
1.69629,1.5038,-4.2466,0
1.69637,1.52029,-4.23435,0
1.69646,1.5449,-4.24459,0
1.69655,1.56341,-4.23781,0
1.69663,1.58644,-4.24313,0
1.69672,1.60317,-4.23149,0
1.69681,1.6295,-4.24499,0
1.6969,1.64692,-4.23504,0
1.69698,1.67308,-4.24736,0
1.69707,1.68974,-4.23537,0
1.69716,1.71382,-4.24187,0
1.69725,1.7361,-4.2436,0
1.69733,1.7592,-4.24707,0
1.69742,1.77732,-4.23844,0
1.69751,1.80322,-4.24813,0
1.69759,1.82332,-4.2439,0
1.69768,1.84661,-4.24691,0
1.69777,1.86512,-4.23881,0
1.69786,1.88441,-4.23246,0
1.69794,1.89834,-4.21416,0
1.69803,1.90842,-4.18764,0
1.69812,1.90197,-4.12569,0
1.69821,1.90094,-4.07657,0
1.69829,1.89951,-4.02754,0
1.69838,1.88951,-3.96145,0
1.69847,1.89201,-3.92254,0
1.69855,1.89332,-3.88189,0
1.69864,1.89123,-3.83503,0
1.69873,1.89857,-3.80795,0
1.69882,1.88006,-3.72997,0
1.6989,1.88724,-3.70391,0
1.69899,1.88461,-3.65919,0
1.69908,1.8904,-3.63142,0
1.69917,1.88574,-3.5842,0
1.69925,1.8915,-3.5574,0
1.69934,1.89044,-3.51828,0
1.69943,1.89193,-3.48451,0
1.69951,1.39583,-2.54426,0
1.6996,1.41225,-2.54777,0
1.69969,1.41944,-2.5346,0
1.69978,1.4428,-2.55014,0
1.69986,1.45143,-2.53948,0
1.69995,1.452,-2.51494,0
1.70004,1.45591,-2.49648,0
1.70013,1.46983,-2.49528,0
1.70021,1.48224,-2.49142,0
1.7003,1.50237,-2.50036,0
1.70039,1.52104,-2.5066,0
1.70047,1.65737,-2.70457,0
1.70056,1.6681,-2.69562,0
1.70065,1.69574,-2.71375,0
1.70074,1.71023,-2.71056,0
1.70082,1.69518,-2.6609,0
1.70091,1.89016,-2.93859,0
1.701,1.69492,-2.60994,0
1.70109,1.71122,-2.61005,0
1.70117,1.85009,-2.79519,0
1.70126,1.91283,-2.86275,0
1.70135,1.88336,-2.7922,0
1.70143,1.75764,-2.58144,0
1.70152,1.77059,-2.57622,0
1.70161,1.99955,-2.88234,0
1.7017,1.96163,-2.8015,0
1.70178,2.03271,-2.87621,0
1.70187,2.04698,-2.86976,0
1.70196,2.00631,-2.78695,0
1.70205,2.02786,-2.79111,0
1.70213,2.04061,-2.78304,0
1.70222,2.13898,-2.89067,0
1.70231,2.15038,-2.87971,0
1.70239,2.10575,-2.79443,0
1.70248,2.13003,-2.80113,0
1.70257,2.14832,-2.79974,0
1.70266,2.16602,-2.79746,0
1.70274,2.18314,-2.79429,0
1.70283,2.20088,-2.7918,0
1.70292,2.22238,-2.79391,0
1.70301,2.24832,-2.80135,0
1.70309,2.26933,-2.80239,0
1.70318,2.2866,-2.79866,0
1.70327,2.29561,-2.78479,0
1.70335,2.29942,-2.76476,0
1.70344,2.30889,-2.75163,0
1.70353,2.30666,-2.72474,0
1.70362,2.2984,-2.69108,0
1.7037,2.30098,-2.67042,0
1.70379,2.18861,-2.51771,0
1.70388,2.06441,-2.35401,0
1.70396,2.03689,-2.30229,0
1.70405,2.04292,-2.2889,0
1.70414,2.03817,-2.26362,0
1.70423,2.0366,-2.24212,0
1.70431,2.03758,-2.22363,0
1.7044,2.02961,-2.19562,0
1.70449,2.03508,-2.18236,0
1.70458,2.03362,-2.1618,0
1.70466,2.0334,-2.14276,0
1.70475,2.03443,-2.12519,0
1.70484,2.02771,-2.09975,0
1.70492,2.03545,-2.08945,0
1.70501,2.03264,-2.06843,0
1.7051,2.03601,-2.05386,0
1.70519,2.03152,-2.03152,0
1.70527,2.03184,-2.01419,0
1.70536,2.02991,-1.99479,0
1.70545,2.0343,-1.98172,0
1.70554,2.02638,-1.95685,0
1.70562,2.02262,-1.93624,0
1.70571,2.02597,-1.92257,0
1.7058,2.02341,-1.90344,0
1.70588,2.02366,-1.88709,0
1.70597,2.026,-1.87281,0
1.70606,2.02678,-1.8572,0
1.70615,2.03264,-1.84632,0
1.70623,2.0377,-1.83476,0
1.70632,2.02629,-1.80853,0
1.70641,2.02892,-1.79504,0
1.7065,2.02771,-1.77826,0
1.70658,2.0264,-1.76152,0
1.70667,2.02194,-1.74222,0
1.70676,2.02496,-1.72948,0
1.70684,2.01875,-1.709,0
1.70693,2.01776,-1.6931,0
1.70702,2.02129,-1.68109,0
1.70711,2.02474,-1.66907,0
1.70719,2.01807,-1.64883,0
1.70728,2.01592,-1.63246,0
1.70737,2.02068,-1.62177,0
1.70746,2.01365,-1.60173,0
1.70754,2.01669,-1.58983,0
1.70763,2.01416,-1.57363,0
1.70772,2.01863,-1.56299,0
1.7078,2.01908,-1.5493,0
1.70789,2.02025,-1.53624,0
1.70798,2.00937,-1.51417,0
1.70807,2.01595,-1.50538,0
1.70815,2.01848,-1.4936,0
1.70824,2.01853,-1.48005,0
1.70833,2.01122,-1.46123,0
1.70842,2.00783,-1.44543,0
1.7085,2.01656,-1.4384,0
1.70859,2.0122,-1.42209,0
1.70868,2.00938,-1.40698,0
1.70876,2.01057,-1.39478,0
1.70885,2.01169,-1.3826,0
1.70894,2.01109,-1.3693,0
1.70903,2.00461,-1.35213,0
1.70911,2.00301,-1.33837,0
1.7092,2.00133,-1.32465,0
1.70929,2.01879,-1.32358,0
1.70938,2.01029,-1.3055,0
1.70946,2.01513,-1.29617,0
1.70955,2.00558,-1.2777,0
1.70964,2.01199,-1.26947,0
1.70972,2.01242,-1.2575,0
1.70981,2.01533,-1.24713,0
1.7099,2.01394,-1.23414,0
1.70999,2.01759,-1.2243,0
1.71007,2.01434,-1.21034,0
1.71016,2.00929,-1.1954,0
1.71025,2.01621,-1.18764,0
1.71034,2.01792,-1.17682,0
1.71042,2.01871,-1.1655,0
1.71051,2.00641,-1.14676,0
1.7106,2.01052,-1.1375,0
1.71068,2.00151,-1.1209,0
1.71077,2.00375,-1.1107,0
1.71086,2.0077,-1.10146,0
1.71095,2.01073,-1.09174,0
1.71103,2.00667,-1.07822,0
1.71112,2.00694,-1.06711,0
1.71121,2.00715,-1.05601,0
1.7113,2.00376,-1.04309,0
1.71138,2.01007,-1.03525,0
1.71147,1.99853,-1.0183,0
1.71156,2.00563,-1.01092,0
1.71164,2.00197,-0.998145,0
1.71173,1.99913,-0.985862,0
1.71182,1.99982,-0.975376,0
1.71191,2.00405,-0.966641,0
1.71199,1.99381,-0.950999,0
1.71208,2.00518,-0.945703,0
1.71217,1.9966,-0.931028,0
1.71226,1.98974,-0.917284,0
1.71234,1.99282,-0.908178,0
1.71243,1.99311,-0.897831,0
1.71252,2.00249,-0.891567,0
1.7126,2.00453,-0.882015,0
1.71269,2.00378,-0.871267,0
1.71278,1.99653,-0.857778,0
1.71287,2.00118,-0.84945,0
1.71295,1.99472,-0.836456,0
1.71304,2.00297,-0.829658,0
1.71313,1.99454,-0.815988,0
1.71322,2.00179,-0.808776,0
1.7133,2.00251,-0.798922,0
1.71339,1.99761,-0.786878,0
1.71348,1.9917,-0.77453,0
1.71356,1.99973,-0.767624,0
1.71365,1.99838,-0.75712,0
1.71374,1.99886,-0.747343,0
1.71383,2.00116,-0.738268,0
1.71391,1.99873,-0.727477,0
1.714,2.00188,-0.718749,0
1.71409,1.99746,-0.707337,0
1.71418,2.00147,-0.698944,0
1.71426,1.99032,-0.685321,0
1.71435,1.99802,-0.678237,0
1.71444,1.98294,-0.663484,0
1.71452,1.98202,-0.653573,0
1.71461,1.97249,-0.640901,0
1.7147,1.95622,-0.626191,0
1.71479,1.89408,-0.597202,0
1.71487,1.82122,-0.565505,0
1.71496,1.76151,-0.538549,0
1.71505,1.72937,-0.520482,0
1.71514,1.71245,-0.507251,0
1.71522,1.70217,-0.496137,0
1.71531,1.70816,-0.489808,0
1.7154,1.70258,-0.480178,0
1.71548,1.70177,-0.471943,0
1.71557,1.69417,-0.461883,0
1.71566,1.70293,-0.456298,0
1.71575,1.70393,-0.448609,0
1.71583,1.69813,-0.439167,0
1.71592,1.70488,-0.432984,0
1.71601,1.70384,-0.424815,0
1.7161,1.70762,-0.417852,0
1.71618,1.69484,-0.406895,0
1.71627,1.69952,-0.400184,0
1.71636,1.6993,-0.392315,0
1.71644,1.70392,-0.385558,0
1.71653,1.70168,-0.377254,0
1.71662,1.70625,-0.370462,0
1.71671,1.701,-0.361558,0
1.71679,1.70452,-0.35454,0
1.71688,1.69919,-0.345704,0
1.71697,1.70755,-0.339652,0
1.71705,1.69723,-0.329909,0
1.71714,1.69669,-0.322127,0
1.71723,1.70103,-0.315268,0
1.71732,1.69353,-0.306241,0
1.7174,1.69879,-0.299543,0
1.71749,1.70008,-0.292128,0
1.71758,1.69542,-0.283717,0
1.71767,1.69665,-0.276316,0
1.71775,1.69586,-0.268598,0
1.71784,1.70196,-0.261957,0
1.71793,1.69221,-0.252902,0
1.71801,1.69824,-0.246233,0
1.7181,1.69633,-0.238404,0
1.71819,1.70132,-0.231539,0
1.71828,1.69735,-0.223461,0
1.71836,1.70129,-0.216431,0
1.71845,1.68931,-0.207422,0
1.71854,1.69517,-0.200636,0
1.71863,1.7,-0.193691,0
1.71871,1.70679,-0.186924,0
1.7188,1.69765,-0.17843,0
1.71889,1.7004,-0.171221,0
1.71897,1.69516,-0.163225,0
1.71906,1.69685,-0.155919,0
1.71915,1.70549,-0.149211,0
1.71924,1.68818,-0.140277,0
1.71932,1.69775,-0.133616,0
1.71941,1.69233,-0.125762,0
1.7195,1.70085,-0.118935,0
1.71959,1.69436,-0.111055,0
1.71967,1.69184,-0.103477,0
1.71976,1.69527,-0.0962644,0
1.71985,1.69268,-0.0887095,0
1.71993,1.69505,-0.0814189,0
1.72002,1.69439,-0.0739785,0
1.72011,1.69369,-0.0665454,0
1.7202,1.69597,-0.0592245,0
1.72028,1.70121,-0.0519766,0
1.72037,1.69642,-0.0444223,0
1.72046,1.6916,-0.0369108,0
1.72055,1.69174,-0.0295295,0
1.72063,1.69685,-0.0222131,0
1.72072,1.68694,-0.0147217,0
1.72081,1.68598,-0.00735658,0
1.72089,1.686,-4.08255e-08,0
1.72098,1.68798,0.00736522,0
1.72107,1.69194,0.0147653,0
1.72116,1.69385,0.0221737,0
1.72124,1.69674,0.0296167,0
1.72133,1.6706,0.0364526,0
1.72142,1.67443,0.0438463,0
1.72151,1.67022,0.0510298,0
1.72159,1.66099,0.0580029,0
1.72168,1.65672,0.0650927,0
1.72177,1.66042,0.0724954,0
1.72185,1.65909,0.0796916,0
1.72194,1.65073,0.0865113,0
1.72203,1.65234,0.0938265,0
1.72212,1.6609,0.101585,0
1.7222,1.64846,0.108046,0
1.72229,1.65097,0.115447,0
1.72238,1.65743,0.123168,0
1.72247,1.65688,0.130399,0
1.72255,1.65829,0.137793,0
1.72264,1.65069,0.144417,0
1.72273,1.65901,0.152442,0
1.72281,1.64141,0.15805,0
1.7229,1.65662,0.166813,0
1.72299,1.64892,0.173308,0
1.72308,1.65809,0.18159,0
1.72316,1.65231,0.188257,0
1.72325,1.6614,0.19664,0
1.72334,1.65557,0.203278,0
1.72343,1.66359,0.211636,0
1.72351,1.66464,0.219153,0
1.7236,1.68249,0.228977,0
1.72369,1.72109,0.241883,0
1.72377,1.89518,0.274788,0
1.72386,1.96419,0.293549,0
1.72395,1.9698,0.303182,0
1.72404,1.9813,0.313807,0
1.72412,1.97399,0.321485,0
1.72421,1.97553,0.33059,0
1.7243,1.9721,0.338868,0
1.72439,1.97749,0.348685,0
1.72447,1.97005,0.356243,0
1.72456,1.97634,0.366293,0
1.72465,1.97473,0.374913,0
1.72473,1.97602,0.384098,0
1.72482,1.97922,0.393692,0
1.72491,1.97455,0.401726,0
1.725,1.96984,0.409727,0
1.72508,1.96803,0.418318,0
1.72517,1.97401,0.428599,0
1.72526,1.97017,0.436775,0
1.72535,1.97507,0.446912,0
1.72543,1.97212,0.455301,0
1.72552,1.98375,0.46711,0
1.72561,1.97002,0.47296,0
1.72569,1.9796,0.484404,0
1.72578,1.97746,0.493037,0
1.72587,1.96948,0.500183,0
1.72596,1.96824,0.509022,0
1.72604,1.97277,0.519388,0
1.72613,1.97822,0.530061,0
1.72622,1.97203,0.537636,0
1.72631,1.96966,0.546235,0
1.72639,1.96533,0.554281,0
1.72648,1.96482,0.563403,0
1.72657,1.97866,0.576728,0
1.72665,1.97229,0.58422,0
1.72674,1.97834,0.595413,0
1.72683,1.97094,0.602578,0
1.72692,1.97307,0.612655,0
1.727,1.97419,0.622461,0
1.72709,1.96765,0.62985,0
1.72718,1.96678,0.639047,0
1.72727,1.96398,0.647623,0
1.72735,1.97346,0.660311,0
1.72744,1.97151,0.669237,0
1.72753,1.9733,0.679461,0
1.72761,1.95993,0.684438,0
1.7277,1.97106,0.69799,0
1.72779,1.96235,0.704556,0
1.72788,1.9696,0.716874,0
1.72796,1.97208,0.727538,0
1.72805,1.9642,0.734385,0
1.72814,1.96659,0.745074,0
1.72823,1.97546,0.758307,0
1.72831,1.9684,0.765469,0
1.7284,1.96225,0.772951,0
1.72849,1.96722,0.784841,0
1.72857,1.96934,0.795664,0
1.72866,1.96955,0.805764,0
1.72875,1.96417,0.813585,0
1.72884,1.9689,0.825628,0
1.72892,1.96896,0.835774,0
1.72901,1.97356,0.84791,0
1.7291,1.96067,0.852525,0
1.72918,1.96883,0.866308,0
1.72927,1.96869,0.876517,0
1.72936,1.96394,0.884688,0
1.72945,1.97007,0.897811,0
1.72953,1.96885,0.907654,0
1.72962,1.97484,0.920885,0
1.72971,1.96719,0.927787,0
1.7298,1.95861,0.934209,0
1.72988,1.96622,0.948394,0
1.72997,1.96386,0.957841,0
1.73006,1.95967,0.966401,0
1.73014,1.96259,0.978512,0
1.73023,1.96009,0.987966,0
1.73032,1.96111,0.999233,0
1.73041,1.96028,1.00961,0
1.73049,1.95852,1.01954,0
1.73058,1.96202,1.03227,0
1.73067,1.95396,1.03894,0
1.73076,1.95734,1.05172,0
1.73084,1.95976,1.06406,0
1.73093,1.95335,1.07164,0
1.73102,1.96177,1.08743,0
1.7311,1.95265,1.09353,0
1.73119,1.96526,1.11189,0
1.73128,1.95432,1.11698,0
1.73137,1.95895,1.131,0
1.73145,1.9635,1.14508,0
1.73154,1.95762,1.15313,0
1.73163,1.96031,1.16626,0
1.73172,1.95948,1.17738,0
1.7318,1.96031,1.18955,0
1.73189,1.95766,1.19966,0
1.73198,1.95326,1.20871,0
1.73206,1.95136,1.21934,0
1.73215,1.94687,1.22838,0
1.73224,1.95329,1.24439,0
1.73233,1.94532,1.25127,0
1.73241,1.95075,1.26683,0
1.7325,1.95524,1.28191,0
1.73259,1.95963,1.29705,0
1.73268,1.94813,1.3017,0
1.73276,1.96399,1.32473,0
1.73285,1.95819,1.33328,0
1.73294,1.95483,1.34352,0
1.73302,1.94813,1.35146,0
1.73311,1.95777,1.37085,0
1.7332,1.95667,1.38284,0
1.73329,1.95469,1.39427,0
1.73337,1.95752,1.40921,0
1.73346,1.95135,1.41774,0
1.73355,1.95402,1.43274,0
1.73364,1.95418,1.44601,0
1.73372,1.95025,1.45632,0
1.73381,1.94627,1.46662,0
1.7339,1.95339,1.48539,0
1.73398,1.95324,1.49877,0
1.73407,1.95379,1.51279,0
1.73416,1.94717,1.5213,0
1.73425,1.96015,1.54526,0
1.73433,1.95496,1.55504,0
1.73442,1.95205,1.56669,0
1.73451,1.94597,1.57582,0
1.7346,1.94915,1.59252,0
1.73468,1.95915,1.615,0
1.73477,1.95132,1.6229,0
1.73486,1.95495,1.64039,0
1.73494,1.94777,1.64891,0
1.73503,1.95424,1.66908,0
1.73512,1.95376,1.68347,0
1.73521,1.95772,1.70182,0
1.73529,1.95779,1.71694,0
1.73538,1.94504,1.72082,0
1.73547,1.94497,1.73595,0
1.73556,1.94927,1.75513,0
1.73564,1.95047,1.77169,0
1.73573,1.94862,1.78558,0
1.73582,1.9533,1.80561,0
1.7359,1.94321,1.81207,0
1.73599,1.94694,1.83149,0
1.73608,1.9469,1.84754,0
1.73617,1.94822,1.86501,0
1.73625,1.94653,1.87975,0
1.73634,1.94906,1.89869,0
1.73643,1.94646,1.91278,0
1.73652,1.94946,1.93252,0
1.7366,1.9502,1.9502,0
1.73669,1.94238,1.9594,0
1.73678,1.94783,1.98212,0
1.73686,1.94404,1.99562,0
1.73695,1.93879,2.00768,0
1.73704,1.94246,2.02912,0
1.73713,1.94598,2.05063,0
1.73721,1.94592,2.06857,0
1.7373,1.94847,2.08948,0
1.73739,1.94816,2.10751,0
1.73748,1.94367,2.12115,0
1.73756,1.94381,2.13997,0
1.73765,1.94717,2.16255,0
1.73774,1.94238,2.17625,0
1.73782,1.94413,2.19744,0
1.73791,1.94573,2.21868,0
1.738,1.94259,2.23469,0
1.73809,1.94457,2.25679,0
1.73817,1.9412,2.27285,0
1.73826,1.94548,2.29809,0
1.73835,1.94122,2.31345,0
1.73844,1.94517,2.33882,0
1.73852,1.95212,2.36812,0
1.73861,2.00947,2.45947,0
1.7387,2.01383,2.48687,0
1.73878,2.02486,2.52293,0
1.73887,2.03313,2.556,0
1.73896,2.02196,2.56485,0
1.73905,2.00459,2.56576,0
1.73913,1.99767,2.58002,0
1.73922,1.97604,2.57522,0
1.73931,1.96599,2.58541,0
1.7394,1.96974,2.61393,0
1.73948,2.01336,2.69622,0
1.73957,2.00693,2.71221,0
1.73966,2.03411,2.77417,0
1.73974,2.02139,2.78221,0
1.73983,1.99989,2.77802,0
1.73992,1.99065,2.79079,0
1.74001,1.96807,2.78475,0
1.74009,1.95475,2.79167,0
1.74018,1.94996,2.81085,0
1.74027,1.94334,2.82758,0
1.74036,1.9383,2.84678,0
1.74044,1.93872,2.87427,0
1.74053,1.94061,2.90432,0
1.74062,1.93951,2.93027,0
1.7407,1.9448,2.96631,0
1.74079,1.94055,2.98818,0
1.74088,1.93777,3.0126,0
1.74097,1.93911,3.0438,0
1.74105,1.93329,3.06407,0
1.74114,1.92573,3.08181,0
1.74123,1.91016,3.08678,0
1.74132,1.88779,3.08059,0
1.7414,1.86758,3.07768,0
1.74149,1.85156,3.08152,0
1.74158,1.82838,3.07324,0
1.74166,1.80531,3.06481,0
1.74175,1.79192,3.07266,0
1.74184,1.773,3.07093,0
1.74193,1.7576,3.07516,0
1.74201,1.73776,3.07149,0
1.7421,1.71848,3.06857,0
1.74219,1.70265,3.07166,0
1.74227,1.68731,3.07556,0
1.74236,1.66958,3.07498,0
1.74245,1.65283,3.07607,0
1.74254,1.63235,3.07001,0
1.74262,1.61475,3.06914,0
1.74271,1.59811,3.06994,0
1.7428,1.58104,3.06978,0
1.74289,1.56718,3.07575,0
1.74297,1.54969,3.07453,0
1.74306,1.52912,3.06694,0
1.74315,1.51263,3.0673,0
1.74323,1.49485,3.06489,0
1.74332,1.48189,3.07228,0
1.74341,1.46288,3.06698,0
1.7435,1.44735,3.06882,0
1.74358,1.4331,3.07329,0
1.74367,1.41549,3.07043,0
1.74376,1.39793,3.06748,0
1.74385,1.3796,3.06261,0
1.74393,1.36786,3.07225,0
1.74402,1.35242,3.07362,0
1.74411,1.33302,3.06573,0
1.74419,1.31844,3.06876,0
1.74428,1.30426,3.07265,0
1.74437,1.28852,3.07277,0
1.74446,1.26706,3.05897,0
1.74454,1.25484,3.06724,0
1.74463,1.23807,3.06434,0
1.74472,1.22247,3.06414,0
1.74481,1.20872,3.06852,0
1.74489,1.19278,3.06724,0
1.74498,1.1715,3.05187,0
1.74507,1.15782,3.05602,0
1.74515,1.14798,3.07041,0
1.74524,1.12869,3.05944,0
1.74533,1.11533,3.06434,0
1.74542,1.10059,3.06541,0
1.7455,1.08387,3.06076,0
1.74559,1.0682,3.05885,0
1.74568,1.05386,3.06064,0
1.74577,1.03857,3.05953,0
1.74585,1.02331,3.05834,0
1.74594,1.00933,3.06088,0
1.74603,0.995344,3.06335,0
1.74611,0.979834,3.061,0
1.7462,0.966769,3.0662,0
1.74629,0.950416,3.06084,0
1.74638,0.935005,3.05826,0
1.74646,0.919923,3.05657,0
1.74655,0.903737,3.05096,0
1.74664,0.887898,3.04624,0
1.74673,0.876527,3.05681,0
1.74681,0.865352,3.06831,0
1.7469,0.848482,3.05953,0
1.74699,0.833809,3.05838,0
1.74707,0.81968,3.05909,0
1.74716,0.805306,3.05877,0
1.74725,0.789949,3.05451,0
1.74734,0.775629,3.05405,0
1.74742,0.762054,3.05643,0
1.74751,0.747998,3.05681,0
1.7476,0.730684,3.04352,0
1.74769,0.719689,3.05641,0
1.74777,0.705447,3.05562,0
1.74786,0.691224,3.05477,0
1.74795,0.677456,3.05581,0
1.74803,0.664116,3.05873,0
1.74812,0.646605,3.04204,0
1.74821,0.633733,3.04679,0
1.7483,0.622427,3.05932,0
1.74838,0.606926,3.05122,0
1.74847,0.593607,3.05384,0
1.74856,0.581023,3.06033,0
1.74865,0.564019,3.04317,0
1.74873,0.551447,3.04954,0
1.74882,0.53883,3.05586,0
1.74891,0.524814,3.05424,0
1.74899,0.510987,3.05354,0
1.74908,0.496373,3.04784,0
1.74917,0.484321,3.05788,0
1.74926,0.470518,3.057,0
1.74934,0.456879,3.05705,0
1.74943,0.442962,3.05505,0
1.74952,0.428653,3.05003,0
1.74961,0.414397,3.04493,0
1.74969,0.400454,3.04175,0
1.74978,0.38781,3.04843,0
1.74987,0.375601,3.05903,0
1.74995,0.36178,3.05666,0
1.75004,0.34776,3.05225,0
1.75013,0.333786,3.04778,0
1.75022,0.321321,3.05716,0
1.7503,0.306976,3.04858,0
1.75039,0.293576,3.0489,0
1.75048,0.280636,3.05413,0
1.75057,0.266871,3.05035,0
1.75065,0.253476,3.05049,0
1.75074,0.239614,3.04459,0
1.75083,0.226624,3.04959,0
1.75091,0.213176,3.04856,0
1.751,0.199676,3.04646,0
1.75109,0.18632,3.04631,0
1.75118,0.1728,3.0431,0
1.75126,0.159311,3.03983,0
1.75135,0.146381,3.04749,0
1.75144,0.133345,3.05409,0
1.75153,0.1199,3.05165,0
1.75161,0.106513,3.05014,0
1.7517,0.0932037,3.05058,0
1.75179,0.0801016,3.05895,0
1.75187,0.0665137,3.04827,0
1.75196,0.053195,3.04754,0
1.75205,0.0399234,3.04974,0
1.75214,0.0266073,3.04888,0
1.75222,0.0133126,3.05097,0
1.75231,1.10966e-07,3.05,0
1.7524,-0.0132774,3.04297,0
1.75249,-0.0265809,3.04588,0
1.75257,-0.0399101,3.04874,0
1.75266,-0.0532646,3.05154,0
1.75275,-0.0665353,3.04927,0
1.75283,-0.0798396,3.04895,0
1.75292,-0.0930202,3.04458,0
1.75301,-0.106269,3.04315,0
1.7531,-0.119664,3.04565,0
1.75318,-0.133126,3.0491,0
1.75327,-0.146333,3.04649,0
1.75336,-0.159625,3.04582,0
1.75345,-0.17331,3.05208,0
1.75353,-0.18632,3.04631,0
1.75362,-0.199806,3.04846,0
1.75371,-0.213245,3.04955,0
1.75379,-0.226253,3.0446,0
1.75388,-0.2393,3.0406,0
1.75397,-0.252482,3.03853,0
1.75406,-0.265389,3.03341,0
1.75414,-0.280086,3.04816,0
1.75423,-0.293096,3.04392,0
1.75432,-0.307477,3.05356,0
1.7544,-0.321216,3.05617,0
1.75449,-0.334657,3.05573,0
1.75458,-0.348779,3.06119,0
1.75467,-0.360017,3.04177,0
1.75475,-0.373651,3.04315,0
1.75484,-0.388819,3.05637,0
1.75493,-0.404109,3.06951,0
1.75502,-0.418442,3.07466,0
1.7551,-0.431436,3.06983,0
1.75519,-0.443105,3.05604,0
1.75528,-0.456879,3.05705,0
1.75536,-0.470822,3.05898,0
1.75545,-0.482757,3.04801,0
1.75554,-0.495248,3.04094,0
1.75563,-0.512968,3.06538,0
1.75571,-0.526338,3.06311,0
1.7558,-0.539698,3.06078,0
1.75589,-0.555184,3.07021,0
1.75598,-0.569668,3.07365,0
1.75606,-0.582141,3.06623,0
1.75615,-0.594752,3.05973,0
1.75624,-0.608487,3.05907,0
1.75632,-0.620832,3.05149,0
1.75641,-0.636788,3.06148,0
1.7565,-0.649724,3.05671,0
1.75659,-0.664328,3.05971,0
1.75667,-0.679187,3.06362,0
1.75676,-0.694976,3.07135,0
1.75685,-0.706796,3.06147,0
1.75694,-0.72244,3.06809,0
1.75702,-0.730684,3.04352,0
1.75711,-0.749661,3.06361,0
1.7572,-0.759151,3.04479,0
1.75728,-0.772921,3.04339,0
1.75737,-0.786694,3.04192,0
1.75746,-0.803014,3.05006,0
1.75755,-0.816315,3.04653,0
1.75763,-0.830915,3.04776,0
1.75772,-0.846611,3.05278,0
1.75781,-0.859652,3.0481,0
1.7579,-0.868533,3.02894,0
1.75798,-0.874186,2.9992,0
1.75807,-0.880447,2.97234,0
1.75816,-0.884186,2.93783,0
1.75824,-0.895534,2.92916,0
1.75833,-0.899707,2.89753,0
1.75842,-0.90332,2.86497,0
1.75851,-0.917946,2.86766,0
1.75859,-0.926124,2.85032,0
1.75868,-0.938239,2.8453,0
1.75877,-0.950645,2.84118,0
1.75886,-0.954354,2.81144,0
1.75894,-0.965635,2.80441,0
1.75903,-0.968961,2.77468,0
1.75912,-0.983061,2.77608,0
1.7592,-0.996854,2.77647,0
1.75929,-1.00554,2.7627,0
1.75938,-1.01032,2.73858,0
1.75947,-1.0198,2.72759,0
1.75955,-1.02674,2.71002,0
1.75964,-1.02637,2.67377,0
1.75973,-1.04455,2.68605,0
1.75982,-1.09547,2.78102,0
1.7599,-1.12649,2.82358,0
1.75999,-1.13581,2.81122,0
1.76008,-1.13102,2.76459,0
1.76016,-1.13236,2.73376,0
1.76025,-1.12842,2.69098,0
1.76034,-1.14211,2.69064,0
1.76043,-1.1412,2.65623,0
1.76051,-1.14361,2.63013,0
1.7606,-1.14138,2.59399,0
1.76069,-1.14496,2.57163,0
1.76078,-1.14057,2.53196,0
1.76086,-1.13709,2.49511,0
1.76095,-1.13499,2.46198,0
1.76104,-1.13811,2.44069,0
1.76112,-1.13766,2.41218,0
1.76121,-1.13569,2.38102,0
1.7613,-1.13955,2.36253,0
1.76139,-1.1345,2.32608,0
1.76147,-1.13491,2.30138,0
1.76156,-0.423442,0.849293,0
1.76165,-0.432545,0.858153,0
1.76174,-0.424481,0.833091,0
1.76182,-0.430859,0.836565,0
1.76191,-0.432658,0.831129,0
1.762,-0.433021,0.823039,0
1.76208,-0.436609,0.821141,0
1.76217,-0.439714,0.818348,0
1.76226,-0.450915,0.830482,0
1.76235,-0.451167,0.82237,0
1.76243,-0.455721,0.822143,0
1.76252,-0.456372,0.814911,0
1.76261,-0.452045,0.798987,0
1.7627,-0.454038,0.794402,0
1.76278,-0.47,0.814064,0
1.76287,-0.475563,0.815461,0
1.76296,-0.478101,0.811655,0
1.76304,-0.480104,0.806983,0
1.76313,-0.498557,0.829738,0
1.76322,-0.54108,0.891673,0
1.76331,-0.560641,0.914883,0
1.76339,-0.564101,0.911578,0
1.76348,-0.568603,0.909956,0
1.76357,-0.571501,0.905774,0
1.76366,-0.556642,0.873754,0
1.76374,-0.544761,0.846926,0
1.76383,-0.544094,0.837832,0
1.76392,-0.545552,0.832105,0
1.764,-0.556352,0.840557,0
1.76409,-0.55557,0.83147,0
1.76418,-0.56143,0.832354,0
1.76427,-0.565619,0.830723,0
1.76435,-0.57377,0.83484,0
1.76444,-0.584817,0.84301,0
1.76453,-0.62864,0.897791,0
1.76462,-0.614082,0.868907,0
1.7647,-0.736331,1.0323,0
1.76479,-1.11592,1.55011,0
1.76488,-1.11738,1.53794,0
1.76496,-1.11344,1.51854,0
1.76505,-1.11291,1.50402,0
1.76514,-1.10929,1.48552,0
1.76523,-0.661996,0.878499,0
1.76531,-0.660981,0.869234,0
1.7654,-0.667811,0.870309,0
1.76549,-0.697928,0.901386,0
1.76558,-0.703085,0.899908,0
1.76566,-1.08341,1.3743,0
1.76575,-1.11306,1.3993,0
1.76584,-1.11164,1.38507,0
1.76592,-1.11012,1.37089,0
1.76601,-1.1085,1.35674,0
1.7661,-1.10105,1.33568,0
1.76619,-1.10943,1.33394,0
1.76627,-1.11267,1.32602,0
1.76636,-1.10681,1.30742,0
1.76645,-1.11056,1.30029,0
1.76654,-1.10839,1.28635,0
1.76662,-1.11792,1.28603,0
1.76671,-1.10704,1.26234,0
1.7668,-1.11585,1.26124,0
1.76688,-1.11202,1.24592,0
1.76697,-1.11611,1.23957,0
1.76706,-1.11209,1.22432,0
1.76715,-1.12148,1.22388,0
1.76723,-1.11663,1.20796,0
1.76732,-0.0497859,0.0533888,0
1.76741,-0.026037,0.0276781,0
1.76749,-0.0247808,0.0261135,0
1.76758,-1.1085,1.15795,0
1.76767,-1.10937,1.14879,0
1.76776,-0.016747,0.0171912,0
1.76784,-1.12005,1.13977,0
1.76793,-0.0267526,0.026987,0
1.76802,-1.13915,1.13915,0
