7200
804
0.698132
0.713927,-0.0316807,-0.0319583,0
0.714014,-0.03855,-0.0392288,0
0.714101,-0.0314006,-0.0322336,0
0.714189,-0.0430688,-0.0445991,0
0.714276,-0.0290435,-0.0303393,0
0.714363,-0.0468081,-0.0493255,0
0.714451,-0.0253518,-0.0269497,0
0.714538,-0.0545599,-0.0585083,0
0.714625,-0.044122,-0.047731,0
0.714712,-0.0864756,-0.0943715,0
0.7148,-0.129767,-0.142862,0
0.714887,-0.165944,-0.1843,0
0.714974,-0.207755,-0.23277,0
0.715061,-0.225291,-0.254645,0
0.715149,-0.108133,-0.123302,0
0.715236,-0.115466,-0.132829,0
0.715323,-0.334213,-0.387873,0
0.71541,-0.34161,-0.399974,0
0.715498,-0.346322,-0.409093,0
0.715585,-0.35289,-0.420558,0
0.715672,-0.35361,-0.425169,0
0.71576,-0.287507,-0.348774,0
0.715847,-0.349253,-0.427465,0
0.715934,-0.284453,-0.35127,0
0.716021,-0.293558,-0.365766,0
0.716109,-0.289469,-0.363913,0
0.716196,-0.291593,-0.369884,0
0.716283,-0.295518,-0.378245,0
0.71637,-0.290803,-0.375578,0
0.716458,-0.296467,-0.386363,0
0.716545,-0.300831,-0.395613,0
0.716632,-0.301509,-0.400116,0
0.716719,-0.305146,-0.408639,0
0.716807,-0.290274,-0.392282,0
0.716894,-0.300977,-0.41048,0
0.716981,-0.299183,-0.41179,0
0.717069,-0.296215,-0.411468,0
0.717156,-0.298481,-0.418455,0
0.717243,-0.298384,-0.422204,0
0.71733,-0.306863,-0.438246,0
0.717418,-0.295828,-0.426435,0
0.717505,-0.294531,-0.428546,0
0.717592,-0.300538,-0.441399,0
0.717679,-0.299727,-0.444364,0
0.717767,-0.300564,-0.449825,0
0.717854,-0.304669,-0.460305,0
0.717941,-0.299916,-0.457449,0
0.718028,-0.301185,-0.463785,0
0.718116,-0.300241,-0.466777,0
0.718203,-0.301425,-0.473143,0
0.71829,-0.291887,-0.462613,0
0.718377,-0.292515,-0.468123,0
0.718465,-0.299416,-0.48385,0
0.718552,-0.302004,-0.492826,0
0.718639,-0.299332,-0.493284,0
0.718727,-0.298207,-0.4963,0
0.718814,-0.300129,-0.504472,0
0.718901,-0.30097,-0.510946,0
0.718988,-0.295715,-0.507071,0
0.719076,-0.295,-0.510955,0
0.719163,-0.292272,-0.511369,0
0.71925,-0.297916,-0.526565,0
0.719337,-0.298059,-0.532223,0
0.719425,-0.298643,-0.538766,0
0.719512,-0.299656,-0.546201,0
0.719599,-0.296793,-0.546624,0
0.719686,-0.297245,-0.553199,0
0.719774,-0.297175,-0.558906,0
0.719861,-0.296131,-0.562852,0
0.719948,-0.291363,-0.559704,0
0.720036,-0.29945,-0.581417,0
0.720123,-0.298726,-0.586282,0
0.72021,-0.300216,-0.595617,0
0.720297,-0.297168,-0.596026,0
0.720385,-0.294122,-0.59642,0
0.720472,-0.302038,-0.619269,0
0.720559,-0.304112,-0.630489,0
0.720646,-0.302219,-0.633615,0
0.720734,-0.298172,-0.632214,0
0.720821,-0.296255,-0.635322,0
0.720908,-0.287201,-0.622986,0
0.720995,-0.288626,-0.633333,0
0.721083,-0.294075,-0.652822,0
0.72117,-0.302205,-0.678764,0
0.721257,-0.30206,-0.686484,0
0.721345,-0.299461,-0.688712,0
0.721432,-0.289742,-0.674393,0
0.721519,-0.293048,-0.690379,0
0.721606,-0.293127,-0.699028,0
0.721694,-0.29658,-0.716007,0
0.721781,-0.28853,-0.705262,0
0.721868,-0.288822,-0.714859,0
0.721955,-0.284959,-0.714255,0
0.722043,-0.28807,-0.731308,0
0.72213,-0.284876,-0.732558,0
0.722217,-0.262325,-0.683381,0
0.722304,-0.254381,-0.671427,0
0.722392,-0.264407,-0.707187,0
0.722479,-0.272048,-0.737418,0
0.722566,-0.272248,-0.747995,0
0.722654,-0.269658,-0.751058,0
0.722741,-0.268715,-0.758826,0
0.722828,-0.26639,-0.762824,0
0.722915,-0.262082,-0.761142,0
0.723003,-0.257152,-0.757544,0
0.72309,-0.255748,-0.764349,0
0.723177,-0.249905,-0.75786,0
0.723264,-0.254939,-0.784622,0
0.723352,-0.248769,-0.777155,0
0.723439,-0.24718,-0.783955,0
0.723526,-0.24524,-0.789802,0
0.723613,-0.24413,-0.798514,0
0.723701,-0.242085,-0.80436,0
0.723788,-0.239141,-0.807326,0
0.723875,-0.242332,-0.831403,0
0.723963,-0.236497,-0.824763,0
0.72405,-0.22801,-0.808462,0
0.724137,-0.217532,-0.784395,0
0.724224,-0.204375,-0.74964,0
0.724312,-0.214043,-0.798821,0
0.724399,-0.232706,-0.88388,0
0.724486,-0.249629,-0.965243,0
0.724573,-0.251569,-0.990554,0
0.724661,-0.251357,-1.00814,0
0.724748,-0.250996,-1.02574,0
0.724835,-0.253755,-1.05697,0
0.724922,-0.254183,-1.07948,0
0.72501,-0.254195,-1.10104,0
0.725097,-0.254243,-1.12359,0
0.725184,-0.248473,-1.12079,0
0.725272,-0.255674,-1.17756,0
0.725359,-0.262385,-1.23442,0
0.725446,-0.260661,-1.25318,0
0.725533,-0.250007,-1.22883,0
0.725621,-0.256544,-1.28973,0
0.725708,-0.25473,-1.31047,0
0.725795,-0.267102,-1.40687,0
0.725882,-0.276451,-1.4916,0
0.72597,-0.277236,-1.53314,0
0.726057,-0.264119,-1.49789,0
0.726144,-0.260968,-1.51874,0
0.726231,-0.258465,-1.54452,0
0.726319,-0.254295,-1.56143,0
0.726406,-0.257022,-1.62277,0
0.726493,-0.254807,-1.65551,0
0.726581,-0.24699,-1.65265,0
0.726668,-0.240637,-1.65965,0
0.726755,-0.230749,-1.64186,0
0.726842,-0.224527,-1.64979,0
0.72693,-0.216543,-1.64481,0
0.727017,-0.209364,-1.64574,0
0.727104,-0.201938,-1.64465,0
0.727191,-0.195112,-1.64849,0
0.727279,-0.187351,-1.64436,0
0.727366,-0.18061,-1.64914,0
0.727453,-0.172577,-1.64196,0
0.72754,-0.16531,-1.6417,0
0.727628,-0.158433,-1.64539,0
0.727715,-0.151069,-1.64407,0
0.727802,-0.143633,-1.64173,0
0.72789,-0.135805,-1.63437,0
0.727977,-0.130242,-1.65488,0
0.728064,-0.119833,-1.61255,0
0.728151,-0.110145,-1.57515,0
0.728239,-0.103468,-1.57861,0
0.728326,-0.0992649,-1.62297,0
0.728413,-0.0978518,-1.72322,0
0.7285,-0.0962458,-1.83648,0
0.728588,-0.0901029,-1.87584,0
0.728675,-0.0757233,-1.73435,0
0.728762,-0.0673699,-1.71468,0
0.728849,-0.062156,-1.77992,0
0.728937,-0.0555496,-1.81815,0
0.729024,-0.0472494,-1.80438,0
0.729111,-0.0381543,-1.74858,0
0.729199,-0.0294073,-1.68474,0
0.729286,-0.0220691,-1.68586,0
0.729373,-0.014713,-1.68594,0
0.72946,-0.00734783,-1.68398,0
0.729548,-2.02621e-08,-1.682,0
0.729635,0.00732161,-1.67798,0
0.729722,0.0147478,-1.68994,0
0.729809,0.0219643,-1.67786,0
0.729897,0.0291979,-1.67275,0
0.729984,0.0366926,-1.6816,0
0.730071,0.044527,-1.70042,0
0.730158,0.0521598,-1.7072,0
0.730246,0.0605157,-1.73294,0
0.730333,0.0692543,-1.76264,0
0.73042,0.0816118,-1.86922,0
0.730508,0.0895751,-1.86485,0
0.730595,0.0990196,-1.88941,0
0.730682,0.134078,-2.3612,0
0.730769,0.146578,-2.39652,0
0.730857,0.156967,-2.39486,0
0.730944,0.168671,-2.41211,0
0.731031,0.179565,-2.41634,0
0.731118,0.190106,-2.41553,0
0.731206,0.200065,-2.4077,0
0.731293,0.209087,-2.38987,0
0.73138,0.221159,-2.40686,0
0.731467,0.229838,-2.38696,0
0.731555,0.240552,-2.38892,0
0.731642,0.251809,-2.3958,0
0.731729,0.262587,-2.39766,0
0.731817,0.27282,-2.39451,0
0.731904,0.283735,-2.39727,0
0.731991,0.294071,-2.39501,0
0.732078,0.307042,-2.41355,0
0.732166,0.315873,-2.3993,0
0.732253,0.324451,-2.38402,0
0.73234,0.338608,-2.40932,0
0.732427,0.348257,-2.40188,0
0.732515,0.357847,-2.39441,0
0.732602,0.369812,-2.40271,0
0.732689,0.380918,-2.40502,0
0.732776,0.389158,-2.38952,0
0.732864,0.404202,-2.41541,0
0.732951,0.415076,-2.4156,0
0.733038,0.425612,-2.41376,0
0.733126,0.435072,-2.40598,0
0.733213,0.446841,-2.41094,0
0.7333,0.45717,-2.40799,0
0.733387,0.468245,-2.40891,0
0.733475,0.480898,-2.41764,0
0.733562,0.48885,-2.40278,0
0.733649,0.500959,-2.40845,0
0.733736,0.511463,-2.40624,0
0.733824,0.523867,-2.41278,0
0.733911,0.535039,-2.4134,0
0.733998,0.544681,-2.40714,0
0.734085,0.556979,-2.41254,0
0.734173,0.5675,-2.41009,0
0.73426,0.578711,-2.41051,0
0.734347,0.587559,-2.40116,0
0.734435,0.591015,-2.37043,0
0.734522,0.60406,-2.37849,0
0.734609,0.614182,-2.37487,0
0.734696,0.624539,-2.37216,0
0.734784,0.632554,-2.36072,0
0.734871,0.644426,-2.36373,0
0.734958,0.654467,-2.35993,0
0.735045,0.668286,-2.36956,0
0.735133,0.681927,-2.37816,0
0.73522,0.698733,-2.39724,0
0.735307,0.71089,-2.39993,0
0.735394,0.726831,-2.41499,0
0.735482,0.735315,-2.40511,0
0.735569,0.748767,-2.41143,0
0.735656,0.759884,-2.41004,0
0.735744,0.771002,-2.40861,0
0.735831,0.780577,-2.40237,0
0.735918,0.793557,-2.40654,0
0.736005,0.810396,-2.42202,0
0.736093,0.820635,-2.41751,0
0.73618,0.831175,-2.41391,0
0.736267,0.845327,-2.42064,0
0.736354,0.854546,-2.41316,0
0.736442,0.86777,-2.41694,0
0.736529,0.878308,-2.41313,0
0.736616,0.885714,-2.40083,0
0.736703,0.907387,-2.42692,0
0.736791,0.915134,-2.41545,0
0.736878,0.927456,-2.41611,0
0.736965,0.934728,-2.40365,0
0.737053,0.947406,-2.40513,0
0.73714,0.959373,-2.40469,0
0.737227,0.972479,-2.40697,0
0.737314,0.978428,-2.3916,0
0.737402,0.992298,-2.39562,0
0.737489,1.01125,-2.41156,0
0.737576,1.02176,-2.40712,0
0.737663,1.03739,-2.41458,0
0.737751,1.04313,-2.39903,0
0.737838,1.06406,-2.41825,0
0.737925,1.07378,-2.41176,0
0.738012,1.08265,-2.4034,0
0.7381,1.09479,-2.4023,0
0.738187,1.10819,-2.40386,0
0.738274,1.12332,-2.40897,0
0.738362,1.13211,-2.40042,0
0.738449,1.1499,-2.41081,0
0.738536,1.15432,-2.39316,0
0.738623,1.17089,-2.40068,0
0.738711,1.18666,-2.40631,0
0.738798,1.19983,-2.40648,0
0.738885,1.20851,-2.39765,0
0.738972,1.2226,-2.39948,0
0.73906,1.23855,-2.40479,0
0.739147,1.2458,-2.39316,0
0.739234,1.27113,-2.41602,0
0.739321,1.28917,-2.42457,0
0.739409,1.30731,-2.43302,0
0.739496,1.31553,-2.4229,0
0.739583,1.34003,-2.44256,0
0.739671,1.35116,-2.43757,0
0.739758,1.36325,-2.43426,0
0.739845,1.37238,-2.42568,0
0.739932,1.37899,-2.41272,0
0.74002,1.382,-2.39369,0
0.740107,1.38387,-2.37296,0
0.740194,1.39421,-2.3669,0
0.740281,1.40554,-2.36251,0
0.740369,1.42511,-2.37178,0
0.740456,1.43908,-2.37153,0
0.740543,1.43165,-2.33623,0
0.74063,1.43025,-2.31126,0
0.740718,1.44085,-2.30584,0
0.740805,1.46477,-2.32152,0
0.740892,1.48026,-2.32354,0
0.74098,1.48876,-2.31454,0
0.741067,1.6203,-2.49504,0
0.741154,1.67449,-2.55402,0
0.741241,1.65084,-2.49415,0
0.741329,1.66616,-2.49358,0
0.741416,1.6787,-2.48877,0
0.741503,1.85613,-2.72609,0
0.74159,1.86631,-2.7155,0
0.741678,1.79834,-2.5923,0
0.741765,1.81537,-2.59262,0
0.741852,1.84052,-2.60427,0
0.741939,1.85651,-2.60273,0
0.742027,1.94146,-2.69686,0
0.742114,1.89561,-2.60908,0
0.742201,1.90993,-2.60482,0
0.742289,1.93079,-2.60932,0
0.742376,1.94216,-2.60087,0
0.742463,1.95409,-2.59317,0
0.74255,1.97871,-2.60213,0
0.742638,1.99735,-2.60299,0
0.742725,2.01113,-2.59742,0
0.742812,2.09941,-2.68712,0
0.742899,2.05168,-2.60254,0
0.742987,2.06426,-2.59513,0
0.743074,2.08182,-2.5939,0
0.743161,2.10319,-2.59722,0
0.743248,2.11766,-2.59189,0
0.743336,2.13913,-2.59497,0
0.743423,2.16002,-2.59715,0
0.74351,2.18355,-2.60225,0
0.743598,2.19876,-2.59728,0
0.743685,2.23215,-2.61352,0
0.743772,2.24092,-2.60072,0
0.743859,2.26144,-2.60148,0
0.743947,2.26156,-2.57881,0
0.744034,2.2708,-2.56667,0
0.744121,2.26932,-2.54256,0
0.744208,2.2717,-2.52298,0
0.744296,2.26655,-2.49528,0
0.744383,2.27606,-2.48389,0
0.74447,2.26991,-2.45557,0
0.744557,2.06782,-2.21746,0
0.744645,2.0117,-2.1385,0
0.744732,2.01963,-2.12825,0
0.744819,2.01369,-2.10352,0
0.744907,2.0152,-2.0868,0
0.744994,2.01243,-2.06581,0
0.745081,2.01371,-2.04917,0
0.745168,2.00855,-2.02616,0
0.745256,2.01455,-2.01455,0
0.745343,2.00698,-1.98955,0
0.74543,2.01208,-1.97727,0
0.745517,2.0035,-1.95172,0
0.745605,2.0084,-1.93949,0
0.745692,2.00817,-1.92241,0
0.745779,2.00566,-1.9033,0
0.745866,2.01249,-1.89316,0
0.745954,2.0061,-1.87072,0
0.746041,2.01498,-1.86263,0
0.746128,2.00687,-1.83896,0
0.746216,2.00747,-1.82346,0
0.746303,2.00798,-1.80799,0
0.74639,2.00615,-1.79056,0
0.746477,2.0087,-1.77715,0
0.746565,2.00215,-1.75584,0
0.746652,2.00602,-1.7438,0
0.746739,2.01664,-1.73765,0
0.746826,2.00519,-1.71259,0
0.746914,2.00883,-1.7006,0
0.747001,2.00857,-1.68539,0
0.747088,2.00053,-1.66382,0
0.747175,1.99851,-1.64744,0
0.747263,2.00955,-1.64187,0
0.74735,2.00037,-1.61987,0
0.747437,2.00742,-1.61113,0
0.747524,2.00035,-1.59115,0
0.747612,2.00413,-1.57993,0
0.747699,1.9984,-1.56132,0
0.747786,1.99886,-1.54769,0
0.747874,1.99766,-1.53286,0
0.747961,1.99558,-1.51747,0
0.748048,2.00218,-1.50875,0
0.748135,1.99993,-1.49342,0
0.748223,1.99517,-1.47635,0
0.74831,1.99837,-1.46527,0
0.748397,1.99584,-1.45007,0
0.748484,2.00053,-1.44018,0
0.748572,1.99865,-1.42563,0
0.748659,1.98852,-1.40535,0
0.748746,1.99218,-1.39494,0
0.748833,1.99742,-1.38566,0
0.748921,1.99768,-1.37297,0
0.749008,1.99125,-1.3558,0
0.749095,1.99632,-1.34654,0
0.749183,1.99719,-1.33448,0
0.74927,1.99966,-1.32354,0
0.749357,1.98869,-1.30384,0
0.749444,1.99604,-1.29624,0
0.749532,1.99326,-1.28211,0
0.749619,1.99884,-1.2734,0
0.749706,1.99676,-1.25986,0
0.749793,1.99885,-1.24902,0
0.749881,2.00428,-1.24029,0
0.749968,2.002,-1.22683,0
0.750055,1.99878,-1.21289,0
0.750142,1.98863,-1.19489,0
0.75023,1.98867,-1.18313,0
0.750317,1.99639,-1.17597,0
0.750404,1.98769,-1.15918,0
0.750492,1.99532,-1.152,0
0.750579,2.00033,-1.14328,0
0.750666,1.99486,-1.12863,0
0.750753,2.00674,-1.12383,0
0.750841,1.99851,-1.10779,0
0.750928,2.00332,-1.09906,0
0.751015,1.99931,-1.08554,0
0.751102,1.99434,-1.0716,0
0.75119,1.99723,-1.06194,0
0.751277,1.99742,-1.05089,0
0.751364,1.99666,-1.0394,0
0.751451,1.99407,-1.02701,0
0.751539,1.99853,-1.0183,0
0.751626,1.99491,-1.00552,0
0.751713,1.98675,-0.990559,0
0.751801,1.99554,-0.984092,0
0.751888,1.98903,-0.970115,0
0.751975,1.99865,-0.964034,0
0.752062,1.99923,-0.953582,0
0.75215,1.9898,-0.938451,0
0.752237,1.9966,-0.931028,0
0.752324,1.99882,-0.92147,0
0.752411,1.99373,-0.908593,0
0.752499,1.99676,-0.899474,0
0.752586,1.99336,-0.887499,0
0.752673,1.99172,-0.876377,0
0.75276,2.00286,-0.870868,0
0.752848,2.00296,-0.860542,0
0.752935,2.00118,-0.84945,0
0.753022,1.99657,-0.837229,0
0.75311,1.99466,-0.826214,0
0.753197,1.99639,-0.816745,0
0.753284,1.99715,-0.806903,0
0.753371,1.99044,-0.794105,0
0.753459,1.98458,-0.781747,0
0.753546,1.99077,-0.774168,0
0.753633,2.0016,-0.768341,0
0.75372,1.99651,-0.756411,0
0.753808,1.99324,-0.745241,0
0.753895,1.99459,-0.735845,0
0.753982,1.99873,-0.727477,0
0.754069,1.99623,-0.716721,0
0.754157,1.98803,-0.703999,0
0.754244,1.99014,-0.694988,0
0.754331,1.99221,-0.685972,0
0.754419,1.9895,-0.675344,0
0.754506,1.98863,-0.665388,0
0.754593,1.99247,-0.657018,0
0.75468,1.98676,-0.645537,0
0.754768,1.98575,-0.635642,0
0.754855,1.99518,-0.629077,0
0.754942,1.99217,-0.618586,0
0.755029,1.99103,-0.608718,0
0.755117,1.98313,-0.596855,0
0.755204,1.99147,-0.5899,0
0.755291,1.99498,-0.581485,0
0.755378,1.99654,-0.572499,0
0.755466,1.99806,-0.56351,0
0.755553,1.9899,-0.551847,0
0.75564,1.99132,-0.542896,0
0.755728,1.99753,-0.535238,0
0.755815,1.99115,-0.524225,0
0.755902,1.99826,-0.516784,0
0.755989,1.98983,-0.505353,0
0.756077,1.99105,-0.496424,0
0.756164,1.98251,-0.485117,0
0.756251,1.9953,-0.47903,0
0.756338,1.99737,-0.470319,0
0.756426,1.99843,-0.461375,0
0.756513,1.99262,-0.450885,0
0.7566,1.98969,-0.441104,0
0.756687,1.99648,-0.433479,0
0.756775,1.98857,-0.422685,0
0.756862,1.9904,-0.414004,0
0.756949,1.99219,-0.405315,0
0.757037,1.99099,-0.396033,0
0.757124,1.98681,-0.386197,0
0.757211,1.98258,-0.376406,0
0.757298,1.99109,-0.369027,0
0.757386,1.99367,-0.360514,0
0.757473,1.9903,-0.350943,0
0.75756,1.98392,-0.340901,0
0.757647,1.98737,-0.332571,0
0.757735,1.98485,-0.323253,0
0.757822,1.9892,-0.315059,0
0.757909,1.98364,-0.305312,0
0.757996,1.99188,-0.297688,0
0.758084,1.98623,-0.28799,0
0.758171,1.98351,-0.278764,0
0.758258,1.98074,-0.269567,0
0.758346,1.98884,-0.261836,0
0.758433,1.99492,-0.253786,0
0.75852,1.9841,-0.243617,0
0.758607,1.98713,-0.235192,0
0.758695,1.98516,-0.22618,0
0.758782,1.97618,-0.216427,0
0.758869,1.95921,-0.205921,0
0.758956,1.8984,-0.191159,0
0.759044,1.73697,-0.167251,0
0.759131,1.69685,-0.155919,0
0.759218,1.69353,-0.148165,0
0.759305,1.68519,-0.140029,0
0.759393,1.68479,-0.132596,0
0.75948,1.69034,-0.125614,0
0.759567,1.68489,-0.117819,0
0.759655,1.68339,-0.110335,0
0.759742,1.68086,-0.102806,0
0.759829,1.68728,-0.0958109,0
0.759916,1.69667,-0.0889188,0
0.760004,1.70204,-0.0817548,0
0.760091,1.68639,-0.0736296,0
0.760178,1.67771,-0.0659173,0
0.760265,1.68597,-0.0588755,0
0.760353,1.69021,-0.0516407,0
0.76044,1.69242,-0.0443176,0
0.760527,1.6966,-0.0370199,0
0.760614,1.69774,-0.0296342,0
0.760702,1.68786,-0.0220953,0
0.760789,1.69694,-0.014809,0
0.760876,1.69098,-0.0073784,0
0.760964,1.696,-4.10676e-08,0
0.761051,1.69598,0.00740013,0
0.761138,1.69694,0.0148089,0
0.761225,1.68686,0.0220821,0
0.761313,1.66775,0.0291106,0
0.7614,1.6706,0.0364526,0
0.761487,1.67842,0.0439511,0
0.761574,1.67122,0.0510604,0
0.761662,1.66798,0.0582472,0
0.761749,1.65272,0.0649357,0
0.761836,1.65243,0.0721464,0
0.761923,1.67107,0.0802674,0
0.762011,1.65972,0.0869823,0
0.762098,1.65733,0.09411,0
0.762185,1.66389,0.101768,0
0.762273,1.65844,0.1087,0
0.76236,1.66593,0.116493,0
0.762447,1.6694,0.124058,0
0.762534,1.67183,0.131576,0
0.762622,1.66825,0.138621,0
0.762709,1.6746,0.146509,0
0.762796,1.71577,0.157657,0
0.762883,1.81759,0.175014,0
0.762971,1.73224,0.174427,0
0.763058,1.70262,0.178953,0
0.763145,1.68691,0.184747,0
0.763232,1.69404,0.193011,0
0.76332,1.69417,0.200519,0
0.763407,1.68534,0.206934,0
0.763494,1.68244,0.214033,0
0.763582,1.69735,0.223461,0
0.763669,1.70033,0.231404,0
0.763756,1.69039,0.237568,0
0.763843,1.69725,0.24609,0
0.763931,1.69221,0.252902,0
0.764018,1.70196,0.261956,0
0.764105,1.69389,0.268285,0
0.764192,1.69467,0.275995,0
0.76428,1.69444,0.283552,0
0.764367,1.69417,0.291112,0
0.764454,1.70372,0.300411,0
0.764541,1.69747,0.306953,0
0.764629,1.6971,0.314538,0
0.764716,1.70062,0.322873,0
0.764803,1.6992,0.33029,0
0.764891,1.68989,0.336141,0
0.764978,1.69821,0.345505,0
0.765065,1.70941,0.355558,0
0.765152,1.71469,0.364469,0
0.76524,1.73068,0.375767,0
0.765327,1.76124,0.390457,0
0.765414,1.85413,0.419546,0
0.765501,1.94971,0.450127,0
0.765589,1.97401,0.464818,0
0.765676,1.97197,0.473427,0
0.765763,1.97182,0.482502,0
0.76585,1.97455,0.492311,0
0.765938,1.96657,0.499445,0
0.766025,1.97115,0.509774,0
0.766112,1.98051,0.521425,0
0.7662,1.96952,0.527732,0
0.766287,1.96431,0.535532,0
0.766374,1.96966,0.546235,0
0.766461,1.9817,0.558896,0
0.766549,1.97828,0.567262,0
0.766636,1.97386,0.575328,0
0.766723,1.97517,0.585072,0
0.76681,1.9793,0.595702,0
0.766898,1.97955,0.605209,0
0.766985,1.97785,0.614138,0
0.767072,1.97229,0.62186,0
0.767159,1.97622,0.632593,0
0.767247,1.97439,0.641519,0
0.767334,1.98107,0.65326,0
0.767421,1.98389,0.663801,0
0.767509,1.98003,0.67213,0
0.767596,1.97613,0.680437,0
0.767683,1.97031,0.688064,0
0.76777,1.97766,0.700327,0
0.767858,1.97176,0.707935,0
0.767945,1.97711,0.71961,0
0.768032,1.97489,0.728576,0
0.768119,1.97263,0.737537,0
0.768207,1.97501,0.748263,0
0.768294,1.97079,0.756515,0
0.768381,1.97399,0.767644,0
0.768468,1.98086,0.780281,0
0.768556,1.97558,0.788176,0
0.768643,1.98046,0.80016,0
0.76873,1.97881,0.809551,0
0.768818,1.97156,0.816646,0
0.768905,1.97628,0.828721,0
0.768992,1.97632,0.8389,0
0.769079,1.97173,0.84712,0
0.769167,1.97535,0.858905,0
0.769254,1.97707,0.869933,0
0.769341,1.97326,0.878551,0
0.769428,1.97032,0.887563,0
0.769516,1.96461,0.895323,0
0.769603,1.9743,0.910166,0
0.76969,1.97394,0.920462,0
0.769777,1.97081,0.929493,0
0.769865,1.98298,0.945833,0
0.769952,1.99054,0.960124,0
0.770039,1.97735,0.964417,0
0.770127,1.97581,0.974362,0
0.770214,1.96349,0.978958,0
0.770301,1.97795,0.996968,0
0.770388,1.96734,1.00241,0
0.770476,1.97451,1.01694,0
0.770563,1.97271,1.02693,0
0.77065,1.96556,1.03413,0
0.770737,1.9725,1.0488,0
0.770825,1.96879,1.05787,0
0.770912,1.97382,1.0717,0
0.770999,1.95948,1.07501,0
0.771086,1.96615,1.08985,0
0.771174,1.96835,1.10233,0
0.771261,1.96961,1.11435,0
0.771348,1.96994,1.12592,0
0.771436,1.97107,1.138,0
0.771523,1.96868,1.1481,0
0.77161,1.97227,1.16176,0
0.771697,1.96546,1.16933,0
0.771785,1.96977,1.18356,0
0.771872,1.97143,1.19629,0
0.771959,1.96107,1.20175,0
0.772046,1.96091,1.21345,0
0.772134,1.96662,1.22888,0
0.772221,1.96801,1.24172,0
0.772308,1.96089,1.24922,0
0.772395,1.95794,1.25939,0
0.772483,1.96752,1.27772,0
0.77257,1.9636,1.28739,0
0.772657,1.96213,1.29871,0
0.772745,1.96393,1.31226,0
0.772832,1.96482,1.32529,0
0.772919,1.97059,1.34173,0
0.773006,1.96389,1.34975,0
0.773094,1.97195,1.36799,0
0.773181,1.96351,1.37486,0
0.773268,1.96402,1.38803,0
0.773355,1.96365,1.40066,0
0.773443,1.96726,1.41622,0
0.77353,1.96753,1.42949,0
0.773617,1.9645,1.44043,0
0.773704,1.96784,1.45613,0
0.773792,1.96387,1.46649,0
0.773879,1.96544,1.48107,0
0.773966,1.96374,1.49326,0
0.774054,1.96831,1.51034,0
0.774141,1.95854,1.51646,0
0.774228,1.95978,1.53115,0
0.774315,1.95937,1.54464,0
0.774403,1.96748,1.565,0
0.77449,1.95595,1.56982,0
0.774577,1.96463,1.59092,0
0.774664,1.96541,1.60581,0
0.774752,1.96456,1.61946,0
0.774839,1.96055,1.63057,0
0.774926,1.9672,1.65068,0
0.775013,1.96761,1.66571,0
0.775101,1.96565,1.67882,0
0.775188,1.96058,1.68934,0
0.775275,1.95168,1.69657,0
0.775362,1.96155,1.72023,0
0.77545,1.95403,1.72878,0
0.775537,1.96512,1.75393,0
0.775624,1.96487,1.76918,0
0.775712,1.95936,1.77975,0
0.775799,1.95673,1.79302,0
0.775886,1.96725,1.81851,0
0.775973,1.96295,1.83048,0
0.776061,1.95786,1.84177,0
0.776148,1.95706,1.85718,0
0.776235,1.96483,1.88092,0
0.776322,1.96236,1.89503,0
0.77641,1.96338,1.91264,0
0.776497,1.96714,1.93311,0
0.776584,1.97005,1.95294,0
0.776671,1.96151,1.96151,0
0.776759,1.96561,1.98284,0
0.776846,1.96185,1.99639,0
0.776933,1.96219,2.01424,0
0.777021,1.96658,2.03645,0
0.777108,1.96597,2.05368,0
0.777195,1.96938,2.0753,0
0.777282,1.96648,2.09042,0
0.77737,1.96279,2.10484,0
0.777457,1.96106,2.12146,0
0.777544,1.96597,2.14548,0
0.777631,1.96802,2.16662,0
0.777719,1.96925,2.18708,0
0.777806,1.96568,2.20236,0
0.777893,1.96798,2.2244,0
0.77798,1.96947,2.24575,0
0.778068,1.96818,2.26413,0
0.778155,1.96611,2.28179,0
0.778242,1.96718,2.30327,0
0.77833,1.96486,2.32099,0
0.778417,1.96564,2.34256,0
0.778504,1.96947,2.36803,0
0.778591,1.96485,2.38355,0
0.778679,1.96265,2.40217,0
0.778766,1.96663,2.42858,0
0.778853,1.96227,2.44494,0
0.77894,1.95594,2.45895,0
0.779028,1.95572,2.48082,0
0.779115,1.96519,2.51533,0
0.779202,1.96583,2.5389,0
0.779289,1.96813,2.56491,0
0.779377,1.96902,2.58939,0
0.779464,1.96132,2.60275,0
0.779551,1.9655,2.63212,0
0.779639,1.96173,2.65112,0
0.779726,1.9667,2.68223,0
0.779813,1.97202,2.71425,0
0.7799,1.966,2.73095,0
0.779988,1.96278,2.75171,0
0.780075,1.96807,2.78475,0
0.780162,1.96851,2.81133,0
0.780249,1.96763,2.83633,0
0.780337,1.966,2.86054,0
0.780424,1.967,2.88893,0
0.780511,1.97171,2.92319,0
0.780598,1.96783,2.94507,0
0.780686,1.96876,2.97447,0
0.780773,1.97002,3.00478,0
0.78086,1.96941,3.03263,0
0.780948,1.97077,3.06391,0
0.781035,1.9692,3.09103,0
0.781122,1.96157,3.1089,0
0.781209,1.9448,3.11234,0
0.781297,1.927,3.11399,0
0.781384,1.90607,3.11043,0
0.781471,1.89041,3.1153,0
0.781558,1.87319,3.11752,0
0.781646,1.85241,3.11363,0
0.781733,1.83627,3.11737,0
0.78182,1.81107,3.10549,0
0.781907,1.789,3.09864,0
0.781995,1.77497,3.10555,0
0.782082,1.755,3.10195,0
0.782169,1.73509,3.09823,0
0.782257,1.72204,3.10665,0
0.782344,1.70559,3.10887,0
0.782431,1.68246,3.09871,0
0.782518,1.67319,3.11395,0
0.782606,1.65066,3.10444,0
0.782693,1.6371,3.11162,0
0.78278,1.61335,3.09922,0
0.782867,1.59706,3.10089,0
0.782955,1.58397,3.10872,0
0.783042,1.56454,3.10399,0
0.783129,1.54741,3.10363,0
0.783216,1.52855,3.09959,0
0.783304,1.51633,3.10893,0
0.783391,1.49623,3.102,0
0.783478,1.47881,3.10038,0
0.783566,1.46356,3.10319,0
0.783653,1.4424,3.09323,0
0.78374,1.43056,3.10313,0
0.783827,1.40996,3.09387,0
0.783915,1.39439,3.09543,0
0.784002,1.38046,3.10057,0
0.784089,1.35806,3.08643,0
0.784176,1.34697,3.09783,0
0.784264,1.32989,3.09541,0
0.784351,1.31833,3.10578,0
0.784438,1.29626,3.09122,0
0.784525,1.28046,3.0913,0
0.784613,1.26734,3.09778,0
0.7847,1.24856,3.0903,0
0.784787,1.23396,3.09294,0
0.784875,1.21715,3.08992,0
0.784962,1.20656,3.10265,0
0.785049,1.18656,3.09108,0
0.785136,1.1727,3.0953,0
0.785224,1.15393,3.08633,0
0.785311,1.13769,3.08383,0
0.785398,1.12593,3.09347,0
0.785485,1.11073,3.09365,0
0.785573,1.09455,3.09092,0
0.78566,1.08007,3.09284,0
0.785747,1.06493,3.09279,0
0.785834,1.04886,3.08983,0
0.785922,1.03378,3.08964,0
0.786009,1.0206,3.09507,0
0.786096,1.00214,3.08428,0
0.786184,0.98837,3.08767,0
0.786271,0.975189,3.0929,0
0.786358,0.959905,3.0914,0
0.786445,0.944946,3.09078,0
0.786533,0.92828,3.08434,0
0.78662,0.915666,3.09123,0
0.786707,0.89965,3.08656,0
0.786794,0.88452,3.08469,0
0.786882,0.871324,3.08948,0
0.786969,0.857034,3.09036,0
0.787056,0.839859,3.08057,0
0.787143,0.825374,3.08034,0
0.787231,0.811417,3.08198,0
0.787318,0.798462,3.08742,0
0.787405,0.784491,3.08894,0
0.787493,0.771247,3.0933,0
0.78758,0.75394,3.0811,0
0.787667,0.740022,3.08241,0
0.787754,0.727482,3.08951,0
0.787842,0.71152,3.08193,0
0.787929,0.696521,3.07818,0
0.788016,0.684599,3.08802,0
0.788103,0.670057,3.0861,0
0.788191,0.656169,3.08703,0
0.788278,0.641675,3.08497,0
0.788365,0.628607,3.0897,0
0.788452,0.611218,3.0728,0
0.78854,0.600094,3.08722,0
0.788627,0.586245,3.08784,0
0.788714,0.571855,3.08545,0
0.788802,0.55643,3.0771,0
0.788889,0.543172,3.08048,0
0.788976,0.529895,3.0838,0
0.789063,0.516269,3.0851,0
0.789151,0.501838,3.0814,0
0.789238,0.487919,3.0806,0
0.789325,0.473104,3.0738,0
0.789412,0.461313,3.08672,0
0.7895,0.446693,3.08078,0
0.789587,0.432689,3.07874,0
0.789674,0.419791,3.08457,0
0.789761,0.405284,3.07844,0
0.789849,0.391596,3.07819,0
0.789936,0.377551,3.07491,0
0.790023,0.364484,3.07951,0
0.790111,0.35093,3.08007,0
0.790198,0.337379,3.08058,0
0.790285,0.323411,3.07705,0
0.790372,0.309581,3.07445,0
0.79046,0.296068,3.07478,0
0.790547,0.283289,3.08301,0
0.790634,0.268788,3.07226,0
0.790721,0.255795,3.07839,0
0.790809,0.241811,3.0725,0
0.790896,0.228921,3.08051,0
0.790983,0.215059,3.07549,0
0.79107,0.201115,3.06842,0
0.791158,0.188152,3.07625,0
0.791245,0.174671,3.07604,0
0.791332,0.161561,3.08277,0
0.79142,0.147965,3.08045,0
0.791507,0.134653,3.08406,0
0.791594,0.120842,3.07563,0
0.791681,0.107351,3.07413,0
0.791769,0.0939671,3.07556,0
0.791856,0.080311,3.06695,0
0.791943,0.0668845,3.06527,0
0.79203,0.0535266,3.06653,0
0.792118,0.040303,3.07874,0
0.792205,0.0268342,3.07488,0
0.792292,0.0134129,3.07397,0
0.792379,1.11621e-07,3.068,0
0.792467,-0.0134127,3.07397,0
0.792554,-0.0268689,3.07888,0
0.792641,-0.0401457,3.06674,0
0.792729,-0.0535264,3.06653,0
0.792816,-0.067037,3.07227,0
0.792903,-0.0806511,3.07994,0
0.79299,-0.0937531,3.06857,0
0.793078,-0.107211,3.07013,0
0.793165,-0.120488,3.06663,0
0.793252,-0.133868,3.06608,0
0.793339,-0.147533,3.07146,0
0.793427,-0.160619,3.06479,0
0.793514,-0.17382,3.06107,0
0.793601,-0.187358,3.06328,0
0.793688,-0.201115,3.06842,0
0.793776,-0.214501,3.06751,0
0.793863,-0.227958,3.06754,0
0.79395,-0.241419,3.06751,0
0.794038,-0.254635,3.06444,0
0.794125,-0.268265,3.06629,0
0.794212,-0.280544,3.05314,0
0.794299,-0.294917,3.06283,0
0.794387,-0.308279,3.06152,0
0.794474,-0.321634,3.06014,0
0.794561,-0.336181,3.06965,0
0.794648,-0.348553,3.05921,0
0.794736,-0.361545,3.05468,0
0.794823,-0.376332,3.06498,0
0.79491,-0.390081,3.06629,0
0.794997,-0.403587,3.06555,0
0.795085,-0.41588,3.05583,0
0.795172,-0.43088,3.06587,0
0.795259,-0.444397,3.06495,0
0.795347,-0.458505,3.06793,0
0.795434,-0.471735,3.06491,0
0.795521,-0.485416,3.0648,0
0.795608,-0.498784,3.06265,0
0.795696,-0.513463,3.06833,0
0.795783,-0.526338,3.06311,0
0.79587,-0.539525,3.0598,0
0.795957,-0.553582,3.06135,0
0.796045,-0.568028,3.06481,0
0.796132,-0.581022,3.06033,0
0.796219,-0.593988,3.05581,0
0.796306,-0.609072,3.06201,0
0.796394,-0.621629,3.05541,0
0.796481,-0.637602,3.06539,0
0.796568,-0.6491,3.05378,0
0.796656,-0.66157,3.04701,0
0.796743,-0.676374,3.05093,0
0.79683,-0.694093,3.06745,0
0.796917,-0.707246,3.06342,0
0.797005,-0.720377,3.05933,0
0.797092,-0.735119,3.06199,0
0.797179,-0.746334,3.05001,0
0.797266,-0.762538,3.05837,0
0.797354,-0.776367,3.05695,0
0.797441,-0.792703,3.06516,0
0.797528,-0.803524,3.052,0
0.797615,-0.820974,3.06392,0
0.797703,-0.833546,3.05741,0
0.79779,-0.846878,3.05374,0
0.797877,-0.861009,3.05291,0
0.797965,-0.876527,3.05681,0
0.798052,-0.889576,3.052,0
0.798139,-0.905441,3.05672,0
0.798226,-0.919346,3.05465,0
0.798314,-0.930911,3.04487,0
0.798401,-0.946561,3.04842,0
0.798488,-0.962559,3.05285,0
0.798575,-0.97709,3.05243,0
0.798663,-0.989163,3.04433,0
0.79875,-1.00713,3.05423,0
0.798837,-1.02045,3.04981,0
0.798924,-1.02925,3.03207,0
0.799012,-1.04638,3.0389,0
0.799099,-1.06325,3.04469,0
0.799186,-1.07519,3.03625,0
0.799274,-1.08674,3.02682,0
0.799361,-1.10815,3.0446,0
0.799448,-1.1138,3.0191,0
0.799535,-1.1,2.94209,0
0.799623,-1.10326,2.91201,0
0.79971,-1.11524,2.9053,0
0.799797,-1.11486,2.86686,0
0.799884,-1.116,2.83312,0
0.799972,-1.11834,2.80315,0
0.800059,-1.12082,2.77413,0
0.800146,-1.11853,2.73405,0
0.800233,-1.12088,2.70604,0
0.800321,-1.11682,2.66332,0
0.800408,-1.1171,2.63172,0
0.800495,-1.11752,2.6011,0
0.800583,-1.1169,2.56869,0
0.80067,-1.11843,2.54182,0
0.800757,-1.1169,2.5086,0
0.800844,-1.11633,2.47817,0
0.800932,-1.1147,2.44598,0
0.801019,-1.11405,2.41657,0
0.801106,-1.11022,2.38087,0
0.801193,-1.1142,2.36244,0
0.801281,-1.11201,2.33138,0
0.801368,-1.11175,2.30489,0
0.801455,-1.10689,2.26946,0
0.801542,-1.11014,2.25115,0
0.80163,-1.11148,2.22928,0
0.801717,-1.11039,2.20298,0
0.801804,-1.10683,2.17227,0
0.801892,-1.10805,2.15142,0
0.801979,-1.10635,2.12528,0
0.802066,-1.10677,2.10362,0
0.802153,-1.10795,2.08376,0
0.802241,-1.10473,2.056,0
0.802328,-1.10415,2.03358,0
0.802415,-1.10531,2.01472,0
0.802502,-1.10731,1.99763,0
0.80259,-1.10184,1.96748,0
0.802677,-1.10401,1.95134,0
0.802764,-1.1021,1.92827,0
0.802851,-1.1045,1.91305,0
0.802939,-1.09873,1.88403,0
0.803026,-1.09882,1.86543,0
0.803113,-1.09775,1.84515,0
0.8032,-1.09806,1.82748,0
0.803288,-1.09824,1.80985,0
0.803375,-1.10247,1.79907,0
0.803462,-1.10242,1.78149,0
0.80355,-1.09905,1.75885,0
0.803637,-1.09604,1.73712,0
0.803724,-1.09717,1.72221,0
0.803811,-1.0998,1.70983,0
0.803899,-1.09908,1.69244,0
0.803986,-1.09713,1.67341,0
0.804073,-1.09891,1.66027,0
0.80416,-1.09725,1.64215,0
0.804248,-1.09378,1.6216,0
0.804335,-1.09916,1.61433,0
0.804422,-1.0943,1.59221,0
0.804509,-1.09667,1.58085,0
0.804597,-1.09496,1.56376,0
0.804684,-1.09311,1.54672,0
0.804771,-1.09579,1.53624,0
0.804859,-1.09839,1.52576,0
0.804946,-1.09622,1.50882,0
0.805033,-1.09451,1.49273,0
0.80512,-1.09269,1.47669,0
0.805208,-1.09434,1.46549,0
0.805295,-1.0953,1.45352,0
0.805382,-1.09861,1.44474,0
0.805469,-1.09273,1.42407,0
0.805557,-1.10505,1.42719,0
0.805644,-1.0928,1.39872,0
0.805731,-1.09703,1.39158,0
0.805818,-1.09812,1.38052,0
0.805906,-1.09537,1.3648,0
0.805993,-1.09061,1.34679,0
0.80608,-1.09395,1.33892,0
0.806168,-1.09533,1.32874,0
0.806255,-1.09216,1.31318,0
0.806342,-1.08952,1.29845,0
0.806429,-1.09389,1.29215,0
0.806517,-1.09302,1.27976,0
0.806604,-1.09925,1.27574,0
0.806691,-1.09955,1.26489,0
0.806778,-1.09517,1.24881,0
0.806866,-1.09929,1.24252,0
0.806953,-1.09671,1.22876,0
0.80704,-1.1054,1.22768,0
0.807127,-1.10268,1.21396,0
0.807215,-1.10797,1.20913,0
0.807302,-1.10645,1.19695,0
0.807389,-0.0265979,0.0285228,0
0.807477,-0.0178148,0.0189376,0
0.807564,-0.0433663,0.0456986,0
0.807651,-0.0470229,0.0491208,0
0.807738,-0.0514047,0.0532311,0
0.807826,-0.0230271,0.023638,0
0.807913,-0.0161209,0.0164048,0
0.808,-0.0619533,0.0624963,0
