7200
1530
1.32645
1.34216,-0.0565685,-0.0565685,0
1.34225,-0.0823697,-0.0830917,0
1.34233,-0.0890155,-0.0905828,0
1.34242,-0.100482,-0.103147,0
1.34251,-0.11184,-0.115814,0
1.34259,-0.13692,-0.143028,0
1.34268,-0.136294,-0.143624,0
1.34277,-0.224055,-0.238177,0
1.34286,-0.143902,-0.154316,0
1.34294,-0.159518,-0.172566,0
1.34303,-0.170924,-0.186531,0
1.34312,-0.167419,-0.184314,0
1.34321,-0.17665,-0.19619,0
1.34329,-0.179122,-0.200689,0
1.34338,-0.238543,-0.269624,0
1.34347,-0.268354,-0.305999,0
1.34355,-0.280137,-0.322261,0
1.34364,-0.283298,-0.328783,0
1.34373,-0.289654,-0.339141,0
1.34382,-0.289464,-0.341928,0
1.3439,-0.280898,-0.334761,0
1.34399,-0.285829,-0.343672,0
1.34408,-0.285599,-0.346459,0
1.34417,-0.292943,-0.358544,0
1.34425,-0.298927,-0.369144,0
1.34434,-0.304825,-0.379804,0
1.34443,-0.295072,-0.370956,0
1.34451,-0.295308,-0.374596,0
1.3446,-0.30229,-0.386913,0
1.34469,-0.304884,-0.393763,0
1.34478,-0.311077,-0.405404,0
1.34486,-0.306279,-0.402777,0
1.34495,-0.302111,-0.400915,0
1.34504,-0.296769,-0.397422,0
1.34513,-0.296222,-0.400321,0
1.34521,-0.300385,-0.409674,0
1.3453,-0.303885,-0.418262,0
1.34539,-0.298552,-0.414714,0
1.34547,-0.296739,-0.416013,0
1.34556,-0.302424,-0.42792,0
1.34565,-0.29998,-0.428417,0
1.34574,-0.295828,-0.426435,0
1.34582,-0.303594,-0.441732,0
1.34591,-0.305603,-0.448838,0
1.346,-0.300287,-0.445193,0
1.34609,-0.301119,-0.450657,0
1.34617,-0.29915,-0.451966,0
1.34626,-0.303206,-0.462466,0
1.34635,-0.304453,-0.468817,0
1.34643,-0.301864,-0.4693,0
1.34652,-0.304112,-0.47736,0
1.34661,-0.293488,-0.46515,0
1.3467,-0.299404,-0.479147,0
1.34678,-0.295732,-0.477898,0
1.34687,-0.298347,-0.486858,0
1.34696,-0.299332,-0.493284,0
1.34705,-0.299237,-0.498014,0
1.34713,-0.297061,-0.499315,0
1.34722,-0.304015,-0.516116,0
1.34731,-0.295715,-0.507071,0
1.34739,-0.296,-0.512687,0
1.34748,-0.296737,-0.519183,0
1.34757,-0.296439,-0.523954,0
1.34766,-0.300502,-0.536585,0
1.34774,-0.299128,-0.53964,0
1.34783,-0.295327,-0.53831,0
1.34792,-0.296793,-0.546624,0
1.34801,-0.294878,-0.548795,0
1.34809,-0.298584,-0.561555,0
1.34818,-0.293337,-0.557542,0
1.34827,-0.297828,-0.572122,0
1.34835,-0.293039,-0.568971,0
1.34844,-0.29464,-0.578263,0
1.34853,-0.292114,-0.579543,0
1.34862,-0.290921,-0.583497,0
1.3487,-0.286161,-0.580277,0
1.34879,-0.289325,-0.593204,0
1.34888,-0.285865,-0.592659,0
1.34896,-0.298344,-0.625492,0
1.34905,-0.295612,-0.626787,0
1.34914,-0.29541,-0.633509,0
1.34923,-0.291806,-0.632976,0
1.34931,-0.292359,-0.641523,0
1.3494,-0.293664,-0.65191,0
1.34949,-0.294071,-0.660493,0
1.34958,-0.288367,-0.655363,0
1.34966,-0.292682,-0.673122,0
1.34975,-0.287374,-0.66888,0
1.34984,-0.291095,-0.685776,0
1.34992,-0.29274,-0.698106,0
1.35001,-0.293518,-0.708616,0
1.3501,-0.294589,-0.72007,0
1.35019,-0.292193,-0.723203,0
1.35027,-0.288664,-0.723543,0
1.35036,-0.278907,-0.708048,0
1.35045,-0.280527,-0.721374,0
1.35054,-0.293145,-0.763669,0
1.35062,-0.296187,-0.781773,0
1.35071,-0.295575,-0.790551,0
1.3508,-0.295584,-0.801215,0
1.35088,-0.294821,-0.810015,0
1.35097,-0.295677,-0.823529,0
1.35106,-0.297756,-0.840836,0
1.35115,-0.294084,-0.842127,0
1.35123,-0.298546,-0.867041,0
1.35132,-0.295081,-0.869282,0
1.35141,-0.292238,-0.873406,0
1.3515,-0.293121,-0.888918,0
1.35158,-0.296038,-0.911112,0
1.35167,-0.290231,-0.906681,0
1.35176,-0.295293,-0.93655,0
1.35184,-0.30099,-0.969345,0
1.35193,-0.308452,-1.0089,0
1.35202,-0.309523,-1.02843,0
1.35211,-0.309293,-1.04415,0
1.35219,-0.301376,-1.03397,0
1.35228,-0.300169,-1.04681,0
1.35237,-0.297499,-1.05485,0
1.35246,-0.300643,-1.08408,0
1.35254,-0.29854,-1.09503,0
1.35263,-0.297901,-1.11178,0
1.35272,-0.291774,-1.10823,0
1.3528,-0.297952,-1.1521,0
1.35289,-0.303999,-1.197,0
1.35298,-0.296112,-1.18764,0
1.35307,-0.292354,-1.19475,0
1.35315,-0.287138,-1.19602,0
1.35324,-0.282146,-1.19823,0
1.35333,-0.279839,-1.21212,0
1.35342,-0.285583,-1.26209,0
1.3535,-0.290029,-1.30824,0
1.35359,-0.291532,-1.34272,0
1.35368,-0.290661,-1.36745,0
1.35376,-0.294059,-1.41374,0
1.35385,-0.285894,-1.40521,0
1.35394,-0.282881,-1.42214,0
1.35403,-0.276864,-1.42434,0
1.35411,-0.271952,-1.43241,0
1.3542,-0.265153,-1.43064,0
1.35429,-0.259442,-1.43473,0
1.35438,-0.236856,-1.34328,0
1.35446,-0.226082,-1.31572,0
1.35455,-0.225125,-1.34529,0
1.35464,-0.230023,-1.41239,0
1.35472,-0.235434,-1.48647,0
1.35481,-0.221948,-1.44202,0
1.3549,-0.215211,-1.44001,0
1.35499,-0.222414,-1.53396,0
1.35507,-0.218363,-1.55373,0
1.35516,-0.21266,-1.5626,0
1.35525,-0.20597,-1.5645,0
1.35534,-0.198259,-1.55844,0
1.35542,-0.191822,-1.56227,0
1.35551,-0.185239,-1.56508,0
1.3556,-0.177616,-1.55891,0
1.35568,-0.170812,-1.55967,0
1.35577,-0.163796,-1.55842,0
1.35586,-0.157997,-1.56907,0
1.35595,-0.15019,-1.55979,0
1.35603,-0.143566,-1.56242,0
1.35612,-0.135789,-1.55207,0
1.35621,-0.129678,-1.56062,0
1.3563,-0.123652,-1.57114,0
1.35638,-0.116943,-1.57366,0
1.35647,-0.109169,-1.56119,0
1.35656,-0.102879,-1.56963,0
1.35664,-0.098105,-1.604,0
1.35673,-0.0917289,-1.6154,0
1.35682,-0.0856216,-1.63376,0
1.35691,-0.0800275,-1.66608,0
1.35699,-0.0760722,-1.74234,0
1.35708,-0.0695684,-1.77063,0
1.35717,-0.0620513,-1.77692,0
1.35726,-0.0553358,-1.81115,0
1.35734,-0.0474327,-1.81138,0
1.35743,-0.0398558,-1.82657,0
1.35752,-0.032095,-1.83872,0
1.3576,-0.0239671,-1.83084,0
1.35769,-0.0158823,-1.81993,0
1.35778,-0.00793252,-1.81798,0
1.35787,-2.20811e-08,-1.833,0
1.35795,0.00794556,-1.82098,0
1.35804,0.0160132,-1.83493,0
1.35813,0.0263101,-2.00983,0
1.35822,0.0371212,-2.12668,0
1.3583,0.0488435,-2.23847,0
1.35839,0.0593955,-2.26822,0
1.35848,0.0689865,-2.25795,0
1.35856,0.078803,-2.25662,0
1.35865,0.0879812,-2.23927,0
1.35874,0.0970967,-2.22388,0
1.35883,0.108047,-2.24941,0
1.35891,0.117808,-2.24792,0
1.359,0.127615,-2.24738,0
1.35909,0.137603,-2.2498,0
1.35918,0.14768,-2.25317,0
1.35926,0.156673,-2.24053,0
1.35935,0.282131,-3.79653,0
1.35944,0.178808,-2.27197,0
1.35952,0.187643,-2.25822,0
1.35961,0.193747,-2.21454,0
1.3597,0.205696,-2.23857,0
1.35979,0.217378,-2.25756,0
1.35987,0.225423,-2.23868,0
1.35996,0.235294,-2.23867,0
1.36005,0.250612,-2.28832,0
1.36014,0.253575,-2.2256,0
1.36022,0.44817,-3.78657,0
1.36031,0.463835,-3.77763,0
1.3604,0.284074,-2.233,0
1.36048,0.292901,-2.2248,0
1.36057,0.309887,-2.27701,0
1.36066,0.533311,-3.79471,0
1.36075,0.550581,-3.79729,0
1.36083,0.334493,-2.23814,0
1.36092,0.583393,-3.79037,0
1.36101,0.59977,-3.7868,0
1.3611,0.372601,-2.28786,0
1.36118,0.632297,-3.77846,0
1.36127,0.651487,-3.79143,0
1.36136,0.391056,-2.21779,0
1.36144,0.685261,-3.78954,0
1.36153,0.701607,-3.78553,0
1.36162,0.718304,-3.78342,0
1.36171,0.736332,-3.7881,0
1.36179,0.753634,-3.78877,0
1.36188,0.770158,-3.78545,0
1.36197,0.788297,-3.78989,0
1.36205,0.805242,-3.78837,0
1.36214,0.821552,-3.78384,0
1.36223,0.840435,-3.79096,0
1.36232,0.855202,-3.77945,0
1.3624,0.874385,-3.78738,0
1.36249,0.892965,-3.79229,0
1.36258,0.908803,-3.78544,0
1.36267,0.925786,-3.78338,0
1.36275,0.944947,-3.78997,0
1.36284,0.960736,-3.78291,0
1.36293,0.979487,-3.78739,0
1.36301,0.994475,-3.77728,0
1.3631,1.01405,-3.7845,0
1.36319,1.03029,-3.77907,0
1.36328,1.04891,-3.78225,0
1.36336,1.06649,-3.78149,0
1.36345,1.08463,-3.78256,0
1.36354,1.10365,-3.78644,0
1.36363,1.12158,-3.78638,0
1.36371,1.13693,-3.77762,0
1.3638,1.15282,-3.77071,0
1.36389,1.1746,-3.78283,0
1.36397,1.19049,-3.77577,0
1.36406,1.21062,-3.78196,0
1.36415,1.22989,-3.7852,0
1.36424,1.24702,-3.7817,0
1.36432,1.26478,-3.78002,0
1.36441,1.28254,-3.77825,0
1.3645,1.30032,-3.7764,0
1.36459,1.32206,-3.7858,0
1.36467,1.33823,-3.77905,0
1.36476,1.35674,-3.77882,0
1.36485,1.37321,-3.77287,0
1.36493,1.39554,-3.78279,0
1.36502,1.41309,-3.77947,0
1.36511,1.4324,-3.78075,0
1.3652,1.44888,-3.77447,0
1.36528,1.46389,-3.76438,0
1.36537,1.4869,-3.7747,0
1.36546,1.50817,-3.78026,0
1.36555,1.52502,-3.77457,0
1.36563,1.54489,-3.77621,0
1.36572,1.56364,-3.77497,0
1.36581,1.57971,-3.76719,0
1.36589,1.60239,-3.77499,0
1.36598,1.62121,-3.77348,0
1.36607,1.64005,-3.77187,0
1.36616,1.65771,-3.76742,0
1.36624,1.68186,-3.77751,0
1.36633,1.69504,-3.76284,0
1.36642,1.71849,-3.77088,0
1.36651,1.73493,-3.76335,0
1.36659,1.75767,-3.76933,0
1.36668,1.77794,-3.76977,0
1.36677,1.79824,-3.7701,0
1.36685,1.81381,-3.76042,0
1.36694,1.83151,-3.75516,0
1.36703,1.8554,-3.76238,0
1.36712,1.87537,-3.76141,0
1.3672,1.88096,-3.73176,0
1.36729,1.88406,-3.69768,0
1.36738,1.87774,-3.64586,0
1.36747,1.88116,-3.61368,0
1.36755,1.87456,-3.56296,0
1.36764,1.87742,-3.53091,0
1.36773,1.87908,-3.49714,0
1.36781,1.87285,-3.44936,0
1.3679,1.87538,-3.41836,0
1.36799,1.87573,-3.3839,0
1.36808,1.86653,-3.33293,0
1.36816,1.86924,-3.30387,0
1.36825,1.86974,-3.27137,0
1.36834,1.8765,-3.25019,0
1.36843,1.87102,-3.20829,0
1.36851,1.8652,-3.16649,0
1.3686,1.86264,-3.13082,0
1.36869,1.86856,-3.1098,0
1.36877,1.86084,-3.06657,0
1.36886,1.86689,-3.04648,0
1.36895,1.86859,-3.0196,0
1.36904,1.40111,-2.24224,0
1.36912,1.40768,-2.23103,0
1.36921,1.41417,-2.21981,0
1.3693,1.42709,-2.21866,0
1.36939,1.43567,-2.21074,0
1.36947,1.44749,-2.2078,0
1.36956,1.46208,-2.20896,0
1.36965,1.47837,-2.21254,0
1.36973,1.48689,-2.20441,0
1.36982,1.51507,-2.22518,0
1.36991,1.66977,-2.42952,0
1.37,1.67864,-2.41975,0
1.37008,1.66165,-2.37308,0
1.37017,1.8763,-2.6549,0
1.37026,1.88206,-2.63855,0
1.37035,1.83338,-2.54672,0
1.37043,1.83095,-2.52009,0
1.37052,1.83069,-2.49675,0
1.37061,1.84692,-2.49598,0
1.37069,1.86558,-2.49831,0
1.37078,1.87887,-2.49334,0
1.37087,1.8976,-2.49547,0
1.37096,1.92003,-2.50224,0
1.37104,1.93155,-2.49463,0
1.37113,1.95473,-2.50193,0
1.37122,1.97058,-2.49966,0
1.37131,1.98146,-2.49104,0
1.37139,1.99732,-2.48861,0
1.37148,2.02075,-2.49542,0
1.37157,2.03162,-2.48657,0
1.37165,2.04754,-2.48386,0
1.37174,2.07242,-2.49182,0
1.37183,2.0987,-2.50114,0
1.37192,2.11347,-2.49653,0
1.372,2.13019,-2.49413,0
1.37209,2.15215,-2.49769,0
1.37218,2.1709,-2.49733,0
1.37227,2.18375,-2.49009,0
1.37235,2.20189,-2.48878,0
1.37244,2.22737,-2.49556,0
1.37253,2.24226,-2.49028,0
1.37261,2.25108,-2.47825,0
1.3727,2.28417,-2.49273,0
1.37279,2.29842,-2.48642,0
1.37288,2.29424,-2.46027,0
1.37296,2.3077,-2.45315,0
1.37305,2.30048,-2.4242,0
1.37314,2.28614,-2.38814,0
1.37323,2.28473,-2.36591,0
1.37331,2.27131,-2.33156,0
1.3734,2.04946,-2.08554,0
1.37349,2.02897,-2.04675,0
1.37357,2.02374,-2.02374,0
1.37366,2.02616,-2.00855,0
1.37375,2.01993,-1.98498,0
1.37384,2.03143,-1.97893,0
1.37392,2.01631,-1.94713,0
1.37401,2.02695,-1.94039,0
1.3741,2.01582,-1.91294,0
1.37418,2.02269,-1.90275,0
1.37427,2.02073,-1.88436,0
1.37436,2.026,-1.87281,0
1.37445,2.01498,-1.84639,0
1.37453,2.01635,-1.83153,0
1.37462,2.01244,-1.81201,0
1.37471,2.01062,-1.79455,0
1.3748,2.02068,-1.78775,0
1.37488,2.01643,-1.76837,0
1.37497,2.01583,-1.75233,0
1.37506,2.00982,-1.73177,0
1.37514,2.01584,-1.72169,0
1.37523,2.01493,-1.70577,0
1.37532,2.0124,-1.6886,0
1.37541,2.01821,-1.67853,0
1.37549,2.01934,-1.66462,0
1.37558,2.01652,-1.64756,0
1.37567,2.0097,-1.62742,0
1.37576,2.01678,-1.61864,0
1.37584,2.01522,-1.60298,0
1.37593,2.01277,-1.58674,0
1.37602,2.01731,-1.57609,0
1.3761,2.01072,-1.55687,0
1.37619,2.01274,-1.54443,0
1.37628,2.01468,-1.532,0
1.37637,2.01416,-1.51778,0
1.37645,2.01275,-1.50299,0
1.37654,2.01447,-1.49063,0
1.37663,2.01047,-1.47414,0
1.37672,2.02659,-1.4724,0
1.3768,2.02488,-1.4577,0
1.37689,2.02959,-1.44769,0
1.37698,2.01465,-1.42382,0
1.37706,2.01921,-1.41387,0
1.37715,2.00975,-1.39421,0
1.37724,2.01334,-1.38373,0
1.37733,2.002,-1.36311,0
1.37741,2.00544,-1.35269,0
1.3775,2.01049,-1.34337,0
1.37759,2.00299,-1.32575,0
1.37768,2.01043,-1.3181,0
1.37776,2.00023,-1.29896,0
1.37785,2.01261,-1.29455,0
1.37794,2.01065,-1.28092,0
1.37802,2.0086,-1.26733,0
1.37811,2.00648,-1.25379,0
1.3782,2.00683,-1.24186,0
1.37829,2.00626,-1.22944,0
1.37837,2.01674,-1.22379,0
1.37846,2.00834,-1.20673,0
1.37855,2.00757,-1.19438,0
1.37864,2.00329,-1.18003,0
1.37872,2.0136,-1.1743,0
1.37881,2.00571,-1.158,0
1.3789,2.0012,-1.14378,0
1.37898,2.01313,-1.13898,0
1.37907,2.00587,-1.12334,0
1.37916,2.00988,-1.11409,0
1.37925,2.00244,-1.09858,0
1.37933,2.0081,-1.09031,0
1.37942,1.99874,-1.07396,0
1.37951,2.00341,-1.06523,0
1.3796,2.00804,-1.05648,0
1.37968,2.00731,-1.04494,0
1.37977,2.00918,-1.0348,0
1.37986,2.00566,-1.02193,0
1.37994,2.00563,-1.01092,0
1.38003,1.99749,-0.995914,0
1.38012,2.00451,-0.988515,0
1.38021,2.00611,-0.978445,0
1.38029,2.00405,-0.966641,0
1.38038,1.99652,-0.952291,0
1.38047,2.00246,-0.944423,0
1.38056,1.99297,-0.929338,0
1.38064,2.007,-0.925238,0
1.38073,1.99736,-0.910252,0
1.38082,1.99676,-0.899474,0
1.3809,2.00158,-0.89116,0
1.38099,1.99721,-0.878793,0
1.38108,2.00469,-0.871666,0
1.38117,2.00021,-0.859357,0
1.38125,2.00026,-0.849059,0
1.38134,1.99657,-0.837229,0
1.38143,1.99466,-0.826214,0
1.38152,1.99917,-0.817881,0
1.3816,1.99715,-0.806903,0
1.38169,2.00437,-0.799663,0
1.38178,1.99575,-0.786145,0
1.38186,2.00009,-0.777792,0
1.38195,1.98946,-0.763682,0
1.38204,1.98623,-0.752514,0
1.38213,1.99324,-0.745241,0
1.38221,1.98803,-0.733422,0
1.3823,1.99685,-0.726793,0
1.38239,1.99623,-0.716721,0
1.38248,1.99651,-0.707003,0
1.38256,1.99864,-0.697955,0
1.38265,1.99315,-0.686298,0
1.38274,1.99708,-0.677916,0
1.38282,1.99622,-0.667926,0
1.38291,1.99247,-0.657018,0
1.383,2.00102,-0.650172,0
1.38309,1.99051,-0.637166,0
1.38317,1.99136,-0.627874,0
1.38326,1.99504,-0.619475,0
1.38335,1.9872,-0.607548,0
1.38344,1.99558,-0.600601,0
1.38352,1.98476,-0.587912,0
1.38361,1.99018,-0.580086,0
1.3837,1.98885,-0.570294,0
1.38378,1.99902,-0.563782,0
1.38387,1.99086,-0.552115,0
1.38396,1.99615,-0.544212,0
1.38405,1.99367,-0.534203,0
1.38413,1.99695,-0.525753,0
1.38422,1.99148,-0.515032,0
1.38431,1.98692,-0.504614,0
1.3844,1.98911,-0.49594,0
1.38448,1.99514,-0.488207,0
1.38457,1.99433,-0.478797,0
1.38466,1.98959,-0.468486,0
1.38474,1.99161,-0.4598,0
1.38483,1.99165,-0.450664,0
1.38492,1.99848,-0.443052,0
1.38501,1.99355,-0.432842,0
1.38509,1.98955,-0.422892,0
1.38518,1.98648,-0.413189,0
1.38527,1.98729,-0.404318,0
1.38536,1.99492,-0.396814,0
1.38544,1.99663,-0.388106,0
1.38553,1.98651,-0.377152,0
1.38562,1.99109,-0.369027,0
1.3857,1.98875,-0.359624,0
1.38579,1.99325,-0.351464,0
1.38588,1.98392,-0.340901,0
1.38597,1.98539,-0.332241,0
1.38605,1.98288,-0.322932,0
1.38614,1.9892,-0.315059,0
1.38623,1.97969,-0.304703,0
1.38632,1.98495,-0.296654,0
1.3864,1.98326,-0.287559,0
1.38649,1.98648,-0.279181,0
1.38658,1.98173,-0.269702,0
1.38666,1.97099,-0.259486,0
1.38675,1.98401,-0.252398,0
1.38684,1.98708,-0.243982,0
1.38693,1.99011,-0.235545,0
1.38701,1.99112,-0.226859,0
1.3871,1.98712,-0.217625,0
1.38719,1.98407,-0.208534,0
1.38727,1.97601,-0.198974,0
1.38736,1.99179,-0.191787,0
1.38745,1.98663,-0.182546,0
1.38754,1.9904,-0.174137,0
1.38762,1.9732,-0.16396,0
1.38771,1.97788,-0.155663,0
1.3878,1.98253,-0.147328,0
1.38789,1.98515,-0.138815,0
1.38797,1.97975,-0.12976,0
1.38806,1.97631,-0.120876,0
1.38815,1.97981,-0.112422,0
1.38823,1.9683,-0.103154,0
1.38832,1.96973,-0.0946129,0
1.38841,1.97812,-0.0863664,0
1.3885,1.98147,-0.0778523,0
1.38858,1.9728,-0.0688917,0
1.38867,1.98208,-0.0605579,0
1.38876,1.98532,-0.0519875,0
1.38885,1.97753,-0.0431499,0
1.38893,1.9767,-0.0345035,0
1.38902,1.97983,-0.0259174,0
1.38911,1.97992,-0.0172786,0
1.38919,1.98198,-0.00864813,0
1.38928,1.983,-4.80171e-08,0
1.38937,1.96098,0.0085564,0
1.38946,1.94093,0.0169382,0
1.38954,1.76085,0.0230507,0
1.38963,1.68074,0.0293375,0
1.38972,1.6716,0.0364744,0
1.38981,1.65843,0.0434275,0
1.38989,1.65723,0.0506328,0
1.38998,1.65499,0.0577935,0
1.39007,1.65572,0.0650535,0
1.39015,1.64943,0.0720156,0
1.39024,1.65309,0.0794038,0
1.39033,1.65173,0.0865636,0
1.39042,1.65533,0.0939966,0
1.3905,1.64892,0.100852,0
1.39059,1.65245,0.108308,0
1.39068,1.65995,0.116075,0
1.39077,1.65344,0.122872,0
1.39085,1.65588,0.130321,0
1.39094,1.65829,0.137793,0
1.39103,1.65468,0.144766,0
1.39111,1.64806,0.151435,0
1.3912,1.64539,0.158433,0
1.39129,1.64568,0.165711,0
1.39138,1.63897,0.172263,0
1.39146,1.6561,0.181372,0
1.39155,1.66125,0.189276,0
1.39164,1.6614,0.19664,0
1.39173,1.66251,0.204131,0
1.39181,1.66558,0.211888,0
1.3919,1.68843,0.222286,0
1.39199,1.72014,0.234101,0
1.39207,1.91023,0.268465,0
1.39216,1.93378,0.280385,0
1.39225,1.89298,0.282907,0
1.39234,1.91149,0.294207,0
1.39242,1.93093,0.305829,0
1.39251,1.9434,0.316502,0
1.3926,1.95087,0.326464,0
1.39269,1.95731,0.336328,0
1.39277,1.95681,0.345039,0
1.39286,1.96611,0.355531,0
1.39295,1.95176,0.361737,0
1.39303,1.96392,0.372861,0
1.39312,1.96914,0.382763,0
1.39321,1.97824,0.393497,0
1.3933,1.97161,0.401128,0
1.39338,1.97473,0.410745,0
1.39347,1.98075,0.421021,0
1.39356,1.96717,0.427114,0
1.39365,1.97212,0.437208,0
1.39373,1.96824,0.445367,0
1.39382,1.97895,0.456876,0
1.39391,1.97207,0.46436,0
1.39399,1.9671,0.47226,0
1.39408,1.97474,0.483215,0
1.39417,1.9697,0.491101,0
1.39426,1.97045,0.50043,0
1.39434,1.96631,0.508522,0
1.39443,1.97567,0.520152,0
1.39452,1.96083,0.525403,0
1.39461,1.96527,0.535794,0
1.39469,1.97641,0.548106,0
1.39478,1.97207,0.556181,0
1.39487,1.97732,0.566986,0
1.39495,1.97386,0.575328,0
1.39504,1.97325,0.584504,0
1.39513,1.96781,0.592243,0
1.39522,1.96808,0.601701,0
1.3953,1.96734,0.610876,0
1.39539,1.97419,0.622461,0
1.39548,1.98098,0.634118,0
1.39557,1.97059,0.640283,0
1.39565,1.96778,0.648875,0
1.39574,1.97062,0.659359,0
1.39583,1.97151,0.669237,0
1.39591,1.96952,0.678158,0
1.396,1.96465,0.686086,0
1.39609,1.96164,0.694652,0
1.39618,1.97082,0.707598,0
1.39626,1.97241,0.7179,0
1.39635,1.97583,0.728922,0
1.39644,1.97919,0.739988,0
1.39653,1.9722,0.7472,0
1.39661,1.96705,0.755081,0
1.3967,1.9656,0.764382,0
1.39679,1.97528,0.778082,0
1.39687,1.97001,0.785952,0
1.39696,1.98139,0.800534,0
1.39705,1.96492,0.803871,0
1.39714,1.97433,0.817795,0
1.39722,1.97167,0.826788,0
1.39731,1.96988,0.836165,0
1.3974,1.96162,0.842778,0
1.39749,1.9726,0.857709,0
1.39757,1.9606,0.862683,0
1.39766,1.9623,0.87367,0
1.39775,1.95846,0.882224,0
1.39783,1.96734,0.896567,0
1.39792,1.96431,0.905561,0
1.39801,1.9685,0.917927,0
1.3981,1.96448,0.926507,0
1.39818,1.96673,0.938084,0
1.39827,1.96532,0.947959,0
1.39836,1.95757,0.954772,0
1.39845,1.96595,0.969497,0
1.39853,1.95901,0.976727,0
1.39862,1.96902,0.992467,0
1.39871,1.97536,1.0065,0
1.39879,1.96917,1.01419,0
1.39888,1.96029,1.02046,0
1.39897,1.96025,1.03134,0
1.39906,1.96456,1.04457,0
1.39914,1.96439,1.0555,0
1.39923,1.958,1.06311,0
1.39932,1.96036,1.07549,0
1.3994,1.97752,1.09615,0
1.39949,1.95788,1.09647,0
1.39958,1.96613,1.11238,0
1.39967,1.96213,1.12145,0
1.39975,1.96501,1.1345,0
1.39984,1.96263,1.14457,0
1.39993,1.9671,1.15871,0
1.40002,1.96546,1.16933,0
1.4001,1.96377,1.17995,0
1.40019,1.96715,1.1937,0
1.40028,1.96022,1.20122,0
1.40036,1.95921,1.2124,0
1.40045,1.96154,1.2257,0
1.40054,1.96547,1.24012,0
1.40063,1.97101,1.25567,0
1.40071,1.96214,1.26209,0
1.4008,1.96836,1.27827,0
1.40089,1.96444,1.28794,0
1.40098,1.96797,1.30257,0
1.40106,1.96144,1.31059,0
1.40115,1.96067,1.32249,0
1.40124,1.96315,1.33666,0
1.40132,1.9606,1.34748,0
1.40141,1.96209,1.36115,0
1.4015,1.95614,1.3697,0
1.40159,1.96157,1.3863,0
1.40167,1.95551,1.39485,0
1.40176,1.96482,1.41447,0
1.40185,1.95782,1.42244,0
1.40194,1.95966,1.43688,0
1.40202,1.9598,1.45018,0
1.40211,1.95666,1.46111,0
1.4022,1.95426,1.47264,0
1.40228,1.95259,1.48479,0
1.40237,1.95165,1.49755,0
1.40246,1.95854,1.51646,0
1.40255,1.95427,1.52684,0
1.40263,1.95465,1.54092,0
1.40272,1.95496,1.55504,0
1.40281,1.96375,1.57608,0
1.4029,1.94753,1.57708,0
1.40298,1.95224,1.59505,0
1.40307,1.95144,1.60864,0
1.40316,1.95747,1.62801,0
1.40324,1.95112,1.63718,0
1.40333,1.95235,1.65279,0
1.40342,1.9512,1.66648,0
1.40351,1.94921,1.67955,0
1.40359,1.95772,1.70182,0
1.40368,1.94952,1.70968,0
1.40377,1.95328,1.72811,0
1.40386,1.95169,1.74195,0
1.40394,1.94704,1.75312,0
1.40403,1.94751,1.769,0
1.40412,1.956,1.79234,0
1.4042,1.9533,1.80561,0
1.40429,1.95271,1.82094,0
1.40438,1.95058,1.83492,0
1.40447,1.95561,1.8558,0
1.40455,1.95111,1.86778,0
1.40464,1.94725,1.88044,0
1.40473,1.95192,1.90148,0
1.40482,1.95502,1.92119,0
1.4049,1.9523,1.93534,0
1.40499,1.94808,1.94808,0
1.40508,1.94801,1.96508,0
1.40516,1.94292,1.97713,0
1.40525,1.94893,2.00063,0
1.40534,1.95268,2.02206,0
1.40543,1.95629,2.04357,0
1.40551,1.95217,2.05716,0
1.4056,1.9514,2.0744,0
1.40569,1.95256,2.09387,0
1.40578,1.94476,2.10383,0
1.40586,1.9511,2.12926,0
1.40595,1.94852,2.14515,0
1.40604,1.95252,2.1685,0
1.40612,1.94837,2.18296,0
1.40621,1.95208,2.20642,0
1.4063,1.94375,2.21642,0
1.40639,1.94193,2.23394,0
1.40647,1.9511,2.26436,0
1.40656,1.94769,2.28046,0
1.40665,1.94677,2.29962,0
1.40674,1.94058,2.31269,0
1.40682,1.94389,2.33728,0
1.40691,1.94513,2.35963,0
1.407,1.9462,2.38203,0
1.40708,1.94775,2.40527,0
1.40717,1.95226,2.43246,0
1.40726,1.94598,2.44643,0
1.40735,1.94334,2.46511,0
1.40743,1.94734,2.49248,0
1.40752,1.94379,2.51044,0
1.40761,1.94804,2.53873,0
1.4077,1.94965,2.56392,0
1.40778,1.94507,2.58119,0
1.40787,1.94515,2.60488,0
1.40796,1.94745,2.63183,0
1.40804,1.95132,2.66127,0
1.40813,1.95203,2.68675,0
1.40822,1.95198,2.71147,0
1.40831,1.95058,2.73461,0
1.40839,1.94729,2.75535,0
1.40848,1.94959,2.7843,0
1.40857,1.9454,2.80428,0
1.40866,1.94447,2.82923,0
1.40874,1.94337,2.85421,0
1.40883,1.95214,2.89417,0
1.40892,1.9495,2.91763,0
1.409,1.94944,2.94528,0
1.40909,1.94534,2.96714,0
1.40918,1.95144,3.00496,0
1.40927,1.94751,3.02774,0
1.40935,1.94717,3.05645,0
1.40944,1.94076,3.07591,0
1.40953,1.91407,3.06315,0
1.40962,1.89963,3.06977,0
1.4097,1.87577,3.06098,0
1.40979,1.86084,3.06657,0
1.40988,1.84229,3.06609,0
1.40996,1.82838,3.07324,0
1.41005,1.8109,3.07429,0
1.41014,1.7884,3.06662,0
1.41023,1.778,3.07959,0
1.41031,1.75065,3.06301,0
1.4104,1.7353,3.06713,0
1.41049,1.71653,3.06508,0
1.41058,1.70071,3.06817,0
1.41066,1.67961,3.06153,0
1.41075,1.66528,3.06707,0
1.41084,1.65047,3.07167,0
1.41092,1.62907,3.06383,0
1.41101,1.61429,3.06825,0
1.4111,1.59442,3.06285,0
1.41119,1.5728,3.05377,0
1.41127,1.55946,3.06061,0
1.41136,1.54699,3.06917,0
1.41145,1.52644,3.06157,0
1.41154,1.51351,3.0691,0
1.41162,1.49485,3.06489,0
1.41171,1.48059,3.06958,0
1.4118,1.45943,3.05976,0
1.41188,1.44607,3.0661,0
1.41197,1.42718,3.0606,0
1.41206,1.40712,3.05227,0
1.41215,1.39254,3.05565,0
1.41223,1.37591,3.0544,0
1.41232,1.36297,3.06129,0
1.41241,1.34558,3.05806,0
1.41249,1.33302,3.06573,0
1.41258,1.31292,3.0559,0
1.41267,1.29684,3.05516,0
1.41276,1.28156,3.05617,0
1.41284,1.26898,3.06358,0
1.41293,1.25181,3.05984,0
1.41302,1.24145,3.07269,0
1.41311,1.2195,3.05671,0
1.41319,1.20799,3.06666,0
1.41328,1.1888,3.05699,0
1.41337,1.17581,3.06308,0
1.41345,1.1603,3.06257,0
1.41354,1.14203,3.05449,0
1.41363,1.12696,3.05475,0
1.41372,1.11157,3.054,0
1.4138,1.09789,3.05788,0
1.41389,1.0812,3.05322,0
1.41398,1.0682,3.05885,0
1.41407,1.05386,3.06064,0
1.41415,1.03632,3.0529,0
1.41424,1.02013,3.04886,0
1.41433,1.00682,3.05328,0
1.41441,0.99658,3.06716,0
1.4145,0.97831,3.05624,0
1.41459,0.964664,3.05952,0
1.41468,0.94834,3.05415,0
1.41476,0.934128,3.05539,0
1.41485,0.917905,3.04986,0
1.41494,0.903737,3.05096,0
1.41503,0.891535,3.05872,0
1.41511,0.877078,3.05873,0
1.4152,0.857209,3.03943,0
1.41529,0.840198,3.02965,0
1.41537,0.828811,3.04004,0
1.41546,0.813727,3.03687,0
1.41555,0.798432,3.03266,0
1.41564,0.78369,3.0303,0
1.41572,0.772675,3.04242,0
1.41581,0.753103,3.02053,0
1.4159,0.741105,3.02864,0
1.41599,0.729517,3.03866,0
1.41607,0.713959,3.03208,0
1.41616,0.700273,3.03321,0
1.41625,0.685486,3.02941,0
1.41633,0.672045,3.0314,0
1.41642,0.657114,3.02648,0
1.41651,0.644526,3.03226,0
1.4166,0.628846,3.02329,0
1.41668,0.615449,3.02503,0
1.41677,0.603219,3.03259,0
1.41686,0.589791,3.03421,0
1.41695,0.573188,3.01907,0
1.41703,0.562014,3.03236,0
1.41712,0.548066,3.03085,0
1.41721,0.535184,3.03518,0
1.41729,0.520411,3.02861,0
1.41738,0.505871,3.02297,0
1.41747,0.49348,3.03008,0
1.41756,0.480097,3.03122,0
1.41764,0.467019,3.03427,0
1.41773,0.45274,3.02936,0
1.41782,0.439375,3.03031,0
1.41791,0.425591,3.02824,0
1.41799,0.412509,3.03106,0
1.41808,0.399019,3.03085,0
1.41817,0.385033,3.02661,0
1.41825,0.372067,3.03024,0
1.41834,0.358959,3.03283,0
1.41843,0.344364,3.02245,0
1.41852,0.331609,3.0279,0
1.4186,0.318603,3.0313,0
1.41869,0.304872,3.02769,0
1.41878,0.291659,3.02899,0
1.41887,0.278348,3.02924,0
1.41895,0.263472,3.0115,0
1.41904,0.250495,3.01461,0
1.41913,0.23781,3.02166,0
1.41921,0.224919,3.02665,0
1.4193,0.211571,3.02561,0
1.41939,0.198172,3.02351,0
1.41948,0.185221,3.02834,0
1.41956,0.172176,3.03212,0
1.41965,0.158421,3.02285,0
1.41974,0.145086,3.02052,0
1.41983,0.131949,3.02212,0
1.41991,0.1188,3.02367,0
1.42,0.105397,3.01816,0
1.42009,0.0923486,3.02259,0
1.42017,0.079133,3.02196,0
1.42026,0.0659683,3.02328,0
1.42035,0.0526889,3.01854,0
1.42044,0.0395176,3.01874,0
1.42052,0.0263368,3.01788,0
1.42061,0.013186,3.02197,0
1.4207,1.09511e-07,3.01,0
1.42079,-0.0132076,3.02697,0
1.42087,-0.0265373,3.04088,0
1.42096,-0.0398708,3.04574,0
1.42105,-0.0530203,3.03754,0
1.42113,-0.0665135,3.04827,0
1.42122,-0.0793422,3.02996,0
1.42131,-0.0929897,3.04358,0
1.4214,-0.106339,3.04514,0
1.42148,-0.119625,3.04465,0
1.42157,-0.132777,3.0411,0
1.42166,-0.145997,3.0395,0
1.42175,-0.159415,3.04183,0
1.42183,-0.1728,3.0431,0
1.42192,-0.185282,3.02934,0
1.42201,-0.199479,3.04347,0
1.42209,-0.212339,3.03658,0
1.42218,-0.225512,3.03463,0
1.42227,-0.238908,3.03561,0
1.42236,-0.252565,3.03952,0
1.42244,-0.265999,3.04039,0
1.42253,-0.278805,3.03422,0
1.42262,-0.292617,3.03894,0
1.42271,-0.305573,3.03465,0
1.42279,-0.319752,3.04224,0
1.42288,-0.332806,3.03883,0
1.42297,-0.345383,3.03139,0
1.42305,-0.360017,3.04177,0
1.42314,-0.372067,3.03024,0
1.42323,-0.386547,3.03851,0
1.42332,-0.399802,3.0368,0
1.4234,-0.413318,3.037,0
1.42349,-0.427122,3.03913,0
1.42358,-0.440379,3.03724,0
1.42367,-0.453923,3.03727,0
1.42375,-0.466106,3.02834,0
1.42384,-0.4826,3.04702,0
1.42393,-0.495248,3.04094,0
1.42401,-0.509172,3.04269,0
1.4241,-0.522951,3.0434,0
1.42419,-0.535531,3.03715,0
1.42428,-0.548956,3.03577,0
1.42436,-0.559827,3.02056,0
1.42445,-0.560132,2.9503,0
1.42454,-0.575098,2.95862,0
1.42462,-0.505869,2.54318,0
1.42471,-0.503005,2.47235,0
1.4248,-0.514399,2.47307,0
1.42489,-0.529759,2.49232,0
1.42497,-0.552511,2.54471,0
1.42506,-0.554735,2.50225,0
1.42515,-0.566972,2.50565,0
1.42524,-0.579249,2.509,0
1.42532,-0.58744,2.49477,0
1.42541,-0.599021,2.4951,0
1.4255,-0.612992,2.50509,0
1.42558,-0.624884,2.50627,0
1.42567,-0.635075,2.50062,0
1.42576,-0.648985,2.50944,0
1.42585,-0.659419,2.50465,0
1.42593,-0.670341,2.50175,0
1.42602,-0.682829,2.50459,0
1.42611,-0.696156,2.51026,0
1.4262,-0.706017,2.50335,0
1.42628,-0.71776,2.50313,0
1.42637,-0.729514,2.50285,0
1.42646,-0.743836,2.51115,0
1.42654,-0.752769,2.50118,0
1.42663,-0.765429,2.50361,0
1.42672,-0.775456,2.49738,0
1.42681,-0.791458,2.51018,0
1.42689,-0.803012,2.50861,0
1.42698,-0.815496,2.50984,0
1.42707,-0.825187,2.50246,0
1.42716,-0.84054,2.51211,0
1.42724,-0.851493,2.50842,0
1.42733,-0.854942,2.48293,0
1.42742,-0.859833,2.46218,0
1.4275,-0.869901,2.45652,0
1.42759,-0.889735,2.47812,0
1.42768,-0.899513,2.47139,0
1.42777,-0.877407,2.37832,0
1.42785,-0.870615,2.32857,0
1.42794,-0.880059,2.32288,0
1.42803,-0.922439,2.40304,0
1.42812,-0.86514,2.2247,0
1.4282,-0.835989,2.12228,0
1.42829,-0.836719,2.09725,0
1.42838,-0.842865,2.08616,0
1.42846,-0.844765,2.06488,0
1.42855,-0.853767,2.06118,0
1.42864,-0.87822,2.09432,0
1.42873,-0.928768,2.18804,0
1.42881,-0.984096,2.29055,0
1.4289,-1.01083,2.32475,0
1.42899,-1.0121,2.30018,0
1.42908,-1.0262,2.30488,0
1.42916,-1.02967,2.28579,0
1.42925,-1.03424,2.26944,0
1.42934,-1.03828,2.2522,0
1.42942,-1.0464,2.24402,0
1.42951,-1.05362,2.234,0
1.4296,-1.06681,2.23661,0
1.42969,-1.07134,2.22112,0
1.42977,-1.07664,2.20744,0
1.42986,-1.09334,2.21707,0
1.42995,-1.10746,2.22123,0
1.43004,-1.123,2.22798,0
1.43012,-1.12045,2.199,0
1.43021,-1.12271,2.17987,0
1.4303,-1.12297,2.15721,0
1.43038,-1.12306,2.13459,0
1.43047,-1.11969,2.10583,0
1.43056,-1.11609,2.07714,0
1.43065,-1.11512,2.0538,0
1.43073,-1.11782,2.03751,0
1.43082,-1.12088,2.02212,0
1.43091,-1.12383,2.00674,0
1.431,-1.12125,1.9818,0
1.43108,-1.11847,1.95692,0
1.43117,-1.121,1.94163,0
1.43126,-1.12241,1.92463,0
1.43134,-1.111,1.88611,0
1.43143,-1.11309,1.87093,0
1.43152,-1.11403,1.85405,0
1.43161,-1.11432,1.83635,0
1.43169,-1.11553,1.82039,0
1.43178,-1.11399,1.8002,0
1.43187,-1.11018,1.77666,0
1.43196,-1.11045,1.75996,0
1.43204,-1.11221,1.74582,0
1.43213,-1.11387,1.7317,0
1.43222,-1.11488,1.71676,0
1.4323,-1.11578,1.70184,0
1.43239,-1.11105,1.67861,0
1.43248,-1.11114,1.66294,0
1.43257,-1.11223,1.64896,0
1.43265,-1.11098,1.63169,0
1.43274,-1.10846,1.61282,0
1.43283,-1.11263,1.60385,0
1.43292,-1.10872,1.58342,0
1.433,-1.10812,1.56795,0
1.43309,-1.10914,1.55496,0
1.43318,-1.10891,1.54037,0
1.43326,-1.11268,1.53147,0
1.43335,-1.11048,1.5145,0
1.43344,-1.10875,1.49839,0
1.43353,-1.11049,1.48713,0
1.43361,-1.11155,1.47508,0
1.4337,-1.10829,1.45748,0
1.43379,-1.10429,1.43914,0
1.43388,-1.10199,1.42324,0
1.43396,-1.10634,1.41606,0
1.43405,-1.10632,1.40336,0
1.43414,-1.10808,1.39304,0
1.43422,-1.10225,1.37338,0
1.43431,-1.10257,1.36156,0
1.4344,-1.10534,1.35286,0
1.43449,-1.09723,1.33105,0
1.43457,-1.10431,1.32779,0
1.43466,-1.11074,1.32372,0
1.43475,-1.11198,1.31352,0
1.43484,-1.10796,1.29725,0
1.43492,-1.10969,1.28786,0
1.43501,-1.11136,1.27848,0
1.4351,-1.111,1.26685,0
1.43518,-1.11055,1.25525,0
1.43527,-1.10803,1.24144,0
1.43536,-1.10875,1.23139,0
1.43545,-1.11277,1.22506,0
1.43553,-1.11405,1.21577,0
1.43562,-0.0319036,0.0345132,0
1.43571,-0.0218239,0.0234033,0
1.4358,-0.0198703,0.0211228,0
1.43588,-0.0709005,0.0747136,0
1.43597,-1.10435,1.15362,0
1.43606,-0.0222291,0.0230189,0
1.43614,-0.0188403,0.0193402,0
1.43623,-0.0427555,0.0435083,0
1.43632,-1.10742,1.11712,0
1.43641,-1.1243,1.1243,0
