7200
5659
4.92183
4.93754,-0.0304056,-0.0304056,0
4.93762,-0.0316807,-0.0319583,0
4.93771,-0.0378491,-0.0385155,0
4.9378,-0.0572188,-0.0587368,0
4.93789,-0.0652979,-0.0676179,0
4.93797,-0.0435653,-0.0455089,0
4.93806,-0.0199623,-0.0210359,0
4.93815,-0.0171296,-0.0182093,0
4.93823,-0.0347819,-0.037299,0
4.93832,-1.08269,-1.17124,0
4.93841,-0.0425622,-0.0464485,0
4.9385,-1.08654,-1.19619,0
4.93858,-1.09001,-1.21058,0
4.93867,-1.08339,-1.21384,0
4.93876,-1.08272,-1.22379,0
4.93885,-1.09056,-1.24354,0
4.93893,-1.09299,-1.25735,0
4.93902,-1.08358,-1.25756,0
4.93911,-1.08328,-1.26836,0
4.93919,-1.08743,-1.28452,0
4.93928,-1.08438,-1.29232,0
4.93937,-1.0749,-1.29242,0
4.93946,-0.865702,-1.05018,0
4.93954,-0.649788,-0.795301,0
4.93963,-0.628062,-0.775592,0
4.93972,-0.62342,-0.776765,0
4.93981,-0.625005,-0.785739,0
4.93989,-0.617856,-0.783746,0
4.93998,-0.621818,-0.795891,0
4.94007,-0.619564,-0.800178,0
4.94015,-0.606326,-0.79018,0
4.94024,-0.598636,-0.787246,0
4.94033,-0.597602,-0.793045,0
4.94042,-0.601915,-0.806061,0
4.9405,-0.58709,-0.793407,0
4.94059,-0.571796,-0.779832,0
4.94068,-0.553694,-0.762094,0
4.94077,-0.551532,-0.766126,0
4.94085,-0.548184,-0.768525,0
4.94094,-0.537899,-0.76111,0
4.94103,-0.535147,-0.764269,0
4.94111,-0.536937,-0.773991,0
4.9412,-0.539785,-0.785392,0
4.94129,-0.533539,-0.783607,0
4.94138,-0.531233,-0.787586,0
4.94146,-0.529458,-0.792391,0
4.94155,-0.532619,-0.8047,0
4.94164,-0.532941,-0.81287,0
4.94173,-0.523398,-0.805962,0
4.94181,-0.516631,-0.803192,0
4.9419,-0.494853,-0.776763,0
4.94199,-0.477585,-0.756926,0
4.94207,-0.476397,-0.762395,0
4.94216,-0.469383,-0.758514,0
4.94225,-0.460844,-0.752029,0
4.94234,-0.453927,-0.748048,0
4.94242,-0.444993,-0.740593,0
4.94251,-0.440223,-0.739949,0
4.9426,-0.439021,-0.745309,0
4.94268,-0.431231,-0.739443,0
4.94277,-0.4255,-0.736988,0
4.94286,-0.424265,-0.74231,0
4.94295,-0.427424,-0.755469,0
4.94303,-0.429498,-0.766924,0
4.94312,-0.440207,-0.794155,0
4.94321,-0.440586,-0.803082,0
4.9433,-0.434692,-0.800602,0
4.94338,-0.429774,-0.799849,0
4.94347,-0.423933,-0.797302,0
4.94356,-0.425106,-0.807994,0
4.94364,-0.418344,-0.803632,0
4.94373,-0.41987,-0.815229,0
4.94382,-0.413585,-0.811707,0
4.94391,-0.408689,-0.810825,0
4.94399,-0.407379,-0.817075,0
4.94408,-0.404694,-0.820639,0
4.94417,-0.410315,-0.841271,0
4.94426,-0.409682,-0.849358,0
4.94434,-0.407694,-0.854748,0
4.94443,-0.408653,-0.866468,0
4.94452,-0.412475,-0.884556,0
4.9446,-0.408193,-0.88544,0
4.94469,-0.405985,-0.890852,0
4.94478,-0.402094,-0.892615,0
4.94487,-1.09046,-2.44922,0
4.94495,-1.09185,-2.48141,0
4.94504,-1.08978,-2.50633,0
4.94513,-1.0891,-2.53495,0
4.94522,-1.08506,-2.55624,0
4.9453,-1.07815,-2.5711,0
4.94539,-1.0807,-2.60904,0
4.94548,-1.06893,-2.6128,0
4.94556,-1.05714,-2.61651,0
4.94565,-1.06165,-2.66104,0
4.94574,-1.05332,-2.67402,0
4.94583,-1.03476,-2.66088,0
4.94591,-1.03568,-2.69805,0
4.946,-1.02603,-2.70815,0
4.94609,-1.04362,-2.79128,0
4.94618,-1.07677,-2.91871,0
4.94626,-1.0695,-2.93842,0
4.94635,-0.339268,-0.944941,0
4.94644,-0.340149,-0.960552,0
4.94652,-1.02995,-2.94933,0
4.94661,-1.01154,-2.93773,0
4.9467,-0.996462,-2.93548,0
4.94679,-0.982375,-2.93601,0
4.94687,-0.967989,-2.93552,0
4.94696,-0.953008,-2.93306,0
4.94705,-0.942945,-2.94576,0
4.94714,-0.928279,-2.94412,0
4.94722,-0.909493,-2.92905,0
4.94731,-0.898751,-2.93968,0
4.9474,-0.898884,-2.98667,0
4.94748,-0.885276,-2.98864,0
4.94757,-0.918399,-3.15088,0
4.94766,-0.918424,-3.20292,0
4.94775,-0.902811,-3.20113,0
4.94783,-0.887499,-3.20022,0
4.94792,-0.876157,-3.21371,0
4.94801,-0.860314,-3.21074,0
4.9481,-0.844769,-3.20866,0
4.94818,-0.827005,-3.19779,0
4.94827,-0.814767,-3.20815,0
4.94836,-0.801971,-3.21653,0
4.94844,-0.786978,-3.21611,0
4.94853,-0.770837,-3.21077,0
4.94862,-0.757507,-3.21702,0
4.94871,-0.739189,-3.20178,0
4.94879,-0.72455,-3.20205,0
4.94888,-0.711221,-3.20811,0
4.94897,-0.696367,-3.20727,0
4.94906,-0.681327,-3.20539,0
4.94914,-0.668352,-3.21323,0
4.94923,-0.654525,-3.21709,0
4.94932,-0.639116,-3.21305,0
4.9494,-0.624709,-3.21385,0
4.94949,-0.610493,-3.21556,0
4.94958,-0.594817,-3.20934,0
4.94967,-0.581164,-3.21388,0
4.94975,-0.563836,-3.19767,0
4.94984,-0.551063,-3.207,0
4.94993,-0.53789,-3.2143,0
4.95002,-0.522574,-3.20873,0
4.9501,-0.50982,-3.21888,0
4.95019,-0.494097,-3.2102,0
4.95028,-0.479642,-3.20936,0
4.95036,-0.464916,-3.20647,0
4.95045,-0.451617,-3.21342,0
4.95054,-0.437726,-3.21635,0
4.95063,-0.422774,-3.21129,0
4.95071,-0.407875,-3.20616,0
4.9508,-0.3951,-3.21783,0
4.95089,-0.379411,-3.20562,0
4.95098,-0.36508,-3.20427,0
4.95106,-0.351422,-3.20881,0
4.95115,-0.337209,-3.20833,0
4.95124,-0.323006,-3.20778,0
4.95132,-0.309774,-3.21712,0
4.95141,-0.293629,-3.19554,0
4.9515,-0.280206,-3.20277,0
4.95159,-0.267471,-3.21891,0
4.95167,-0.253109,-3.21606,0
4.95176,-0.238111,-3.20416,0
4.95185,-0.224895,-3.21615,0
4.95194,-0.210533,-3.21211,0
4.95202,-0.196454,-3.212,0
4.95211,-0.182154,-3.20783,0
4.9522,-0.168574,-3.21659,0
4.95228,-0.154106,-3.2083,0
4.95237,-0.140542,-3.21893,0
4.95246,-0.126181,-3.21152,0
4.95255,-0.112027,-3.20804,0
4.95263,-0.0982424,-3.2155,0
4.95272,-0.0840019,-3.2079,0
4.95281,-0.0701785,-3.21623,0
4.9529,-0.0559525,-3.20551,0
4.95298,-0.0419522,-3.20473,0
4.95307,-0.0280035,-3.20888,0
4.95316,-0.0140717,-3.22497,0
4.95324,-3.88256e-08,-3.223,0
4.95333,0.014028,-3.21497,0
4.95342,0.0280558,-3.21488,0
4.95351,0.0421223,-3.21772,0
4.95359,0.0561094,-3.21451,0
4.95368,0.0703093,-3.22223,0
4.95377,0.0842374,-3.2169,0
4.95386,0.0986394,-3.22849,0
4.95394,0.112481,-3.22104,0
4.95403,0.126574,-3.22151,0
4.95412,0.140629,-3.22093,0
4.9542,0.15449,-3.21629,0
4.95429,0.168888,-3.22258,0
4.95438,0.182551,-3.21482,0
4.95447,0.197309,-3.22597,0
4.95455,0.210794,-3.2161,0
4.95464,0.224337,-3.20817,0
4.95473,0.239,-3.21613,0
4.95481,0.253423,-3.22004,0
4.9549,0.267305,-3.21691,0
4.95499,0.281252,-3.21472,0
4.95508,0.296008,-3.22143,0
4.95516,0.309965,-3.21911,0
4.95525,0.324609,-3.2237,0
4.95534,0.337731,-3.2133,0
4.95543,0.35262,-3.21975,0
4.95551,0.367118,-3.22215,0
4.9556,0.380704,-3.21655,0
4.95569,0.396563,-3.22975,0
4.95577,0.409768,-3.22104,0
4.95586,0.423166,-3.21426,0
4.95595,0.437996,-3.21833,0
4.95604,0.453148,-3.22431,0
4.95612,0.467355,-3.22329,0
4.95621,0.481563,-3.22221,0
4.9563,0.496379,-3.22502,0
4.95639,0.50982,-3.21888,0
4.95647,0.524985,-3.22353,0
4.95656,0.540531,-3.23009,0
4.95665,0.553773,-3.22277,0
4.95673,0.568177,-3.22229,0
4.95682,0.582587,-3.22175,0
4.95691,0.597004,-3.22114,0
4.957,0.610866,-3.21753,0
4.95708,0.626617,-3.22366,0
4.95717,0.641262,-3.22384,0
4.95726,0.65612,-3.22493,0
4.95735,0.670796,-3.22498,0
4.95743,0.685693,-3.22593,0
4.95752,0.699762,-3.22291,0
4.95761,0.715116,-3.22568,0
4.95769,0.728743,-3.22058,0
4.95778,0.743238,-3.21932,0
4.95787,0.758653,-3.22189,0
4.95796,0.774105,-3.22438,0
4.95804,0.788404,-3.22194,0
4.95813,0.803906,-3.22429,0
4.95822,0.820675,-3.23142,0
4.95831,0.834016,-3.2249,0
4.95839,0.851134,-3.23283,0
4.95848,0.864714,-3.22716,0
4.95857,0.878787,-3.22335,0
4.95865,0.894714,-3.22623,0
4.95874,0.91014,-3.22711,0
4.95883,0.926693,-3.23176,0
4.95892,0.942464,-3.23345,0
4.959,0.955712,-3.22643,0
4.95909,0.971798,-3.22893,0
4.95918,0.987339,-3.22944,0
4.95927,1.00053,-3.22224,0
4.95935,1.01398,-3.21593,0
4.95944,1.03075,-3.22005,0
4.95953,1.0488,-3.22789,0
4.95961,1.06664,-3.23468,0
4.9597,1.08423,-3.24042,0
4.95979,1.09579,-3.22808,0
4.95988,1.11149,-3.228,0
4.95996,1.12787,-3.22973,0
4.96005,1.14596,-3.23609,0
4.96014,1.16243,-3.23765,0
4.96023,1.17758,-3.23536,0
4.96031,1.19445,-3.2377,0
4.9604,1.20857,-3.23246,0
4.96049,1.22904,-3.24398,0
4.96057,1.24246,-3.23672,0
4.96066,1.25875,-3.23686,0
4.96075,1.27469,-3.23599,0
4.96084,1.29436,-3.24433,0
4.96092,1.307,-3.23494,0
4.96101,1.32035,-3.22736,0
4.9611,1.33824,-3.23081,0
4.96119,1.35774,-3.23785,0
4.96127,1.37576,-3.2411,0
4.96136,1.38871,-3.23231,0
4.96145,1.4036,-3.22805,0
4.96153,1.42331,-3.23471,0
4.96162,1.43985,-3.23395,0
4.96171,1.45436,-3.22855,0
4.9618,1.47506,-3.23673,0
4.96188,1.49168,-3.23571,0
4.96197,1.51044,-3.23914,0
4.96206,1.52626,-3.23614,0
4.96215,1.54295,-3.23487,0
4.96223,1.55966,-3.23351,0
4.96232,1.57551,-3.23027,0
4.96241,1.59932,-3.24309,0
4.96249,1.61836,-3.24593,0
4.96258,1.63476,-3.2433,0
4.96267,1.65298,-3.24415,0
4.96276,1.66666,-3.23602,0
4.96284,1.68769,-3.24202,0
4.96293,1.70741,-3.24525,0
4.96302,1.72812,-3.25013,0
4.96311,1.74418,-3.24608,0
4.96319,1.76596,-3.2525,0
4.96328,1.78254,-3.24915,0
4.96337,1.79283,-3.23434,0
4.96345,1.81816,-3.24656,0
4.96354,1.8328,-3.23946,0
4.96363,1.85635,-3.24793,0
4.96372,1.872,-3.2424,0
4.9638,1.89419,-3.24802,0
4.96389,1.91494,-3.25093,0
4.96398,1.93115,-3.24598,0
4.96407,1.95405,-3.25209,0
4.96415,1.96978,-3.2461,0
4.96424,1.98131,-3.23321,0
4.96433,1.97962,-3.19903,0
4.96441,1.98455,-3.17594,0
4.9645,1.98878,-3.15203,0
4.96459,1.98855,-3.12139,0
4.96468,1.97726,-3.074,0
4.96476,1.97595,-3.0427,0
4.96485,1.97769,-3.01648,0
4.96494,1.97538,-2.98448,0
4.96503,1.98394,-2.96918,0
4.96511,1.97619,-2.92982,0
4.9652,1.97657,-2.90298,0
4.96529,1.97562,-2.87455,0
4.96537,1.97789,-2.85111,0
4.96546,1.97884,-2.82607,0
4.96555,1.9773,-2.79781,0
4.96564,1.97904,-2.77451,0
4.96572,1.98353,-2.75529,0
4.96581,1.98084,-2.72639,0
4.9659,1.97557,-2.69433,0
4.96599,1.97303,-2.66639,0
4.96607,1.97268,-2.64173,0
4.96616,1.96914,-2.61314,0
4.96625,1.97507,-2.59735,0
4.96633,1.98091,-2.58157,0
4.96642,1.98481,-2.56342,0
4.96651,1.97935,-2.53345,0
4.9666,1.97986,-2.51144,0
4.96668,1.98395,-2.49417,0
4.96677,1.98418,-2.47223,0
4.96686,1.98425,-2.45034,0
4.96695,1.981,-2.42462,0
4.96703,1.97884,-2.40052,0
4.96712,1.9829,-2.38418,0
4.96721,1.97529,-2.35405,0
4.96729,1.97132,-2.32862,0
4.96738,1.97302,-2.31011,0
4.96747,1.97199,-2.2886,0
4.96756,1.9649,-2.26036,0
4.96764,1.97606,-2.25326,0
4.96773,1.97063,-2.22739,0
4.96782,1.97567,-2.21355,0
4.9679,1.97527,-2.19376,0
4.96799,1.97205,-2.17106,0
4.96808,1.97475,-2.15506,0
4.96817,1.97192,-2.13321,0
4.96825,1.97234,-2.11507,0
4.96834,1.97949,-2.10426,0
4.96843,1.97627,-2.08255,0
4.96852,1.97289,-2.0609,0
4.9686,1.97144,-2.04149,0
4.96869,1.97196,-2.02427,0
4.96878,1.97166,-2.00637,0
4.96886,1.97406,-1.99136,0
4.96895,1.97212,-1.97212,0
4.96904,1.97432,-1.95716,0
4.96913,1.96714,-1.93311,0
4.96921,1.97055,-1.91962,0
4.9693,1.9789,-1.91101,0
4.96939,1.97928,-1.89475,0
4.96948,1.97447,-1.8737,0
4.96956,1.97389,-1.85685,0
4.96965,1.971,-1.83799,0
4.96974,1.97386,-1.82462,0
4.96982,1.97664,-1.81126,0
4.96991,1.9749,-1.79387,0
4.97,1.97677,-1.77989,0
4.97009,1.97556,-1.76325,0
4.97017,1.97125,-1.74402,0
4.97026,1.97508,-1.7321,0
4.97035,1.98413,-1.72478,0
4.97044,1.98255,-1.70827,0
4.97052,1.97553,-1.68727,0
4.97061,1.97906,-1.6754,0
4.9707,1.97639,-1.65839,0
4.97078,1.96977,-1.63824,0
4.97087,1.97073,-1.62454,0
4.97096,1.9716,-1.61087,0
4.97105,1.96851,-1.59407,0
4.97113,1.96921,-1.58046,0
4.97122,1.98,-1.57496,0
4.97131,1.97429,-1.5564,0
4.9714,1.97081,-1.53977,0
4.97148,1.97356,-1.52809,0
4.97157,1.97307,-1.51399,0
4.97166,1.9717,-1.49931,0
4.97174,1.97662,-1.48949,0
4.97183,1.98871,-1.48504,0
4.97192,1.98955,-1.47219,0
4.97201,1.97418,-1.44753,0
4.97209,1.97562,-1.43537,0
4.97218,1.97862,-1.4244,0
4.97227,1.96527,-1.40182,0
4.97236,1.96811,-1.39092,0
4.97244,1.97825,-1.38519,0
4.97253,1.97688,-1.37141,0
4.97262,1.97708,-1.35881,0
4.9727,1.97968,-1.34792,0
4.97279,1.97477,-1.332,0
4.97288,1.97807,-1.3217,0
4.97297,1.96964,-1.30368,0
4.97305,1.97196,-1.29288,0
4.97314,1.97675,-1.28371,0
4.97323,1.97308,-1.26913,0
4.97332,1.97101,-1.25567,0
4.9734,1.97224,-1.24439,0
4.97349,1.97765,-1.23577,0
4.97358,1.97367,-1.22134,0
4.97366,1.97216,-1.20854,0
4.97375,1.97314,-1.19733,0
4.97384,1.97148,-1.18459,0
4.97393,1.97234,-1.17342,0
4.97401,1.97141,-1.16125,0
4.9741,1.97905,-1.15415,0
4.97419,1.98147,-1.144,0
4.97428,1.97949,-1.13137,0
4.97436,1.97745,-1.11879,0
4.97445,1.97533,-1.10624,0
4.97454,1.98276,-1.09906,0
4.97462,1.97702,-1.08463,0
4.97471,1.97558,-1.07265,0
4.9748,1.97936,-1.06355,0
4.97489,1.97339,-1.04927,0
4.97497,1.96998,-1.03646,0
4.97506,1.97803,-1.0297,0
4.97515,1.97806,-1.01877,0
4.97524,1.97625,-1.00695,0
4.97532,1.97884,-0.997418,0
4.97541,1.96975,-0.982081,0
4.9755,1.97133,-0.972151,0
4.97558,1.97555,-0.96354,0
4.97567,1.99415,-0.961862,0
4.97576,1.98117,-0.944972,0
4.97585,1.97623,-0.932053,0
4.97593,1.97394,-0.920463,0
4.97602,1.97975,-0.912678,0
4.97611,1.98008,-0.902373,0
4.9762,1.98399,-0.893724,0
4.97628,1.97326,-0.878551,0
4.97637,1.9789,-0.870738,0
4.97646,1.96893,-0.856114,0
4.97654,1.98091,-0.851068,0
4.97663,1.97816,-0.839681,0
4.97672,1.97167,-0.826788,0
4.97681,1.97433,-0.817795,0
4.97689,1.9714,-0.806522,0
4.97698,1.97676,-0.798661,0
4.97707,1.96908,-0.785582,0
4.97716,1.98272,-0.781014,0
4.97724,1.97865,-0.769456,0
4.97733,1.97826,-0.759382,0
4.97742,1.97314,-0.747554,0
4.9775,1.97732,-0.739288,0
4.97759,1.97771,-0.729615,0
4.97768,1.97617,-0.719268,0
4.97777,1.96423,-0.705232,0
4.97785,1.98143,-0.701662,0
4.97794,1.97975,-0.691361,0
4.97803,1.98275,-0.682716,0
4.97812,1.97435,-0.670201,0
4.9782,1.97062,-0.659359,0
4.97829,1.97442,-0.651068,0
4.97838,1.97439,-0.641519,0
4.97846,1.97527,-0.632289,0
4.97855,1.97038,-0.621258,0
4.97864,1.97021,-0.611765,0
4.97873,1.97381,-0.603455,0
4.97881,1.9793,-0.595702,0
4.9789,1.97133,-0.583936,0
4.97899,1.98442,-0.578407,0
4.97908,1.97635,-0.56671,0
4.97916,1.98555,-0.559982,0
4.97925,1.97159,-0.54677,0
4.97934,1.97299,-0.537899,0
4.97942,1.98111,-0.530838,0
4.97951,1.98148,-0.521679,0
4.9796,1.99245,-0.515282,0
4.97969,1.97432,-0.501414,0
4.97977,1.98523,-0.494972,0
4.97986,1.97765,-0.483929,0
4.97995,1.98558,-0.476695,0
4.98003,1.97693,-0.465506,0
4.98012,1.97895,-0.456876,0
4.98021,1.97312,-0.446471,0
4.9803,1.97798,-0.438507,0
4.98038,1.97401,-0.428599,0
4.98047,1.97684,-0.42019,0
4.98056,1.97376,-0.410542,0
4.98065,1.97553,-0.401926,0
4.98073,1.96353,-0.390571,0
4.98082,1.95049,-0.379138,0
4.98091,1.84111,-0.349546,0
4.98099,1.75708,-0.325655,0
4.98108,1.72207,-0.311401,0
4.98117,1.69682,-0.299196,0
4.98126,1.69614,-0.291451,0
4.98134,1.6826,-0.281571,0
4.98143,1.68875,-0.275031,0
4.98152,1.68697,-0.26719,0
4.98161,1.68219,-0.258914,0
4.98169,1.69023,-0.252606,0
4.98178,1.67746,-0.24322,0
4.98187,1.68148,-0.236316,0
4.98195,1.70924,-0.232618,0
4.98204,1.79154,-0.235861,0
4.98213,1.69831,-0.216053,0
4.98222,1.67641,-0.205837,0
4.9823,1.66438,-0.196993,0
4.98239,1.6692,-0.190181,0
4.98248,1.6551,-0.181263,0
4.98257,1.66881,-0.175399,0
4.98265,1.65662,-0.166813,0
4.98274,1.65435,-0.159296,0
4.98283,1.64407,-0.151069,0
4.98291,1.65269,-0.144591,0
4.983,1.66227,-0.138124,0
4.98309,1.65389,-0.130164,0
4.98318,1.65544,-0.12302,0
4.98326,1.65496,-0.115726,0
4.98335,1.65046,-0.108177,0
4.98344,1.63994,-0.100303,0
4.98353,1.65433,-0.09394,0
4.98361,1.65673,-0.0868254,0
4.9837,1.66308,-0.0798836,0
4.98379,1.64743,-0.0719284,0
4.98387,1.65872,-0.0651713,0
4.98396,1.65599,-0.0578285,0
4.98405,1.64423,-0.0502359,0
4.98414,1.65143,-0.0432444,0
4.98422,1.65561,-0.0361255,0
4.98431,1.66975,-0.0291456,0
4.9844,1.66786,-0.0218335,0
4.98449,1.68094,-0.0146693,0
4.98457,1.73898,-0.00758784,0
4.98466,1.929,-4.67096e-08,0
4.98475,1.97098,0.00860003,0
4.98483,1.97092,0.0172,0
4.98492,1.97783,0.0258912,0
4.98501,1.9707,0.0343986,0
4.9851,1.97553,0.0431062,0
4.98518,1.98032,0.0518565,0
4.98527,1.98807,0.0607411,0
4.98536,1.98079,0.0691708,0
4.98545,1.98947,0.0781662,0
4.98553,1.97911,0.08641,0
4.98562,1.97472,0.0948527,0
4.98571,1.98228,0.103887,0
4.98579,1.98281,0.112592,0
4.98588,1.9793,0.121059,0
4.98597,1.97476,0.129433,0
4.98606,1.98615,0.138885,0
4.98614,1.98054,0.147179,0
4.98623,1.97988,0.15582,0
4.98632,1.97021,0.163712,0
4.98641,1.97745,0.173004,0
4.98649,1.98265,0.18218,0
4.98658,1.98482,0.191116,0
4.98667,1.98297,0.199675,0
4.98675,1.98208,0.208325,0
4.98684,1.97718,0.216536,0
4.98693,1.9782,0.225388,0
4.98702,1.97819,0.234134,0
4.9871,1.97417,0.242398,0
4.98719,1.97905,0.251767,0
4.98728,1.98586,0.261444,0
4.98737,1.98966,0.270781,0
4.98745,1.98252,0.278625,0
4.98754,1.99217,0.288851,0
4.98763,1.98693,0.296949,0
4.98771,1.97969,0.304703,0
4.9878,1.97735,0.313182,0
4.98789,1.9888,0.323896,0
4.98798,1.98638,0.332406,0
4.98806,1.98688,0.341409,0
4.98815,1.9834,0.349727,0
4.98824,1.98186,0.358378,0
4.98833,1.98421,0.367751,0
4.98841,1.97964,0.375846,0
4.9885,1.98976,0.38677,0
4.98859,1.99001,0.395838,0
4.98867,1.98729,0.404318,0
4.98876,1.99236,0.414411,0
4.98885,1.99249,0.423516,0
4.98894,1.98964,0.431994,0
4.98902,1.97798,0.438507,0
4.98911,1.98482,0.449119,0
4.9892,1.98674,0.458675,0
4.98929,1.98959,0.468486,0
4.98937,1.98461,0.476462,0
4.98946,1.98931,0.486781,0
4.98955,1.98717,0.495456,0
4.98963,1.98498,0.504122,0
4.98972,1.9847,0.513279,0
4.98981,1.98631,0.522952,0
4.9899,1.99077,0.533426,0
4.98998,1.98264,0.540529,0
4.99007,1.99375,0.552916,0
4.99016,1.98843,0.560796,0
4.99025,1.99366,0.571672,0
4.99033,1.98634,0.578966,0
4.99042,1.99051,0.589616,0
4.99051,1.99175,0.599448,0
4.99059,1.98146,0.605794,0
4.99068,1.98644,0.616806,0
4.99077,1.99613,0.629377,0
4.99086,1.99051,0.637166,0
4.99094,1.982,0.643991,0
4.99103,1.98677,0.655139,0
4.99112,1.98579,0.664436,0
4.99121,1.99518,0.677273,0
4.99129,1.98653,0.684019,0
4.99138,1.99014,0.694988,0
4.99147,1.98238,0.701996,0
4.99155,1.99247,0.71537,0
4.99164,1.98745,0.723373,0
4.99173,1.98615,0.73273,0
4.99182,1.982,0.741039,0
4.9919,1.98903,0.753577,0
4.99199,1.99413,0.765474,0
4.99208,1.98518,0.771993,0
4.99217,1.98365,0.781381,0
4.99225,1.97836,0.789287,0
4.99234,1.99159,0.804655,0
4.99243,1.98528,0.812201,0
4.99251,1.98449,0.822004,0
4.9926,1.98919,0.834136,0
4.99269,1.98553,0.842807,0
4.99278,1.98735,0.853831,0
4.99286,1.99094,0.865684,0
4.99295,1.99263,0.876779,0
4.99304,1.98696,0.884652,0
4.99312,1.98764,0.895367,0
4.99321,1.9819,0.903202,0
4.9933,1.99065,0.917702,0
4.99339,1.98391,0.925111,0
4.99347,1.9898,0.938451,0
4.99356,1.9902,0.949277,0
4.99365,1.99955,0.964468,0
4.99374,1.98633,0.9688,0
4.99382,1.98747,0.980112,0
4.99391,1.98586,0.990113,0
4.994,1.99581,1.00597,0
4.99408,1.99764,1.01785,0
4.99417,1.98962,1.02472,0
4.99426,1.99577,1.03893,0
4.99435,1.98768,1.04577,0
4.99443,1.9937,1.06007,0
4.99452,1.98817,1.06828,0
4.99461,1.99755,1.08458,0
4.9947,1.9928,1.09329,0
4.99478,1.99501,1.10585,0
4.99487,1.99365,1.1165,0
4.99496,1.99398,1.12814,0
4.99504,1.99425,1.13981,0
4.99513,1.99186,1.15,0
4.99522,2.00064,1.16674,0
4.99531,1.99209,1.17343,0
4.99539,1.99468,1.18671,0
4.99548,1.9852,1.19283,0
4.99557,2.00733,1.21808,0
4.99566,1.99859,1.22474,0
4.99574,2.00343,1.23976,0
4.99583,2.00139,1.25061,0
4.99592,2.00776,1.2668,0
4.996,1.99715,1.27233,0
4.99609,1.99915,1.2859,0
4.99618,1.99855,1.29787,0
4.99627,2.00123,1.31207,0
4.99635,1.99799,1.32244,0
4.99644,2.00135,1.33726,0
4.99653,2.01373,1.35828,0
4.99662,2.00696,1.36649,0
4.9967,2.0018,1.3758,0
4.99679,2.00482,1.39079,0
4.99688,2.00365,1.40297,0
4.99696,1.99587,1.41054,0
4.99705,2.0011,1.42737,0
4.99714,1.99891,1.43901,0
4.99723,2.0007,1.45359,0
4.99731,2.0024,1.46822,0
4.9974,2.00562,1.48408,0
4.99749,2.00073,1.49402,0
4.99758,1.99579,1.50394,0
4.99766,1.99399,1.51626,0
4.99775,1.99132,1.52799,0
4.99784,1.99491,1.54462,0
4.99792,1.98815,1.55331,0
4.99801,2.00334,1.57931,0
4.9981,1.99722,1.58866,0
4.99819,2.00274,1.60737,0
4.99827,1.99571,1.61609,0
4.99836,1.99948,1.63365,0
4.99845,1.99851,1.64744,0
4.99854,1.99284,1.65743,0
4.99862,1.99248,1.67189,0
4.99871,1.99509,1.68897,0
4.9988,2.00139,1.70935,0
4.99888,1.99997,1.72329,0
4.99897,1.99998,1.73856,0
4.99906,1.99012,1.74529,0
4.99915,1.99896,1.76853,0
4.99923,1.9957,1.78123,0
4.99932,1.99906,1.79996,0
4.99941,2.00007,1.81674,0
4.9995,2.00171,1.83423,0
4.99958,2.00103,1.84973,0
4.99967,2.00025,1.86527,0
4.99976,1.99938,1.88083,0
4.99984,1.99913,1.89711,0
4.99993,2.00095,1.91549,0
5.00002,2.0048,1.93601,0
5.00011,1.99777,1.94614,0
5.00019,1.99853,1.96395,0
5.00028,2.00982,1.99236,0
5.00037,2.00394,2.00394,0
5.00046,2.00574,2.02332,0
5.00054,2.01301,2.04846,0
5.00063,2.00754,2.0608,0
5.00072,2.00756,2.07889,0
5.0008,2.01438,2.10425,0
5.00089,2.00518,2.11302,0
5.00098,2.00964,2.13631,0
5.00107,2.01121,2.15676,0
5.00115,2.014,2.17873,0
5.00124,2.01393,2.19782,0
5.00133,2.01307,2.21621,0
5.00142,2.01877,2.24207,0
5.0015,2.01895,2.26205,0
5.00159,2.01569,2.27832,0
5.00168,2.01166,2.29386,0
5.00176,2.01016,2.31243,0
5.00185,2.00528,2.32724,0
5.00194,2.01459,2.35878,0
5.00203,2.01461,2.37976,0
5.00211,2.01193,2.39772,0
5.0022,2.01104,2.41801,0
5.00229,2.01828,2.44836,0
5.00238,2.0139,2.46489,0
5.00246,2.01257,2.48531,0
5.00255,2.01923,2.51591,0
5.00264,2.01321,2.53095,0
5.00272,2.01453,2.55542,0
5.00281,2.01752,2.58231,0
5.0029,2.01726,2.60532,0
5.00299,2.01683,2.62838,0
5.00307,2.01623,2.65148,0
5.00316,2.02029,2.68102,0
5.00325,2.01635,2.70023,0
5.00334,2.01883,2.72829,0
5.00342,2.04179,2.78465,0
5.00351,2.0308,2.79515,0
5.0036,2.00807,2.78938,0
5.00368,1.9953,2.7973,0
5.00377,1.97441,2.79373,0
5.00386,1.95704,2.79495,0
5.00395,1.93571,2.79031,0
5.00403,1.91445,2.78555,0
5.00412,1.89834,2.78809,0
5.00421,1.8828,2.79137,0
5.0043,1.86616,2.79291,0
5.00438,1.84678,2.79018,0
5.00447,1.83678,2.80156,0
5.00456,1.81092,2.78858,0
5.00464,1.79658,2.79309,0
5.00473,1.779,2.79247,0
5.00482,1.76039,2.79006,0
5.00491,1.74184,2.78753,0
5.00499,1.72861,2.79341,0
5.00508,1.71693,2.80178,0
5.00517,1.6995,2.80069,0
5.00526,1.67954,2.79522,0
5.00534,1.6663,2.80081,0
5.00543,1.64798,2.79771,0
5.00552,1.63676,2.8066,0
5.0056,1.615,2.79726,0
5.00569,1.59831,2.79647,0
5.00578,1.58363,2.79906,0
5.00587,1.56945,2.80246,0
5.00595,1.54897,2.79441,0
5.00604,1.53965,2.8064,0
5.00613,1.51641,2.79288,0
5.00621,1.50752,2.80564,0
5.0063,1.4901,2.80248,0
5.00639,1.47646,2.8063,0
5.00648,1.46051,2.80562,0
5.00656,1.44139,2.79863,0
5.00665,1.42598,2.79865,0
5.00674,1.41511,2.80753,0
5.00683,1.40017,2.8083,0
5.00691,1.38436,2.80721,0
5.007,1.37079,2.81053,0
5.00709,1.3533,2.80568,0
5.00717,1.34406,2.81787,0
5.00726,1.3245,2.80833,0
5.00735,1.30927,2.80774,0
5.00744,1.29617,2.81161,0
5.00752,1.2814,2.81178,0
5.00761,1.26748,2.8137,0
5.0077,1.25194,2.81189,0
5.00779,1.24247,2.82374,0
5.00787,1.22615,2.81996,0
5.00796,1.21068,2.81793,0
5.00805,1.19525,2.81582,0
5.00813,1.18643,2.82931,0
5.00822,1.16451,2.81137,0
5.00831,1.15109,2.81364,0
5.0084,1.13244,2.80288,0
5.00848,1.12057,2.80872,0
5.00857,1.10647,2.80893,0
5.00866,1.0942,2.81373,0
5.00875,1.08335,2.82221,0
5.00883,1.06677,2.81569,0
5.00892,1.05307,2.81657,0
5.00901,1.04077,2.82114,0
5.00909,1.02572,2.81814,0
5.00918,1.01274,2.8207,0
5.00927,0.999418,2.82227,0
5.00936,0.984786,2.81999,0
5.00944,0.97117,2.82048,0
5.00953,0.959497,2.82659,0
5.00962,0.945251,2.82506,0
5.00971,0.931036,2.82346,0
5.00979,0.917472,2.82369,0
5.00988,0.901484,2.81623,0
5.00997,0.884376,2.80488,0
5.01005,0.868274,2.7963,0
5.01014,0.879747,2.87752,0
5.01023,0.787929,2.618,0
5.01032,0.690725,2.33185,0
5.0104,0.672429,2.307,0
5.01049,0.661254,2.30607,0
5.01058,0.648471,2.29931,0
5.01067,0.638165,2.30115,0
5.01075,0.628908,2.30681,0
5.01084,0.614437,2.29311,0
5.01093,0.595259,2.26095,0
5.01101,0.576625,2.22964,0
5.0111,0.564922,2.22439,0
5.01119,0.554969,2.22586,0
5.01128,0.545965,2.23117,0
5.01136,0.534123,2.22478,0
5.01145,0.523952,2.22514,0
5.01154,0.511764,2.21669,0
5.01163,0.501645,2.21695,0
5.01171,0.493266,2.22498,0
5.0118,0.483341,2.22613,0
5.01189,0.473623,2.22822,0
5.01197,0.46247,2.22341,0
5.01206,0.451369,2.21855,0
5.01215,0.441294,2.21854,0
5.01224,0.430465,2.21455,0
5.01232,0.421544,2.22034,0
5.01241,0.412035,2.22314,0
5.0125,0.401797,2.22196,0
5.01259,0.391229,2.21877,0
5.01267,0.382053,2.22341,0
5.01276,0.372347,2.22506,0
5.01285,0.36151,2.21975,0
5.01293,0.351665,2.22032,0
5.01302,0.343495,2.23172,0
5.01311,0.332128,2.22232,0
5.0132,0.322571,2.22474,0
5.01328,0.311748,2.2182,0
5.01337,0.301931,2.21855,0
5.01346,0.291726,2.21588,0
5.01355,0.282433,2.22011,0
5.01363,0.273962,2.23124,0
5.01372,0.263049,2.22249,0
5.01381,0.253915,2.22858,0
5.01389,0.242664,2.21575,0
5.01398,0.237175,2.25657,0
5.01407,0.230533,2.28942,0
5.01416,0.220254,2.28742,0
5.01424,0.210271,2.28836,0
5.01433,0.200284,2.28926,0
5.01442,0.189382,2.27915,0
5.01451,0.179122,2.27596,0
5.01459,0.169116,2.27572,0
5.01468,0.160021,2.28841,0
5.01477,0.149577,2.2821,0
5.01485,0.139557,2.28174,0
5.01494,0.129373,2.27833,0
5.01503,0.119797,2.28586,0
5.01512,0.109726,2.28437,0
5.0152,0.0998449,2.28682,0
5.01529,0.0899443,2.28923,0
5.01538,0.0799897,2.2906,0
5.01547,0.069689,2.28094,0
5.01555,0.0596574,2.27822,0
5.01564,0.0499562,2.28945,0
5.01573,0.040001,2.29165,0
5.01581,0.0299883,2.2908,0
5.0159,0.0199402,2.28491,0
5.01599,0.00996152,2.28298,0
5.01608,8.29881e-08,2.281,0
5.01616,-0.00998317,2.28798,0
5.01625,-0.0199837,2.28991,0
5.01634,-0.0299489,2.2878,0
5.01643,-0.0399659,2.28965,0
5.01651,-0.0498906,2.28646,0
5.0166,-0.0599451,2.28922,0
5.01669,-0.0700858,2.29393,0
5.01677,-0.0802339,2.2976,0
5.01686,-0.0899049,2.28823,0
5.01695,-0.100106,2.29282,0
5.01704,-0.10963,2.28237,0
5.01712,-0.119902,2.28786,0
5.01721,-0.127275,2.24139,0
5.0173,-0.130522,2.13401,0
5.01739,-0.136365,2.08054,0
5.01747,-0.145163,2.07593,0
5.01756,-0.154071,2.07328,0
5.01765,-0.162803,2.0686,0
5.01773,-0.172407,2.07485,0
5.01782,-0.180587,2.06412,0
5.01791,-0.190049,2.06829,0
5.018,-0.199263,2.06943,0
5.01808,-0.208792,2.07351,0
5.01817,-0.218464,2.07855,0
5.01826,-0.226661,2.06963,0
5.01834,-0.235802,2.06961,0
5.01843,-0.2453,2.07253,0
5.01852,-0.254098,2.06946,0
5.01861,-0.263882,2.07428,0
5.01869,-0.272539,2.07014,0
5.01878,-0.282243,2.07388,0
5.01887,-0.290733,2.06867,0
5.01896,-0.299182,2.06342,0
5.01904,-0.308922,2.06704,0
5.01913,-0.319459,2.07556,0
5.01922,-0.328512,2.07415,0
5.0193,-0.338202,2.07664,0
5.01939,-0.347425,2.07613,0
5.01948,-0.355973,2.07164,0
5.01957,-0.364835,2.06908,0
5.01965,-0.375817,2.07829,0
5.01974,-0.38397,2.07172,0
5.01983,-0.39282,2.06904,0
5.01992,-0.402225,2.06927,0
5.02,-0.411836,2.07044,0
5.02009,-0.42266,2.07744,0
5.02018,-0.430702,2.07068,0
5.02026,-0.440149,2.07074,0
5.02035,-0.450241,2.07368,0
5.02044,-0.462531,2.08634,0
5.02053,-0.467658,2.06675,0
5.02061,-0.479146,2.07541,0
5.0207,-0.49026,2.08206,0
5.02079,-0.499806,2.08184,0
5.02088,-0.510074,2.0845,0
5.02096,-0.517471,2.07546,0
5.02105,-0.529476,2.08482,0
5.02114,-0.538067,2.08055,0
5.02122,-0.547649,2.08012,0
5.02131,-0.557237,2.07964,0
5.0214,-0.567884,2.08298,0
5.02149,-0.575364,2.0747,0
5.02157,-0.584954,2.07409,0
5.02166,-0.595101,2.07536,0
5.02175,-0.606949,2.08235,0
5.02184,-0.619153,2.09023,0
5.02192,-0.309235,1.02747,0
5.02201,-0.311083,1.01751,0
5.0221,-0.309293,0.996086,0
5.02218,-0.307021,0.973745,0
5.02227,-0.306084,0.956205,0
5.02236,-0.30809,0.948203,0
5.02245,-0.309406,0.938303,0
5.02253,-0.309372,0.924616,0
5.02262,-0.309868,0.912841,0
5.02271,-0.306685,0.890678,0
5.0228,-0.311228,0.89122,0
5.02288,-0.311108,0.878542,0
5.02297,-0.306828,0.854588,0
5.02306,-0.307476,0.844784,0
5.02314,-0.294199,0.797463,0
5.02323,-0.284018,0.759641,0
5.02332,-0.284496,0.750914,0
5.02341,-0.288486,0.751532,0
5.02349,-0.286688,0.737218,0
5.02358,-0.283672,0.720143,0
5.02367,-0.2857,0.716112,0
5.02376,-0.282828,0.700024,0
5.02384,-0.283986,0.694155,0
5.02393,-0.285482,0.689214,0
5.02402,-0.290807,0.693495,0
5.0241,-0.284061,0.669207,0
5.02419,-0.283821,0.660611,0
5.02428,-0.286701,0.659366,0
5.02437,-0.287158,0.652617,0
5.02445,-0.277801,0.623952,0
5.02454,-0.28011,0.621822,0
5.02463,-0.281577,0.617864,0
5.02472,-0.280083,0.607548,0
5.0248,-0.27597,0.591819,0
5.02489,-0.27727,0.587896,0
5.02498,-0.287151,0.602024,0
5.02506,-0.295857,0.613375,0
5.02515,-0.300723,0.616573,0
5.02524,-0.302525,0.613461,0
5.02533,-0.30743,0.61661,0
5.02541,-0.308767,0.612584,0
5.0255,-0.312345,0.613012,0
5.02559,-0.312728,0.607199,0
5.02568,-0.305678,0.587201,0
5.02576,-0.308702,0.586747,0
5.02585,-0.315015,0.592458,0
5.02594,-0.314758,0.585792,0
5.02602,-0.307767,0.566837,0
5.02611,-0.30158,0.549708,0
5.0262,-0.306884,0.553634,0
5.02629,-0.29757,0.53135,0
5.02637,-0.246704,0.436048,0
5.02646,-0.222801,0.389821,0
5.02655,-0.2235,0.387113,0
5.02664,-0.219645,0.376632,0
5.02672,-0.219764,0.373085,0
5.02681,-0.219856,0.369545,0
5.0269,-0.220436,0.366868,0
5.02698,-0.220997,0.364192,0
5.02707,-0.220494,0.359814,0
5.02716,-0.220484,0.356298,0
5.02725,-0.216737,0.346852,0
5.02733,-0.220383,0.349286,0
5.02742,-0.222979,0.350007,0
5.02751,-0.22234,0.345667,0
5.0276,-0.218945,0.337146,0
5.02768,-0.219866,0.335351,0
5.02777,-0.226294,0.341893,0
5.02786,-0.227784,0.340903,0
5.02794,-0.22871,0.339076,0
5.02803,-0.234127,0.343861,0
5.02812,-0.235059,0.342012,0
5.02821,-0.232559,0.335232,0
5.02829,-0.234593,0.335033,0
5.02838,-0.247595,0.350339,0
5.02847,-0.236927,0.332159,0
5.02856,-0.239542,0.332745,0
5.02864,-0.242168,0.333315,0
5.02873,-0.255446,0.348384,0
5.02882,-0.259343,0.350482,0
5.0289,-0.259673,0.347744,0
5.02899,-0.260586,0.345809,0
5.02908,-0.259066,0.340689,0
5.02917,-0.261159,0.340349,0
5.02925,-0.257131,0.33209,0
5.02934,-0.260425,0.333329,0
5.02943,-0.263115,0.33376,0
5.02952,-0.262701,0.330261,0
5.0296,-0.259132,0.322872,0
5.02969,-0.266832,0.32951,0
5.02978,-0.265736,0.325245,0
5.02986,-0.265245,0.321767,0
5.02995,-0.271762,0.326758,0
5.03004,-0.27447,0.327101,0
5.03013,-0.276541,0.326664,0
5.03021,-0.273418,0.320131,0
5.0303,-0.274159,0.318177,0
5.03039,-0.272921,0.313959,0
5.03048,-0.285497,0.325547,0
5.03056,-0.282939,0.319804,0
5.03065,-0.285663,0.320059,0
5.03074,-0.289734,0.321782,0
5.03082,-0.289118,0.318294,0
5.03091,-0.281721,0.307445,0
5.031,-0.287811,0.311353,0
5.03109,-0.354639,0.380304,0
5.03117,-0.346017,0.367827,0
5.03126,-0.335917,0.353983,0
5.03135,-0.334692,0.349624,0
5.03143,-0.222985,0.230908,0
5.03152,-0.0844326,0.0866725,0
5.03161,-0.0364473,0.037089,0
5.0317,-0.0718095,0.0724389,0
5.03178,-0.0601041,0.0601041,0
