7200
3910
3.40339
3.4191,-0.0282843,-0.0282843,0
3.41919,-0.0323847,-0.0326685,0
3.41927,-0.0448582,-0.045648,0
3.41936,-0.0404718,-0.0415455,0
3.41945,-0.0611299,-0.0633019,0
3.41954,-0.0567041,-0.0592338,0
3.41962,-0.0653937,-0.0689106,0
3.41971,-0.0404258,-0.0429739,0
3.4198,-0.0504679,-0.0541202,0
3.41989,-0.0414068,-0.0447937,0
3.41997,-0.052696,-0.0575076,0
3.42006,-0.0470657,-0.0518153,0
3.42015,-0.0682513,-0.0758008,0
3.42023,-0.0699176,-0.078336,0
3.42032,-0.0622863,-0.0704018,0
3.42041,-0.0632972,-0.0721766,0
3.4205,-0.0524847,-0.0603768,0
3.42058,-0.0502625,-0.0583325,0
3.42067,-0.0584503,-0.0684365,0
3.42076,-0.0581512,-0.0686909,0
3.42085,-0.0642788,-0.0766044,0
3.42093,-0.0613861,-0.0738088,0
3.42102,-0.0547027,-0.0663597,0
3.42111,-0.060107,-0.0735673,0
3.42119,-0.0597854,-0.0738289,0
3.42128,-0.0588368,-0.0733091,0
3.42137,-0.0516687,-0.0649565,0
3.42146,-0.0550994,-0.0698932,0
3.42154,-0.0627975,-0.0803771,0
3.42163,-0.0673439,-0.0869759,0
3.42172,-0.0633112,-0.0825088,0
3.42181,-0.0568976,-0.0748242,0
3.42189,-0.0571724,-0.0758704,0
3.42198,-0.0729956,-0.097753,0
3.42207,-0.0612667,-0.0827973,0
3.42215,-0.0632701,-0.0862896,0
3.42224,-0.0552518,-0.0760476,0
3.42233,-0.0566722,-0.0787227,0
3.42242,-0.0476176,-0.0667575,0
3.4225,-0.0669488,-0.0947304,0
3.42259,-0.0739914,-0.105671,0
3.42268,-0.0581397,-0.083808,0
3.42277,-0.0492773,-0.071699,0
3.42285,-0.0585317,-0.0859653,0
3.42294,-0.0531233,-0.0787586,0
3.42303,-0.0355565,-0.0532141,0
3.42311,-0.0469146,-0.0708803,0
3.4232,-0.748969,-1.14237,0
3.42329,-0.738531,-1.13724,0
3.42338,-0.728693,-1.13288,0
3.42346,-0.719444,-1.1293,0
3.42355,-0.713976,-1.13158,0
3.42364,-0.707972,-1.13299,0
3.42373,-0.697233,-1.12672,0
3.42381,-0.693878,-1.13231,0
3.4239,-0.690487,-1.13789,0
3.42399,-0.691181,-1.15032,0
3.42407,-0.6882,-1.15676,0
3.42416,-0.677564,-1.15027,0
3.42425,-0.681102,-1.16791,0
3.42434,-0.673,-1.16567,0
3.42442,-0.666915,-1.16686,0
3.42451,-0.661325,-1.16889,0
3.4246,-0.651821,-1.16391,0
3.42469,-0.648675,-1.17024,0
3.42477,-0.639234,-1.16517,0
3.42486,-0.634621,-1.16883,0
3.42495,-0.628095,-1.16894,0
3.42503,-0.627684,-1.1805,0
3.42512,-0.625786,-1.18942,0
3.42521,-0.630749,-1.21166,0
3.4253,-0.627287,-1.21795,0
3.42538,-0.630593,-1.23761,0
3.42547,-0.633289,-1.25642,0
3.42556,-0.636724,-1.27707,0
3.42565,-0.631146,-1.27984,0
3.42573,-0.625556,-1.28258,0
3.42582,-0.626036,-1.29791,0
3.42591,-0.624241,-1.30875,0
3.42599,-0.603595,-1.2798,0
3.42608,-0.587439,-1.25977,0
3.42617,-0.571471,-1.23962,0
3.42626,-0.5673,-1.24483,0
3.42634,-0.565149,-1.25458,0
3.42643,-0.562923,-1.26435,0
3.42652,-0.559415,-1.27137,0
3.4266,-0.555856,-1.27838,0
3.42669,-0.550273,-1.28079,0
3.42678,-0.548196,-1.29147,0
3.42687,-0.556477,-1.32705,0
3.42695,-0.558335,-1.34794,0
3.42704,-0.55472,-1.35592,0
3.42713,-0.552919,-1.36852,0
3.42722,-0.55139,-1.38207,0
3.4273,-0.548652,-1.39284,0
3.42739,-0.544744,-1.40081,0
3.42748,-0.53791,-1.4013,0
3.42756,-0.537459,-1.4186,0
3.42765,-0.533366,-1.42655,0
3.42774,-0.537866,-1.45795,0
3.42783,-0.539708,-1.48283,0
3.42791,-0.546411,-1.52188,0
3.428,-0.558125,-1.5761,0
3.42809,-0.551243,-1.57852,0
3.42818,-0.556396,-1.61589,0
3.42826,-0.650272,-1.91564,0
3.42835,-0.652696,-1.9507,0
3.42844,-0.645744,-1.95828,0
3.42852,-0.651717,-2.00578,0
3.42861,-0.650885,-2.03337,0
3.4287,-0.651329,-2.06575,0
3.42879,-0.646757,-2.0829,0
3.42887,-0.63854,-2.08857,0
3.42896,-0.629997,-2.09325,0
3.42905,-0.617449,-2.08447,0
3.42914,-0.613665,-2.10539,0
3.42922,-0.605024,-2.10997,0
3.42931,-0.596898,-2.11644,0
3.4294,-0.597812,-2.15564,0
3.42948,-0.598659,-2.19586,0
3.42957,-0.606413,-2.26316,0
3.42966,-0.60137,-2.28416,0
3.42975,-0.603165,-2.33227,0
3.42983,-0.643445,-2.53357,0
3.42992,-0.642787,-2.57808,0
3.43001,-0.63985,-2.61485,0
3.4301,-0.643142,-2.67888,0
3.43018,-0.64199,-2.72644,0
3.43027,-0.630988,-2.73311,0
3.43036,-0.617511,-2.72901,0
3.43044,-0.606247,-2.73461,0
3.43053,-0.5924,-2.72843,0
3.43062,-0.581945,-2.73784,0
3.43071,-0.569382,-2.73741,0
3.43079,-0.556436,-2.73497,0
3.43088,-0.542156,-2.7256,0
3.43097,-0.529113,-2.72205,0
3.43106,-0.518537,-2.73121,0
3.43114,-0.504428,-2.72165,0
3.43123,-0.493082,-2.72678,0
3.43132,-0.47979,-2.72102,0
3.4314,-0.46859,-2.72703,0
3.43149,-0.456357,-2.72708,0
3.43158,-0.443971,-2.72608,0
3.43167,-0.43129,-2.72306,0
3.43175,-0.420013,-2.72887,0
3.43184,-0.406919,-2.72276,0
3.43193,-0.394031,-2.71758,0
3.43202,-0.382587,-2.72225,0
3.4321,-0.370705,-2.72389,0
3.43219,-0.358817,-2.72548,0
3.43228,-0.347047,-2.72801,0
3.43236,-0.334531,-2.72454,0
3.43245,-0.32311,-2.72995,0
3.43254,-0.308932,-2.71146,0
3.43263,-0.29786,-2.71974,0
3.43271,-0.285676,-2.71803,0
3.4328,-0.273313,-2.71427,0
3.43289,-0.262042,-2.72141,0
3.43298,-0.249708,-2.71755,0
3.43306,-0.237674,-2.71662,0
3.43315,-0.225321,-2.71165,0
3.43324,-0.213173,-2.70862,0
3.43332,-0.201723,-2.71451,0
3.43341,-0.190086,-2.71836,0
3.4335,-0.1777,-2.71118,0
3.43359,-0.166357,-2.71992,0
3.43367,-0.154771,-2.72561,0
3.43376,-0.142982,-2.72826,0
3.43385,-0.130596,-2.71887,0
3.43394,-0.118863,-2.72241,0
3.43402,-0.106512,-2.71091,0
3.43411,-0.0949616,-2.71934,0
3.4342,-0.0828205,-2.71074,0
3.43428,-0.0713322,-2.72407,0
3.43437,-0.059162,-2.71135,0
3.43446,-0.0474531,-2.71859,0
3.43455,-0.0355645,-2.71677,0
3.43463,-0.0237449,-2.7209,0
3.43472,-0.0118333,-2.71197,0
3.43481,-3.25856e-08,-2.705,0
3.4349,0.011842,-2.71397,0
3.43498,0.0237449,-2.7209,0
3.43507,0.0355513,-2.71577,0
3.43516,0.0475578,-2.72458,0
3.43524,0.0593801,-2.72135,0
3.43533,0.0710966,-2.71507,0
3.43542,0.0829731,-2.71573,0
3.43551,0.0948917,-2.71734,0
3.43559,0.106787,-2.7179,0
3.43568,0.118819,-2.72141,0
3.43577,0.130692,-2.72086,0
3.43586,0.142772,-2.72426,0
3.43594,0.154318,-2.71762,0
3.43603,0.166296,-2.71892,0
3.43612,0.178027,-2.71617,0
3.4362,0.190226,-2.72036,0
3.43629,0.202538,-2.72548,0
3.43638,0.213095,-2.70763,0
3.43647,0.224907,-2.70667,0
3.43655,0.236541,-2.70367,0
3.43664,0.249616,-2.71656,0
3.43673,0.261755,-2.71843,0
3.43682,0.273614,-2.71726,0
3.4369,0.285676,-2.71803,0
3.43699,0.29688,-2.71079,0
3.43708,0.309384,-2.71543,0
3.43716,0.320877,-2.71108,0
3.43725,0.332947,-2.71164,0
3.43734,0.344776,-2.71016,0
3.43743,0.35725,-2.71358,0
3.43751,0.368817,-2.71002,0
3.4376,0.381056,-2.71135,0
3.43769,0.394318,-2.71956,0
3.43778,0.404407,-2.70595,0
3.43786,0.416057,-2.70317,0
3.43795,0.42863,-2.70627,0
3.43804,0.441238,-2.7093,0
3.43812,0.454211,-2.71426,0
3.43821,0.466727,-2.71619,0
3.4383,0.478401,-2.71315,0
3.43839,0.491124,-2.71595,0
3.43847,0.504975,-2.7246,0
3.43856,0.516858,-2.72237,0
3.43865,0.527014,-2.71125,0
3.43873,0.540595,-2.71776,0
3.43882,0.550255,-2.70459,0
3.43891,0.564291,-2.71293,0
3.439,0.576955,-2.71436,0
3.43908,0.588793,-2.71182,0
3.43917,0.602568,-2.71801,0
3.43926,0.612877,-2.70853,0
3.43935,0.626489,-2.71362,0
3.43943,0.638323,-2.71086,0
3.43952,0.648511,-2.70124,0
3.43961,0.66148,-2.70324,0
3.43969,0.676172,-2.71198,0
3.43978,0.685783,-2.70028,0
3.43987,0.699812,-2.70597,0
3.43996,0.714922,-2.71547,0
3.44004,0.724434,-2.70363,0
3.44013,0.738592,-2.70912,0
3.44022,0.751207,-2.70877,0
3.44031,0.764919,-2.7122,0
3.44039,0.779778,-2.71941,0
3.44048,0.790237,-2.71118,0
3.44057,0.800355,-2.70195,0
3.44065,0.815019,-2.70801,0
3.44074,0.82712,-2.70539,0
3.44083,0.840992,-2.70844,0
3.44092,0.854907,-2.71142,0
3.441,0.865815,-2.7048,0
3.44109,0.877608,-2.701,0
3.44118,0.892204,-2.70569,0
3.44127,0.908761,-2.716,0
3.44135,0.920603,-2.71201,0
3.44144,0.932102,-2.70702,0
3.44153,0.941926,-2.69726,0
3.44161,0.958693,-2.70727,0
3.4417,0.971173,-2.70494,0
3.44179,0.985018,-2.70631,0
3.44188,0.997855,-2.70481,0
3.44196,1.0121,-2.70698,0
3.44205,1.02461,-2.70441,0
3.44214,1.03819,-2.70458,0
3.44223,1.05361,-2.70935,0
3.44231,1.06762,-2.71031,0
3.4424,1.08055,-2.70841,0
3.44249,1.09348,-2.70645,0
3.44257,1.10452,-2.6998,0
3.44266,1.1182,-2.69958,0
3.44275,1.13577,-2.7085,0
3.44284,1.15227,-2.71457,0
3.44292,1.1641,-2.70952,0
3.44301,1.17671,-2.70624,0
3.4431,1.18971,-2.70383,0
3.44319,1.20191,-2.69953,0
3.44327,1.2223,-2.7134,0
3.44336,1.23496,-2.70986,0
3.44345,1.24677,-2.70445,0
3.44353,1.26194,-2.70624,0
3.44362,1.27587,-2.70523,0
3.44371,1.28981,-2.70415,0
3.4438,1.30638,-2.7084,0
3.44388,1.32125,-2.70897,0
3.44397,1.33306,-2.70317,0
3.44406,1.35064,-2.70897,0
3.44415,1.36425,-2.70662,0
3.44423,1.37423,-2.69708,0
3.44432,1.38827,-2.6955,0
3.44441,1.40325,-2.69563,0
3.44449,1.41826,-2.69567,0
3.44458,1.4333,-2.69564,0
3.44467,1.44788,-2.69464,0
3.44476,1.46869,-2.705,0
3.44484,1.4877,-2.71172,0
3.44493,1.49855,-2.70345,0
3.44502,1.51277,-2.70125,0
3.44511,1.52504,-2.69549,0
3.44519,1.53877,-2.69228,0
3.44528,1.559,-2.70027,0
3.44537,1.57631,-2.70294,0
3.44545,1.59164,-2.70207,0
3.44554,1.60699,-2.70111,0
3.44563,1.62392,-2.70265,0
3.44572,1.63569,-2.69554,0
3.4458,1.64692,-2.68752,0
3.44589,1.66126,-2.68456,0
3.44598,1.6862,-2.69849,0
3.44607,1.69956,-2.69364,0
3.44615,1.71399,-2.69042,0
3.44624,1.73328,-2.69469,0
3.44633,1.75265,-2.69884,0
3.44641,1.76825,-2.69702,0
3.4465,1.78055,-2.69012,0
3.44659,1.80394,-2.69978,0
3.44668,1.81458,-2.69023,0
3.44676,1.83306,-2.6922,0
3.44685,1.85045,-2.69242,0
3.44694,1.86446,-2.68761,0
3.44703,1.88592,-2.69337,0
3.44711,1.89881,-2.68675,0
3.4472,1.92445,-2.69798,0
3.44729,1.93562,-2.68874,0
3.44737,1.95145,-2.68594,0
3.44746,1.97261,-2.6903,0
3.44755,1.99504,-2.69614,0
3.44764,2.00678,-2.68741,0
3.44772,2.02029,-2.68102,0
3.44781,2.02229,-2.65944,0
3.4479,2.02961,-2.64504,0
3.44799,2.02583,-2.61639,0
3.44807,2.02122,-2.58704,0
3.44816,2.02258,-2.56563,0
3.44825,2.02131,-2.54113,0
3.44833,2.01798,-2.51435,0
3.44842,2.01068,-2.48298,0
3.44851,2.01896,-2.47109,0
3.4486,2.01955,-2.44991,0
3.44868,2.02446,-2.43415,0
3.44877,2.0145,-2.40078,0
3.44886,2.01074,-2.37518,0
3.44895,2.00809,-2.35118,0
3.44903,2.00658,-2.32875,0
3.44912,2.01016,-2.31243,0
3.44921,2.01035,-2.29236,0
3.44929,2.0137,-2.27608,0
3.44938,2.01163,-2.25384,0
3.44947,2.01074,-2.23315,0
3.44956,2.01172,-2.21473,0
3.44964,2.01596,-2.20004,0
3.44973,2.014,-2.17874,0
3.44982,2.01121,-2.15676,0
3.44991,2.00622,-2.13267,0
3.44999,2.00655,-2.11447,0
3.45008,2.00954,-2.09919,0
3.45017,2.02146,-2.09328,0
3.45025,2.01033,-2.06367,0
3.45034,2.0067,-2.04204,0
3.45043,2.01278,-2.03042,0
3.45052,2.00111,-2.00111,0
3.4506,2.00272,-1.98532,0
3.45069,2.00709,-1.97236,0
3.45078,2.00994,-1.958,0
3.45087,2.01127,-1.94226,0
3.45095,2.00239,-1.91687,0
3.45104,2.00131,-1.89917,0
3.45113,2.00375,-1.88494,0
3.45121,2.0083,-1.87277,0
3.4513,2.0025,-1.85109,0
3.45139,2.00318,-1.83558,0
3.45148,2.00229,-1.81875,0
3.45156,1.9998,-1.80063,0
3.45165,1.99869,-1.7839,0
3.45174,2.00196,-1.77118,0
3.45182,1.99388,-1.74859,0
3.45191,1.99772,-1.73659,0
3.452,1.99391,-1.71806,0
3.45209,1.99378,-1.70285,0
3.45217,1.98898,-1.6838,0
3.45226,1.99708,-1.67575,0
3.45235,1.9913,-1.65615,0
3.45244,1.99542,-1.6449,0
3.45252,1.99561,-1.63048,0
3.45261,2.00037,-1.61987,0
3.4527,1.99494,-1.60111,0
3.45278,1.9933,-1.58554,0
3.45287,1.9845,-1.56445,0
3.45296,1.98658,-1.55208,0
3.45305,1.99254,-1.54279,0
3.45313,1.99052,-1.52738,0
3.45322,1.99319,-1.51566,0
3.45331,1.9878,-1.49792,0
3.4534,1.99432,-1.48923,0
3.45348,1.99196,-1.47397,0
3.45357,1.98385,-1.45462,0
3.45366,1.97966,-1.43831,0
3.45374,1.98592,-1.42966,0
3.45383,1.98888,-1.41866,0
3.45392,1.99751,-1.4117,0
3.45401,1.99136,-1.39436,0
3.45409,1.99167,-1.38167,0
3.45418,1.99356,-1.37014,0
3.45427,1.99456,-1.35805,0
3.45436,1.99052,-1.34262,0
3.45444,1.99885,-1.33559,0
3.45453,1.98882,-1.31637,0
3.45462,1.99454,-1.30768,0
3.4547,1.98765,-1.29079,0
3.45479,1.99747,-1.28481,0
3.45488,1.99715,-1.27233,0
3.45497,1.99423,-1.25826,0
3.45505,1.99631,-1.24743,0
3.45514,1.98047,-1.22555,0
3.45523,1.99091,-1.22003,0
3.45532,1.99536,-1.21082,0
3.4554,1.9972,-1.20004,0
3.45549,1.98781,-1.18262,0
3.45558,1.99639,-1.17597,0
3.45566,2.01015,-1.17228,0
3.45575,2.00312,-1.1565,0
3.45584,2.00207,-1.14428,0
3.45593,1.99398,-1.12814,0
3.45601,1.99278,-1.11601,0
3.4561,1.98539,-1.10052,0
3.45619,1.9928,-1.09329,0
3.45628,1.99052,-1.08076,0
3.45636,1.9961,-1.07254,0
3.45645,1.98398,-1.0549,0
3.45654,1.99299,-1.04856,0
3.45662,1.99045,-1.03616,0
3.45671,1.98784,-1.02381,0
3.4568,1.98249,-1.01013,0
3.45689,1.99313,-1.00462,0
3.45697,1.98496,-0.989667,0
3.45706,1.99106,-0.981881,0
3.45715,1.99532,-0.973184,0
3.45724,1.99144,-0.960558,0
3.45732,1.98659,-0.947555,0
3.45741,1.98166,-0.934612,0
3.4575,1.98391,-0.925111,0
3.45758,1.98702,-0.916028,0
3.45767,1.991,-0.907349,0
3.45776,1.98308,-0.893314,0
3.45785,1.98239,-0.882619,0
3.45793,1.98165,-0.871947,0
3.45802,1.98177,-0.861697,0
3.45811,1.9901,-0.855015,0
3.4582,1.99289,-0.845933,0
3.45828,1.99011,-0.834522,0
3.45837,1.98172,-0.820856,0
3.45846,1.9751,-0.808036,0
3.45854,1.98046,-0.80016,0
3.45863,1.98208,-0.79077,0
3.45872,1.98458,-0.781747,0
3.45881,1.97958,-0.769818,0
3.45889,1.98946,-0.763682,0
3.45898,1.98062,-0.750388,0
3.45907,1.98294,-0.741389,0
3.45916,1.98052,-0.730653,0
3.45924,1.98745,-0.723373,0
3.45933,1.98023,-0.710977,0
3.45942,1.98238,-0.701996,0
3.4595,1.98259,-0.69235,0
3.45959,1.97519,-0.680112,0
3.45968,1.98477,-0.673737,0
3.45977,1.98769,-0.665071,0
3.45985,1.98582,-0.654826,0
3.45994,1.97249,-0.640901,0
3.46003,1.98098,-0.634118,0
3.46012,1.98087,-0.624566,0
3.4602,1.97976,-0.614731,0
3.46029,1.98146,-0.605794,0
3.46038,1.97738,-0.595125,0
3.46046,1.98092,-0.586776,0
3.46055,1.9777,-0.576448,0
3.46064,1.98501,-0.569191,0
3.46073,1.98073,-0.558625,0
3.46081,1.98508,-0.550511,0
3.4609,1.97974,-0.53974,0
3.46099,1.98305,-0.531356,0
3.46108,1.99018,-0.523971,0
3.46116,1.98373,-0.513029,0
3.46125,1.98595,-0.504368,0
3.46134,1.98717,-0.495456,0
3.46142,1.97862,-0.484166,0
3.46151,1.97294,-0.473661,0
3.4616,1.97791,-0.465735,0
3.46169,1.98284,-0.457775,0
3.46177,1.99262,-0.450885,0
3.46186,1.97895,-0.438723,0
3.46195,1.98573,-0.431145,0
3.46204,1.97977,-0.420813,0
3.46212,1.99432,-0.414818,0
3.46221,1.98435,-0.40372,0
3.4623,1.98413,-0.394668,0
3.46238,1.9927,-0.387342,0
3.46247,1.98553,-0.376965,0
3.46256,1.98716,-0.368298,0
3.46265,1.98973,-0.359802,0
3.46273,1.98931,-0.350769,0
3.46282,1.99674,-0.343102,0
3.46291,1.9923,-0.333396,0
3.463,1.9888,-0.323896,0
3.46308,1.98032,-0.313651,0
3.46317,1.97376,-0.30379,0
3.46326,1.98199,-0.29621,0
3.46334,1.98326,-0.287559,0
3.46343,1.98846,-0.27946,0
3.46352,1.98867,-0.270646,0
3.46361,1.99578,-0.262749,0
3.46369,1.99095,-0.253281,0
3.46378,1.99105,-0.24447,0
3.46387,1.98018,-0.23437,0
3.46395,1.98218,-0.22584,0
3.46404,1.97618,-0.216427,0
3.46413,1.96518,-0.206548,0
3.46422,1.91332,-0.192662,0
3.4643,1.71507,-0.165142,0
3.46439,1.70083,-0.156285,0
3.46448,1.69353,-0.148165,0
3.46457,1.69018,-0.140443,0
3.46465,1.69177,-0.133145,0
3.46474,1.68037,-0.124873,0
3.46483,1.68788,-0.118028,0
3.46491,1.69337,-0.110989,0
3.465,1.69583,-0.103722,0
3.46509,1.69427,-0.0962077,0
3.46518,1.69467,-0.0888142,0
3.46526,1.68606,-0.0809871,0
3.46535,1.69239,-0.0738913,0
3.46544,1.6897,-0.0663884,0
3.46553,1.68197,-0.0587359,0
3.46561,1.68122,-0.0513658,0
3.4657,1.67643,-0.0438988,0
3.46579,1.6796,-0.036649,0
3.46587,1.67574,-0.0292503,0
3.46596,1.68286,-0.0220298,0
3.46605,1.71593,-0.0149748,0
3.46614,1.89298,-0.00825979,0
3.46622,1.975,-4.78234e-08,0
3.46631,1.97998,0.0086393,0
3.4664,1.97492,0.0172349,0
3.46649,1.97983,0.0259174,0
3.46657,1.9817,0.0345906,0
3.46666,1.98453,0.0433025,0
3.46675,1.98132,0.0518827,0
3.46683,1.97308,0.060283,0
3.46692,1.98279,0.0692406,0
3.46701,1.98047,0.0778129,0
3.4671,1.97412,0.0861919,0
3.46718,1.97372,0.0948047,0
3.46727,1.97829,0.103677,0
3.46736,1.97981,0.112422,0
3.46745,1.97531,0.120815,0
3.46753,1.97776,0.129629,0
3.46762,1.97119,0.137839,0
3.46771,1.98353,0.147402,0
3.46779,1.9739,0.155349,0
3.46788,1.97619,0.164209,0
3.46797,1.96848,0.17222,0
3.46806,1.97169,0.181173,0
3.46814,1.98582,0.191212,0
3.46823,1.97999,0.199374,0
3.46832,1.98407,0.208534,0
3.46841,1.98314,0.217189,0
3.46849,1.98218,0.22584,0
3.46858,1.98117,0.234487,0
3.46867,1.97914,0.243007,0
3.46875,1.97111,0.250757,0
3.46884,1.98388,0.261183,0
3.46893,1.97777,0.269162,0
3.46902,1.98153,0.278485,0
3.4691,1.9704,0.285694,0
3.46919,1.98792,0.297097,0
3.46928,1.98068,0.304855,0
3.46937,1.97834,0.313338,0
3.46945,1.96807,0.320521,0
3.46954,1.97158,0.32993,0
3.46963,1.98097,0.340392,0
3.46971,1.9834,0.349727,0
3.4698,1.97989,0.358022,0
3.46989,1.97634,0.366293,0
3.46998,1.97964,0.375846,0
3.47006,1.98387,0.385625,0
3.47015,1.98217,0.394277,0
3.47024,1.98239,0.403321,0
3.47033,1.98159,0.412171,0
3.47041,1.98368,0.421645,0
3.4705,1.98867,0.431782,0
3.47059,1.98579,0.440238,0
3.47067,1.9819,0.448457,0
3.47076,1.98089,0.457325,0
3.47085,1.99251,0.469173,0
3.47094,1.98752,0.477162,0
3.47102,1.97862,0.484166,0
3.47111,1.97552,0.492553,0
3.4712,1.98595,0.504368,0
3.47129,1.98664,0.51378,0
3.47137,1.99502,0.525244,0
3.47146,1.98208,0.531097,0
3.47155,1.98746,0.541844,0
3.47163,1.98219,0.549709,0
3.47172,1.98747,0.560524,0
3.47181,1.99077,0.570845,0
3.4719,1.98922,0.579806,0
3.47198,1.99243,0.590184,0
3.47207,1.98792,0.598295,0
3.47216,1.97573,0.60404,0
3.47225,1.98835,0.6174,0
3.47233,1.9885,0.626972,0
3.47242,1.9867,0.635947,0
3.47251,1.98771,0.645845,0
3.47259,1.96778,0.648875,0
3.47268,1.97441,0.660628,0
3.47277,1.98382,0.673416,0
3.47286,1.98748,0.684344,0
3.47294,1.98825,0.694328,0
3.47303,1.98426,0.702663,0
3.47312,1.98682,0.713342,0
3.47321,1.98463,0.722346,0
3.47329,1.98897,0.733768,0
3.47338,1.98481,0.742089,0
3.47347,1.98155,0.750743,0
3.47355,1.98012,0.760098,0
3.47364,1.98145,0.770543,0
3.47373,1.98179,0.780648,0
3.47382,1.97836,0.789287,0
3.4739,1.98046,0.80016,0
3.47399,1.97788,0.809172,0
3.47408,1.9808,0.820473,0
3.47417,1.96798,0.825241,0
3.47425,1.9708,0.836555,0
3.47434,1.97081,0.846726,0
3.47443,1.9781,0.860102,0
3.47451,1.96792,0.865905,0
3.4746,1.9696,0.876924,0
3.47469,1.97305,0.888796,0
3.47478,1.98008,0.902372,0
3.47486,1.97794,0.911841,0
3.47495,1.97575,0.921308,0
3.47504,1.97623,0.932053,0
3.47513,1.97666,0.942819,0
3.47521,1.97073,0.950566,0
3.4753,1.97555,0.96354,0
3.47539,1.9785,0.975689,0
3.47547,1.96975,0.982081,0
3.47556,1.97527,0.995618,0
3.47565,1.97714,1.0074,0
3.47574,1.97273,1.01602,0
3.47582,1.96473,1.02277,0
3.47591,1.97175,1.03739,0
3.476,1.98045,1.05302,0
3.47609,1.97231,1.05976,0
3.47617,1.98085,1.07552,0
3.47626,1.9779,1.08511,0
3.47635,1.97664,1.09567,0
3.47643,1.97969,1.10868,0
3.47652,1.9731,1.11632,0
3.47661,1.9821,1.13286,0
3.4767,1.97714,1.1415,0
3.47678,1.98077,1.15515,0
3.47687,1.98089,1.16683,0
3.47696,1.98179,1.17904,0
3.47704,1.98006,1.18974,0
3.47713,1.98083,1.202,0
3.47722,1.97642,1.21115,0
3.47731,1.97622,1.22292,0
3.47739,1.98528,1.24054,0
3.47748,1.98154,1.25026,0
3.47757,1.98113,1.26212,0
3.47766,1.97728,1.27183,0
3.47774,1.98765,1.29079,0
3.47783,1.98618,1.3022,0
3.47792,1.98965,1.31692,0
3.478,2.04625,1.36726,0
3.47809,2.06762,1.39463,0
3.47818,2.05986,1.40251,0
3.47827,2.05867,1.41488,0
3.47835,2.05001,1.42214,0
3.47844,2.03395,1.42419,0
3.47853,2.0318,1.43594,0
3.47862,2.03529,1.45176,0
3.4787,2.02731,1.45946,0
3.47879,2.01203,1.46182,0
3.47888,2.00321,1.46881,0
3.47896,1.98874,1.47159,0
3.47905,1.98551,1.48265,0
3.47914,1.98301,1.49431,0
3.47923,1.97647,1.50294,0
3.47931,1.98418,1.52251,0
3.4794,1.98463,1.53667,0
3.47949,1.97476,1.54285,0
3.47958,1.97743,1.55888,0
3.47966,1.9753,1.57123,0
3.47975,1.97935,1.58859,0
3.47984,1.97939,1.60288,0
3.47992,1.98554,1.62226,0
3.48001,1.9823,1.63408,0
3.4801,1.97746,1.64464,0
3.48019,1.97103,1.65389,0
3.48027,1.97143,1.66894,0
3.48036,1.97706,1.68856,0
3.48045,1.97497,1.70174,0
3.48054,1.97809,1.71953,0
3.48062,1.97584,1.73276,0
3.48071,1.97649,1.74865,0
3.4808,1.97258,1.76059,0
3.48088,1.98494,1.78725,0
3.48097,1.97268,1.79186,0
3.48106,1.97664,1.81126,0
3.48115,1.97606,1.82665,0
3.48123,1.96807,1.83526,0
3.48132,1.97097,1.85411,0
3.48141,1.97374,1.87301,0
3.4815,1.98289,1.8982,0
3.48158,1.98034,1.91239,0
3.48167,1.97341,1.92241,0
3.48176,1.97642,1.94222,0
3.48184,1.98284,1.96561,0
3.48193,1.98131,1.98131,0
3.48202,1.97969,1.99704,0
3.48211,1.98147,2.01636,0
3.48219,1.98033,2.03286,0
3.48228,1.98047,2.05084,0
3.48237,1.98188,2.0703,0
3.48246,1.98797,2.09488,0
3.48254,1.98292,2.10791,0
3.48263,1.98939,2.13336,0
3.48272,1.98278,2.14496,0
3.4828,1.97407,2.15432,0
3.48289,1.98415,2.18438,0
3.48298,1.98665,2.2064,0
3.48307,1.98433,2.22325,0
3.48315,1.98322,2.24162,0
3.48324,1.99057,2.2698,0
3.48333,1.98458,2.283,0
3.48342,1.98113,2.29921,0
3.4835,1.98406,2.32304,0
3.48359,1.98683,2.34694,0
3.48368,1.98621,2.36708,0
3.48376,1.9797,2.38033,0
3.48385,1.97884,2.40052,0
3.48394,1.97214,2.41378,0
3.48403,1.97481,2.43868,0
3.48411,1.97228,2.45742,0
3.4842,1.95905,2.46287,0
3.48429,1.93653,2.45647,0
3.48438,1.92333,2.46175,0
3.48446,1.90216,2.45667,0
3.48455,1.88655,2.4586,0
3.48464,1.86794,2.45646,0
3.48472,1.85178,2.4574,0
3.48481,1.83327,2.45504,0
3.4849,1.81897,2.45819,0
3.48499,1.79817,2.4524,0
3.48507,1.78158,2.45213,0
3.48516,1.7656,2.45258,0
3.48525,1.75082,2.45456,0
3.48534,1.73432,2.45401,0
3.48542,1.72016,2.45664,0
3.48551,1.70372,2.4559,0
3.4856,1.68676,2.45425,0
3.48568,1.66703,2.44836,0
3.48577,1.64794,2.44317,0
3.48586,1.63671,2.44951,0
3.48595,1.62214,2.45079,0
3.48603,1.60595,2.44948,0
3.48612,1.59307,2.45311,0
3.48621,1.57586,2.44995,0
3.4863,1.55763,2.44499,0
3.48638,1.54375,2.44669,0
3.48647,1.53041,2.44916,0
3.48656,1.51023,2.44051,0
3.48664,1.49591,2.44111,0
3.48673,1.48836,2.45274,0
3.48682,1.46889,2.44464,0
3.48691,1.45667,2.44845,0
3.48699,1.44039,2.4453,0
3.48708,1.42417,2.44206,0
3.48717,1.4135,2.44825,0
3.48726,1.39933,2.44832,0
3.48734,1.38273,2.44396,0
3.48743,1.37009,2.44648,0
3.48752,1.35601,2.44631,0
3.4876,1.34292,2.44782,0
3.48769,1.32889,2.44751,0
3.48778,1.31536,2.448,0
3.48787,1.29292,2.43164,0
3.48795,1.27904,2.43106,0
3.48804,1.27535,2.44992,0
3.48813,1.25824,2.44302,0
3.48822,1.24666,2.4467,0
3.4883,1.23507,2.45033,0
3.48839,1.21589,2.4387,0
3.48848,1.20479,2.44308,0
3.48856,1.195,2.45011,0
3.48865,1.17735,2.44089,0
3.48874,1.16841,2.44962,0
3.48883,1.156,2.45107,0
3.48891,1.13853,2.44159,0
3.489,1.12578,2.442,0
3.48909,1.11221,2.44052,0
3.48918,1.09949,2.44079,0
3.48926,1.08558,2.43825,0
3.48935,1.07332,2.43931,0
3.48944,1.06107,2.4403,0
3.48952,1.04844,2.44031,0
3.48961,1.03622,2.44118,0
3.4897,1.01898,2.43,0
3.48979,1.00875,2.43535,0
3.48987,0.998875,2.44158,0
3.48996,0.987838,2.44498,0
3.49005,0.971972,2.43627,0
3.49013,0.961699,2.44142,0
3.49022,0.946326,2.43347,0
3.49031,0.93319,2.43104,0
3.4904,0.92222,2.43416,0
3.49048,0.909839,2.43347,0
3.49057,0.895059,2.42616,0
3.49066,0.88378,2.42817,0
3.49075,0.873853,2.43388,0
3.49083,0.86022,2.42919,0
3.49092,0.849613,2.43292,0
3.49101,0.837361,2.43187,0
3.49109,0.827385,2.4374,0
3.49118,0.812935,2.42961,0
3.49127,0.798568,2.42173,0
3.49136,0.789539,2.42995,0
3.49144,0.780453,2.43813,0
3.49153,0.768003,2.43579,0
3.49162,0.755291,2.43244,0
3.49171,0.74584,2.43953,0
3.49179,0.733171,2.43606,0
3.49188,0.722535,2.43924,0
3.49197,0.708527,2.43085,0
3.49205,0.697638,2.43295,0
3.49214,0.684301,2.42635,0
3.49223,0.673441,2.42835,0
3.49232,0.664417,2.43705,0
3.4924,0.651448,2.43124,0
3.49249,0.639306,2.42825,0
3.49258,0.628704,2.43102,0
3.49267,0.616122,2.42598,0
3.49275,0.605289,2.42768,0
3.49284,0.594928,2.43127,0
3.49293,0.581746,2.42315,0
3.49301,0.573001,2.43345,0
3.4931,0.562153,2.43495,0
3.49319,0.548654,2.4247,0
3.49328,0.538069,2.42707,0
3.49336,0.527898,2.43135,0
3.49345,0.517076,2.43265,0
3.49354,0.504421,2.4251,0
3.49363,0.495031,2.43315,0
3.49371,0.482458,2.42548,0
3.4938,0.472252,2.42953,0
3.49389,0.460528,2.42567,0
3.49397,0.450486,2.43061,0
3.49406,0.440054,2.43353,0
3.49415,0.427869,2.42657,0
3.49424,0.418801,2.43728,0
3.49432,0.408163,2.43908,0
3.49441,0.395427,2.42801,0
3.4945,0.383734,2.4228,0
3.49459,0.373159,2.42445,0
3.49467,0.363611,2.43298,0
3.49476,0.351988,2.42761,0
3.49485,0.341948,2.43309,0
3.49493,0.330385,2.42762,0
3.49502,0.31992,2.43003,0
3.49511,0.308935,2.42843,0
3.4952,0.298214,2.42876,0
3.49528,0.286556,2.4211,0
3.49537,0.277348,2.43425,0
3.49546,0.265962,2.42848,0
3.49555,0.255363,2.42962,0
3.49563,0.24486,2.4317,0
3.49572,0.23348,2.42479,0
3.49581,0.222075,2.41682,0
3.49589,0.212486,2.42872,0
3.49598,0.20139,2.42365,0
3.49607,0.19097,2.4265,0
3.49616,0.180084,2.42332,0
3.49624,0.169857,2.42907,0
3.49633,0.159388,2.43178,0
3.49642,0.148897,2.43445,0
3.49651,0.13799,2.43009,0
3.49659,0.127647,2.43566,0
3.49668,0.116779,2.4312,0
3.49677,0.106126,2.43068,0
3.49685,0.0951659,2.42213,0
3.49694,0.0845616,2.42152,0
3.49703,0.0741781,2.42787,0
3.49712,0.0633745,2.42017,0
3.4972,0.0529666,2.42742,0
3.49729,0.0423222,2.42463,0
3.49738,0.0317685,2.42679,0
3.49747,0.0211358,2.42191,0
3.49755,0.0105506,2.41798,0
3.49764,8.81544e-08,2.423,0
3.49773,-0.0105853,2.42598,0
3.49781,-0.0212054,2.42991,0
3.4979,-0.0317422,2.42479,0
3.49799,-0.0424965,2.43463,0
3.49808,-0.0530973,2.43342,0
3.49816,-0.0634528,2.42317,0
3.49825,-0.0735977,2.40888,0
3.49834,-0.083654,2.39554,0
3.49843,-0.0934383,2.37817,0
3.49851,-0.103029,2.35975,0
3.4986,-0.112892,2.35029,0
3.49869,-0.124298,2.37175,0
3.49877,-0.133795,2.3562,0
3.49886,-0.143342,2.34362,0
3.49895,-0.149642,2.2831,0
3.49904,-0.15451,2.2096,0
3.49912,-0.16126,2.17002,0
3.49921,-0.170413,2.1653,0
3.4993,-0.179611,2.16155,0
3.49939,-0.189912,2.17071,0
3.49947,-0.199199,2.16787,0
3.49956,-0.20856,2.16598,0
3.49965,-0.217408,2.15908,0
3.49973,-0.227663,2.16607,0
3.49982,-0.237656,2.17003,0
3.49991,-0.247123,2.16897,0
3.5,-0.255644,2.15992,0
3.50008,-0.265675,2.16375,0
3.50017,-0.275871,2.16852,0
3.50026,-0.284939,2.16432,0
3.50035,-0.294649,2.16504,0
3.50043,-0.303397,2.15878,0
3.50052,-0.314249,2.16734,0
3.50061,-0.323703,2.16594,0
3.50069,-0.332846,2.16253,0
3.50078,-0.341496,2.15612,0
3.50087,-0.352187,2.16251,0
3.50096,-0.362114,2.16391,0
3.50104,-0.371383,2.16132,0
3.50113,-0.382547,2.16953,0
3.50122,-0.391476,2.16489,0
3.50131,-0.399096,2.15333,0
3.50139,-0.403824,2.12701,0
3.50148,-0.404133,2.07909,0
3.50157,-0.415737,2.09005,0
3.50165,-0.435021,2.1382,0
3.50174,-0.448012,2.1539,0
3.50183,-0.46094,2.16855,0
3.50192,-0.468276,2.15675,0
3.502,-0.479197,2.16152,0
3.50209,-0.48112,2.12625,0
3.50218,-0.312232,1.35243,0
3.50226,-0.314463,1.33548,0
3.50235,-0.305113,1.27089,0
3.50244,-0.31327,1.28023,0
3.50253,-0.308934,1.23907,0
3.5027,-0.310722,1.20147,0
3.50279,-0.308832,1.17303,0
3.50288,-0.306442,1.14366,0
3.50296,-0.31064,1.13941,0
3.50305,-0.307591,1.10914,0
3.50314,-0.310256,1.10009,0
3.50322,-0.305682,1.06604,0
3.50331,-0.312569,1.07238,0
3.5034,-0.307305,1.03744,0
3.50349,-0.308946,1.02652,0
3.50357,-0.303482,0.992644,0
3.50366,-0.3001,0.96648,0
3.50375,-0.307321,0.974699,0
3.50384,-0.31523,0.984777,0
3.50392,-0.32385,0.996707,0
3.50401,-0.32663,0.990536,0
3.5041,-0.323016,0.965393,0
3.50418,-0.326582,0.962081,0
3.50427,-0.326545,0.948355,0
3.50436,-0.325734,0.93276,0
3.50445,-0.328132,0.926617,0
3.50453,-0.326428,0.909176,0
3.50462,-0.316711,0.870155,0
3.50471,-0.310121,0.84062,0
3.5048,-0.310284,0.829892,0
3.50488,-0.315673,0.833205,0
3.50497,-0.320381,0.834621,0
3.50506,-0.317858,0.817371,0
3.50514,-0.317757,0.806672,0
3.50523,-0.31942,0.800634,0
3.50532,-0.319165,0.789961,0
3.50541,-0.313142,0.765422,0
3.50549,-0.308825,0.745571,0
3.50558,-0.314396,0.749749,0
3.50567,-0.317274,0.74745,0
3.50576,-0.322506,0.750652,0
3.50584,-0.318999,0.733648,0
3.50593,-0.315351,0.716689,0
3.50602,-0.316034,0.709825,0
3.5061,-0.308039,0.683822,0
3.50619,-0.31724,0.69612,0
3.50628,-0.316507,0.686556,0
3.50637,-0.320345,0.686981,0
3.50645,-0.313101,0.66387,0
3.50654,-0.311259,0.652569,0
3.50663,-0.301071,0.624184,0
3.50672,-0.271352,0.556354,0
3.5068,-0.268469,0.544402,0
3.50689,-0.268165,0.537856,0
3.50698,-0.270509,0.53668,0
3.50706,-0.264676,0.519457,0
3.50715,-0.26694,0.518297,0
3.50724,-0.270585,0.519788,0
3.50733,-0.276109,0.524798,0
3.50741,-0.272763,0.512993,0
3.5075,-0.277365,0.516202,0
3.50759,-0.279138,0.514108,0
3.50768,-0.288112,0.525159,0
3.50776,-0.284583,0.513402,0
3.50785,-0.286332,0.511283,0
3.50794,-0.288068,0.509158,0
3.50802,-0.292271,0.511369,0
3.50811,-0.2955,0.511821,0
3.5082,-0.29773,0.510527,0
3.50829,-0.303,0.514393,0
3.50837,-0.303708,0.510487,0
3.50846,-0.316748,0.527158,0
3.50855,-0.314895,0.518932,0
3.50864,-0.314544,0.513289,0
3.50872,-0.30994,0.500857,0
3.50881,-0.309473,0.49526,0
3.5089,-0.313765,0.497288,0
3.50898,-0.308947,0.48495,0
3.50907,-0.311601,0.484438,0
3.50916,-0.310989,0.478881,0
3.50925,-0.305948,0.466648,0
3.50933,-0.305773,0.461973,0
3.50942,-0.308897,0.462297,0
3.50951,-0.300846,0.446022,0
3.5096,-0.303352,0.445532,0
3.50968,-0.298496,0.434315,0
3.50977,-0.298108,0.429721,0
3.50986,-0.285067,0.407119,0
3.50994,-0.278184,0.393621,0
3.51003,-0.335066,0.469745,0
3.51012,-0.341202,0.473959,0
3.51021,-0.0658319,0.0906099,0
3.51029,-0.0579483,0.0790316,0
3.51038,-0.238524,0.322347,0
3.51047,-0.221978,0.297265,0
3.51056,-0.183554,0.243584,0
3.51064,-0.148297,0.19502,0
3.51073,-0.116273,0.15153,0
3.51082,-0.0942815,0.121766,0
3.5109,-0.0831143,0.106381,0
3.51099,-0.0668621,0.0848142,0
3.51108,-0.065364,0.0821739,0
3.51117,-0.0675997,0.0842275,0
3.51125,-0.0635614,0.0784917,0
3.51134,-0.0645359,0.0789881,0
3.51143,-0.0616996,0.0748476,0
3.51152,-0.0633045,0.0761153,0
3.5116,-0.0546369,0.0651138,0
3.51169,-0.0587973,0.0694542,0
3.51178,-0.0539042,0.0631137,0
3.51186,-0.0567901,0.0659082,0
3.51195,-0.0564211,0.064905,0
3.51204,-0.0652752,0.0744321,0
3.51213,-0.0742134,0.083883,0
3.51221,-0.0645905,0.0723676,0
3.5123,-0.0588835,0.0653967,0
3.51239,-0.0544617,0.0599577,0
3.51248,-0.0587763,0.0641431,0
3.51256,-0.0638073,0.0690263,0
3.51265,-0.0450119,0.0482693,0
3.51274,-0.0554998,0.0589981,0
3.51282,-0.0653937,0.0689106,0
3.51291,-0.0580871,0.0606786,0
3.513,-0.0382062,0.0395637,0
3.51309,-0.0237249,0.0243543,0
3.51317,-0.04626,0.0470745,0
3.51326,-0.0366088,0.0369296,0
3.51335,-0.0311127,0.0311127,0
