7200
724
0.628319
0.644027,-0.0346482,-0.0346482,0
0.644114,-0.0352007,-0.0355093,0
0.644201,-0.0511664,-0.0520673,0
0.644288,-0.0544277,-0.0558716,0
0.644376,-0.0333436,-0.0345283,0
0.644463,-0.0407993,-0.0426195,0
0.64455,-0.0385479,-0.040621,0
0.644637,-0.0575554,-0.0611832,0
0.644725,-0.0627439,-0.0672845,0
0.644812,-0.0461585,-0.0499339,0
0.644899,-0.0493181,-0.0538212,0
0.644986,-0.0685814,-0.0755022,0
0.645074,-0.0709278,-0.0787733,0
0.645161,-0.0625929,-0.0701294,0
0.645248,-0.0616237,-0.0696529,0
0.645336,-0.0468136,-0.0533806,0
0.645423,-0.0597014,-0.0686786,0
0.64551,-0.0607067,-0.0704535,0
0.645597,-0.0636459,-0.0745198,0
0.645685,-0.0613818,-0.0725071,0
0.645772,-0.0617076,-0.0735403,0
0.645859,-0.0607467,-0.07304,0
0.645946,-0.0604274,-0.0733043,0
0.646034,-0.0550454,-0.0673722,0
0.646121,-0.0591561,-0.0730517,0
0.646208,-0.0550813,-0.0686298,0
0.646295,-0.0634965,-0.079826,0
0.646383,-0.059433,-0.0753904,0
0.64647,-0.0621818,-0.0795891,0
0.646557,-0.0673439,-0.0869759,0
0.646645,-0.0614849,-0.0801287,0
0.646732,-0.0611347,-0.0803962,0
0.646819,-0.0589779,-0.0782663,0
0.646906,-0.0568408,-0.0761191,0
0.646994,-0.0648357,-0.0876204,0
0.647081,-0.0614962,-0.0838702,0
0.647168,-0.0652442,-0.0898009,0
0.647255,-0.0549195,-0.0762879,0
0.647343,-0.0574896,-0.0805974,0
0.64743,-0.0582917,-0.0824808,0
0.647517,-0.0533426,-0.0761811,0
0.647604,-0.0512997,-0.0739482,0
0.647692,-0.0640039,-0.0931263,0
0.647779,-0.0630342,-0.0925781,0
0.647866,-0.0620704,-0.0920232,0
0.647954,-0.0822244,-0.123058,0
0.648041,-0.087758,-0.132588,0
0.648128,-0.0789542,-0.120425,0
0.648215,-0.11274,-0.173605,0
0.648303,-0.137948,-0.214465,0
0.64839,-0.145608,-0.228559,0
0.648477,-0.1889,-0.299388,0
0.648564,-0.220446,-0.352788,0
0.648652,-0.230482,-0.372454,0
0.648739,-0.237214,-0.387099,0
0.648826,-0.24123,-0.397534,0
0.648913,-0.245158,-0.408012,0
0.649001,-0.249511,-0.41939,0
0.649088,-0.257322,-0.436846,0
0.649175,-0.260451,-0.446603,0
0.649262,-0.2685,-0.465056,0
0.64935,-0.265972,-0.465355,0
0.649437,-0.274772,-0.485658,0
0.649524,-0.273628,-0.488598,0
0.649612,-0.259373,-0.467922,0
0.649699,-0.256848,-0.468172,0
0.649786,-0.260529,-0.479834,0
0.649873,-0.253699,-0.472157,0
0.649961,-0.259148,-0.487387,0
0.650048,-0.251432,-0.477893,0
0.650135,-0.259041,-0.497613,0
0.650222,-0.252289,-0.489848,0
0.65031,-0.251965,-0.494509,0
0.650397,-0.250255,-0.496496,0
0.650484,-0.255225,-0.511902,0
0.650571,-0.254316,-0.515702,0
0.650659,-0.25557,-0.523997,0
0.650746,-0.259798,-0.538618,0
0.650833,-0.275527,-0.577655,0
0.650921,-0.292626,-0.620456,0
0.651008,-0.298791,-0.64076,0
0.651095,-0.301435,-0.653863,0
0.651182,-0.3048,-0.668822,0
0.65127,-0.300235,-0.666498,0
0.651357,-0.287563,-0.645877,0
0.651444,-0.291991,-0.663601,0
0.651531,-0.286701,-0.659366,0
0.651619,-0.288952,-0.672555,0
0.651706,-0.286015,-0.67381,0
0.651793,-0.278432,-0.663985,0
0.65188,-0.256398,-0.618999,0
0.651968,-0.229461,-0.560878,0
0.652055,-0.250612,-0.620286,0
0.652142,-0.277177,-0.69475,0
0.65223,-0.284405,-0.722004,0
0.652317,-0.275815,-0.709258,0
0.652404,-0.259458,-0.675912,0
0.652491,-0.241272,-0.636827,0
0.652579,-0.222382,-0.594787,0
0.652666,-0.213208,-0.577926,0
0.652753,-0.205554,-0.564755,0
0.65284,-0.205115,-0.571294,0
0.652928,-0.199617,-0.5637,0
0.653015,-0.190561,-0.545683,0
0.653102,-0.193387,-0.561638,0
0.653189,-0.189971,-0.559636,0
0.653277,-0.183719,-0.549079,0
0.653364,-0.181635,-0.550825,0
0.653451,-0.183556,-0.564928,0
0.653539,-0.175602,-0.54858,0
0.653626,-0.171102,-0.542665,0
0.653713,-0.169918,-0.547226,0
0.6538,-0.174838,-0.57187,0
0.653888,-0.165425,-0.549646,0
0.653975,-0.164729,-0.556115,0
0.654062,-0.164819,-0.565469,0
0.654149,-0.160697,-0.560416,0
0.654237,-0.157435,-0.558224,0
0.654324,-0.151791,-0.547342,0
0.654411,-0.157819,-0.578872,0
0.654498,-0.145974,-0.544782,0
0.654586,-0.148688,-0.564755,0
0.654673,-0.145721,-0.563462,0
0.65476,-0.140307,-0.552462,0
0.654848,-0.138379,-0.555009,0
0.654935,-0.140472,-0.574063,0
0.655022,-0.133998,-0.55814,0
0.655109,-0.135687,-0.576241,0
0.655197,-0.126647,-0.54857,0
0.655284,-0.12668,-0.559847,0
0.655371,-0.122505,-0.552584,0
0.655458,-0.122214,-0.562885,0
0.655546,-0.116015,-0.545806,0
0.655633,-0.117705,-0.565888,0
0.65572,-0.113241,-0.556597,0
0.655807,-0.110031,-0.553163,0
0.655895,-0.109143,-0.561491,0
0.655982,-0.106132,-0.559014,0
0.656069,-0.103692,-0.559472,0
0.656157,-0.0991146,-0.548111,0
0.656244,-0.100369,-0.569219,0
0.656331,-0.0958518,-0.557825,0
0.656418,-0.0949024,-0.567114,0
0.656506,-0.0925877,-0.56851,0
0.656593,-0.0905756,-0.571872,0
0.65668,-0.0867103,-0.563366,0
0.656767,-0.0858773,-0.574618,0
0.656855,-0.0813603,-0.561132,0
0.656942,-0.0800245,-0.569404,0
0.657029,-0.0761908,-0.559839,0
0.657116,-0.0727031,-0.552235,0
0.657204,-0.070419,-0.553539,0
0.657291,-0.0683687,-0.556818,0
0.657378,-0.0658209,-0.556118,0
0.657466,-0.0630542,-0.55342,0
0.657553,-0.0610743,-0.557666,0
0.65764,-0.0585359,-0.556932,0
0.657727,-0.0551034,-0.547233,0
0.657815,-0.0537695,-0.558417,0
0.657902,-0.0500514,-0.544705,0
0.657989,-0.0474999,-0.542926,0
0.658076,-0.0452133,-0.544125,0
0.658164,-0.043231,-0.549301,0
0.658251,-0.0408338,-0.549485,0
0.658338,-0.038087,-0.54467,0
0.658425,-0.0358409,-0.546827,0
0.658513,-0.0334546,-0.546978,0
0.6586,-0.0309543,-0.545122,0
0.658687,-0.0281044,-0.536264,0
0.658775,-0.0255244,-0.531387,0
0.658862,-0.0239034,-0.547478,0
0.658949,-0.0215929,-0.549576,0
0.659036,-0.0187061,-0.535673,0
0.659124,-0.0165213,-0.540748,0
0.659211,-0.014345,-0.547812,0
0.659298,-0.0118455,-0.542871,0
0.659385,-0.0093894,-0.537918,0
0.659473,-0.00704221,-0.537954,0
0.65956,-0.00477342,-0.546979,0
0.659647,-0.00236492,-0.541995,0
0.659734,-6.55325e-09,-0.544,0
0.659822,0.00235182,-0.538995,0
0.659909,0.00474723,-0.543979,0
0.659996,0.00714691,-0.545953,0
0.660084,0.00944175,-0.540918,0
0.660171,0.0118018,-0.540871,0
0.660258,0.0140047,-0.534817,0
0.660345,0.0163686,-0.53575,0
0.660433,0.0189155,-0.54167,0
0.66052,0.0214751,-0.546578,0
0.660607,0.0239907,-0.549477,0
0.660694,0.0258122,-0.53738,0
0.660782,0.0286278,-0.54625,0
0.660869,0.0314078,-0.553109,0
0.660956,0.0332104,-0.542985,0
0.661043,0.0356447,-0.543833,0
0.661131,0.0381568,-0.545668,0
0.661218,0.0398704,-0.536521,0
0.661305,0.0428387,-0.544317,0
0.661393,0.044468,-0.535156,0
0.66148,0.0482843,-0.551892,0
0.661567,0.0495939,-0.539726,0
0.661654,0.0534819,-0.555431,0
0.661742,0.0552036,-0.548228,0
0.661829,0.0579088,-0.550965,0
0.661916,0.0615098,-0.561642,0
0.662003,0.284932,-2.50082,0
0.662091,0.296664,-2.5065,0
0.662178,0.308695,-2.51412,0
0.662265,0.3184,-2.50283,0
0.662352,0.331537,-2.51827,0
0.66244,0.341308,-2.50788,0
0.662527,0.352525,-2.50835,0
0.662614,0.36318,-2.50481,0
0.662702,0.373662,-2.50023,0
0.662789,0.387306,-2.51637,0
0.662876,0.397031,-2.50675,0
0.662963,0.409572,-2.51487,0
0.663051,0.421036,-2.51601,0
0.663138,0.431841,-2.51317,0
0.663225,0.442803,-2.51126,0
0.663312,0.455002,-2.51619,0
0.6634,0.464336,-2.50533,0
0.663487,0.475823,-2.50623,0
0.663574,0.486563,-2.50315,0
0.663661,0.498651,-2.50689,0
0.663749,0.510581,-2.50959,0
0.663836,0.52173,-2.50831,0
0.663923,0.535165,-2.51775,0
0.664011,0.545297,-2.51148,0
0.664098,0.557765,-2.51591,0
0.664185,0.568517,-2.51248,0
0.664272,0.581498,-2.51875,0
0.66436,0.592025,-2.51424,0
0.664447,0.60439,-2.51747,0
0.664534,0.616082,-2.51772,0
0.664621,0.628513,-2.52083,0
0.664709,0.639998,-2.52,0
0.664796,0.653492,-2.52687,0
0.664883,0.664766,-2.52496,0
0.66497,0.677329,-2.52783,0
0.665058,0.688616,-2.52581,0
0.665145,0.703906,-2.5382,0
0.665232,0.715517,-2.53703,0
0.66532,0.729061,-2.54254,0
0.665407,0.741267,-2.54317,0
0.665494,0.756617,-2.5543,0
0.665581,0.767755,-2.55097,0
0.665669,0.783264,-2.56194,0
0.665756,0.796807,-2.56614,0
0.665843,0.808598,-2.56454,0
0.66593,0.823134,-2.57147,0
0.666018,0.838054,-2.57927,0
0.666105,0.852432,-2.58508,0
0.666192,0.86529,-2.58608,0
0.666279,0.882351,-2.59932,0
0.666367,0.898894,-2.61058,0
0.666454,0.910935,-2.60852,0
0.666541,0.927983,-2.62054,0
0.666629,0.944477,-2.63059,0
0.666716,0.953552,-2.61986,0
0.666803,0.978819,-2.65321,0
0.66689,0.990036,-2.64797,0
0.666978,1.00938,-2.6642,0
0.667065,1.02457,-2.66911,0
0.667152,1.04346,-2.68325,0
0.667239,1.05332,-2.67402,0
0.667327,1.07388,-2.69169,0
0.667414,1.08636,-2.68883,0
0.667501,1.09884,-2.68592,0
0.667588,1.12088,-2.70604,0
0.667676,1.12958,-2.69375,0
0.667763,1.14172,-2.68972,0
0.66785,1.16055,-2.70125,0
0.667938,1.16913,-2.68882,0
0.668025,1.18569,-2.69468,0
0.668112,1.20353,-2.70318,0
0.668199,1.20505,-2.67511,0
0.668287,1.22335,-2.68439,0
0.668374,1.23965,-2.68901,0
0.668461,1.26109,-2.70442,0
0.668548,1.23278,-2.61388,0
0.668636,1.28594,-2.69602,0
0.668723,1.29117,-2.67688,0
0.66881,1.28969,-2.64425,0
0.668897,1.31669,-2.66999,0
0.668985,1.33369,-2.67496,0
0.669072,1.34264,-2.66376,0
0.669159,1.3656,-2.68015,0
0.669247,1.37179,-2.6635,0
0.669334,1.38432,-2.65926,0
0.669421,1.37868,-2.62045,0
0.669508,1.39809,-2.62942,0
0.669596,1.39961,-2.60479,0
0.669683,1.38901,-2.55824,0
0.66977,1.3992,-2.5504,0
0.669857,1.41274,-2.54864,0
0.669945,1.42335,-2.54158,0
0.670032,1.44182,-2.5484,0
0.670119,1.44846,-2.53427,0
0.670206,1.4635,-2.53486,0
0.670294,1.48513,-2.54659,0
0.670381,1.50942,-2.56249,0
0.670468,1.73022,-2.90823,0
0.670556,1.6543,-2.75322,0
0.670643,1.64295,-2.70751,0
0.67073,1.66155,-2.7114,0
0.670817,1.67126,-2.70072,0
0.670905,1.8473,-2.9563,0
0.670992,1.79935,-2.85179,0
0.671079,1.87518,-2.94344,0
0.671166,1.82525,-2.83767,0
0.671254,1.90678,-2.93619,0
0.671341,1.91903,-2.927,0
0.671428,1.93233,-2.91943,0
0.671515,1.94783,-2.91513,0
0.671603,1.92195,-2.8494,0
0.67169,1.9293,-2.83355,0
0.671777,1.9524,-2.84076,0
0.671865,1.95908,-2.824,0
0.671952,1.97999,-2.82771,0
0.672039,2.00731,-2.84028,0
0.672126,2.08008,-2.91616,0
0.672214,2.04312,-2.83807,0
0.672301,2.05842,-2.83318,0
0.672388,2.07964,-2.83627,0
0.672475,2.10567,-2.84565,0
0.672563,2.11807,-2.83644,0
0.67265,2.13825,-2.83755,0
0.672737,2.16029,-2.84093,0
0.672824,2.18302,-2.84496,0
0.672912,2.20888,-2.85281,0
0.672999,2.21577,-2.83605,0
0.673086,2.23369,-2.83342,0
0.673174,2.25911,-2.84009,0
0.673261,2.2552,-2.80992,0
0.673348,2.25423,-2.78374,0
0.673435,2.26382,-2.77078,0
0.673523,2.25999,-2.74158,0
0.67361,2.2617,-2.71939,0
0.673697,2.26068,-2.69418,0
0.673784,2.24916,-2.65681,0
0.673872,2.02628,-2.37247,0
0.673959,2.0229,-2.34769,0
0.674046,2.01148,-2.31394,0
0.674133,2.01035,-2.29236,0
0.674221,2.01238,-2.27458,0
0.674308,2.01363,-2.25608,0
0.674395,2.01341,-2.23612,0
0.674483,2.01643,-2.21991,0
0.67457,2.00988,-2.1934,0
0.674657,1.99975,-2.16331,0
0.674744,2.0078,-2.15311,0
0.674832,2.00896,-2.13558,0
0.674919,2.00724,-2.11519,0
0.675006,2.00815,-2.09774,0
0.675093,2.01243,-2.08393,0
0.675181,2.00894,-2.06223,0
0.675268,2.01091,-2.04632,0
0.675355,2.01489,-2.03255,0
0.675442,2.00606,-2.00606,0
0.67553,2.0084,-1.99095,0
0.675617,2.00994,-1.97516,0
0.675704,2.00708,-1.95521,0
0.675792,2.0048,-1.93601,0
0.675879,2.00528,-1.91964,0
0.675966,2.01001,-1.90743,0
0.676053,2.00739,-1.88836,0
0.676141,2.0083,-1.87277,0
0.676228,2.0047,-1.85313,0
0.676315,1.99655,-1.8295,0
0.676402,2.00451,-1.82077,0
0.67649,2.00278,-1.80331,0
0.676577,2.0054,-1.78989,0
0.676664,2.0072,-1.77582,0
0.676751,2.00666,-1.75979,0
0.676839,2.00904,-1.74643,0
0.676926,2.00603,-1.72851,0
0.677013,2.00519,-1.71259,0
0.6771,1.99814,-1.69155,0
0.677188,1.99784,-1.67639,0
0.677275,2.0036,-1.66638,0
0.677362,1.99774,-1.64681,0
0.67745,2.00568,-1.63871,0
0.677537,2.00426,-1.62302,0
0.677624,1.99962,-1.60487,0
0.677711,1.9933,-1.58554,0
0.677799,1.9947,-1.5725,0
0.677886,1.99367,-1.55762,0
0.677973,1.99254,-1.54279,0
0.67806,1.9937,-1.52982,0
0.678148,1.99001,-1.51323,0
0.678235,2.00298,-1.50935,0
0.678322,1.99272,-1.48803,0
0.678409,1.99758,-1.47813,0
0.678497,1.99111,-1.45994,0
0.678584,1.99584,-1.45007,0
0.678671,1.99566,-1.43667,0
0.678759,1.98481,-1.41575,0
0.678846,1.99261,-1.40823,0
0.678933,1.99136,-1.39436,0
0.67902,1.99989,-1.38737,0
0.679108,1.99274,-1.36957,0
0.679195,1.99208,-1.35636,0
0.679282,1.99632,-1.34654,0
0.679369,1.9947,-1.33281,0
0.679457,1.98798,-1.31582,0
0.679544,1.98702,-1.30274,0
0.679631,1.98597,-1.28971,0
0.679718,1.99831,-1.28536,0
0.679806,1.99125,-1.26856,0
0.679893,1.98915,-1.25506,0
0.67998,1.99206,-1.24478,0
0.680068,1.99578,-1.23502,0
0.680155,1.99688,-1.22369,0
0.680242,1.99536,-1.21082,0
0.680329,2.0032,-1.20364,0
0.680417,1.9964,-1.18773,0
0.680504,1.99295,-1.17394,0
0.680591,1.98423,-1.15717,0
0.680678,1.99013,-1.149,0
0.680766,1.99078,-1.13782,0
0.680853,1.99137,-1.12667,0
0.68094,1.98667,-1.11259,0
0.681027,1.98364,-1.09955,0
0.681115,1.98929,-1.09136,0
0.681202,1.99491,-1.08315,0
0.681289,1.98729,-1.06781,0
0.681377,1.99281,-1.0596,0
0.681464,1.98768,-1.04577,0
0.681551,1.99223,-1.03709,0
0.681638,1.98695,-1.02335,0
0.681726,1.98873,-1.01331,0
0.681813,1.98956,-1.00282,0
0.6819,1.98496,-0.989667,0
0.681987,1.98478,-0.978785,0
0.682075,1.99083,-0.970992,0
0.682162,1.99144,-0.960558,0
0.682249,1.98388,-0.946263,0
0.682336,1.98799,-0.937598,0
0.682424,1.98753,-0.926802,0
0.682511,1.98611,-0.915609,0
0.682598,1.98281,-0.903617,0
0.682686,1.98399,-0.893724,0
0.682773,1.98513,-0.883839,0
0.68286,1.98897,-0.875169,0
0.682947,1.99002,-0.865286,0
0.683035,1.98735,-0.853831,0
0.683122,1.99105,-0.845152,0
0.683209,1.97997,-0.830269,0
0.683296,1.98911,-0.823918,0
0.683384,1.98621,-0.81258,0
0.683471,1.98881,-0.803531,0
0.683558,1.98858,-0.793364,0
0.683645,1.98551,-0.782114,0
0.683733,1.98052,-0.770181,0
0.68382,1.98759,-0.762965,0
0.683907,1.98903,-0.753577,0
0.683995,1.98668,-0.74279,0
0.684082,1.99459,-0.735845,0
0.684169,1.98463,-0.722347,0
0.684256,1.98306,-0.711991,0
0.684344,1.98238,-0.701996,0
0.684431,1.99203,-0.695647,0
0.684518,1.9837,-0.683042,0
0.684605,1.98571,-0.674059,0
0.684693,1.98863,-0.665388,0
0.68478,1.99152,-0.656704,0
0.684867,1.98485,-0.644919,0
0.684954,1.99336,-0.638081,0
0.685042,1.98755,-0.626671,0
0.685129,1.9874,-0.617103,0
0.685216,1.98146,-0.605794,0
0.685304,1.98696,-0.598007,0
0.685391,1.9953,-0.591036,0
0.685478,1.99306,-0.580925,0
0.685565,1.9927,-0.571396,0
0.685653,1.98362,-0.559439,0
0.68574,1.98797,-0.551313,0
0.685827,1.9836,-0.540792,0
0.685914,1.98498,-0.531873,0
0.686002,1.98341,-0.522189,0
0.686089,1.99148,-0.515032,0
0.686176,1.99468,-0.506584,0
0.686263,1.99202,-0.496666,0
0.686351,1.98542,-0.48583,0
0.686438,1.99044,-0.477863,0
0.686525,1.98569,-0.467569,0
0.686613,1.98771,-0.4589,0
0.6867,1.98287,-0.448678,0
0.686787,1.99067,-0.44132,0
0.686874,1.98085,-0.430084,0
0.686962,1.98173,-0.421229,0
0.687049,1.98746,-0.413393,0
0.687136,1.98729,-0.404318,0
0.687223,1.99688,-0.397204,0
0.687311,1.98485,-0.385816,0
0.687398,1.98848,-0.377525,0
0.687485,1.97438,-0.365929,0
0.687572,1.97891,-0.357845,0
0.68766,1.98242,-0.349554,0
0.687747,1.98491,-0.34107,0
0.687834,1.98342,-0.331911,0
0.687922,1.99669,-0.325182,0
0.688009,1.97636,-0.313025,0
0.688096,1.99056,-0.306377,0
0.688183,1.97704,-0.295471,0
0.688271,1.98326,-0.287559,0
0.688358,1.98648,-0.279181,0
0.688445,1.9847,-0.270106,0
0.688532,1.97496,-0.260008,0
0.68862,1.98302,-0.252272,0
0.688707,1.98211,-0.243373,0
0.688794,1.98316,-0.234722,0
0.688881,1.98416,-0.226067,0
0.688969,1.96724,-0.215448,0
0.689056,1.97015,-0.207071,0
0.689143,1.98098,-0.199474,0
0.689231,1.98482,-0.191116,0
0.689318,1.97468,-0.181448,0
0.689405,1.98143,-0.173353,0
0.689492,1.97918,-0.164457,0
0.68958,1.98087,-0.155898,0
0.689667,1.98453,-0.147476,0
0.689754,1.99313,-0.139373,0
0.689841,1.98275,-0.129956,0
0.689929,1.97331,-0.120693,0
0.690016,1.97781,-0.112308,0
0.690103,1.97129,-0.103311,0
0.69019,1.98271,-0.0952366,0
0.690278,1.98111,-0.0864973,0
0.690365,1.97847,-0.0777345,0
0.690452,1.9768,-0.0690313,0
0.69054,1.97508,-0.0603441,0
0.690627,1.97132,-0.051621,0
0.690714,1.94354,-0.0424082,0
0.690801,1.74673,-0.0304894,0
0.690889,1.69285,-0.0221607,0
0.690976,1.68894,-0.0147392,0
0.691063,1.71198,-0.00747003,0
0.69115,1.795,-4.34648e-08,0
0.691238,1.75398,0.0076532,0
0.691325,1.70294,0.0148612,0
0.691412,1.68586,0.022069,0
0.691499,1.67974,0.02932,0
0.691587,1.6696,0.0364308,0
0.691674,1.67443,0.0438463,0
0.691761,1.66822,0.0509687,0
0.691849,1.67298,0.0584217,0
0.691936,1.66172,0.065289,0
0.692023,1.66042,0.0724954,0
0.69211,1.67207,0.0803153,0
0.692198,1.66671,0.0873487,0
0.692285,1.66033,0.0942801,0
0.692372,1.66589,0.10189,0
0.692459,1.6774,0.109943,0
0.692547,1.70085,0.118935,0
0.692634,1.85489,0.137842,0
0.692721,1.94499,0.153074,0
0.692808,1.96224,0.163049,0
0.692896,1.9625,0.171697,0
0.692983,1.98165,0.182088,0
0.69307,1.97785,0.190445,0
0.693158,1.97601,0.198973,0
0.693245,1.98208,0.208325,0
0.693332,1.98414,0.217298,0
0.693419,1.98913,0.226633,0
0.693507,1.9772,0.234017,0
0.693594,1.99006,0.244348,0
0.693681,1.98103,0.252019,0
0.693768,1.97397,0.259878,0
0.693856,1.96885,0.267949,0
0.693943,1.98351,0.278764,0
0.69403,1.97831,0.286842,0
0.694117,1.98594,0.296801,0
0.694205,1.98068,0.304855,0
0.694292,1.98525,0.314433,0
0.694379,1.97794,0.322128,0
0.694467,1.9775,0.33092,0
0.694554,1.97604,0.339546,0
0.694641,1.9706,0.34747,0
0.694728,1.97202,0.356599,0
0.694816,1.97438,0.365929,0
0.694903,1.97866,0.375659,0
0.69499,1.98092,0.385052,0
0.695077,1.98805,0.395448,0
0.695165,1.97357,0.401527,0
0.695252,1.98159,0.412171,0
0.695339,1.97292,0.419358,0
0.695426,1.9701,0.42775,0
0.695514,1.97309,0.437424,0
0.695601,1.97702,0.447354,0
0.695688,1.98674,0.458675,0
0.695776,1.97596,0.465277,0
0.695863,1.97877,0.475061,0
0.69595,1.97377,0.482978,0
0.696037,1.97843,0.493279,0
0.696125,1.96754,0.499691,0
0.696212,1.97502,0.510775,0
0.696299,1.97664,0.520406,0
0.696386,1.96952,0.527732,0
0.696474,1.97395,0.538162,0
0.696561,1.97255,0.547037,0
0.696648,1.97688,0.557539,0
0.696735,1.97539,0.566435,0
0.696823,1.97482,0.575608,0
0.69691,1.97996,0.586492,0
0.696997,1.97164,0.593396,0
0.697085,1.97477,0.603748,0
0.697172,1.99313,0.618882,0
0.697259,1.98564,0.626069,0
0.697346,1.98098,0.634118,0
0.697434,1.97154,0.640592,0
0.697521,1.97822,0.65232,0
0.697608,1.97441,0.660628,0
0.697695,1.9734,0.66988,0
0.697783,1.97613,0.680437,0
0.69787,1.9722,0.688724,0
0.697957,1.97389,0.698992,0
0.698044,1.97459,0.708949,0
0.698132,1.98275,0.721662,0
0.698219,1.97395,0.72823,0
0.698306,1.97919,0.739988,0
0.698394,1.96939,0.746137,0
0.698481,1.97732,0.759023,0
0.698568,1.96747,0.765107,0
0.698655,1.97435,0.777716,0
0.698743,1.97465,0.787805,0
0.69883,1.97583,0.798287,0
0.698917,1.98343,0.811444,0
0.699004,1.97341,0.817412,0
0.699092,1.97443,0.827948,0
0.699179,1.97632,0.8389,0
0.699266,1.98183,0.851462,0
0.699353,1.96893,0.856114,0
0.699441,1.97799,0.870336,0
0.699528,1.97326,0.878551,0
0.699615,1.97852,0.89126,0
0.699703,1.97553,0.900299,0
0.69979,1.9734,0.909748,0
0.699877,1.97031,0.918772,0
0.699964,1.97171,0.92992,0
0.700052,1.97847,0.94368,0
0.700139,1.96712,0.948828,0
0.700226,1.96207,0.956964,0
0.700313,1.97491,0.97392,0
0.700401,1.97602,0.985205,0
0.700488,1.97706,0.996518,0
0.700575,1.97536,1.0065,0
0.700662,1.97006,1.01465,0
0.70075,1.97271,1.02693,0
0.700837,1.97087,1.03692,0
0.700924,1.97339,1.04927,0
0.701012,1.96439,1.0555,0
0.701099,1.96591,1.0674,0
0.701186,1.96299,1.07693,0
0.701273,1.97139,1.09276,0
0.701361,1.97184,1.10428,0
0.701448,1.96874,1.11386,0
0.701535,1.96821,1.12492,0
0.701622,1.97454,1.14,0
0.70171,1.96523,1.14609,0
0.701797,1.96365,1.15668,0
0.701884,1.96374,1.1683,0
0.701971,1.97148,1.18459,0
0.702059,1.96801,1.19422,0
0.702146,1.96619,1.20488,0
0.702233,1.97027,1.21924,0
0.702321,1.97171,1.23206,0
0.702408,1.96801,1.24172,0
0.702495,1.97016,1.25513,0
0.702582,1.97224,1.26859,0
0.70267,1.97255,1.28099,0
0.702757,1.96945,1.29123,0
0.702844,1.9663,1.30147,0
0.702931,1.96809,1.31503,0
0.703019,1.96896,1.32808,0
0.703106,1.95984,1.33441,0
0.703193,1.96142,1.34805,0
0.70328,1.96045,1.36001,0
0.703368,1.96842,1.3783,0
0.703455,1.96729,1.39034,0
0.703542,1.9669,1.40298,0
0.70363,1.97294,1.42031,0
0.703717,1.96591,1.42832,0
0.703804,1.96692,1.4422,0
0.703891,1.96865,1.45672,0
0.703979,1.96387,1.46649,0
0.704066,1.96624,1.48167,0
0.704153,1.96772,1.49629,0
0.70424,1.97148,1.51277,0
0.704328,1.96644,1.52258,0
0.704415,1.97081,1.53977,0
0.704502,1.96957,1.55269,0
0.704589,1.97765,1.57309,0
0.704677,1.96765,1.5792,0
0.704764,1.96152,1.5884,0
0.704851,1.96463,1.60517,0
0.704939,1.96764,1.622,0
0.705026,1.9667,1.63568,0
0.705113,1.96873,1.65196,0
0.7052,1.96074,1.65989,0
0.705288,1.97173,1.68402,0
0.705375,1.96967,1.69718,0
0.705462,1.97281,1.71494,0
0.705549,1.96982,1.72749,0
0.705637,1.97275,1.74534,0
0.705724,1.96586,1.7546,0
0.705811,1.97082,1.77453,0
0.705898,1.96972,1.78917,0
0.705986,1.96779,1.80315,0
0.706073,1.96872,1.81986,0
0.70616,1.971,1.83799,0
0.706247,1.9768,1.85959,0
0.706335,1.9781,1.87714,0
0.706422,1.96339,1.87953,0
0.706509,1.96524,1.89781,0
0.706597,1.96697,1.91613,0
0.706684,1.96358,1.9296,0
0.706771,1.9665,1.94942,0
0.706858,1.97071,1.97071,0
0.706946,1.97054,1.98781,0
0.707033,1.96885,2.00352,0
0.70712,1.96777,2.01997,0
0.707207,1.97144,2.04149,0
0.707295,1.96251,2.05007,0
0.707382,1.96938,2.0753,0
0.707469,1.96716,2.09115,0
0.707556,1.96893,2.11142,0
0.707644,1.97599,2.13761,0
0.707731,1.96867,2.14843,0
0.707818,1.96331,2.16144,0
0.707906,1.9639,2.18113,0
0.707993,1.96968,2.20684,0
0.70808,1.96599,2.22215,0
0.708167,1.97276,2.2495,0
0.708255,2.02263,2.32677,0
0.708342,2.03074,2.35678,0
0.708429,2.03732,2.38539,0
0.708516,2.06501,2.43929,0
0.708604,2.05563,2.44981,0
0.708691,2.04876,2.46337,0
0.708778,2.02973,2.46225,0
0.708865,2.01896,2.47109,0
0.708953,2.00627,2.47754,0
0.70904,2.00358,2.49641,0
0.709127,2.01259,2.53017,0
0.709215,2.03434,2.58055,0
0.709302,2.05446,2.62959,0
0.709389,2.05827,2.6583,0
0.709476,2.0564,2.67995,0
0.709564,2.02955,2.66899,0
0.709651,2.01849,2.67862,0
0.709738,2.00319,2.6826,0
0.709825,1.99979,2.70257,0
0.709913,2.01282,2.74514,0
0.71,2.03432,2.80001,0
0.710087,2.05364,2.85268,0
0.710174,2.05627,2.88278,0
0.710262,2.04194,2.88928,0
0.710349,2.02128,2.88669,0
0.710436,2.0024,2.88645,0
0.710524,1.98809,2.89268,0
0.710611,1.99177,2.9253,0
0.710698,1.97619,2.92982,0
0.710785,1.97005,2.94839,0
0.710873,1.97262,2.98031,0
0.71096,1.97166,3.00728,0
0.711047,1.97541,3.04186,0
0.711134,1.97293,3.06727,0
0.711222,1.9778,3.10452,0
0.711309,1.98024,3.1385,0
0.711396,1.98243,3.17255,0
0.711483,1.97278,3.18797,0
0.711571,1.97139,3.21701,0
0.711658,1.97186,3.24952,0
0.711745,1.97723,3.29067,0
0.711833,1.98177,3.33106,0
0.71192,1.96925,3.34312,0
0.712007,1.96321,3.36637,0
0.712094,1.936,3.35325,0
0.712182,1.92135,3.36167,0
0.712269,1.90371,3.36479,0
0.712356,1.87973,3.35649,0
0.712443,1.85925,3.35417,0
0.712531,1.84074,3.35523,0
0.712618,1.82227,3.3562,0
0.712705,1.80287,3.35531,0
0.712792,1.78587,3.35873,0
0.71288,1.76468,3.3541,0
0.712967,1.7491,3.36,0
0.713054,1.72573,3.35071,0
0.713142,1.70428,3.34484,0
0.713229,1.68562,3.34421,0
0.713316,1.66566,3.34079,0
0.713403,1.6546,3.3552,0
0.713491,1.64784,3.37857,0
0.713578,1.63786,3.39563,0
0.713665,1.63379,3.42531,0
0.713752,1.63163,3.45954,0
0.71384,1.63046,3.49654,0
0.713927,1.62231,3.51905,0
0.714014,1.66085,3.64439,0
0.714101,1.60879,3.57137,0
0.714189,1.74937,3.92916,0
0.714276,1.76524,4.01181,0
0.714363,1.77284,4.07725,0
0.714451,1.77437,4.12997,0
0.714538,1.77939,4.19198,0
0.714625,1.775,4.2329,0
0.714712,1.78637,4.31267,0
0.7148,1.78419,4.36115,0
0.714887,1.78313,4.4134,0
0.714974,1.78312,4.46943,0
0.715061,1.77753,4.51253,0
0.715149,1.77667,4.5687,0
0.715236,1.77679,4.62869,0
0.715323,1.77819,4.69344,0
0.71541,1.77625,4.7508,0
0.715498,1.77627,4.8148,0
0.715585,1.77372,4.87325,0
0.715672,1.77204,4.93553,0
0.71576,1.77151,5.0026,0
0.715847,1.76912,5.06598,0
0.715934,1.76686,5.13133,0
0.716021,1.1485,3.38338,0
0.716109,1.12897,3.37414,0
0.716196,1.10703,3.35719,0
0.716283,1.09021,3.35533,0
0.71637,1.07556,3.36005,0
0.716458,1.0633,3.37234,0
0.716545,1.05925,3.41133,0
0.716632,1.04347,3.41305,0
0.716719,1.03952,3.45396,0
0.716807,1.75891,5.93797,0
0.716894,1.75733,6.02911,0
0.716981,1.76105,6.1415,0
0.717069,1.76355,6.25307,0
0.717156,1.74293,6.2848,0
0.717243,1.71391,6.28655,0
0.71733,1.68595,6.29204,0
0.717418,1.65899,6.30127,0
0.717505,1.64149,6.34718,0
0.717592,1.61944,6.37657,0
0.717679,1.60031,6.41851,0
0.717767,1.56445,6.39337,0
0.717854,1.92709,8.02691,0
0.717941,1.91657,8.1394,0
0.718028,1.91366,8.28897,0
0.718116,1.92183,8.49328,0
0.718203,1.91527,8.63924,0
0.71829,1.9113,8.8029,0
0.718378,1.91071,8.98918,0
0.718465,1.90487,9.15799,0
0.718552,1.90297,9.35338,0
0.718639,1.90486,9.57639,0
0.718727,1.89798,9.76425,0
0.718814,1.89471,9.97973,0
0.718901,1.1838,6.38722,0
0.718988,1.15877,6.40807,0
0.719076,1.12316,6.36974,0
0.719163,1.08096,6.2908,0
0.71925,1.0497,6.27278,0
0.719337,1.02136,6.27138,0
0.719425,0.994141,6.27676,0
0.719512,0.966136,6.27708,0
0.719599,0.93726,6.27135,0
0.719687,0.910174,6.27736,0
0.719774,0.881244,6.27038,0
0.719861,0.851584,6.25732,0
0.719948,0.825056,6.26692,0
0.720036,0.796821,6.26352,0
0.720123,0.770458,6.27488,0
0.72021,0.742484,6.27321,0
0.720297,0.715558,6.28037,0
0.720385,0.686297,6.26653,0
0.720472,0.65832,6.2635,0
0.720559,0.631586,6.27228,0
0.720646,0.60287,6.26104,0
0.720734,0.575454,6.26262,0
0.720821,0.547774,6.26108,0
0.720908,0.520284,6.26142,0
0.720996,0.493273,6.26762,0
0.721083,0.465031,6.25774,0
0.72117,0.437792,6.26071,0
0.721257,0.41047,6.26256,0
0.721345,0.382652,6.25631,0
0.721432,0.355237,6.25592,0
0.721519,0.32778,6.25442,0
0.721606,0.299911,6.2438,0
0.721694,0.273363,6.26104,0
0.721781,0.245806,6.25617,0
0.721868,0.218925,6.26918,0
0.721955,0.191385,6.26408,0
0.722043,0.163789,6.25486,0
0.72213,0.13654,6.25751,0
0.722217,0.109392,6.26705,0
0.722305,0.0818626,6.25346,0
0.722392,0.0545585,6.25176,0
0.722479,0.0273145,6.25994,0
0.722566,2.27535e-07,6.254,0
0.722654,-0.0272661,6.24894,0
0.722741,-0.0546104,6.25776,0
0.722828,-0.0818752,6.25446,0
0.722915,-0.109182,6.25505,0
0.723003,-0.136234,6.24351,0
0.72309,-0.16358,6.24686,0
0.723177,-0.19056,6.23709,0
0.723264,-0.218296,6.25119,0
0.723352,-0.245374,6.24518,0
0.723439,-0.272926,6.25104,0
0.723526,-0.300247,6.25079,0
0.723614,-0.327675,6.25242,0
0.723701,-0.354953,6.25093,0
0.723788,-0.382408,6.25232,0
0.723875,-0.409554,6.24859,0
0.723963,-0.436885,6.24774,0
0.72405,-0.463919,6.24279,0
0.724137,-0.491546,6.24569,0
0.724224,-0.518545,6.24049,0
0.724312,-0.545943,6.24016,0
0.724399,-0.574081,6.24768,0
0.724486,-0.601144,6.24312,0
0.724573,-0.628379,6.24044,0
0.724661,-0.655916,6.24062,0
0.724748,-0.682051,6.22776,0
0.724835,-0.710237,6.23367,0
0.724923,-0.738252,6.23746,0
0.72501,-0.765339,6.23319,0
0.725097,-0.79316,6.23475,0
0.725184,-0.82101,6.23619,0
0.725272,-0.849021,6.23849,0
0.725359,-0.876094,6.23374,0
0.725446,-0.905582,6.24569,0
0.725533,-0.930608,6.22684,0
0.725621,-0.958833,6.22964,0
0.725708,-0.986945,6.23133,0
0.725795,-1.01429,6.22795,0
0.725882,-1.03815,6.20374,0
0.72597,-1.06605,6.20408,0
0.726057,-1.09207,6.19346,0
0.726144,-1.11837,6.1847,0
0.726232,-1.15009,6.20532,0
0.726319,-1.16186,6.11968,0
0.726406,-1.16184,5.97713,0
0.726493,-1.14498,5.75623,0
0.726581,-1.15554,5.67964,0
0.726668,-1.13917,5.47678,0
0.726755,-1.13915,5.35927,0
0.726842,-1.14279,5.26337,0
0.72693,-1.1322,5.107,0
0.727017,-1.1335,5.00936,0
0.727104,-1.13713,4.92544,0
0.727191,-1.13569,4.82309,0
0.727279,-1.13268,4.71794,0
0.727366,-1.13329,4.63136,0
0.727453,-0.60166,2.41313,0
0.727541,-0.609229,2.39885,0
0.727628,-0.615935,2.38164,0
0.727715,-0.621992,2.36249,0
0.727802,-0.625307,2.33368,0
0.72789,-0.632327,2.31935,0
0.727977,-0.636294,2.2944,0
0.728064,-0.641685,2.27524,0
0.728151,-0.654914,2.28396,0
0.728239,-0.662915,2.27436,0
0.728326,-0.676524,2.28391,0
0.728413,-0.69657,2.31445,0
0.7285,-0.699061,2.28652,0
0.728588,-0.700135,2.2548,0
0.728675,-0.696134,2.20785,0
0.728762,-0.697834,2.18003,0
0.72885,-0.698378,2.14939,0
0.728937,-0.701487,2.12733,0
0.729024,-0.696484,2.08157,0
0.729111,-0.697202,2.05389,0
0.729199,-0.695739,2.02057,0
0.729286,-0.696966,1.9958,0
0.729373,-0.693651,1.95881,0
0.72946,-0.69577,1.93788,0
0.729548,-0.699773,1.92261,0
0.729635,-0.702271,1.90359,0
0.729722,-0.707769,1.89301,0
0.729809,-0.714605,1.88617,0
0.729897,-0.721395,1.8793,0
0.729984,-0.724876,1.86402,0
0.730071,-0.733369,1.86177,0
0.730159,-0.740374,1.85576,0
0.730246,-0.743219,1.83953,0
0.730333,-0.754268,1.84368,0
0.73042,-0.761157,1.8376,0
0.730508,-0.769941,1.8361,0
0.730595,-0.775992,1.82812,0
0.730682,-0.787909,1.83391,0
0.730769,-0.798694,1.83687,0
0.730857,-0.812743,1.8471,0
0.730944,-0.824048,1.85084,0
0.731031,-0.831706,1.84632,0
0.731118,-0.845974,1.85632,0
0.731206,-0.857415,1.85988,0
0.731293,-0.872707,1.87153,0
0.73138,-0.882571,1.87132,0
0.731468,-0.914406,1.91709,0
0.731555,-0.927541,1.92299,0
0.731642,-0.937237,1.92162,0
0.731729,-0.952248,1.93097,0
0.731817,-1.05972,2.12547,0
0.731904,-1.09239,2.16726,0
0.731991,-1.09548,2.15,0
0.732078,-1.09569,2.12742,0
0.732166,-1.09388,2.10133,0
0.732253,-1.09838,2.08769,0
0.73234,-1.09762,2.06433,0
0.732427,-1.09763,2.04279,0
0.732515,-1.09842,2.02304,0
0.732602,-1.09425,1.99455,0
0.732689,-1.09761,1.98014,0
0.732777,-1.10038,1.96486,0
0.732864,-1.10155,1.94699,0
0.732951,-1.09912,1.92306,0
0.733038,-1.098,1.90179,0
0.733126,-1.09923,1.88489,0
0.733213,-1.09781,1.8637,0
0.7333,-1.09519,1.84085,0
0.733387,-1.08879,1.81205,0
0.733475,-1.07438,1.77052,0
0.733562,-0.768073,1.25338,0
0.733649,-0.736699,1.19049,0
0.733736,-0.692604,1.1084,0
0.733824,-0.685161,1.08591,0
0.733911,-0.685057,1.07532,0
0.733998,-0.685956,1.06644,0
0.734085,-0.690602,1.06343,0
0.734173,-0.68756,1.0487,0
0.73426,-0.687713,1.03902,0
0.734347,-0.688907,1.03102,0
0.734435,-0.0732543,0.108604,0
0.734522,-0.0551549,0.0810058,0
0.734609,-0.0577734,0.0840609,0
0.734696,-0.0672596,0.0969543,0
0.734784,-0.0757121,0.108128,0
0.734871,-0.0623317,0.0881973,0
0.734958,-0.0609738,0.0854821,0
0.735045,-0.0572565,0.0795342,0
0.735133,-0.0693587,0.095464,0
0.73522,-0.0638614,0.087096,0
0.735307,-0.057103,0.0771703,0
0.735394,-0.0556442,0.0745166,0
0.735482,-0.0637924,0.0846554,0
0.735569,-0.0714247,0.0939282,0
0.735656,-0.0627024,0.0817154,0
0.735744,-0.0630584,0.081441,0
0.735831,-0.0695697,0.0890452,0
0.735918,-0.0662431,0.0840289,0
0.736005,-0.0616289,0.0774782,0
0.736093,-0.0638442,0.0795482,0
0.73618,-0.06482,0.080046,0
0.736267,-0.0639032,0.0782137,0
0.736354,-0.0547027,0.0663597,0
0.736442,-0.0601073,0.0722711,0
0.736529,-0.0629932,0.0750724,0
0.736616,-0.0717198,0.0847188,0
0.736703,-0.0603987,0.0707178,0
0.736791,-0.0613594,0.0712111,0
0.736878,-0.0688862,0.0792445,0
0.736965,-0.0751654,0.0857097,0
0.737053,-0.0616237,0.0696529,0
0.73714,-0.0685858,0.0768439,0
0.737227,-0.0729352,0.0810028,0
0.737314,-0.0665643,0.0732816,0
0.737402,-0.0614787,0.0670922,0
0.737489,-0.0488736,0.0528712,0
0.737576,-0.0525139,0.0563142,0
0.737663,-0.048648,0.0517143,0
0.737751,-0.0413013,0.0435225,0
0.737838,-0.0407993,0.0426195,0
0.737925,-0.0402902,0.0417217,0
0.738012,-0.0188403,0.0193402,0
0.7381,-0.0364473,0.037089,0
0.738187,-0.0394248,0.0397704,0
0.738274,-0.0403051,0.0403051,0
