7200
345
0.296706
0.312414,-0.0551543,-0.0551543,0
0.312501,-0.049985,-0.0504232,0
0.312588,-0.0595773,-0.0606263,0
0.312676,-0.0537299,-0.0551552,0
0.312763,-0.0618246,-0.0640212,0
0.31285,-0.0629277,-0.0657351,0
0.312938,-0.0516266,-0.0544031,0
0.313025,-0.0520739,-0.0553562,0
0.313112,-0.0702458,-0.0753294,0
0.313199,-0.0644861,-0.0697606,0
0.313287,-0.0499937,-0.0545585,0
0.313374,-0.0571512,-0.0629185,0
0.313461,-0.0689205,-0.0765439,0
0.313548,-0.0725811,-0.0813202,0
0.313636,-0.0602984,-0.068155,0
0.313723,-0.0600005,-0.0684174,0
0.31381,-0.0570771,-0.0656597,0
0.313897,-0.0522208,-0.0606052,0
0.313985,-0.0584503,-0.0684365,0
0.314072,-0.0562128,-0.0664012,0
0.314159,-0.060422,-0.0720082,0
0.314247,-0.0569101,-0.0684269,0
0.314334,-0.0502502,-0.0609583,0
0.314421,-0.0550454,-0.0673722,0
0.314508,-0.0635614,-0.0784917,0
0.314596,-0.0663479,-0.0826678,0
0.314683,-0.0672316,-0.0845217,0
0.31477,-0.0662431,-0.0840289,0
0.314857,-0.0621818,-0.0795891,0
0.314945,-0.0606095,-0.0782783,0
0.315032,-0.0627024,-0.0817154,0
0.315119,-0.0641612,-0.0843762,0
0.315206,-0.0704124,-0.0934404,0
0.315294,-0.0831671,-0.111374,0
0.315381,-0.101715,-0.13746,0
0.315468,-0.109984,-0.149999,0
0.315556,-0.161053,-0.221671,0
0.315643,-0.198061,-0.275124,0
0.31573,-0.208472,-0.292267,0
0.315817,-0.0519431,-0.0734977,0
0.315905,-0.0998023,-0.142532,0
0.315992,-0.0723896,-0.104349,0
0.316079,-0.323418,-0.470576,0
0.316166,-0.319673,-0.469503,0
0.316254,-0.277919,-0.412032,0
0.316341,-0.286674,-0.429038,0
0.316428,-0.285903,-0.431953,0
0.316515,-0.290595,-0.443232,0
0.316603,-0.29465,-0.453721,0
0.31669,-0.298077,-0.463412,0
0.316777,-0.297664,-0.467239,0
0.316865,-0.305761,-0.484602,0
0.316952,-0.306823,-0.49102,0
0.317039,-0.304152,-0.491504,0
0.317126,-0.304094,-0.496237,0
0.317214,-0.305557,-0.503543,0
0.317301,-0.307478,-0.511729,0
0.317388,-0.305242,-0.513066,0
0.317475,-0.305538,-0.518701,0
0.317563,-0.303776,-0.520893,0
0.31765,-0.3065,-0.530874,0
0.317737,-0.309143,-0.540888,0
0.317824,-0.311212,-0.550065,0
0.317912,-0.300991,-0.537458,0
0.317999,-0.299128,-0.53964,0
0.318086,-0.30639,-0.558475,0
0.318174,-0.312062,-0.574746,0
0.318261,-0.306711,-0.570817,0
0.318348,-0.304687,-0.573033,0
0.318435,-0.305909,-0.581437,0
0.318523,-0.307986,-0.591636,0
0.31861,-0.309981,-0.601865,0
0.318697,-0.307806,-0.604102,0
0.318784,-0.311918,-0.618834,0
0.318872,-0.305645,-0.61303,0
0.318959,-0.306506,-0.621533,0
0.319046,-0.311244,-0.638144,0
0.319133,-0.300636,-0.623283,0
0.319221,-0.305663,-0.640836,0
0.319308,-0.307983,-0.653017,0
0.319395,-0.315696,-0.677012,0
0.319483,-0.310646,-0.673842,0
0.31957,-0.31102,-0.682471,0
0.319657,-0.313378,-0.695674,0
0.319744,-0.311154,-0.698862,0
0.319832,-0.31092,-0.70662,0
0.319919,-0.305442,-0.702468,0
0.320006,-0.297242,-0.69185,0
0.320093,-0.291876,-0.687617,0
0.320181,-0.287713,-0.686118,0
0.320268,-0.280124,-0.67628,0
0.320355,-0.284365,-0.695081,0
0.320442,-0.282079,-0.698169,0
0.32053,-0.281994,-0.706824,0
0.320617,-0.276708,-0.702465,0
0.320704,-0.273641,-0.703666,0
0.320792,-0.266267,-0.69365,0
0.320879,-0.259695,-0.685454,0
0.320966,-0.25355,-0.678151,0
0.321053,-0.251627,-0.682065,0
0.321141,-0.248649,-0.683157,0
0.321228,-0.247017,-0.688,0
0.321315,-0.239673,-0.676817,0
0.321402,-0.236059,-0.675968,0
0.32149,-0.23506,-0.682664,0
0.321577,-0.232079,-0.683684,0
0.321664,-0.227825,-0.680896,0
0.321751,-0.22172,-0.672387,0
0.321839,-0.218784,-0.673348,0
0.321926,-0.214929,-0.671439,0
0.322013,-0.215305,-0.682861,0
0.322101,-0.208765,-0.672334,0
0.322188,-0.206122,-0.674195,0
0.322275,-0.204331,-0.678918,0
0.322362,-0.196539,-0.663503,0
0.32245,-0.194761,-0.668195,0
0.322537,-0.193222,-0.673844,0
0.322624,-0.190008,-0.673719,0
0.322711,-0.188136,-0.678396,0
0.322799,-0.185174,-0.67921,0
0.322886,-0.178844,-0.667455,0
0.322973,-0.173384,-0.658558,0
0.32306,-0.173513,-0.670926,0
0.323148,-0.171077,-0.673615,0
0.323235,-0.166926,-0.669504,0
0.323322,-0.162577,-0.664398,0
0.323409,-0.156642,-0.65246,0
0.323497,-0.154481,-0.656058,0
0.323584,-0.150267,-0.650879,0
0.323671,-0.149412,-0.660307,0
0.323759,-0.146963,-0.662905,0
0.323846,-0.143008,-0.658654,0
0.323933,-0.139509,-0.656337,0
0.32402,-0.135829,-0.653023,0
0.324108,-0.13238,-0.65067,0
0.324195,-0.129735,-0.652222,0
0.324282,-0.12746,-0.655727,0
0.324369,-0.123292,-0.6494,0
0.324457,-0.119911,-0.646982,0
0.324544,-0.117621,-0.650451,0
0.324631,-0.113913,-0.646034,0
0.324718,-0.112787,-0.65638,0
0.324806,-0.107281,-0.641086,0
0.324893,-0.106894,-0.656353,0
0.32498,-0.102621,-0.647924,0
0.325068,-0.100249,-0.65133,0
0.325155,-0.0951893,-0.636926,0
0.325242,-0.0939877,-0.648222,0
0.325329,-0.0919934,-0.654567,0
0.325417,-0.0879228,-0.646045,0
0.325504,-0.084842,-0.644439,0
0.325591,-0.0830389,-0.652739,0
0.325678,-0.0789713,-0.64317,0
0.325766,-0.075459,-0.63755,0
0.325853,-0.0730161,-0.640854,0
0.32594,-0.0694571,-0.634208,0
0.326027,-0.0671073,-0.638483,0
0.326115,-0.0648217,-0.643745,0
0.326202,-0.0610538,-0.634067,0
0.326289,-0.0588355,-0.640303,0
0.326377,-0.0558668,-0.638561,0
0.326464,-0.0536597,-0.645774,0
0.326551,-0.0502923,-0.639024,0
0.326638,-0.0476518,-0.641232,0
0.326726,-0.0440163,-0.629463,0
0.326813,-0.040877,-0.623662,0
0.3269,-0.146028,-2.38754,0
0.326987,-0.135609,-2.38815,0
0.327075,-0.125763,-2.39971,0
0.327162,-0.115196,-2.39824,0
0.327249,-0.104381,-2.39072,0
0.327336,-0.0940665,-2.39415,0
0.327424,-0.0834447,-2.38954,0
0.327511,-0.0731398,-2.39388,0
0.327598,-0.0624059,-2.38318,0
0.327686,-0.0522467,-2.39443,0
0.327773,-0.0416764,-2.38764,0
0.32786,-0.0313234,-2.39279,0
0.327947,-0.0207866,-2.38191,0
0.328035,-0.0104065,-2.38498,0
0.328122,-2.87307e-08,-2.385,0
0.328209,0.0103977,-2.38298,0
0.328296,0.0208389,-2.38791,0
0.328384,0.0313365,-2.3938,0
0.328471,0.0415891,-2.38264,0
0.328558,0.0520285,-2.38443,0
0.328645,0.0625367,-2.38818,0
0.328733,0.0729565,-2.38789,0
0.32882,0.0834098,-2.38854,0
0.328907,0.0937132,-2.38516,0
0.328995,0.104032,-2.38273,0
0.329082,0.11486,-2.39124,0
0.329169,0.124978,-2.38473,0
0.329256,0.135723,-2.39015,0
0.329344,0.145967,-2.38654,0
0.329431,0.156575,-2.38887,0
0.329518,0.166857,-2.38617,0
0.329605,0.177342,-2.38642,0
0.329693,0.187125,-2.37765,0
0.32978,0.197829,-2.3808,0
0.329867,0.207605,-2.37294,0
0.329954,0.218689,-2.37997,0
0.330042,0.228592,-2.37402,0
0.330129,0.238247,-2.36604,0
0.330216,0.249614,-2.37492,0
0.330304,0.260736,-2.38076,0
0.330391,0.270216,-2.37166,0
0.330478,0.281855,-2.38138,0
0.330565,0.291633,-2.37516,0
0.330653,0.302499,-2.37784,0
0.33074,0.31248,-2.37352,0
0.330827,0.323238,-2.37511,0
0.330914,0.333598,-2.37367,0
0.331002,0.344239,-2.37417,0
0.331089,0.353856,-2.3677,0
0.331176,0.36464,-2.3691,0
0.331263,0.374973,-2.36749,0
0.331351,0.387068,-2.37669,0
0.331438,0.397105,-2.373,0
0.331525,0.407286,-2.37026,0
0.331613,0.416929,-2.36452,0
0.3317,0.428488,-2.36957,0
0.331787,0.440281,-2.37554,0
0.331874,0.450269,-2.37164,0
0.331962,0.459086,-2.36179,0
0.332049,0.471728,-2.37154,0
0.332136,0.480676,-2.3626,0
0.332223,0.492202,-2.36635,0
0.332311,0.501691,-2.36027,0
0.332398,0.515592,-2.37467,0
0.332485,0.523135,-2.35971,0
0.332572,0.535412,-2.36618,0
0.33266,0.546856,-2.36869,0
0.332747,0.557874,-2.36921,0
0.332834,0.567506,-2.36383,0
0.332922,0.579478,-2.36813,0
0.333009,0.587386,-2.35588,0
0.333096,0.60086,-2.36589,0
0.333183,0.611178,-2.36325,0
0.333271,0.621483,-2.36056,0
0.333358,0.632036,-2.35879,0
0.333445,0.645479,-2.36759,0
0.333532,0.655268,-2.36282,0
0.33362,0.666115,-2.36187,0
0.333707,0.677517,-2.36278,0
0.333794,0.688939,-2.36364,0
0.333881,0.697542,-2.35486,0
0.333969,0.709827,-2.3585,0
0.334056,0.719234,-2.35251,0
0.334143,0.732161,-2.35794,0
0.334231,0.742743,-2.35568,0
0.334318,0.758197,-2.36861,0
0.334405,0.768216,-2.36433,0
0.334492,0.777273,-2.35715,0
0.33458,0.786598,-2.35089,0
0.334667,0.801349,-2.3607,0
0.334754,0.810014,-2.35245,0
0.334841,0.818952,-2.34512,0
0.334929,0.833849,-2.35472,0
0.335016,0.846819,-2.35859,0
0.335103,0.856076,-2.35205,0
0.33519,0.866331,-2.34829,0
0.335278,0.881472,-2.3576,0
0.335365,0.893168,-2.35748,0
0.335452,0.906671,-2.36196,0
0.33554,0.914069,-2.35052,0
0.335627,0.929814,-2.36047,0
0.335714,0.938251,-2.35175,0
0.335801,0.948878,-2.34856,0
0.335889,0.961767,-2.35087,0
0.335976,0.974695,-2.35312,0
0.336063,0.986113,-2.35161,0
0.33615,0.996364,-2.34729,0
0.336238,1.01133,-2.35394,0
0.336325,1.02518,-2.35776,0
0.336412,1.03184,-2.34503,0
0.336499,1.04735,-2.35238,0
0.336587,1.06294,-2.35964,0
0.336674,1.0753,-2.35953,0
0.336761,1.08558,-2.35482,0
0.336849,1.10008,-2.35912,0
0.336936,1.11164,-2.35701,0
0.337023,1.11976,-2.34762,0
0.33711,1.1339,-2.35082,0
0.337198,1.14766,-2.35304,0
0.337285,1.1588,-2.34981,0
0.337372,1.17395,-2.35457,0
0.337459,1.18556,-2.35211,0
0.337547,1.19626,-2.3478,0
0.337634,1.20924,-2.34789,0
0.337721,1.22133,-2.34614,0
0.337808,1.23621,-2.34964,0
0.337896,1.24598,-2.34334,0
0.337983,1.25808,-2.34141,0
0.33807,1.26924,-2.33765,0
0.338158,1.28472,-2.34174,0
0.338245,1.30462,-2.3536,0
0.338332,1.3183,-2.35399,0
0.338419,1.32166,-2.33603,0
0.338507,1.3378,-2.34066,0
0.338594,1.35,-2.33827,0
0.338681,1.36825,-2.34618,0
0.338768,1.38507,-2.35139,0
0.338856,1.39532,-2.34532,0
0.338943,1.40966,-2.34607,0
0.33903,1.42248,-2.34417,0
0.339117,1.43583,-2.34306,0
0.339205,1.44972,-2.34272,0
0.339292,1.46311,-2.34146,0
0.339379,1.48185,-2.34859,0
0.339467,1.4953,-2.34716,0
0.339554,1.50824,-2.34482,0
0.339641,1.51628,-2.33486,0
0.339728,1.52864,-2.33157,0
0.339816,1.54763,-2.33822,0
0.339903,1.5656,-2.34308,0
0.33999,1.57692,-2.33789,0
0.340077,1.5933,-2.34008,0
0.340165,1.61143,-2.34464,0
0.340252,1.62107,-2.33676,0
0.340339,1.63813,-2.3395,0
0.340426,1.64544,-2.32825,0
0.340514,1.65965,-2.32674,0
0.340601,1.68264,-2.33733,0
0.340688,1.6987,-2.33806,0
0.340776,1.71598,-2.3403,0
0.340863,1.73034,-2.33842,0
0.34095,1.74232,-2.33325,0
0.341037,1.7585,-2.33361,0
0.341125,1.76746,-2.32433,0
0.341212,1.78732,-2.32929,0
0.341299,1.80665,-2.33332,0
0.341386,1.82851,-2.34039,0
0.341474,1.84242,-2.3371,0
0.341561,1.85696,-2.33452,0
0.341648,1.86901,-2.32874,0
0.341735,1.89048,-2.33455,0
0.341823,1.9095,-2.33712,0
0.34191,1.92223,-2.33185,0
0.341997,1.94389,-2.33728,0
0.342085,1.95922,-2.3349,0
0.342172,1.97779,-2.33625,0
0.342259,1.99121,-2.3314,0
0.342346,2.00006,-2.32118,0
0.342434,2.00623,-2.3079,0
0.342521,2.01232,-2.29462,0
0.342608,2.01171,-2.27383,0
0.342695,2.01096,-2.25309,0
0.342783,2.00271,-2.22423,0
0.34287,2.00634,-2.20881,0
0.342957,2.01191,-2.19561,0
0.343044,2.0045,-2.16845,0
0.343132,2.00576,-2.15091,0
0.343219,2.00142,-2.12757,0
0.343306,2.00862,-2.11664,0
0.343394,2.00331,-2.09269,0
0.343481,2.00548,-2.07673,0
0.343568,2.00336,-2.0565,0
0.343655,2.0046,-2.0399,0
0.343743,2.00222,-2.01977,0
0.34383,2.00182,-2.00182,0
0.343917,2.00059,-1.98321,0
0.344004,2.00566,-1.97096,0
0.344092,1.99848,-1.94684,0
0.344179,1.99401,-1.92559,0
0.344266,1.99734,-1.91203,0
0.344353,1.99478,-1.89298,0
0.344441,1.99646,-1.87809,0
0.344528,1.99806,-1.86322,0
0.344615,2.00543,-1.8538,0
0.344703,1.99802,-1.83085,0
0.34479,1.99563,-1.8127,0
0.344877,1.98866,-1.79059,0
0.344964,1.99197,-1.7779,0
0.345052,1.99447,-1.76456,0
0.345139,1.98862,-1.74397,0
0.345226,1.99696,-1.73593,0
0.345313,1.99694,-1.72067,0
0.345401,1.99911,-1.7074,0
0.345488,1.98517,-1.68057,0
0.345575,1.99248,-1.67189,0
0.345662,1.99591,-1.65998,0
0.34575,1.99388,-1.64363,0
0.345837,1.99174,-1.62732,0
0.345924,1.99493,-1.61547,0
0.346012,1.99027,-1.59736,0
0.346099,2.01287,-1.60111,0
0.346186,1.99628,-1.57374,0
0.346273,2.01258,-1.5724,0
0.346361,2.00835,-1.55503,0
0.346448,2.03098,-1.55843,0
0.346535,2.0314,-1.54471,0
0.346622,2.0485,-1.54366,0
0.34671,2.04961,-1.53051,0
0.346797,2.04421,-1.51263,0
0.346884,2.05401,-1.50607,0
0.346971,2.04439,-1.48533,0
0.347059,2.05004,-1.47581,0
0.347146,2.08251,-1.48544,0
0.347233,2.08897,-1.47634,0
0.347321,2.09375,-1.46606,0
0.347408,2.08205,-1.44437,0
0.347495,2.05702,-1.41375,0
0.347582,2.05821,-1.40138,0
0.34767,2.0585,-1.38848,0
0.347757,2.082,-1.39115,0
0.347844,2.07554,-1.37377,0
0.347931,2.07984,-1.36361,0
0.348019,2.06145,-1.33872,0
0.348106,2.05382,-1.32106,0
0.348193,2.05366,-1.30832,0
0.34828,2.01114,-1.26894,0
0.348368,2.02683,-1.26651,0
0.348455,2.02979,-1.25607,0
0.348542,2.00882,-1.23101,0
0.34863,2.01674,-1.22379,0
0.348717,1.99549,-1.19901,0
0.348804,1.99812,-1.18876,0
0.348891,1.98347,-1.16835,0
0.348979,1.98682,-1.15868,0
0.349066,1.98666,-1.147,0
0.349153,1.98297,-1.13336,0
0.34924,1.98876,-1.12519,0
0.349328,1.99365,-1.1165,0
0.349415,1.98801,-1.10197,0
0.349502,1.97702,-1.08463,0
0.349589,1.98437,-1.07742,0
0.349677,1.98377,-1.06592,0
0.349764,1.9831,-1.05443,0
0.349851,1.9806,-1.04205,0
0.349939,1.98158,-1.03155,0
0.350026,1.98962,-1.02472,0
0.350113,1.98605,-1.01194,0
0.3502,1.97973,-0.997868,0
0.350288,1.98317,-0.988774,0
0.350375,1.98478,-0.978785,0
0.350462,1.98544,-0.968362,0
0.350549,1.98154,-0.95578,0
0.350637,1.99291,-0.950568,0
0.350724,1.97081,-0.929493,0
0.350811,1.983,-0.924689,0
0.350898,1.97975,-0.912678,0
0.350986,1.97735,-0.901128,0
0.351073,1.99585,-0.899064,0
0.35116,1.98057,-0.881805,0
0.351247,1.98531,-0.873558,0
0.351335,1.98177,-0.861697,0
0.351422,1.98643,-0.853436,0
0.351509,1.98277,-0.841635,0
0.351597,1.97443,-0.827948,0
0.351684,1.99281,-0.825448,0
0.351771,1.98158,-0.810687,0
0.351858,1.98325,-0.801284,0
0.351946,1.97372,-0.787435,0
0.352033,1.97807,-0.779182,0
0.35212,1.96188,-0.762932,0
0.352207,1.7654,-0.677674,0
0.352295,1.70475,-0.645873,0
0.352382,1.69912,-0.635276,0
0.352469,1.70938,-0.630625,0
0.352556,1.70554,-0.620767,0
0.352644,1.70635,-0.612643,0
0.352731,1.70335,-0.603189,0
0.352818,1.70786,-0.59641,0
0.352906,1.70477,-0.586999,0
0.352993,1.71016,-0.58052,0
0.35308,1.6994,-0.56861,0
0.353167,1.71421,-0.565261,0
0.353255,1.70524,-0.554067,0
0.353342,1.70669,-0.546317,0
0.353429,1.69571,-0.534655,0
0.353516,1.70376,-0.52903,0
0.353604,1.70796,-0.522176,0
0.353691,1.70543,-0.513278,0
0.353778,1.69711,-0.502707,0
0.353865,1.69929,-0.495297,0
0.353953,1.70143,-0.487878,0
0.35404,1.70162,-0.479907,0
0.354127,1.70755,-0.473546,0
0.354215,1.69706,-0.462672,0
0.354302,1.701,-0.45578,0
0.354389,1.7049,-0.448863,0
0.354476,1.69232,-0.437664,0
0.354564,1.70585,-0.43323,0
0.354651,1.70384,-0.424815,0
0.354738,1.7115,-0.418803,0
0.354825,1.70554,-0.409463,0
0.354913,1.69563,-0.399267,0
0.355,1.69638,-0.39164,0
0.355087,1.70002,-0.384676,0
0.355174,1.70364,-0.377687,0
0.355262,1.6955,-0.368128,0
0.355349,1.70491,-0.36239,0
0.355436,1.69669,-0.352911,0
0.355524,1.69919,-0.345704,0
0.355611,1.69087,-0.336336,0
0.355698,1.71294,-0.332962,0
0.355785,1.70455,-0.323619,0
0.355873,1.70005,-0.315085,0
0.35596,1.69845,-0.307131,0
0.356047,1.69091,-0.298154,0
0.356134,1.69811,-0.291789,0
0.356222,1.69542,-0.283717,0
0.356309,1.70059,-0.276959,0
0.356396,1.69092,-0.267816,0
0.356483,1.69801,-0.261348,0
0.356571,1.6932,-0.25305,0
0.356658,1.69824,-0.246233,0
0.356745,1.69435,-0.238125,0
0.356833,1.70033,-0.231404,0
0.35692,1.69735,-0.223461,0
0.357007,1.69236,-0.215295,0
0.357094,1.67939,-0.206203,0
0.357182,1.68325,-0.199226,0
0.357269,1.68808,-0.192332,0
0.357356,1.69984,-0.186162,0
0.357443,1.69367,-0.178012,0
0.357531,1.7004,-0.171221,0
0.357618,1.69715,-0.163417,0
0.357705,1.68391,-0.154729,0
0.357792,1.68257,-0.147206,0
0.35788,1.70014,-0.141271,0
0.357967,1.70174,-0.13393,0
0.358054,1.7033,-0.126577,0
0.358142,1.71182,-0.119702,0
0.358229,1.74126,-0.114129,0
0.358316,1.81161,-0.110803,0
0.358403,1.91392,-0.10868,0
0.358491,1.93335,-0.101322,0
0.358578,1.94276,-0.0933175,0
0.358665,1.94515,-0.084927,0
0.358752,1.9505,-0.0766352,0
0.35884,1.9628,-0.0685427,0
0.358927,1.96208,-0.0599472,0
0.359014,1.97332,-0.0516733,0
0.359101,1.97653,-0.0431281,0
0.359189,1.9807,-0.0345733,0
0.359276,1.97083,-0.0257996,0
0.359363,1.94893,-0.0170081,0
0.359451,1.93098,-0.0084256,0
0.359538,1.927,-4.66611e-08,0
0.359625,1.91398,0.00835133,0
0.359712,1.89493,0.0165367,0
0.3598,1.86984,0.0244775,0
0.359887,1.84272,0.0321647,0
0.359974,1.87055,0.0408156,0
0.360061,1.89835,0.04971,0
0.360149,1.91311,0.0584507,0
0.360236,1.92383,0.0671815,0
0.360323,1.91352,0.0751825,0
0.36041,1.91518,0.0836183,0
0.360498,1.87684,0.0901509,0
0.360585,1.72363,0.0903318,0
0.360672,1.69826,0.0964344,0
0.36076,1.69284,0.103538,0
0.360847,1.68938,0.110727,0
0.360934,1.68987,0.118167,0
0.361021,1.69134,0.125688,0
0.361109,1.69476,0.13338,0
0.361196,1.68121,0.139697,0
0.361283,1.69154,0.14799,0
0.36137,1.69187,0.155461,0
0.361458,1.68919,0.16265,0
0.361545,1.69543,0.17072,0
0.361632,1.69367,0.178012,0
0.361719,1.68294,0.184312,0
0.361807,1.69702,0.193351,0
0.361894,1.69815,0.200989,0
0.361981,1.69527,0.208153,0
0.362069,1.7003,0.216305,0
0.362156,1.72214,0.226724,0
0.362243,1.84499,0.251092,0
0.36233,1.96766,0.276537,0
0.362418,1.98425,0.287703,0
0.362505,1.97506,0.295175,0
0.362592,1.98068,0.304855,0
0.362679,1.97636,0.313025,0
0.362767,1.98485,0.323253,0
0.362854,1.97553,0.33059,0
0.362941,1.98294,0.340731,0
0.363028,1.98045,0.349206,0
0.363116,1.98678,0.359268,0
0.363203,1.98519,0.367933,0
0.36329,1.97571,0.3751,0
0.363378,1.97798,0.38448,0
0.363465,1.97824,0.393497,0
0.363552,1.98729,0.404318,0
0.363639,1.97669,0.411153,0
0.363727,1.97977,0.420813,0
0.363814,1.98476,0.430933,0
0.363901,1.98871,0.440887,0
0.363988,1.97994,0.448016,0
0.364076,1.977,0.456426,0
0.364163,1.97596,0.465277,0
0.36425,1.97975,0.475295,0
0.364337,1.97377,0.482978,0
0.364425,1.97649,0.492795,0
0.364512,1.98111,0.503137,0
0.364599,1.97309,0.510274,0
0.364687,1.96891,0.518369,0
0.364774,1.98208,0.531097,0
0.364861,1.97299,0.537899,0
0.364948,1.97159,0.54677,0
0.365036,1.97977,0.558353,0
0.365123,1.96578,0.563678,0
0.36521,1.96714,0.57337,0
0.365297,1.97325,0.584504,0
0.365385,1.98122,0.596278,0
0.365472,1.97668,0.604332,0
0.365559,1.9788,0.614434,0
0.365646,1.96943,0.620957,0
0.365734,1.97336,0.631679,0
0.365821,1.97059,0.640283,0
0.365908,1.98297,0.653886,0
0.365996,1.97062,0.659359,0
0.366083,1.98003,0.67213,0
0.36617,1.96762,0.677507,0
0.366257,1.97881,0.691032,0
0.366345,1.97483,0.699325,0
0.366432,1.97929,0.710639,0
0.366519,1.97335,0.718242,0
0.366606,1.97677,0.729269,0
0.366694,1.97169,0.737186,0
0.366781,1.96752,0.745428,0
0.366868,1.96425,0.754006,0
0.366955,1.97213,0.766919,0
0.367043,1.96876,0.775517,0
0.36713,1.97186,0.786693,0
0.367217,1.97954,0.799785,0
0.367305,1.9714,0.806522,0
0.367392,1.97063,0.816264,0
0.367479,1.96982,0.826015,0
0.367566,1.97172,0.836946,0
0.367654,1.97448,0.848304,0
0.367741,1.97718,0.859703,0
0.367828,1.97616,0.86953,0
0.367915,1.97052,0.877331,0
0.368003,1.97396,0.889206,0
0.36809,1.97644,0.900714,0
0.368177,1.97612,0.911004,0
0.368264,1.96759,0.917504,0
0.368352,1.97985,0.933759,0
0.368439,1.96673,0.938084,0
0.368526,1.98244,0.956214,0
0.368614,1.97555,0.96354,0
0.368701,1.98388,0.978342,0
0.368788,1.97691,0.985651,0
0.368875,1.9842,1.00012,0
0.368963,1.98071,1.00922,0
0.36905,1.97184,1.01556,0
0.369137,1.98513,1.03339,0
0.369224,1.97264,1.03785,0
0.369312,1.97604,1.05068,0
0.369399,1.97231,1.05976,0
0.369486,1.98613,1.07838,0
0.369573,1.9779,1.08511,0
0.369661,1.98276,1.09906,0
0.369748,1.98057,1.10917,0
0.369835,1.97919,1.11977,0
0.369923,1.97515,1.12889,0
0.37001,1.96761,1.136,0
0.370097,1.9825,1.15616,0
0.370184,1.97916,1.16582,0
0.370272,1.97492,1.17495,0
0.370359,1.97406,1.18613,0
0.370446,1.97656,1.1994,0
0.370533,1.98665,1.21742,0
0.370621,1.98472,1.22818,0
0.370708,1.97934,1.23683,0
0.370795,1.98154,1.25026,0
0.370882,1.97775,1.25997,0
0.37097,1.97644,1.27129,0
0.371057,1.97171,1.28045,0
0.371144,1.97865,1.29726,0
0.371232,1.97714,1.30864,0
0.371319,1.97973,1.32281,0
0.371406,1.98223,1.33703,0
0.371493,1.98382,1.35073,0
0.371581,1.96554,1.35088,0
0.371668,1.97277,1.36856,0
0.371755,1.97498,1.38289,0
0.371842,1.97954,1.399,0
0.37193,1.96609,1.4024,0
0.372017,1.97537,1.42206,0
0.372104,1.97157,1.43243,0
0.372191,1.97256,1.44634,0
0.372279,1.96865,1.45672,0
0.372366,1.97589,1.47547,0
0.372453,1.97103,1.48528,0
0.372541,1.97408,1.50113,0
0.372628,1.9699,1.51155,0
0.372715,1.97198,1.52687,0
0.372802,1.97397,1.54223,0
0.37289,1.97036,1.55331,0
0.372977,1.97139,1.56811,0
0.373064,1.97545,1.58546,0
0.373151,1.97162,1.59659,0
0.373239,1.96696,1.60707,0
0.373326,1.96378,1.61882,0
0.373413,1.97515,1.64272,0
0.3735,1.9718,1.65454,0
0.373588,1.97219,1.66958,0
0.373675,1.96869,1.68142,0
0.373762,1.97118,1.69848,0
0.37385,1.97432,1.71625,0
0.373937,1.97358,1.73078,0
0.374024,1.97874,1.75064,0
0.374111,1.97705,1.76459,0
0.374199,1.97454,1.77788,0
0.374286,1.97342,1.79253,0
0.374373,1.97885,1.81328,0
0.37446,1.97312,1.82394,0
0.374548,1.97246,1.83935,0
0.374635,1.97461,1.85753,0
0.374722,1.98317,1.88196,0
0.374809,1.9735,1.88921,0
0.374897,1.97603,1.90823,0
0.374984,1.98201,1.93079,0
0.375071,1.98498,1.95063,0
0.375159,1.98355,1.96631,0
0.375246,1.98061,1.98061,0
0.375333,1.98955,2.00698,0
0.37542,1.97867,2.01351,0
0.375508,1.97684,2.02928,0
0.375595,1.99159,2.06235,0
0.375682,1.97773,2.06596,0
0.375769,1.98315,2.0898,0
0.375857,1.97881,2.10354,0
0.375944,1.97711,2.12019,0
0.376031,1.98074,2.14275,0
0.376118,1.98421,2.16538,0
0.376206,1.97609,2.1755,0
0.376293,1.97594,2.19451,0
0.37638,1.98433,2.22325,0
0.376468,1.9872,2.24612,0
0.376555,1.98331,2.26153,0
0.376642,1.9813,2.27922,0
0.376729,1.98178,2.29997,0
0.376817,1.97627,2.31392,0
0.376904,1.97908,2.33778,0
0.376991,1.97914,2.35865,0
0.377078,1.9861,2.38802,0
0.377166,1.97439,2.39512,0
0.377253,1.981,2.42462,0
0.37734,1.98299,2.44879,0
0.377427,1.9823,2.46989,0
0.377515,1.98084,2.49026,0
0.377602,1.98234,2.51458,0
0.377689,1.98366,2.53897,0
0.377777,1.98052,2.55788,0
0.377864,1.9803,2.58078,0
0.377951,1.98536,2.61089,0
0.378038,1.98118,2.62911,0
0.378126,1.98464,2.65776,0
0.378213,1.98254,2.67925,0
0.3783,1.9868,2.70965,0
0.378387,1.9873,2.73529,0
0.378475,1.98411,2.75611,0
0.378562,1.98484,2.78265,0
0.378649,1.98365,2.8068,0
0.378736,1.984,2.83345,0
0.378824,1.96763,2.83633,0
0.378911,1.95127,2.83911,0
0.378998,1.93155,2.83686,0
0.379086,1.91412,2.8378,0
0.379173,1.89838,2.84113,0
0.37926,1.87714,2.83605,0
0.379347,1.85707,2.8325,0
0.379435,1.84469,2.84058,0
0.379522,1.822,2.83262,0
0.379609,1.81016,2.84139,0
0.379696,1.78761,2.83319,0
0.379784,1.77417,2.83927,0
0.379871,1.7544,2.83507,0
0.379958,1.74149,2.84185,0
0.380045,1.72336,2.84002,0
0.380133,1.70375,2.83551,0
0.38022,1.68573,2.83346,0
0.380307,1.66828,2.83218,0
0.380394,1.65691,2.84116,0
0.380482,1.637,2.83537,0
0.380569,1.6261,2.84509,0
0.380656,1.60875,2.84345,0
0.380744,1.59388,2.84608,0
0.380831,1.57466,2.84076,0
0.380918,1.56177,2.84673,0
0.381005,1.54647,2.84825,0
0.381093,1.53924,2.86466,0
0.38118,1.51827,2.85545,0
0.381267,1.49742,2.84612,0
0.381354,1.4799,2.84287,0
0.381442,1.46199,2.83863,0
0.381529,1.44778,2.84142,0
0.381616,1.43221,2.84146,0
0.381703,1.41891,2.84589,0
0.381791,1.40206,2.84309,0
0.381878,1.38481,2.83929,0
0.381965,1.37024,2.8408,0
0.382053,1.35568,2.84224,0
0.38214,1.34454,2.85084,0
0.382227,1.32744,2.84671,0
0.382314,1.31585,2.85429,0
0.382402,1.29467,2.8409,0
0.382489,1.28555,2.85382,0
0.382576,1.26658,2.84478,0
0.382663,1.25335,2.84845,0
0.382751,1.23772,2.84655,0
0.382838,1.2245,2.85009,0
0.382925,1.20931,2.84896,0
0.383012,1.193,2.84499,0
0.3831,1.18441,2.85941,0
0.383187,1.16169,2.83956,0
0.383274,1.15304,2.85387,0
0.383362,1.1365,2.84866,0
0.383449,1.12553,2.85731,0
0.383536,1.11015,2.85474,0
0.383623,1.09553,2.85396,0
0.383711,1.08059,2.85216,0
0.383798,1.06743,2.85498,0
0.383885,1.05323,2.85492,0
0.383972,1.03974,2.85667,0
0.38406,1.02625,2.85835,0
0.384147,1.00843,2.84772,0
0.384234,0.997974,2.85776,0
0.384321,0.979635,2.84507,0
0.384409,0.967533,2.85026,0
0.384496,0.954452,2.85256,0
0.384583,0.941997,2.85669,0
0.384671,0.924579,2.84556,0
0.384758,0.913678,2.85433,0
0.384845,0.90302,2.86401,0
0.384932,0.886066,2.8536,0
0.38502,0.87273,2.85457,0
0.385107,0.861707,2.86314,0
0.385194,0.845798,2.85537,0
0.385281,0.831652,2.85327,0
0.385369,0.819194,2.85687,0
0.385456,0.804821,2.85368,0
0.385543,0.792362,2.85716,0
0.38563,0.77752,2.85191,0
0.385718,0.765587,2.85721,0
0.385805,0.75184,2.85569,0
0.385892,0.738371,2.85507,0
0.38598,0.727629,2.86505,0
0.386067,0.713186,2.86043,0
0.386154,0.69951,2.85866,0
0.386241,0.685863,2.85682,0
0.386329,0.672703,2.85687,0
0.386416,0.661131,2.86367,0
0.386503,0.647306,2.86068,0
0.38659,0.633302,2.85664,0
0.386678,0.620832,2.85938,0
0.386765,0.607726,2.85913,0
0.386852,0.593209,2.85196,0
0.386939,0.581756,2.85942,0
0.387027,0.567518,2.8531,0
0.387114,0.555063,2.85555,0
0.387201,0.543531,2.86286,0
0.387289,0.531581,2.86815,0
0.387376,0.518528,2.86749,0
0.387463,0.504969,2.86382,0
0.38755,0.492299,2.86501,0
0.387638,0.479959,2.86812,0
0.387725,0.466154,2.86229,0
0.387812,0.454912,2.8722,0
0.387899,0.44131,2.86724,0
0.387987,0.428056,2.86419,0
0.388074,0.415698,2.86702,0
0.388161,0.403045,2.86782,0
0.388248,0.390259,2.86757,0
0.388336,0.376438,2.85933,0
0.388423,0.364968,2.86888,0
0.38851,0.350984,2.85853,0
0.388598,0.33886,2.86302,0
0.388685,0.326591,2.86645,0
0.388772,0.313428,2.86189,0
0.388859,0.301878,2.87218,0
0.388947,0.288742,2.8675,0
0.389034,0.276323,2.86973,0
0.389121,0.263067,2.86294,0
0.389208,0.252142,2.88199,0
0.389296,0.238488,2.87011,0
0.389383,0.225178,2.86115,0
0.38947,0.212766,2.86311,0
0.389557,0.200759,2.87099,0
0.389645,0.187969,2.86785,0
0.389732,0.17527,2.86565,0
0.389819,0.162765,2.86638,0
0.389907,0.150571,2.87306,0
0.389994,0.137889,2.87069,0
0.390081,0.124882,2.86028,0
0.390168,0.112637,2.86679,0
0.390256,0.100197,2.86925,0
0.390343,0.0877983,2.87366,0
0.39043,0.0753112,2.87601,0
0.390517,0.0627615,2.87632,0
0.390605,0.0500885,2.86956,0
0.390692,0.0375803,2.87075,0
0.390779,0.0250278,2.86789,0
0.390866,0.0125315,2.87197,0
0.390954,1.04563e-07,2.874,0
0.391041,-0.012492,2.86297,0
0.391128,-0.0250625,2.87189,0
0.391216,-0.0375278,2.86675,0
0.391303,-0.0501407,2.87256,0
0.39139,-0.0626086,2.86932,0
0.391477,-0.0751539,2.87002,0
0.391565,-0.0875233,2.86466,0
0.391652,-0.100545,2.87925,0
0.391739,-0.113186,2.88078,0
0.391826,-0.125362,2.87126,0
0.391914,-0.138321,2.87968,0
0.392001,-0.150623,2.87406,0
0.392088,-0.163842,2.88535,0
0.392175,-0.175881,2.87563,0
0.392263,-0.188557,2.87683,0
0.39235,-0.201178,2.87697,0
0.392437,-0.213803,2.87707,0
0.392525,-0.226041,2.87212,0
0.392612,-0.239067,2.87708,0
0.392699,-0.25188,2.879,0
0.392786,-0.26444,2.87788,0
0.392874,-0.277473,2.88167,0
0.392961,-0.289243,2.87247,0
0.393048,-0.302505,2.87815,0
0.393135,-0.314734,2.87382,0
0.393223,-0.328289,2.88136,0
0.39331,-0.341211,2.88288,0
0.393397,-0.35403,2.88335,0
0.393484,-0.366608,2.88177,0
0.393572,-0.378656,2.87618,0
0.393659,-0.391742,2.87847,0
0.393746,-0.404576,2.87871,0
0.393834,-0.419285,2.89176,0
0.393921,-0.428943,2.87012,0
0.394008,-0.443135,2.8791,0
0.394095,-0.457101,2.88603,0
0.394183,-0.469368,2.88203,0
0.39427,-0.483424,2.88883,0
0.394357,-0.4945,2.87782,0
0.394444,-0.507921,2.88056,0
0.394532,-0.521197,2.88226,0
0.394619,-0.534497,2.88389,0
0.394706,-0.548754,2.89037,0
0.394793,-0.562505,2.89384,0
0.394881,-0.574151,2.88645,0
0.394968,-0.587338,2.88686,0
0.395055,-0.600336,2.88623,0
0.395143,-0.614379,2.89043,0
0.39523,-0.626136,2.88381,0
0.395317,-0.640661,2.88984,0
0.395404,-0.654147,2.89091,0
0.395492,-0.664055,2.87634,0
0.395579,-0.670411,2.84713,0
0.395666,-0.657382,2.73819,0
0.395753,-0.66148,2.70324,0
0.395841,-0.662382,2.65667,0
0.395928,-0.671998,2.646,0
0.396015,-0.678029,2.62174,0
0.396102,-0.681569,2.58878,0
0.39619,-0.684317,2.55391,0
0.396277,-0.688616,2.52581,0
0.396364,-0.691078,2.49195,0
0.396452,-0.689459,2.44464,0
0.396539,-0.692677,2.41565,0
0.396626,-0.689499,2.36556,0
0.396713,-0.689873,2.32897,0
0.396801,-0.69023,2.29338,0
0.396888,-0.690874,2.25975,0
0.396975,-0.690052,2.22233,0
0.397062,-0.691323,2.1926,0
0.39715,-0.688383,2.15051,0
0.397237,-0.694052,2.13607,0
0.397324,-0.684889,2.07699,0
0.397411,-0.690455,2.06355,0
0.397499,-0.691416,2.03685,0
0.397586,-0.692809,2.01206,0
0.397673,-0.693999,1.98731,0
0.397761,-0.692983,1.95692,0
0.397848,-0.685633,1.90965,0
0.397935,-0.67549,1.85589,0
0.398022,-0.693272,1.8792,0
0.39811,-0.686406,1.83588,0
0.398197,-0.640558,1.69072,0
0.398284,-0.606717,1.58055,0
0.398371,-0.606359,1.55925,0
0.398459,-0.61279,1.55566,0
0.398546,-0.615496,1.54275,0
0.398633,-0.616228,1.52522,0
0.39872,-0.620605,1.51696,0
0.398808,-0.627983,1.51609,0
0.398895,-0.630339,1.50319,0
0.398982,-0.631812,1.48846,0
0.39907,-0.614616,1.43056,0
0.399157,-0.582572,1.33982,0
0.399244,-0.571095,1.29791,0
0.399331,-0.571465,1.28353,0
0.399419,-0.570078,1.26553,0
0.399506,-0.574765,1.26121,0
0.399593,-0.571889,1.24052,0
0.39968,-0.57307,1.22895,0
0.399768,-0.580133,1.23006,0
0.399855,-0.586787,1.23022,0
0.399942,-0.587804,1.21864,0
0.400029,-0.592239,1.21427,0
0.400117,-0.595763,1.20809,0
0.400204,-0.597905,1.19921,0
0.400291,-0.604932,1.20016,0
0.400379,-0.617427,1.21177,0
0.400466,-0.620419,1.20462,0
0.400553,-0.62844,1.20722,0
0.40064,-0.636961,1.21066,0
0.400728,-0.650688,1.22377,0
0.400815,-0.655548,1.22003,0
0.400902,-0.661819,1.21892,0
0.400989,-0.67146,1.22391,0
0.401077,-0.686975,1.23934,0
0.401164,-0.691399,1.23458,0
0.401251,-0.696779,1.23155,0
0.401338,-0.695199,1.21635,0
0.401426,-0.702,1.2159,0
0.401513,-0.706795,1.21196,0
0.4016,-0.710554,1.20628,0
0.401688,-0.721434,1.21262,0
0.401775,-0.723628,1.20432,0
0.401862,-0.729395,1.20201,0
0.401949,-0.73411,1.19796,0
0.402037,-0.736173,1.18964,0
0.402124,-0.745596,1.1932,0
0.402211,-0.740657,1.17387,0
0.402298,-0.726429,1.14027,0
0.402386,-0.715709,1.11269,0
0.402473,-0.704763,1.08524,0
0.40256,-0.724844,1.10557,0
0.402647,-0.740147,1.11824,0
0.402735,-0.768354,1.14992,0
0.402822,-0.792376,1.17475,0
0.402909,-0.808751,1.18781,0
0.402997,-0.822988,1.19746,0
0.403084,-0.0780896,0.112566,0
0.403171,-0.0745649,0.10649,0
0.403258,-0.0617545,0.0873806,0
0.403346,-0.0691037,0.0968798,0
0.403433,-0.0765367,0.106316,0
0.40352,-0.0693587,0.095464,0
0.403607,-0.0739137,0.100806,0
0.403695,-0.0684046,0.0924435,0
0.403782,-0.0526526,0.0705103,0
0.403869,-0.0655978,0.0870513,0
0.403956,-0.0641612,0.0843762,0
0.404044,-0.0614849,0.0801287,0
0.404131,-0.0575484,0.0743248,0
0.404218,-0.0609505,0.0780131,0
0.404306,-0.0668621,0.0848142,0
0.404393,-0.0697216,0.0876521,0
0.40448,-0.0682257,0.0850074,0
0.404567,-0.06482,0.080046,0
0.404655,-0.0632705,0.0774393,0
0.404742,-0.0655161,0.0794773,0
0.404829,-0.0581889,0.0699646,0
0.404916,-0.063636,0.0758384,0
0.405004,-0.0594434,0.0702174,0
0.405091,-0.0584503,0.0684365,0
0.405178,-0.0711508,0.0825746,0
0.405265,-0.0623256,0.0716974,0
0.405353,-0.053407,0.060899,0
0.40544,-0.0722256,0.0816362,0
0.405527,-0.0552682,0.0619228,0
0.405615,-0.0521922,0.0579653,0
0.405702,-0.060513,0.0666196,0
0.405789,-0.0513449,0.0560331,0
0.405876,-0.0617709,0.0668233,0
0.405964,-0.0572879,0.0614337,0
0.406051,-0.063722,0.0677385,0
0.406138,-0.0536917,0.0565792,0
0.406225,-0.0497889,0.0520102,0
0.406313,-0.054878,0.0568279,0
0.4064,-0.0586144,0.0601694,0
0.406487,-0.0427555,0.0435083,0
0.406574,-0.0337927,0.0340889,0
0.406662,-0.0636396,0.0636396,0
