7200
6237
5.42797
5.44368,-0.0367696,-0.0367696,0
5.44377,-0.045761,-0.046162,0
5.44386,-0.0476618,-0.048501,0
5.44394,-0.0509387,-0.05229,0
5.44403,-0.0382062,-0.0395637,0
5.44412,-0.0892052,-0.0931849,0
5.44421,-0.0798491,-0.0841434,0
5.44429,-0.0938701,-0.0997868,0
5.44438,-0.199144,-0.213555,0
5.44447,-0.111323,-0.120429,0
5.44455,-0.129713,-0.141557,0
5.44464,-0.336856,-0.370849,0
5.44473,-0.28505,-0.31658,0
5.44482,-0.348922,-0.390934,0
5.4449,-0.354502,-0.400691,0
5.44499,-0.29275,-0.333817,0
5.44508,-0.303755,-0.349431,0
5.44517,-0.306797,-0.356056,0
5.44525,-0.306539,-0.358912,0
5.44534,-0.299802,-0.35414,0
5.44543,-0.301467,-0.359275,0
5.44551,-0.312686,-0.375964,0
5.4456,-0.302773,-0.367293,0
5.44569,-0.304331,-0.372483,0
5.44578,-0.30522,-0.376916,0
5.44586,-0.289177,-0.360307,0
5.44595,-0.284489,-0.357652,0
5.44604,-0.295308,-0.374596,0
5.44613,-0.31645,-0.405038,0
5.44621,-0.311006,-0.40167,0
5.4463,-0.305598,-0.398263,0
5.44639,-0.300226,-0.394817,0
5.44647,-0.302111,-0.400915,0
5.44656,-0.311727,-0.417453,0
5.44665,-0.311687,-0.421221,0
5.44674,-0.31162,-0.424996,0
5.44682,-0.307999,-0.423925,0
5.44691,-0.308484,-0.428511,0
5.447,-0.307773,-0.431481,0
5.44709,-0.31339,-0.443436,0
5.44717,-0.309158,-0.441523,0
5.44726,-0.304378,-0.438759,0
5.44735,-0.304727,-0.44338,0
5.44743,-0.309543,-0.454624,0
5.44752,-0.316503,-0.469235,0
5.44761,-0.304452,-0.455645,0
5.4477,-0.306877,-0.463641,0
5.44778,-0.307593,-0.469157,0
5.44787,-0.309355,-0.476365,0
5.44796,-0.304569,-0.473505,0
5.44805,-0.315932,-0.495914,0
5.44813,-0.307896,-0.487985,0
5.44822,-0.309473,-0.49526,0
5.44831,-0.30994,-0.500857,0
5.44839,-0.310364,-0.506468,0
5.44848,-0.308151,-0.507818,0
5.44857,-0.307993,-0.512586,0
5.44866,-0.309332,-0.519941,0
5.44874,-0.306553,-0.520424,0
5.44883,-0.304783,-0.52262,0
5.44892,-0.311,-0.538668,0
5.449,-0.317082,-0.554779,0
5.44909,-0.315151,-0.557028,0
5.44918,-0.306366,-0.547055,0
5.44927,-0.309309,-0.558007,0
5.44935,-0.308795,-0.562859,0
5.44944,-0.31397,-0.578262,0
5.44953,-0.315704,-0.587554,0
5.44962,-0.315954,-0.594224,0
5.4497,-0.311031,-0.591172,0
5.44979,-0.308448,-0.592523,0
5.44988,-0.315017,-0.611644,0
5.44996,-0.320517,-0.629051,0
5.45005,-0.31867,-0.632229,0
5.45014,-0.328848,-0.659567,0
5.45023,-0.308718,-0.626017,0
5.45031,-0.309928,-0.635447,0
5.4504,-0.302808,-0.627787,0
5.45049,-0.307385,-0.644446,0
5.45058,-0.884704,-1.87584,0
5.45066,-0.867213,-1.85974,0
5.45075,-0.856578,-1.85806,0
5.45084,-0.851365,-1.86815,0
5.45092,-0.844849,-1.87549,0
5.45101,-0.832183,-1.86911,0
5.4511,-0.820395,-1.86449,0
5.45119,-0.811056,-1.8653,0
5.45127,-0.799356,-1.86055,0
5.45136,-0.79084,-1.8631,0
5.45145,-0.783863,-1.8693,0
5.45154,-0.775317,-1.87178,0
5.45162,-0.762977,-1.86496,0
5.45171,-0.754458,-1.86735,0
5.4518,-0.745191,-1.86784,0
5.45188,-0.736667,-1.87014,0
5.45197,-0.720889,-1.85376,0
5.45206,-0.716736,-1.86716,0
5.45215,-0.709999,-1.87401,0
5.45223,-0.700065,-1.87241,0
5.45232,-0.688081,-1.86512,0
5.45241,-0.678226,-1.86341,0
5.4525,-0.672454,-1.87294,0
5.45258,-0.6576,-1.857,0
5.45267,-0.652458,-1.86835,0
5.45276,-0.639741,-1.85794,0
5.45284,-0.635164,-1.87113,0
5.45293,-0.628898,-1.87958,0
5.45302,-0.617246,-1.87186,0
5.45311,-0.606291,-1.86597,0
5.45319,-0.598449,-1.86955,0
5.45328,-0.589383,-1.86929,0
5.45337,-0.582408,-1.87566,0
5.45346,-0.571879,-1.87053,0
5.45354,-0.564288,-1.87492,0
5.45363,-0.557806,-1.88312,0
5.45372,-0.555461,-1.9057,0
5.4538,-0.546313,-1.90522,0
5.45389,-0.537181,-1.9047,0
5.45398,-0.528865,-1.90702,0
5.45407,-0.517645,-1.8987,0
5.45415,-0.508579,-1.89804,0
5.45424,-0.500293,-1.90025,0
5.45433,-0.492498,-1.90435,0
5.45442,-0.484676,-1.90842,0
5.4545,-0.473925,-1.90081,0
5.45459,-0.465627,-1.90286,0
5.45468,-0.453351,-1.88834,0
5.45476,-0.446024,-1.8942,0
5.45485,-0.440004,-1.90587,0
5.45494,-0.431243,-1.90582,0
5.45503,-0.420326,-1.89597,0
5.45511,-0.409503,-1.88606,0
5.4552,-0.401477,-1.8888,0
5.45529,-0.393029,-1.88956,0
5.45538,-0.383783,-1.88636,0
5.45546,-0.376524,-1.89292,0
5.45555,-0.368071,-1.89356,0
5.45564,-0.359432,-1.89318,0
5.45572,-0.351715,-1.89768,0
5.45581,-0.342541,-1.89428,0
5.4559,-0.33462,-1.89772,0
5.45599,-0.325828,-1.89621,0
5.45607,-0.314416,-1.87887,0
5.45616,-0.307983,-1.89109,0
5.45625,-0.299103,-1.88846,0
5.45634,-0.28873,-1.87591,0
5.45642,-0.278769,-1.86528,0
5.45651,-0.270771,-1.86747,0
5.4566,-0.262202,-1.86566,0
5.45668,-0.253789,-1.86481,0
5.45677,-0.244998,-1.86094,0
5.45686,-0.238137,-1.87191,0
5.45695,-0.228627,-1.86202,0
5.45703,-0.222146,-1.8769,0
5.45712,-0.213954,-1.87785,0
5.45721,-0.205758,-1.87877,0
5.4573,-0.196409,-1.86871,0
5.45738,-0.188754,-1.87452,0
5.45747,-0.178561,-1.85442,0
5.45756,-0.172206,-1.8741,0
5.45764,-0.164376,-1.87882,0
5.45773,-0.156011,-1.87753,0
5.45782,-0.148288,-1.88417,0
5.45791,-0.144808,-1.94863,0
5.45799,-0.138048,-1.97418,0
5.45808,-0.131068,-1.99971,0
5.45817,-0.124783,-2.04019,0
5.45826,-0.12189,-2.14654,0
5.45834,-0.115034,-2.19499,0
5.45843,-0.104976,-2.18548,0
5.45852,-0.0946541,-2.16793,0
5.4586,-0.0845657,-2.15234,0
5.45869,-0.0751037,-2.15069,0
5.45878,-0.0644668,-2.11002,0
5.45887,-0.0561758,-2.14526,0
5.45895,-0.0476874,-2.18548,0
5.45904,-0.0365628,-2.09468,0
5.45913,-0.0263232,-2.01083,0
5.45922,-0.0176451,-2.02192,0
5.4593,-0.00919788,-2.10798,0
5.45939,-2.596e-08,-2.155,0
5.45948,0.0094509,-2.16598,0
5.45956,0.0190325,-2.18092,0
5.45965,0.02864,-2.18781,0
5.45974,0.0380637,-2.18067,0
5.45983,0.0477091,-2.18648,0
5.45991,0.0573537,-2.19025,0
5.46,0.0670625,-2.19498,0
5.46009,0.0764997,-2.19066,0
5.46018,0.0861753,-2.19331,0
5.46026,0.0954392,-2.18592,0
5.46035,0.104976,-2.18548,0
5.46044,0.11336,-2.16303,0
5.46052,0.119055,-2.09662,0
5.46061,0.122708,-2.00625,0
5.4607,0.13545,-2.06657,0
5.46079,0.154232,-2.20561,0
5.46087,0.164224,-2.20991,0
5.46096,0.174179,-2.21316,0
5.46105,0.183255,-2.2054,0
5.46114,0.193834,-2.21554,0
5.46122,0.202951,-2.2087,0
5.46131,0.212682,-2.20878,0
5.4614,0.223119,-2.21579,0
5.46148,0.232785,-2.2148,0
5.46157,0.242338,-2.21277,0
5.46166,0.253009,-2.22063,0
5.46175,0.261521,-2.20958,0
5.46183,0.271647,-2.21239,0
5.46192,0.281045,-2.2092,0
5.46201,0.291334,-2.2129,0
5.46209,0.300448,-2.20765,0
5.46218,0.310356,-2.2083,0
5.46227,0.320706,-2.21187,0
5.46236,0.33065,-2.21243,0
5.46244,0.3403,-2.21096,0
5.46253,0.349944,-2.20946,0
5.46262,0.360706,-2.21482,0
5.46271,0.369377,-2.20731,0
5.46279,0.379174,-2.20666,0
5.46288,0.391056,-2.21779,0
5.46297,0.400017,-2.21212,0
5.46305,0.410759,-2.21626,0
5.46314,0.420612,-2.21543,0
5.46323,0.429893,-2.21161,0
5.46332,0.440319,-2.21363,0
5.4634,0.450372,-2.21365,0
5.46349,0.459212,-2.20775,0
5.46358,0.470712,-2.21453,0
5.46367,0.479734,-2.20952,0
5.46375,0.490019,-2.21033,0
5.46384,0.501204,-2.215,0
5.46393,0.510414,-2.21085,0
5.46401,0.520285,-2.20957,0
5.4641,0.530388,-2.20922,0
5.46419,0.541686,-2.21369,0
5.46428,0.550614,-2.20839,0
5.46436,0.559506,-2.20306,0
5.46445,0.571868,-2.21125,0
5.46454,0.581002,-2.2068,0
5.46463,0.595025,-2.22066,0
5.46471,0.60392,-2.21515,0
5.4648,0.613045,-2.21057,0
5.46489,0.622684,-2.20787,0
5.46497,0.63369,-2.20994,0
5.46506,0.643607,-2.20811,0
5.46515,0.655507,-2.21296,0
5.46524,0.664004,-2.20624,0
5.46532,0.675379,-2.20906,0
5.46541,0.687383,-2.21374,0
5.4655,0.696735,-2.20976,0
5.46559,0.707895,-2.21146,0
5.46567,0.721246,-2.21977,0
5.46576,0.729358,-2.21185,0
5.46585,0.737416,-2.2039,0
5.46593,0.750561,-2.21108,0
5.46602,0.757597,-2.20022,0
5.46611,0.772795,-2.21294,0
5.4662,0.78478,-2.21615,0
5.46628,0.796132,-2.21741,0
5.46637,0.805457,-2.21298,0
5.46646,0.815798,-2.21132,0
5.46655,0.82789,-2.21429,0
5.46663,0.838253,-2.21253,0
5.46672,0.848257,-2.20978,0
5.46681,0.86079,-2.21352,0
5.46689,0.870807,-2.21067,0
5.46698,0.883779,-2.21521,0
5.46707,0.893437,-2.21133,0
5.46716,0.902698,-2.20649,0
5.46724,0.913465,-2.2053,0
5.46733,0.929653,-2.21697,0
5.46742,0.938536,-2.21105,0
5.46751,0.94778,-2.20602,0
5.46759,0.960188,-2.20828,0
5.46768,0.971828,-2.20865,0
5.46777,0.98593,-2.21443,0
5.46785,0.997225,-2.21376,0
5.46794,1.0077,-2.21121,0
5.46803,1.02153,-2.21587,0
5.46812,1.02823,-2.20505,0
5.4682,1.04211,-2.20958,0
5.46829,1.05346,-2.20863,0
5.46838,1.0696,-2.21752,0
5.46847,1.07664,-2.20744,0
5.46855,1.09157,-2.21348,0
5.46864,1.10211,-2.21049,0
5.46873,1.11399,-2.21012,0
5.46881,1.1268,-2.21148,0
5.4689,1.13965,-2.21276,0
5.46899,1.14791,-2.20511,0
5.46908,1.16543,-2.21512,0
5.46916,1.1718,-2.20384,0
5.46925,1.18803,-2.21104,0
5.46934,1.20339,-2.21638,0
5.46943,1.21594,-2.21637,0
5.46951,1.22511,-2.21016,0
5.4696,1.24159,-2.21701,0
5.46969,1.25273,-2.21418,0
5.46977,1.26287,-2.20957,0
5.46986,1.2775,-2.21269,0
5.46995,1.28765,-2.20796,0
5.47004,1.30184,-2.21008,0
5.47012,1.31658,-2.21297,0
5.47021,1.33137,-2.21578,0
5.4703,1.34207,-2.21166,0
5.47039,1.36006,-2.21942,0
5.47047,1.37131,-2.21602,0
5.47056,1.38733,-2.22019,0
5.47065,1.39647,-2.21327,0
5.47073,1.41149,-2.21559,0
5.47082,1.42384,-2.21361,0
5.47091,1.43839,-2.21493,0
5.471,1.45078,-2.21281,0
5.47108,1.4665,-2.21563,0
5.47117,1.47893,-2.21337,0
5.47126,1.4936,-2.21436,0
5.47135,1.51113,-2.21939,0
5.47143,1.52023,-2.21195,0
5.47152,1.54013,-2.22009,0
5.47161,1.55439,-2.2199,0
5.47169,1.57157,-2.22372,0
5.47178,1.58009,-2.21521,0
5.47187,1.59734,-2.21884,0
5.47196,1.60994,-2.2159,0
5.47204,1.62728,-2.21934,0
5.47213,1.63993,-2.21623,0
5.47222,1.65497,-2.21627,0
5.47231,1.66823,-2.21382,0
5.47239,1.68635,-2.21766,0
5.47248,1.69662,-2.21108,0
5.47257,1.72155,-2.22342,0
5.47265,1.73678,-2.22298,0
5.47274,1.74894,-2.21852,0
5.47283,1.76607,-2.22026,0
5.47292,1.78826,-2.22813,0
5.473,1.79734,-2.21953,0
5.47309,1.81523,-2.22173,0
5.47318,1.82554,-2.21456,0
5.47327,1.84286,-2.2158,0
5.47335,1.86216,-2.21923,0
5.47344,1.87764,-2.21795,0
5.47353,1.90093,-2.22571,0
5.47361,1.92238,-2.23103,0
5.4737,1.93209,-2.22262,0
5.47379,1.94639,-2.21943,0
5.47388,1.96732,-2.22365,0
5.47396,1.981,-2.21952,0
5.47405,1.98866,-2.20863,0
5.47414,1.98348,-2.18364,0
5.47422,1.98624,-2.1676,0
5.47431,1.98006,-2.14202,0
5.4744,1.98257,-2.12605,0
5.47449,1.98429,-2.10936,0
5.47457,1.98866,-2.09561,0
5.47466,1.98326,-2.07174,0
5.47475,1.98325,-2.05372,0
5.47484,1.97475,-2.02713,0
5.47492,1.97867,-2.01351,0
5.47501,1.97828,-1.99562,0
5.4751,1.98485,-1.98485,0
5.47518,1.97503,-1.95786,0
5.47527,1.9807,-1.94643,0
5.47536,1.97413,-1.92311,0
5.47545,1.97747,-1.90962,0
5.47553,1.97567,-1.89129,0
5.47562,1.97592,-1.87508,0
5.47571,1.97898,-1.86164,0
5.4758,1.97612,-1.84276,0
5.47588,1.97459,-1.8253,0
5.47597,1.97664,-1.81126,0
5.47606,1.97342,-1.79253,0
5.47614,1.97751,-1.78056,0
5.47623,1.96959,-1.75793,0
5.47632,1.97649,-1.74865,0
5.47641,1.97583,-1.73276,0
5.47649,1.97658,-1.71822,0
5.47658,1.97497,-1.70174,0
5.47667,1.96565,-1.67882,0
5.47676,1.97067,-1.66829,0
5.47684,1.97563,-1.65775,0
5.47693,1.97362,-1.64144,0
5.47702,1.97613,-1.629,0
5.4771,1.97702,-1.6153,0
5.47719,1.98017,-1.60351,0
5.47728,1.98403,-1.59235,0
5.47737,1.97374,-1.56998,0
5.47745,1.97586,-1.55764,0
5.47754,1.97318,-1.54162,0
5.47763,1.97435,-1.52871,0
5.47772,1.98021,-1.51947,0
5.4778,1.9717,-1.49931,0
5.47789,1.97662,-1.48949,0
5.47798,1.96788,-1.46949,0
5.47806,1.97508,-1.46148,0
5.47815,1.96611,-1.44161,0
5.47824,1.97077,-1.43184,0
5.47833,1.97212,-1.41973,0
5.47841,1.96853,-1.40414,0
5.4785,1.97301,-1.39438,0
5.47859,1.9717,-1.3806,0
5.47868,1.96949,-1.36628,0
5.47876,1.97625,-1.35824,0
5.47885,1.9772,-1.34623,0
5.47894,1.97228,-1.33032,0
5.47902,1.97141,-1.31726,0
5.47911,1.96714,-1.30202,0
5.4792,1.97364,-1.29397,0
5.47929,1.96584,-1.27663,0
5.47937,1.96887,-1.26642,0
5.47946,1.96004,-1.24868,0
5.47955,1.97393,-1.24546,0
5.47964,1.97002,-1.231,0
5.47972,1.97537,-1.22239,0
5.47981,1.97216,-1.20854,0
5.4799,1.9757,-1.19889,0
5.47998,1.96977,-1.18356,0
5.48007,1.97062,-1.1724,0
5.48016,1.97485,-1.16328,0
5.48025,1.97473,-1.15163,0
5.48033,1.97627,-1.141,0
5.48042,1.97255,-1.1274,0
5.48051,1.97136,-1.11534,0
5.4806,1.96922,-1.10282,0
5.48068,1.97402,-1.09422,0
5.48077,1.9779,-1.08511,0
5.48086,1.98525,-1.0779,0
5.48094,1.97672,-1.06213,0
5.48103,1.9778,-1.05162,0
5.48112,1.97441,-1.03879,0
5.48121,1.97537,-1.02831,0
5.48129,1.96739,-1.01328,0
5.48138,1.9718,-1.00468,0
5.48147,1.97259,-0.994268,0
5.48156,1.97691,-0.985651,0
5.48164,1.98837,-0.980554,0
5.48173,1.97825,-0.964855,0
5.48182,1.98244,-0.956214,0
5.4819,1.97486,-0.941958,0
5.48199,1.98347,-0.935465,0
5.48208,1.97303,-0.92004,0
5.48217,1.97794,-0.911841,0
5.48225,1.97644,-0.900714,0
5.48234,1.98035,-0.892081,0
5.48243,1.976,-0.879771,0
5.48252,1.97341,-0.868322,0
5.4826,1.9781,-0.860102,0
5.48269,1.9754,-0.848699,0
5.48278,1.96436,-0.83382,0
5.48286,1.97167,-0.826788,0
5.48295,1.97525,-0.818177,0
5.48304,1.98991,-0.814095,0
5.48313,1.9749,-0.797912,0
5.48321,1.97465,-0.787805,0
5.4833,1.97342,-0.777349,0
5.48339,1.97492,-0.768006,0
5.48348,1.97826,-0.759382,0
5.48356,1.97501,-0.748263,0
5.48365,1.98106,-0.740689,0
5.48374,1.97114,-0.727192,0
5.48382,1.97054,-0.717216,0
5.48391,1.98588,-0.713004,0
5.484,1.98238,-0.701996,0
5.48409,1.98353,-0.69268,0
5.48417,1.98275,-0.682716,0
5.48426,1.9753,-0.670523,0
5.48435,1.982,-0.663167,0
5.48444,1.97063,-0.649815,0
5.48452,1.9782,-0.642755,0
5.48461,1.97717,-0.632898,0
5.4847,1.98564,-0.62607,0
5.48478,1.98358,-0.615917,0
5.48487,1.96999,-0.602286,0
5.48496,1.97355,-0.593973,0
5.48505,1.97709,-0.58564,0
5.48513,1.98442,-0.578407,0
5.48522,1.98501,-0.569191,0
5.48531,1.98266,-0.559167,0
5.4854,1.97833,-0.54864,0
5.48548,1.97299,-0.537899,0
5.48557,1.98015,-0.530579,0
5.48566,1.97858,-0.520916,0
5.48574,1.97502,-0.510775,0
5.48583,1.97723,-0.502153,0
5.48592,1.98425,-0.49473,0
5.48601,1.9728,-0.48274,0
5.48609,1.97586,-0.474361,0
5.48618,1.97401,-0.464818,0
5.48627,1.98479,-0.458225,0
5.48636,1.9936,-0.451106,0
5.48644,1.97212,-0.437208,0
5.48653,1.96619,-0.426902,0
5.48662,1.97195,-0.41915,0
5.4867,1.9718,-0.410135,0
5.48679,1.97455,-0.401726,0
5.48688,1.97334,-0.392522,0
5.48697,1.96522,-0.382,0
5.48705,1.96392,-0.372862,0
5.48714,1.95864,-0.363013,0
5.48723,1.96611,-0.355531,0
5.48731,1.96469,-0.346428,0
5.4874,1.96027,-0.336836,0
5.48749,1.95383,-0.326959,0
5.48758,1.94734,-0.317145,0
5.48766,1.95957,-0.310366,0
5.48775,1.94707,-0.299683,0
5.48784,1.95133,-0.291628,0
5.48793,1.95456,-0.283398,0
5.48801,1.94984,-0.274032,0
5.4881,1.94012,-0.264038,0
5.48819,1.93728,-0.255048,0
5.48827,1.93243,-0.245836,0
5.48836,1.93944,-0.238133,0
5.48845,1.94343,-0.230021,0
5.48854,1.95634,-0.222897,0
5.48862,1.96326,-0.215012,0
5.48871,1.95026,-0.20498,0
5.4888,1.8795,-0.189255,0
5.48889,1.70611,-0.16428,0
5.48897,1.67694,-0.154089,0
5.48906,1.67361,-0.146422,0
5.48915,1.66327,-0.138207,0
5.48923,1.6509,-0.129928,0
5.48932,1.65344,-0.122872,0
5.48941,1.66094,-0.116145,0
5.4895,1.65445,-0.108438,0
5.48958,1.66489,-0.101829,0
5.48967,1.65134,-0.0937699,0
5.48976,1.65373,-0.0866684,0
5.48985,1.6501,-0.0792599,0
5.48993,1.65842,-0.0724082,0
5.49002,1.65572,-0.0650536,0
5.49011,1.66099,-0.058003,0
5.49019,1.65523,-0.0505718,0
5.49028,1.65543,-0.0433491,0
5.49037,1.6596,-0.0362127,0
5.49046,1.66275,-0.0290234,0
5.49054,1.66586,-0.0218073,0
5.49063,1.66994,-0.0145734,0
5.49072,1.68198,-0.00733913,0
5.49081,1.767,-4.27868e-08,0
5.49089,1.91798,0.00836878,0
5.49098,1.95393,0.0170516,0
5.49107,1.96083,0.0256686,0
5.49115,1.9697,0.0343812,0
5.49124,1.97753,0.0431498,0
5.49133,1.97932,0.0518303,0
5.49142,1.97708,0.0604051,0
5.4915,1.9768,0.0690312,0
5.49159,1.97747,0.0776951,0
5.49168,1.97712,0.0863227,0
5.49177,1.97073,0.0946608,0
5.49185,1.98528,0.104044,0
5.49194,1.97881,0.112365,0
5.49203,1.98329,0.121303,0
5.49211,1.97377,0.129367,0
5.4922,1.98116,0.138536,0
5.49229,1.97256,0.146587,0
5.49238,1.9739,0.155349,0
5.49246,1.97519,0.164126,0
5.49255,1.98442,0.173614,0
5.49264,1.98364,0.182271,0
5.49273,1.99079,0.191691,0
5.49281,1.977,0.199074,0
5.4929,1.97611,0.207698,0
5.49299,1.98016,0.216863,0
5.49307,1.9782,0.225388,0
5.49316,1.98812,0.23531,0
5.49325,1.98112,0.243251,0
5.49334,1.98004,0.251893,0
5.49342,1.97397,0.259878,0
5.49351,1.97777,0.269162,0
5.4936,1.98054,0.278346,0
5.49369,1.98524,0.287846,0
5.49377,1.99682,0.298427,0
5.49386,1.97573,0.304095,0
5.49395,1.97834,0.313338,0
5.49403,1.97991,0.32245,0
5.49412,1.99624,0.334056,0
5.49421,1.97801,0.339884,0
5.4943,1.98734,0.350422,0
5.49438,1.97989,0.358022,0
5.49447,1.97929,0.36684,0
5.49456,1.98946,0.377711,0
5.49465,1.97896,0.384671,0
5.49473,1.98217,0.394277,0
5.49482,1.98337,0.403521,0
5.49491,1.99432,0.414818,0
5.49499,1.9876,0.422477,0
5.49508,1.98378,0.430721,0
5.49517,1.97602,0.438074,0
5.49526,1.98287,0.448678,0
5.49534,1.97895,0.456876,0
5.49543,1.98667,0.467798,0
5.49552,1.97586,0.474361,0
5.49561,1.98445,0.485592,0
5.49569,1.98037,0.493763,0
5.49578,1.98014,0.502891,0
5.49587,1.98761,0.51403,0
5.49595,1.97954,0.52117,0
5.49604,1.98498,0.531873,0
5.49613,1.97588,0.538688,0
5.49622,1.98315,0.549977,0
5.4963,1.97977,0.558353,0
5.49639,1.97251,0.565608,0
5.49648,1.97482,0.575608,0
5.49657,1.97996,0.586492,0
5.49665,1.98217,0.596566,0
5.49674,1.98624,0.607256,0
5.49683,1.97976,0.614731,0
5.49691,1.98087,0.624566,0
5.497,1.97622,0.632593,0
5.49709,1.97915,0.643064,0
5.49718,1.98297,0.653886,0
5.49726,1.98294,0.663484,0
5.49735,1.99045,0.675666,0
5.49744,1.98275,0.682716,0
5.49753,1.9807,0.691691,0
5.49761,1.97578,0.699659,0
5.4977,1.98682,0.713342,0
5.49779,1.98369,0.722004,0
5.49787,1.98521,0.732384,0
5.49796,1.97638,0.738937,0
5.49805,1.98436,0.751806,0
5.49814,1.98199,0.760815,0
5.49822,1.98611,0.772355,0
5.49831,1.98551,0.782114,0
5.4984,1.98951,0.793734,0
5.49849,1.98417,0.801658,0
5.49857,1.98066,0.810308,0
5.49866,1.98265,0.821239,0
5.49875,1.98181,0.831042,0
5.49883,1.99013,0.844761,0
5.49892,1.98459,0.852647,0
5.49901,1.99185,0.866083,0
5.4991,1.98256,0.872349,0
5.49918,1.99336,0.887499,0
5.49927,1.98946,0.896188,0
5.49936,1.99373,0.908593,0
5.49944,1.99247,0.918539,0
5.49953,1.99297,0.929337,0
5.49962,1.99161,0.939304,0
5.49971,1.99832,0.953152,0
5.49979,1.98964,0.95969,0
5.49988,1.99263,0.971869,0
5.49997,1.98478,0.978785,0
5.50006,1.98586,0.990113,0
5.50014,1.98509,1.00057,0
5.50023,1.98071,1.00922,0
5.50032,1.99584,1.02793,0
5.5004,1.98957,1.0357,0
5.50049,1.99299,1.04856,0
5.50058,1.9937,1.06007,0
5.50067,1.99081,1.0697,0
5.50075,1.98613,1.07838,0
5.50084,1.99017,1.09184,0
5.50093,1.98889,1.10246,0
5.50102,1.98667,1.11259,0
5.5011,1.99398,1.12814,0
5.50119,1.99165,1.13832,0
5.50128,1.98926,1.1485,0
5.50136,1.98509,1.15767,0
5.50145,1.99467,1.17495,0
5.50154,1.9921,1.18518,0
5.50163,1.98691,1.19386,0
5.50171,1.98596,1.20511,0
5.5018,1.98324,1.21533,0
5.50189,1.99578,1.23502,0
5.50198,1.98613,1.24107,0
5.50206,1.99592,1.25933,0
5.50215,1.99378,1.27018,0
5.50224,1.99494,1.28319,0
5.50232,1.98597,1.28971,0
5.50241,1.99287,1.30658,0
5.5025,1.98965,1.31692,0
5.50259,1.99386,1.33226,0
5.50267,1.99218,1.34374,0
5.50276,1.99125,1.3558,0
5.50285,1.99026,1.36787,0
5.50294,1.99742,1.38566,0
5.50302,1.993,1.39551,0
5.50311,1.99587,1.41054,0
5.5032,1.99458,1.42272,0
5.50328,1.98917,1.432,0
5.50337,1.98695,1.4436,0
5.50346,1.98789,1.45758,0
5.50355,2.0008,1.48051,0
5.50363,1.99753,1.49162,0
5.50372,1.99898,1.50634,0
5.50381,1.99001,1.51323,0
5.5039,1.99132,1.52799,0
5.50398,2.00519,1.55258,0
5.50407,2.00076,1.56316,0
5.50416,2.00334,1.57931,0
5.50424,2.01209,1.60049,0
5.50433,2.00898,1.61238,0
5.50442,2.00426,1.62302,0
5.50451,1.99948,1.63365,0
5.50459,1.99774,1.64681,0
5.50468,1.99822,1.6619,0
5.50477,1.99555,1.67446,0
5.50486,2.00577,1.69801,0
5.50494,1.99531,1.70415,0
5.50503,1.9924,1.71676,0
5.50512,1.99998,1.73856,0
5.5052,2.00215,1.75584,0
5.50529,2.00271,1.77185,0
5.50538,2.00466,1.78922,0
5.50547,2.00129,1.80197,0
5.50555,2.00525,1.82144,0
5.50564,2.00023,1.83288,0
5.50573,2.00543,1.8538,0
5.50582,2.00318,1.86799,0
5.5059,2.00885,1.88973,0
5.50599,1.99913,1.89711,0
5.50608,2.00673,1.92102,0
5.50616,2.0048,1.93601,0
5.50625,2.00421,1.95242,0
5.50634,2.00209,1.96745,0
5.50643,1.99988,1.98251,0
5.50651,2.01172,2.01172,0
5.5066,2.00574,2.02332,0
5.50669,2.01161,2.04703,0
5.50678,2.01033,2.06367,0
5.50686,2.01312,2.08465,0
5.50695,2.0123,2.10208,0
5.50704,2.0038,2.11156,0
5.50712,2.00142,2.12757,0
5.50721,1.98598,2.1297,0
5.5073,1.97395,2.13541,0
5.50739,1.9457,2.12336,0
5.50747,1.93104,2.12591,0
5.50756,1.91505,2.12688,0
5.50765,1.90176,2.13074,0
5.50774,1.88184,2.12703,0
5.50782,1.86925,2.13147,0
5.50791,1.84287,2.11998,0
5.508,1.82316,2.11588,0
5.50808,1.81586,2.1261,0
5.50817,1.79881,2.12484,0
5.50826,1.78888,2.1319,0
5.50835,1.76485,2.122,0
5.50843,1.75748,2.132,0
5.50852,1.73551,2.12416,0
5.50861,1.73189,2.13871,0
5.5087,1.70815,2.1283,0
5.50878,1.69635,2.13261,0
5.50887,1.67713,2.12742,0
5.50896,1.65736,2.12132,0
5.50904,1.64809,2.12854,0
5.50913,1.63513,2.13095,0
5.50922,1.61916,2.12931,0
5.50931,1.60324,2.12756,0
5.50939,1.59035,2.12973,0
5.50948,1.57688,2.13102,0
5.50957,1.55751,2.12418,0
5.50966,1.5447,2.1261,0
5.50974,1.53599,2.13363,0
5.50983,1.51622,2.12566,0
5.50992,1.50115,2.12408,0
5.51,1.49073,2.12898,0
5.51009,1.47629,2.12807,0
5.51018,1.46473,2.13119,0
5.51027,1.45204,2.1326,0
5.51035,1.43936,2.13394,0
5.51044,1.41893,2.12357,0
5.51053,1.40744,2.12641,0
5.51062,1.3976,2.13169,0
5.5107,1.38284,2.12938,0
5.51079,1.36921,2.12867,0
5.51088,1.35453,2.12619,0
5.51096,1.34418,2.13039,0
5.51105,1.32692,2.12351,0
5.51114,1.32395,2.13949,0
5.51123,1.30416,2.12819,0
5.51131,1.29226,2.12959,0
5.5114,1.27935,2.1292,0
5.51149,1.26903,2.13305,0
5.51158,1.25514,2.13081,0
5.51166,1.2418,2.12935,0
5.51175,1.2285,2.12782,0
5.51184,1.21722,2.12969,0
5.51192,1.20595,2.1315,0
5.51201,1.19028,2.1254,0
5.5121,1.18294,2.13407,0
5.51219,1.17265,2.13746,0
5.51227,1.15902,2.13465,0
5.51236,1.14259,2.12647,0
5.51245,1.12908,2.12349,0
5.51253,1.11934,2.12751,0
5.51262,1.10635,2.12528,0
5.51271,1.09523,2.12653,0
5.5128,1.08549,2.1304,0
5.51288,1.07529,2.13333,0
5.51297,1.05749,2.12099,0
5.51306,1.04955,2.12828,0
5.51315,1.04332,2.13913,0
5.51323,1.02746,2.13015,0
5.51332,1.01601,2.1301,0
5.51341,1.005,2.1309,0
5.51349,0.994843,2.13345,0
5.51358,0.980083,2.12596,0
5.51367,0.974114,2.1375,0
5.51376,0.958618,2.12805,0
5.51384,0.950137,2.13404,0
5.51393,0.935178,2.12535,0
5.51402,0.927889,2.134,0
5.51411,0.911464,2.12149,0
5.51419,0.906106,2.13465,0
5.51428,0.892916,2.12936,0
5.51437,0.883999,2.13416,0
5.51445,0.872785,2.13337,0
5.51454,0.859348,2.12696,0
5.51463,0.852282,2.13626,0
5.51472,0.841487,2.13624,0
5.5148,0.83107,2.13709,0
5.51489,0.814929,2.12296,0
5.51498,0.809201,2.13585,0
5.51507,0.796021,2.12906,0
5.51515,0.784647,2.12688,0
5.51524,0.77707,2.13498,0
5.51533,0.767409,2.13741,0
5.51541,0.756073,2.13508,0
5.5155,0.743452,2.12892,0
5.51559,0.734482,2.13309,0
5.51568,0.726775,2.14101,0
5.51576,0.71457,2.13562,0
5.51585,0.703992,2.13492,0
5.51594,0.695288,2.13988,0
5.51603,0.682286,2.13146,0
5.51611,0.671777,2.1306,0
5.5162,0.663067,2.13542,0
5.51629,0.651697,2.1316,0
5.51637,0.639508,2.12485,0
5.51646,0.631934,2.13337,0
5.51655,0.623179,2.13803,0
5.51664,0.61605,2.14842,0
5.51672,0.604498,2.14339,0
5.51681,0.592735,2.13733,0
5.5169,0.58314,2.13893,0
5.51699,0.572767,2.13759,0
5.51707,0.562161,2.13524,0
5.51716,0.552839,2.13767,0
5.51725,0.543999,2.142,0
5.51733,0.533438,2.1395,0
5.51742,0.521721,2.1321,0
5.51751,0.511479,2.13046,0
5.5176,0.503095,2.13657,0
5.51768,0.493993,2.13972,0
5.51777,0.483327,2.136,0
5.51786,0.473354,2.13516,0
5.51795,0.46276,2.13134,0
5.51803,0.451584,2.12454,0
5.51812,0.445161,2.14019,0
5.51821,0.434622,2.13624,0
5.51829,0.425492,2.13909,0
5.51838,0.413674,2.12817,0
5.51847,0.406809,2.14272,0
5.51856,0.394358,2.12776,0
5.51864,0.386671,2.13832,0
5.51873,0.37508,2.12718,0
5.51882,0.366642,2.13373,0
5.51891,0.356173,2.1284,0
5.51899,0.346883,2.12994,0
5.51908,0.337742,2.13242,0
5.51917,0.327217,2.12597,0
5.51925,0.319268,2.13627,0
5.51934,0.308796,2.12973,0
5.51943,0.299083,2.12809,0
5.51952,0.28993,2.13036,0
5.5196,0.279326,2.12169,0
5.51969,0.271075,2.13083,0
5.51978,0.262019,2.13397,0
5.51987,0.252118,2.13013,0
5.51995,0.243613,2.13817,0
5.52004,0.233628,2.13324,0
5.52013,0.224736,2.13822,0
5.52021,0.214403,2.12923,0
5.5203,0.205493,2.13413,0
5.52039,0.19618,2.13501,0
5.52048,0.186775,2.13485,0
5.52056,0.177458,2.13564,0
5.52065,0.167981,2.1344,0
5.52074,0.15837,2.13112,0
5.52083,0.149139,2.13279,0
5.52091,0.140028,2.13642,0
5.521,0.130461,2.13301,0
5.52109,0.121039,2.13157,0
5.52117,0.111633,2.13008,0
5.52126,0.103009,2.14453,0
5.52135,0.092953,2.12897,0
5.52144,0.0839768,2.13735,0
5.52152,0.0746501,2.1377,0
5.52161,0.0652609,2.136,0
5.5217,0.0558093,2.13127,0
5.52179,0.0466185,2.13649,0
5.52187,0.0373657,2.14067,0
5.52196,0.0278809,2.12982,0
5.52205,0.0185701,2.12792,0
5.52213,0.00927211,2.12498,0
5.52222,7.76036e-08,2.133,0
5.52231,-0.00932868,2.13798,0
5.5224,-0.0186311,2.13492,0
5.52248,-0.0280117,2.13982,0
5.52257,-0.0373132,2.13767,0
5.52266,-0.0465093,2.13149,0
5.52275,-0.0558092,2.13127,0
5.52283,-0.0655356,2.145,0
5.52292,-0.0747895,2.14169,0
5.52301,-0.0842515,2.14435,0
5.52309,-0.0935635,2.14296,0
5.52318,-0.102433,2.13254,0
5.52327,-0.111999,2.13707,0
5.52336,-0.121493,2.13955,0
5.52344,-0.130644,2.13601,0
5.52353,-0.13957,2.12943,0
5.52362,-0.149279,2.13479,0
5.52371,-0.158592,2.13412,0
5.52379,-0.168059,2.1354,0
5.52388,-0.177044,2.13066,0
5.52397,-0.186775,2.13485,0
5.52405,-0.195813,2.13102,0
5.52414,-0.205014,2.12915,0
5.52423,-0.213701,2.12227,0
5.52432,-0.224109,2.13226,0
5.5244,-0.232757,2.12529,0
5.52449,-0.242255,2.12624,0
5.52458,-0.25294,2.13708,0
5.52466,-0.262019,2.13397,0
5.52475,-0.270571,2.12686,0
5.52484,-0.281545,2.13855,0
5.52493,-0.289929,2.13036,0
5.52501,-0.300057,2.13502,0
5.5251,-0.309514,2.13468,0
5.52519,-0.318825,2.13331,0
5.52528,-0.32813,2.1319,0
5.52536,-0.336803,2.12649,0
5.52545,-0.347043,2.13093,0
5.52554,-0.356173,2.1284,0
5.52562,-0.367319,2.13767,0
5.52571,-0.375775,2.13112,0
5.5258,-0.385782,2.1334,0
5.52589,-0.394175,2.12678,0
5.52597,-0.404384,2.12995,0
5.52606,-0.414437,2.13209,0
5.52615,-0.426077,2.14204,0
5.52624,-0.433825,2.13232,0
5.52632,-0.446179,2.14509,0
5.52641,-0.452832,2.13041,0
5.5265,-0.463184,2.1333,0
5.52658,-0.474219,2.13906,0
5.52667,-0.484872,2.14283,0
5.52676,-0.492868,2.13484,0
5.52685,-0.50149,2.12975,0
5.52693,-0.513813,2.14019,0
5.52702,-0.522909,2.13695,0
5.52711,-0.53247,2.13562,0
5.5272,-0.543506,2.14006,0
5.52728,-0.552338,2.13573,0
5.52737,-0.563434,2.14007,0
5.52746,-0.570955,2.13083,0
5.52754,-0.579984,2.12736,0
5.52763,-0.591666,2.13348,0
5.52772,-0.599883,2.12703,0
5.52781,-0.611639,2.13304,0
5.52789,-0.62206,2.13419,0
5.52798,-0.631934,2.13337,0
5.52807,-0.639796,2.12581,0
5.52816,-0.653158,2.13638,0
5.52824,-0.660695,2.12778,0
5.52833,-0.661252,2.09722,0
5.52842,-0.222246,0.694297,0
5.5285,-0.2296,0.706635,0
5.52859,-0.232368,0.704677,0
5.52868,-0.230998,0.69038,0
5.52877,-0.230472,0.678949,0
5.52885,-0.226595,0.658081,0
5.52894,-0.228476,0.654254,0
5.52903,-0.226655,0.640054,0
5.52912,-0.220997,0.615529,0
5.5292,-0.223681,0.614559,0
5.52929,-0.229476,0.622021,0
5.52938,-0.228685,0.611647,0
5.52946,-0.228163,0.602227,0
5.52955,-0.226489,0.590023,0
5.52964,-0.23341,0.600213,0
5.52973,-0.230896,0.586163,0
5.52981,-0.235675,0.590723,0
5.5299,-0.235253,0.582272,0
5.52999,-0.233248,0.570133,0
5.53008,-0.231906,0.559871,0
5.53016,-0.230093,0.54871,0
5.53025,-0.227406,0.535734,0
5.53034,-0.225004,0.523711,0
5.53042,-0.224496,0.516305,0
5.53051,-0.223927,0.508913,0
5.5306,-0.216791,0.48692,0
5.53069,-0.217681,0.483234,0
5.53077,-0.220202,0.483189,0
5.53086,-0.225239,0.488581,0
5.53095,-0.225678,0.483968,0
5.53104,-0.225228,0.477552,0
5.53112,-0.220852,0.463026,0
5.53121,-0.212444,0.440441,0
5.5313,-0.20998,0.430522,0
5.53138,-0.21451,0.434983,0
5.53147,-0.213283,0.427779,0
5.53156,-0.208846,0.414342,0
5.53165,-0.213376,0.418773,0
5.53173,-0.212911,0.413393,0
5.53182,-0.210096,0.40359,0
5.53191,-0.214648,0.407979,0
5.532,-0.210793,0.396443,0
5.53208,-0.216307,0.402567,0
5.53217,-0.209473,0.385801,0
5.53226,-0.219331,0.399787,0
5.53234,-0.222043,0.400576,0
5.53243,-0.228186,0.407456,0
5.53252,-0.229962,0.406456,0
5.53261,-0.232726,0.407185,0
5.53269,-0.2345,0.406166,0
5.53278,-0.237278,0.406867,0
5.53287,-0.233975,0.397211,0
5.53296,-0.231104,0.388452,0
5.53304,-0.232797,0.38744,0
5.53313,-0.239154,0.394114,0
5.53322,-0.246097,0.401594,0
5.5333,-0.246268,0.397965,0
5.53339,-0.243763,0.390102,0
5.53348,-0.240127,0.380578,0
5.53357,-0.235875,0.370249,0
5.53365,-0.228291,0.354918,0
5.53374,-0.229838,0.353919,0
5.53383,-0.228638,0.348731,0
5.53392,-0.211944,0.320212,0
5.534,-0.222228,0.332588,0
5.53409,-0.224236,0.332444,0
5.53418,-0.225122,0.330636,0
5.53426,-0.22373,0.32553,0
5.53435,-0.229709,0.331124,0
5.53444,-0.236313,0.337491,0
5.53453,-0.228549,0.32339,0
5.53461,-0.227055,0.318319,0
5.5347,-0.231363,0.321383,0
5.53479,-0.215129,0.2961,0
5.53488,-0.219376,0.299191,0
5.53496,-0.229007,0.309485,0
5.53505,-0.233945,0.31329,0
5.53514,-0.223875,0.297092,0
5.53522,-0.219722,0.288949,0
5.53531,-0.22585,0.294334,0
5.5354,-0.225296,0.290974,0
5.53549,-0.23703,0.303384,0
5.53557,-0.232779,0.295279,0
5.53566,-0.228463,0.287217,0
5.53575,-0.22721,0.283098,0
5.53584,-0.230961,0.285213,0
5.53592,-0.227774,0.278781,0
5.53601,-0.228352,0.277013,0
5.5361,-0.232756,0.279858,0
5.53618,-0.237189,0.28267,0
5.53627,-0.230666,0.272474,0
5.53636,-0.233152,0.272986,0
5.53645,-0.227813,0.26439,0
5.53653,-0.232901,0.267922,0
5.53662,-0.229452,0.26164,0
5.53671,-0.234567,0.26513,0
5.5368,-0.233059,0.26112,0
5.53688,-0.224159,0.248954,0
5.53697,-0.230622,0.253895,0
5.53706,-0.229025,0.249937,0
5.53714,-0.218574,0.236452,0
5.53723,-0.206645,0.2216,0
5.53732,-0.182944,0.194475,0
5.53741,-0.287732,0.303207,0
5.53749,-0.153516,0.160365,0
5.53758,-0.157687,0.16329,0
5.53767,-0.131185,0.134665,0
5.53775,-0.0988282,0.100568,0
5.53784,-0.094338,0.0951649,0
5.53793,-0.0890955,0.0890955,0
