7200
1299
1.11701
1.13272,-0.0289914,-0.0289914,0
1.13281,-0.046465,-0.0468722,0
1.13289,-0.06168,-0.062766,0
1.13298,-0.0495431,-0.0508574,0
1.13307,-0.0409848,-0.042441,0
1.13316,-0.0449483,-0.0469537,0
1.13324,-0.0578218,-0.0609314,0
1.13333,-0.0582406,-0.0619115,0
1.13342,-0.0545599,-0.0585083,0
1.1335,-0.0773833,-0.0837128,0
1.13359,-0.139847,-0.152616,0
1.13368,-0.183556,-0.20208,0
1.13377,-0.210776,-0.234091,0
1.13385,-0.241049,-0.270073,0
1.13394,-0.254446,-0.287599,0
1.13403,-0.257804,-0.293969,0
1.13411,-0.351648,-0.404524,0
1.1342,-0.281992,-0.327268,0
1.13429,-0.284458,-0.333058,0
1.13438,-0.279126,-0.329716,0
1.13446,-0.28604,-0.34089,0
1.13455,-0.301176,-0.362125,0
1.13464,-0.300865,-0.364978,0
1.13473,-0.300535,-0.367837,0
1.13481,-0.291375,-0.359819,0
1.1349,-0.291054,-0.362646,0
1.13499,-0.282622,-0.355304,0
1.13507,-0.282307,-0.358105,0
1.13516,-0.290592,-0.371941,0
1.13525,-0.294477,-0.380322,0
1.13534,-0.290988,-0.379223,0
1.13542,-0.303252,-0.398797,0
1.13551,-0.300908,-0.399318,0
1.1356,-0.302752,-0.405434,0
1.13569,-0.305739,-0.413182,0
1.13577,-0.306298,-0.417738,0
1.13586,-0.303885,-0.418262,0
1.13595,-0.300304,-0.417149,0
1.13603,-0.295578,-0.414385,0
1.13612,-0.292035,-0.413221,0
1.13621,-0.298833,-0.426778,0
1.1363,-0.302668,-0.436295,0
1.13638,-0.302461,-0.440083,0
1.13647,-0.298849,-0.438919,0
1.13656,-0.303642,-0.450167,0
1.13665,-0.300564,-0.449825,0
1.13673,-0.30191,-0.456136,0
1.13682,-0.304303,-0.464139,0
1.13691,-0.30173,-0.464624,0
1.13699,-0.298618,-0.464254,0
1.13708,-0.301962,-0.473986,0
1.13717,-0.305228,-0.483756,0
1.13726,-0.299934,-0.479995,0
1.13734,-0.307309,-0.496606,0
1.13743,-0.302004,-0.492826,0
1.13752,-0.301407,-0.496704,0
1.13761,-0.299237,-0.498014,0
1.13769,-0.299106,-0.502753,0
1.13778,-0.299955,-0.509223,0
1.13787,-0.302768,-0.519165,0
1.13795,-0.301,-0.521347,0
1.13804,-0.300707,-0.526128,0
1.13813,-0.296931,-0.524824,0
1.13822,-0.300013,-0.535713,0
1.1383,-0.299612,-0.540515,0
1.13839,-0.294365,-0.536557,0
1.13848,-0.292021,-0.537836,0
1.13857,-0.302925,-0.56377,0
1.13865,-0.296237,-0.55714,0
1.13874,-0.296131,-0.562852,0
1.13883,-0.30106,-0.578331,0
1.13891,-0.294871,-0.572527,0
1.139,-0.295094,-0.579154,0
1.13909,-0.297065,-0.589366,0
1.13918,-0.296722,-0.595131,0
1.13926,-0.298103,-0.604492,0
1.13935,-0.298092,-0.61118,0
1.13944,-0.298464,-0.61878,0
1.13953,-0.298344,-0.625492,0
1.13961,-0.292626,-0.620456,0
1.1397,-0.292029,-0.626259,0
1.13979,-0.287619,-0.623894,0
1.13987,-0.287382,-0.630603,0
1.13996,-0.281753,-0.625469,0
1.14005,-0.282682,-0.634914,0
1.14014,-0.284742,-0.647125,0
1.14022,-0.292283,-0.672205,0
1.14031,-0.298032,-0.693687,0
1.1404,-0.29383,-0.69222,0
1.14049,-0.297381,-0.709173,0
1.14057,-0.293518,-0.708616,0
1.14066,-0.296103,-0.723773,0
1.14075,-0.294066,-0.727839,0
1.14083,-0.294964,-0.739332,0
1.14092,-0.296133,-0.751777,0
1.14101,-0.2914,-0.749334,0
1.1411,-0.295295,-0.76927,0
1.14118,-0.288747,-0.762135,0
1.14127,-0.283668,-0.758704,0
1.14136,-0.283816,-0.769317,0
1.14145,-0.287981,-0.791221,0
1.14153,-0.29365,-0.817882,0
1.14162,-0.296754,-0.838008,0
1.14171,-0.288809,-0.827022,0
1.14179,-0.281291,-0.816928,0
1.14188,-0.287688,-0.847502,0
1.14197,-0.29192,-0.872458,0
1.14206,-0.291869,-0.88512,0
1.14214,-0.295729,-0.910161,0
1.14223,-0.296023,-0.924776,0
1.14232,-0.297999,-0.945134,0
1.14241,-0.296542,-0.95502,0
1.14249,-0.296757,-0.970649,0
1.14258,-0.297707,-0.989171,0
1.14267,-0.297932,-1.0058,0
1.14275,-0.297178,-1.01957,0
1.14284,-0.297137,-1.03624,0
1.14293,-0.300213,-1.06448,0
1.14302,-0.302781,-1.09179,0
1.1431,-0.308799,-1.13266,0
1.14319,-0.308253,-1.15042,0
1.14328,-0.301194,-1.14402,0
1.14337,-0.301207,-1.16468,0
1.14345,-0.299815,-1.18052,0
1.14354,-0.295871,-1.18667,0
1.14363,-0.293542,-1.19961,0
1.14371,-0.294608,-1.22713,0
1.1438,-0.294293,-1.24982,0
1.14389,-0.292886,-1.26863,0
1.14398,-0.293528,-1.29721,0
1.14406,-0.290895,-1.31214,0
1.14415,-0.288349,-1.32806,0
1.14424,-0.287542,-1.35278,0
1.14433,-0.275527,-1.32465,0
1.14441,-0.274131,-1.3474,0
1.1445,-0.27976,-1.40645,0
1.14459,-0.273811,-1.40863,0
1.14467,-0.267289,-1.40785,0
1.14476,-0.261144,-1.409,0
1.14485,-0.256417,-1.418,0
1.14494,-0.259257,-1.47032,0
1.14502,-0.257919,-1.501,0
1.14511,-0.256154,-1.53072,0
1.1452,-0.250598,-1.53873,0
1.14529,-0.242786,-1.53289,0
1.14537,-0.237617,-1.54382,0
1.14546,-0.230139,-1.5399,0
1.14555,-0.224279,-1.54683,0
1.14563,-0.216275,-1.53888,0
1.14572,-0.209424,-1.53881,0
1.14581,-0.202707,-1.53971,0
1.1459,-0.19523,-1.53463,0
1.14598,-0.18841,-1.53448,0
1.14607,-0.183006,-1.54621,0
1.14616,-0.175125,-1.53706,0
1.14624,-0.168417,-1.53781,0
1.14633,-0.162228,-1.5435,0
1.14642,-0.154991,-1.53922,0
1.14651,-0.148657,-1.54386,0
1.14659,-0.140455,-1.52856,0
1.14668,-0.133871,-1.53016,0
1.14677,-0.128436,-1.54567,0
1.14686,-0.121376,-1.54223,0
1.14694,-0.115535,-1.55471,0
1.14703,-0.110145,-1.57515,0
1.14712,-0.105495,-1.60955,0
1.1472,-0.0982271,-1.606,0
1.14729,-0.0908219,-1.59942,0
1.14738,-0.0839469,-1.6018,0
1.14747,-0.0766211,-1.59516,0
1.14755,-0.0700964,-1.60547,0
1.14764,-0.0634831,-1.61575,0
1.14773,-0.0561533,-1.60802,0
1.14782,-0.0488006,-1.59725,0
1.1479,-0.0420926,-1.60745,0
1.14799,-0.0351438,-1.61062,0
1.14808,-0.0278017,-1.59276,0
1.14816,-0.020891,-1.59586,0
1.14825,-0.014041,-1.60894,0
1.14834,-0.00693768,-1.58998,0
1.14843,-1.94068e-08,-1.611,0
1.14851,0.00706854,-1.61998,0
1.1486,0.0139014,-1.59294,0
1.14869,0.0209433,-1.59986,0
1.14878,0.0280635,-1.60776,0
1.14886,0.0347947,-1.59462,0
1.14895,0.0419878,-1.60345,0
1.14904,0.0487394,-1.59526,0
1.14912,0.055909,-1.60102,0
1.14921,0.0638364,-1.62475,0
1.1493,0.0699655,-1.60247,0
1.14939,0.0771008,-1.60515,0
1.14947,0.0834758,-1.59281,0
1.14956,0.0909352,-1.60142,0
1.14965,0.0977387,-1.59801,0
1.14974,0.104841,-1.59957,0
1.14982,0.11175,-1.5981,0
1.14991,0.119389,-1.60657,0
1.15,0.125691,-1.59706,0
1.15008,0.133652,-1.60846,0
1.15017,0.138926,-1.58793,0
1.15026,0.147135,-1.60125,0
1.15035,0.153737,-1.59662,0
1.15043,0.160301,-1.59195,0
1.15052,0.166932,-1.58825,0
1.15061,0.174078,-1.5895,0
1.1507,0.181578,-1.59369,0
1.15078,0.189235,-1.59884,0
1.15087,0.195844,-1.59502,0
1.15096,0.204064,-1.60407,0
1.15104,0.2108,-1.60118,0
1.15113,0.218054,-1.60223,0
1.15122,0.225878,-1.60721,0
1.15131,0.230449,-1.58938,0
1.15139,0.238417,-1.59528,0
1.15148,0.244767,-1.59027,0
1.15157,0.255301,-1.61191,0
1.15166,0.345114,-2.11908,0
1.15174,0.371027,-2.21717,0
1.15183,0.38002,-2.21159,0
1.15192,0.390708,-2.21582,0
1.152,0.396992,-2.19539,0
1.15209,0.409848,-2.21134,0
1.15218,0.415762,-2.18988,0
1.15227,0.429893,-2.21161,0
1.15235,0.437002,-2.19696,0
1.15244,0.442796,-2.17641,0
1.15253,0.458601,-2.20481,0
1.15262,0.474662,-2.23311,0
1.1527,0.481855,-2.21929,0
1.15279,0.48937,-2.20741,0
1.15288,0.500321,-2.2111,0
1.15296,0.514463,-2.22838,0
1.15305,0.519826,-2.20762,0
1.15314,0.522684,-2.17714,0
1.15323,0.536695,-2.19329,0
1.15331,0.543115,-2.17831,0
1.1534,0.563937,-2.22051,0
1.15349,0.572869,-2.21512,0
1.15358,0.58202,-2.21067,0
1.15366,0.587519,-2.19265,0
1.15375,0.600237,-2.20164,0
1.15384,0.601554,-2.16913,0
1.15392,0.621599,-2.20402,0
1.15401,0.635344,-2.21571,0
1.1541,0.635772,-2.18123,0
1.15419,0.657211,-2.21871,0
1.15427,0.656799,-2.18231,0
1.15462,0.706371,-2.2067,0
1.15471,0.715374,-2.2017,0
1.15488,0.740906,-2.21434,0
1.15497,1.42848,-4.20816,0
1.15523,0.759744,-2.14545,0
1.15532,0.795456,-2.21553,0
1.15541,2.12908,-5.84959,0
1.1555,2.16115,-5.85807,0
1.15558,2.18845,-5.85326,0
1.15567,2.21538,-5.8474,0
1.15576,2.24267,-5.84235,0
1.15584,2.26705,-5.82971,0
1.15593,2.29686,-5.83093,0
1.15602,2.33044,-5.84128,0
1.15611,2.37351,-5.87464,0
1.15619,2.36807,-5.78833,0
1.15628,2.41818,-5.83799,0
1.15637,2.44633,-5.83384,0
1.15646,2.47489,-5.83048,0
1.15654,2.51412,-5.85178,0
1.15663,0.963378,-2.21562,0
1.15672,2.57275,-5.84701,0
1.1568,1.86041,-4.17856,0
1.15689,1.87082,-4.15308,0
1.15698,1.87317,-4.1103,0
1.15707,1.8802,-4.07847,0
1.15715,1.86797,-4.00588,0
1.15724,1.8705,-3.96604,0
1.15733,1.87531,-3.93166,0
1.15742,1.88419,-3.90633,0
1.1575,1.86439,-3.82257,0
1.15759,1.87663,-3.80543,0
1.15768,1.87626,-3.7632,0
1.15776,1.87691,-3.72372,0
1.15785,1.87453,-3.67897,0
1.15794,1.87087,-3.63252,0
1.15803,1.87424,-3.60038,0
1.15811,1.87177,-3.55765,0
1.1582,1.86991,-3.51678,0
1.15829,1.86725,-3.47511,0
1.15838,1.86999,-3.44408,0
1.15846,1.86912,-3.40696,0
1.15855,1.87282,-3.37866,0
1.15864,1.87533,-3.34864,0
1.15872,1.87564,-3.31518,0
1.15881,1.87322,-3.27745,0
1.1589,1.8735,-3.245,0
1.15899,1.87605,-3.21692,0
1.15907,1.8647,-3.16563,0
1.15916,1.86264,-3.13082,0
1.15925,1.86804,-3.10895,0
1.15933,1.86447,-3.07255,0
1.15942,1.86741,-3.04734,0
1.15951,1.86227,-3.0094,0
1.1596,1.85896,-2.97495,0
1.15968,1.389,-2.20143,0
1.15977,1.40343,-2.20294,0
1.15986,1.40545,-2.18502,0
1.15995,1.41388,-2.17719,0
1.16003,1.43159,-2.18354,0
1.16012,1.44221,-2.17894,0
1.16021,1.4517,-2.17263,0
1.16029,1.46341,-2.16959,0
1.16038,1.48074,-2.17476,0
1.16047,1.48795,-2.16498,0
1.16056,1.53785,-2.2168,0
1.16064,1.72302,-2.46073,0
1.16073,1.66276,-2.35274,0
1.16082,1.87451,-2.62796,0
1.16091,1.88245,-2.61489,0
1.16099,1.66931,-2.29761,0
1.16108,1.82183,-2.48466,0
1.16117,1.82551,-2.46704,0
1.16125,1.83506,-2.45745,0
1.16134,1.85359,-2.4598,0
1.16143,1.85402,-2.43815,0
1.16152,1.88046,-2.45067,0
1.1616,1.88747,-2.4377,0
1.16169,1.92271,-2.46096,0
1.16178,1.93653,-2.45647,0
1.16187,1.95096,-2.45269,0
1.16195,1.96665,-2.4504,0
1.16204,1.97795,-2.44257,0
1.16213,2.00504,-2.45405,0
1.16221,2.01573,-2.44528,0
1.1623,2.03086,-2.44184,0
1.16239,2.05306,-2.44675,0
1.16248,2.07664,-2.45303,0
1.16256,2.08927,-2.44623,0
1.16265,2.1058,-2.4439,0
1.16274,2.12629,-2.44601,0
1.16283,2.15342,-2.45551,0
1.16291,2.15418,-2.43485,0
1.163,2.17943,-2.44185,0
1.16309,2.19609,-2.439,0
1.16317,2.22284,-2.44716,0
1.16326,2.24228,-2.44702,0
1.16335,2.26787,-2.45337,0
1.16344,2.28401,-2.4493,0
1.16352,2.28783,-2.43203,0
1.16361,2.2819,-2.40462,0
1.1637,2.28614,-2.38814,0
1.16379,2.29168,-2.3731,0
1.16387,2.29364,-2.35448,0
1.16396,2.28707,-2.32734,0
1.16405,2.34296,-2.3635,0
1.16413,2.04283,-2.04283,0
1.16422,2.01977,-2.00222,0
1.16431,2.02064,-1.98568,0
1.1644,2.01138,-1.9594,0
1.16448,2.02134,-1.95199,0
1.16457,2.01106,-1.92517,0
1.16466,2.01582,-1.91294,0
1.16475,2.01395,-1.89453,0
1.16483,2.00903,-1.87345,0
1.16492,2.01204,-1.85991,0
1.16501,2.01645,-1.84774,0
1.16509,2.00969,-1.82548,0
1.16518,2.01392,-1.81334,0
1.16527,2.01212,-1.79588,0
1.16536,2.02068,-1.78775,0
1.16544,2.01869,-1.77034,0
1.16553,2.0196,-1.75561,0
1.16562,2.00755,-1.72981,0
1.16571,2.01127,-1.71779,0
1.16579,2.01264,-1.70383,0
1.16588,2.00933,-1.68603,0
1.16597,2.00975,-1.67149,0
1.16605,2.00622,-1.6538,0
1.16614,2.01807,-1.64883,0
1.16623,2.0097,-1.62742,0
1.16632,2.01444,-1.61676,0
1.1664,2.00582,-1.5955,0
1.16649,2.00806,-1.58302,0
1.16658,2.01022,-1.57055,0
1.16667,2.00598,-1.5532,0
1.16675,2.01036,-1.5426,0
1.16684,2.00911,-1.52776,0
1.16693,2.00697,-1.51236,0
1.16701,2.00474,-1.49701,0
1.1671,2.00562,-1.48408,0
1.16719,2.00966,-1.47354,0
1.16728,2.00555,-1.45712,0
1.16736,2.00865,-1.44602,0
1.16745,2.00761,-1.43201,0
1.16754,2.0073,-1.41862,0
1.16763,2.00365,-1.40297,0
1.16771,2.00728,-1.3925,0
1.1678,2.00098,-1.37523,0
1.16789,1.99704,-1.35974,0
1.16797,1.99881,-1.34821,0
1.16806,1.99386,-1.33226,0
1.16815,2.00716,-1.32851,0
1.16824,2.00709,-1.3159,0
1.16832,2.00358,-1.30114,0
1.16841,2.00167,-1.28752,0
1.1685,2.00643,-1.27824,0
1.16859,1.9993,-1.26146,0
1.16867,2.00224,-1.25114,0
1.16876,1.99663,-1.23555,0
1.16885,2.00029,-1.22578,0
1.16893,1.99707,-1.21185,0
1.16902,2.00577,-1.20519,0
1.16911,1.99812,-1.18876,0
1.1692,2.00243,-1.17952,0
1.16928,2.00151,-1.16724,0
1.16937,2.00658,-1.1585,0
1.16946,1.99859,-1.14229,0
1.16955,1.9966,-1.12962,0
1.16963,1.99016,-1.11454,0
1.16972,2.00375,-1.1107,0
1.16981,2.00069,-1.09762,0
1.16989,2.00282,-1.08744,0
1.16998,1.99962,-1.07444,0
1.17007,2.00164,-1.06429,0
1.17016,2.00361,-1.05415,0
1.17024,2.00819,-1.0454,0
1.17033,2.00384,-1.03205,0
1.17042,2.00298,-1.02057,0
1.17051,2.00027,-1.00822,0
1.17059,2.00197,-0.998145,0
1.17068,1.99913,-0.985862,0
1.17077,1.99712,-0.974061,0
1.17085,1.99325,-0.961427,0
1.17094,1.99832,-0.953152,0
1.17103,2.00246,-0.944423,0
1.17112,1.99025,-0.92807,0
1.1712,1.99701,-0.920633,0
1.17129,2.00009,-0.911496,0
1.17138,1.99676,-0.899474,0
1.17146,1.99336,-0.887499,0
1.17155,1.99629,-0.878391,0
1.17164,1.99736,-0.868475,0
1.17173,1.99653,-0.857778,0
1.17181,1.99105,-0.845152,0
1.1719,1.99472,-0.836456,0
1.17199,1.99743,-0.827362,0
1.17208,2.00009,-0.81826,0
1.17216,1.99808,-0.807277,0
1.17225,1.9923,-0.794846,0
1.17234,1.99202,-0.784679,0
1.17242,1.98984,-0.773805,0
1.17251,1.98946,-0.763682,0
1.1726,1.98716,-0.752868,0
1.17269,1.97919,-0.739988,0
1.17277,1.99178,-0.734807,0
1.17286,1.99685,-0.726793,0
1.17295,1.99341,-0.715708,0
1.17304,2.00123,-0.708672,0
1.17312,1.99203,-0.695647,0
1.17321,1.99315,-0.686298,0
1.1733,1.99045,-0.675666,0
1.17338,1.98294,-0.663484,0
1.17347,1.99342,-0.657331,0
1.17356,1.98485,-0.644919,0
1.17365,1.99241,-0.637776,0
1.17373,1.99327,-0.628475,0
1.17382,1.99408,-0.619179,0
1.17391,1.98816,-0.607841,0
1.174,1.98888,-0.598584,0
1.17408,1.99434,-0.590752,0
1.17417,1.99402,-0.581205,0
1.17426,1.97924,-0.567537,0
1.17434,1.99709,-0.563239,0
1.17443,1.99086,-0.552115,0
1.17452,1.99132,-0.542896,0
1.17461,1.99174,-0.533685,0
1.17469,1.98341,-0.522189,0
1.17478,1.98858,-0.514281,0
1.17487,1.98498,-0.504122,0
1.17496,1.99202,-0.496666,0
1.17504,1.99514,-0.488207,0
1.17513,1.99822,-0.47973,0
1.17522,1.98569,-0.467569,0
1.1753,1.98479,-0.458225,0
1.17539,1.98677,-0.449561,0
1.17548,1.99164,-0.441537,0
1.17557,1.98867,-0.431782,0
1.17565,1.98368,-0.421645,0
1.17574,1.9904,-0.414004,0
1.17583,1.97749,-0.402325,0
1.17592,1.98217,-0.394278,0
1.176,1.98191,-0.385243,0
1.17609,1.98848,-0.377525,0
1.17618,1.97929,-0.36684,0
1.17626,1.98087,-0.3582,0
1.17635,1.9578,-0.345213,0
1.17644,1.87157,-0.321595,0
1.17653,1.77729,-0.297416,0
1.17661,1.73119,-0.281942,0
1.1767,1.71759,-0.27204,0
1.17679,1.69504,-0.260892,0
1.17688,1.69517,-0.253345,0
1.17696,1.68637,-0.244511,0
1.17705,1.69732,-0.238543,0
1.17714,1.69339,-0.23046,0
1.17722,1.6914,-0.222678,0
1.17731,1.68046,-0.213781,0
1.1774,1.68832,-0.2073,0
1.17749,1.69219,-0.200284,0
1.17757,1.69205,-0.192785,0
1.17766,1.69487,-0.185618,0
1.17775,1.68074,-0.176653,0
1.17784,1.69742,-0.170921,0
1.17792,1.69815,-0.163513,0
1.17801,1.69287,-0.155553,0
1.1781,1.68656,-0.147555,0
1.17818,1.69117,-0.140526,0
1.17827,1.69476,-0.133381,0
1.17836,1.69034,-0.125614,0
1.17845,1.69287,-0.118377,0
1.17853,1.68838,-0.110662,0
1.17862,1.69184,-0.103477,0
1.17871,1.69028,-0.0959809,0
1.1788,1.69368,-0.0887618,0
1.17888,1.67607,-0.0805073,0
1.17897,1.6844,-0.0735423,0
1.17906,1.69269,-0.0665062,0
1.17914,1.69097,-0.05905,0
1.17923,1.68421,-0.0514574,0
1.17932,1.68342,-0.044082,0
1.17941,1.7006,-0.0371072,0
1.17949,1.68274,-0.0293724,0
1.17958,1.68886,-0.0221084,0
1.17967,1.68594,-0.014713,0
1.17976,1.68898,-0.00736967,0
1.17984,1.687,-4.08497e-08,0
1.17993,1.68898,0.00736959,0
1.18002,1.69294,0.014774,0
1.1801,1.68786,0.0220952,0
1.18019,1.67574,0.0292502,0
1.18028,1.6676,0.0363872,0
1.18037,1.66243,0.0435322,0
1.18045,1.64923,0.0503885,0
1.18054,1.647,0.0575143,0
1.18063,1.64973,0.0648179,0
1.18072,1.65143,0.0721028,0
1.1808,1.64111,0.078828,0
1.18089,1.64674,0.086302,0
1.18098,1.64535,0.0934297,0
1.18106,1.65291,0.101096,0
1.18115,1.64048,0.107523,0
1.18124,1.64598,0.115098,0
1.18133,1.65045,0.12265,0
1.18141,1.64691,0.129614,0
1.1815,1.64134,0.136385,0
1.18159,1.64472,0.143894,0
1.18168,1.64507,0.151161,0
1.18176,1.64937,0.158816,0
1.18185,1.63573,0.164709,0
1.18194,1.64693,0.173099,0
1.18202,1.65312,0.181046,0
1.18211,1.66125,0.189276,0
1.1822,1.66339,0.196875,0
1.18229,1.66847,0.204862,0
1.18237,1.66855,0.212267,0
1.18246,1.73305,0.22816,0
1.18255,1.91039,0.259993,0
1.18264,1.832,0.25747,0
1.18272,1.74476,0.252977,0
1.18281,1.76144,0.263249,0
1.1829,1.88085,0.289491,0
1.18298,1.96056,0.310522,0
1.18307,1.96708,0.32036,0
1.18316,1.97158,0.32993,0
1.18325,1.9721,0.338868,0
1.18333,1.97749,0.348685,0
1.18342,1.97792,0.357666,0
1.18351,1.96749,0.364653,0
1.1836,1.96981,0.373981,0
1.18368,1.97307,0.383526,0
1.18377,1.98119,0.394082,0
1.18386,1.97749,0.402324,0
1.18394,1.98159,0.412171,0
1.18403,1.98368,0.421645,0
1.18412,1.98085,0.430084,0
1.18421,1.97895,0.438723,0
1.18429,1.97117,0.446029,0
1.18438,1.97895,0.456876,0
1.18447,1.9672,0.463214,0
1.18455,1.97488,0.474127,0
1.18464,1.96891,0.481789,0
1.18473,1.96291,0.489408,0
1.18482,1.95785,0.49723,0
1.1849,1.97502,0.510775,0
1.18499,1.96891,0.518369,0
1.18508,1.96759,0.527214,0
1.18517,1.96431,0.535532,0
1.18525,1.96292,0.544365,0
1.18534,1.97111,0.55591,0
1.18543,1.97059,0.565057,0
1.18551,1.96522,0.57281,0
1.1856,1.96462,0.581947,0
1.18569,1.9726,0.593684,0
1.18578,1.96329,0.600239,0
1.18586,1.97212,0.612358,0
1.18595,1.96943,0.620957,0
1.18604,1.97527,0.632288,0
1.18613,1.96203,0.637502,0
1.18621,1.96303,0.647309,0
1.1863,1.96113,0.656186,0
1.18639,1.97435,0.670201,0
1.18647,1.97992,0.68174,0
1.18656,1.97126,0.688394,0
1.18665,1.97201,0.698324,0
1.18674,1.96988,0.70726,0
1.18682,1.96678,0.715848,0
1.18691,1.9702,0.726846,0
1.187,1.96233,0.733684,0
1.18709,1.96659,0.745074,0
1.18717,1.97172,0.756873,0
1.18726,1.96281,0.763294,0
1.18735,1.98272,0.781014,0
1.18743,1.97093,0.786323,0
1.18752,1.97397,0.797537,0
1.18761,1.9751,0.808036,0
1.1877,1.96417,0.813585,0
1.18778,1.96613,0.824468,0
1.18787,1.96528,0.834211,0
1.18796,1.97448,0.848304,0
1.18805,1.96709,0.855317,0
1.18813,1.97524,0.869127,0
1.18822,1.97417,0.878958,0
1.18831,1.96485,0.885099,0
1.18839,1.96461,0.895323,0
1.18848,1.9625,0.904724,0
1.18857,1.97303,0.92004,0
1.18866,1.96538,0.926934,0
1.18874,1.95951,0.93464,0
1.18883,1.96803,0.949263,0
1.18892,1.96566,0.958718,0
1.18901,1.95877,0.965958,0
1.18909,1.95722,0.975835,0
1.18918,1.95562,0.985716,0
1.18927,1.96556,1.0015,0
1.18935,1.95406,1.00641,0
1.18944,1.96562,1.02323,0
1.18953,1.96379,1.0332,0
1.18962,1.96897,1.04692,0
1.1897,1.96439,1.0555,0
1.18979,1.95976,1.06406,0
1.18988,1.95773,1.07405,0
1.18997,1.96789,1.09082,0
1.19005,1.96748,1.10184,0
1.19014,1.96787,1.11337,0
1.19023,1.963,1.12195,0
1.19031,1.95982,1.1315,0
1.1904,1.96177,1.14407,0
1.19049,1.96365,1.15668,0
1.19058,1.96202,1.16728,0
1.19066,1.96206,1.17892,0
1.19075,1.96202,1.19058,0
1.19084,1.95425,1.19757,0
1.19093,1.95411,1.20924,0
1.19101,1.96069,1.22517,0
1.1911,1.96801,1.24172,0
1.19119,1.95835,1.24761,0
1.19127,1.95878,1.25993,0
1.19136,1.96081,1.27337,0
1.19145,1.9636,1.28739,0
1.19154,1.96297,1.29926,0
1.19162,1.95645,1.30726,0
1.19171,1.96067,1.32249,0
1.1918,1.95984,1.33441,0
1.19189,1.96224,1.34861,0
1.19197,1.95223,1.35431,0
1.19206,1.96269,1.37429,0
1.19215,1.96321,1.38746,0
1.19223,1.96365,1.40066,0
1.19232,1.95508,1.40746,0
1.19241,1.95701,1.42185,0
1.1925,1.95885,1.43629,0
1.19258,1.96221,1.45196,0
1.19267,1.95185,1.45752,0
1.19276,1.95905,1.47625,0
1.19285,1.95657,1.48781,0
1.19293,1.96434,1.50729,0
1.19302,1.96091,1.5183,0
1.19311,1.95584,1.52807,0
1.19319,1.95387,1.54031,0
1.19328,1.962,1.56064,0
1.19337,1.95595,1.56982,0
1.19346,1.95685,1.58463,0
1.19354,1.95302,1.59568,0
1.19363,1.95607,1.61246,0
1.19372,1.95747,1.62801,0
1.19381,1.94958,1.63589,0
1.19389,1.95006,1.65085,0
1.19398,1.9512,1.66648,0
1.19407,1.95452,1.68412,0
1.19415,1.95923,1.70313,0
1.19424,1.94952,1.70968,0
1.19433,1.95103,1.72613,0
1.19442,1.95765,1.74727,0
1.1945,1.95224,1.75781,0
1.19459,1.95936,1.77975,0
1.19468,1.95084,1.78761,0
1.19477,1.95477,1.80697,0
1.19485,1.95418,1.8223,0
1.19494,1.95495,1.83903,0
1.19503,1.95126,1.85167,0
1.19511,1.95327,1.86985,0
1.1952,1.95589,1.88878,0
1.19529,1.95049,1.90008,0
1.19538,1.94717,1.91348,0
1.19546,1.94875,1.93182,0
1.19555,1.95586,1.95586,0
1.19564,1.95082,1.96792,0
1.19573,1.95764,1.99211,0
1.19581,1.958,2.00994,0
1.1959,1.94852,2.01775,0
1.19599,1.95422,2.0414,0
1.19607,1.94942,2.05426,0
1.19616,1.95688,2.08023,0
1.19625,1.94642,2.08728,0
1.19634,1.95291,2.11265,0
1.19642,1.94705,2.12483,0
1.19651,1.9539,2.15107,0
1.1966,1.95654,2.17296,0
1.19668,1.95037,2.1852,0
1.19677,1.95009,2.20418,0
1.19686,1.95298,2.22695,0
1.19695,1.94915,2.24224,0
1.19703,1.94457,2.25679,0
1.19712,1.94899,2.28198,0
1.19721,1.94936,2.30267,0
1.1973,1.95343,2.32801,0
1.19738,1.94645,2.34035,0
1.19747,1.95976,2.37738,0
1.19756,1.95569,2.39365,0
1.19764,1.95845,2.41848,0
1.19773,1.95914,2.44104,0
1.19782,1.96154,2.466,0
1.19791,1.95819,2.48396,0
1.19799,1.95411,2.50115,0
1.19808,1.95787,2.52863,0
1.19817,1.95291,2.54508,0
1.19826,1.95268,2.5679,0
1.19834,1.95951,2.60036,0
1.19843,1.95293,2.61529,0
1.19852,1.94804,2.63263,0
1.1986,1.94482,2.6524,0
1.19869,1.95086,2.68513,0
1.19878,1.94672,2.70416,0
1.19887,1.94768,2.73054,0
1.19895,1.94498,2.75208,0
1.19904,1.95073,2.78594,0
1.19913,1.95395,2.81661,0
1.19922,1.95184,2.83994,0
1.1993,1.95124,2.86579,0
1.19939,1.9527,2.895,0
1.19948,1.94838,2.91596,0
1.19956,1.94944,2.94528,0
1.19965,1.95028,2.97467,0
1.19974,1.94382,2.99322,0
1.19983,1.93344,3.00587,0
1.19991,1.91117,2.99994,0
1.2,1.89433,3.00233,0
1.20009,1.87168,2.99531,0
1.20018,1.85227,2.99324,0
1.20026,1.83345,2.99191,0
1.20035,1.81623,2.99305,0
1.20044,1.79491,2.98723,0
1.20052,1.78032,2.99245,0
1.20061,1.76319,2.9933,0
1.2007,1.74255,2.98801,0
1.20079,1.733,3.00164,0
1.20087,1.71195,2.99529,0
1.20096,1.69492,2.99576,0
1.20105,1.67695,2.99441,0
1.20114,1.66096,2.99645,0
1.20122,1.64161,2.99227,0
1.20131,1.62377,2.99061,0
1.2014,1.60787,2.99239,0
1.20148,1.58963,2.98966,0
1.20157,1.57564,2.9948,0
1.20166,1.55563,2.98834,0
1.20175,1.5412,2.99243,0
1.20183,1.52268,2.98844,0
1.20192,1.50153,2.97898,0
1.20201,1.48762,2.98371,0
1.2021,1.47724,2.99555,0
1.20218,1.45539,2.984,0
1.20227,1.4441,2.99392,0
1.20236,1.42757,2.99297,0
1.20244,1.40981,2.98922,0
1.20253,1.39337,2.9881,0
1.20262,1.37655,2.98597,0
1.20271,1.36393,2.99286,0
1.20279,1.34634,2.98876,0
1.20288,1.33125,2.99003,0
1.20297,1.31094,2.97934,0
1.20306,1.29633,2.98136,0
1.20314,1.28292,2.98607,0
1.20323,1.26558,2.98152,0
1.20332,1.25178,2.98516,0
1.2034,1.23951,2.99245,0
1.20349,1.22341,2.99042,0
1.20358,1.20698,2.98739,0
1.20367,1.19171,2.98705,0
1.20375,1.17574,2.98478,0
1.20384,1.15835,2.9787,0
1.20393,1.14678,2.98746,0
1.20402,1.13125,2.98589,0
1.2041,1.11646,2.98611,0
1.20419,1.10411,2.99283,0
1.20428,1.08797,2.98916,0
1.20436,1.07289,2.98823,0
1.20445,1.05616,2.98252,0
1.20454,1.04281,2.98615,0
1.20463,1.02684,2.98217,0
1.20471,1.01125,2.97904,0
1.2048,0.997606,2.98153,0
1.20489,0.983021,2.98111,0
1.20498,0.96815,2.97966,0
1.20506,0.954835,2.9829,0
1.20515,0.942111,2.988,0
1.20524,0.925803,2.98157,0
1.20532,0.910738,2.97889,0
1.20541,0.898884,2.98667,0
1.2055,0.88272,2.98001,0
1.20559,0.865791,2.97039,0
1.20567,0.851719,2.9703,0
1.20576,0.837665,2.97014,0
1.20585,0.821491,2.9622,0
1.20594,0.807769,2.96286,0
1.20602,0.793539,2.96153,0
1.20611,0.780355,2.964,0
1.2062,0.767164,2.9664,0
1.20628,0.753475,2.96682,0
1.20637,0.739313,2.96522,0
1.20646,0.724229,2.95968,0
1.20655,0.710141,2.95795,0
1.20663,0.698603,2.96686,0
1.20672,0.683851,2.96209,0
1.20681,0.668493,2.95431,0
1.2069,0.654297,2.95134,0
1.20698,0.640352,2.94928,0
1.20707,0.629349,2.96085,0
1.20716,0.616016,2.96161,0
1.20724,0.601892,2.95839,0
1.20733,0.587807,2.95511,0
1.20742,0.575862,2.96255,0
1.20751,0.561624,2.95816,0
1.20759,0.546707,2.94976,0
1.20768,0.535254,2.95999,0
1.20777,0.522334,2.9623,0
1.20786,0.507202,2.95174,0
1.20794,0.494483,2.95491,0
1.20803,0.48046,2.95013,0
1.20812,0.468834,2.9601,0
1.2082,0.45348,2.94631,0
1.20829,0.441655,2.95518,0
1.20838,0.428756,2.95708,0
1.20847,0.413344,2.9411,0
1.20855,0.400507,2.94287,0
1.20864,0.387532,2.9436,0
1.20873,0.374937,2.94725,0
1.20882,0.362318,2.95084,0
1.2089,0.349321,2.9514,0
1.20899,0.335761,2.94693,0
1.20908,0.322682,2.94638,0
1.20916,0.309613,2.94577,0
1.20925,0.296457,2.94411,0
1.20934,0.283416,2.94339,0
1.20943,0.27057,2.9446,0
1.20951,0.256935,2.93678,0
1.2096,0.245112,2.94983,0
1.20969,0.231298,2.93891,0
1.20977,0.218768,2.94388,0
1.20986,0.205154,2.93384,0
1.20995,0.192547,2.9377,0
1.21004,0.179361,2.93252,0
1.21012,0.16628,2.92828,0
1.21021,0.154129,2.94096,0
1.2103,0.141248,2.94061,0
1.21039,0.128546,2.9442,0
1.21047,0.115463,2.93873,0
1.21056,0.103058,2.9512,0
1.21065,0.0897528,2.93763,0
1.21073,0.0769865,2.93999,0
1.21082,0.0639613,2.9313,0
1.21091,0.0513276,2.94055,0
1.211,0.038405,2.93375,0
1.21108,0.0257172,2.94689,0
1.21117,0.0128151,2.93697,0
1.21126,1.07182e-07,2.946,0
1.21135,-0.0128891,2.95397,0
1.21143,-0.0259613,2.97489,0
1.21152,-0.0388629,2.96875,0
1.21161,-0.0515892,2.95555,0
1.21169,-0.0647247,2.96629,0
1.21178,-0.0776669,2.96598,0
1.21187,-0.0904855,2.96162,0
1.21196,-0.103337,2.9592,0
1.21204,-0.116445,2.96371,0
1.21213,-0.129419,2.96418,0
1.21222,-0.142495,2.96658,0
1.21231,-0.155281,2.96293,0
1.21239,-0.168094,2.96023,0
1.21248,-0.181558,2.96845,0
1.21257,-0.194182,2.96264,0
1.21265,-0.207107,2.96177,0
1.21274,-0.220102,2.96183,0
1.21283,-0.233337,2.96483,0
1.21292,-0.245775,2.95781,0
1.213,-0.25894,2.95969,0
1.21309,-0.272949,2.97049,0
1.21318,-0.285524,2.96529,0
1.21327,-0.29856,2.96501,0
1.21335,-0.310136,2.95075,0
1.21344,-0.324314,2.96129,0
1.21353,-0.337798,2.96482,0
1.21361,-0.350379,2.96034,0
1.2137,-0.363049,2.95679,0
1.21379,-0.376325,2.95816,0
1.21388,-0.390143,2.96343,0
1.21396,-0.403069,2.9617,0
1.21405,-0.416545,2.96387,0
1.21414,-0.428756,2.95708,0
1.21423,-0.443724,2.96903,0
1.21431,-0.455914,2.96212,0
1.2144,-0.468208,2.95615,0
1.21449,-0.482228,2.96099,0
1.21457,-0.494813,2.95688,0
1.21466,-0.508048,2.95667,0
1.21475,-0.521292,2.95639,0
1.21484,-0.534186,2.95409,0
1.21492,-0.547435,2.9537,0
1.21501,-0.556028,2.92868,0
1.2151,-0.5543,2.85163,0
1.21519,-0.574736,2.88939,0
1.21527,-0.500015,2.45765,0
1.21536,-0.496478,2.38691,0
1.21545,-0.507928,2.38961,0
1.21553,-0.52323,2.40985,0
1.21562,-0.552137,2.49053,0
1.21571,-0.544902,2.40812,0
1.2158,-0.554504,2.40182,0
1.21588,-0.565896,2.40327,0
1.21597,-0.57591,2.39884,0
1.21606,-0.588748,2.40601,0
1.21615,-0.597789,2.3976,0
1.21623,-0.608983,2.39788,0
1.21632,-0.622695,2.40778,0
1.21641,-0.631413,2.39827,0
1.21649,-0.642648,2.39839,0
1.21658,-0.654159,2.39943,0
1.21667,-0.667294,2.40619,0
1.21676,-0.678601,2.40614,0
1.21684,-0.690196,2.407,0
1.21693,-0.698733,2.39724,0
1.21702,-0.712026,2.40376,0
1.21711,-0.72222,2.39967,0
1.21719,-0.735315,2.40511,0
1.21728,-0.746988,2.4057,0
1.21737,-0.761387,2.41481,0
1.21745,-0.771611,2.41051,0
1.21754,-0.785521,2.41759,0
1.21763,-0.795749,2.41319,0
1.21772,-0.805636,2.40779,0
1.2178,-0.813563,2.39668,0
1.21789,-0.828245,2.4054,0
1.21798,-0.84203,2.4112,0
1.21807,-0.850206,2.40091,0
1.21815,-0.851888,2.3727,0
1.21824,-0.865653,2.37836,0
1.21833,-0.879829,2.38488,0
1.21841,-0.900733,2.40912,0
1.2185,-0.914071,2.41265,0
1.21859,-0.925306,2.4105,0
1.21868,-0.93799,2.41204,0
1.21876,-0.947772,2.40606,0
1.21885,-0.960485,2.40747,0
1.21894,-0.973602,2.40975,0
1.21903,-0.988273,2.41566,0
1.21911,-0.995742,2.40393,0
1.2192,-1.0128,2.41524,0
1.21929,-1.02567,2.41633,0
1.21937,-1.03502,2.40907,0
1.21946,-1.04991,2.41462,0
1.21955,-1.06003,2.4091,0
1.21964,-1.06972,2.40262,0
1.21972,-1.08512,2.40888,0
1.21981,-1.09603,2.40503,0
1.2199,-1.11238,2.41294,0
1.21999,-1.12036,2.40262,0
1.22007,-1.12486,2.38505,0
1.22016,-1.1288,2.36658,0
1.22025,-1.12434,2.33101,0
1.22033,-1.12881,2.31439,0
1.22042,-1.12518,2.28164,0
1.22051,-1.12442,2.25523,0
1.2206,-1.1221,2.2262,0
1.22068,-1.12226,2.20257,0
1.22077,-1.12088,2.17631,0
1.22086,-1.11651,2.14479,0
1.22095,-1.11794,2.12486,0
1.22103,-1.11499,2.097,0
1.22112,-1.11798,2.08066,0
1.22121,-1.11321,2.05028,0
1.22129,-1.11253,2.02787,0
1.22138,-1.11652,2.01425,0
1.22147,-1.11894,1.99802,0
1.22156,-1.12026,1.98006,0
1.22164,-1.11748,1.95518,0
1.22173,-1.1135,1.92864,0
1.22182,-1.11485,1.91167,0
1.2219,-1.11405,1.89128,0
1.22199,-1.11718,1.8778,0
1.22208,-1.11145,1.84977,0
1.22217,-1.11017,1.82951,0
1.22225,-1.10822,1.80845,0
1.22234,-1.11189,1.79679,0
1.22243,-1.10912,1.77496,0
1.22252,-1.10992,1.75911,0
1.2226,-1.10415,1.73317,0
1.22269,-1.10359,1.71572,0
1.22278,-1.11052,1.71005,0
1.22286,-1.10481,1.68512,0
1.22295,-1.10884,1.67528,0
1.22304,-1.11447,1.66793,0
1.22313,-1.11391,1.65144,0
1.22321,-1.10985,1.63004,0
1.2233,-1.10846,1.61282,0
1.22339,-1.11035,1.60057,0
1.22348,-1.11216,1.58834,0
1.22356,-1.10985,1.5704,0
1.22365,-1.11205,1.55903,0
1.22374,-1.10774,1.53874,0
1.22382,-1.10739,1.52419,0
1.22391,-1.10752,1.51047,0
1.224,-1.10756,1.49678,0
1.22409,-1.10271,1.47671,0
1.22417,-1.10313,1.4639,0
1.22426,-1.10406,1.45191,0
1.22435,-1.09516,1.42724,0
1.22444,-1.09771,1.41771,0
1.22452,-1.10696,1.41684,0
1.22461,-1.10137,1.39708,0
1.2247,-1.09874,1.3813,0
1.22478,-1.1035,1.37494,0
1.22487,-1.10383,1.36311,0
1.22496,-1.10154,1.34822,0
1.22505,-1.10105,1.33568,0
1.22513,-1.10495,1.32856,0
1.22522,-1.1011,1.31223,0
1.22531,-1.10358,1.3036,0
1.2254,-1.10471,1.29345,0
1.22548,-1.10186,1.27877,0
1.22557,-1.10349,1.26942,0
1.22566,-1.1044,1.25933,0
1.22574,-1.09995,1.24327,0
1.22583,-1.10203,1.23472,0
1.22592,-1.1034,1.22545,0
1.22601,-1.11075,1.22284,0
1.22609,-1.11472,1.21651,0
1.22618,-1.11255,1.20355,0
1.22627,-1.10416,1.18406,0
1.22636,-0.0198703,0.0211228,0
1.22644,-1.1055,1.16495,0
1.22653,-1.10158,1.15073,0
1.22662,-0.0201451,0.0208609,0
1.2267,-1.11018,1.13964,0
1.22679,-1.11024,1.12979,0
1.22688,-1.1222,1.13204,0
1.22697,-1.13632,1.13632,0
