7200
6054
5.27089
5.2866,-0.0431335,-0.0431335,0
5.28669,-0.049985,-0.0504232,0
5.28678,-0.0434564,-0.0442215,0
5.28686,-0.0837349,-0.0859562,0
5.28695,-0.105588,-0.10934,0
5.28704,-0.11894,-0.124247,0
5.28713,-0.149373,-0.157406,0
5.28721,-0.145944,-0.155143,0
5.2873,-0.156178,-0.16748,0
5.28739,-0.150015,-0.162285,0
5.28747,-0.144576,-0.157777,0
5.28756,-0.195659,-0.215403,0
5.28765,-0.332558,-0.369343,0
5.28774,-0.346258,-0.38795,0
5.28782,-0.285589,-0.3228,0
5.28791,-0.363959,-0.415016,0
5.288,-0.283418,-0.326035,0
5.28809,-0.293742,-0.340904,0
5.28817,-0.300045,-0.351308,0
5.28826,-0.303678,-0.358719,0
5.28835,-0.311752,-0.371532,0
5.28843,-0.306291,-0.368275,0
5.28852,-0.300865,-0.364978,0
5.28861,-0.310026,-0.379452,0
5.2887,-0.319065,-0.394013,0
5.28878,-0.358654,-0.446874,0
5.28887,-0.410237,-0.515739,0
5.28896,-0.484751,-0.614903,0
5.28905,-0.497454,-0.636713,0
5.28913,-0.503243,-0.649947,0
5.28922,-0.499184,-0.65055,0
5.28931,-0.496341,-0.652722,0
5.28939,-0.497099,-0.659673,0
5.28948,-0.501396,-0.671451,0
5.28957,-0.516901,-0.698552,0
5.28966,-0.524492,-0.715316,0
5.28974,-0.523717,-0.720834,0
5.28983,-0.526409,-0.731228,0
5.28992,-0.526698,-0.738403,0
5.29001,-0.525779,-0.74396,0
5.29009,-0.515072,-0.735599,0
5.29018,-0.509007,-0.733731,0
5.29027,-0.506367,-0.736769,0
5.29035,-0.513841,-0.754676,0
5.29044,-0.516694,-0.766031,0
5.29053,-0.498347,-0.745828,0
5.29062,-0.477426,-0.721311,0
5.2907,-0.469339,-0.715861,0
5.29079,-0.468934,-0.722095,0
5.29088,-0.458746,-0.713201,0
5.29097,-0.458854,-0.720256,0
5.29105,-0.461043,-0.730709,0
5.29114,-0.468449,-0.749674,0
5.29123,-0.464647,-0.750861,0
5.29131,-0.458754,-0.748618,0
5.2914,-0.46534,-0.766856,0
5.29149,-0.458899,-0.763736,0
5.29158,-0.449427,-0.755418,0
5.29166,-0.442066,-0.750479,0
5.29175,-0.425185,-0.729077,0
5.29184,-0.4165,-0.721399,0
5.29193,-0.412356,-0.721473,0
5.29201,-0.414621,-0.73284,0
5.2921,-0.412396,-0.736387,0
5.29219,-0.411603,-0.742552,0
5.29227,-0.414612,-0.755738,0
5.29236,-0.412265,-0.759298,0
5.29245,-0.411788,-0.766375,0
5.29254,-0.405154,-0.761984,0
5.29262,-0.407413,-0.774364,0
5.29271,-0.400798,-0.769925,0
5.2928,-0.39835,-0.773445,0
5.29289,-0.397242,-0.779631,0
5.29297,-0.391586,-0.776892,0
5.29306,-0.393546,-0.789332,0
5.29315,-0.387003,-0.784764,0
5.29323,-0.389712,-0.799028,0
5.29332,-0.389263,-0.807026,0
5.29341,-0.384016,-0.805106,0
5.2935,-0.39415,-0.835717,0
5.29358,-0.40022,-0.858274,0
5.29367,-0.396889,-0.86092,0
5.29376,-0.401423,-0.880843,0
5.29385,-0.400862,-0.88988,0
5.29393,-0.396568,-0.890707,0
5.29402,-1.06285,-2.41551,0
5.29411,-1.04791,-2.41003,0
5.29419,-1.04212,-2.42561,0
5.29428,-1.0245,-2.41356,0
5.29437,-1.0128,-2.41524,0
5.29446,-0.999187,-2.41225,0
5.29454,-0.98638,-2.41103,0
5.29463,-0.976599,-2.41717,0
5.29472,-0.97086,-2.43348,0
5.29481,-0.956202,-2.42746,0
5.29489,-0.941976,-2.42229,0
5.29498,-0.930682,-2.42451,0
5.29507,-0.921157,-2.43135,0
5.29515,-0.325343,-0.870169,0
5.29524,-0.318428,-0.863136,0
5.29533,-0.313974,-0.862638,0
5.29542,-0.872839,-2.43106,0
5.2955,-0.861222,-2.43201,0
5.29559,-0.848953,-2.43103,0
5.29568,-0.836385,-2.42904,0
5.29576,-0.822564,-2.42319,0
5.29585,-0.813569,-2.4315,0
5.29594,-0.801073,-2.42933,0
5.29603,-0.789229,-2.429,0
5.29611,-0.777709,-2.42956,0
5.2962,-0.764394,-2.42435,0
5.29629,-0.75114,-2.41907,0
5.29638,-0.743209,-2.43093,0
5.29646,-0.729713,-2.42457,0
5.29655,-0.719695,-2.42965,0
5.29664,-0.707967,-2.42893,0
5.29672,-0.695709,-2.42622,0
5.29681,-0.686744,-2.43501,0
5.2969,-0.673975,-2.43028,0
5.29699,-0.662313,-2.42933,0
5.29707,-0.651706,-2.4322,0
5.29716,-0.63956,-2.42922,0
5.29725,-0.628955,-2.43199,0
5.29734,-0.61686,-2.42889,0
5.29742,-0.604805,-2.42574,0
5.29751,-0.593977,-2.42738,0
5.2976,-0.582213,-2.42509,0
5.29768,-0.184048,-0.781624,0
5.29777,-0.184685,-0.799958,0
5.29786,-0.179427,-0.792953,0
5.29795,-0.173801,-0.783966,0
5.29803,-0.167833,-0.77299,0
5.29812,-0.164874,-0.775671,0
5.29821,-0.161284,-0.775404,0
5.2983,-0.156304,-0.768261,0
5.29838,-0.153146,-0.769916,0
5.29847,-0.151502,-0.779412,0
5.29856,-0.153696,-0.809539,0
5.29864,-0.146153,-0.78857,0
5.29873,-0.146092,-0.807897,0
5.29882,-0.14326,-0.812466,0
5.29891,-0.144116,-0.838708,0
5.29899,-0.143922,-0.860041,0
5.29908,-0.143061,-0.878427,0
5.29917,-0.139696,-0.882006,0
5.29926,-0.374224,-2.43137,0
5.29934,-0.36169,-2.42012,0
5.29943,-0.350696,-2.41871,0
5.29952,-0.341252,-2.42814,0
5.2996,-0.331733,-2.43753,0
5.29969,-0.320311,-2.43301,0
5.29978,-0.309188,-2.43041,0
5.29987,-0.298092,-2.42777,0
5.29995,-0.286791,-2.42309,0
5.30004,-0.276895,-2.43028,0
5.30013,-0.264873,-2.41854,0
5.30022,-0.254945,-2.42564,0
5.3003,-0.24506,-2.43369,0
5.30039,-0.234343,-2.43374,0
5.30048,-0.223081,-2.42777,0
5.30056,-0.211527,-2.41776,0
5.30065,-0.202052,-2.43162,0
5.30074,-0.191362,-2.43148,0
5.30083,-0.179194,-2.41135,0
5.30091,-0.16888,-2.4151,0
5.301,-0.159191,-2.42879,0
5.30109,-0.148226,-2.42347,0
5.30118,-0.137197,-2.41611,0
5.30126,-0.127333,-2.42967,0
5.30135,-0.116491,-2.4252,0
5.30144,-0.105995,-2.42769,0
5.30152,-0.095048,-2.41913,0
5.30161,-0.0847011,-2.42552,0
5.3017,-0.0739643,-2.42087,0
5.30179,-0.0634791,-2.42417,0
5.30187,-0.0529884,-2.42842,0
5.30196,-0.0422698,-2.42163,0
5.30205,-0.0316769,-2.41979,0
5.30214,-0.0211793,-2.42691,0
5.30222,-0.0105592,-2.41998,0
5.30231,-2.92487e-08,-2.428,0
5.3024,0.0105679,-2.42198,0
5.30248,0.0211444,-2.42291,0
5.30257,0.0316506,-2.41779,0
5.30266,0.0421824,-2.41663,0
5.30275,0.0527047,-2.41543,0
5.30283,0.0633482,-2.41917,0
5.30292,0.0737199,-2.41287,0
5.30301,0.0847011,-2.42552,0
5.3031,0.095048,-2.41913,0
5.30318,0.106213,-2.43268,0
5.30327,0.116395,-2.42321,0
5.30336,0.127124,-2.42567,0
5.30344,0.137537,-2.4221,0
5.30353,0.148348,-2.42547,0
5.30362,0.158406,-2.41681,0
5.30371,0.169787,-2.42807,0
5.30379,0.179713,-2.41833,0
5.30388,0.190185,-2.41653,0
5.30397,0.202218,-2.43361,0
5.30406,0.212399,-2.42773,0
5.30414,0.222623,-2.42279,0
5.30423,0.233959,-2.42976,0
5.30432,0.244659,-2.42971,0
5.3044,0.254422,-2.42067,0
5.30449,0.2652,-2.42152,0
5.30458,0.276782,-2.42928,0
5.30467,0.286439,-2.42011,0
5.30475,0.297117,-2.41983,0
5.30484,0.30843,-2.42446,0
5.30493,0.317962,-2.41516,0
5.30502,0.329576,-2.42168,0
5.3051,0.340835,-2.42517,0
5.30519,0.350983,-2.42069,0
5.30528,0.361394,-2.41814,0
5.30536,0.373615,-2.42742,0
5.30545,0.382639,-2.41589,0
5.30554,0.394141,-2.42011,0
5.30563,0.405192,-2.42133,0
5.30571,0.415414,-2.41757,0
5.3058,0.426654,-2.41967,0
5.30589,0.438631,-2.42566,0
5.30598,0.450122,-2.42864,0
5.30606,0.459409,-2.41978,0
5.30615,0.471107,-2.42364,0
5.30624,0.481678,-2.42156,0
5.30632,0.494831,-2.43217,0
5.30641,0.504217,-2.42412,0
5.3065,0.516453,-2.42972,0
5.30659,0.524927,-2.41767,0
5.30667,0.538069,-2.42707,0
5.30676,0.547992,-2.42178,0
5.30685,0.560353,-2.42716,0
5.30694,0.569334,-2.41787,0
5.30702,0.581046,-2.42023,0
5.30711,0.593026,-2.4235,0
5.3072,0.603111,-2.41895,0
5.30728,0.61686,-2.42889,0
5.30737,0.62595,-2.42037,0
5.30746,0.635741,-2.41471,0
5.30755,0.648601,-2.42061,0
5.30763,0.662839,-2.43126,0
5.30772,0.669432,-2.41389,0
5.30781,0.683216,-2.4225,0
5.3079,0.695709,-2.42622,0
5.30798,0.707967,-2.42893,0
5.30807,0.715719,-2.41623,0
5.30816,0.728272,-2.41978,0
5.30824,0.736777,-2.40989,0
5.30833,0.75025,-2.4162,0
5.30842,0.762289,-2.41767,0
5.30851,0.776794,-2.4267,0
5.30859,0.78583,-2.41854,0
5.30868,0.798881,-2.42268,0
5.30877,0.812617,-2.42866,0
5.30885,0.822564,-2.42319,0
5.30894,0.834431,-2.42336,0
5.30903,0.847635,-2.42725,0
5.30912,0.858885,-2.42542,0
5.3092,0.872839,-2.43106,0
5.30929,0.883096,-2.42629,0
5.30938,0.896789,-2.43085,0
5.30947,0.91124,-2.43722,0
5.30955,0.917968,-2.42294,0
5.30964,0.93319,-2.43104,0
5.30973,0.938352,-2.41297,0
5.30981,0.956202,-2.42746,0
5.3099,0.968266,-2.42698,0
5.30999,0.982218,-2.43108,0
5.31008,0.992438,-2.42584,0
5.31016,1.00493,-2.42611,0
5.31025,1.01937,-2.43092,0
5.31034,1.02997,-2.42645,0
5.31043,1.04449,-2.43112,0
5.31051,1.05509,-2.42654,0
5.3106,1.06647,-2.42374,0
5.31069,1.08192,-2.43003,0
5.31077,1.09333,-2.42711,0
5.31086,1.10225,-2.41868,0
5.31095,1.11322,-2.41475,0
5.31104,1.13177,-2.42709,0
5.31112,1.1415,-2.42032,0
5.31121,1.15894,-2.42976,0
5.3113,1.16822,-2.42198,0
5.31139,1.18229,-2.42405,0
5.31147,1.1986,-2.43053,0
5.31156,1.20384,-2.41453,0
5.31165,1.22202,-2.42444,0
5.31173,1.23712,-2.42799,0
5.31182,1.25091,-2.42879,0
5.31191,1.26473,-2.42952,0
5.312,1.27625,-2.42575,0
5.31208,1.28964,-2.42546,0
5.31217,1.30542,-2.4295,0
5.31226,1.31553,-2.4229,0
5.31235,1.33234,-2.42853,0
5.31243,1.34195,-2.42095,0
5.31252,1.36423,-2.43601,0
5.31261,1.37731,-2.43438,0
5.31269,1.38643,-2.42575,0
5.31278,1.4065,-2.43613,0
5.31287,1.4151,-2.42651,0
5.31296,1.42771,-2.42376,0
5.31304,1.44082,-2.42181,0
5.31313,1.46219,-2.4335,0
5.31322,1.47332,-2.42795,0
5.31331,1.49121,-2.43344,0
5.31339,1.50339,-2.42946,0
5.31348,1.51928,-2.43135,0
5.31357,1.53414,-2.43147,0
5.31365,1.54635,-2.42728,0
5.31374,1.56233,-2.42892,0
5.31383,1.58272,-2.43718,0
5.31392,1.5906,-2.42607,0
5.314,1.6089,-2.43078,0
5.31409,1.6206,-2.4254,0
5.31418,1.63732,-2.42742,0
5.31427,1.6569,-2.43348,0
5.31435,1.6709,-2.43117,0
5.31444,1.68719,-2.43208,0
5.31453,1.70008,-2.42797,0
5.31461,1.72047,-2.43441,0
5.3147,1.72933,-2.42444,0
5.31479,1.751,-2.43229,0
5.31488,1.75983,-2.4222,0
5.31496,1.78398,-2.43304,0
5.31505,1.79577,-2.42684,0
5.31514,1.81711,-2.43341,0
5.31523,1.83253,-2.43185,0
5.31531,1.85523,-2.43975,0
5.3154,1.86524,-2.43083,0
5.31549,1.88502,-2.43453,0
5.31557,1.89932,-2.43101,0
5.31566,1.91671,-2.43134,0
5.31575,1.92917,-2.4253,0
5.31584,1.95726,-2.4387,0
5.31592,1.96977,-2.43247,0
5.31601,1.98163,-2.4254,0
5.3161,1.97757,-2.39898,0
5.31619,1.98162,-2.38264,0
5.31627,1.983,-2.36325,0
5.31636,1.97972,-2.33854,0
5.31645,1.97887,-2.31696,0
5.31653,1.98635,-2.30527,0
5.31662,1.97736,-2.27469,0
5.31671,1.98529,-2.26379,0
5.3168,1.97461,-2.23189,0
5.31688,1.97833,-2.21654,0
5.31697,1.97728,-2.19599,0
5.31706,1.9734,-2.17254,0
5.31715,1.97948,-2.16022,0
5.31723,1.97599,-2.13761,0
5.31732,1.97575,-2.11873,0
5.31741,1.98018,-2.10499,0
5.31749,1.98521,-2.09198,0
5.31758,1.97842,-2.06668,0
5.31767,1.98186,-2.05228,0
5.31776,1.97824,-2.03072,0
5.31784,1.98217,-2.01707,0
5.31793,1.97828,-1.99562,0
5.31802,1.98343,-1.98343,0
5.31811,1.97787,-1.96068,0
5.31819,1.98355,-1.94923,0
5.31828,1.98057,-1.92939,0
5.31837,1.98178,-1.91378,0
5.31845,1.98217,-1.89751,0
5.31854,1.98898,-1.88747,0
5.31863,1.9819,-1.86438,0
5.31872,1.9827,-1.8489,0
5.3188,1.97312,-1.82394,0
5.31889,1.98475,-1.81869,0
5.31898,1.98526,-1.80329,0
5.31907,1.98197,-1.78457,0
5.31915,1.98078,-1.76792,0
5.31924,1.98099,-1.75263,0
5.31933,1.97959,-1.73606,0
5.31941,1.97432,-1.71625,0
5.3195,1.97573,-1.7024,0
5.31959,1.97477,-1.68662,0
5.31968,1.98059,-1.67669,0
5.31976,1.97486,-1.65711,0
5.31985,1.97439,-1.64208,0
5.31994,1.96919,-1.62327,0
5.32003,1.97702,-1.6153,0
5.32011,1.97162,-1.59659,0
5.3202,1.97233,-1.58296,0
5.32029,1.9753,-1.57123,0
5.32037,1.97664,-1.55826,0
5.32046,1.9716,-1.54039,0
5.32055,1.97593,-1.52993,0
5.32064,1.98259,-1.52129,0
5.32072,1.98204,-1.50718,0
5.32081,1.98301,-1.49431,0
5.3209,1.97349,-1.47367,0
5.32098,1.97427,-1.46088,0
5.32107,1.97579,-1.44871,0
5.32116,1.97886,-1.43772,0
5.32125,1.97212,-1.41973,0
5.32133,1.97667,-1.40995,0
5.32142,1.97056,-1.39265,0
5.32151,1.97334,-1.38175,0
5.3216,1.97113,-1.36742,0
5.32168,1.96884,-1.35314,0
5.32177,1.97142,-1.34229,0
5.32186,1.97311,-1.33088,0
5.32194,1.97225,-1.31781,0
5.32203,1.96964,-1.30368,0
5.32212,1.9728,-1.29342,0
5.32221,1.97507,-1.28262,0
5.32229,1.97224,-1.26859,0
5.32238,1.97775,-1.25997,0
5.32247,1.97308,-1.24492,0
5.32256,1.97256,-1.23259,0
5.32264,1.97877,-1.2245,0
5.32273,1.97386,-1.20958,0
5.32282,1.98254,-1.20304,0
5.3229,1.97063,-1.18407,0
5.32299,1.97578,-1.17546,0
5.32308,1.9783,-1.16531,0
5.32317,1.97991,-1.15465,0
5.32325,1.97367,-1.1395,0
5.32334,1.96734,-1.12443,0
5.32343,1.97919,-1.11977,0
5.32352,1.9701,-1.10331,0
5.3236,1.97139,-1.09276,0
5.32369,1.9665,-1.07886,0
5.32378,1.9791,-1.07456,0
5.32386,1.98024,-1.06402,0
5.32395,1.98751,-1.05678,0
5.32404,1.97972,-1.04158,0
5.32413,1.97537,-1.02831,0
5.32421,1.97629,-1.01785,0
5.3243,1.97803,-1.00786,0
5.32439,1.97706,-0.996518,0
5.32448,1.96886,-0.981635,0
5.32456,1.97581,-0.974362,0
5.32465,1.97285,-0.962225,0
5.32474,1.97883,-0.954476,0
5.32482,1.98027,-0.944541,0
5.32491,1.97714,-0.932479,0
5.325,1.97394,-0.920463,0
5.32509,1.9734,-0.909748,0
5.32517,1.97462,-0.899884,0
5.32526,1.96849,-0.886742,0
5.32535,1.98148,-0.882212,0
5.32544,1.97158,-0.867516,0
5.32552,1.9781,-0.860102,0
5.32561,1.98275,-0.851857,0
5.3257,1.9754,-0.838509,0
5.32578,1.96982,-0.826015,0
5.32587,1.97895,-0.819708,0
5.32596,1.98066,-0.810308,0
5.32605,1.97676,-0.798661,0
5.32613,1.98208,-0.79077,0
5.32622,1.97621,-0.778449,0
5.32631,1.97399,-0.767644,0
5.3264,1.96519,-0.754365,0
5.32648,1.96285,-0.743657,0
5.32657,1.98387,-0.741739,0
5.32666,1.96833,-0.726154,0
5.32674,1.96114,-0.713796,0
5.32683,1.96706,-0.706246,0
5.32692,1.9786,-0.700661,0
5.32701,1.98259,-0.69235,0
5.32709,1.98464,-0.683368,0
5.32718,1.98003,-0.67213,0
5.32727,1.97536,-0.660946,0
5.32736,1.97727,-0.652007,0
5.32744,1.9782,-0.642755,0
5.32753,1.98098,-0.634118,0
5.32762,1.97992,-0.624265,0
5.3277,1.98358,-0.615917,0
5.32779,1.97764,-0.604625,0
5.32788,1.97834,-0.595414,0
5.32797,1.98188,-0.58706,0
5.32805,1.98634,-0.578966,0
5.32814,1.97732,-0.566986,0
5.32823,1.97303,-0.556453,0
5.32832,1.97159,-0.54677,0
5.3284,1.98553,-0.541318,0
5.32849,1.98305,-0.531356,0
5.32858,1.97858,-0.520916,0
5.32866,1.98277,-0.512778,0
5.32875,1.9782,-0.502399,0
5.32884,1.97746,-0.493037,0
5.32893,1.98154,-0.484879,0
5.32901,1.98461,-0.476462,0
5.3291,1.98569,-0.467569,0
5.32919,1.98382,-0.458,0
5.32928,1.98385,-0.448899,0
5.32936,1.9809,-0.439156,0
5.32945,1.98182,-0.430296,0
5.32954,1.97879,-0.420605,0
5.32962,1.98061,-0.411967,0
5.32971,1.98631,-0.404119,0
5.3298,1.98119,-0.394082,0
5.32989,1.98092,-0.385053,0
5.32997,1.98357,-0.376592,0
5.33006,1.99601,-0.369938,0
5.33015,1.98481,-0.358912,0
5.33024,1.98833,-0.350596,0
5.33032,1.98097,-0.340393,0
5.33041,1.97454,-0.330425,0
5.3305,1.84667,-0.300749,0
5.33058,1.73043,-0.274073,0
5.33067,1.70295,-0.262109,0
5.33076,1.68924,-0.252459,0
5.33085,1.69527,-0.245803,0
5.33093,1.68841,-0.23729,0
5.33102,1.68249,-0.228977,0
5.33111,1.67752,-0.22085,0
5.3312,1.68343,-0.21416,0
5.33128,1.71413,-0.210468,0
5.33137,1.71404,-0.20287,0
5.33146,1.6841,-0.191879,0
5.33154,1.672,-0.183114,0
5.33163,1.66384,-0.174876,0
5.33172,1.66956,-0.168116,0
5.33181,1.66629,-0.160446,0
5.33189,1.661,-0.152625,0
5.33198,1.65468,-0.144766,0
5.33207,1.65928,-0.137876,0
5.33216,1.6489,-0.129771,0
5.33224,1.65643,-0.123094,0
5.33233,1.65596,-0.115796,0
5.33242,1.65944,-0.108765,0
5.3325,1.65191,-0.101035,0
5.33259,1.65034,-0.0937132,0
5.33268,1.65173,-0.0865637,0
5.33277,1.6481,-0.079164,0
5.33285,1.64343,-0.0717539,0
5.33294,1.64173,-0.0645039,0
5.33303,1.648,-0.0575493,0
5.33312,1.65923,-0.050694,0
5.3332,1.65843,-0.0434276,0
5.33329,1.6596,-0.0362127,0
5.33338,1.66175,-0.0290059,0
5.33346,1.67886,-0.0219775,0
5.33355,1.67894,-0.0146519,0
5.33364,1.68398,-0.00734785,0
5.33373,1.7,-4.11645e-08,0
5.33381,1.69498,0.00739577,0
5.3339,1.69194,0.0147653,0
5.33399,1.69685,0.022213,0
5.33407,1.69974,0.0296691,0
5.33416,1.70659,0.037238,0
5.33425,1.68742,0.0441866,0
5.33434,1.69821,0.0518849,0
5.33442,1.69896,0.0593291,0
5.33451,1.69269,0.0665061,0
5.3346,1.69139,0.0738476,0
5.33469,1.70004,0.0816587,0
5.33477,1.70067,0.0891281,0
5.33486,1.70226,0.0966612,0
5.33495,1.69084,0.103416,0
5.33503,1.69636,0.111185,0
5.33512,1.69785,0.118725,0
5.33521,1.69533,0.125984,0
5.3353,1.68878,0.13291,0
5.33538,1.69715,0.141022,0
5.33547,1.69951,0.148688,0
5.33556,1.70482,0.156651,0
5.33565,1.72801,0.166388,0
5.33573,1.78099,0.179337,0
5.33582,1.90252,0.199963,0
5.33591,1.96624,0.215339,0
5.33599,1.97423,0.224935,0
5.33608,1.97422,0.233664,0
5.33617,1.97417,0.242398,0
5.33626,1.985,0.252524,0
5.33634,1.99181,0.262227,0
5.33643,1.98768,0.270511,0
5.33652,1.98747,0.27932,0
5.33661,1.99217,0.288851,0
5.33669,1.99089,0.29754,0
5.33678,1.99254,0.306681,0
5.33687,1.99711,0.31631,0
5.33695,1.98978,0.324057,0
5.33704,1.99032,0.333066,0
5.33713,1.99181,0.342255,0
5.33722,1.99522,0.351811,0
5.3373,1.97989,0.358022,0
5.33739,1.98323,0.367569,0
5.33748,1.99241,0.378271,0
5.33757,1.99368,0.387533,0
5.33765,1.99197,0.396228,0
5.33774,1.98337,0.403521,0
5.33783,1.98257,0.412375,0
5.33791,1.9876,0.422477,0
5.338,1.98964,0.431994,0
5.33809,1.99555,0.442403,0
5.33818,1.9897,0.450223,0
5.33826,1.99551,0.4607,0
5.33835,1.98861,0.468256,0
5.33844,1.98752,0.477162,0
5.33853,1.99319,0.487731,0
5.33861,1.98814,0.495698,0
5.3387,1.98402,0.503876,0
5.33879,1.98567,0.513529,0
5.33887,1.98921,0.523716,0
5.33896,1.98981,0.533167,0
5.33905,1.98167,0.540266,0
5.33914,1.9899,0.551847,0
5.33922,1.98843,0.560796,0
5.33931,1.98885,0.570294,0
5.3394,1.98538,0.578686,0
5.33949,1.97421,0.584788,0
5.33957,1.98505,0.597431,0
5.33966,1.98624,0.607256,0
5.33975,1.99313,0.618882,0
5.33983,1.99422,0.628776,0
5.33992,1.99051,0.637166,0
5.34001,1.98866,0.646155,0
5.3401,1.98962,0.656078,0
5.34018,1.98958,0.665705,0
5.34027,1.98666,0.67438,0
5.34036,1.98653,0.684019,0
5.34045,1.98542,0.693339,0
5.34053,1.98238,0.701996,0
5.34062,1.99059,0.714694,0
5.34071,1.99027,0.724399,0
5.34079,1.99741,0.736883,0
5.34088,1.98855,0.74349,0
5.34097,1.98997,0.753931,0
5.34106,1.98292,0.761173,0
5.34114,1.98424,0.771631,0
5.34123,2.0004,0.787978,0
5.34132,1.9923,0.794846,0
5.34141,1.98974,0.803906,0
5.34149,1.99361,0.815609,0
5.34158,1.99558,0.826596,0
5.34167,1.99657,0.837229,0
5.34175,1.99105,0.845151,0
5.34184,1.99286,0.856199,0
5.34193,1.99002,0.865285,0
5.34202,1.99263,0.876779,0
5.3421,2.00066,0.890753,0
5.34219,1.99676,0.899474,0
5.34228,1.99191,0.907763,0
5.34237,1.99247,0.918539,0
5.34245,2.00022,0.932718,0
5.34254,1.9889,0.938025,0
5.34263,1.98478,0.946694,0
5.34271,1.99415,0.961862,0
5.3428,2.0097,0.980198,0
5.34289,2.009,0.990727,0
5.34298,2.00197,0.998144,0
5.34306,2.00563,1.01092,0
5.34315,2.01991,1.0292,0
5.34324,2.03496,1.04807,0
5.34333,2.04988,1.0671,0
5.34341,2.05937,1.08348,0
5.3435,2.05992,1.09528,0
5.34359,2.0604,1.10709,0
5.34367,2.06786,1.12275,0
5.34376,2.09275,1.14812,0
5.34385,2.0781,1.15191,0
5.34394,2.07916,1.16438,0
5.34402,2.09234,1.18379,0
5.34411,2.09583,1.19787,0
5.3442,2.07586,1.1985,0
5.34429,2.06198,1.20251,0
5.34437,2.06877,1.2186,0
5.34446,2.06945,1.23119,0
5.34455,2.07777,1.24845,0
5.34463,2.0706,1.25647,0
5.34472,2.08129,1.27542,0
5.34481,2.09697,1.29764,0
5.3449,2.09807,1.31102,0
5.34498,2.09571,1.3223,0
5.34507,2.09245,1.33304,0
5.34516,2.08914,1.34378,0
5.34525,2.07571,1.34798,0
5.34533,2.05141,1.34496,0
5.34542,2.05053,1.35721,0
5.34551,2.05706,1.37448,0
5.34559,2.05933,1.38904,0
5.34568,2.05986,1.40251,0
5.34577,2.05125,1.40979,0
5.34586,2.04672,1.41986,0
5.34594,2.03477,1.42476,0
5.34603,2.02935,1.43421,0
5.34612,2.03447,1.45118,0
5.34621,2.04679,1.47348,0
5.34629,2.06218,1.49826,0
5.34638,2.06853,1.51671,0
5.34647,2.1053,1.55784,0
5.34655,2.08647,1.55804,0
5.34664,2.08204,1.56893,0
5.34673,2.07677,1.57921,0
5.34682,2.07541,1.59252,0
5.3469,2.07161,1.60401,0
5.34699,2.06301,1.6118,0
5.34708,2.07638,1.63688,0
5.34716,2.08409,1.65776,0
5.34725,2.07839,1.66809,0
5.34734,2.04545,1.65637,0
5.34743,2.03046,1.65895,0
5.34751,2.01471,1.6608,0
5.3476,2.0036,1.66638,0
5.34769,2.00091,1.67896,0
5.34778,1.99967,1.69284,0
5.34786,2.00291,1.71065,0
5.34795,1.99997,1.72329,0
5.34804,2.00224,1.74052,0
5.34812,1.99689,1.75122,0
5.34821,1.99971,1.7692,0
5.3483,2.00242,1.78723,0
5.34839,2.00723,1.80732,0
5.34847,2.00007,1.81674,0
5.34856,2.00097,1.83355,0
5.34865,2.01058,1.85856,0
5.34874,2.00098,1.86595,0
5.34882,2.00156,1.88288,0
5.34891,1.99696,1.89504,0
5.349,2.00962,1.92379,0
5.34908,1.99761,1.92907,0
5.34917,2.00994,1.958,0
5.34926,2.00637,1.97166,0
5.34935,2.01338,1.99588,0
5.34943,2.00394,2.00394,0
5.34952,2.00785,2.02545,0
5.34961,2.00811,2.04346,0
5.3497,2.00824,2.06152,0
5.34978,2.00687,2.07817,0
5.34987,2.01023,2.09991,0
5.34996,2.01206,2.12027,0
5.35004,2.01033,2.13704,0
5.35013,2.01462,2.16042,0
5.35022,2.01604,2.18094,0
5.35031,2.01731,2.20151,0
5.35039,2.01172,2.21473,0
5.35048,2.01274,2.23538,0
5.35057,2.0103,2.25235,0
5.35066,2.01569,2.27832,0
5.35074,2.00705,2.2886,0
5.35083,1.9977,2.29809,0
5.35092,1.9759,2.29315,0
5.351,1.96198,2.29719,0
5.35109,1.94548,2.29809,0
5.35118,1.92065,2.28894,0
5.35127,1.91064,2.2973,0
5.35135,1.88915,2.29172,0
5.35144,1.87281,2.2922,0
5.35153,1.85712,2.29336,0
5.35162,1.84397,2.29754,0
5.3517,1.82335,2.29226,0
5.35179,1.80837,2.29391,0
5.35188,1.78419,2.28366,0
5.35196,1.77421,2.29142,0
5.35205,1.75445,2.28644,0
5.35214,1.74567,2.29567,0
5.35223,1.72901,2.29448,0
5.35231,1.71241,2.29319,0
5.3524,1.7,2.29742,0
5.35249,1.68287,2.29514,0
5.35258,1.67107,2.30004,0
5.35266,1.65109,2.29351,0
5.35275,1.63991,2.29906,0
5.35284,1.62005,2.29231,0
5.35292,1.60831,2.2969,0
5.35301,1.592,2.29486,0
5.3531,1.57971,2.29849,0
5.35319,1.56178,2.29379,0
5.35327,1.54449,2.2898,0
5.35336,1.53226,2.29319,0
5.35345,1.51838,2.29402,0
5.35354,1.50287,2.29226,0
5.35362,1.48632,2.28873,0
5.35371,1.47199,2.28847,0
5.3538,1.46038,2.29234,0
5.35388,1.44983,2.29784,0
5.35397,1.42919,2.28719,0
5.35406,1.41973,2.29425,0
5.35415,1.39873,2.28252,0
5.35423,1.38097,2.27578,0
5.35432,1.40966,2.34607,0
5.35441,1.20716,2.02906,0
5.3545,1.13587,1.92833,0
5.35458,1.10125,1.88834,0
5.35467,1.0895,1.88707,0
5.35476,1.07232,1.87618,0
5.35484,1.06117,1.87562,0
5.35493,1.04809,1.8715,0
5.35502,1.0404,1.87693,0
5.35511,1.02451,1.86743,0
5.35519,1.01015,1.86046,0
5.35528,0.995865,1.85339,0
5.35537,0.990585,1.86302,0
5.35546,0.978722,1.86024,0
5.35554,0.961822,1.84764,0
5.35563,0.953751,1.85182,0
5.35572,0.940214,1.84527,0
5.3558,0.929903,1.84489,0
5.35589,0.919168,1.84356,0
5.35598,0.912884,1.85115,0
5.35607,0.899976,1.84522,0
5.35615,0.888875,1.84283,0
5.35624,0.877382,1.83947,0
5.35633,0.868068,1.84057,0
5.35642,0.862141,1.84887,0
5.3565,0.847367,1.83808,0
5.35659,0.842657,1.84904,0
5.35668,0.831706,1.84632,0
5.35676,0.825269,1.85358,0
5.35685,0.81959,1.86266,0
5.35694,0.799492,1.83871,0
5.35703,0.777251,1.8091,0
5.35711,0.764661,1.80143,0
5.3572,0.760661,1.81397,0
5.35729,0.749677,1.80988,0
5.35738,0.745181,1.82146,0
5.35746,0.732731,1.81357,0
5.35755,0.723328,1.81304,0
5.35764,0.726039,1.84316,0
5.35772,0.793739,2.0411,0
5.35781,0.794143,2.06881,0
5.3579,0.826915,2.18261,0
5.35799,0.699014,1.8696,0
5.35807,0.683235,1.85199,0
5.35816,0.704904,1.93671,0
5.35825,0.692391,1.92847,0
5.35834,0.682635,1.9277,0
5.35842,0.672899,1.92689,0
5.35851,0.66481,1.93075,0
5.3586,0.656701,1.93458,0
5.35868,0.64508,1.92794,0
5.35877,0.719024,2.18051,0
5.35886,0.625759,1.92589,0
5.35895,0.596924,1.86479,0
5.35903,0.684406,2.17066,0
5.35912,0.679377,2.18795,0
5.35921,0.571002,1.86766,0
5.35929,0.563424,1.87205,0
5.35938,0.55525,1.87449,0
5.35947,0.631854,2.16779,0
5.35956,0.621011,2.16572,0
5.35964,0.606669,2.15109,0
5.35973,0.598881,2.1595,0
5.35982,0.580247,2.12832,0
5.35991,0.570178,2.12793,0
5.35999,0.557833,2.1188,0
5.36008,0.550836,2.12992,0
5.36017,0.534399,2.1042,0
5.36025,0.524003,2.10166,0
5.36034,0.512689,2.09518,0
5.36043,0.504242,2.10032,0
5.36052,0.492552,2.09179,0
5.3606,0.484095,2.09684,0
5.36069,0.472513,2.08821,0
5.36078,0.466644,2.10489,0
5.36087,0.455121,2.09616,0
5.36095,0.445763,2.09715,0
5.36104,0.438644,2.10886,0
5.36113,0.428641,2.10684,0
5.36121,0.417298,2.0979,0
5.3613,0.40337,2.07516,0
5.36139,0.392074,2.06511,0
5.36148,0.381784,2.05992,0
5.36156,0.369589,2.04385,0
5.36165,0.357715,2.0287,0
5.36174,0.346658,2.01743,0
5.36183,0.336037,2.00808,0
5.36191,0.326629,2.00558,0
5.362,0.315998,1.99513,0
5.36209,0.307746,1.99946,0
5.36217,0.29621,1.98199,0
5.36226,0.287129,1.98029,0
5.36235,0.279042,1.98549,0
5.36244,0.270376,1.98669,0
5.36252,0.260791,1.98091,0
5.36261,0.25101,1.9731,0
5.3627,0.243129,1.98013,0
5.36279,0.233312,1.97124,0
5.36287,0.22301,1.95734,0
5.36296,0.214686,1.96028,0
5.36305,0.204249,1.9433,0
5.36313,0.195467,1.94118,0
5.36322,0.187283,1.945,0
5.36331,0.177971,1.93684,0
5.3634,0.169518,1.9376,0
5.36348,0.160317,1.92935,0
5.36357,0.15072,1.91508,0
5.36366,0.142807,1.9217,0
5.36375,0.134142,1.91832,0
5.36383,0.125705,1.91788,0
5.36392,0.117396,1.91941,0
5.36401,0.10868,1.91392,0
5.36409,0.100328,1.91437,0
5.36418,0.09231,1.92178,0
5.36427,0.0836184,1.91518,0
5.36436,0.0754182,1.91952,0
5.36444,0.0669722,1.91783,0
5.36453,0.0588783,1.9271,0
5.36462,0.0503122,1.92134,0
5.36471,0.0417101,1.91154,0
5.36479,0.0332818,1.90671,0
5.36488,0.0249488,1.90584,0
5.36497,0.0166678,1.90993,0
5.36505,0.0081071,1.85798,0
5.36514,6.72346e-08,1.848,0
5.36523,-0.00805024,1.84498,0
5.36532,-0.0162662,1.86393,0
5.3654,-0.0244382,1.86684,0
5.36549,-0.0323043,1.85072,0
5.36558,-0.0403575,1.84956,0
5.36567,-0.048532,1.85336,0
5.36575,-0.0562519,1.84114,0
5.36584,-0.0639009,1.82988,0
5.36593,-0.0683905,1.74066,0
5.36601,-0.0745455,1.70737,0
5.3661,-0.0819466,1.70603,0
5.36619,-0.0885,1.68868,0
5.36628,-0.0954139,1.68029,0
5.36636,-0.102195,1.67088,0
5.36645,-0.109092,1.66443,0
5.36654,-0.116703,1.66892,0
5.36663,-0.123242,1.65843,0
5.36671,-0.129614,1.64691,0
5.3668,-0.136633,1.64433,0
5.36689,-0.142848,1.63276,0
5.36697,-0.151801,1.65204,0
5.36706,-0.159679,1.65833,0
5.36715,-0.166913,1.65762,0
5.36724,-0.172681,1.64295,0
5.36732,-0.177453,1.62031,0
5.36741,-0.186106,1.63343,0
5.3675,-0.191939,1.62168,0
5.36759,-0.200719,1.63472,0
5.36767,-0.207471,1.63086,0
5.36776,-0.213932,1.62498,0
5.36785,-0.221425,1.627,0
5.36793,-0.226713,1.61315,0
5.36802,-0.232314,1.60225,0
5.36811,-0.240042,1.60616,0
5.3682,-0.244919,1.59126,0
5.36828,-0.248731,1.57042,0
5.36837,-0.262332,1.61078,0
5.36846,-0.271503,1.62244,0
5.36855,-0.278411,1.62025,0
5.36863,-0.284783,1.61508,0
5.36872,-0.290938,1.60891,0
5.36881,-0.292123,1.57616,0
5.36889,-0.30105,1.58567,0
5.36898,-0.311973,1.60496,0
5.36907,-0.317217,1.59476,0
5.36916,-0.323375,1.58944,0
5.36924,-0.328881,1.58116,0
5.36933,-0.335362,1.57775,0
5.36942,-0.344152,1.58507,0
5.36951,-0.353662,1.59527,0
5.36959,-0.357971,1.58201,0
5.36968,-0.365095,1.5814,0
5.36977,-0.37268,1.58271,0
5.36985,-0.370711,1.54412,0
5.36994,-0.388854,1.58912,0
5.37003,-0.392639,1.57479,0
5.37012,-0.396799,1.5624,0
5.3702,-0.409121,1.58195,0
5.37029,-0.413473,1.57048,0
5.37038,-0.421875,1.57446,0
5.37047,-0.427426,1.56778,0
5.37055,-0.439607,1.58517,0
5.37064,-0.447062,1.58516,0
5.37073,-0.449289,1.56686,0
5.37081,-0.461438,1.58312,0
5.3709,-0.463229,1.56384,0
5.37099,-0.467454,1.55318,0
5.37108,-0.481536,1.57503,0
5.37116,-0.459936,1.48124,0
5.37125,-0.398435,1.26367,0
5.37134,-0.402116,1.25621,0
5.37143,-0.404194,1.24398,0
5.37151,-0.408992,1.24031,0
5.3716,-0.407102,1.2167,0
5.37169,-0.408228,1.2026,0
5.37177,-0.41282,1.19892,0
5.37186,-0.419037,1.19994,0
5.37195,-0.417259,1.1783,0
5.37204,-0.420368,1.17082,0
5.37212,-0.423079,1.1624,0
5.37221,-0.428839,1.16242,0
5.3723,-0.430055,1.15023,0
5.37238,-0.438258,1.15676,0
5.37247,-0.412123,1.07362,0
5.37256,-0.337067,0.866767,0
5.37265,-0.30896,0.784342,0
5.37273,-0.307933,0.771841,0
5.37282,-0.301184,0.745456,0
5.37291,-0.300647,0.734879,0
5.373,-0.29658,0.716007,0
5.37308,-0.302021,0.720239,0
5.37317,-0.300863,0.708789,0
5.37326,-0.299216,0.696444,0
5.37334,-0.297068,0.68321,0
5.37343,-0.300852,0.683738,0
5.37352,-0.303832,0.682418,0
5.37361,-0.305164,0.677439,0
5.37369,-0.303141,0.665182,0
5.37378,-0.302272,0.655679,0
5.37387,-0.301327,0.646197,0
5.37396,-0.302437,0.641259,0
5.37404,-0.300927,0.630907,0
5.37413,-0.303243,0.628687,0
5.37422,-0.300723,0.616573,0
5.3743,-0.303852,0.616152,0
5.37439,-0.296722,0.595131,0
5.37448,-0.301116,0.597403,0
5.37457,-0.299634,0.588064,0
5.37465,-0.301281,0.584973,0
5.37474,-0.300598,0.577444,0
5.37483,-0.301253,0.572587,0
5.37492,-0.303748,0.571267,0
5.375,-0.305291,0.568175,0
5.37509,-0.304904,0.561564,0
5.37518,-0.300618,0.547954,0
5.37526,-0.301067,0.543139,0
5.37535,-0.301479,0.53833,0
5.37544,-0.30678,0.542232,0
5.37553,-0.298722,0.522656,0
5.37561,-0.2995,0.518749,0
5.3757,-0.297227,0.509663,0
5.37579,-0.303508,0.515254,0
5.37588,-0.303197,0.509628,0
5.37596,-0.307478,0.511729,0
5.37605,-0.307114,0.506108,0
5.37614,-0.316634,0.5167,0
5.37622,-0.307835,0.497456,0
5.37631,-0.312122,0.4995,0
5.3764,-0.305227,0.483756,0
5.37649,-0.313246,0.491697,0
5.37657,-0.309978,0.481915,0
5.37666,-0.296284,0.456237,0
5.37675,-0.296078,0.451595,0
5.37684,-0.275968,0.416943,0
5.37692,-0.251118,0.375824,0
5.37701,-0.232624,0.34488,0
5.3771,-0.223434,0.328156,0
5.37718,-0.23166,0.337068,0
5.37727,-0.238829,0.34427,0
5.37736,-0.232298,0.331757,0
5.37745,-0.234898,0.332373,0
5.37753,-0.229958,0.32239,0
5.37762,-0.230194,0.31976,0
5.37771,-0.232763,0.320371,0
5.3778,-0.240072,0.327417,0
5.37788,-0.238524,0.322347,0
5.37797,-0.227363,0.304476,0
5.37806,-0.238319,0.31626,0
5.37814,-0.231828,0.304869,0
5.37823,-0.231329,0.301474,0
5.37832,-0.228969,0.295718,0
5.37841,-0.229642,0.293928,0
5.37849,-0.230303,0.292138,0
5.37858,-0.234688,0.295043,0
5.37867,-0.239729,0.298696,0
5.37876,-0.234107,0.289098,0
5.37884,-0.233468,0.285751,0
5.37893,-0.229624,0.278556,0
5.37902,-0.232756,0.279858,0
5.3791,-0.232689,0.277308,0
5.37919,-0.235189,0.277817,0
5.37928,-0.242894,0.284392,0
5.37937,-0.238257,0.276511,0
5.37945,-0.233557,0.268677,0
5.37954,-0.227474,0.259385,0
5.37963,-0.240531,0.271871,0
5.37972,-0.237054,0.265596,0
5.3798,-0.230181,0.255642,0
5.37989,-0.22457,0.247233,0
5.37998,-0.210784,0.230031,0
5.38006,-0.213822,0.231312,0
5.38015,-0.203918,0.218675,0
5.38024,-0.292573,0.311014,0
5.38033,-0.179661,0.189323,0
5.38041,-0.151441,0.158198,0
5.3805,-0.135458,0.140271,0
5.38059,-0.14514,0.148991,0
5.38068,-0.0988282,0.100568,0
5.38076,-0.0725135,0.0731491,0
