7200
656
0.558505
0.574213,-0.0438406,-0.0438406,0
0.574301,-0.0408329,-0.0411908,0
0.574388,-0.0399518,-0.0406553,0
0.574475,-0.046752,-0.0479922,0
0.574562,-0.0444581,-0.0460377,0
0.57465,-0.0580871,-0.0606786,0
0.574737,-0.0454314,-0.0478747,0
0.574824,-0.0417962,-0.0444306,0
0.574911,-0.0470579,-0.0504634,0
0.574999,-0.0495525,-0.0536055,0
0.575086,-0.0493181,-0.0538212,0
0.575173,-0.060513,-0.0666196,0
0.575261,-0.06156,-0.0683693,0
0.575348,-0.0572658,-0.0641609,0
0.575435,-0.0549975,-0.0621633,0
0.575522,-0.0659346,-0.075184,0
0.57561,-0.0590453,-0.0679239,0
0.575697,-0.0580956,-0.0674233,0
0.575784,-0.0590998,-0.0691969,0
0.575871,-0.062674,-0.0740336,0
0.575959,-0.0539942,-0.0643477,0
0.576046,-0.0594678,-0.0715023,0
0.576133,-0.0502502,-0.0609583,0
0.57622,-0.0550454,-0.0673722,0
0.576308,-0.050975,-0.0629488,0
0.576395,-0.0538294,-0.0670701,0
0.576482,-0.0647415,-0.0813913,0
0.57657,-0.0600521,-0.0761757,0
0.576657,-0.0671071,-0.0858932,0
0.576744,-0.0618339,-0.0798597,0
0.576831,-0.0590499,-0.0769553,0
0.576919,-0.076267,-0.100296,0
0.577006,-0.0746251,-0.0990308,0
0.577093,-0.0963303,-0.129002,0
0.57718,-0.107068,-0.144694,0
0.577268,-0.100523,-0.137096,0
0.577355,-0.0822899,-0.113262,0
0.577442,-0.0660202,-0.0917079,0
0.577529,-0.0720072,-0.10095,0
0.577617,-0.0819546,-0.115963,0
0.577704,-0.0562105,-0.0802769,0
0.577791,-0.0655496,-0.0944894,0
0.577879,-0.0583398,-0.084885,0
0.577966,-0.069225,-0.101671,0
0.578053,-0.0760502,-0.112749,0
0.57814,-0.0722241,-0.108091,0
0.578228,-0.0954851,-0.144262,0
0.578315,-0.0811474,-0.12377,0
0.578402,-0.118731,-0.18283,0
0.578489,-0.140112,-0.217829,0
0.578577,-0.141847,-0.222655,0
0.578664,-0.201706,-0.319685,0
0.578751,-0.19448,-0.311234,0
0.578838,-0.209959,-0.339291,0
0.578926,-0.235647,-0.384541,0
0.579013,-0.233967,-0.385565,0
0.5791,-0.231252,-0.384868,0
0.579188,-0.247977,-0.416812,0
0.579275,-0.246156,-0.41789,0
0.579362,-0.248864,-0.426735,0
0.579449,-0.264,-0.457261,0
0.579537,-0.295249,-0.516578,0
0.579624,-0.299886,-0.530047,0
0.579711,-0.297082,-0.530478,0
0.579798,-0.296703,-0.535267,0
0.579886,-0.293884,-0.53568,0
0.579973,-0.294407,-0.54223,0
0.58006,-0.289672,-0.539105,0
0.580147,-0.29342,-0.551842,0
0.580235,-0.288215,-0.547807,0
0.580322,-0.286746,-0.550834,0
0.580409,-0.283882,-0.551191,0
0.580497,-0.282382,-0.554206,0
0.580584,-0.283112,-0.561684,0
0.580671,-0.289136,-0.579917,0
0.580758,-0.285276,-0.578483,0
0.580846,-0.284065,-0.582419,0
0.580933,-0.287603,-0.596262,0
0.58102,-0.294039,-0.616466,0
0.581107,-0.295186,-0.625883,0
0.581195,-0.292452,-0.627165,0
0.581282,-0.289294,-0.627527,0
0.581369,-0.294432,-0.646073,0
0.581456,-0.292432,-0.649175,0
0.581544,-0.290817,-0.653185,0
0.581631,-0.289172,-0.657194,0
0.581718,-0.287099,-0.660283,0
0.581806,-0.288558,-0.671636,0
0.581893,-0.282499,-0.665525,0
0.58198,-0.26103,-0.622486,0
0.582067,-0.247214,-0.596826,0
0.582155,-0.291181,-0.711741,0
0.582242,-0.288822,-0.714859,0
0.582329,-0.293111,-0.734688,0
0.582416,-0.288436,-0.732239,0
0.582504,-0.280165,-0.720442,0
0.582591,-0.269851,-0.702986,0
0.582678,-0.270678,-0.714443,0
0.582765,-0.267909,-0.716554,0
0.582853,-0.266164,-0.721469,0
0.58294,-0.268828,-0.738598,0
0.583027,-0.26932,-0.750117,0
0.583114,-0.265376,-0.7494,0
0.583202,-0.264742,-0.758103,0
0.583289,-0.264687,-0.768707,0
0.583376,-0.264545,-0.779324,0
0.583464,-0.266853,-0.79754,0
0.583551,-0.270887,-0.82149,0
0.583638,-0.271008,-0.834077,0
0.583725,-0.2695,-0.841918,0
0.583813,-0.262817,-0.833549,0
0.5839,-0.241978,-0.779296,0
0.583987,-0.220156,-0.720097,0
0.584074,-0.215571,-0.716263,0
0.584162,-0.212443,-0.717197,0
0.584249,-0.209592,-0.719077,0
0.584336,-0.201491,-0.702682,0
0.584423,-0.191366,-0.678531,0
0.584511,-0.181722,-0.655269,0
0.584598,-0.173601,-0.63676,0
0.584685,-0.171856,-0.641375,0
0.584773,-0.164473,-0.624712,0
0.58486,-0.158491,-0.612837,0
0.584947,-0.156553,-0.616431,0
0.585034,-0.146847,-0.588969,0
0.585122,-0.149504,-0.610974,0
0.585209,-0.143335,-0.597035,0
0.585296,-0.142104,-0.603495,0
0.585383,-0.141269,-0.611904,0
0.585471,-0.136832,-0.604712,0
0.585558,-0.132677,-0.598469,0
0.585645,-0.133672,-0.615656,0
0.585732,-0.130153,-0.61232,0
0.58582,-0.12524,-0.602113,0
0.585907,-0.122213,-0.600694,0
0.585994,-0.1192,-0.59926,0
0.586082,-0.117729,-0.605664,0
0.586169,-0.113034,-0.595365,0
0.586256,-0.109888,-0.592903,0
0.586343,-0.108901,-0.602233,0
0.586431,-0.104363,-0.591869,0
0.586518,-0.104827,-0.610059,0
0.586605,-0.10332,-0.617415,0
0.586692,-0.0966063,-0.593185,0
0.58678,-0.0946429,-0.597551,0
0.586867,-0.0902092,-0.586098,0
0.586954,-0.0891291,-0.596377,0
0.587041,-0.0871,-0.600718,0
0.587129,-0.0846172,-0.602083,0
0.587216,-0.08145,-0.598483,0
0.587303,-0.0760968,-0.578012,0
0.587391,-0.0753408,-0.592227,0
0.587478,-0.0726341,-0.591558,0
0.587565,-0.0678191,-0.573001,0
0.587652,-0.0682615,-0.599124,0
0.58774,-0.063796,-0.582517,0
0.587827,-0.0617763,-0.587762,0
0.587914,-0.0612149,-0.607926,0
0.588001,-0.0549196,-0.570362,0
0.588089,-0.0534369,-0.58155,0
0.588176,-0.0508118,-0.580782,0
0.588263,-0.0504302,-0.606908,0
0.58835,-0.0456632,-0.580206,0
0.588438,-0.0438722,-0.590372,0
0.588525,-0.0404588,-0.578587,0
0.588612,-0.0383262,-0.584745,0
0.5887,-0.0354082,-0.578918,0
0.588787,-0.0331086,-0.583061,0
0.588874,-0.0316633,-0.604171,0
0.588961,-0.0275874,-0.574338,0
0.589049,-0.0254737,-0.583444,0
0.589136,-0.0232026,-0.590544,0
0.589223,-0.0204511,-0.585643,0
0.58931,-0.0175902,-0.575731,0
0.589398,-0.014947,-0.570804,0
0.589485,-0.012849,-0.58886,0
0.589572,-0.0102795,-0.58891,0
0.589659,-0.00773596,-0.590949,0
0.589747,-0.0050963,-0.583978,0
0.589834,-0.00255254,-0.584994,0
0.589921,-6.746e-09,-0.56,0
0.590009,0.0025089,-0.574995,0
0.590096,0.00509629,-0.583978,0
0.590183,0.00773594,-0.590949,0
0.59027,0.0103493,-0.59291,0
0.590358,0.012958,-0.593859,0
0.590445,0.0153397,-0.585799,0
0.590532,0.0180177,-0.589725,0
0.590619,0.0202417,-0.579647,0
0.590707,0.0225744,-0.574557,0
0.590794,0.0256482,-0.58744,0
0.590881,0.0278273,-0.579332,0
0.590968,0.0303548,-0.579205,0
0.591056,0.034129,-0.601032,0
0.591143,0.0366291,-0.598881,0
0.59123,0.0388495,-0.592728,0
0.591318,0.0425514,-0.608514,0
0.591405,0.0465401,-0.626273,0
0.591492,0.0496646,-0.631049,0
0.591579,0.0511755,-0.615877,0
0.591667,0.0545595,-0.623618,0
0.591754,0.055267,-0.601466,0
0.591841,0.259934,-2.69951,0
0.591928,0.272211,-2.70333,0
0.592016,0.282436,-2.6872,0
0.592103,0.293941,-2.68395,0
0.59219,0.309158,-2.71344,0
0.592277,0.319937,-2.70313,0
0.592365,0.33185,-2.7027,0
0.592452,0.343009,-2.69627,0
0.592539,0.355423,-2.6997,0
0.592627,0.36639,-2.69218,0
0.592714,0.378412,-2.69254,0
0.592801,0.388721,-2.68097,0
0.592888,0.397459,-2.65946,0
0.592976,0.410733,-2.66858,0
0.593063,0.410953,-2.59466,0
0.59315,0.424039,-2.6037,0
0.593237,0.429949,-2.56927,0
0.593325,0.445559,-2.593,0
0.593412,0.458952,-2.60285,0
0.593499,0.47244,-2.61263,0
0.593586,0.480191,-2.59088,0
0.593674,0.492423,-2.59367,0
0.593761,0.504499,-2.59542,0
0.593848,0.516794,-2.5981,0
0.593936,0.530319,-2.6066,0
0.594023,0.540872,-2.60034,0
0.59411,0.553461,-2.60383,0
0.594197,0.562059,-2.58869,0
0.594285,0.589365,-2.65845,0
0.594372,0.601842,-2.65976,0
0.594459,0.612317,-2.65224,0
0.594546,0.625488,-2.65635,0
0.594634,0.621432,-2.58845,0
0.594721,0.632244,-2.58377,0
0.594808,0.643028,-2.57905,0
0.594895,0.654029,-2.57525,0
0.594983,0.669766,-2.58979,0
0.59507,0.680296,-2.58395,0
0.595157,0.692859,-2.58578,0
0.595245,0.697033,-2.55669,0
0.595332,0.712992,-2.57097,0
0.595419,0.729632,-2.58708,0
0.595506,0.738157,-2.57426,0
0.595594,0.750501,-2.57485,0
0.595681,0.764001,-2.57923,0
0.595768,0.776401,-2.5797,0
0.595855,0.789111,-2.58107,0
0.595943,0.797993,-2.56996,0
0.59603,0.812206,-2.57599,0
0.596117,0.824658,-2.57623,0
0.596204,0.837436,-2.57736,0
0.596292,0.845542,-2.56419,0
0.596379,0.863703,-2.58134,0
0.596466,0.872708,-2.57092,0
0.596554,0.887499,-2.57748,0
0.596641,0.900385,-2.57831,0
0.596728,0.912294,-2.57624,0
0.596815,0.92285,-2.57035,0
0.596903,0.938503,-2.57852,0
0.59699,0.952168,-2.58096,0
0.597077,0.960969,-2.57023,0
0.597164,0.96686,-2.55198,0
0.597252,0.98372,-2.56268,0
0.597339,0.997067,-2.56395,0
0.597426,1.01008,-2.56423,0
0.597513,1.01792,-2.55144,0
0.597601,1.03654,-2.56552,0
0.597688,1.05492,-2.57856,0
0.597775,1.06501,-2.57116,0
0.597863,1.0766,-2.56741,0
0.59795,1.08545,-2.55716,0
0.598037,1.09818,-2.55608,0
0.598124,1.10852,-2.54943,0
0.598212,1.13856,-2.58759,0
0.598299,1.14578,-2.57346,0
0.598386,1.15699,-2.56843,0
0.598473,1.17317,-2.57428,0
0.598561,1.18439,-2.56914,0
0.598648,1.20488,-2.58388,0
0.598735,1.217,-2.58041,0
0.598822,1.2205,-2.55883,0
0.59891,1.236,-2.56249,0
0.598997,1.2533,-2.56965,0
0.599084,1.2645,-2.56416,0
0.599172,1.28059,-2.56846,0
0.599259,1.29178,-2.56285,0
0.599346,1.30204,-2.55541,0
0.599433,1.32142,-2.5657,0
0.599521,1.33769,-2.56967,0
0.599608,1.34982,-2.56558,0
0.599695,1.36053,-2.55878,0
0.599782,1.37263,-2.55458,0
0.59987,1.39617,-2.57142,0
0.599957,1.40016,-2.55215,0
0.600044,1.40304,-2.53115,0
0.600131,1.39697,-2.49447,0
0.600219,1.4039,-2.48138,0
0.600306,1.42365,-2.49086,0
0.600393,1.43,-2.47683,0
0.600481,1.4418,-2.4723,0
0.600568,1.45765,-2.4746,0
0.600655,1.47661,-2.48197,0
0.600742,1.48228,-2.46693,0
0.60083,1.52727,-2.51686,0
0.600917,1.63542,-2.66876,0
0.601004,1.66494,-2.69051,0
0.601091,1.84783,-2.95714,0
0.601179,1.65527,-2.62345,0
0.601266,1.83219,-2.87596,0
0.601353,1.78954,-2.78216,0
0.60144,1.86321,-2.86909,0
0.601528,1.82582,-2.78483,0
0.601615,1.83961,-2.77934,0
0.601702,1.85394,-2.77461,0
0.60179,1.86826,-2.76981,0
0.601877,1.89102,-2.77734,0
0.601964,1.90482,-2.77154,0
0.602051,1.9226,-2.77141,0
0.602139,1.93811,-2.76791,0
0.602226,1.96345,-2.77821,0
0.602313,1.98078,-2.77695,0
0.6024,1.99872,-2.77639,0
0.602488,2.01787,-2.77736,0
0.602575,2.02701,-2.76449,0
0.602662,2.06106,-2.78536,0
0.602749,2.06542,-2.76593,0
0.602837,2.08529,-2.76727,0
0.602924,2.10945,-2.77407,0
0.603011,2.12945,-2.77515,0
0.603099,2.14949,-2.77611,0
0.603186,2.17205,-2.7801,0
0.603273,2.18478,-2.77138,0
0.60336,2.20868,-2.77669,0
0.603448,2.22829,-2.77639,0
0.603535,2.24227,-2.76897,0
0.603622,2.25559,-2.76071,0
0.603709,2.25744,-2.7385,0
0.603797,2.26489,-2.72324,0
0.603884,2.26454,-2.69877,0
0.603971,2.26402,-2.67437,0
0.604058,2.26592,-2.65306,0
0.604146,2.27095,-2.63557,0
0.604233,2.26209,-2.60224,0
0.60432,2.04068,-2.32694,0
0.604408,2.01503,-2.27757,0
0.604495,2.01562,-2.25832,0
0.604582,2.01074,-2.23315,0
0.604669,2.01105,-2.21399,0
0.604757,2.01191,-2.19561,0
0.604844,2.00586,-2.16992,0
0.604931,2.01121,-2.15676,0
0.605018,2.01718,-2.14432,0
0.605106,2.01688,-2.12535,0
0.605193,2.01023,-2.09991,0
0.60528,2.01312,-2.08465,0
0.605367,2.01313,-2.06653,0
0.605455,2.006,-2.04132,0
0.605542,2.01207,-2.02971,0
0.605629,2.0103,-2.0103,0
0.605717,2.0084,-1.99095,0
0.605804,2.01137,-1.97656,0
0.605891,2.00923,-1.9573,0
0.605978,2.01127,-1.94226,0
0.606066,2.01251,-1.92656,0
0.606153,2.01364,-1.91087,0
0.60624,2.01322,-1.89385,0
0.606327,2.02,-1.88368,0
0.606415,2.00543,-1.8538,0
0.606502,2.01424,-1.84571,0
0.606589,2.00525,-1.82144,0
0.606676,2.00798,-1.80799,0
0.606764,2.00988,-1.79389,0
0.606851,2.0057,-1.7745,0
0.606938,2.0014,-1.75518,0
0.607026,2.00602,-1.7438,0
0.607113,2.00527,-1.72786,0
0.6072,2.00595,-1.71324,0
0.607287,2.0012,-1.69414,0
0.607375,1.99861,-1.67703,0
0.607462,2.0013,-1.66446,0
0.607549,1.99233,-1.64235,0
0.607636,1.99871,-1.63301,0
0.607724,1.99804,-1.61798,0
0.607811,2.0004,-1.60549,0
0.607898,1.99409,-1.58617,0
0.607985,2.0002,-1.57683,0
0.608073,1.9913,-1.55578,0
0.60816,1.99886,-1.54769,0
0.608247,1.99925,-1.53408,0
0.608335,2.00195,-1.52231,0
0.608422,1.99579,-1.50394,0
0.608509,1.99432,-1.48923,0
0.608596,1.99437,-1.47576,0
0.608684,2.00401,-1.4694,0
0.608771,1.99423,-1.44889,0
0.608858,1.9981,-1.43842,0
0.608945,1.99214,-1.42098,0
0.609033,1.99669,-1.41112,0
0.60912,1.99545,-1.39723,0
0.609207,1.99825,-1.38623,0
0.609294,1.99439,-1.3707,0
0.609382,2.00035,-1.36199,0
0.609469,1.98472,-1.33871,0
0.609556,1.9947,-1.33281,0
0.609644,1.98965,-1.31692,0
0.609731,1.98869,-1.30384,0
0.609818,1.99436,-1.29515,0
0.609905,1.9941,-1.28265,0
0.609993,1.99715,-1.27233,0
0.61008,1.98831,-1.25453,0
0.610167,1.99631,-1.24743,0
0.610254,1.98897,-1.23081,0
0.610342,1.99262,-1.22108,0
0.610429,1.99878,-1.21289,0
0.610516,1.99891,-1.20107,0
0.610603,1.99726,-1.18825,0
0.610691,1.99123,-1.17292,0
0.610778,2.00151,-1.16724,0
0.610865,1.99792,-1.1535,0
0.610952,2.00207,-1.14428,0
0.61104,1.98528,-1.12322,0
0.611127,1.98755,-1.11308,0
0.611214,1.99326,-1.10488,0
0.611302,1.99806,-1.09617,0
0.611389,1.99667,-1.0841,0
0.611476,1.99434,-1.0716,0
0.611563,1.9937,-1.06007,0
0.611651,1.99476,-1.0495,0
0.611738,1.98957,-1.0357,0
0.611825,1.99495,-1.02747,0
0.611912,1.99496,-1.01648,0
0.612,1.99581,-1.00597,0
0.612087,1.9957,-0.995021,0
0.612174,1.99554,-0.984092,0
0.612261,1.99802,-0.974499,0
0.612349,1.99234,-0.960993,0
0.612436,1.9902,-0.949277,0
0.612523,1.98437,-0.935892,0
0.612611,1.98119,-0.923844,0
0.612698,1.99428,-0.919377,0
0.612785,1.99555,-0.909422,0
0.612872,1.99676,-0.899474,0
0.61296,1.99244,-0.887093,0
0.613047,1.98989,-0.875571,0
0.613134,1.9891,-0.864887,0
0.613221,1.98091,-0.851068,0
0.613309,1.99013,-0.844761,0
0.613396,1.98642,-0.832975,0
0.613483,1.98726,-0.823152,0
0.61357,1.98991,-0.814095,0
0.613658,1.98881,-0.803531,0
0.613745,1.98951,-0.793734,0
0.613832,1.98365,-0.781381,0
0.61392,1.99636,-0.776342,0
0.614007,1.98292,-0.761174,0
0.614094,1.98623,-0.752514,0
0.614181,1.98855,-0.74349,0
0.614269,1.98803,-0.733422,0
0.614356,1.99121,-0.724741,0
0.614443,1.984,-0.712328,0
0.61453,1.98803,-0.703999,0
0.614618,1.99014,-0.694988,0
0.614705,1.98559,-0.683693,0
0.614792,1.98098,-0.672451,0
0.614879,1.99243,-0.666657,0
0.614967,1.98107,-0.65326,0
0.615054,1.98961,-0.646464,0
0.615141,1.99813,-0.639605,0
0.615229,1.99327,-0.628475,0
0.615316,1.99122,-0.618289,0
0.615403,1.9872,-0.607548,0
0.61549,1.98888,-0.598584,0
0.615578,1.98859,-0.589048,0
0.615665,1.99018,-0.580086,0
0.615752,1.98212,-0.568364,0
0.615839,1.99709,-0.563239,0
0.615927,1.98508,-0.550511,0
0.616014,1.99132,-0.542896,0
0.616101,1.98788,-0.53265,0
0.616188,1.98535,-0.522698,0
0.616276,1.98954,-0.514531,0
0.616363,1.98983,-0.505353,0
0.61645,2.00172,-0.499085,0
0.616538,1.99611,-0.488445,0
0.616625,1.98752,-0.477162,0
0.616712,1.99153,-0.468944,0
0.616799,1.98869,-0.459125,0
0.616887,1.9858,-0.44934,0
0.616974,1.98481,-0.440022,0
0.617061,1.98671,-0.431357,0
0.617148,1.97781,-0.420397,0
0.617236,1.98942,-0.4138,0
0.617323,1.99023,-0.404916,0
0.61741,1.98609,-0.395058,0
0.617497,1.9878,-0.386388,0
0.617585,1.9875,-0.377338,0
0.617672,1.98519,-0.367934,0
0.617759,1.98973,-0.359802,0
0.617847,1.97946,-0.349033,0
0.617934,1.98984,-0.341917,0
0.618021,1.98441,-0.332076,0
0.618108,1.99176,-0.324379,0
0.618196,1.99019,-0.315215,0
0.618283,1.98858,-0.306072,0
0.61837,1.98792,-0.297097,0
0.618457,1.97831,-0.286842,0
0.618545,1.98252,-0.278625,0
0.618632,1.97876,-0.269297,0
0.618719,1.97595,-0.260139,0
0.618806,1.98004,-0.251893,0
0.618894,1.98608,-0.243861,0
0.618981,1.98614,-0.235075,0
0.619068,1.98118,-0.225727,0
0.619156,1.98314,-0.217189,0
0.619243,1.98208,-0.208325,0
0.61933,1.98496,-0.199875,0
0.619417,1.98084,-0.190733,0
0.619505,1.98364,-0.182271,0
0.619592,1.98442,-0.173614,0
0.619679,1.99014,-0.165368,0
0.619766,1.98187,-0.155977,0
0.619854,1.97954,-0.147105,0
0.619941,1.97917,-0.138397,0
0.620028,1.97177,-0.129237,0
0.620115,1.9823,-0.121242,0
0.620203,1.97981,-0.112422,0
0.62029,1.98028,-0.103782,0
0.620377,1.97472,-0.0948528,0
0.620465,1.98211,-0.0865409,0
0.620552,1.98047,-0.077813,0
0.620639,1.98179,-0.0692058,0
0.620726,1.98108,-0.0605274,0
0.620814,1.96932,-0.0515686,0
0.620901,1.98153,-0.0432371,0
0.620988,1.9777,-0.0345209,0
0.621075,1.97983,-0.0259174,0
0.621163,1.96693,-0.0171651,0
0.62125,1.95898,-0.00854777,0
0.621337,1.948,-4.71696e-08,0
0.621424,1.93598,0.00844732,0
0.621512,1.88293,0.016432,0
0.621599,1.71785,0.0224879,0
0.621686,1.67574,0.0292502,0
0.621774,1.6676,0.0363872,0
0.621861,1.65543,0.043349,0
0.621948,1.67122,0.0510604,0
0.622035,1.67098,0.0583519,0
0.622123,1.67471,0.0657994,0
0.62221,1.67341,0.0730624,0
0.622297,1.67407,0.0804113,0
0.622384,1.66771,0.087401,0
0.622472,1.6733,0.0950171,0
0.622559,1.66788,0.102012,0
0.622646,1.66543,0.109158,0
0.622733,1.67391,0.117051,0
0.622821,1.72325,0.128059,0
0.622908,1.90411,0.149857,0
0.622995,1.9433,0.161476,0
0.623083,1.96051,0.171522,0
0.62317,1.98464,0.182363,0
0.623257,1.97686,0.19035,0
0.623344,1.96904,0.198272,0
0.623432,1.97214,0.20728,0
0.623519,1.98016,0.216863,0
0.623606,1.9782,0.225388,0
0.623693,1.98912,0.235427,0
0.623781,1.98112,0.243251,0
0.623868,1.97707,0.251514,0
0.623955,1.98388,0.261183,0
0.624042,1.97579,0.268893,0
0.62413,1.97459,0.277511,0
0.624217,1.97732,0.286698,0
0.624304,1.98001,0.295914,0
0.624392,1.97475,0.303942,0
0.624479,1.97834,0.313338,0
0.624566,1.97695,0.321967,0
0.624653,1.98441,0.332076,0
0.624741,1.97703,0.339715,0
0.624828,1.97848,0.348859,0
0.624915,1.97792,0.357666,0
0.625002,1.96356,0.363924,0
0.62509,1.97866,0.375659,0
0.625177,1.977,0.384289,0
0.625264,1.97922,0.393692,0
0.625351,1.96867,0.40053,0
0.625439,1.98061,0.411967,0
0.625526,1.97586,0.419982,0
0.625613,1.97303,0.428387,0
0.625701,1.97212,0.437208,0
0.625788,1.97409,0.446692,0
0.625875,1.97895,0.456876,0
0.625962,1.97596,0.465277,0
0.62605,1.98461,0.476462,0
0.626137,1.97862,0.484166,0
0.626224,1.97649,0.492795,0
0.626311,1.97529,0.50166,0
0.626399,1.97502,0.510775,0
0.626486,1.97858,0.520916,0
0.626573,1.98594,0.532132,0
0.62666,1.97203,0.537636,0
0.626748,1.97737,0.548373,0
0.626835,1.97496,0.556996,0
0.626922,1.97828,0.567262,0
0.62701,1.97482,0.575608,0
0.627097,1.97133,0.583935,0
0.627184,1.98313,0.596854,0
0.627271,1.97764,0.604625,0
0.627359,1.98549,0.61651,0
0.627446,1.9761,0.623062,0
0.627533,1.97908,0.633508,0
0.62762,1.97439,0.641519,0
0.627708,1.98297,0.653886,0
0.627795,1.98105,0.662849,0
0.627882,2.00749,0.681452,0
0.627969,1.97141,0.67881,0
0.628057,1.97881,0.691032,0
0.628144,1.97578,0.699659,0
0.628231,1.98306,0.711991,0
0.628319,1.97617,0.719268,0
0.628406,1.97208,0.727538,0
0.628493,1.97451,0.738237,0
0.62858,1.97127,0.746845,0
0.628668,1.97919,0.75974,0
0.628755,1.97399,0.767644,0
0.628842,1.97714,0.778815,0
0.628929,1.97372,0.787435,0
0.629017,1.97861,0.79941,0
0.629104,1.97233,0.8069,0
0.629191,1.97063,0.816264,0
0.629278,1.97535,0.828335,0
0.629366,1.97816,0.839681,0
0.629453,1.98275,0.851857,0
0.62954,1.97718,0.859703,0
0.629628,1.97067,0.867114,0
0.629715,1.97783,0.880585,0
0.629802,1.97123,0.887974,0
0.629889,1.97826,0.901543,0
0.629977,1.98066,0.913097,0
0.630064,1.97303,0.92004,0
0.630151,1.97443,0.9312,0
0.630238,1.96583,0.937653,0
0.630326,1.97523,0.952738,0
0.630413,1.97195,0.961786,0
0.6305,1.97491,0.97392,0
0.630587,1.96438,0.979404,0
0.630675,1.96366,0.989766,0
0.630762,1.97269,1.00513,0
0.630849,1.97006,1.01465,0
0.630937,1.96916,1.02508,0
0.631024,1.96733,1.03506,0
0.631111,1.97427,1.04974,0
0.631198,1.97143,1.05929,0
0.631286,1.97558,1.07265,0
0.631373,1.96474,1.0779,0
0.63146,1.97402,1.09422,0
0.631547,1.96835,1.10233,0
0.631635,1.97049,1.11485,0
0.631722,1.963,1.12195,0
0.631809,1.96501,1.1345,0
0.631896,1.96695,1.14709,0
0.631984,1.96796,1.15922,0
0.632071,1.96718,1.17035,0
0.632158,1.95948,1.17738,0
0.632246,1.96202,1.19058,0
0.632333,1.96789,1.20593,0
0.63242,1.96857,1.21819,0
0.632507,1.97086,1.23153,0
0.632595,1.97055,1.24332,0
0.632682,1.96342,1.25083,0
0.632769,1.97392,1.26967,0
0.632856,1.96836,1.27827,0
0.632944,1.96945,1.29123,0
0.633031,1.96213,1.29871,0
0.633118,1.96975,1.31615,0
0.633205,1.96482,1.32529,0
0.633293,1.96728,1.33948,0
0.63338,1.96719,1.35201,0
0.633467,1.96127,1.36058,0
0.633555,1.96842,1.3783,0
0.633642,1.96729,1.39034,0
0.633729,1.9726,1.40704,0
0.633816,1.96969,1.41797,0
0.633904,1.97157,1.43243,0
0.633991,1.97176,1.44575,0
0.634078,1.9791,1.46445,0
0.634165,1.96628,1.46829,0
0.634253,1.96464,1.48046,0
0.63434,1.97249,1.49992,0
0.634427,1.97466,1.51521,0
0.634514,1.97356,1.52809,0
0.634602,1.96372,1.53423,0
0.634689,1.97115,1.55393,0
0.634776,1.96904,1.56625,0
0.634864,1.97077,1.58171,0
0.634951,1.96463,1.59092,0
0.635038,1.96773,1.6077,0
0.635125,1.96533,1.62009,0
0.635213,1.97054,1.63888,0
0.6353,1.96107,1.64554,0
0.635387,1.9638,1.66248,0
0.635474,1.96413,1.67752,0
0.635562,1.97043,1.69783,0
0.635649,1.95545,1.69985,0
0.635736,1.95629,1.71562,0
0.635823,1.96751,1.7407,0
0.635911,1.96959,1.75793,0
0.635998,1.96562,1.76985,0
0.636085,1.96528,1.78513,0
0.636173,1.95747,1.79369,0
0.63626,1.95991,1.81172,0
0.636347,1.96588,1.83321,0
0.636434,1.96077,1.84451,0
0.636522,1.96069,1.86062,0
0.636609,1.96844,1.88437,0
0.636696,1.9638,1.89642,0
0.636783,1.96338,1.91264,0
0.636871,1.96786,1.93381,0
0.636958,1.97005,1.95294,0
0.637045,1.96859,1.96859,0
0.637132,1.97195,1.98923,0
0.63722,1.97446,2.00923,0
0.637307,1.97614,2.02857,0
0.637394,1.9763,2.04652,0
0.637482,1.97911,2.06741,0
0.637569,1.97282,2.07892,0
0.637656,1.96579,2.0897,0
0.637743,1.9662,2.10849,0
0.637831,1.97192,2.13321,0
0.637918,1.96529,2.14474,0
0.638005,1.96936,2.1681,0
0.638092,1.9813,2.20045,0
0.63818,2.02095,2.26428,0
0.638267,2.04153,2.30753,0
0.638354,2.04595,2.33296,0
0.638441,2.05543,2.36451,0
0.638529,2.0464,2.37497,0
0.638616,2.03147,2.37855,0
0.638703,2.03594,2.40495,0
0.638791,2.02285,2.41074,0
0.638878,2.01615,2.42416,0
0.638965,2.01764,2.44759,0
0.639052,2.03162,2.48657,0
0.63914,2.03396,2.51174,0
0.639227,2.04427,2.5471,0
0.639314,2.06177,2.592,0
0.639401,2.0362,2.58291,0
0.639489,2.02676,2.59413,0
0.639576,2.02399,2.61402,0
0.639663,2.01622,2.62759,0
0.63975,2.012,2.64591,0
0.639838,2.03293,2.69779,0
0.639925,2.04029,2.73228,0
0.640012,2.05273,2.77411,0
0.640099,2.0619,2.81207,0
0.640187,2.03197,2.79677,0
0.640274,2.01099,2.79344,0
0.640361,2.00575,2.81195,0
0.640449,1.99923,2.82885,0
0.640536,1.99891,2.85474,0
0.640623,1.98245,2.85769,0
0.64071,1.97449,2.8729,0
0.640798,1.97151,2.89554,0
0.640885,1.97227,2.92402,0
0.640972,1.97783,2.96003,0
0.641059,1.97262,2.98031,0
0.641147,1.9766,3.01481,0
0.641234,1.97922,3.04773,0
0.641321,1.97185,3.06559,0
0.641408,1.97565,3.10115,0
0.641496,1.9637,3.11228,0
0.641583,1.97978,3.16831,0
0.64167,1.97699,3.19477,0
0.641758,1.98027,3.23151,0
0.641845,1.97756,3.25892,0
0.641932,1.96951,3.27781,0
0.642019,1.95467,3.28551,0
0.642107,1.93169,3.27936,0
0.642194,1.91434,3.28257,0
0.642281,1.8955,3.2831,0
0.642368,1.87471,3.28006,0
0.642456,1.85988,3.28733,0
0.642543,1.83575,3.27797,0
0.64263,1.81125,3.26758,0
0.642717,1.79601,3.2737,0
0.642805,1.78123,3.28062,0
0.642892,1.76406,3.28308,0
0.642979,1.7408,3.27397,0
0.643067,1.71951,3.26826,0
0.643154,1.69693,3.25976,0
0.643241,1.68269,3.26714,0
0.643328,1.66115,3.26019,0
0.643416,1.65366,3.2808,0
0.643503,1.64915,3.30768,0
0.64359,1.63647,3.31843,0
0.643677,1.62943,3.34082,0
0.643765,1.627,3.37311,0
0.643852,1.6269,3.41087,0
0.643939,1.62608,3.44778,0
0.644026,1.65159,3.54185,0
0.644114,1.63194,3.53994,0
0.644201,1.75871,3.85915,0
0.644288,1.76486,3.91784,0
0.644376,1.7693,3.97392,0
0.644463,1.76443,4.00998,0
0.64455,1.78321,4.10109,0
0.644637,1.78345,4.1511,0
0.644725,1.78017,4.19382,0
0.644812,1.78428,4.25503,0
0.644899,1.7745,4.28403,0
0.644986,1.77813,4.34634,0
0.645074,1.77564,4.39485,0
0.645161,1.77979,4.46107,0
0.645248,1.7746,4.50508,0
0.645335,1.77595,4.56684,0
0.645423,1.77392,4.62122,0
0.64551,1.77181,4.67661,0
0.645597,1.76995,4.73394,0
0.645685,1.7735,4.80729,0
0.645772,1.77235,4.86949,0
0.645859,1.77102,4.9327,0
0.645946,1.76918,4.996,0
0.646034,1.15491,3.30714,0
0.646121,1.13037,3.28284,0
0.646208,1.11829,3.29437,0
0.646295,1.09851,3.2831,0
0.646383,1.08261,3.28311,0
0.64647,1.07043,3.29446,0
0.646557,1.06093,3.31434,0
0.646644,1.04585,3.31703,0
0.646732,1.03582,3.33588,0
0.646819,1.75949,5.75504,0
0.646906,1.75771,5.84023,0
0.646994,1.75635,5.92934,0
0.647081,1.75901,6.03487,0
0.647168,1.75498,6.12035,0
0.647255,1.73152,6.1395,0
0.647343,1.70364,6.14314,0
0.64743,1.67945,6.16017,0
0.647517,1.64712,6.14715,0
0.647604,1.61672,6.14074,0
0.647692,1.58991,6.14774,0
0.647779,1.5584,6.1362,0
0.647866,1.52846,6.13033,0
0.647953,1.50479,6.14957,0
0.648041,1.47374,6.13857,0
0.648128,1.4458,6.14008,0
0.648215,1.41742,6.13951,0
0.648303,1.38797,6.13393,0
0.64839,1.36054,6.137,0
0.648477,1.33332,6.14092,0
0.648564,1.30402,6.13494,0
0.648652,1.2748,6.12882,0
0.648739,1.24904,6.13923,0
0.648826,1.2201,6.13383,0
0.648913,1.19332,6.1391,0
0.649001,1.16503,6.13638,0
0.649088,1.13697,6.13453,0
0.649175,1.10912,6.13353,0
0.649262,1.07905,6.1196,0
0.64935,1.0542,6.13509,0
0.649437,1.02759,6.14061,0
0.649524,0.998051,6.12826,0
0.649612,0.971928,6.13651,0
0.649699,0.944078,6.13377,0
0.649786,0.914793,6.12102,0
0.649873,0.889367,6.13386,0
0.649961,0.859533,6.1159,0
0.650048,0.833244,6.12256,0
0.650135,0.806522,6.12614,0
0.650222,0.779784,6.1296,0
0.65031,0.750959,6.11607,0
0.650397,0.724618,6.12227,0
0.650484,0.697106,6.11842,0
0.650571,0.669532,6.11345,0
0.650659,0.642641,6.11432,0
0.650746,0.616357,6.12105,0
0.650833,0.589164,6.1187,0
0.650921,0.562461,6.12121,0
0.651008,0.535049,6.11564,0
0.651095,0.508029,6.11393,0
0.651182,0.481347,6.11609,0
0.65127,0.45473,6.11913,0
0.651357,0.428445,6.12704,0
0.651444,0.400791,6.11488,0
0.651531,0.373617,6.10858,0
0.651619,0.347697,6.12314,0
0.651706,0.320401,6.11361,0
0.651793,0.293626,6.11295,0
0.65188,0.266864,6.11218,0
0.651968,0.240113,6.11128,0
0.652055,0.213341,6.10928,0
0.652142,0.186682,6.11015,0
0.65223,0.159784,6.10191,0
0.652317,0.133507,6.11854,0
0.652404,0.106669,6.11107,0
0.652491,0.0800169,6.11248,0
0.652579,0.0533455,6.11277,0
0.652666,0.0266295,6.10294,0
0.652753,2.22151e-07,6.106,0
0.65284,-0.0266203,6.10094,0
0.652928,-0.053284,6.10577,0
0.653015,-0.0800034,6.11148,0
0.653102,-0.106425,6.09707,0
0.653189,-0.133092,6.09955,0
0.653277,-0.159993,6.10991,0
0.653364,-0.186315,6.09815,0
0.653451,-0.213515,6.11427,0
0.653539,-0.239367,6.0923,0
0.653626,-0.266427,6.10219,0
0.653713,-0.292714,6.09397,0
0.6538,-0.319563,6.09763,0
0.653888,-0.346393,6.10017,0
0.653975,-0.37264,6.09262,0
0.654062,-0.399678,6.09792,0
0.654149,-0.426979,6.10609,0
0.654237,-0.452877,6.0942,0
0.654324,-0.479463,6.09216,0
0.654411,-0.506455,6.095,0
0.654498,-0.532957,6.09173,0
0.654586,-0.560173,6.09632,0
0.654673,-0.586863,6.09481,0
0.65476,-0.613351,6.0912,0
0.654848,-0.640968,6.09841,0
0.654935,-0.666156,6.08263,0
0.655022,-0.694728,6.09755,0
0.655109,-0.721209,6.09347,0
0.655197,-0.747181,6.0853,0
0.655284,-0.774104,6.08496,0
0.655371,-0.800256,6.07855,0
0.655458,-0.82785,6.08293,0
0.655546,-0.855636,6.08817,0
0.655633,-0.881475,6.07943,0
0.65572,-0.91021,6.09036,0
0.655807,-0.935254,6.07645,0
0.655895,-0.96301,6.08021,0
0.655982,-0.991781,6.08977,0
0.656069,-1.01653,6.07453,0
0.656157,-1.04133,6.06018,0
0.656244,-1.0688,6.06149,0
0.656331,-1.09578,6.05972,0
0.656418,-1.12403,6.06472,0
0.656506,-1.1488,6.05091,0
0.656593,-1.16813,6.00952,0
0.65668,-1.15786,5.82096,0
0.656767,-1.15813,5.69238,0
0.656855,-1.15933,5.57371,0
0.656942,-1.15225,5.42089,0
0.657029,-1.14088,5.25457,0
0.657116,-1.14345,5.15777,0
0.657204,-1.14299,5.0513,0
0.657291,-1.13893,4.93324,0
0.657378,-1.13913,4.83769,0
0.657466,-1.13594,4.73155,0
0.657553,-1.13543,4.6401,0
0.65764,-1.13389,4.54778,0
0.657727,-1.13575,4.47203,0
0.657815,-1.13973,4.40701,0
0.657902,-1.134,4.30722,0
0.657989,-1.13984,4.25394,0
0.658076,-1.13261,4.15437,0
0.658164,-1.13149,4.08001,0
0.658251,-1.13055,4.00863,0
0.658338,-1.13011,3.94117,0
0.658425,-1.13303,3.88724,0
0.658513,-0.701518,2.36828,0
0.6586,-0.700605,2.32786,0
0.658687,-0.697306,2.28079,0
0.658775,-0.701914,2.26053,0
0.658862,-0.700945,2.22311,0
0.658949,-0.703932,2.19908,0
0.659036,-0.707031,2.17602,0
0.659124,-0.709003,2.15012,0
0.659211,-0.711397,2.12614,0
0.659298,-0.716167,2.10976,0
0.659385,-0.717227,2.08298,0
0.659473,-0.72466,2.07511,0
0.65956,-0.727699,2.05496,0
0.659647,-0.736658,2.05176,0
0.659734,-0.746972,2.05229,0
0.659822,-0.753151,2.0415,0
0.659909,-0.762401,2.03914,0
0.659996,-0.773417,2.0414,0
0.660084,-0.785184,2.04547,0
0.660171,-0.792289,2.03737,0
0.660258,-0.805203,2.04413,0
0.660345,-0.814115,2.04059,0
0.660433,-0.829754,2.05371,0
0.66052,-0.839085,2.051,0
0.660607,-0.853001,2.05933,0
0.660694,-0.860045,2.05098,0
0.660782,-0.877191,2.06653,0
0.660869,-0.896463,2.08657,0
0.660956,-0.952213,2.18994,0
0.661043,-1.10071,2.50155,0
0.661131,-1.10226,2.47571,0
0.661218,-1.09908,2.43988,0
0.661305,-1.10557,2.42596,0
0.661393,-1.10568,2.39841,0
0.66148,-1.1043,2.36818,0
0.661567,-1.10268,2.33802,0
0.661654,-1.10168,2.30972,0
0.661742,-1.10262,2.28597,0
0.661829,-1.10206,2.25957,0
0.661916,-1.10351,2.2377,0
0.662003,-1.09809,2.20243,0
0.662091,-1.10409,2.19048,0
0.662178,-1.10138,2.16158,0
0.662265,-1.10164,2.13898,0
0.662352,-1.10035,2.11375,0
0.66244,-1.10164,2.09388,0
0.662527,-1.09528,2.05992,0
0.662614,-1.10141,2.04983,0
0.662702,-1.09747,2.02128,0
0.662789,-1.09906,2.00332,0
0.662876,-1.09615,1.97752,0
0.662963,-1.09695,1.95875,0
0.663051,-1.09712,1.93915,0
0.663138,-1.10259,1.92914,0
0.663225,-1.0955,1.89746,0
0.663312,-1.09571,1.87884,0
0.6634,-1.09628,1.86112,0
0.663487,-1.09723,1.84429,0
0.663574,-1.09343,1.81977,0
0.663661,-1.09721,1.80814,0
0.663749,-1.09202,1.78202,0
0.663836,-1.09663,1.77213,0
0.663923,-1.09587,1.75376,0
0.664011,-1.10031,1.74389,0
0.664098,-1.09394,1.71715,0
0.664185,-1.09331,1.69974,0
0.664272,-1.09037,1.67902,0
0.66436,-1.0911,1.66421,0
0.664447,-1.09118,1.64859,0
0.664534,-1.09058,1.63217,0
0.664621,-1.0977,1.6274,0
0.664709,-1.09297,1.60524,0
0.664796,-1.09656,1.59551,0
0.664883,-1.09097,1.57263,0
0.66497,-1.09553,1.56458,0
0.665058,-1.0908,1.54345,0
0.665145,-1.09346,1.53298,0
0.665232,-0.063099,0.08765,0
0.66532,-0.0570152,0.0784747,0
0.665407,-0.0585397,0.079838,0
0.665494,-0.0541289,0.073151,0
0.665581,-0.0598325,0.0801254,0
0.665669,-0.0655978,0.0870513,0
0.665756,-0.0653718,0.0859682,0
0.665843,-0.0700076,0.0912356,0
0.66593,-0.0606095,0.0782783,0
0.666018,-0.0652601,0.0835291,0
0.666105,-0.0681003,0.0863849,0
0.666192,-0.0697216,0.0876521,0
0.666279,-0.0532035,0.0662902,0
0.666367,-0.0685959,0.0847089,0
0.666454,-0.0702303,0.0859576,0
0.666541,-0.0737851,0.0895085,0
0.666629,-0.0601073,0.0722711,0
0.666716,-0.0539942,0.0643477,0
0.666803,-0.057505,0.0679277,0
0.66689,-0.0727382,0.0851655,0
0.666978,-0.0626649,0.0727262,0
0.667065,-0.0695423,0.0799992,0
0.667152,-0.053407,0.060899,0
0.667239,-0.0563227,0.0636612,0
0.667327,-0.0572658,0.0641609,0
0.667414,-0.0635674,0.0705988,0
0.667501,-0.0484104,0.0532957,0
0.667588,-0.0628299,0.0685668,0
0.667676,-0.0312248,0.0337788,0
0.667763,-0.0497859,0.0533888,0
0.66785,-0.0596109,0.0633683,0
0.667937,-0.0385479,0.040621,0
0.668025,-0.0421823,0.0440642,0
0.668112,-0.0298703,0.0309316,0
0.668199,-0.0453564,0.0465596,0
0.668287,-0.0560727,0.05706,0
0.668374,-0.0450569,0.0454519,0
0.668461,-0.0431335,0.0431335,0
