7200
5951
5.18363
5.19934,-0.026163,-0.026163,0
5.19942,-0.0506891,-0.0511333,0
5.19951,-0.0399518,-0.0406553,0
5.1996,-0.0376807,-0.0386803,0
5.19968,-0.0666872,-0.0690566,0
5.19977,-0.0567041,-0.0592338,0
5.19986,-0.0922395,-0.0972002,0
5.19995,-0.11237,-0.119453,0
5.20003,-0.128898,-0.138226,0
5.20012,-0.138475,-0.149802,0
5.20021,-0.233754,-0.255098,0
5.2003,-0.147921,-0.162848,0
5.20038,-0.150554,-0.167208,0
5.20047,-0.182452,-0.20442,0
5.20056,-0.407511,-0.460608,0
5.20064,-0.5044,-0.575157,0
5.20073,-0.518287,-0.596221,0
5.20082,-0.533305,-0.618931,0
5.20091,-0.535145,-0.626575,0
5.20099,-0.529176,-0.625087,0
5.20108,-0.534157,-0.636583,0
5.20117,-0.528816,-0.635832,0
5.20126,-0.529217,-0.641992,0
5.20134,-0.508695,-0.622612,0
5.20143,-0.483947,-0.597625,0
5.20152,-0.473198,-0.589593,0
5.2016,-0.471244,-0.592434,0
5.20169,-0.472369,-0.599197,0
5.20178,-0.470365,-0.60204,0
5.20187,-0.465897,-0.601715,0
5.20195,-0.460832,-0.600568,0
5.20204,-0.458208,-0.602574,0
5.20213,-0.456176,-0.605366,0
5.20222,-0.461907,-0.618568,0
5.2023,-0.462177,-0.624597,0
5.20239,-0.449987,-0.613704,0
5.20248,-0.449068,-0.618089,0
5.20256,-0.445198,-0.618419,0
5.20265,-0.435527,-0.610587,0
5.20274,-0.428242,-0.605948,0
5.20283,-0.412401,-0.58897,0
5.20291,-0.425788,-0.61377,0
5.203,-0.419141,-0.609853,0
5.20309,-0.424918,-0.624075,0
5.20318,-0.417717,-0.619291,0
5.20326,-0.421122,-0.630254,0
5.20335,-0.415609,-0.627916,0
5.20344,-0.416703,-0.635577,0
5.20352,-0.417738,-0.64326,0
5.20361,-0.428452,-0.666103,0
5.2037,-0.422855,-0.663749,0
5.20379,-0.421022,-0.667279,0
5.20387,-0.410158,-0.656389,0
5.20396,-0.409394,-0.661574,0
5.20405,-0.407549,-0.665059,0
5.20414,-0.407756,-0.671961,0
5.20422,-0.403275,-0.671162,0
5.20431,-0.399831,-0.672056,0
5.2044,-0.39182,-0.665178,0
5.20448,-0.38841,-0.666017,0
5.20457,-0.394,-0.682428,0
5.20466,-0.404913,-0.70845,0
5.20475,-0.416098,-0.735451,0
5.20483,-0.414351,-0.739877,0
5.20492,-0.404816,-0.730307,0
5.20501,-0.412207,-0.751355,0
5.2051,-0.401291,-0.739085,0
5.20518,-0.408475,-0.760209,0
5.20527,-0.407032,-0.765516,0
5.20536,-0.411603,-0.782329,0
5.20544,-0.408186,-0.784118,0
5.20553,-0.413002,-0.801893,0
5.20562,-0.408591,-0.801906,0
5.20571,-0.399687,-0.792965,0
5.20579,-0.406486,-0.815285,0
5.20588,-0.40779,-0.826917,0
5.20597,-0.411631,-0.843968,0
5.20606,-0.410116,-0.850259,0
5.20614,-0.42147,-0.883631,0
5.20623,-0.405667,-0.860137,0
5.20632,-0.405714,-0.870055,0
5.2064,-0.398145,-0.863644,0
5.20649,-0.397276,-0.871743,0
5.20658,-0.398397,-0.884409,0
5.20667,-0.397382,-0.892534,0
5.20675,-0.398317,-0.905243,0
5.20684,-0.407123,-0.936318,0
5.20693,-0.411323,-0.95738,0
5.20702,-0.40089,-0.944438,0
5.2071,-0.397152,-0.9471,0
5.20719,-0.393399,-0.949748,0
5.20728,-0.395688,-0.96719,0
5.20736,-0.398207,-0.985596,0
5.20745,-0.395014,-0.990111,0
5.20754,-0.390324,-0.990895,0
5.20763,-0.39687,-1.02055,0
5.20771,-0.393488,-1.02507,0
5.2078,-0.980678,-2.58845,0
5.20789,-0.981982,-2.62643,0
5.20797,-0.973973,-2.64007,0
5.20806,-0.961077,-2.64054,0
5.20815,-0.951236,-2.64941,0
5.20824,-0.937997,-2.64882,0
5.20832,-0.921485,-2.63873,0
5.20841,-0.907684,-2.63611,0
5.2085,-0.90003,-2.6514,0
5.20859,-0.886549,-2.64962,0
5.20867,-0.875293,-2.65441,0
5.20876,-0.859067,-2.64394,0
5.20885,-0.846608,-2.6448,0
5.20893,-0.833557,-2.6437,0
5.20902,-0.823199,-2.65114,0
5.20911,-0.809577,-2.64801,0
5.2092,-0.796863,-2.64768,0
5.20928,-0.781326,-2.63771,0
5.20937,-0.76981,-2.6411,0
5.20946,-0.178889,-0.623859,0
5.20955,-0.18458,-0.65447,0
5.20963,-0.178515,-0.643705,0
5.20972,-0.172812,-0.633865,0
5.20981,-0.166421,-0.62109,0
5.20989,-0.16651,-0.632448,0
5.20998,-0.163248,-0.631232,0
5.21007,-0.162215,-0.638723,0
5.21016,-0.161362,-0.647187,0
5.21024,-0.167331,-0.683825,0
5.21033,-0.169014,-0.703996,0
5.21042,-0.168004,-0.713487,0
5.21051,-0.165339,-0.716162,0
5.21059,-0.167289,-0.739309,0
5.21068,-0.169472,-0.76444,0
5.21077,-0.172076,-0.792534,0
5.21085,-0.167161,-0.786431,0
5.21094,-0.166986,-0.802817,0
5.21103,-0.163282,-0.802558,0
5.21112,-0.16095,-0.809148,0
5.2112,-0.155891,-0.801989,0
5.21129,-0.149592,-0.787925,0
5.21138,-0.150527,-0.812169,0
5.21147,-0.148049,-0.818722,0
5.21155,-0.146038,-0.828223,0
5.21164,-0.147334,-0.857434,0
5.21173,-0.148213,-0.885684,0
5.21181,-0.147079,-0.903102,0
5.2119,-0.145015,-0.915587,0
5.21199,-0.144669,-0.939932,0
5.21208,-0.144558,-0.967257,0
5.21216,-0.139762,-0.96392,0
5.21225,-0.13639,-0.970463,0
5.21234,-0.359917,-2.64462,0
5.21243,-0.348766,-2.64914,0
5.21251,-0.338466,-2.66056,0
5.2126,-0.324904,-2.64613,0
5.21269,-0.31265,-2.64156,0
5.21277,-0.302366,-2.65383,0
5.21286,-0.29013,-2.64916,0
5.21295,-0.278673,-2.6514,0
5.21304,-0.2662,-2.64363,0
5.21312,-0.253608,-2.63382,0
5.21321,-0.242205,-2.6359,0
5.2133,-0.229917,-2.62796,0
5.21339,-0.218862,-2.63392,0
5.21347,-0.208858,-2.65379,0
5.21356,-0.197055,-2.65169,0
5.21365,-0.185831,-2.65751,0
5.21373,-0.173711,-2.65031,0
5.21382,-0.162572,-2.65803,0
5.21391,-0.150916,-2.65772,0
5.214,-0.139004,-2.65236,0
5.21408,-0.127526,-2.65494,0
5.21417,-0.11594,-2.65547,0
5.21426,-0.104353,-2.65595,0
5.21435,-0.0926582,-2.65338,0
5.21443,-0.0809882,-2.65076,0
5.21452,-0.0693951,-2.65009,0
5.21461,-0.0576568,-2.64237,0
5.21469,-0.0460569,-2.6386,0
5.21478,-0.0345042,-2.63577,0
5.21487,-0.0231952,-2.6579,0
5.21496,-0.0115672,-2.65097,0
5.21504,-3.19712e-08,-2.654,0
5.21513,0.0116107,-2.66097,0
5.21522,0.023134,-2.6509,0
5.21531,0.034779,-2.65677,0
5.21539,0.0463187,-2.6536,0
5.21548,0.0578967,-2.65337,0
5.21557,0.0694212,-2.65109,0
5.21565,0.0810492,-2.65276,0
5.21574,0.0925534,-2.65038,0
5.21583,0.104196,-2.65195,0
5.21592,0.115679,-2.64948,0
5.216,0.127286,-2.64994,0
5.21609,0.1389,-2.65036,0
5.21618,0.150746,-2.65472,0
5.21627,0.162145,-2.65105,0
5.21635,0.173711,-2.65031,0
5.21644,0.185343,-2.65053,0
5.21653,0.197129,-2.65269,0
5.21661,0.208544,-2.64981,0
5.2167,0.220353,-2.65186,0
5.21679,0.232531,-2.65785,0
5.21688,0.243669,-2.65183,0
5.21696,0.255333,-2.65174,0
5.21705,0.267202,-2.65358,0
5.21714,0.27815,-2.64642,0
5.21723,0.289477,-2.6432,0
5.21731,0.302479,-2.65482,0
5.2174,0.313472,-2.64851,0
5.21749,0.324416,-2.64216,0
5.21757,0.337708,-2.65461,0
5.21766,0.349158,-2.65211,0
5.21775,0.360052,-2.64561,0
5.21784,0.372984,-2.65392,0
5.21792,0.382408,-2.63742,0
5.21801,0.394799,-2.64166,0
5.2181,0.407995,-2.65079,0
5.21819,0.418775,-2.64404,0
5.21827,0.431754,-2.65107,0
5.21836,0.443978,-2.65311,0
5.21845,0.456736,-2.65804,0
5.21853,0.467287,-2.65012,0
5.21862,0.479736,-2.65297,0
5.21871,0.490396,-2.64594,0
5.2188,0.502123,-2.64476,0
5.21888,0.513467,-2.64156,0
5.21897,0.527914,-2.65401,0
5.21906,0.539888,-2.65364,0
5.21915,0.552073,-2.65419,0
5.21923,0.563856,-2.65274,0
5.21932,0.576487,-2.65514,0
5.21941,0.586768,-2.64674,0
5.21949,0.596987,-2.6383,0
5.21958,0.611192,-2.64736,0
5.21967,0.623883,-2.64954,0
5.21976,0.635672,-2.64776,0
5.21984,0.64912,-2.65274,0
5.21993,0.659237,-2.64406,0
5.22002,0.671998,-2.646,0
5.2201,0.684789,-2.64788,0
5.22019,0.6971,-2.64777,0
5.22028,0.70787,-2.64181,0
5.22037,0.722547,-2.65027,0
5.22045,0.736242,-2.6548,0
5.22054,0.747547,-2.6506,0
5.22063,0.759381,-2.64828,0
5.22072,0.772608,-2.6507,0
5.2208,0.786722,-2.65593,0
5.22089,0.798015,-2.65152,0
5.22098,0.807823,-2.64227,0
5.22106,0.822013,-2.64732,0
5.22115,0.833857,-2.64466,0
5.22124,0.849962,-2.65528,0
5.22133,0.858758,-2.64299,0
5.22141,0.873727,-2.64966,0
5.2215,0.88877,-2.65625,0
5.22159,0.901316,-2.65519,0
5.22168,0.911265,-2.64651,0
5.22176,0.929398,-2.66139,0
5.22185,0.941001,-2.65731,0
5.22194,0.953601,-2.656,0
5.22202,0.966891,-2.65651,0
5.22211,0.980203,-2.65696,0
5.2222,0.993188,-2.6564,0
5.22229,1.00406,-2.65017,0
5.22237,1.01776,-2.65137,0
5.22246,1.0315,-2.65249,0
5.22255,1.04306,-2.64797,0
5.22264,1.05461,-2.64339,0
5.22272,1.06988,-2.64804,0
5.22281,1.08483,-2.65167,0
5.2229,1.09945,-2.65431,0
5.22298,1.11141,-2.65041,0
5.22307,1.12296,-2.64553,0
5.22316,1.13726,-2.64704,0
5.22325,1.15478,-2.65581,0
5.22333,1.16837,-2.65532,0
5.22342,1.18198,-2.65476,0
5.22351,1.19601,-2.65505,0
5.2236,1.20925,-2.65345,0
5.22368,1.225,-2.65723,0
5.22377,1.23658,-2.65186,0
5.22386,1.25155,-2.65367,0
5.22394,1.26958,-2.66172,0
5.22403,1.2777,-2.64895,0
5.22412,1.29539,-2.65594,0
5.22421,1.30829,-2.65295,0
5.22429,1.31941,-2.64632,0
5.22438,1.33724,-2.65304,0
5.22447,1.35471,-2.65876,0
5.22456,1.36813,-2.65638,0
5.22464,1.38201,-2.65482,0
5.22473,1.40103,-2.66293,0
5.22482,1.41264,-2.65679,0
5.2249,1.42895,-2.65941,0
5.22499,1.43959,-2.65139,0
5.22508,1.45355,-2.64947,0
5.22517,1.46994,-2.65185,0
5.22525,1.48932,-2.65937,0
5.22534,1.50485,-2.65981,0
5.22543,1.51445,-2.64974,0
5.22552,1.5355,-2.65956,0
5.2256,1.55414,-2.66493,0
5.22569,1.56423,-2.65554,0
5.22578,1.57427,-2.64611,0
5.22586,1.59095,-2.64779,0
5.22595,1.61235,-2.65707,0
5.22604,1.62706,-2.65512,0
5.22613,1.64442,-2.65735,0
5.22621,1.66236,-2.66033,0
5.2263,1.67662,-2.65728,0
5.22639,1.69034,-2.65331,0
5.22648,1.70732,-2.65432,0
5.22656,1.71943,-2.64768,0
5.22665,1.74028,-2.65437,0
5.22674,1.75958,-2.65843,0
5.22682,1.77782,-2.6607,0
5.22691,1.79445,-2.66038,0
5.227,1.80998,-2.65831,0
5.22709,1.82949,-2.66193,0
5.22717,1.84337,-2.65721,0
5.22726,1.86011,-2.65651,0
5.22735,1.8763,-2.6549,0
5.22744,1.896,-2.65809,0
5.22752,1.91517,-2.66034,0
5.22761,1.93323,-2.66086,0
5.2277,1.95428,-2.6653,0
5.22778,1.96946,-2.66157,0
5.22787,1.97866,-2.64975,0
5.22796,1.97937,-2.62671,0
5.22805,1.97628,-2.59895,0
5.22813,1.97604,-2.57523,0
5.22822,1.98297,-2.56104,0
5.22831,1.9812,-2.53582,0
5.2284,1.97739,-2.5083,0
5.22848,1.97835,-2.48713,0
5.22857,1.97416,-2.45976,0
5.22866,1.97607,-2.44024,0
5.22874,1.97278,-2.41456,0
5.22883,1.97502,-2.39589,0
5.22892,1.97778,-2.37803,0
5.22901,1.97786,-2.35712,0
5.22909,1.97714,-2.33549,0
5.22918,1.98082,-2.31924,0
5.22927,1.98113,-2.29921,0
5.22936,1.97933,-2.27696,0
5.22944,1.97672,-2.25402,0
5.22953,1.98521,-2.24387,0
5.22962,1.97833,-2.21654,0
5.2297,1.97795,-2.19674,0
5.22979,1.98079,-2.18068,0
5.22988,1.98083,-2.1617,0
5.22997,1.98481,-2.14716,0
5.23005,1.98734,-2.13116,0
5.23014,1.98429,-2.10936,0
5.23023,1.97627,-2.08255,0
5.23032,1.97773,-2.06596,0
5.2304,1.97769,-2.04796,0
5.23049,1.97684,-2.02928,0
5.23058,1.97797,-2.01279,0
5.23066,1.98251,-1.99988,0
5.23075,1.98273,-1.98273,0
5.23084,1.98426,-1.96702,0
5.23093,1.97642,-1.94222,0
5.23101,1.98487,-1.93358,0
5.2311,1.9861,-1.91795,0
5.23119,1.98361,-1.89889,0
5.23128,1.97882,-1.87783,0
5.23136,1.97389,-1.85685,0
5.23145,1.97904,-1.84549,0
5.23154,1.9768,-1.82733,0
5.23162,1.98106,-1.81531,0
5.23171,1.97342,-1.79253,0
5.2318,1.97008,-1.77387,0
5.23189,1.9681,-1.7566,0
5.23197,1.97425,-1.74667,0
5.23206,1.97433,-1.73144,0
5.23215,1.96677,-1.70969,0
5.23224,1.96209,-1.69065,0
5.23232,1.97782,-1.68921,0
5.23241,1.97067,-1.66829,0
5.2325,1.9741,-1.65646,0
5.23258,1.96747,-1.63632,0
5.23267,1.97382,-1.62709,0
5.23276,1.9747,-1.6134,0
5.23285,1.96851,-1.59407,0
5.23293,1.96765,-1.5792,0
5.23302,1.97061,-1.56749,0
5.23311,1.97115,-1.55393,0
5.23319,1.96845,-1.53792,0
5.23328,1.9704,-1.52565,0
5.23337,1.96672,-1.50912,0
5.23346,1.9701,-1.4981,0
5.23354,1.97582,-1.48889,0
5.23363,1.97028,-1.47128,0
5.23372,1.96623,-1.45494,0
5.23381,1.97014,-1.44457,0
5.23389,1.97886,-1.43772,0
5.23398,1.97699,-1.42323,0
5.23407,1.97342,-1.40762,0
5.23415,1.97056,-1.39265,0
5.23424,1.97334,-1.38175,0
5.23433,1.9736,-1.36913,0
5.23442,1.97543,-1.35768,0
5.2345,1.9739,-1.34398,0
5.23459,1.97062,-1.3292,0
5.23468,1.97141,-1.31726,0
5.23477,1.97798,-1.30919,0
5.23485,1.97029,-1.29178,0
5.23494,1.97507,-1.28262,0
5.23503,1.97896,-1.27291,0
5.23511,1.97775,-1.25997,0
5.2352,1.97647,-1.24706,0
5.23529,1.97256,-1.23259,0
5.23538,1.97367,-1.22134,0
5.23546,1.97813,-1.2122,0
5.23555,1.97741,-1.19992,0
5.23564,1.9732,-1.18562,0
5.23573,1.96546,-1.16933,0
5.23581,1.97227,-1.16176,0
5.2359,1.97473,-1.15163,0
5.23599,1.9858,-1.1465,0
5.23607,1.97949,-1.13137,0
5.23616,1.97658,-1.11829,0
5.23625,1.97446,-1.10575,0
5.23634,1.97577,-1.09519,0
5.23642,1.97527,-1.08367,0
5.23651,1.97031,-1.06979,0
5.2366,1.97848,-1.06308,0
5.23669,1.96897,-1.04692,0
5.23677,1.97441,-1.03879,0
5.23686,1.9736,-1.02739,0
5.23695,1.96828,-1.01373,0
5.23703,1.97447,-1.00604,0
5.23712,1.97527,-0.995618,0
5.23721,1.96886,-0.981635,0
5.2373,1.9785,-0.975689,0
5.23738,1.97285,-0.962225,0
5.23747,1.98514,-0.957517,0
5.23756,1.97486,-0.941958,0
5.23765,1.97533,-0.931626,0
5.23773,1.97031,-0.918772,0
5.23782,1.9625,-0.904724,0
5.23791,1.9728,-0.899055,0
5.23799,1.97123,-0.887974,0
5.23808,1.97783,-0.880585,0
5.23817,1.97158,-0.867516,0
5.23826,1.97076,-0.856912,0
5.23834,1.97173,-0.84712,0
5.23843,1.9662,-0.834602,0
5.23852,1.97351,-0.827562,0
5.23861,1.98357,-0.821621,0
5.23869,1.97325,-0.807279,0
5.23878,1.96748,-0.794915,0
5.23887,1.97836,-0.789287,0
5.23895,1.96876,-0.775517,0
5.23904,1.97026,-0.766194,0
5.23913,1.96892,-0.755798,0
5.23922,1.97407,-0.747908,0
5.2393,1.97076,-0.736836,0
5.23939,1.97865,-0.729961,0
5.23948,1.96866,-0.716532,0
5.23957,1.97929,-0.710639,0
5.23965,1.97201,-0.698324,0
5.23974,1.97409,-0.689383,0
5.23983,1.97708,-0.680763,0
5.23991,1.96961,-0.668594,0
5.24,1.97251,-0.659994,0
5.24009,1.96873,-0.649189,0
5.24018,1.97249,-0.640901,0
5.24026,1.97527,-0.632289,0
5.24035,1.97896,-0.623965,0
5.24044,1.98071,-0.615027,0
5.24053,1.97859,-0.604917,0
5.24061,1.97643,-0.594837,0
5.2407,1.97517,-0.585072,0
5.24079,1.97578,-0.575888,0
5.24087,1.97251,-0.565608,0
5.24096,1.9663,-0.554553,0
5.24105,1.98026,-0.549175,0
5.24114,1.97974,-0.53974,0
5.24122,1.98594,-0.532132,0
5.24131,1.97374,-0.519643,0
5.2414,1.97599,-0.511026,0
5.24149,1.97432,-0.501414,0
5.24157,1.97649,-0.492795,0
5.24166,1.97668,-0.483691,0
5.24175,1.97099,-0.473194,0
5.24183,1.97207,-0.46436,0
5.24192,1.97602,-0.456201,0
5.24201,1.97897,-0.447795,0
5.2421,1.98481,-0.440022,0
5.24218,1.97792,-0.429448,0
5.24227,1.97586,-0.419982,0
5.24236,1.98159,-0.412171,0
5.24245,1.98337,-0.403521,0
5.24253,1.98805,-0.395448,0
5.24262,1.98485,-0.385816,0
5.24271,1.97571,-0.3751,0
5.24279,1.97831,-0.366658,0
5.24288,1.98776,-0.359446,0
5.24297,1.98143,-0.34938,0
5.24306,1.97998,-0.340223,0
5.24314,1.97553,-0.33059,0
5.24323,1.97597,-0.321807,0
5.24332,1.97439,-0.312713,0
5.24341,1.98463,-0.305464,0
5.24349,1.97704,-0.295471,0
5.24358,1.9793,-0.286985,0
5.24367,1.97955,-0.278207,0
5.24375,1.96885,-0.267949,0
5.24384,1.96405,-0.258572,0
5.24393,1.95425,-0.248612,0
5.24402,1.76673,-0.216927,0
5.2441,1.68424,-0.199343,0
5.24419,1.67616,-0.190974,0
5.24428,1.66703,-0.18257,0
5.24437,1.66185,-0.174667,0
5.24445,1.65563,-0.166713,0
5.24454,1.66032,-0.159871,0
5.24463,1.65901,-0.152442,0
5.24471,1.6487,-0.144243,0
5.2448,1.64134,-0.136385,0
5.24489,1.63794,-0.128908,0
5.24498,1.64845,-0.122501,0
5.24506,1.64897,-0.115307,0
5.24515,1.66144,-0.108896,0
5.24524,1.65491,-0.101219,0
5.24532,1.65134,-0.0937699,0
5.24541,1.65273,-0.086616,0
5.2455,1.65909,-0.0796917,0
5.24559,1.65043,-0.0720593,0
5.24567,1.65772,-0.0651321,0
5.24576,1.64999,-0.0576191,0
5.24585,1.65723,-0.0506329,0
5.24594,1.66143,-0.0435061,0
5.24602,1.65861,-0.0361909,0
5.24611,1.66475,-0.0290583,0
5.2462,1.66686,-0.0218204,0
5.24628,1.67094,-0.0145821,0
5.24637,1.69198,-0.00738276,0
5.24646,1.844,-4.46513e-08,0
5.24655,1.95898,0.00854768,0
5.24663,1.97592,0.0172436,0
5.24672,1.97383,0.0258388,0
5.24681,1.9797,0.0345557,0
5.2469,1.98153,0.0432371,0
5.24698,1.98232,0.0519088,0
5.24707,1.97708,0.0604051,0
5.24716,1.97979,0.0691359,0
5.24724,1.98147,0.0778522,0
5.24733,1.97212,0.0861046,0
5.24742,1.97872,0.0950446,0
5.24751,1.97928,0.10373,0
5.24759,1.97981,0.112422,0
5.24768,1.97531,0.120815,0
5.24777,1.97576,0.129498,0
5.24786,1.9672,0.13756,0
5.24794,1.97256,0.146587,0
5.24803,1.9739,0.155349,0
5.24812,1.97818,0.164374,0
5.2482,1.98143,0.173353,0
5.24829,1.98066,0.181997,0
5.24838,1.98582,0.191212,0
5.24847,1.97999,0.199374,0
5.24855,1.98109,0.208221,0
5.24864,1.97718,0.216536,0
5.24873,1.98615,0.226293,0
5.24882,1.98018,0.23437,0
5.2489,1.98311,0.243495,0
5.24899,1.97806,0.251641,0
5.24908,1.98091,0.260791,0
5.24916,1.98173,0.269702,0
5.24925,1.98252,0.278625,0
5.24934,1.98425,0.287703,0
5.24943,1.98001,0.295914,0
5.24951,1.96783,0.302878,0
5.2496,1.98032,0.313651,0
5.24969,1.99176,0.324378,0
5.24978,1.98934,0.332901,0
5.24986,1.98688,0.341409,0
5.24995,1.98143,0.34938,0
5.25004,1.98776,0.359446,0
5.25012,1.99011,0.368845,0
5.25021,1.99143,0.378084,0
5.2503,1.98583,0.386007,0
5.25039,1.98707,0.395253,0
5.25047,1.98925,0.404717,0
5.25056,1.99236,0.414411,0
5.25065,1.98564,0.422061,0
5.25074,1.98182,0.430296,0
5.25082,1.98676,0.440455,0
5.25091,1.99067,0.450443,0
5.251,1.98966,0.45935,0
5.25108,1.9818,0.466652,0
5.25117,1.98947,0.477629,0
5.25126,1.98931,0.486781,0
5.25135,1.99396,0.497149,0
5.25143,1.99468,0.506583,0
5.25152,1.98858,0.51428,0
5.25161,1.98438,0.522443,0
5.2517,1.98884,0.532908,0
5.25178,1.99422,0.543685,0
5.25187,1.98604,0.550778,0
5.25196,1.99228,0.561882,0
5.25204,1.99558,0.572223,0
5.25213,1.98826,0.579526,0
5.25222,1.9838,0.587628,0
5.25231,1.98026,0.59599,0
5.25239,1.98529,0.606964,0
5.25248,1.99122,0.618289,0
5.25257,1.99613,0.629377,0
5.25266,1.97527,0.632288,0
5.25274,1.98485,0.644918,0
5.25283,1.98867,0.655765,0
5.25292,1.99432,0.667292,0
5.253,1.98571,0.674058,0
5.25309,1.99032,0.685321,0
5.25318,1.98731,0.693999,0
5.25327,1.98615,0.703331,0
5.25335,1.98494,0.712666,0
5.25344,1.98651,0.723031,0
5.25353,1.99084,0.73446,0
5.25362,1.98668,0.74279,0
5.2537,1.9909,0.754286,0
5.25379,1.98946,0.763682,0
5.25388,1.98704,0.772718,0
5.25396,1.99947,0.787611,0
5.25405,1.99508,0.795957,0
5.25414,1.99437,0.805779,0
5.25423,1.99269,0.81523,0
5.25431,1.99004,0.8243,0
5.2544,1.97997,0.830268,0
5.25449,1.99197,0.845542,0
5.25458,1.99561,0.857384,0
5.25466,1.99369,0.86688,0
5.25475,1.99355,0.877182,0
5.25484,1.99153,0.886686,0
5.25492,1.99858,0.900296,0
5.25501,1.991,0.907349,0
5.2551,1.9961,0.920214,0
5.25519,1.98572,0.925957,0
5.25527,1.99794,0.94229,0
5.25536,1.99381,0.950999,0
5.25545,1.99234,0.960993,0
5.25554,1.99712,0.974061,0
5.25562,1.98926,0.980996,0
5.25571,1.99212,0.993236,0
5.2558,1.98688,1.00147,0
5.25588,1.98873,1.01331,0
5.25597,1.98784,1.02381,0
5.25606,1.99932,1.04078,0
5.25615,1.99565,1.04996,0
5.25623,2.00694,1.06711,0
5.25632,2.00315,1.07633,0
5.25641,2.01161,1.09222,0
5.2565,2.02787,1.11253,0
5.25658,2.04136,1.13155,0
5.25667,2.03728,1.14093,0
5.25676,2.02619,1.14636,0
5.25684,2.02638,1.15817,0
5.25693,2.05161,1.1845,0
5.25702,2.05766,1.19999,0
5.25711,2.05412,1.20997,0
5.25719,2.07031,1.2317,0
5.25728,2.07692,1.24794,0
5.25737,2.08428,1.26477,0
5.25746,2.07959,1.27437,0
5.25754,2.07741,1.28554,0
5.25763,2.065,1.29035,0
5.25772,2.06188,1.30095,0
5.2578,2.06631,1.31638,0
5.25789,2.08578,1.34162,0
5.25798,2.08242,1.35234,0
5.25807,2.07817,1.36251,0
5.25815,2.08305,1.37874,0
5.25824,2.08699,1.39448,0
5.25833,2.07923,1.40246,0
5.25841,2.07143,1.41039,0
5.2585,2.06938,1.42225,0
5.25859,2.06316,1.43126,0
5.25868,2.04952,1.43509,0
5.25876,2.0416,1.44286,0
5.25885,2.03529,1.45176,0
5.25894,2.04111,1.46939,0
5.25903,2.0274,1.47299,0
5.25911,2.02901,1.48774,0
5.2592,2.05707,1.52215,0
5.25929,2.07605,1.55026,0
5.25937,2.09802,1.58097,0
5.25946,2.08473,1.58526,0
5.25955,2.08335,1.59861,0
5.25964,2.07872,1.60952,0
5.25972,2.07562,1.62165,0
5.25981,2.06067,1.6245,0
5.2599,2.07391,1.64966,0
5.25999,2.09633,1.68248,0
5.26007,2.09519,1.69665,0
5.26016,2.08544,1.70388,0
5.26025,2.07258,1.70851,0
5.26033,2.08664,1.73544,0
5.26042,2.06909,1.73617,0
5.26051,2.06225,1.74583,0
5.2606,2.04777,1.74896,0
5.26068,2.03861,1.75658,0
5.26077,2.04753,1.77989,0
5.26086,2.03222,1.78221,0
5.26095,2.01769,1.7851,0
5.26103,2.01212,1.79588,0
5.26112,2.00426,1.80465,0
5.26121,2.00747,1.82346,0
5.26129,2.01424,1.84571,0
5.26138,2.00837,1.85652,0
5.26147,2.00172,1.86663,0
5.26156,2.00666,1.88768,0
5.26164,2.00639,1.90399,0
5.26173,2.00745,1.92171,0
5.26182,2.00768,1.93879,0
5.26191,2.00708,1.95521,0
5.26199,2.00423,1.96955,0
5.26208,2.00769,1.99025,0
5.26217,2.00818,2.00818,0
5.26225,2.00433,2.0219,0
5.26234,2.0032,2.03847,0
5.26243,2.00126,2.05435,0
5.26252,2.00826,2.07961,0
5.2626,2.00677,2.0963,0
5.26269,2.01206,2.12027,0
5.26278,2.00622,2.13267,0
5.26287,2.00849,2.15384,0
5.26295,2.01264,2.17727,0
5.26304,2.01056,2.19414,0
5.26313,2.01239,2.21547,0
5.26321,2.01475,2.23761,0
5.2633,2.01229,2.25459,0
5.26339,2.01039,2.27233,0
5.26348,2.0143,2.29687,0
5.26356,2.01673,2.31998,0
5.26365,2.01246,2.33557,0
5.26374,2.01134,2.35498,0
5.26383,2.01655,2.38205,0
5.26391,2.01385,2.40002,0
5.264,2.01359,2.42108,0
5.26409,2.017,2.44682,0
5.26417,2.01643,2.46799,0
5.26426,2.00313,2.47366,0
5.26435,1.99044,2.48003,0
5.26444,1.96901,2.47539,0
5.26452,1.952,2.4761,0
5.26461,1.93502,2.47672,0
5.2647,1.91379,2.4717,0
5.26479,1.90116,2.47764,0
5.26487,1.88065,2.47318,0
5.26496,1.86683,2.47737,0
5.26505,1.85002,2.47748,0
5.26513,1.83503,2.4799,0
5.26522,1.81177,2.47095,0
5.26531,1.79627,2.47236,0
5.2654,1.78079,2.47368,0
5.26548,1.76127,2.46921,0
5.26557,1.75164,2.47851,0
5.26566,1.7345,2.47712,0
5.26575,1.71683,2.4748,0
5.26583,1.69865,2.47155,0
5.26592,1.67997,2.46737,0
5.26601,1.67199,2.47882,0
5.26609,1.65449,2.47612,0
5.26618,1.6387,2.47581,0
5.26627,1.62843,2.48377,0
5.26636,1.60995,2.47911,0
5.26644,1.5975,2.48359,0
5.26653,1.5802,2.48041,0
5.26662,1.56242,2.47629,0
5.26671,1.54577,2.47376,0
5.26679,1.53549,2.48133,0
5.26688,1.51943,2.47948,0
5.26697,1.49822,2.46899,0
5.26705,1.49001,2.47978,0
5.26714,1.47304,2.47595,0
5.26723,1.45917,2.47718,0
5.26732,1.44583,2.47921,0
5.2674,1.4275,2.4725,0
5.26749,1.41571,2.47697,0
5.26758,1.40242,2.47877,0
5.26767,1.37791,2.46044,0
5.26775,1.35407,2.44281,0
5.26784,1.27703,2.32771,0
5.26793,1.14661,2.1118,0
5.26801,1.11277,2.07097,0
5.2681,1.09387,2.05727,0
5.26819,1.07697,2.04698,0
5.26828,1.06064,2.03746,0
5.26836,1.05082,2.04029,0
5.26845,1.03464,2.0306,0
5.26854,1.02217,2.02796,0
5.26863,1.01198,2.02971,0
5.26871,0.998246,2.02424,0
5.2688,0.984582,2.01869,0
5.26889,0.974026,2.01937,0
5.26897,0.963484,2.01999,0
5.26906,0.94613,2.00608,0
5.26915,0.932296,1.99932,0
5.26924,0.923563,2.00336,0
5.26932,0.913155,2.00373,0
5.26941,0.90276,2.00405,0
5.2695,0.89116,2.00158,0
5.26959,0.882015,2.00453,0
5.26967,0.866482,1.99277,0
5.26976,0.851857,1.98275,0
5.26985,0.800608,1.88611,0
5.26993,0.779996,1.86008,0
5.27002,0.769576,1.85792,0
5.27011,0.760326,1.85849,0
5.2702,0.747715,1.85066,0
5.27028,0.741485,1.85855,0
5.27037,0.735202,1.86642,0
5.27046,0.721614,1.85563,0
5.27055,0.710644,1.85129,0
5.27063,0.703976,1.85811,0
5.27072,0.69306,1.85367,0
5.27081,0.685312,1.85762,0
5.27089,0.677542,1.86153,0
5.27098,0.667723,1.85976,0
5.27107,0.654595,1.84852,0
5.27116,0.646523,1.85136,0
5.27124,0.639741,1.85794,0
5.27133,0.630021,1.85598,0
5.27142,0.620331,1.85397,0
5.2715,0.612862,1.85856,0
5.27159,0.60351,1.85741,0
5.27168,0.595705,1.86098,0
5.27177,0.584572,1.85403,0
5.27185,0.57796,1.86133,0
5.27194,0.568371,1.85906,0
5.27203,0.558236,1.85482,0
5.27212,0.548718,1.85244,0
5.2722,0.542309,1.86058,0
5.27229,0.531705,1.85427,0
5.27238,0.52198,1.8508,0
5.27246,0.514968,1.85692,0
5.27255,0.507387,1.86107,0
5.27264,0.494086,1.84395,0
5.27273,0.483998,1.83835,0
5.27281,0.480479,1.85788,0
5.2729,0.470153,1.85123,0
5.27299,0.461587,1.85132,0
5.27308,0.454931,1.85915,0
5.27316,0.448215,1.86695,0
5.27325,0.436398,1.85331,0
5.27334,0.428757,1.85715,0
5.27342,0.418884,1.8512,0
5.27351,0.410153,1.85008,0
5.2736,0.402713,1.85478,0
5.27369,0.39524,1.85946,0
5.27377,0.386308,1.85725,0
5.27386,0.378999,1.86284,0
5.27395,0.369111,1.85565,0
5.27404,0.36082,1.85626,0
5.27412,0.350106,1.84406,0
5.27421,0.342785,1.8495,0
5.2743,0.334712,1.85098,0
5.27438,0.325417,1.84553,0
5.27447,0.316853,1.84398,0
5.27456,0.310125,1.85323,0
5.27465,0.301392,1.85062,0
5.27473,0.292533,1.84698,0
5.27482,0.284471,1.84824,0
5.27491,0.276699,1.85144,0
5.275,0.267901,1.84768,0
5.27508,0.259975,1.84982,0
5.27517,0.251767,1.84995,0
5.27526,0.243692,1.85103,0
5.27534,0.235235,1.8491,0
5.27543,0.226677,1.84614,0
5.27552,0.219913,1.85803,0
5.27561,0.210218,1.84506,0
5.27569,0.202928,1.85292,0
5.27578,0.1939,1.84484,0
5.27587,0.185749,1.84467,0
5.27596,0.178465,1.85343,0
5.27604,0.170376,1.85419,0
5.27613,0.161674,1.84794,0
5.27622,0.154023,1.85361,0
5.2763,0.146169,1.85726,0
5.27639,0.138064,1.85788,0
5.27648,0.130096,1.86046,0
5.27657,0.121257,1.85003,0
5.27665,0.113062,1.84855,0
5.27674,0.105052,1.85002,0
5.27683,0.0973449,1.85745,0
5.27692,0.0888076,1.84887,0
5.277,0.0808704,1.85224,0
5.27709,0.0729055,1.85557,0
5.27718,0.0649131,1.85887,0
5.27726,0.0564963,1.84914,0
5.27735,0.0484274,1.84937,0
5.27744,0.0402703,1.84556,0
5.27753,0.0324092,1.85672,0
5.27761,0.0242944,1.85584,0
5.2777,0.016214,1.85793,0
5.27779,0.00811582,1.85998,0
5.27788,6.75984e-08,1.858,0
5.27796,-0.00809387,1.85498,0
5.27805,-0.0161527,1.85093,0
5.27814,-0.0243204,1.85784,0
5.27822,-0.0324614,1.85972,0
5.27831,-0.0404447,1.85356,0
5.2784,-0.0487676,1.86236,0
5.27849,-0.05671,1.85613,0
5.27857,-0.0647036,1.85287,0
5.27866,-0.0727876,1.85257,0
5.27875,-0.0810884,1.85723,0
5.27884,-0.0886635,1.84587,0
5.27892,-0.0967168,1.84547,0
5.27901,-0.105392,1.85601,0
5.2791,-0.113917,1.86252,0
5.27918,-0.121846,1.85901,0
5.27927,-0.131282,1.87742,0
5.27936,-0.147772,1.98852,0
5.27945,-0.157703,2.0038,0
5.27953,-0.164043,1.9742,0
5.27962,-0.170477,1.94856,0
5.27971,-0.180167,1.96074,0
5.2798,-0.188433,1.95695,0
5.27988,-0.197571,1.96208,0
5.27997,-0.20498,1.95026,0
5.28006,-0.213923,1.95332,0
5.28014,-0.222784,1.95535,0
5.28023,-0.231549,1.95634,0
5.28032,-0.239717,1.95234,0
5.28041,-0.244195,1.91953,0
5.28049,-0.248522,1.88771,0
5.28058,-0.246373,1.81031,0
5.28067,-0.253017,1.80031,0
5.28076,-0.256278,1.76752,0
5.28084,-0.26177,1.75155,0
5.28093,-0.267737,1.73952,0
5.28102,-0.275794,1.74129,0
5.2811,-0.284836,1.74896,0
5.28119,-0.290814,1.73784,0
5.28128,-0.297039,1.72867,0
5.28137,-0.305447,1.73228,0
5.28145,-0.311401,1.72207,0
5.28154,-0.319641,1.72463,0
5.28163,-0.329028,1.73304,0
5.28172,-0.334488,1.72079,0
5.2818,-0.340628,1.71245,0
5.28189,-0.35009,1.72075,0
5.28198,-0.358206,1.72214,0
5.28206,-0.364469,1.71469,0
5.28215,-0.372584,1.71602,0
5.28224,-0.382016,1.72316,0
5.28233,-0.387324,1.71173,0
5.28241,-0.395239,1.71197,0
5.2825,-0.403851,1.71509,0
5.28259,-0.410163,1.70845,0
5.28268,-0.417614,1.70665,0
5.28276,-0.431347,1.73004,0
5.28285,-0.43003,1.69325,0
5.28294,-0.445176,1.72137,0
5.28302,-0.45421,1.72521,0
5.28311,-0.466133,1.73963,0
5.2832,-0.476086,1.74627,0
5.28329,-0.477288,1.72104,0
5.28337,-0.486693,1.72568,0
5.28346,-0.497801,1.73604,0
5.28355,-0.509569,1.74825,0
5.28363,-0.52202,1.76231,0
5.28372,-0.530569,1.76289,0
5.28381,-0.537087,1.75673,0
5.2839,-0.550678,1.77347,0
5.28398,-0.563823,1.78822,0
5.28407,-0.566133,1.7686,0
5.28416,-0.571372,1.7585,0
5.28425,-0.581545,1.76359,0
5.28433,-0.593994,1.77526,0
5.28442,-0.595949,1.75561,0
5.28451,-0.602301,1.74921,0
5.28459,-0.605642,1.73429,0
5.28468,-0.611868,1.72786,0
5.28477,-0.302773,0.843294,0
5.28486,-0.318763,0.875794,0
5.28494,-0.310467,0.841558,0
5.28503,-0.309933,0.828955,0
5.28512,-0.314965,0.831335,0
5.28521,-0.306763,0.799145,0
5.28529,-0.305535,0.785683,0
5.28538,-0.310793,0.788994,0
5.28547,-0.306451,0.768126,0
5.28555,-0.302682,0.749165,0
5.28564,-0.302919,0.740432,0
5.28573,-0.304999,0.736332,0
5.28582,-0.304341,0.725772,0
5.2859,-0.303598,0.715232,0
5.28599,-0.305926,0.712063,0
5.28608,-0.308233,0.708887,0
5.28617,-0.303268,0.68923,0
5.28625,-0.301392,0.676937,0
5.28634,-0.301468,0.669233,0
5.28643,-0.305629,0.670641,0
5.28651,-0.300179,0.651139,0
5.2866,-0.306821,0.657979,0
5.28669,-0.30329,0.643068,0
5.28678,-0.297914,0.624589,0
5.28686,-0.297161,0.616078,0
5.28695,-0.299407,0.613876,0
5.28704,-0.298987,0.606286,0
5.28713,-0.301183,0.604081,0
5.28721,-0.302016,0.599189,0
5.2873,-0.304628,0.597865,0
5.28739,-0.322801,0.626757,0
5.28747,-0.305678,0.587201,0
5.28756,-0.309168,0.587632,0
5.28765,-0.307973,0.579214,0
5.28774,-0.293931,0.547033,0
5.28782,-0.292975,0.539594,0
5.28791,-0.29196,0.532173,0
5.288,-0.294764,0.531769,0
5.28809,-0.298059,0.532223,0
5.28817,-0.303333,0.536139,0
5.28826,-0.30815,0.539151,0
5.28835,-0.3105,0.537802,0
5.28843,-0.308813,0.529531,0
5.28852,-0.301478,0.511808,0
5.28861,-0.293482,0.493299,0
5.2887,-0.286361,0.476585,0
5.28878,-0.285844,0.471056,0
5.28887,-0.286329,0.467247,0
5.28896,-0.28626,0.462592,0
5.28905,-0.284037,0.454554,0
5.28913,-0.289219,0.458384,0
5.28922,-0.287455,0.451214,0
5.28931,-0.296995,0.46173,0
5.28939,-0.292471,0.450366,0
5.28948,-0.303206,0.462466,0
5.28957,-0.307429,0.464474,0
5.28966,-0.311675,0.466454,0
5.28974,-0.310352,0.460116,0
5.28983,-0.313482,0.46041,0
5.28992,-0.30416,0.442556,0
5.29001,-0.315778,0.455192,0
5.29009,-0.308584,0.440704,0
5.29018,-0.30935,0.43772,0
5.29027,-0.301966,0.42334,0
5.29035,-0.309652,0.430134,0
5.29044,-0.311526,0.428779,0
5.29053,-0.309255,0.421771,0
5.29062,-0.307523,0.415594,0
5.2907,-0.309932,0.415049,0
5.29079,-0.303917,0.403311,0
5.29088,-0.307489,0.404369,0
5.29097,-0.309251,0.403024,0
5.29105,-0.30917,0.399298,0
5.29114,-0.304137,0.389277,0
5.29123,-0.313881,0.398156,0
5.29131,-0.30939,0.388956,0
5.2914,-0.316091,0.393842,0
5.29149,-0.306479,0.37847,0
5.29158,-0.312556,0.38255,0
5.29166,-0.30659,0.371923,0
5.29175,-0.308849,0.371351,0
5.29184,-0.298253,0.355445,0
5.29193,-0.308201,0.364062,0
5.29201,-0.306539,0.358912,0
5.2921,-0.300269,0.34848,0
5.29219,-0.293258,0.337355,0
5.29227,-0.270991,0.309006,0
5.29236,-0.23258,0.262883,0
5.29245,-0.233724,0.261866,0
5.29254,-0.218137,0.242265,0
5.29262,-0.21314,0.234649,0
5.29271,-0.209433,0.228556,0
5.2928,-0.207713,0.224703,0
5.29289,-0.186868,0.200391,0
5.29297,-0.287777,0.305916,0
5.29306,-0.1714,0.180618,0
5.29315,-0.172187,0.179869,0
5.29323,-0.107672,0.111498,0
5.29332,-0.101877,0.10458,0
5.2935,-0.0528011,0.0532639,0
5.29358,-0.0763675,0.0763675,0
