7200
2911
2.53073
2.54644,-0.0254558,-0.0254558,0
2.54652,-0.0330887,-0.0333787,0
2.54661,-0.0546709,-0.0556335,0
2.5467,-0.0558232,-0.0573042,0
2.54678,-0.0604353,-0.0625826,0
2.54687,-0.11894,-0.124247,0
2.54696,-0.128722,-0.135645,0
2.54705,-0.148685,-0.158056,0
2.54713,-0.174592,-0.187227,0
2.54722,-0.188707,-0.204142,0
2.54731,-0.196597,-0.214548,0
2.5474,-0.205744,-0.226507,0
2.54748,-0.22282,-0.247467,0
2.54757,-0.222404,-0.249183,0
2.54766,-0.226616,-0.256143,0
2.54774,-0.230771,-0.263144,0
2.54783,-0.217156,-0.249809,0
2.54792,-0.22716,-0.263633,0
2.54801,-0.23575,-0.276027,0
2.54809,-0.224205,-0.264842,0
2.54818,-0.225618,-0.268882,0
2.54827,-0.223164,-0.268326,0
2.54836,-0.2239,-0.271612,0
2.54844,-0.229672,-0.281105,0
2.54853,-0.224038,-0.276664,0
2.54862,-0.225958,-0.281538,0
2.5487,-0.219125,-0.275478,0
2.54879,-0.224731,-0.28507,0
2.54888,-0.227179,-0.290776,0
2.54897,-0.212439,-0.274369,0
2.54905,-0.230112,-0.299888,0
2.54914,-0.222748,-0.292929,0
2.54923,-0.205219,-0.272335,0
2.54932,-0.204627,-0.274029,0
2.5494,-0.233765,-0.315916,0
2.54949,-0.232976,-0.317739,0
2.54958,-0.226885,-0.312281,0
2.54966,-0.226105,-0.314079,0
2.54975,-0.225893,-0.316691,0
2.54984,-0.222201,-0.314407,0
2.54993,-0.216238,-0.30882,0
2.55001,-0.220019,-0.317156,0
2.5501,-0.225996,-0.328826,0
2.55019,-0.221182,-0.32485,0
2.55028,-0.219204,-0.324983,0
2.55036,-0.217784,-0.325936,0
2.55045,-0.223534,-0.337724,0
2.55054,-0.22809,-0.347895,0
2.55062,-0.223847,-0.344694,0
2.55071,-0.222881,-0.346508,0
2.5508,-0.226203,-0.355068,0
2.55089,-0.223051,-0.353514,0
2.55097,-0.225216,-0.36042,0
2.55106,-0.223115,-0.360549,0
2.55115,-0.236692,-0.386246,0
2.55124,-0.244342,-0.402663,0
2.55132,-0.242068,-0.402869,0
2.55141,-0.235706,-0.396186,0
2.5515,-0.240066,-0.407551,0
2.55158,-0.231232,-0.3965,0
2.55167,-0.2255,-0.390577,0
2.55176,-0.22429,-0.392426,0
2.55185,-0.225038,-0.397753,0
2.55193,-0.222323,-0.396986,0
2.55202,-0.224467,-0.404949,0
2.55211,-0.217407,-0.39628,0
2.55219,-0.221402,-0.407771,0
2.55228,-0.21394,-0.398163,0
2.55237,-0.207506,-0.390263,0
2.55246,-0.204405,-0.38851,0
2.55254,-0.209634,-0.402703,0
2.55263,-0.205585,-0.399169,0
2.55272,-0.201118,-0.394716,0
2.55281,-0.202544,-0.401841,0
2.55289,-0.200343,-0.401826,0
2.55298,-0.199914,-0.405386,0
2.55307,-0.200336,-0.410749,0
2.55315,-0.20332,-0.421527,0
2.55324,-0.197174,-0.413384,0
2.55333,-0.204326,-0.433234,0
2.55342,-0.198631,-0.425965,0
2.5535,-0.208911,-0.453163,0
2.55359,-0.209835,-0.46044,0
2.55368,-0.218913,-0.485969,0
2.55377,-0.216384,-0.486006,0
2.55385,-0.218691,-0.497014,0
2.55394,-0.215325,-0.495212,0
2.55403,-0.214741,-0.499822,0
2.55411,-0.214511,-0.505357,0
2.5542,-0.215011,-0.512744,0
2.55429,-0.212389,-0.512753,0
2.55438,-0.209014,-0.510898,0
2.55446,-0.207157,-0.512733,0
2.55455,-0.200472,-0.502486,0
2.55464,-0.201942,-0.51266,0
2.55473,-0.195354,-0.502352,0
2.55481,-0.196744,-0.512536,0
2.5549,-0.19734,-0.52087,0
2.55499,-0.199618,-0.533903,0
2.55507,-0.201094,-0.545089,0
2.55516,-0.210684,-0.578851,0
2.55525,-0.211198,-0.588235,0
2.55534,-0.213636,-0.603291,0
2.55542,-0.210672,-0.603273,0
2.55551,-0.212922,-0.618369,0
2.5556,-0.208293,-0.613611,0
2.55569,-0.209738,-0.626842,0
2.55577,-0.208567,-0.6325,0
2.55586,-0.203951,-0.627697,0
2.55595,-0.201515,-0.629534,0
2.55603,-0.20027,-0.635175,0
2.55612,-0.195421,-0.629358,0
2.55621,-0.199105,-0.651244,0
2.5563,-0.202314,-0.672215,0
2.55638,-0.205059,-0.692268,0
2.55647,-0.192522,-0.660514,0
2.55656,-0.195703,-0.682496,0
2.55665,-0.194894,-0.691043,0
2.55673,-0.585787,-2.11228,0
2.55682,-0.573934,-2.10517,0
2.55691,-0.566555,-2.11441,0
2.55699,-0.556305,-2.113,0
2.55708,-0.545828,-2.11056,0
2.55717,-0.53366,-2.10129,0
2.55726,-0.525454,-2.10748,0
2.55734,-0.516016,-2.10878,0
2.55743,-0.506576,-2.11004,0
2.55752,-0.497823,-2.11418,0
2.55761,-0.488144,-2.11438,0
2.55769,-0.476927,-2.10771,0
2.55778,-0.467726,-2.10978,0
2.55787,-0.458728,-2.11277,0
2.55795,-0.449297,-2.11378,0
2.55804,-0.438848,-2.10984,0
2.55813,-0.430037,-2.1137,0
2.55822,-0.418859,-2.10575,0
2.5583,-0.411575,-2.11737,0
2.55839,-0.400094,-2.10736,0
2.55848,-0.390713,-2.1081,0
2.55857,-0.380265,-2.1029,0
2.55865,-0.370218,-2.09961,0
2.55874,-0.360545,-2.09825,0
2.55883,-0.352707,-2.10769,0
2.55891,-0.343828,-2.11119,0
2.559,-0.333675,-2.10674,0
2.55909,-0.326,-2.11806,0
2.55918,-0.316608,-2.11847,0
2.55926,-0.305352,-2.10598,0
2.55935,-0.296717,-2.11125,0
2.55944,-0.287367,-2.11154,0
2.55953,-0.277238,-2.10583,0
2.55961,-0.267794,-2.10503,0
2.5597,-0.257632,-2.09824,0
2.55979,-0.248121,-2.09637,0
2.55987,-0.239878,-2.10538,0
2.55996,-0.230689,-2.10641,0
2.56005,-0.222437,-2.11634,0
2.56014,-0.212098,-2.10635,0
2.56022,-0.202426,-2.10228,0
2.56031,-0.193526,-2.10613,0
2.5604,-0.183463,-2.09699,0
2.56049,-0.174146,-2.09578,0
2.56057,-0.166176,-2.11147,0
2.56066,-0.156739,-2.10918,0
2.56075,-0.147186,-2.10486,0
2.56083,-0.138262,-2.10947,0
2.56092,-0.128873,-2.10706,0
2.56101,-0.119622,-2.10661,0
2.5611,-0.110115,-2.10112,0
2.56118,-0.100754,-2.09758,0
2.56127,-0.0918188,-2.103,0
2.56136,-0.0826419,-2.10338,0
2.56145,-0.0733239,-2.09972,0
2.56153,-0.0640698,-2.09702,0
2.56162,-0.0549454,-2.09828,0
2.56171,-0.0458985,-2.1035,0
2.56179,-0.0366501,-2.09968,0
2.56188,-0.0274096,-2.09382,0
2.56197,-0.018317,-2.09892,0
2.56206,-0.00919788,-2.10798,0
2.56214,-2.52975e-08,-2.1,0
2.56223,0.00914547,-2.09598,0
2.56232,0.0182995,-2.09692,0
2.56241,0.0274489,-2.09682,0
2.56249,0.0364581,-2.08868,0
2.56258,0.0457022,-2.0945,0
2.56267,0.0548669,-2.09528,0
2.56275,0.0640392,-2.09602,0
2.56284,0.072905,-2.08773,0
2.56293,0.0824848,-2.09938,0
2.56302,0.0914262,-2.09401,0
2.5631,0.10085,-2.09958,0
2.56319,0.109801,-2.09512,0
2.56328,0.118715,-2.09063,0
2.56337,0.12808,-2.09409,0
2.56345,0.136823,-2.08752,0
2.56354,0.145931,-2.0869,0
2.56363,0.155183,-2.08824,0
2.56371,0.165156,-2.09851,0
2.5638,0.173732,-2.09079,0
2.56389,0.18355,-2.09799,0
2.56398,0.192977,-2.10015,0
2.56406,0.202235,-2.10029,0
2.56415,0.210896,-2.09441,0
2.56424,0.220555,-2.09844,0
2.56432,0.229165,-2.09249,0
2.56441,0.23784,-2.08749,0
2.5645,0.247064,-2.08743,0
2.56459,0.256291,-2.08732,0
2.56467,0.265649,-2.08817,0
2.56476,0.274497,-2.08501,0
2.56485,0.28521,-2.09568,0
2.56494,0.293238,-2.08649,0
2.56502,0.30363,-2.0941,0
2.56511,0.311878,-2.08682,0
2.5652,0.321589,-2.0894,0
2.56528,0.330233,-2.08501,0
2.56537,0.341417,-2.09638,0
2.56546,0.349571,-2.08895,0
2.56555,0.35936,-2.09135,0
2.56563,0.368134,-2.08779,0
2.56572,0.375639,-2.07731,0
2.56581,0.387979,-2.09335,0
2.5659,0.394498,-2.07788,0
2.56598,0.406232,-2.08988,0
2.56607,0.415542,-2.08907,0
2.56616,0.424654,-2.08724,0
2.56624,0.433757,-2.08537,0
2.56633,0.444307,-2.0903,0
2.56642,0.45406,-2.09127,0
2.56651,0.462531,-2.08634,0
2.56659,0.470527,-2.07943,0
2.56668,0.480495,-2.08125,0
2.56677,0.488655,-2.07524,0
2.56686,0.500507,-2.08476,0
2.56694,0.511025,-2.08839,0
2.56703,0.521342,-2.09099,0
2.56712,0.530706,-2.08966,0
2.5672,0.538067,-2.08055,0
2.56729,0.547394,-2.07915,0
2.56738,0.558531,-2.08447,0
2.56747,0.567095,-2.08008,0
2.56755,0.576968,-2.08048,0
2.56764,0.587397,-2.08275,0
2.56773,0.598133,-2.08594,0
2.56782,0.610307,-2.09387,0
2.5679,0.616029,-2.07968,0
2.56799,0.626251,-2.0808,0
2.56808,0.636786,-2.08283,0
2.56816,0.644088,-2.0743,0
2.56825,0.65614,-2.08101,0
2.56834,0.664299,-2.07527,0
2.56843,0.673966,-2.07425,0
2.56851,0.685202,-2.07794,0
2.5686,0.695849,-2.07967,0
2.56869,0.705238,-2.07756,0
2.56878,0.717227,-2.08298,0
2.56886,0.725649,-2.07794,0
2.56895,0.738715,-2.08607,0
2.56904,0.745782,-2.07718,0
2.56912,0.758943,-2.08518,0
2.56921,0.77011,-2.08748,0
2.5693,0.779562,-2.08503,0
2.56939,0.788652,-2.08161,0
2.56947,0.797369,-2.07722,0
2.56956,0.810774,-2.0849,0
2.56965,0.816565,-2.07297,0
2.56974,0.827825,-2.07496,0
2.56982,0.841366,-2.08245,0
2.56991,0.851202,-2.08062,0
2.57,0.857594,-2.07041,0
2.57008,0.87126,-2.07772,0
2.57017,0.882271,-2.0785,0
2.57026,0.892911,-2.07831,0
2.57035,0.903565,-2.07806,0
2.57043,0.917054,-2.08416,0
2.57052,0.924512,-2.07649,0
2.57061,0.936028,-2.07791,0
2.5707,0.945086,-2.0738,0
2.57078,0.957475,-2.07692,0
2.57087,0.969064,-2.07816,0
2.57096,0.978549,-2.07482,0
2.57104,0.988884,-2.07324,0
2.57113,1.00444,-2.08241,0
2.57122,1.00957,-2.06992,0
2.57131,1.0239,-2.07626,0
2.57139,1.03206,-2.06998,0
2.57148,1.04153,-2.06635,0
2.57157,1.0528,-2.06624,0
2.57166,1.06822,-2.07408,0
2.57174,1.07772,-2.07028,0
2.57183,1.09466,-2.08061,0
2.57192,1.10373,-2.07581,0
2.572,1.11277,-2.07097,0
2.57209,1.12753,-2.07664,0
2.57218,1.13417,-2.06732,0
2.57227,1.15094,-2.07635,0
2.57235,1.1595,-2.07043,0
2.57244,1.17394,-2.07493,0
2.57253,1.18298,-2.06979,0
2.57262,1.199,-2.07673,0
2.5727,1.20956,-2.07407,0
2.57279,1.21961,-2.07049,0
2.57288,1.2317,-2.07031,0
2.57296,1.2433,-2.0692,0
2.57305,1.25388,-2.06632,0
2.57314,1.26392,-2.06254,0
2.57323,1.27975,-2.06806,0
2.57331,1.29512,-2.07263,0
2.5734,1.30736,-2.07203,0
2.57349,1.31692,-2.06715,0
2.57358,1.33188,-2.07064,0
2.57366,1.34526,-2.07152,0
2.57375,1.35977,-2.07399,0
2.57384,1.36825,-2.0672,0
2.57392,1.38448,-2.07202,0
2.57401,1.39519,-2.06845,0
2.5741,1.40476,-2.06317,0
2.57419,1.42055,-2.06691,0
2.57427,1.43012,-2.06151,0
2.57436,1.44197,-2.05935,0
2.57445,1.45729,-2.06202,0
2.57454,1.47673,-2.0703,0
2.57462,1.49101,-2.07114,0
2.57471,1.50473,-2.07108,0
2.5748,1.51375,-2.0645,0
2.57488,1.53286,-2.07154,0
2.57497,1.53769,-2.05922,0
2.57506,1.55629,-2.06527,0
2.57515,1.57316,-2.06881,0
2.57523,1.59008,-2.07224,0
2.57532,1.59483,-2.05975,0
2.57541,1.61488,-2.06695,0
2.5755,1.62512,-2.06146,0
2.57558,1.63784,-2.05904,0
2.57567,1.6587,-2.06669,0
2.57576,1.66581,-2.05711,0
2.57584,1.68489,-2.06221,0
2.57593,1.69706,-2.05869,0
2.57602,1.71689,-2.06434,0
2.57611,1.73038,-2.06219,0
2.57619,1.74841,-2.06531,0
2.57628,1.76195,-2.06298,0
2.57637,1.77616,-2.06133,0
2.57646,1.79826,-2.06866,0
2.57654,1.80463,-2.05779,0
2.57663,1.82817,-2.06637,0
2.57672,1.83783,-2.05912,0
2.5768,1.85751,-2.06297,0
2.57689,1.8712,-2.06003,0
2.57698,1.89233,-2.06511,0
2.57707,1.90132,-2.05684,0
2.57715,1.92324,-2.06242,0
2.57724,1.9329,-2.05473,0
2.57733,1.95906,-2.06442,0
2.57741,1.96528,-2.05296,0
2.5775,1.98325,-2.05372,0
2.57759,2.00824,-2.06152,0
2.57768,2.02773,-2.06343,0
2.57776,2.03319,-2.05102,0
2.57785,2.04142,-2.04142,0
2.57794,2.03894,-2.02123,0
2.57803,2.04061,-2.0053,0
2.57811,2.02857,-1.97614,0
2.5782,2.03933,-1.96936,0
2.57829,2.03201,-1.94523,0
2.57837,2.03105,-1.92739,0
2.57846,2.02924,-1.90892,0
2.57855,2.02731,-1.8905,0
2.57864,2.03407,-1.88028,0
2.57872,2.02751,-1.85787,0
2.57881,2.03338,-1.84699,0
2.5789,2.0273,-1.82539,0
2.57899,2.02107,-1.80387,0
2.57907,2.01769,-1.7851,0
2.57916,2.02546,-1.77628,0
2.57925,2.0264,-1.76152,0
2.57933,2.02421,-1.74417,0
2.57942,2.02496,-1.72948,0
2.57951,2.0218,-1.71158,0
2.5796,2.02159,-1.69632,0
2.57968,2.01975,-1.67981,0
2.57977,2.02629,-1.67034,0
2.57986,2.01574,-1.64693,0
2.57995,2.01592,-1.63246,0
2.58003,2.01678,-1.61864,0
2.58012,2.01678,-1.60422,0
2.58021,2.01669,-1.58983,0
2.58029,2.01573,-1.57486,0
2.58038,2.02258,-1.56605,0
2.58047,2.01908,-1.5493,0
2.58056,2.01389,-1.53139,0
2.58064,2.00857,-1.51356,0
2.58073,2.02236,-1.51017,0
2.58082,2.02492,-1.49836,0
2.58091,2.01772,-1.47946,0
2.58099,2.0096,-1.46006,0
2.58108,2.01108,-1.44777,0
2.58117,2.01982,-1.44072,0
2.58125,2.00812,-1.4192,0
2.58134,2.01675,-1.41215,0
2.58143,2.00646,-1.39193,0
2.58152,2.01334,-1.38373,0
2.5816,2.01109,-1.3693,0
2.58169,2.01125,-1.3566,0
2.58178,2.00883,-1.34226,0
2.58187,2.01133,-1.33127,0
2.58195,2.00792,-1.31645,0
2.58204,2.00862,-1.30441,0
2.58213,1.99831,-1.28536,0
2.58221,2.00305,-1.27609,0
2.5823,2.00607,-1.26573,0
2.58239,2.00394,-1.2522,0
2.58248,2.00683,-1.24186,0
2.58256,2.00711,-1.22996,0
2.58265,2.00904,-1.21912,0
2.58274,2.0032,-1.20364,0
2.58283,2.005,-1.19285,0
2.58291,2.00243,-1.17952,0
2.583,1.99287,-1.16221,0
2.58309,2.00571,-1.158,0
2.58317,1.99425,-1.13981,0
2.58326,2.00095,-1.13208,0
2.58335,2.00151,-1.1209,0
2.58344,2.009,-1.11361,0
2.58352,1.99981,-1.09714,0
2.58361,2.00107,-1.08649,0
2.5837,2.0005,-1.07491,0
2.58379,1.99634,-1.06148,0
2.58387,1.99388,-1.04903,0
2.58396,2.00376,-1.04309,0
2.58405,1.99584,-1.02793,0
2.58413,2.00744,-1.02284,0
2.58422,2.00206,-1.00912,0
2.58431,2.01002,-1.00216,0
2.5844,2.00182,-0.987188,0
2.58448,2.00341,-0.977129,0
2.58457,1.99415,-0.961862,0
2.58466,2.00193,-0.954874,0
2.58475,2.00337,-0.94485,0
2.58483,2.00294,-0.933986,0
2.58492,1.99882,-0.92147,0
2.58501,2.00464,-0.913569,0
2.58509,2.00314,-0.902349,0
2.58518,2.00158,-0.89116,0
2.58527,2.00179,-0.880807,0
2.58536,1.99827,-0.868874,0
2.58544,2.00113,-0.859752,0
2.58553,2.00302,-0.850231,0
2.58562,2.00302,-0.839936,0
2.58571,2.00574,-0.830806,0
2.58579,2.00287,-0.819396,0
2.58588,1.99808,-0.807277,0
2.58597,1.99973,-0.79781,0
2.58605,1.99761,-0.786878,0
2.58614,1.99543,-0.77598,0
2.58623,1.99413,-0.765474,0
2.58632,1.98903,-0.753577,0
2.5864,1.99792,-0.746992,0
2.58649,1.99647,-0.736537,0
2.58658,1.99121,-0.724741,0
2.58667,1.98776,-0.71368,0
2.58675,1.99463,-0.706335,0
2.58684,1.99014,-0.694988,0
2.58693,1.98559,-0.683693,0
2.58701,1.97246,-0.669558,0
2.5871,1.982,-0.663167,0
2.58719,1.97063,-0.649815,0
2.58728,1.97154,-0.640592,0
2.58736,1.95527,-0.625886,0
2.58745,1.95417,-0.616146,0
2.58754,1.93105,-0.599607,0
2.58763,1.81602,-0.555214,0
2.58771,1.72842,-0.520194,0
2.5878,1.71725,-0.508672,0
2.58789,1.72521,-0.502853,0
2.58797,1.72354,-0.494218,0
2.58806,1.72087,-0.485336,0
2.58815,1.71526,-0.475684,0
2.58824,1.71636,-0.467933,0
2.58832,1.71355,-0.459145,0
2.58841,1.72037,-0.452937,0
2.5885,1.71362,-0.443173,0
2.58859,1.72232,-0.437414,0
2.58867,1.70869,-0.426024,0
2.58876,1.71053,-0.418565,0
2.58885,1.7104,-0.41063,0
2.58893,1.71023,-0.402705,0
2.58902,1.71099,-0.395014,0
2.58911,1.71563,-0.388207,0
2.5892,1.70559,-0.37812,0
2.58928,1.71211,-0.371735,0
2.58937,1.70882,-0.363222,0
2.58946,1.71333,-0.356373,0
2.58954,1.70605,-0.3471,0
2.58963,1.70951,-0.340042,0
2.58972,1.71294,-0.332962,0
2.58981,1.70946,-0.324552,0
2.58989,1.70791,-0.316543,0
2.58998,1.69944,-0.307309,0
2.59007,1.70766,-0.301106,0
2.59016,1.70206,-0.292467,0
2.59024,1.69542,-0.283717,0
2.59033,1.70652,-0.277924,0
2.59042,1.69487,-0.268442,0
2.5905,1.69998,-0.261652,0
2.59059,1.69913,-0.253937,0
2.59068,1.70022,-0.24652,0
2.59077,1.70128,-0.239099,0
2.59085,1.69934,-0.231269,0
2.59094,1.68942,-0.222417,0
2.59103,1.68938,-0.214917,0
2.59112,1.6913,-0.207665,0
2.5912,1.69715,-0.200871,0
2.59129,1.69404,-0.193012,0
2.59138,1.6889,-0.184965,0
2.59146,1.69566,-0.178221,0
2.59155,1.68846,-0.170019,0
2.59164,1.69217,-0.162938,0
2.59173,1.68789,-0.155095,0
2.59181,1.69054,-0.147903,0
2.5919,1.68121,-0.139697,0
2.59199,1.67881,-0.132125,0
2.59208,1.69433,-0.12591,0
2.59216,1.70484,-0.119214,0
2.59225,1.73627,-0.113801,0
2.59234,1.81261,-0.110864,0
2.59242,1.94886,-0.110664,0
2.59251,1.94433,-0.101898,0
2.5926,1.96174,-0.0942291,0
2.59269,1.97512,-0.0862356,0
2.59277,1.97248,-0.0774989,0
2.59286,1.9718,-0.0688568,0
2.59295,1.97408,-0.0603136,0
2.59304,1.97932,-0.0518304,0
2.59312,1.98253,-0.043259,0
2.59321,1.9807,-0.0345733,0
2.5933,1.97783,-0.0258913,0
2.59338,1.97592,-0.0172437,0
2.59347,1.98398,-0.00865685,0
2.59356,1.985,-4.80656e-08,0
2.59365,1.98398,0.00865676,0
2.59373,1.98092,0.0172872,0
2.59382,1.98783,0.0260221,0
2.59391,1.9837,0.0346255,0
2.594,1.98753,0.0433679,0
2.59408,1.97132,0.0516209,0
2.59417,1.96908,0.0601608,0
2.59426,1.98179,0.0692057,0
2.59434,1.98647,0.0780485,0
2.59443,1.97911,0.08641,0
2.59452,1.97872,0.0950446,0
2.59461,1.98228,0.103887,0
2.59469,1.9858,0.112762,0
2.59478,1.96832,0.120388,0
2.59487,1.94682,0.127601,0
2.59496,1.73975,0.121655,0
2.59504,1.70031,0.126355,0
2.59513,1.68778,0.132831,0
2.59522,1.69018,0.140443,0
2.5953,1.69253,0.148078,0
2.59539,1.68789,0.155095,0
2.59548,1.69616,0.163321,0
2.59557,1.68846,0.170019,0
2.59565,1.68472,0.177071,0
2.59574,1.69387,0.185509,0
2.59583,1.69503,0.193125,0
2.59592,1.69914,0.201106,0
2.596,1.69031,0.207543,0
2.59609,1.69534,0.215674,0
2.59618,1.69636,0.22333,0
2.59626,1.69339,0.23046,0
2.59635,1.68742,0.237151,0
2.59644,1.68835,0.244798,0
2.59653,1.69221,0.252902,0
2.59661,1.69405,0.260739,0
2.5967,1.68993,0.267659,0
2.59679,1.68678,0.274709,0
2.59688,1.71515,0.287018,0
2.59696,1.90607,0.327522,0
2.59705,1.96469,0.346428,0
2.59714,1.973,0.356777,0
2.59722,1.96651,0.364471,0
2.59731,1.97866,0.375659,0
2.5974,1.98191,0.385243,0
2.59749,1.98609,0.395058,0
2.59757,1.97651,0.402125,0
2.59766,1.97963,0.411764,0
2.59775,1.97781,0.420397,0
2.59784,1.9828,0.430508,0
2.59792,1.98286,0.439589,0
2.59801,1.97994,0.448016,0
2.5981,1.97992,0.457101,0
2.59818,1.98764,0.468027,0
2.59827,1.96808,0.472493,0
2.59836,1.97668,0.483691,0
2.59845,1.97746,0.493037,0
2.59853,1.97045,0.50043,0
2.59862,1.96437,0.508021,0
2.59871,1.97471,0.519897,0
2.5988,1.96469,0.526438,0
2.59888,1.9672,0.536321,0
2.59897,1.97737,0.548373,0
2.59906,1.97111,0.55591,0
2.59914,1.97443,0.566159,0
2.59923,1.96906,0.573929,0
2.59932,1.979,0.586208,0
2.59941,1.96877,0.592532,0
2.59949,1.96808,0.601701,0
2.59958,1.97689,0.613841,0
2.59967,1.97896,0.623964,0
2.59976,1.98289,0.634727,0
2.59984,1.97725,0.642446,0
2.59993,1.97063,0.649815,0
2.60002,1.96967,0.659042,0
2.6001,1.97246,0.669558,0
2.60019,1.97897,0.681414,0
2.60028,1.9722,0.688724,0
2.60037,1.97012,0.697656,0
2.60045,1.968,0.706584,0
2.60054,1.97993,0.720636,0
2.60063,1.97489,0.728576,0
2.60072,1.97076,0.736836,0
2.6008,1.97501,0.748263,0
2.60089,1.97079,0.756515,0
2.60098,1.97399,0.767644,0
2.60106,1.97342,0.777349,0
2.60115,1.97372,0.787435,0
2.60124,1.97212,0.796788,0
2.60133,1.97325,0.807279,0
2.60141,1.97618,0.81856,0
2.6015,1.9772,0.829108,0
2.60159,1.9708,0.836555,0
2.60168,1.97173,0.84712,0
2.60176,1.96985,0.856513,0
2.60185,1.967,0.865503,0
2.60194,1.9696,0.876924,0
2.60202,1.97123,0.887974,0
2.60211,1.9728,0.899055,0
2.6022,1.9734,0.909748,0
2.60229,1.97666,0.92173,0
2.60237,1.98166,0.934612,0
2.60246,1.97666,0.942819,0
2.60255,1.97253,0.951435,0
2.60263,1.97016,0.960909,0
2.60272,1.97222,0.972593,0
2.60281,1.97512,0.984759,0
2.6029,1.96991,0.992917,0
2.60298,1.96645,1.00196,0
2.60307,1.97006,1.01465,0
2.60316,1.97271,1.02693,0
2.60325,1.97087,1.03692,0
2.60333,1.97515,1.05021,0
2.60342,1.97231,1.05976,0
2.60351,1.96328,1.06597,0
2.60359,1.96562,1.07838,0
2.60368,1.96964,1.09179,0
2.60377,1.96573,1.10086,0
2.60386,1.97397,1.11682,0
2.60394,1.97168,1.12691,0
2.60403,1.97454,1.14,0
2.60412,1.97559,1.15213,0
2.60421,1.97313,1.16226,0
2.60429,1.97234,1.17342,0
2.60438,1.9732,1.18562,0
2.60447,1.9757,1.19888,0
2.60455,1.97045,1.20749,0
2.60464,1.96857,1.21819,0
2.60473,1.96832,1.22994,0
2.60482,1.97055,1.24332,0
2.6049,1.96342,1.25083,0
2.60499,1.95962,1.26047,0
2.60508,1.96081,1.27337,0
2.60517,1.97196,1.29288,0
2.60525,1.96964,1.30368,0
2.60534,1.96726,1.31448,0
2.60543,1.97643,1.33312,0
2.60551,1.97803,1.34679,0
2.6056,1.97873,1.35994,0
2.60569,1.97853,1.37255,0
2.60578,1.98235,1.38805,0
2.60586,1.97709,1.39727,0
2.60595,1.96853,1.40414,0
2.60604,1.96726,1.41622,0
2.60613,1.96187,1.42538,0
2.60621,1.96289,1.43925,0
2.6063,1.96945,1.45732,0
2.60639,1.96147,1.4647,0
2.60647,1.95825,1.47565,0
2.60656,1.96214,1.49205,0
2.60665,1.9572,1.50181,0
2.60674,1.96012,1.51769,0
2.60682,1.97476,1.54285,0
2.60691,1.96879,1.55207,0
2.607,1.96669,1.56438,0
2.60709,1.95907,1.57232,0
2.60717,1.9654,1.59155,0
2.60726,1.96541,1.60581,0
2.60735,1.96301,1.61818,0
2.60743,1.969,1.6376,0
2.60752,1.96261,1.64682,0
2.60761,1.95998,1.65925,0
2.6077,1.95728,1.67168,0
2.60778,1.95603,1.68543,0
2.60787,1.95772,1.70182,0
2.60796,1.95629,1.71562,0
2.60805,1.95403,1.72878,0
2.60813,1.95467,1.74461,0
2.60822,1.95373,1.75914,0
2.60831,1.95862,1.77908,0
2.60839,1.95673,1.79302,0
2.60848,1.96138,1.81308,0
2.60857,1.95783,1.82571,0
2.60866,1.95495,1.83903,0
2.60874,1.95924,1.85925,0
2.60883,1.95905,1.87538,0
2.60892,1.96452,1.89711,0
2.60901,1.9598,1.90915,0
2.60909,1.96001,1.9261,0
2.60918,1.96224,1.94519,0
2.60927,1.96505,1.96505,0
2.60935,1.96139,1.97858,0
2.60944,1.95554,1.98997,0
2.60953,1.95242,2.00421,0
2.60962,1.95199,2.02134,0
2.6097,1.95767,2.04501,0
2.60979,1.95837,2.06369,0
2.60988,1.95894,2.08241,0
2.60997,1.95597,2.09752,0
2.61005,1.96377,2.12439,0
2.61014,1.96056,2.13958,0
2.61023,1.9465,2.14293,0
2.61031,1.93111,2.14472,0
2.6104,1.91707,2.1479,0
2.61049,1.90039,2.14801,0
2.61058,1.87782,2.14124,0
2.61066,1.86714,2.1479,0
2.61075,1.84992,2.14694,0
2.61084,1.82755,2.13978,0
2.61093,1.8169,2.14621,0
2.61101,1.79531,2.13956,0
2.6111,1.77892,2.13892,0
2.61119,1.75939,2.13431,0
2.61127,1.74816,2.13965,0
2.61136,1.73755,2.1457,0
2.61145,1.72254,2.14624,0
2.61154,1.69884,2.13574,0
2.61162,1.68951,2.14313,0
2.61171,1.67214,2.14024,0
2.6118,1.65788,2.14119,0
2.61189,1.64061,2.13809,0
2.61197,1.63066,2.14443,0
2.61206,1.60444,2.12916,0
2.61215,1.59214,2.13214,0
2.61223,1.57688,2.13102,0
2.61232,1.56342,2.13224,0
2.61241,1.5494,2.13257,0
2.6125,1.53716,2.13525,0
2.61258,1.52144,2.13298,0
2.61267,1.50404,2.12817,0
2.61276,1.49187,2.13061,0
2.61285,1.48484,2.14039,0
2.61293,1.46699,2.13449,0
2.61302,1.45316,2.13425,0
2.61311,1.44048,2.1356,0
2.61319,1.42282,2.12939,0
2.61328,1.41406,2.13642,0
2.61337,1.39979,2.13504,0
2.61346,1.38665,2.13526,0
2.61354,1.37137,2.13203,0
2.61363,1.35722,2.13041,0
2.61372,1.34578,2.13293,0
2.61381,1.33434,2.13539,0
2.61389,1.31869,2.13098,0
2.61398,1.30468,2.12904,0
2.61407,1.29434,2.133,0
2.61415,1.28399,2.13692,0
2.61424,1.26238,2.12187,0
2.61433,1.24702,2.11702,0
2.61442,1.23677,2.12072,0
2.6145,1.2285,2.12782,0
2.61459,1.21623,2.12796,0
2.61468,1.20102,2.1228,0
2.61476,1.18882,2.12278,0
2.61485,1.17469,2.1192,0
2.61494,1.16255,2.11905,0
2.61503,1.15377,2.12498,0
2.61511,1.14117,2.12383,0
2.6152,1.12767,2.12084,0
2.61529,1.11654,2.1222,0
2.61538,1.10358,2.11996,0
2.61546,1.09523,2.12653,0
2.61555,1.08231,2.12416,0
2.61564,1.06943,2.12172,0
2.61572,1.05794,2.12189,0
2.61581,1.04336,2.11572,0
2.6159,1.03193,2.11576,0
2.61599,1.02355,2.12205,0
2.61607,1.00955,2.11656,0
2.61616,1.0003,2.12095,0
2.61625,0.991885,2.1271,0
2.61634,0.98092,2.12778,0
2.61642,0.969553,2.12749,0
2.61651,0.9541,2.11802,0
2.6166,0.942002,2.11577,0
2.61668,0.931553,2.11712,0
2.61677,0.921908,2.12024,0
2.61686,0.910279,2.11873,0
2.61695,0.898291,2.11624,0
2.61703,0.890209,2.12291,0
2.61712,0.875197,2.11291,0
2.61721,0.865591,2.11579,0
2.6173,0.855976,2.11862,0
2.61738,0.847094,2.12326,0
2.61747,0.833424,2.11577,0
2.61756,0.822734,2.11566,0
2.61764,0.809195,2.10802,0
2.61773,0.802469,2.11808,0
2.61782,0.792519,2.11969,0
2.61791,0.781879,2.11937,0
2.61799,0.772624,2.12277,0
2.61808,0.758623,2.11294,0
2.61817,0.749396,2.11623,0
2.61826,0.736529,2.10909,0
2.61834,0.727319,2.11229,0
2.61843,0.718096,2.11544,0
2.61852,0.704734,2.10623,0
2.6186,0.696163,2.11118,0
2.61869,0.686327,2.1123,0
2.61878,0.678628,2.12003,0
2.61887,0.666063,2.11248,0
2.61895,0.656543,2.11441,0
2.61904,0.647311,2.11726,0
2.61913,0.638355,2.12102,0
2.61922,0.621994,2.09982,0
2.6193,0.614505,2.10827,0
2.61939,0.6053,2.11093,0
2.61948,0.594183,2.10681,0
2.61956,0.585787,2.11228,0
2.61965,0.576038,2.11288,0
2.61974,0.566555,2.11441,0
2.61983,0.554269,2.10526,0
2.61991,0.546329,2.1125,0
2.62,0.535383,2.10808,0
2.62009,0.526906,2.1133,0
2.62018,0.516967,2.11267,0
2.62026,0.50681,2.11102,0
2.62035,0.497594,2.11321,0
2.62044,0.485444,2.10269,0
2.62052,0.478472,2.11454,0
2.62061,0.46686,2.10587,0
2.6207,0.458304,2.11082,0
2.62079,0.447634,2.10595,0
2.62087,0.438237,2.10691,0
2.62096,0.429239,2.10978,0
2.62105,0.419444,2.10869,0
2.62114,0.411766,2.11835,0
2.62122,0.401213,2.11325,0
2.62131,0.391442,2.11203,0
2.6214,0.382401,2.1147,0
2.62148,0.373344,2.11734,0
2.62157,0.362408,2.10909,0
2.62166,0.352872,2.10868,0
2.62175,0.343989,2.11217,0
2.62183,0.334457,2.11168,0
2.62192,0.324479,2.10818,0
2.62201,0.315425,2.11056,0
2.6221,0.305783,2.10895,0
2.62218,0.2963,2.10828,0
2.62227,0.286558,2.10559,0
2.62236,0.275932,2.09591,0
2.62244,0.26792,2.10603,0
2.62253,0.259704,2.11512,0
2.62262,0.250472,2.11623,0
2.62271,0.239764,2.10439,0
2.62279,0.231451,2.11336,0
2.62288,0.2216,2.10839,0
2.62297,0.211898,2.10436,0
2.62306,0.202906,2.10725,0
2.62314,0.193435,2.10513,0
2.62323,0.184596,2.10994,0
2.62332,0.175057,2.10674,0
2.6234,0.16602,2.10948,0
2.62349,0.157036,2.11317,0
2.62358,0.146977,2.10187,0
2.62367,0.137804,2.10249,0
2.62375,0.12924,2.11305,0
2.62384,0.119452,2.10361,0
2.62393,0.110481,2.10811,0
2.62402,0.100946,2.10158,0
2.6241,0.0924296,2.11698,0
2.62419,0.0826812,2.10438,0
2.62428,0.073638,2.10871,0
2.62436,0.0646196,2.11501,0
2.62445,0.0554167,2.11627,0
2.62454,0.045964,2.1065,0
2.62463,0.0365978,2.09668,0
2.62471,0.0275799,2.10682,0
2.6248,0.0183956,2.10792,0
2.62489,0.00920666,2.10998,0
2.62498,7.65485e-08,2.104,0
2.62506,-0.00919342,2.10698,0
2.62515,-0.0183955,2.10792,0
2.62524,-0.0275666,2.10582,0
2.62532,-0.0366849,2.10168,0
2.62541,-0.0458984,2.1035,0
2.6255,-0.0549977,2.10028,0
2.62559,-0.0642224,2.10202,0
2.62567,-0.0730446,2.09172,0
2.62576,-0.0823278,2.09538,0
2.62585,-0.0920805,2.10899,0
2.62594,-0.101234,2.10757,0
2.62602,-0.110376,2.10611,0
2.62611,-0.119168,2.09862,0
2.6262,-0.128629,2.10307,0
2.62628,-0.138458,2.11247,0
2.62637,-0.147605,2.11085,0
2.62646,-0.156295,2.1032,0
2.62655,-0.16547,2.1025,0
2.62663,-0.174808,2.10375,0
2.62672,-0.183201,2.094,0
2.62681,-0.193343,2.10414,0
2.6269,-0.202426,2.10228,0
2.62698,-0.211797,2.10336,0
2.62707,-0.221182,2.10441,0
2.62716,-0.228947,2.0905,0
2.62724,-0.238519,2.09346,0
2.62733,-0.249179,2.1053,0
2.62742,-0.258729,2.10718,0
2.62751,-0.268047,2.10702,0
2.62759,-0.275541,2.09294,0
2.62768,-0.286019,2.10163,0
2.62777,-0.294769,2.09739,0
2.62785,-0.304348,2.09905,0
2.62794,-0.313799,2.09968,0
2.62803,-0.323871,2.10422,0
2.62812,-0.331797,2.09489,0
2.6282,-0.341578,2.09737,0
2.62829,-0.350726,2.09586,0
2.62838,-0.360206,2.09628,0
2.62847,-0.370218,2.09961,0
2.62855,-0.379909,2.10093,0
2.62864,-0.388891,2.09827,0
2.62873,-0.398042,2.09655,0
2.62881,-0.406041,2.0889,0
2.6289,-0.416128,2.09202,0
2.62899,-0.427445,2.10096,0
2.62908,-0.436608,2.09907,0
2.62916,-0.445139,2.09421,0
2.62925,-0.45406,2.09127,0
2.62934,-0.464912,2.09708,0
2.62943,-0.474941,2.09894,0
2.62951,-0.48342,2.09392,0
2.6296,-0.131103,0.556773,0
2.62969,-0.126994,0.528969,0
2.62977,-0.139997,0.57212,0
2.62986,-0.14104,0.565682,0
2.62995,-0.13883,0.546646,0
2.63004,-0.137459,0.531513,0
2.63012,-0.150724,0.572491,0
2.63021,-0.148303,0.553475,0
2.6303,-0.152821,0.560541,0
2.63039,-0.156602,0.564687,0
2.63047,-0.15635,0.554374,0
2.63056,-0.150774,0.52581,0
2.63065,-0.164819,0.565469,0
2.63073,-0.159049,0.536939,0
2.63082,-0.15505,0.515173,0
2.63091,-0.168698,0.551788,0
2.631,-0.171401,0.552002,0
2.63108,-0.174409,0.553156,0
2.63117,-0.186577,0.582866,0
2.63126,-0.181702,0.559221,0
2.63135,-0.186332,0.565071,0
2.63143,-0.184989,0.552873,0
2.63152,-0.190614,0.56153,0
2.63161,-0.195341,0.567311,0
2.63169,-0.190231,0.544739,0
2.63178,-0.203622,0.575011,0
2.63187,-0.191261,0.532706,0
2.63196,-0.195978,0.538444,0
2.63204,-0.209401,0.567606,0
2.63213,-0.20207,0.54046,0
2.63222,-0.210095,0.554535,0
2.63231,-0.212154,0.55268,0
2.63239,-0.260955,0.671046,0
2.63248,-0.300164,0.762012,0
2.63257,-0.328684,0.823854,0
2.63265,-0.327781,0.811286,0
2.63274,-0.327531,0.800593,0
2.63283,-0.324133,0.782526,0
2.63292,-0.327157,0.780182,0
2.633,-0.327433,0.771383,0
2.63309,-0.320532,0.746058,0
2.63318,-0.303847,0.6988,0
2.63327,-0.286353,0.650787,0
2.63335,-0.292037,0.655926,0
2.63344,-0.292432,0.649175,0
2.63353,-0.298994,0.656082,0
2.63361,-0.298923,0.648414,0
2.6337,-0.300904,0.645291,0
2.63379,-0.303717,0.643972,0
2.63388,-0.30308,0.63542,0
2.63396,-0.316276,0.655708,0
2.63405,-0.320449,0.657018,0
2.63414,-0.317563,0.643955,0
2.63423,-0.319031,0.639878,0
2.63431,-0.323171,0.641159,0
2.6344,-0.327781,0.643307,0
2.63449,-0.325548,0.632091,0
2.63457,-0.324148,0.622682,0
2.63466,-0.324533,0.616836,0
2.63475,-0.32863,0.618063,0
2.63484,-0.326117,0.606934,0
2.63492,-0.327808,0.603747,0
2.63501,-0.321781,0.58653,0
2.6351,-0.324338,0.585121,0
2.63519,-0.318581,0.568867,0
2.63527,-0.329431,0.582268,0
2.63536,-0.319563,0.55912,0
2.63545,-0.3195,0.55339,0
2.63553,-0.323423,0.554582,0
2.63562,-0.32787,0.556612,0
2.63571,-0.322626,0.542285,0
2.6358,-0.319839,0.532301,0
2.63588,-0.322158,0.5309,0
2.63597,-0.320292,0.522668,0
2.63606,-0.321517,0.519565,0
2.63615,-0.317952,0.508829,0
2.63623,-0.322837,0.511665,0
2.63632,-0.323992,0.508565,0
2.63641,-0.318093,0.494531,0
2.63649,-0.315346,0.48559,0
2.63658,-0.320752,0.489227,0
2.63667,-0.318468,0.481152,0
2.63676,-0.320564,0.479758,0
2.63684,-0.31874,0.472551,0
2.63693,-0.321362,0.471983,0
2.63702,-0.313223,0.455742,0
2.63711,-0.319198,0.460122,0
2.63719,-0.318908,0.455449,0
2.63728,-0.31743,0.449153,0
2.63737,-0.315902,0.442879,0
2.63745,-0.310821,0.431757,0
2.63754,-0.312702,0.430397,0
2.63763,-0.314577,0.429029,0
2.63772,-0.302765,0.409163,0
2.6378,-0.311727,0.417453,0
2.63789,-0.316555,0.420082,0
2.63798,-0.317174,0.417105,0
2.63807,-0.323861,0.422064,0
2.63815,-0.32019,0.413531,0
2.63824,-0.323222,0.413706,0
2.63833,-0.326263,0.413862,0
2.63841,-0.320595,0.403043,0
2.6385,-0.316091,0.393842,0
2.63859,-0.318436,0.393236,0
2.63868,-0.326476,0.399587,0
2.63876,-0.322492,0.391214,0
2.63885,-0.328032,0.394416,0
2.63894,-0.316894,0.37766,0
2.63903,-0.324354,0.383143,0
2.63911,-0.321477,0.376401,0
2.6392,-0.316588,0.367419,0
2.63929,-0.322125,0.370562,0
2.63937,-0.319123,0.36389,0
2.63946,-0.317395,0.35875,0
2.63955,-0.302976,0.339456,0
2.63964,-0.301778,0.335158,0
2.63972,-0.291135,0.320514,0
2.63981,-0.28645,0.312606,0
2.6399,-0.290527,0.31429,0
2.63998,-0.125488,0.134569,0
2.64007,-0.218573,0.23235,0
2.64016,-0.20926,0.220514,0
2.64025,-0.0463314,0.0483984,0
2.64033,-0.0729391,0.0755307,0
2.64042,-0.0781525,0.0802258,0
2.64051,-0.0651846,0.0663323,0
2.6406,-0.0577292,0.0582352,0
2.64068,-0.0480833,0.0480833,0
