7200
6123
5.34071
5.35642,-0.0374767,-0.0374767,0
5.3565,-0.0922259,-0.0930343,0
5.35659,-0.0967255,-0.0984286,0
5.35668,-0.0509387,-0.05229,0
5.35676,-0.0395955,-0.0410024,0
5.35685,-0.0643107,-0.0671799,0
5.35694,-0.075719,-0.0797912,0
5.35703,-0.16924,-0.179908,0
5.35711,-0.225059,-0.241347,0
5.3572,-0.107929,-0.116757,0
5.35729,-0.120255,-0.131235,0
5.35738,-0.133129,-0.146563,0
5.35746,-0.341926,-0.379747,0
5.35755,-0.288327,-0.323043,0
5.35764,-0.293541,-0.331787,0
5.35772,-0.298684,-0.340583,0
5.35781,-0.301787,-0.347166,0
5.3579,-0.303533,-0.352268,0
5.35799,-0.301344,-0.352828,0
5.35807,-0.29334,-0.346508,0
5.35816,-0.278327,-0.331697,0
5.35825,-0.305012,-0.366738,0
5.35834,-0.30659,-0.371923,0
5.35842,-0.312556,-0.38255,0
5.35851,-0.311514,-0.384687,0
5.3586,-0.31484,-0.392282,0
5.35868,-0.316237,-0.397565,0
5.35877,-0.300261,-0.380879,0
5.35886,-0.309678,-0.396369,0
5.35895,-0.308558,-0.398508,0
5.35903,-0.303163,-0.39509,0
5.35912,-0.3087,-0.405961,0
5.35921,-0.303917,-0.403311,0
5.3593,-0.306941,-0.411043,0
5.35938,-0.306929,-0.41479,0
5.35947,-0.312211,-0.425803,0
5.35956,-0.305648,-0.420689,0
5.35964,-0.308484,-0.428511,0
5.35973,-0.303127,-0.424968,0
5.35982,-0.309927,-0.438537,0
5.35991,-0.310878,-0.44398,0
5.35999,-0.309508,-0.446154,0
5.36008,-0.303594,-0.441732,0
5.36017,-0.312357,-0.458757,0
5.36025,-0.31203,-0.462603,0
5.36034,-0.30723,-0.459803,0
5.36043,-0.309637,-0.46781,0
5.36052,-0.313075,-0.477519,0
5.3606,-0.311534,-0.47972,0
5.36069,-0.314847,-0.489485,0
5.36078,-0.314858,-0.494227,0
5.36087,-0.322303,-0.51082,0
5.36095,-0.347627,-0.55632,0
5.36104,-0.416761,-0.673479,0
5.36113,-0.496896,-0.810861,0
5.36121,-0.516698,-0.851492,0
5.3613,-0.519158,-0.864025,0
5.36139,-0.521519,-0.876595,0
5.36148,-0.518197,-0.879723,0
5.36156,-0.521406,-0.89407,0
5.36165,-0.5215,-0.903264,0
5.36174,-0.519539,-0.909004,0
5.36183,-0.527386,-0.932151,0
5.36191,-0.5067,-0.904778,0
5.362,-0.482386,-0.870247,0
5.36209,-0.483394,-0.88111,0
5.36217,-0.468093,-0.86212,0
5.36226,-0.457227,-0.85094,0
5.36235,-0.452101,-0.850279,0
5.36244,-0.449784,-0.854898,0
5.36252,-0.440046,-0.845321,0
5.36261,-0.441848,-0.857902,0
5.3627,-0.434015,-0.851802,0
5.36279,-0.428944,-0.851009,0
5.36287,-0.423442,-0.849293,0
5.36296,-0.421943,-0.855617,0
5.36305,-0.414699,-0.850259,0
5.36313,-0.410985,-0.85206,0
5.36322,-0.407263,-0.853846,0
5.36331,-0.404814,-0.858328,0
5.3634,-0.398106,-0.853742,0
5.36348,-0.401076,-0.870001,0
5.36357,-0.389397,-0.854454,0
5.36366,-0.402505,-0.893527,0
5.36375,-0.852927,-1.9157,0
5.36383,-0.84899,-1.92948,0
5.36392,-0.832588,-1.91482,0
5.36401,-0.82462,-1.91935,0
5.36409,-0.811939,-1.91281,0
5.36418,-0.805906,-1.92187,0
5.36427,-0.796364,-1.92259,0
5.36436,-0.788725,-1.9279,0
5.36444,-0.778433,-1.92669,0
5.36453,-0.767054,-1.92264,0
5.36462,-0.754626,-1.91573,0
5.36471,-0.74626,-1.919,0
5.36479,-0.739313,-1.92598,0
5.36488,-0.724525,-1.91235,0
5.36497,-0.716524,-1.91643,0
5.36505,-0.707117,-1.91672,0
5.36514,-0.703535,-1.93295,0
5.36523,-0.688336,-1.91718,0
5.36532,-0.683636,-1.93053,0
5.3654,-0.669931,-1.91839,0
5.36549,-0.660578,-1.91846,0
5.36558,-0.650272,-1.91564,0
5.36567,-0.640321,-1.91372,0
5.36575,-0.631025,-1.91364,0
5.36584,-0.623596,-1.91923,0
5.36593,-0.616741,-1.9267,0
5.36601,-0.604118,-1.91602,0
5.3661,-0.596049,-1.91959,0
5.36619,-0.586498,-1.91835,0
5.36628,-0.576393,-1.91514,0
5.36636,-0.566895,-1.9138,0
5.36645,-0.564695,-1.93738,0
5.36654,-0.558441,-1.94752,0
5.36663,-0.556996,-1.97496,0
5.36671,-0.549977,-1.98315,0
5.3668,-0.540003,-1.98071,0
5.36689,-0.529803,-1.97725,0
5.36697,-0.523971,-1.99018,0
5.36706,-0.511026,-1.97599,0
5.36715,-0.502399,-1.9782,0
5.36724,-0.492795,-1.97649,0
5.36732,-0.485592,-1.98445,0
5.36741,-0.475061,-1.97877,0
5.3675,-0.466881,-1.98277,0
5.36759,-0.457775,-1.98284,0
5.36767,-0.449561,-1.98677,0
5.36776,-0.43894,-1.97993,0
5.36785,-0.431145,-1.98573,0
5.36793,-0.42019,-1.97684,0
5.36802,-0.41156,-1.97865,0
5.36811,-0.395546,-1.94417,0
5.3682,-0.384718,-1.93411,0
5.36828,-0.373222,-1.92006,0
5.36837,-0.365401,-1.92462,0
5.36846,-0.356817,-1.92521,0
5.36855,-0.349303,-1.93167,0
5.36863,-0.343476,-1.94795,0
5.36872,-0.336836,-1.96027,0
5.36881,-0.32927,-1.96764,0
5.36889,-0.322128,-1.97794,0
5.36898,-0.312556,-1.9734,0
5.36907,-0.305007,-1.98166,0
5.36916,-0.295323,-1.97605,0
5.36924,-0.281246,-1.93972,0
5.36933,-0.2693,-1.91617,0
5.36942,-0.260937,-1.91733,0
5.36951,-0.252307,-1.91646,0
5.36959,-0.244447,-1.92151,0
5.36968,-0.234842,-1.91264,0
5.36977,-0.2272,-1.9196,0
5.36985,-0.218143,-1.91461,0
5.36994,-0.210004,-1.91753,0
5.37003,-0.201008,-1.91247,0
5.37012,-0.193062,-1.9173,0
5.3702,-0.184216,-1.91315,0
5.37029,-0.175592,-1.91095,0
5.37038,-0.167339,-1.91269,0
5.37047,-0.160482,-1.93134,0
5.37055,-0.152211,-1.93402,0
5.37064,-0.145104,-1.95262,0
5.37073,-0.136862,-1.95722,0
5.37081,-0.127994,-1.95281,0
5.3709,-0.122708,-2.00625,0
5.37099,-0.118318,-2.08364,0
5.37108,-0.11807,-2.25291,0
5.37116,-0.108814,-2.26539,0
5.37125,-0.0972713,-2.22788,0
5.37134,-0.0851546,-2.16733,0
5.37143,-0.0747547,-2.1407,0
5.37151,-0.0648333,-2.12201,0
5.3716,-0.0555737,-2.12227,0
5.37169,-0.0488436,-2.23847,0
5.37177,-0.0393901,-2.25666,0
5.37186,-0.0297265,-2.27081,0
5.37195,-0.0197656,-2.26491,0
5.37204,-0.00981311,-2.24898,0
5.37212,-2.73213e-08,-2.268,0
5.37221,0.00989159,-2.26698,0
5.3723,0.0199052,-2.28091,0
5.37239,0.0298704,-2.2818,0
5.37247,0.039966,-2.28965,0
5.37256,0.0495416,-2.27046,0
5.37265,0.0596572,-2.27822,0
5.37273,0.0695972,-2.27794,0
5.37282,0.0796755,-2.28161,0
5.37291,0.0895516,-2.27924,0
5.373,0.0992341,-2.27283,0
5.37308,0.108479,-2.2584,0
5.37317,0.1165,-2.22295,0
5.37326,0.120642,-2.12458,0
5.37334,0.128751,-2.10507,0
5.37343,0.146699,-2.2382,0
5.37352,0.159812,-2.28542,0
5.37361,0.169708,-2.2837,0
5.37369,0.180456,-2.29291,0
5.37378,0.190376,-2.2911,0
5.37387,0.199499,-2.28029,0
5.37396,0.210179,-2.28736,0
5.37404,0.220158,-2.28643,0
5.37413,0.230032,-2.28445,0
5.37422,0.240311,-2.28641,0
5.3743,0.249741,-2.28037,0
5.37439,0.260367,-2.28522,0
5.37448,0.271864,-2.29697,0
5.37457,0.281031,-2.28881,0
5.37465,0.290258,-2.28161,0
5.37474,0.302038,-2.2942,0
5.37483,0.312045,-2.29286,0
5.37492,0.322603,-2.29544,0
5.375,0.332042,-2.29005,0
5.37509,0.342031,-2.28858,0
5.37518,0.352318,-2.28905,0
5.37526,0.362928,-2.29144,0
5.37535,0.374369,-2.29871,0
5.37544,0.384066,-2.29509,0
5.37553,0.394415,-2.29536,0
5.37561,0.403558,-2.28869,0
5.3757,0.413363,-2.28593,0
5.37579,0.424426,-2.29,0
5.37588,0.434228,-2.28714,0
5.37596,0.445157,-2.29014,0
5.37605,0.45456,-2.28523,0
5.37614,0.465723,-2.2891,0
5.37622,0.473263,-2.2753,0
5.37631,0.487345,-2.29278,0
5.3764,0.497769,-2.29258,0
5.37649,0.507334,-2.28844,0
5.37657,0.51886,-2.29303,0
5.37666,0.529085,-2.29172,0
5.37675,0.539308,-2.29036,0
5.37684,0.551398,-2.29674,0
5.37692,0.5588,-2.28363,0
5.37701,0.569968,-2.28602,0
5.3771,0.579199,-2.2806,0
5.37718,0.589144,-2.27805,0
5.37727,0.601624,-2.28513,0
5.37736,0.613401,-2.28924,0
5.37745,0.624173,-2.28944,0
5.37753,0.635226,-2.29055,0
5.37762,0.644128,-2.28391,0
5.37771,0.654363,-2.28204,0
5.3778,0.667392,-2.28972,0
5.37788,0.674252,-2.27624,0
5.37797,0.686195,-2.27998,0
5.37806,0.701984,-2.29609,0
5.37814,0.704583,-2.26913,0
5.37823,0.719288,-2.28129,0
5.37832,0.733808,-2.29242,0
5.37841,0.745349,-2.29395,0
5.37849,0.752846,-2.28308,0
5.37858,0.765339,-2.28736,0
5.37867,0.774026,-2.28021,0
5.37876,0.788526,-2.29005,0
5.37884,0.797851,-2.2847,0
5.37893,0.808814,-2.28402,0
5.37902,0.81911,-2.28141,0
5.3791,0.830767,-2.28251,0
5.37919,0.841757,-2.28168,0
5.37928,0.853455,-2.28267,0
5.37937,0.865533,-2.28454,0
5.37945,0.876568,-2.28354,0
5.37954,0.892685,-2.29554,0
5.37963,0.897928,-2.27952,0
5.37972,0.911942,-2.2858,0
5.3798,0.919659,-2.27624,0
5.37989,0.935641,-2.28701,0
5.37998,0.947141,-2.2866,0
5.38006,0.960203,-2.28982,0
5.38015,0.970967,-2.28745,0
5.38024,0.985281,-2.2933,0
5.38033,0.992088,-2.28165,0
5.38041,1.00606,-2.28645,0
5.3805,1.02132,-2.29391,0
5.38059,1.03624,-2.30038,0
5.38068,1.04295,-2.28855,0
5.38076,1.05628,-2.29125,0
5.38085,1.06542,-2.2848,0
5.38094,1.08007,-2.29008,0
5.38102,1.09092,-2.28715,0
5.38111,1.10393,-2.28867,0
5.3812,1.11346,-2.28294,0
5.38129,1.12518,-2.28164,0
5.38137,1.14182,-2.29014,0
5.38146,1.15225,-2.28603,0
5.38155,1.16721,-2.29078,0
5.38164,1.17765,-2.28655,0
5.38172,1.19039,-2.28671,0
5.38181,1.20222,-2.28504,0
5.3819,1.21781,-2.29037,0
5.38198,1.22968,-2.28855,0
5.38207,1.24395,-2.29108,0
5.38216,1.25634,-2.29001,0
5.38225,1.26826,-2.28801,0
5.38233,1.28312,-2.29117,0
5.38242,1.29212,-2.28381,0
5.38251,1.30803,-2.28857,0
5.3826,1.321,-2.28804,0
5.38268,1.335,-2.28916,0
5.38277,1.3465,-2.2859,0
5.38286,1.36106,-2.28774,0
5.38294,1.37927,-2.29549,0
5.38303,1.38927,-2.28945,0
5.38312,1.40343,-2.29019,0
5.38321,1.41762,-2.29085,0
5.38329,1.42866,-2.28634,0
5.38338,1.44983,-2.29784,0
5.38347,1.46092,-2.29318,0
5.38356,1.47578,-2.29435,0
5.38364,1.48523,-2.28705,0
5.38373,1.50123,-2.28975,0
5.38382,1.5112,-2.28318,0
5.3839,1.5356,-2.29818,0
5.38399,1.54729,-2.29395,0
5.38408,1.5601,-2.29131,0
5.38417,1.57234,-2.28777,0
5.38425,1.592,-2.29486,0
5.38434,1.60544,-2.29281,0
5.38443,1.61485,-2.28496,0
5.38452,1.64049,-2.29988,0
5.3846,1.64992,-2.29188,0
5.38469,1.66637,-2.29356,0
5.38478,1.68287,-2.29514,0
5.38486,1.69941,-2.29662,0
5.38495,1.7136,-2.29479,0
5.38504,1.73022,-2.29608,0
5.38513,1.74748,-2.29806,0
5.38521,1.76236,-2.29676,0
5.3853,1.78278,-2.30249,0
5.38539,1.79835,-2.30178,0
5.38547,1.80961,-2.29548,0
5.38556,1.82646,-2.29617,0
5.38565,1.84835,-2.303,0
5.38574,1.85775,-2.29413,0
5.38582,1.87724,-2.29762,0
5.38591,1.88979,-2.2925,0
5.386,1.91064,-2.2973,0
5.38609,1.92836,-2.29813,0
5.38617,1.94871,-2.30191,0
5.38626,1.97172,-2.30859,0
5.38635,1.98374,-2.30224,0
5.38643,1.98983,-2.28903,0
5.38652,1.98661,-2.26529,0
5.38661,1.98985,-2.24911,0
5.3867,1.99565,-2.23593,0
5.38678,1.98732,-2.20714,0
5.38687,1.98617,-2.1866,0
5.38696,1.99367,-2.17571,0
5.38705,1.98956,-2.1523,0
5.38713,1.98189,-2.12531,0
5.38722,1.98703,-2.11228,0
5.38731,1.99416,-2.10141,0
5.38739,1.99225,-2.08113,0
5.38748,1.98881,-2.05947,0
5.38757,1.988,-2.04074,0
5.38766,1.98497,-2.01993,0
5.38774,1.99025,-2.00769,0
5.38783,1.99192,-1.99192,0
5.38792,1.99136,-1.97406,0
5.38801,1.99068,-1.95624,0
5.38809,1.99347,-1.94195,0
5.38818,1.98682,-1.91865,0
5.38827,1.99372,-1.90858,0
5.38835,1.99696,-1.89504,0
5.38844,1.98991,-1.87192,0
5.38853,1.98051,-1.84685,0
5.38862,1.98267,-1.83276,0
5.3887,1.98033,-1.81464,0
5.38879,1.97934,-1.79791,0
5.38888,1.9842,-1.78658,0
5.38897,1.98078,-1.76792,0
5.38905,1.98099,-1.75263,0
5.38914,1.97809,-1.73474,0
5.38923,1.97281,-1.71494,0
5.38931,1.97497,-1.70174,0
5.3894,1.97325,-1.68532,0
5.38949,1.9783,-1.67475,0
5.38958,1.98252,-1.66353,0
5.38966,1.98669,-1.65231,0
5.38975,1.98153,-1.63345,0
5.38984,1.9778,-1.61593,0
5.38993,1.97706,-1.60099,0
5.39001,1.98013,-1.58922,0
5.3901,1.97922,-1.57434,0
5.39019,1.98293,-1.56321,0
5.39027,1.98421,-1.55024,0
5.39036,1.97672,-1.53054,0
5.39045,1.97386,-1.5146,0
5.39054,1.97568,-1.50234,0
5.39062,1.96864,-1.48347,0
5.39071,1.97509,-1.47487,0
5.3908,1.96865,-1.45672,0
5.39089,1.98143,-1.45285,0
5.39097,1.98128,-1.43949,0
5.39106,1.97781,-1.42382,0
5.39115,1.97342,-1.40762,0
5.39123,1.97382,-1.39496,0
5.39132,1.9717,-1.3806,0
5.39141,1.9736,-1.36913,0
5.3915,1.96801,-1.35258,0
5.39158,1.96894,-1.3406,0
5.39167,1.97477,-1.332,0
5.39176,1.97807,-1.3217,0
5.39185,1.97297,-1.30588,0
5.39193,1.97196,-1.29288,0
5.39202,1.97759,-1.28426,0
5.39211,1.9714,-1.26804,0
5.39219,1.97438,-1.25782,0
5.39228,1.97393,-1.24546,0
5.39237,1.96578,-1.22835,0
5.39246,1.96006,-1.21292,0
5.39254,1.97216,-1.20854,0
5.39263,1.98083,-1.202,0
5.39272,1.9732,-1.18562,0
5.39281,1.96976,-1.17188,0
5.39289,1.97485,-1.16328,0
5.39298,1.97473,-1.15163,0
5.39307,1.97627,-1.141,0
5.39315,1.96994,-1.12592,0
5.39324,1.97223,-1.11583,0
5.39333,1.96748,-1.10184,0
5.39342,1.97752,-1.09615,0
5.3935,1.97001,-1.08078,0
5.39359,1.98173,-1.07599,0
5.39368,1.96879,-1.05787,0
5.39377,1.97957,-1.05256,0
5.39385,1.97972,-1.04158,0
5.39394,1.98513,-1.03339,0
5.39403,1.96917,-1.01419,0
5.39411,1.97893,-1.00831,0
5.3942,1.97706,-0.996518,0
5.39429,1.98765,-0.991005,0
5.39438,1.97312,-0.973035,0
5.39446,1.97195,-0.961786,0
5.39455,1.97973,-0.954911,0
5.39464,1.98117,-0.944972,0
5.39473,1.98166,-0.934612,0
5.39481,1.97484,-0.920885,0
5.3949,1.97067,-0.908492,0
5.39499,1.97826,-0.901543,0
5.39507,1.97944,-0.891671,0
5.39516,1.97509,-0.879365,0
5.39525,1.97524,-0.869127,0
5.39534,1.98177,-0.861697,0
5.39542,1.98183,-0.851463,0
5.39551,1.9754,-0.838509,0
5.3956,1.96244,-0.822921,0
5.39569,1.98172,-0.820856,0
5.39577,1.98158,-0.810687,0
5.39586,1.98046,-0.80016,0
5.39595,1.97093,-0.786323,0
5.39603,1.97714,-0.778815,0
5.39612,1.97399,-0.767644,0
5.39621,1.97546,-0.758307,0
5.3963,1.97688,-0.748971,0
5.39638,1.97732,-0.739288,0
5.39647,1.97583,-0.728923,0
5.39656,1.97335,-0.718242,0
5.39665,1.98118,-0.711315,0
5.39673,1.97578,-0.699659,0
5.39682,1.97881,-0.691032,0
5.39691,1.97613,-0.680437,0
5.39699,1.9734,-0.66988,0
5.39708,1.97156,-0.659676,0
5.39717,1.97632,-0.651694,0
5.39726,1.96678,-0.639047,0
5.39734,1.98003,-0.633813,0
5.39743,1.98182,-0.624867,0
5.39752,1.97498,-0.613248,0
5.39761,1.97955,-0.605209,0
5.39769,1.97834,-0.595414,0
5.39778,1.979,-0.586208,0
5.39787,1.9777,-0.576448,0
5.39795,1.98308,-0.56864,0
5.39804,1.9817,-0.558896,0
5.39813,1.97544,-0.547839,0
5.39822,1.98264,-0.540529,0
5.3983,1.97532,-0.529285,0
5.39839,1.97858,-0.520916,0
5.39848,1.97793,-0.511526,0
5.39856,1.97626,-0.501907,0
5.39865,1.97455,-0.492311,0
5.39874,1.97377,-0.482978,0
5.39883,1.97586,-0.474361,0
5.39891,1.98375,-0.46711,0
5.399,1.98577,-0.45845,0
5.39909,1.97312,-0.446471,0
5.39918,1.98383,-0.439805,0
5.39926,1.97498,-0.428811,0
5.39935,1.97684,-0.42019,0
5.39944,1.98453,-0.412782,0
5.39952,1.98239,-0.403321,0
5.39961,1.98315,-0.394473,0
5.3997,1.98289,-0.385434,0
5.39979,1.98848,-0.377525,0
5.39987,1.99207,-0.369209,0
5.39996,1.99367,-0.360514,0
5.40005,1.98931,-0.350769,0
5.40014,1.97505,-0.339376,0
5.40022,1.97948,-0.331251,0
5.40031,1.97399,-0.321485,0
5.4004,1.97241,-0.3124,0
5.40048,1.83736,-0.282797,0
5.40057,1.72089,-0.257188,0
5.40066,1.70121,-0.246664,0
5.40075,1.67949,-0.236038,0
5.40083,1.67952,-0.228572,0
5.40092,1.68843,-0.222286,0
5.40101,1.69236,-0.215295,0
5.4011,1.68237,-0.206569,0
5.40118,1.69616,-0.200754,0
5.40127,1.70099,-0.193804,0
5.40136,1.69984,-0.186162,0
5.40144,1.69964,-0.178639,0
5.40153,1.6815,-0.169318,0
5.40162,1.68023,-0.161788,0
5.40171,1.66598,-0.153082,0
5.40179,1.66564,-0.145724,0
5.40188,1.65629,-0.137627,0
5.40197,1.65389,-0.130164,0
5.40206,1.65344,-0.122872,0
5.40214,1.65895,-0.116005,0
5.40223,1.64547,-0.10785,0
5.40232,1.65291,-0.101096,0
5.4024,1.65833,-0.0941668,0
5.40249,1.65373,-0.0866684,0
5.40258,1.65709,-0.0795958,0
5.40267,1.65043,-0.0720593,0
5.40275,1.65972,-0.0652106,0
5.40284,1.65699,-0.0578634,0
5.40293,1.65523,-0.0505718,0
5.40302,1.64843,-0.0431658,0
5.4031,1.65361,-0.0360819,0
5.40319,1.66575,-0.0290757,0
5.40328,1.68186,-0.0220167,0
5.40336,1.67094,-0.0145821,0
5.40345,1.67198,-0.00729549,0
5.40354,1.69,-4.09223e-08,0
5.40363,1.70298,0.00743067,0
5.40371,1.69294,0.014774,0
5.4038,1.68786,0.0220952,0
5.40389,1.68774,0.0294596,0
5.40398,1.6916,0.0369107,0
5.40406,1.69442,0.0443699,0
5.40415,1.68621,0.0515184,0
5.40424,1.68697,0.0589103,0
5.40432,1.6887,0.0663491,0
5.40441,1.69439,0.0739784,0
5.4045,1.69505,0.0814188,0
5.40459,1.69368,0.0887617,0
5.40467,1.69028,0.0959808,0
5.40476,1.69883,0.103905,0
5.40485,1.68838,0.110662,0
5.40494,1.68289,0.117679,0
5.40502,1.68236,0.125021,0
5.40511,1.69077,0.133067,0
5.4052,1.69217,0.140608,0
5.40528,1.68755,0.147642,0
5.40537,1.68789,0.155095,0
5.40546,1.69416,0.163129,0
5.40555,1.69742,0.170921,0
5.40563,1.69566,0.178221,0
5.40572,1.69089,0.185183,0
5.40581,1.69603,0.193238,0
5.4059,1.69318,0.200401,0
5.40598,1.69626,0.208275,0
5.40607,1.69038,0.215043,0
5.40616,1.69636,0.22333,0
5.40624,1.68844,0.229786,0
5.40633,1.70128,0.239099,0
5.40642,1.68835,0.244798,0
5.40651,1.69418,0.253197,0
5.40659,1.68219,0.258914,0
5.40668,1.70376,0.269849,0
5.40677,1.7154,0.279371,0
5.40686,1.72896,0.289328,0
5.40694,1.79076,0.307708,0
5.40703,1.86621,0.329063,0
5.40712,1.96316,0.354997,0
5.4072,1.97339,0.365747,0
5.40729,1.98062,0.376032,0
5.40738,1.97896,0.384671,0
5.40747,1.98609,0.395058,0
5.40755,1.99317,0.405514,0
5.40764,1.97767,0.411356,0
5.40773,1.98955,0.422892,0
5.40782,1.98671,0.431357,0
5.4079,1.98774,0.440671,0
5.40799,1.97994,0.448016,0
5.40808,1.98187,0.45755,0
5.40816,1.97401,0.464818,0
5.40825,1.97197,0.473427,0
5.40834,1.98542,0.48583,0
5.40843,1.98717,0.495456,0
5.40851,1.98111,0.503137,0
5.4086,1.98083,0.512277,0
5.40869,1.98631,0.522952,0
5.40878,1.97918,0.53032,0
5.40886,1.98457,0.541055,0
5.40895,1.97641,0.548106,0
5.40904,1.9817,0.558896,0
5.40912,1.97635,0.56671,0
5.40921,1.9873,0.579246,0
5.4093,1.98572,0.588196,0
5.40939,1.98696,0.598007,0
5.40947,1.98529,0.606964,0
5.40956,1.98167,0.615324,0
5.40965,1.98469,0.625769,0
5.40974,1.98289,0.634727,0
5.40982,1.98771,0.645845,0
5.40991,1.97822,0.65232,0
5.41,1.98484,0.664119,0
5.41008,1.98571,0.674058,0
5.41017,1.98937,0.684995,0
5.41026,1.9807,0.691691,0
5.41035,1.99274,0.705668,0
5.41043,1.98494,0.712666,0
5.41052,1.97993,0.720636,0
5.41061,1.98615,0.73273,0
5.4107,1.98668,0.74279,0
5.41078,1.9909,0.754286,0
5.41087,1.98573,0.762249,0
5.41096,1.98704,0.772718,0
5.41104,1.98923,0.78358,0
5.41113,1.99415,0.795587,0
5.41122,1.98417,0.801658,0
5.41131,1.99454,0.815988,0
5.41139,1.99281,0.825448,0
5.41148,1.98365,0.831815,0
5.41157,1.98277,0.841635,0
5.41165,1.99194,0.855805,0
5.41174,1.98819,0.864488,0
5.41183,1.98348,0.872752,0
5.41192,1.99518,0.888313,0
5.412,1.99585,0.899063,0
5.41209,1.98918,0.906519,0
5.41218,1.98338,0.914353,0
5.41227,1.98753,0.926802,0
5.41235,1.99885,0.942717,0
5.41244,2.00464,0.956165,0
5.41253,1.99144,0.960558,0
5.41261,1.99532,0.973184,0
5.4127,1.99016,0.981439,0
5.41279,2.00286,0.998591,0
5.41288,1.98866,1.00237,0
5.41296,1.99229,1.01512,0
5.41305,1.9834,1.02152,0
5.41314,1.98602,1.03386,0
5.41323,1.99299,1.04856,0
5.41331,2.00341,1.06523,0
5.4134,1.98993,1.06923,0
5.41349,1.99667,1.0841,0
5.41357,1.99631,1.09521,0
5.41366,1.99238,1.1044,0
5.41375,1.99104,1.11503,0
5.41384,1.98528,1.12322,0
5.41392,1.99599,1.1408,0
5.41401,1.99532,1.152,0
5.4141,1.99287,1.16221,0
5.41419,1.99036,1.17241,0
5.41427,1.99898,1.18927,0
5.41436,1.99291,1.19746,0
5.41445,1.99622,1.21134,0
5.41453,1.99688,1.22369,0
5.41462,2.00853,1.24292,0
5.41471,2.00224,1.25114,0
5.4148,2.00099,1.26253,0
5.41488,2.0098,1.28038,0
5.41497,2.02775,1.30429,0
5.41506,2.01449,1.30822,0
5.41515,2.02549,1.32797,0
5.41523,2.03885,1.34949,0
5.41532,2.05456,1.37281,0
5.41541,2.03695,1.37394,0
5.41549,2.02267,1.37718,0
5.41558,2.0529,1.41092,0
5.41567,2.06973,1.43582,0
5.41576,2.08392,1.45918,0
5.41584,2.08734,1.47518,0
5.41593,2.09146,1.49183,0
5.41602,2.08088,1.49802,0
5.41611,2.07189,1.50532,0
5.41619,2.08224,1.52676,0
5.41628,2.06672,1.52929,0
5.41637,2.06643,1.54308,0
5.41645,2.06288,1.55449,0
5.41654,2.05846,1.56529,0
5.41663,2.06351,1.58339,0
5.41672,2.02812,1.57034,0
5.4168,2.01967,1.57794,0
5.41689,2.00806,1.58302,0
5.41698,2.01209,1.60049,0
5.41707,1.99806,1.60362,0
5.41715,1.99649,1.61672,0
5.41724,2.00103,1.63491,0
5.41733,1.99465,1.64426,0
5.41741,1.99976,1.66318,0
5.4175,1.99784,1.67639,0
5.41759,2.0012,1.69414,0
5.41768,1.9915,1.7009,0
5.41776,1.99618,1.72002,0
5.41785,1.99319,1.73265,0
5.41794,1.99087,1.74595,0
5.41803,1.99971,1.7692,0
5.41811,2.00466,1.78922,0
5.4182,1.99683,1.79795,0
5.41829,1.99637,1.81337,0
5.41837,1.9995,1.8322,0
5.41846,2.00323,1.85177,0
5.41855,1.99879,1.8639,0
5.41864,2.00229,1.88357,0
5.41872,2.01074,1.90812,0
5.41881,2.00312,1.91757,0
5.4189,2.00552,1.93671,0
5.41899,2.00063,1.94893,0
5.41907,2.00923,1.97446,0
5.41916,2.00343,1.98603,0
5.41925,2.00677,2.00677,0
5.41933,2.00011,2.01764,0
5.41942,2.0004,2.03562,0
5.41951,2.00754,2.0608,0
5.4196,2.01381,2.08537,0
5.41968,2.00539,2.09486,0
5.41977,2.01,2.11809,0
5.41986,2.01718,2.14432,0
5.41995,2.00985,2.1553,0
5.42003,2.00654,2.17066,0
5.42012,1.99637,2.17865,0
5.42021,1.98886,2.18957,0
5.42029,1.96925,2.18708,0
5.42038,1.95037,2.1852,0
5.42047,1.9322,2.18395,0
5.42056,1.91738,2.18635,0
5.42064,1.89863,2.18413,0
5.42073,1.88386,2.18633,0
5.42082,1.87366,2.19377,0
5.42091,1.84533,2.17979,0
5.42099,1.83452,2.18629,0
5.42108,1.82368,2.19274,0
5.42117,1.80773,2.19296,0
5.42125,1.79056,2.19153,0
5.42134,1.77531,2.19233,0
5.42143,1.75884,2.19148,0
5.42152,1.74615,2.19522,0
5.4216,1.72541,2.18868,0
5.42169,1.714,2.19382,0
5.42178,1.69339,2.18705,0
5.42187,1.67592,2.1841,0
5.42195,1.66274,2.18662,0
5.42204,1.64837,2.18746,0
5.42213,1.63402,2.18822,0
5.42221,1.61792,2.18649,0
5.4223,1.60363,2.18708,0
5.42239,1.59113,2.19001,0
5.42248,1.56871,2.17908,0
5.42256,1.56035,2.18753,0
5.42265,1.54386,2.18452,0
5.42274,1.5326,2.18877,0
5.42283,1.51904,2.18969,0
5.42291,1.50664,2.19218,0
5.423,1.48693,2.18385,0
5.42309,1.48298,2.19861,0
5.42317,1.46171,2.1876,0
5.42326,1.45104,2.19229,0
5.42335,1.43488,2.18856,0
5.42344,1.42423,2.19312,0
5.42352,1.40978,2.19175,0
5.42361,1.39376,2.18776,0
5.4237,1.37886,2.18536,0
5.42378,1.36401,2.18288,0
5.42387,1.35342,2.18711,0
5.42396,1.34125,2.18873,0
5.42405,1.32495,2.18344,0
5.42413,1.30871,2.17806,0
5.42422,1.3038,2.19149,0
5.42431,1.29067,2.19112,0
5.4244,1.27807,2.19155,0
5.42448,1.2635,2.18845,0
5.42457,1.25195,2.19047,0
5.42466,1.23992,2.19156,0
5.42474,1.22351,2.18473,0
5.42483,1.2096,2.18218,0
5.42492,1.20343,2.19357,0
5.42501,1.18813,2.18825,0
5.42509,1.17951,2.19518,0
5.42518,1.16382,2.18883,0
5.42527,1.151,2.18769,0
5.42536,1.13913,2.18826,0
5.42544,1.12133,2.1772,0
5.42553,1.10002,2.15891,0
5.42562,1.09059,2.16369,0
5.4257,1.07668,2.15948,0
5.42579,1.06459,2.15877,0
5.42588,1.05428,2.1616,0
5.42597,1.04397,2.16438,0
5.42605,1.0328,2.1653,0
5.42614,1.0131,2.14808,0
5.42623,0.988082,2.11895,0
5.42632,0.978827,2.12324,0
5.4264,0.982408,2.1557,0
5.42649,0.975047,2.16452,0
5.42658,0.957051,2.14957,0
5.42666,0.89007,2.02284,0
5.42675,0.836177,1.92307,0
5.42684,0.81712,1.9019,0
5.42693,0.800608,1.88611,0
5.42701,0.791984,1.88867,0
5.4271,0.779909,1.88287,0
5.42719,0.774337,1.89273,0
5.42728,0.766071,1.89609,0
5.42736,0.755196,1.89291,0
5.42745,0.743265,1.88689,0
5.42754,0.735024,1.89011,0
5.42762,0.723545,1.8849,0
5.42771,0.716731,1.89178,0
5.4278,0.704267,1.88365,0
5.42789,0.69881,1.89421,0
5.42797,0.687803,1.88972,0
5.42806,0.678537,1.88988,0
5.42815,0.66995,1.89188,0
5.42824,0.661359,1.89384,0
5.42832,0.652764,1.89576,0
5.42841,0.645129,1.90049,0
5.4285,0.634927,1.8976,0
5.42858,0.625701,1.8975,0
5.42867,0.61618,1.89641,0
5.42876,0.607595,1.89812,0
5.42885,0.599006,1.8998,0
5.42893,0.588339,1.89476,0
5.42902,0.582404,1.90496,0
5.42911,0.570052,1.89408,0
5.4292,0.562066,1.8975,0
5.42928,0.554062,1.9009,0
5.42937,0.545762,1.9033,0
5.42946,0.537724,1.90662,0
5.42954,0.527796,1.90317,0
5.42963,0.520013,1.90738,0
5.42972,0.509615,1.90191,0
5.42981,0.503603,1.91282,0
5.42989,0.492998,1.90628,0
5.42998,0.485661,1.91229,0
5.43007,0.475619,1.9076,0
5.43016,0.468717,1.91549,0
5.43024,0.459187,1.91265,0
5.43033,0.450608,1.91366,0
5.43042,0.440229,1.90684,0
5.4305,0.432788,1.91265,0
5.43059,0.421408,1.90085,0
5.43068,0.413959,1.90658,0
5.43077,0.403349,1.89761,0
5.43085,0.398323,1.91501,0
5.43094,0.388169,1.90791,0
5.43103,0.381011,1.91547,0
5.43112,0.371887,1.91319,0
5.4312,0.362416,1.9089,0
5.43129,0.354813,1.9144,0
5.43138,0.345388,1.91002,0
5.43146,0.33844,1.91939,0
5.43155,0.32803,1.90902,0
5.43164,0.322008,1.92424,0
5.43173,0.311198,1.91082,0
5.43181,0.303952,1.91908,0
5.4319,0.294359,1.91248,0
5.43199,0.287046,1.92067,0
5.43208,0.27895,1.92388,0
5.43216,0.269578,1.91815,0
5.43225,0.260937,1.91733,0
5.43234,0.250741,1.90457,0
5.43242,0.242428,1.90564,0
5.43251,0.23533,1.91661,0
5.4326,0.227317,1.92059,0
5.43269,0.217803,1.91163,0
5.43277,0.210657,1.9235,0
5.43286,0.200904,1.91147,0
5.43295,0.193563,1.92228,0
5.43304,0.184695,1.91813,0
5.43312,0.176781,1.9239,0
5.43321,0.167862,1.91867,0
5.4333,0.159737,1.92237,0
5.43338,0.151662,1.92704,0
5.43347,0.143178,1.92669,0
5.43356,0.134142,1.91832,0
5.43365,0.126228,1.92587,0
5.43373,0.117763,1.9254,0
5.43382,0.10885,1.91691,0
5.43391,0.10059,1.91937,0
5.434,0.09231,1.92178,0
5.43408,0.0842727,1.93016,0
5.43417,0.0757323,1.92751,0
5.43426,0.0674608,1.93182,0
5.43434,0.0589394,1.9291,0
5.43443,0.0504169,1.92534,0
5.43452,0.0420592,1.92754,0
5.43461,0.0336483,1.92771,0
5.43469,0.0253808,1.93883,0
5.43478,0.016755,1.91993,0
5.43487,0.00840817,1.92698,0
5.43496,6.99996e-08,1.924,0
5.43504,-0.00845166,1.93698,0
5.43513,-0.0168072,1.92593,0
5.43522,-0.0252498,1.92883,0
5.4353,-0.0337005,1.93071,0
5.43539,-0.0421027,1.92954,0
5.43548,-0.0502858,1.92034,0
5.43557,-0.0590309,1.9321,0
5.43565,-0.0675305,1.93382,0
5.43574,-0.0759677,1.93351,0
5.43583,-0.0843598,1.93216,0
5.43592,-0.0928856,1.93377,0
5.436,-0.100904,1.92536,0
5.43609,-0.1097,1.93189,0
5.43618,-0.118617,1.93938,0
5.43626,-0.126817,1.93485,0
5.43635,-0.135955,1.94425,0
5.43644,-0.144141,1.93965,0
5.43653,-0.153701,1.95296,0
5.43661,-0.161476,1.9433,0
5.4367,-0.170215,1.94557,0
5.43679,-0.177696,1.93385,0
5.43687,-0.185557,1.92709,0
5.43696,-0.193663,1.92327,0
5.43705,-0.199649,1.89954,0
5.43714,-0.206629,1.88672,0
5.43722,-0.214746,1.88481,0
5.43731,-0.222146,1.8769,0
5.4374,-0.229724,1.87095,0
5.43749,-0.251767,1.97905,0
5.43757,-0.249044,1.89168,0
5.43766,-0.258509,1.89949,0
5.43775,-0.268882,1.9132,0
5.43783,-0.294447,2.03076,0
5.43792,-0.304044,2.03441,0
5.43801,-0.296945,1.92928,0
5.4381,-0.306611,1.93587,0
5.43818,-0.316181,1.94142,0
5.43827,-0.324814,1.94101,0
5.43836,-0.33328,1.93957,0
5.43845,-0.343823,1.94992,0
5.43853,-0.350727,1.93954,0
5.43862,-0.362284,1.95471,0
5.43871,-0.369131,1.94427,0
5.43879,-0.380282,1.95638,0
5.43888,-0.389205,1.95667,0
5.43897,-0.398536,1.95887,0
5.43906,-0.408302,1.96299,0
5.43914,-0.416655,1.96021,0
5.43923,-0.427538,1.96912,0
5.43932,-0.434611,1.9604,0
5.43941,-0.443381,1.95946,0
5.43949,-0.449677,1.94777,0
5.43958,-0.458859,1.94871,0
5.43967,-0.408062,1.6997,0
5.43975,-0.375781,1.53569,0
5.43984,-0.374737,1.50299,0
5.43993,-0.378584,1.49068,0
5.44002,-0.383582,1.4832,0
5.4401,-0.389796,1.48055,0
5.44019,-0.391852,1.46241,0
5.44028,-0.396125,1.45297,0
5.44037,-0.397116,1.43195,0
5.44045,-0.405803,1.43887,0
5.44054,-0.412905,1.43997,0
5.44063,-0.433735,1.48808,0
5.44071,-0.453572,1.53124,0
5.4408,-0.589073,1.95728,0
5.44089,-0.598777,1.95851,0
5.44098,-0.610283,1.96543,0
5.44106,-0.61765,1.95893,0
5.44115,-0.625582,1.95432,0
5.44124,-0.632867,1.94776,0
5.44133,-0.537076,1.62873,0
5.44141,-0.538149,1.60836,0
5.4415,-0.538732,1.58705,0
5.44159,-0.627044,1.82107,0
5.44167,-0.616192,1.7645,0
5.44176,-0.599183,1.69204,0
5.44185,-0.588313,1.63859,0
5.44194,-0.581092,1.59654,0
5.44202,-0.584938,1.58554,0
5.44211,-0.586247,1.56799,0
5.4422,-0.593083,1.56542,0
5.44229,-0.59955,1.56188,0
5.44237,-0.314234,0.808051,0
5.44246,-0.338281,0.858775,0
5.44255,-0.31275,0.783915,0
5.44263,-0.30493,0.754728,0
5.44272,-0.29989,0.733028,0
5.44281,-0.301172,0.727093,0
5.4429,-0.302795,0.722083,0
5.44298,-0.301644,0.71063,0
5.44307,-0.305137,0.710226,0
5.44316,-0.303448,0.697883,0
5.44325,-0.302463,0.687399,0
5.44333,-0.300985,0.676024,0
5.44342,-0.301057,0.668322,0
5.44351,-0.302311,0.663362,0
5.44359,-0.30311,0.657496,0
5.44368,-0.29372,0.629884,0
5.44377,-0.278549,0.590609,0
5.44386,-0.273375,0.573142,0
5.44394,-0.25415,0.526908,0
5.44403,-0.238474,0.488944,0
5.44412,-0.223798,0.453818,0
5.44421,-0.222653,0.446572,0
5.44429,-0.225049,0.446489,0
5.44438,-0.225179,0.441939,0
5.44447,-0.224816,0.436507,0
5.44455,-0.227642,0.437296,0
5.44464,-0.219304,0.416829,0
5.44473,-0.222999,0.4194,0
5.44482,-0.22672,0.421947,0
5.4449,-0.230468,0.424469,0
5.44499,-0.229913,0.419075,0
5.44508,-0.224952,0.405824,0
5.44517,-0.227697,0.406583,0
5.44525,-0.226515,0.400364,0
5.44534,-0.229252,0.401108,0
5.44543,-0.2295,0.397506,0
5.44551,-0.220149,0.377496,0
5.4456,-0.230422,0.39118,0
5.44569,-0.222412,0.373842,0
5.44578,-0.233827,0.389154,0
5.44586,-0.230335,0.379581,0
5.44595,-0.227287,0.370898,0
5.44604,-0.228377,0.369053,0
5.44613,-0.229985,0.368053,0
5.44621,-0.233723,0.370429,0
5.4463,-0.223517,0.350851,0
5.44639,-0.223963,0.34819,0
5.44647,-0.233105,0.358951,0
5.44656,-0.228638,0.348731,0
5.44665,-0.219671,0.331887,0
5.44674,-0.228339,0.341734,0
5.44682,-0.228151,0.338247,0
5.44691,-0.236378,0.347168,0
5.447,-0.218066,0.317289,0
5.44709,-0.224009,0.322907,0
5.44717,-0.231725,0.330937,0
5.44726,-0.229704,0.325023,0
5.44735,-0.226474,0.317505,0
5.44743,-0.219094,0.30434,0
5.44752,-0.231,0.317944,0
5.44761,-0.228837,0.312094,0
5.4477,-0.239119,0.32315,0
5.44778,-0.226765,0.303675,0
5.44787,-0.232902,0.309072,0
5.44796,-0.22638,0.297705,0
5.44805,-0.233156,0.303854,0
5.44813,-0.230806,0.29809,0
5.44822,-0.222869,0.28526,0
5.44831,-0.229684,0.291353,0
5.44839,-0.239668,0.301304,0
5.44848,-0.239729,0.298696,0
5.44857,-0.23159,0.28599,0
5.44866,-0.229672,0.281105,0
5.44874,-0.233441,0.283186,0
5.44883,-0.22828,0.274477,0
5.44892,-0.232046,0.276542,0
5.449,-0.231312,0.273237,0
5.44909,-0.244842,0.286673,0
5.44918,-0.233035,0.270451,0
5.44927,-0.235525,0.270941,0
5.44935,-0.232749,0.265399,0
5.44944,-0.235893,0.266628,0
5.44953,-0.227732,0.255152,0
5.44962,-0.236203,0.26233,0
5.4497,-0.231294,0.254635,0
5.44979,-0.21754,0.237403,0
5.44988,-0.206355,0.223234,0
5.44996,-0.201872,0.216481,0
5.45005,-0.291888,0.310286,0
5.45014,-0.178972,0.188597,0
5.45023,-0.15559,0.162532,0
5.45031,-0.125039,0.129481,0
5.4504,-0.11374,0.116757,0
5.45049,-0.114248,0.11626,0
5.45058,-0.0872978,0.088063,0
5.45066,-0.0820244,0.0820244,0
