7200
96
0.0698132
0.0855211,-0.0459619,-0.0459619,0
0.0856084,-0.0422409,-0.0426111,0
0.0856957,-0.0721937,-0.0734648,0
0.0857829,-0.0495431,-0.0508574,0
0.0858702,-0.0423742,-0.0438797,0
0.0859575,-0.0560126,-0.0585115,0
0.0860447,-0.0516266,-0.0544031,0
0.086132,-0.0500184,-0.0531711,0
0.0862193,-0.0491039,-0.0526575,0
0.0863065,-0.0563405,-0.0609488,0
0.0863938,-0.0479669,-0.0523467,0
0.0864811,-0.067909,-0.074762,0
0.0865683,-0.0669131,-0.0743145,0
0.0866556,-0.0499411,-0.0559543,0
0.0867429,-0.0629489,-0.0711508,0
0.0868301,-0.0527477,-0.0601472,0
0.0869174,-0.0623256,-0.0716974,0
0.0870047,-0.0567901,-0.0659081,0
0.0870919,-0.0493581,-0.0577908,0
0.0871792,-0.0555667,-0.065638,0
0.0872665,-0.0668499,-0.0796686,0
0.0873537,-0.0677805,-0.0814972,0
0.087441,-0.0693325,-0.0841071,0
0.0875283,-0.0594743,-0.0727929,0
0.0876155,-0.0534922,-0.0660574,0
0.0877028,-0.0475702,-0.0592712,0
0.0877901,-0.0554038,-0.0696521,0
0.0878773,-0.065624,-0.0832436,0
0.0879646,-0.0652601,-0.0835291,0
0.0880519,-0.0593851,-0.0766969,0
0.0881391,-0.0553973,-0.0721951,0
0.0882264,-0.0714247,-0.0939282,0
0.0883137,-0.0625888,-0.0830581,0
0.0884009,-0.0628241,-0.0841317,0
0.0884882,-0.0678098,-0.0916397,0
0.0885755,-0.082192,-0.112096,0
0.0886627,-0.0828777,-0.114071,0
0.08875,-0.123861,-0.172054,0
0.0888373,-0.146337,-0.205157,0
0.0889245,-0.174875,-0.247442,0
0.0890118,-0.203046,-0.28998,0
0.0890991,-0.225719,-0.325372,0
0.0891863,-0.240156,-0.349429,0
0.0892736,-0.0585317,-0.0859653,0
0.0893609,-0.0967404,-0.143423,0
0.0894481,-0.0988915,-0.148002,0
0.0895354,-0.107628,-0.162608,0
0.0896227,-0.115142,-0.17562,0
0.0897099,-0.352926,-0.543459,0
0.0897972,-0.296995,-0.46173,0
0.0898845,-0.299276,-0.469769,0
0.0899717,-0.292954,-0.464305,0
0.090059,-0.294635,-0.471515,0
0.0901463,-0.299416,-0.48385,0
0.0902335,-0.300959,-0.491121,0
0.0903208,-0.301926,-0.497559,0
0.0904081,-0.305933,-0.509157,0
0.0904953,-0.302174,-0.507909,0
0.0905826,-0.306553,-0.520424,0
0.0906699,-0.301761,-0.517437,0
0.0907571,-0.3125,-0.541266,0
0.0908444,-0.305669,-0.53481,0
0.0909317,-0.307765,-0.543972,0
0.0910189,-0.30832,-0.550545,0
0.0911062,-0.314157,-0.566754,0
0.0911935,-0.304947,-0.555845,0
0.0912807,-0.314925,-0.580019,0
0.091368,-0.310498,-0.577864,0
0.0914553,-0.311729,-0.586277,0
0.0915425,-0.310099,-0.589402,0
0.0916298,-0.313989,-0.603167,0
0.0917171,-0.310896,-0.603643,0
0.0918043,-0.314615,-0.617468,0
0.0918916,-0.310118,-0.615263,0
0.0919789,-0.300737,-0.603186,0
0.0920661,-0.295007,-0.598214,0
0.0921534,-0.297654,-0.610281,0
0.0922406,-0.292382,-0.60617,0
0.0923279,-0.288873,-0.605635,0
0.0924152,-0.280682,-0.595131,0
0.0925024,-0.289071,-0.619915,0
0.0925897,-0.288038,-0.624803,0
0.092677,-0.291529,-0.639703,0
0.0927642,-0.28586,-0.634586,0
0.0928515,-0.282682,-0.634914,0
0.0929388,-0.279506,-0.635226,0
0.093026,-0.273941,-0.63002,0
0.0931133,-0.268031,-0.623859,0
0.0932006,-0.269604,-0.635148,0
0.0932878,-0.260643,-0.621563,0
0.0933751,-0.262521,-0.633781,0
0.0934624,-0.257481,-0.629368,0
0.0935496,-0.253983,-0.628631,0
0.0936369,-0.249015,-0.62416,0
0.0937242,-0.25032,-0.635475,0
0.0938114,-0.243558,-0.626309,0
0.0938987,-0.23939,-0.623632,0
0.093986,-0.236666,-0.62467,0
0.0940732,-0.231487,-0.61914,0
0.0941605,-0.231552,-0.62765,0
0.0942478,-0.228469,-0.627715,0
0.094335,-0.223025,-0.621176,0
0.0944223,-0.223984,-0.632512,0
0.0945096,-0.218255,-0.624987,0
0.0945968,-0.214875,-0.624042,0
0.0946841,-0.209257,-0.616452,0
0.0947714,-0.208786,-0.623997,0
0.0948586,-0.20293,-0.615405,0
0.0949459,-0.199316,-0.613431,0
0.0950332,-0.196333,-0.613343,0
0.0951204,-0.195459,-0.619916,0
0.0952077,-0.190083,-0.612168,0
0.095295,-0.189165,-0.618729,0
0.0953822,-0.185887,-0.617634,0
0.0954695,-0.18319,-0.618439,0
0.0955568,-0.177971,-0.610592,0
0.095644,-0.17503,-0.610401,0
0.0957313,-0.168565,-0.597685,0
0.0958186,-0.169696,-0.611905,0
0.0959058,-0.16834,-0.617464,0
0.0959931,-0.163832,-0.611431,0
0.0960804,-0.161163,-0.61214,0
0.0961676,-0.159993,-0.618646,0
0.0962549,-0.153846,-0.605769,0
0.0963422,-0.151443,-0.607405,0
0.0964294,-0.147603,-0.603203,0
0.0965167,-0.145903,-0.607731,0
0.096604,-0.143709,-0.610309,0
0.0966912,-0.141719,-0.613853,0
0.0967785,-0.137495,-0.607638,0
0.0968658,-0.134193,-0.605304,0
0.096953,-0.128367,-0.591225,0
0.0970403,-0.129529,-0.609386,0
0.0971276,-0.124425,-0.598197,0
0.0972148,-0.123209,-0.605593,0
0.0973021,-0.117444,-0.590433,0
0.0973894,-0.117348,-0.603701,0
0.0974766,-0.115085,-0.606172,0
0.0975639,-0.112075,-0.604702,0
0.0976512,-0.109257,-0.604201,0
0.0977384,-0.10662,-0.604672,0
0.0978257,-0.103303,-0.601189,0
0.097913,-0.0995237,-0.59473,0
0.0980002,-0.0962848,-0.591211,0
0.0980875,-0.0932349,-0.588662,0
0.0981748,-0.091274,-0.593017,0
0.098262,-0.0870598,-0.58253,0
0.0983493,-0.0859521,-0.592801,0
0.0984366,-0.0832255,-0.59218,0
0.0985238,-0.0790227,-0.580647,0
0.0986111,-0.077141,-0.585944,0
0.0986984,-0.075467,-0.593219,0
0.0987856,-0.0715373,-0.582625,0
0.0988729,-0.0680542,-0.574987,0
0.0989602,-0.0657711,-0.577265,0
0.0990474,-0.0636871,-0.581523,0
0.0991347,-0.0615673,-0.585773,0
0.099222,-0.059111,-0.587031,0
0.0993092,-0.0570282,-0.592261,0
0.0993965,-0.0540775,-0.588521,0
0.0994838,-0.0508118,-0.580782,0
0.099571,-0.0493537,-0.593953,0
0.0996583,-0.0443294,-0.563258,0
0.0997456,-0.0412784,-0.555468,0
0.0998328,-0.134002,-1.91632,0
0.0999201,-0.124985,-1.90691,0
0.100007,-0.117152,-1.91542,0
0.100095,-0.107773,-1.89794,0
0.100182,-0.100066,-1.90938,0
0.100269,-0.0919741,-1.91479,0
0.100356,-0.0834003,-1.91018,0
0.100444,-0.0748685,-1.90553,0
0.100531,-0.0665534,-1.90584,0
0.100618,-0.0584813,-1.91411,0
0.100705,-0.0502074,-1.91734,0
0.100793,-0.041601,-1.90655,0
0.10088,-0.0334563,-1.91671,0
0.100967,-0.0250273,-1.91184,0
0.101055,-0.0167026,-1.91393,0
0.101142,-0.00831213,-1.90498,0
0.101229,-2.30448e-08,-1.913,0
0.101316,0.00831208,-1.90498,0
0.101404,0.0166328,-1.90593,0
0.101491,0.0249487,-1.90584,0
0.101578,0.0332992,-1.90771,0
0.101665,0.0417319,-1.91254,0
0.101753,0.0498932,-1.90535,0
0.10184,0.0583591,-1.91011,0
0.101927,0.0667976,-1.91283,0
0.102014,0.0748684,-1.90553,0
0.102102,0.0830949,-1.90319,0
0.102189,0.092022,-1.91579,0
0.102276,0.0999617,-1.90738,0
0.102364,0.108964,-1.91891,0
0.102451,0.116908,-1.91143,0
0.102538,0.125378,-1.9129,0
0.102625,0.133235,-1.90535,0
0.102713,0.142733,-1.9207,0
0.1028,0.151034,-1.91907,0
0.102887,0.159654,-1.92138,0
0.102974,0.167513,-1.91469,0
0.103062,0.176232,-1.91792,0
0.103149,0.184886,-1.92012,0
0.103236,0.193163,-1.9183,0
0.103323,0.20174,-1.91943,0
0.103411,0.210984,-1.92648,0
0.103498,0.219048,-1.92256,0
0.103585,0.227317,-1.92059,0
0.103673,0.237036,-1.9305,0
0.10376,0.245205,-1.92747,0
0.103847,0.253221,-1.9234,0
0.103934,0.26188,-1.92426,0
0.104022,0.27097,-1.92805,0
0.104109,0.280959,-1.93774,0
0.104196,0.289559,-1.93748,0
0.104283,0.296336,-1.92533,0
0.104371,0.306612,-1.93587,0
0.104458,0.315216,-1.9355,0
0.104545,0.322833,-1.92917,0
0.104632,0.332433,-1.93465,0
0.10472,0.341045,-1.93416,0
0.104807,0.351083,-1.94151,0
0.104894,0.36028,-1.94389,0
0.104982,0.368758,-1.9423,0
0.105069,0.378183,-1.94559,0
0.105156,0.387059,-1.94588,0
0.105243,0.395745,-1.94515,0
0.105331,0.405451,-1.94928,0
0.105418,0.413536,-1.94554,0
0.105505,0.420112,-1.93492,0
0.105592,0.43223,-1.94966,0
0.10568,0.441174,-1.94971,0
0.105767,0.449902,-1.94874,0
0.105854,0.460693,-1.95649,0
0.105941,0.469692,-1.95641,0
0.106029,0.478462,-1.95531,0
0.106116,0.490134,-1.96582,0
0.106203,0.498214,-1.96172,0
0.106291,0.50702,-1.9605,0
0.106378,0.515824,-1.95924,0
0.106465,0.524109,-1.956,0
0.106552,0.53369,-1.95755,0
0.10664,0.542761,-1.95713,0
0.106727,0.553738,-1.96341,0
0.106814,0.563403,-1.96482,0
0.106901,0.57337,-1.96714,0
0.106989,0.582231,-1.96558,0
0.107076,0.591955,-1.96685,0
0.107163,0.605209,-1.97955,0
0.10725,0.61651,-1.98549,0
0.107338,0.624265,-1.97992,0
0.107425,0.631984,-1.97432,0
0.107512,0.642755,-1.9782,0
0.1076,0.652633,-1.97917,0
0.107687,0.663801,-1.98389,0
0.107774,0.678237,-1.99802,0
0.107861,0.685972,-1.99221,0
0.107949,0.695977,-1.99297,0
0.108036,0.705668,-1.99274,0
0.108123,0.718411,-2.00094,0
0.10821,0.726793,-1.99685,0
0.108298,0.736537,-1.99647,0
0.108385,0.753996,-2.01666,0
0.108472,0.761017,-2.00867,0
0.108559,0.770849,-2.00813,0
0.108647,0.779967,-2.00568,0
0.108734,0.794208,-2.01621,0
0.108821,0.806333,-2.02109,0
0.108909,0.827131,-2.04722,0
0.108996,0.92466,-2.26017,0
0.109083,0.988854,-2.3873,0
0.10917,1.0097,-2.40787,0
0.109258,1.01825,-2.39884,0
0.109345,1.03265,-2.40356,0
0.109432,1.04592,-2.40545,0
0.109519,1.06043,-2.41002,0
0.109607,1.07053,-2.40445,0
0.109694,1.0843,-2.40705,0
0.109781,1.09728,-2.40776,0
0.109868,1.11154,-2.41112,0
0.109956,1.12543,-2.4135,0
0.110043,1.13638,-2.40947,0
0.11013,1.14559,-2.40178,0
0.110218,1.16084,-2.40667,0
0.110305,1.17308,-2.40517,0
0.110392,1.18755,-2.4081,0
0.110479,1.19849,-2.40379,0
0.110567,1.21347,-2.40747,0
0.110654,1.22668,-2.4075,0
0.110741,1.23809,-2.4039,0
0.110828,1.25365,-2.40823,0
0.110916,1.26507,-2.40451,0
0.111003,1.27696,-2.40162,0
0.11109,1.29453,-2.40924,0
0.111177,1.30742,-2.40796,0
0.111265,1.31599,-2.39872,0
0.111352,1.32353,-2.38771,0
0.111439,1.14533,-2.04513,0
0.111527,1.09712,-1.93915,0
0.111614,1.09118,-1.90917,0
0.111701,1.104,-1.91218,0
0.111788,1.13198,-1.94104,0
0.111876,1.26174,-2.14201,0
0.111963,1.42293,-2.39173,0
0.11205,1.45189,-2.41635,0
0.112137,1.46709,-2.41769,0
0.112225,1.48181,-2.41809,0
0.112312,1.49182,-2.41075,0
0.112399,1.50709,-2.41185,0
0.112486,1.52881,-2.42301,0
0.112574,1.54044,-2.418,0
0.112661,1.5526,-2.41378,0
0.112748,1.56911,-2.41621,0
0.112836,1.58457,-2.41687,0
0.112923,1.60338,-2.42244,0
0.11301,1.61671,-2.41958,0
0.113097,1.6334,-2.42162,0
0.113185,1.65071,-2.42439,0
0.113272,1.6607,-2.41634,0
0.113359,1.67351,-2.41236,0
0.113446,1.69205,-2.4165,0
0.113534,1.7072,-2.41563,0
0.113621,1.72353,-2.41629,0
0.113708,1.7399,-2.41687,0
0.113795,1.76453,-2.42867,0
0.113883,1.78102,-2.42901,0
0.11397,1.79101,-2.42041,0
0.114057,1.80754,-2.42059,0
0.114145,1.82651,-2.42386,0
0.114232,1.84373,-2.42462,0
0.114319,1.85733,-2.42052,0
0.114406,1.87706,-2.42425,0
0.114494,1.8987,-2.43023,0
0.114581,1.90867,-2.42113,0
0.114668,1.93166,-2.42843,0
0.114755,1.95038,-2.43012,0
0.114843,1.96348,-2.4247,0
0.11493,1.9772,-2.41998,0
0.115017,1.99092,-2.41518,0
0.115104,2.00017,-2.40494,0
0.115192,2.00935,-2.39465,0
0.115279,2.0088,-2.37289,0
0.115366,2.00355,-2.34585,0
0.115454,2.00267,-2.32421,0
0.115541,2.00164,-2.30262,0
0.115628,2.00375,-2.28484,0
0.115715,1.99979,-2.26035,0
0.115803,2.00564,-2.24712,0
0.11589,2.00137,-2.22275,0
0.115977,2.00298,-2.20511,0
0.116064,2.00042,-2.18308,0
0.116152,2.00518,-2.16919,0
0.116239,1.99416,-2.13848,0
0.116326,2.00142,-2.12757,0
0.116413,1.9976,-2.10504,0
0.116501,1.9964,-2.08546,0
0.116588,2.00687,-2.07817,0
0.116675,2.00824,-2.06152,0
0.116763,2.0018,-2.03704,0
0.11685,2.00222,-2.01977,0
0.116937,2.00253,-2.00253,0
0.117024,1.99633,-1.97899,0
0.117112,2.00209,-1.96745,0
0.117199,1.99347,-1.94195,0
0.117286,1.99689,-1.92837,0
0.117373,1.99589,-1.91065,0
0.117461,1.98898,-1.88747,0
0.117548,1.99792,-1.87946,0
0.117635,1.98855,-1.85435,0
0.117722,1.99001,-1.83955,0
0.11781,1.99655,-1.8295,0
0.117897,1.99489,-1.81203,0
0.117984,1.99237,-1.79394,0
0.118072,1.99496,-1.78057,0
0.118159,1.98998,-1.76058,0
0.118246,1.98711,-1.74265,0
0.118333,2.003,-1.74118,0
0.118421,2.00149,-1.72459,0
0.118508,2.02724,-1.73143,0
0.118595,2.02867,-1.7174,0
0.118682,2.04381,-1.71496,0
0.11877,2.04051,-1.69707,0
0.118857,2.02397,-1.66843,0
0.118944,2.03046,-1.65895,0
0.119031,2.03068,-1.64441,0
0.119119,2.02068,-1.62177,0
0.119206,2.03478,-1.61854,0
0.119293,2.04732,-1.61398,0
0.119381,2.06301,-1.6118,0
0.119468,2.05737,-1.59299,0
0.119555,2.06193,-1.58217,0
0.119642,2.0704,-1.57437,0
0.11973,2.07725,-1.56532,0
0.119817,2.07685,-1.55086,0
0.119904,2.06993,-1.53167,0
0.119991,2.08224,-1.52676,0
0.120079,2.07675,-1.50884,0
0.120166,2.06221,-1.48458,0
0.120253,2.05239,-1.46395,0
0.12034,2.0563,-1.45325,0
0.120428,2.06099,-1.44312,0
0.120515,2.07302,-1.4381,0
0.120602,2.07515,-1.42621,0
0.12069,2.07805,-1.41489,0
0.120777,2.0842,-1.40581,0
0.120864,2.09447,-1.39948,0
0.120951,2.05386,-1.35942,0
0.121039,2.05643,-1.34825,0
0.121126,2.04468,-1.32783,0
0.121213,2.00756,-1.29131,0
0.1213,2.01318,-1.28253,0
0.121388,2.02044,-1.27481,0
0.121475,2.03447,-1.27128,0
0.121562,2.04255,-1.26397,0
0.121649,2.03866,-1.24929,0
0.121737,2.04067,-1.23831,0
0.121824,2.0332,-1.22167,0
0.121911,2.03937,-1.2133,0
0.121999,2.04378,-1.20388,0
0.122086,2.04815,-1.19445,0
0.122173,2.06893,-1.1945,0
0.12226,2.07673,-1.18695,0
0.122348,2.07928,-1.1764,0
0.122435,2.07916,-1.16438,0
0.122522,2.08422,-1.1553,0
0.122609,2.07872,-1.14042,0
0.122697,2.07313,-1.12562,0
0.122784,2.03838,-1.09526,0
0.122871,2.00694,-1.06711,0
0.122958,1.99211,-1.0481,0
0.123046,1.98602,-1.03386,0
0.123133,1.98162,-1.0206,0
0.12322,1.9816,-1.00967,0
0.123308,1.97706,-0.996518,0
0.123395,1.99302,-0.993683,0
0.123482,1.98926,-0.980996,0
0.123569,1.97825,-0.964855,0
0.123657,1.98694,-0.958386,0
0.123744,1.98659,-0.947555,0
0.123831,1.98437,-0.935892,0
0.123918,1.99025,-0.92807,0
0.124006,1.98248,-0.913934,0
0.124093,1.98463,-0.904446,0
0.12418,1.98035,-0.892081,0
0.124267,1.98787,-0.885059,0
0.124355,2.00545,-0.882418,0
0.124442,1.9836,-0.862494,0
0.124529,1.97908,-0.850278,0
0.124617,1.99289,-0.845933,0
0.124704,1.98181,-0.831042,0
0.124791,1.98542,-0.822387,0
0.124878,1.97881,-0.809551,0
0.124966,1.97954,-0.799785,0
0.125053,1.98394,-0.791511,0
0.12514,1.97807,-0.779182,0
0.125227,1.98331,-0.771268,0
0.125315,1.98759,-0.762965,0
0.125402,1.98529,-0.75216,0
0.125489,1.98387,-0.741739,0
0.125576,1.98803,-0.733422,0
0.125664,1.97241,-0.7179,0
0.125751,1.97741,-0.709963,0
0.125838,1.98238,-0.701996,0
0.125926,1.98259,-0.69235,0
0.126013,1.97802,-0.681089,0
0.1261,1.98287,-0.673094,0
0.126187,1.9801,-0.662532,0
0.126275,1.97917,-0.652633,0
0.126362,1.982,-0.643991,0
0.126449,1.98003,-0.633813,0
0.126536,1.97419,-0.622461,0
0.126624,1.97976,-0.614731,0
0.126711,1.98242,-0.606087,0
0.126798,1.98409,-0.597143,0
0.126885,1.98284,-0.587344,0
0.126973,1.98442,-0.578407,0
0.12706,1.98501,-0.569191,0
0.127147,1.98555,-0.559982,0
0.127235,1.98508,-0.550511,0
0.127322,1.9836,-0.540792,0
0.127409,1.98015,-0.530579,0
0.127496,1.98341,-0.522189,0
0.127584,1.98277,-0.512778,0
0.127671,1.98692,-0.504614,0
0.127758,1.9794,-0.493521,0
0.127845,1.97862,-0.484166,0
0.127933,1.97683,-0.474594,0
0.12802,1.98083,-0.466423,0
0.128107,1.98674,-0.458675,0
0.128194,1.98775,-0.449781,0
0.128282,1.98579,-0.440238,0
0.128369,1.99062,-0.432206,0
0.128456,1.99346,-0.423724,0
0.128543,1.98159,-0.412171,0
0.128631,1.97847,-0.402524,0
0.128718,1.98021,-0.393887,0
0.128805,1.99172,-0.387152,0
0.128893,1.98258,-0.376406,0
0.12898,1.98716,-0.368298,0
0.129067,1.98875,-0.359624,0
0.129154,2.00014,-0.352679,0
0.129242,1.98984,-0.341917,0
0.129329,1.98539,-0.332241,0
0.129416,1.98781,-0.323736,0
0.129503,1.97834,-0.313338,0
0.129591,1.98463,-0.305464,0
0.129678,1.97902,-0.295767,0
0.129765,1.98326,-0.287559,0
0.129852,1.9845,-0.278903,0
0.12994,1.98669,-0.270376,0
0.130027,1.98983,-0.261966,0
0.130114,1.97707,-0.251515,0
0.130202,1.97715,-0.242764,0
0.130289,1.98216,-0.234605,0
0.130376,1.98118,-0.225727,0
0.130463,1.97917,-0.216754,0
0.130551,1.9781,-0.207907,0
0.130638,1.99193,-0.200577,0
0.130725,1.97885,-0.190541,0
0.130812,1.98165,-0.182088,0
0.1309,1.97944,-0.173179,0
0.130987,1.97818,-0.164374,0
0.131074,1.97888,-0.155741,0
0.131161,1.98453,-0.147476,0
0.131249,1.98216,-0.138606,0
0.131336,1.97875,-0.129694,0
0.131423,1.99228,-0.121853,0
0.131511,1.9838,-0.112649,0
0.131598,1.98727,-0.104149,0
0.131685,1.97972,-0.0950927,0
0.131772,1.98111,-0.0864973,0
0.13186,1.97847,-0.0777345,0
0.131947,1.97779,-0.0690662,0
0.132034,1.96608,-0.0600693,0
0.132121,1.95733,-0.0512545,0
0.132209,1.96053,-0.042779,0
0.132296,1.9427,-0.0339101,0
0.132383,1.95383,-0.0255771,0
0.13247,1.93093,-0.016851,0
0.132558,1.91798,-0.00836887,0
0.132645,1.894,-4.5862e-08,0
0.132732,1.90098,0.0082946,0
0.13282,1.90193,0.0165978,0
0.132907,1.90084,0.0248833,0
0.132994,1.90171,0.0331944,0
0.133081,1.79857,0.0392449,0
0.133169,1.71041,0.0447887,0
0.133256,1.69321,0.0517322,0
0.133343,1.68797,0.0589452,0
0.13343,1.6907,0.0664276,0
0.133518,1.68539,0.0735859,0
0.133605,1.69505,0.0814188,0
0.133692,1.68469,0.0882907,0
0.133779,1.68728,0.0958108,0
0.133867,1.69383,0.103599,0
0.133954,1.68838,0.110662,0
0.134041,1.68688,0.117958,0
0.134129,1.68635,0.125317,0
0.134216,1.68678,0.132753,0
0.134303,1.68719,0.140194,0
0.13439,1.69154,0.14799,0
0.134478,1.70283,0.156468,0
0.134565,1.75986,0.169455,0
0.134652,1.92427,0.193764,0
0.134739,1.97711,0.207803,0
0.134827,1.98016,0.216863,0
0.134914,1.98317,0.225954,0
0.135001,1.97621,0.233899,0
0.135088,1.98013,0.243129,0
0.135176,1.97905,0.251767,0
0.135263,1.98586,0.261444,0
0.13535,1.98966,0.270781,0
0.135438,1.99737,0.280712,0
0.135525,1.99019,0.288564,0
0.135612,1.98001,0.295914,0
0.135699,1.98166,0.305007,0
0.135787,1.97439,0.312712,0
0.135874,1.97794,0.322128,0
0.135961,1.98638,0.332406,0
0.136048,1.99082,0.342086,0
0.136136,1.98636,0.350248,0
0.136223,1.98186,0.358378,0
0.13631,1.97831,0.366658,0
0.136397,1.98357,0.376592,0
0.136485,1.97994,0.384862,0
0.136572,1.98903,0.395643,0
0.136659,1.98631,0.404119,0
0.136747,1.97571,0.410949,0
0.136834,1.98075,0.421021,0
0.136921,1.97694,0.429235,0
0.137008,1.98579,0.440238,0
0.137096,1.97994,0.448016,0
0.137183,1.97505,0.455976,0
0.13727,1.9818,0.466652,0
0.137357,1.98169,0.475762,0
0.137445,1.97085,0.482265,0
0.137532,1.98134,0.494004,0
0.137619,1.96754,0.499691,0
0.137706,1.9847,0.513279,0
0.137794,1.98148,0.521679,0
0.137881,1.97918,0.53032,0
0.137968,1.97299,0.537899,0
0.138056,1.98026,0.549175,0
0.138143,1.9817,0.558896,0
0.13823,1.98116,0.568089,0
0.138317,1.9825,0.577847,0
0.138405,1.97133,0.583935,0
0.138492,1.98026,0.59599,0
0.138579,1.97477,0.603748,0
0.138666,1.98071,0.615027,0
0.138754,1.97419,0.622461,0
0.138841,1.97336,0.631679,0
0.138928,1.97249,0.640901,0
0.139015,1.96588,0.648249,0
0.139103,1.982,0.663167,0
0.13919,1.97719,0.671166,0
0.139277,1.97235,0.679135,0
0.139365,1.97315,0.689053,0
0.139452,1.96918,0.697322,0
0.139539,1.97553,0.709287,0
0.139626,1.97054,0.717216,0
0.139714,1.97958,0.730307,0
0.139801,1.96701,0.735435,0
0.139888,1.97314,0.747554,0
0.139975,1.98386,0.761532,0
0.140063,1.97958,0.769818,0
0.14015,1.97342,0.777349,0
0.140237,1.97651,0.788546,0
0.140324,1.97676,0.798661,0
0.140412,1.97973,0.809929,0
0.140499,1.97063,0.816264,0
0.140586,1.97074,0.826401,0
0.140674,1.97632,0.8389,0
0.140761,1.98091,0.851068,0
0.140848,1.9781,0.860102,0
0.140935,1.97707,0.869933,0
0.141023,1.98148,0.882212,0
0.14111,1.9767,0.890438,0
0.141197,1.98281,0.903616,0
0.141284,1.97521,0.910585,0
0.141372,1.97847,0.922576,0
0.141459,1.98347,0.935465,0
0.141546,1.98298,0.945833,0
0.141633,1.97703,0.953607,0
0.141721,1.97375,0.962663,0
0.141808,1.98299,0.9779,0
0.141895,1.98407,0.98922,0
0.141983,1.97438,0.995168,0
0.14207,1.97002,1.00377,0
0.142157,1.97362,1.01648,0
0.142244,1.98336,1.03247,0
0.142332,1.97352,1.03832,0
0.142419,1.99281,1.0596,0
0.142506,1.98553,1.06686,0
0.142593,1.98173,1.07599,0
0.142681,1.9779,1.08511,0
0.142768,1.97664,1.09567,0
0.142855,1.98493,1.11161,0
0.142942,1.97745,1.11879,0
0.14303,1.9821,1.13286,0
0.143117,1.9832,1.145,0
0.143204,1.97818,1.15364,0
0.143292,1.97227,1.16176,0
0.143379,1.98007,1.17802,0
0.143466,1.98349,1.1918,0
0.143553,1.96886,1.19473,0
0.143641,1.97216,1.20854,0
0.143728,1.97197,1.22029,0
0.143815,1.97934,1.23683,0
0.143902,1.979,1.24866,0
0.14399,1.98366,1.26373,0
0.144077,1.98149,1.27454,0
0.144164,1.98765,1.29079,0
0.144251,1.97531,1.29507,0
0.144339,1.97881,1.30975,0
0.144426,1.97807,1.3217,0
0.144513,1.98389,1.33815,0
0.144601,1.97968,1.34792,0
0.144688,1.97213,1.35541,0
0.144775,1.9851,1.37711,0
0.144862,1.98317,1.38863,0
0.14495,1.98771,1.40477,0
0.145037,1.9897,1.41924,0
0.145124,1.9916,1.43375,0
0.145211,1.97886,1.43772,0
0.145299,1.97418,1.44753,0
0.145386,1.9791,1.46445,0
0.145473,1.98631,1.48325,0
0.14556,1.98221,1.4937,0
0.145648,1.98364,1.50839,0
0.145735,1.98338,1.5219,0
0.145822,1.98463,1.53667,0
0.14591,1.97712,1.54469,0
0.145997,1.98293,1.56321,0
0.146084,1.98391,1.57807,0
0.146171,1.97857,1.58797,0
0.146259,1.98017,1.60351,0
0.146346,1.9778,1.61593,0
0.146433,1.97845,1.6309,0
0.14652,1.98131,1.64783,0
0.146608,1.98406,1.66482,0
0.146695,1.9783,1.67475,0
0.146782,1.9763,1.68792,0
0.146869,1.98103,1.70697,0
0.146957,1.98413,1.72478,0
0.147044,1.97884,1.7354,0
0.147131,1.98323,1.75462,0
0.147219,1.98302,1.76991,0
0.147306,1.98791,1.78992,0
0.147393,1.98156,1.79993,0
0.14748,1.98106,1.81531,0
0.147568,1.9812,1.8314,0
0.147655,1.98343,1.84958,0
0.147742,1.98918,1.87123,0
0.147829,1.9839,1.88265,0
0.147917,1.98506,1.90028,0
0.148004,1.97818,1.91031,0
0.148091,1.98631,1.93497,0
0.148178,1.9864,1.95203,0
0.148266,1.98639,1.96913,0
0.148353,1.98061,1.98061,0
0.14844,1.97899,1.99633,0
0.148528,1.97586,2.01065,0
0.148615,1.98661,2.03931,0
0.148702,1.98325,2.05371,0
0.148789,1.97842,2.06668,0
0.148877,1.98315,2.0898,0
0.148964,1.98292,2.10791,0
0.149051,1.98803,2.1319,0
0.149138,1.98685,2.14936,0
0.149226,1.98961,2.17128,0
0.149313,1.98415,2.18438,0
0.1494,1.99267,2.21309,0
0.149487,1.98766,2.22698,0
0.149575,1.99184,2.25136,0
0.149662,1.98991,2.26905,0
0.149749,1.99245,2.29205,0
0.149837,1.98896,2.3083,0
0.149924,1.98796,2.3276,0
0.150011,1.99006,2.35076,0
0.150098,1.9965,2.37933,0
0.150186,1.99889,2.4034,0
0.150273,1.99792,2.42367,0
0.15036,1.98986,2.43546,0
0.150447,1.98614,2.45267,0
0.150535,1.9654,2.44884,0
0.150622,1.95096,2.45269,0
0.150709,1.93467,2.45412,0
0.150796,1.91779,2.45465,0
0.150884,1.90216,2.45667,0
0.150971,1.87803,2.44749,0
0.151058,1.86491,2.45248,0
0.151146,1.84757,2.45181,0
0.151233,1.83387,2.45584,0
0.15132,1.81183,2.44855,0
0.151407,1.79167,2.44353,0
0.151495,1.77746,2.44647,0
0.151582,1.76502,2.45176,0
0.151669,1.74559,2.44723,0
0.151756,1.73548,2.45564,0
0.151844,1.71499,2.44926,0
0.151931,1.70315,2.45508,0
0.152018,1.68789,2.4559,0
0.152105,1.66928,2.45167,0
0.152193,1.65353,2.45146,0
0.15228,1.63671,2.44951,0
0.152367,1.62435,2.45413,0
0.152455,1.60485,2.44781,0
0.152542,1.59634,2.45814,0
0.152629,1.57694,2.45163,0
0.152716,1.56515,2.4568,0
0.152804,1.55015,2.45684,0
0.152891,1.53253,2.45255,0
0.152978,1.51234,2.44391,0
0.153065,1.498,2.44452,0
0.153153,1.48577,2.44847,0
0.15324,1.47455,2.45407,0
0.153327,1.46434,2.46134,0
0.153414,1.44496,2.45306,0
0.153502,1.43273,2.45675,0
0.153589,1.419,2.45778,0
0.153676,1.40429,2.457,0
0.153764,1.3911,2.45875,0
0.153851,1.37596,2.45695,0
0.153938,1.35844,2.45068,0
0.154025,1.34533,2.4522,0
0.154113,1.33891,2.46596,0
0.1542,1.31678,2.45064,0
0.154287,1.30466,2.45371,0
0.154374,1.29161,2.45496,0
0.154462,1.27951,2.45791,0
0.154549,1.26465,2.45547,0
0.154636,1.24893,2.45116,0
0.154723,1.23777,2.45569,0
0.154811,1.22347,2.45391,0
0.154898,1.21452,2.46281,0
0.154985,1.19982,2.46,0
0.155073,1.18821,2.46341,0
0.15516,1.17056,2.45413,0
0.155247,1.1624,2.46464,0
0.155334,1.14952,2.46516,0
0.155422,1.13457,2.46107,0
0.155509,1.12257,2.46327,0
0.155596,1.10648,2.45629,0
0.155683,1.09656,2.46292,0
0.155771,1.08419,2.46402,0
0.155858,1.07144,2.46414,0
0.155945,1.05476,2.45501,0
0.156032,1.04403,2.45959,0
0.15612,1.03291,2.4632,0
0.156207,1.0187,2.45937,0
0.156294,1.00758,2.46286,0
0.156381,0.992333,2.45611,0
0.156469,0.977901,2.45113,0
0.156556,0.967563,2.4563,0
0.156643,0.959011,2.46609,0
0.156731,0.942149,2.45438,0
0.156818,0.93214,2.46034,0
0.156905,0.918594,2.45689,0
0.156992,0.90925,2.46463,0
0.15708,0.895751,2.46105,0
0.157167,0.886018,2.46776,0
0.157254,0.868232,2.45181,0
0.157341,0.858515,2.45841,0
0.157429,0.847128,2.46024,0
0.157516,0.834457,2.45823,0
0.157603,0.819598,2.44952,0
0.15769,0.811094,2.45972,0
0.157778,0.800045,2.46229,0
0.157865,0.788379,2.4629,0
0.157952,0.774318,2.45582,0
0.15804,0.763595,2.45918,0
0.158127,0.75198,2.45962,0
0.158214,0.740376,2.46,0
0.158301,0.729067,2.46129,0
0.158389,0.715803,2.45581,0
0.158476,0.707286,2.4666,0
0.158563,0.697602,2.47351,0
0.15865,0.691613,2.49388,0
0.158738,0.675464,2.47757,0
0.158825,0.660506,2.46504,0
0.158912,0.647198,2.45823,0
0.158999,0.637968,2.46684,0
0.159087,0.626953,2.46863,0
0.159174,0.612788,2.45776,0
0.159261,0.603247,2.46527,0
0.159349,0.592484,2.46788,0
0.159436,0.580106,2.46362,0
0.159523,0.567552,2.45834,0
0.15961,0.558365,2.46762,0
0.159698,0.545644,2.46124,0
0.159785,0.5349,2.4636,0
0.159872,0.52373,2.46395,0
0.159959,0.511752,2.46034,0
0.160047,0.500214,2.45863,0
0.160134,0.489872,2.46275,0
0.160221,0.480457,2.47174,0
0.160308,0.468175,2.46595,0
0.160396,0.455407,2.45715,0
0.160483,0.445749,2.46502,0
0.16057,0.434989,2.46694,0
0.160658,0.423205,2.4629,0
0.160745,0.412289,2.46374,0
0.160832,0.401535,2.46552,0
0.160919,0.391086,2.46922,0
0.161007,0.380613,2.47288,0
0.161094,0.368785,2.46759,0
0.161181,0.356149,2.45631,0
0.161268,0.345706,2.45983,0
0.161356,0.335105,2.4623,0
0.161443,0.325663,2.47365,0
0.16153,0.312974,2.46017,0
0.161617,0.303455,2.47144,0
0.161705,0.292551,2.47175,0
0.161792,0.280857,2.46505,0
0.161879,0.270317,2.46824,0
0.161967,0.259858,2.47238,0
0.162054,0.248867,2.4715,0
0.162141,0.237218,2.46361,0
0.162228,0.227016,2.47059,0
0.162316,0.216146,2.47056,0
0.162403,0.204702,2.46351,0
0.16249,0.194186,2.46737,0
0.162577,0.183641,2.47119,0
0.162665,0.173205,2.47695,0
0.162752,0.161415,2.46272,0
0.162839,0.1514,2.47537,0
0.162926,0.140485,2.47401,0
0.163014,0.129008,2.46162,0
0.163101,0.118698,2.47115,0
0.163188,0.108002,2.47364,0
0.163276,0.0972467,2.47509,0
0.163363,0.0862018,2.4685,0
0.16345,0.0756135,2.47485,0
0.163537,0.0646572,2.46915,0
0.163625,0.0539265,2.47141,0
0.163712,0.0432122,2.47562,0
0.163799,0.0323707,2.47279,0
0.163886,0.0216244,2.47791,0
0.163974,0.0108255,2.48098,0
0.164061,9.00463e-08,2.475,0
0.164148,-0.0107991,2.47498,0
0.164235,-0.0216417,2.47991,0
0.164323,-0.032449,2.47879,0
0.16441,-0.0432993,2.48062,0
0.164497,-0.0540354,2.47641,0
0.164585,-0.0647355,2.47215,0
0.164672,-0.0755217,2.47185,0
0.164759,-0.0866554,2.48149,0
0.164846,-0.0976391,2.48508,0
0.164934,-0.108394,2.48263,0
0.165021,-0.119082,2.47914,0
0.165108,-0.130212,2.48459,0
0.165195,-0.141052,2.484,0
0.165283,-0.151339,2.47438,0
0.16537,-0.1622,2.47469,0
0.165457,-0.173066,2.47496,0
0.165544,-0.183641,2.47119,0
0.165632,-0.194657,2.47335,0
0.165719,-0.205695,2.47547,0
0.165806,-0.217628,2.4875,0
0.165894,-0.22793,2.48055,0
0.165981,-0.239423,2.4865,0
0.166068,-0.249869,2.48145,0
0.166155,-0.26153,2.48829,0
0.166243,-0.272603,2.48912,0
0.16633,-0.282782,2.48194,0
0.166417,-0.293843,2.48267,0
0.166504,-0.304064,2.4764,0
0.166592,-0.31575,2.482,0
0.166679,-0.326315,2.47861,0
0.166766,-0.336992,2.47617,0
0.166853,-0.348907,2.4826,0
0.166941,-0.361027,2.48996,0
0.167028,-0.370854,2.48144,0
0.167115,-0.380765,2.47387,0
0.167203,-0.392338,2.47712,0
0.16729,-0.405232,2.48822,0
0.167377,-0.416085,2.48643,0
0.167464,-0.427946,2.4905,0
0.167552,-0.438462,2.48664,0
0.167639,-0.449307,2.4847,0
0.167726,-0.459416,2.47879,0
0.167813,-0.471719,2.48462,0
0.167901,-0.483701,2.48843,0
0.167988,-0.493773,2.48237,0
0.168075,-0.505796,2.48607,0
0.168162,-0.516435,2.48286,0
0.16825,-0.528096,2.48449,0
0.168337,-0.53978,2.48608,0
0.168424,-0.548674,2.47491,0
0.168512,-0.562337,2.48517,0
0.168599,-0.568451,2.46223,0
0.168686,-0.567729,2.41106,0
0.168773,-0.578478,2.40953,0
0.168861,-0.579478,2.36813,0
0.168948,-0.565129,2.26661,0
0.169035,-0.567383,2.23408,0
0.169122,-0.574622,2.2219,0
0.16921,-0.58533,2.22324,0
0.169297,-0.581566,2.17044,0
0.169384,-0.57709,2.11674,0
0.169471,-0.584985,2.10939,0
0.169559,-0.586583,2.07987,0
0.169646,-0.578563,2.01769,0
0.169733,-0.575328,1.97386,0
0.169821,-0.580527,1.95983,0
0.169908,-0.585615,1.94579,0
0.169995,-0.594684,1.94512,0
0.170082,-0.596048,1.91959,0
0.17017,-0.576754,1.82923,0
0.170257,-0.563389,1.76003,0
0.170344,-0.559321,1.72141,0
0.170431,-0.562129,1.70471,0
0.170519,-0.563216,1.68327,0
0.170606,-0.567983,1.67323,0
0.170693,-0.572674,1.66317,0
0.17078,-0.57564,1.64838,0
0.170868,-0.579489,1.63643,0
0.170955,-0.580203,1.616,0
0.171042,-0.588275,1.61627,0
0.17113,-0.592552,1.60618,0
0.171217,-0.598154,1.59984,0
0.171304,-0.59946,1.58225,0
0.171391,-0.600983,1.56561,0
0.171479,-0.575914,1.48096,0
0.171566,-0.565511,1.43563,0
0.171653,-0.565841,1.41829,0
0.17174,-0.569777,1.41025,0
0.171828,-0.569109,1.39109,0
0.171915,-0.571729,1.38028,0
0.172002,-0.579293,1.38146,0
0.172089,-0.58805,1.38536,0
0.172177,-0.596063,1.38737,0
0.172264,-0.604105,1.38935,0
0.172351,-0.611369,1.38944,0
0.172439,-0.620273,1.39316,0
0.172526,-0.637436,1.41505,0
0.172613,-0.651483,1.42955,0
0.1727,-0.657714,1.42669,0
0.172788,-0.662243,1.42018,0
0.172875,-0.660755,1.401,0
0.172962,-0.654377,1.37193,0
0.173049,-0.653406,1.35465,0
0.173137,-0.657557,1.34819,0
0.173224,-0.662991,1.34441,0
0.173311,-0.669743,1.3433,0
0.173398,-0.676948,1.34304,0
0.173486,-0.679624,1.33384,0
0.173573,-0.678111,1.31663,0
0.17366,-0.684311,1.31455,0
0.173748,-0.689575,1.31067,0
0.173835,-0.693879,1.305,0
0.173922,-0.696727,1.29667,0
0.174009,-0.692357,1.27516,0
0.174097,-0.689257,1.25635,0
0.174184,-0.689399,1.24371,0
0.174271,-0.690422,1.23284,0
0.174358,-0.690378,1.22024,0
0.174446,-0.688748,1.20506,0
0.174533,-0.6855,1.18732,0
0.17462,-0.683117,1.17136,0
0.174707,-0.680609,1.15544,0
0.174795,-0.690757,1.16106,0
0.174882,-0.687061,1.14346,0
0.174969,-0.684262,1.12763,0
0.175057,-0.687086,1.12122,0
0.175144,-0.685131,1.10716,0
0.175231,-0.691015,1.10585,0
0.175318,-0.686228,1.08761,0
0.175406,-0.689893,1.08291,0
0.175493,-0.688119,1.0698,0
0.17558,-0.690058,1.0626,0
0.175667,-0.696881,1.06292,0
0.175755,-0.691577,1.04486,0
0.175842,-0.700574,1.04848,0
0.175929,-0.702905,1.0421,0
0.176016,-0.713637,1.04812,0
0.176104,-0.709141,1.03181,0
0.176191,-0.713066,1.02788,0
0.176278,-0.0544898,0.0778194,0
0.176366,-0.059446,0.0841141,0
0.176453,-0.0603931,0.084668,0
0.17654,-0.049077,0.0681722,0
0.176627,-0.0652442,0.0898009,0
0.176715,-0.0544005,0.0741929,0
0.176802,-0.0600771,0.0811896,0
0.176889,-0.0598325,0.0801254,0
0.176976,-0.055367,0.0734745,0
0.177064,-0.0532659,0.0700482,0
0.177151,-0.0827916,0.107896,0
0.177238,-0.0599973,0.0774876,0
0.177325,-0.0609505,0.0780131,0
0.177413,-0.0557185,0.0706785,0
0.1775,-0.0603839,0.075913,0
0.177587,-0.0625923,0.0779885,0
0.177675,-0.0623027,0.0769375,0
0.177762,-0.0620051,0.0758905,0
0.177849,-0.0527945,0.0640448,0
0.177936,-0.0594678,0.0715023,0
0.178024,-0.060422,0.0720082,0
0.178111,-0.0568589,0.0671645,0
0.178198,-0.0558525,0.0653949,0
0.178285,-0.0646232,0.0749989,0
0.178373,-0.0629817,0.0724521,0
0.17846,-0.0646159,0.0736803,0
0.178547,-0.066262,0.0748956,0
0.178634,-0.0585976,0.065653,0
0.178722,-0.0488465,0.0542496,0
0.178809,-0.0638748,0.0703207,0
0.178896,-0.0648567,0.0707786,0
0.178984,-0.0529465,0.0572772,0
0.179071,-0.0443299,0.047538,0
0.179158,-0.0596109,0.0633683,0
0.179245,-0.0364828,0.0384448,0
0.179333,-0.051172,0.0534549,0
0.17942,-0.0444581,0.0460378,0
0.179507,-0.0453564,0.0465596,0
0.179594,-0.0315409,0.0320963,0
0.179682,-0.0415369,0.0419009,0
0.179769,-0.0268701,0.0268701,0
