7200
4298
3.735
3.75071,-0.0537401,-0.0537401,0
3.7508,-0.049281,-0.049713,0
3.75089,-0.0441573,-0.0449348,0
3.75097,-0.0460542,-0.0472759,0
3.75106,-0.0597406,-0.0618632,0
3.75115,-0.0497889,-0.0520102,0
3.75124,-0.0516266,-0.0544031,0
3.75132,-0.0376851,-0.0400604,0
3.75141,-0.0525139,-0.0563142,0
3.7515,-0.0549829,-0.0594801,0
3.75159,-0.0594519,-0.0648804,0
3.75167,-0.0537893,-0.0592174,0
3.75176,-0.0662439,-0.0735713,0
3.75185,-0.0526047,-0.0589385,0
3.75193,-0.060961,-0.0689039,0
3.75202,-0.0600005,-0.0684174,0
3.75211,-0.0616695,-0.0709427,0
3.7522,-0.0626649,-0.0727262,0
3.75228,-0.0571514,-0.0669157,0
3.75237,-0.0587973,-0.0694542,0
3.75246,-0.0533514,-0.0635817,0
3.75254,-0.0575495,-0.0691958,0
3.75263,-0.0667882,-0.0810206,0
3.75272,-0.0626378,-0.0766649,0
3.75281,-0.0534922,-0.0660574,0
3.75289,-0.065722,-0.0818879,0
3.75298,-0.0597614,-0.0751304,0
3.75307,-0.0563376,-0.0714638,0
3.75316,-0.0652601,-0.0835291,0
3.75324,-0.0691806,-0.0893479,0
3.75333,-0.0590499,-0.0769553,0
3.75342,-0.0611347,-0.0803962,0
3.7535,-0.0661997,-0.0878499,0
3.75359,-0.0580375,-0.0777216,0
3.75368,-0.0565082,-0.0763664,0
3.75377,-0.059131,-0.0806445,0
3.75385,-0.0693587,-0.095464,0
3.75394,-0.07011,-0.0973889,0
3.75403,-0.0946546,-0.132701,0
3.75412,-0.0606002,-0.0857474,0
3.7542,-0.059652,-0.0851918,0
3.75429,-0.0564297,-0.081343,0
3.75438,-0.0645703,-0.0939504,0
3.75446,-0.063597,-0.0934046,0
3.75455,-0.049209,-0.0729553,0
3.75464,-0.0616683,-0.0922931,0
3.75473,-0.0474666,-0.0717142,0
3.75481,-0.050443,-0.0769383,0
3.7549,-0.064812,-0.0998018,0
3.75499,-0.0659989,-0.102607,0
3.75508,-0.65067,-1.02135,0
3.75516,-0.65101,-1.03179,0
3.75525,-0.651271,-1.04225,0
3.75534,-0.650927,-1.05189,0
3.75542,-0.644763,-1.05216,0
3.75551,-0.64691,-1.06608,0
3.7556,-0.651008,-1.08346,0
3.75569,-0.649854,-1.09231,0
3.75577,-0.649649,-1.10289,0
3.75586,-0.65138,-1.11694,0
3.75595,-0.649,-1.1241,0
3.75604,-0.653021,-1.14255,0
3.75612,-0.650984,-1.15061,0
3.75621,-0.653775,-1.1674,0
3.7563,-0.654493,-1.18074,0
3.75638,-0.652702,-1.18972,0
3.75647,-0.658956,-1.21365,0
3.75656,-0.699566,-1.30196,0
3.75665,-0.83472,-1.56988,0
3.75673,-0.829259,-1.57616,0
3.75682,-0.822374,-1.57977,0
3.75691,-0.810895,-1.57445,0
3.757,-0.798569,-1.56728,0
3.75708,-0.788572,-1.5645,0
3.75717,-0.786201,-1.57687,0
3.75726,-0.773563,-1.56863,0
3.75734,-0.763204,-1.5648,0
3.75743,-0.7555,-1.56631,0
3.75752,-0.745645,-1.56328,0
3.75761,-0.741377,-1.57194,0
3.75769,-0.731552,-1.56882,0
3.75778,-0.721769,-1.56564,0
3.75787,-0.717005,-1.57332,0
3.75796,-0.708079,-1.57188,0
3.75804,-0.703654,-1.58043,0
3.75813,-0.69796,-1.58623,0
3.75822,-0.69183,-1.5911,0
3.7583,-0.68646,-1.59778,0
3.75839,-0.681435,-1.60536,0
3.75848,-0.679451,-1.62031,0
3.75857,-0.671992,-1.62233,0
3.75865,-0.670965,-1.64006,0
3.75874,-0.669797,-1.6578,0
3.75883,-0.667745,-1.67371,0
3.75892,-0.667399,-1.69429,0
3.759,-0.667248,-1.71583,0
3.75909,-0.669431,-1.74393,0
3.75918,-0.665359,-1.75618,0
3.75926,-0.665044,-1.77874,0
3.75935,-0.665237,-1.8032,0
3.75944,-0.670017,-1.84086,0
3.75953,-0.668737,-1.86259,0
3.75961,-0.667614,-1.88528,0
3.7597,-0.666635,-1.90895,0
3.75979,-0.663508,-1.92697,0
3.75988,-0.665058,-1.9592,0
3.75996,-0.666974,-1.99338,0
3.76005,-0.667039,-2.02286,0
3.76014,-0.665314,-2.04762,0
3.76022,-0.669787,-2.09241,0
3.76031,-0.675987,-2.14396,0
3.7604,-0.67137,-2.16217,0
3.76049,-0.651404,-2.13065,0
3.76057,-0.636914,-2.11623,0
3.76066,-0.629378,-2.12474,0
3.76075,-0.619541,-2.12555,0
3.76084,-0.610537,-2.12919,0
3.76092,-0.602869,-2.13761,0
3.76101,-0.596476,-2.15082,0
3.7611,-0.590242,-2.16498,0
3.76118,-0.581825,-2.1714,0
3.76127,-0.573364,-2.17779,0
3.76136,-0.56686,-2.19189,0
3.76145,-0.560737,-2.20791,0
3.76153,-0.558114,-2.23847,0
3.76162,-0.552382,-2.2574,0
3.76171,-0.549997,-2.2909,0
3.7618,-0.545039,-2.3147,0
3.76188,-0.535384,-2.319,0
3.76197,-0.52217,-2.30766,0
3.76206,-0.514261,-2.31968,0
3.76214,-0.503922,-2.32092,0
3.76223,-0.502107,-2.36223,0
3.76232,-0.49933,-2.40062,0
3.76241,-0.500812,-2.46157,0
3.76249,-0.489482,-2.46079,0
3.76258,-0.677754,-3.48674,0
3.76267,-0.656378,-3.45724,0
3.76276,-0.639647,-3.45122,0
3.76284,-0.626361,-3.46382,0
3.76293,-0.611242,-3.46652,0
3.76302,-0.59628,-3.47014,0
3.7631,-0.583443,-3.48652,0
3.76319,-0.526432,-3.23241,0
3.76328,-0.566136,-3.57444,0
3.76337,-0.533649,-3.46717,0
3.76345,-0.519698,-3.47738,0
3.76354,-0.517865,-3.57165,0
3.76363,-0.485853,-3.45703,0
3.76372,-0.47036,-3.45614,0
3.7638,-0.470025,-3.57019,0
3.76389,-0.455326,-3.57915,0
3.76398,-0.42508,-3.462,0
3.76406,-0.410088,-3.46482,0
3.76415,-0.407418,-3.57587,0
3.76424,-0.39105,-3.57065,0
3.76433,-0.364282,-3.46591,0
3.76441,-0.360176,-3.57691,0
3.7645,-0.333447,-3.46298,0
3.76459,-0.317877,-3.45943,0
3.76468,-0.313151,-3.57933,0
3.76476,-0.287676,-3.46207,0
3.76485,-0.281904,-3.58192,0
3.76494,-0.26642,-3.58511,0
3.76502,-0.250286,-3.57926,0
3.76511,-0.235124,-3.5873,0
3.7652,-0.21947,-3.58829,0
3.76529,-0.196214,-3.45543,0
3.76537,-0.180297,-3.44028,0
3.76546,-0.165956,-3.45502,0
3.76555,-0.156812,-3.59158,0
3.76563,-0.1411,-3.59123,0
3.76572,-0.125289,-3.58781,0
3.76581,-0.109542,-3.58533,0
3.7659,-0.0832689,-3.17991,0
3.76598,-0.0598819,-2.74435,0
3.76607,-0.048221,-2.76258,0
3.76616,-0.0411406,-3.14273,0
3.76625,-0.0301415,-3.45387,0
3.76633,-0.0156207,-3.57997,0
3.76642,-4.17047e-08,-3.462,0
3.76651,0.0138709,-3.17897,0
3.76659,0.0302287,-3.46387,0
3.76668,0.0452114,-3.4537,0
3.76677,0.0605075,-3.46647,0
3.76686,0.0753486,-3.45318,0
3.76694,0.0899963,-3.43682,0
3.76703,0.109481,-3.58333,0
3.76712,0.124905,-3.57682,0
3.76721,0.140746,-3.58224,0
3.76729,0.156245,-3.57859,0
3.76738,0.165956,-3.45502,0
3.76747,0.181501,-3.46325,0
3.76755,0.185159,-3.26075,0
3.76764,0.219164,-3.5833,0
3.76773,0.226687,-3.45858,0
3.76782,0.240241,-3.43561,0
3.7679,0.255526,-3.43852,0
3.76799,0.280884,-3.56896,0
3.76808,0.297033,-3.57468,0
3.76817,0.301907,-3.45082,0
3.76825,0.32904,-3.58091,0
3.76834,0.333256,-3.46099,0
3.76843,0.360076,-3.57592,0
3.76851,0.37463,-3.56437,0
3.7686,0.355777,-3.24858,0
3.76869,0.393381,-3.45266,0
3.76878,0.406327,-3.43304,0
3.76886,0.423862,-3.45208,0
3.76895,0.435008,-3.41944,0
3.76904,0.44901,-3.41057,0
3.76913,0.467528,-3.43533,0
3.76921,0.498379,-3.54615,0
3.7693,0.497776,-3.4331,0
3.76939,0.511273,-3.42101,0
3.76947,0.525738,-3.41578,0
3.76956,0.542984,-3.42827,0
3.76965,0.557455,-3.4229,0
3.76974,0.572385,-3.42044,0
3.76982,0.587812,-3.42087,0
3.76991,0.603254,-3.42122,0
3.77,0.619244,-3.42446,0
3.77009,0.638371,-3.44434,0
3.77017,0.650782,-3.42777,0
3.77026,0.664206,-3.41704,0
3.77035,0.681255,-3.4249,0
3.77043,0.698785,-3.43464,0
3.77052,0.708877,-3.40806,0
3.77061,0.724988,-3.4108,0
3.7707,0.739439,-3.40565,0
3.77078,0.755807,-3.40923,0
3.77087,0.772,-3.41175,0
3.77096,0.785529,-3.4025,0
3.77105,0.806556,-3.42532,0
3.77113,0.816358,-3.40038,0
3.77122,0.831425,-3.39775,0
3.77131,0.845275,-3.39021,0
3.77139,0.85809,-3.37874,0
3.77148,0.873325,-3.3769,0
3.77157,0.886269,-3.36629,0
3.77166,0.905608,-3.37977,0
3.77174,0.92324,-3.3864,0
3.77183,0.933196,-3.365,0
3.77192,0.952484,-3.37726,0
3.77201,0.962801,-3.35769,0
3.77209,0.984718,-3.37842,0
3.77218,1.00939,-3.40765,0
3.77227,1.028,-3.41566,0
3.77235,1.04494,-3.41783,0
3.77244,1.04531,-3.36645,0
3.77253,1.07141,-3.39809,0
3.77262,1.09507,-3.42101,0
3.7727,1.12019,-3.44758,0
3.77279,1.13647,-3.44646,0
3.77288,1.16229,-3.47371,0
3.77297,1.21954,-3.59265,0
3.77305,1.24009,-3.60148,0
3.77314,1.22975,-3.52145,0
3.77323,1.25044,-3.53114,0
3.77331,1.26888,-3.53412,0
3.7734,1.28668,-3.53512,0
3.77349,1.30659,-3.54167,0
3.77358,1.32168,-3.535,0
3.77366,1.34347,-3.54603,0
3.77375,1.36216,-3.54854,0
3.77384,1.37944,-3.54722,0
3.77393,1.3982,-3.54954,0
3.77401,1.41368,-3.54341,0
3.7741,1.4325,-3.54555,0
3.77419,1.45325,-3.55222,0
3.77427,1.4718,-3.55324,0
3.77436,1.48884,-3.55047,0
3.77445,1.50471,-3.54486,0
3.77454,1.52371,-3.54653,0
3.77462,1.54316,-3.54902,0
3.77471,1.56266,-3.55141,0
3.7748,1.57732,-3.54273,0
3.77489,1.59729,-3.54584,0
3.77497,1.6173,-3.54885,0
3.77506,1.63152,-3.53903,0
3.77515,1.6499,-3.53823,0
3.77523,1.67258,-3.54637,0
3.77532,1.68933,-3.54174,0
3.77541,1.7052,-3.53524,0
3.7755,1.70789,-3.5017,0
3.77558,1.71962,-3.48704,0
3.77567,1.73526,-3.4804,0
3.77576,1.75673,-3.4853,0
3.77585,1.77238,-3.47849,0
3.77593,1.80265,-3.50006,0
3.77602,1.82298,-3.50192,0
3.77611,1.84057,-3.49836,0
3.77619,1.85723,-3.49294,0
3.77628,1.88287,-3.50418,0
3.77637,1.90148,-3.50209,0
3.77646,1.91626,-3.49288,0
3.77654,1.93827,-3.49673,0
3.77663,1.95839,-3.49696,0
3.77672,1.97954,-3.49883,0
3.77681,1.99429,-3.48929,0
3.77689,2.0215,-3.50134,0
3.77698,2.03071,-3.48212,0
3.77707,2.0332,-3.45169,0
3.77715,2.0237,-3.40153,0
3.77724,2.02822,-3.37552,0
3.77733,2.02425,-3.33587,0
3.77742,2.02468,-3.30398,0
3.7775,2.02382,-3.27045,0
3.77759,2.02482,-3.24039,0
3.77768,2.02347,-3.207,0
3.77776,2.02347,-3.17621,0
3.77785,2.02108,-3.14212,0
3.77794,2.0168,-3.1056,0
3.77803,2.02156,-3.08339,0
3.77811,2.0234,-3.05703,0
3.7782,2.01783,-3.0199,0
3.77829,2.01198,-2.98288,0
3.77838,2.0154,-2.96002,0
3.77846,2.00904,-2.92318,0
3.77855,2.01266,-2.90124,0
3.77864,2.00809,-2.86785,0
3.77872,2.00731,-2.84028,0
3.77881,2.01097,-2.81928,0
3.7789,2.01625,-2.80074,0
3.77899,2.00787,-2.7636,0
3.77907,2.01223,-2.74433,0
3.77916,2.02061,-2.7307,0
3.77925,2.02952,-2.71785,0
3.77934,2.03413,-2.69939,0
3.77942,2.06647,-2.71755,0
3.77951,2.07527,-2.70454,0
3.7796,2.06929,-2.67253,0
3.77968,2.06123,-2.63826,0
3.77977,2.03249,-2.5782,0
3.77986,2.03376,-2.55678,0
3.77995,2.03425,-2.53462,0
3.78003,2.05914,-2.54282,0
3.78012,2.06452,-2.52684,0
3.78021,2.10287,-2.55099,0
3.7803,2.10184,-2.52718,0
3.78038,2.07428,-2.47203,0
3.78047,2.0747,-2.45074,0
3.78056,2.06849,-2.42189,0
3.78064,2.00397,-2.32572,0
3.78073,2.00164,-2.30262,0
3.78082,2.00441,-2.28559,0
3.78091,1.9978,-2.2581,0
3.78099,1.99898,-2.23966,0
3.78108,1.99869,-2.21977,0
3.78117,1.99895,-2.20067,0
3.78126,1.99367,-2.17571,0
3.78134,1.9916,-2.1545,0
3.78143,1.9928,-2.13702,0
3.78152,1.9836,-2.10863,0
3.7816,1.99003,-2.09706,0
3.78169,1.99916,-2.08835,0
3.78178,1.99575,-2.06666,0
3.78187,1.99219,-2.04504,0
3.78195,1.98708,-2.02207,0
3.78204,1.99447,-2.01196,0
3.78213,1.98485,-1.98485,0
3.78222,1.98852,-1.97124,0
3.7823,1.99282,-1.95834,0
3.78239,1.98631,-1.93497,0
3.78248,1.98969,-1.92143,0
3.78256,1.98433,-1.89959,0
3.78265,1.99768,-1.89573,0
3.78274,1.98772,-1.86986,0
3.78283,1.99148,-1.85708,0
3.78291,1.99001,-1.83955,0
3.783,1.98328,-1.81734,0
3.78309,1.98675,-1.80463,0
3.78318,1.99386,-1.79528,0
3.78326,1.9875,-1.77391,0
3.78335,1.99522,-1.76522,0
3.78344,1.99012,-1.74529,0
3.78352,1.99545,-1.73462,0
3.78361,1.98861,-1.71349,0
3.7837,1.98542,-1.69571,0
3.78379,1.99204,-1.68638,0
3.78387,1.99861,-1.67703,0
3.78396,1.99053,-1.65551,0
3.78405,1.99465,-1.64426,0
3.78414,2.00026,-1.63428,0
3.78422,2.00737,-1.62553,0
3.78431,1.99416,-1.60049,0
3.7844,1.99174,-1.5843,0
3.78448,1.98293,-1.56321,0
3.78457,1.98027,-1.54716,0
3.78466,1.98937,-1.54034,0
3.78475,1.98894,-1.52616,0
3.78483,1.99239,-1.51505,0
3.78492,1.991,-1.50032,0
3.78501,1.99352,-1.48863,0
3.7851,1.98633,-1.46981,0
3.78518,1.98627,-1.4564,0
3.78527,1.98695,-1.4436,0
3.78536,1.98754,-1.43083,0
3.78544,1.98644,-1.41692,0
3.78553,1.97709,-1.39727,0
3.78562,1.98481,-1.38978,0
3.78571,1.98181,-1.37483,0
3.78579,1.98202,-1.36221,0
3.78588,1.98464,-1.35129,0
3.78597,1.98554,-1.33927,0
3.78606,1.98305,-1.32504,0
3.78614,1.97881,-1.30975,0
3.78623,1.97949,-1.29781,0
3.78632,1.9801,-1.28589,0
3.7864,1.98738,-1.27832,0
3.78649,1.98197,-1.26265,0
3.78658,1.98577,-1.25293,0
3.78667,1.98443,-1.24001,0
3.78675,1.98472,-1.22818,0
3.78684,1.98154,-1.21429,0
3.78693,1.98425,-1.20407,0
3.78702,1.9852,-1.19283,0
3.7871,1.99124,-1.18467,0
3.78719,1.9783,-1.16531,0
3.78728,1.98769,-1.15918,0
3.78736,1.98406,-1.1455,0
3.78745,1.98036,-1.13187,0
3.78754,1.98006,-1.12026,0
3.78763,1.98406,-1.11112,0
3.78771,1.98626,-1.101,0
3.7878,1.98053,-1.08655,0
3.78789,1.98085,-1.07552,0
3.78798,1.98112,-1.0645,0
3.78806,1.98222,-1.05396,0
3.78815,1.98503,-1.04437,0
3.78824,1.97626,-1.02878,0
3.78832,1.98695,-1.02335,0
3.78841,1.98427,-1.01104,0
3.7885,1.98956,-1.00282,0
3.78859,1.98228,-0.988328,0
3.78867,1.98568,-0.979227,0
3.78876,1.98993,-0.970554,0
3.78885,1.98694,-0.958386,0
3.78894,1.98208,-0.945402,0
3.78902,1.98166,-0.934612,0
3.78911,1.98935,-0.927647,0
3.7892,1.98974,-0.917284,0
3.78928,1.99282,-0.908178,0
3.78937,1.99038,-0.896599,0
3.78946,1.98148,-0.882212,0
3.78955,1.98531,-0.873558,0
3.78963,1.97902,-0.860501,0
3.78972,1.98367,-0.852252,0
3.78981,1.98369,-0.842026,0
3.7899,1.98919,-0.834136,0
3.78998,1.98357,-0.821621,0
3.79007,1.98251,-0.811065,0
3.79016,1.97676,-0.798661,0
3.79024,1.98208,-0.79077,0
3.79033,1.98644,-0.78248,0
3.79042,1.98704,-0.772718,0
3.79051,1.98759,-0.762965,0
3.79059,1.98342,-0.751451,0
3.79068,1.98668,-0.74279,0
3.79077,1.97771,-0.729615,0
3.79085,1.99309,-0.725425,0
3.79094,1.98118,-0.711315,0
3.79103,1.97295,-0.698658,0
3.79112,1.97409,-0.689383,0
3.7912,1.98086,-0.682065,0
3.79129,1.98477,-0.673737,0
3.79138,1.97346,-0.660311,0
3.79147,1.98582,-0.654826,0
3.79155,1.98295,-0.6443,0
3.79164,1.98575,-0.635642,0
3.79173,1.9761,-0.623062,0
3.79181,1.97785,-0.614138,0
3.7919,1.98146,-0.605794,0
3.79199,1.986,-0.597719,0
3.79208,1.97229,-0.58422,0
3.79216,1.9825,-0.577847,0
3.79225,1.97732,-0.566986,0
3.79234,1.98651,-0.560253,0
3.79243,1.98122,-0.549442,0
3.79251,1.98167,-0.540266,0
3.7926,1.97918,-0.53032,0
3.79269,1.98051,-0.521425,0
3.79277,1.9847,-0.513279,0
3.79286,1.98595,-0.504368,0
3.79295,1.99784,-0.498117,0
3.79304,1.98154,-0.484879,0
3.79312,1.99141,-0.478096,0
3.79321,1.97888,-0.465964,0
3.7933,1.98479,-0.458225,0
3.79339,1.9858,-0.44934,0
3.79347,1.98286,-0.439589,0
3.79356,1.9828,-0.430509,0
3.79365,1.98564,-0.422061,0
3.79373,1.97767,-0.411356,0
3.79382,1.97553,-0.401926,0
3.79391,1.98217,-0.394278,0
3.794,1.97798,-0.38448,0
3.79408,1.98258,-0.376406,0
3.79417,1.97241,-0.365565,0
3.79426,1.97792,-0.357667,0
3.79435,1.9834,-0.349727,0
3.79443,1.98984,-0.341917,0
3.79452,1.98046,-0.331416,0
3.79461,1.98485,-0.323253,0
3.79469,1.97538,-0.312869,0
3.79478,1.9787,-0.304551,0
3.79487,1.981,-0.296062,0
3.79496,1.98821,-0.288277,0
3.79504,1.98648,-0.279181,0
3.79513,1.98966,-0.270781,0
3.79522,1.98487,-0.261313,0
3.79531,1.98103,-0.252019,0
3.79539,1.98013,-0.243129,0
3.79548,1.99309,-0.235898,0
3.79557,1.9792,-0.225501,0
3.79565,1.98811,-0.217734,0
3.79574,1.98904,-0.209057,0
3.79583,1.98496,-0.199875,0
3.79592,1.98482,-0.191116,0
3.796,1.96273,-0.18035,0
3.79609,1.96051,-0.171523,0
3.79618,1.78485,-0.14831,0
3.79627,1.70971,-0.134557,0
3.79635,1.68934,-0.12554,0
3.79644,1.68788,-0.118028,0
3.79653,1.69436,-0.111055,0
3.79661,1.68585,-0.103111,0
3.7967,1.69227,-0.0960943,0
3.79679,1.68469,-0.0882908,0
3.79688,1.68905,-0.0811311,0
3.79696,1.69239,-0.0738913,0
3.79705,1.69369,-0.0665454,0
3.79714,1.68897,-0.0589802,0
3.79723,1.68321,-0.0514269,0
3.79731,1.68442,-0.0441082,0
3.7974,1.6856,-0.0367799,0
3.79749,1.67275,-0.0291979,0
3.79757,1.67386,-0.021912,0
3.79766,1.67494,-0.014617,0
3.79775,1.68498,-0.00735222,0
3.79784,1.734,-4.19877e-08,0
3.79792,1.92998,0.00842114,0
3.79801,1.99192,0.0173832,0
3.7981,1.98283,0.0259566,0
3.79819,1.9817,0.0345906,0
3.79827,1.98253,0.0432589,0
3.79836,1.98932,0.0520921,0
3.79845,1.98307,0.0605884,0
3.79853,1.98179,0.0692057,0
3.79862,1.98247,0.0778914,0
3.79871,1.9911,0.0869334,0
3.7988,1.98371,0.0952845,0
3.79888,1.98228,0.103887,0
3.79897,1.98181,0.112535,0
3.79906,1.96832,0.120388,0
3.79915,1.98175,0.129891,0
3.79923,1.99114,0.139234,0
3.79932,1.98054,0.147179,0
3.79941,1.98287,0.156055,0
3.79949,1.98416,0.164871,0
3.79958,1.97645,0.172917,0
3.79967,1.97966,0.181905,0
3.79976,1.98382,0.191021,0
3.79984,1.98098,0.199474,0
3.79993,1.9791,0.208012,0
3.80002,1.98513,0.217407,0
3.80011,1.98714,0.226406,0
3.80019,1.98216,0.234605,0
3.80028,1.98608,0.24386,0
3.80037,1.98203,0.252145,0
3.80045,1.97992,0.260661,0
3.80054,1.97876,0.269297,0
3.80063,1.97261,0.277233,0
3.80072,1.98326,0.287559,0
3.8008,1.98891,0.297245,0
3.80089,1.98166,0.305007,0
3.80098,1.98427,0.314277,0
3.80107,1.97794,0.322128,0
3.80115,1.98145,0.331581,0
3.80124,1.98491,0.34107,0
3.80133,1.98537,0.350075,0
3.80141,1.98579,0.35909,0
3.8015,1.98519,0.367933,0
3.80159,1.98258,0.376405,0
3.80168,1.98583,0.386007,0
3.80176,1.99197,0.396228,0
3.80185,1.98043,0.402923,0
3.80194,1.9855,0.412985,0
3.80203,1.98564,0.422061,0
3.80211,1.98769,0.431569,0
3.8022,1.98286,0.439589,0
3.80229,1.9819,0.448457,0
3.80237,1.99161,0.4598,0
3.80246,1.99056,0.468715,0
3.80255,1.98752,0.477162,0
3.80264,1.98154,0.484879,0
3.80272,1.99202,0.496666,0
3.80281,1.99855,0.507568,0
3.8029,1.98858,0.51428,0
3.80298,1.98631,0.522952,0
3.80307,1.9927,0.533944,0
3.80316,1.98939,0.54237,0
3.80325,1.99182,0.552382,0
3.80333,1.98651,0.560253,0
3.80342,1.98116,0.568089,0
3.80351,1.98922,0.579806,0
3.8036,1.98955,0.589332,0
3.80368,1.986,0.597719,0
3.80377,1.97764,0.604625,0
3.80386,1.97307,0.612655,0
3.80394,1.9885,0.626972,0
3.80403,1.99051,0.637166,0
3.80412,1.98771,0.645845,0
3.80421,1.98582,0.654826,0
3.80429,1.98579,0.664436,0
3.80438,2.00654,0.68113,0
3.80447,1.99315,0.686298,0
3.80456,1.99297,0.695977,0
3.80464,1.98897,0.704332,0
3.80473,1.984,0.712328,0
3.80482,1.98181,0.72132,0
3.8049,1.98521,0.732384,0
3.80499,1.98574,0.74244,0
3.80508,1.98249,0.751097,0
3.80517,1.98106,0.760457,0
3.80525,1.98145,0.770543,0
3.80534,1.97807,0.779182,0
3.80543,1.97836,0.789287,0
3.80552,1.98417,0.801658,0
3.8056,1.98436,0.811823,0
3.80569,1.98449,0.822004,0
3.80578,1.9772,0.829108,0
3.80586,1.97724,0.83929,0
3.80595,1.98459,0.852647,0
3.80604,1.98635,0.86369,0
3.80613,1.98348,0.872752,0
3.80621,1.98148,0.882212,0
3.8063,1.98491,0.894135,0
3.80639,1.98554,0.904861,0
3.80648,1.98066,0.913097,0
3.80656,1.97847,0.922576,0
3.80665,1.98437,0.935892,0
3.80674,1.98478,0.946694,0
3.80682,1.98694,0.958386,0
3.80691,1.97375,0.962663,0
3.807,1.97312,0.973035,0
3.80709,1.9787,0.986543,0
3.80717,1.98063,0.998318,0
3.80726,1.98605,1.01194,0
3.80735,1.97629,1.01785,0
3.80744,1.97715,1.02924,0
3.80752,1.98503,1.04437,0
3.80761,1.98487,1.05537,0
3.8077,1.98553,1.06686,0
3.80778,1.98437,1.07742,0
3.80787,1.98491,1.08896,0
3.80796,1.98364,1.09955,0
3.80805,1.99104,1.11503,0
3.80813,1.9905,1.12617,0
3.80822,1.97863,1.13088,0
3.80831,1.99186,1.15,0
3.8084,1.99028,1.1607,0
3.80848,1.9895,1.17191,0
3.80857,1.97578,1.17546,0
3.80866,1.9852,1.19283,0
3.80874,1.98511,1.20459,0
3.80883,1.99006,1.21951,0
3.80892,1.98217,1.2266,0
3.80901,1.98358,1.23948,0
3.80909,1.98069,1.24973,0
3.80918,1.98872,1.26695,0
3.80927,1.99074,1.28049,0
3.80936,1.98597,1.28971,0
3.80944,1.97949,1.29781,0
3.80953,1.97965,1.3103,0
3.80962,1.97973,1.32281,0
3.8097,1.98306,1.33759,0
3.80979,1.98464,1.35129,0
3.80988,1.98202,1.36221,0
3.80997,1.98099,1.37426,0
3.81005,1.98399,1.3892,0
3.81014,1.97872,1.39842,0
3.81023,1.97016,1.4053,0
3.81032,1.98511,1.42907,0
3.8104,1.98047,1.4389,0
3.81049,1.98385,1.45462,0
3.81058,1.98713,1.4704,0
3.81066,1.9839,1.48145,0
3.81075,1.97902,1.4913,0
3.81084,1.98125,1.50658,0
3.81093,1.97942,1.51886,0
3.81101,1.9791,1.53238,0
3.8111,1.97476,1.54285,0
3.81119,1.97978,1.56074,0
3.81128,1.98469,1.5787,0
3.81136,1.98325,1.59172,0
3.81145,1.98017,1.60351,0
3.81154,1.9778,1.61593,0
3.81162,1.98539,1.63663,0
3.81171,1.98284,1.64911,0
3.8118,1.97563,1.65775,0
3.81189,1.97754,1.67411,0
3.81197,1.98846,1.69831,0
3.81206,1.98634,1.71154,0
3.81215,1.98489,1.72544,0
3.81224,1.9826,1.73869,0
3.81232,1.98848,1.75926,0
3.81241,1.9875,1.77391,0
3.8125,1.9842,1.78658,0
3.81258,1.98452,1.80262,0
3.81267,1.99286,1.82612,0
3.81276,1.99001,1.83955,0
3.81285,1.98709,1.85299,0
3.81293,1.99574,1.8774,0
3.81302,2.00421,1.90192,0
3.81311,1.98506,1.90028,0
3.8132,1.98394,1.91587,0
3.81328,1.98487,1.93358,0
3.81337,1.97927,1.94502,0
3.81346,1.97787,1.96068,0
3.81354,1.98768,1.98768,0
3.81363,1.98673,2.00414,0
3.81372,1.98287,2.01779,0
3.81381,1.9887,2.04146,0
3.81389,1.98603,2.05659,0
3.81398,1.98741,2.07607,0
3.81407,1.98315,2.0898,0
3.81416,1.9884,2.11373,0
3.81424,1.98257,2.12605,0
3.81433,1.98413,2.14642,0
3.81442,1.9788,2.15949,0
3.8145,1.9781,2.17772,0
3.81459,1.98263,2.20194,0
3.81468,1.98233,2.22101,0
3.81477,1.98322,2.24162,0
3.81485,1.97804,2.25552,0
3.81494,1.97933,2.27696,0
3.81503,1.9857,2.30451,0
3.81512,2.00485,2.34737,0
3.8152,2.09215,2.47135,0
3.81529,2.2369,2.66583,0
3.81538,2.24251,2.69633,0
3.81546,2.23454,2.71072,0
3.81555,2.23535,2.73593,0
3.81564,2.23535,2.76042,0
3.81573,2.22328,2.77015,0
3.81581,2.22611,2.79861,0
3.8159,2.20769,2.80044,0
3.81599,2.19237,2.80611,0
3.81607,2.16358,2.7943,0
3.81616,2.14406,2.79419,0
3.81625,2.13427,2.8067,0
3.81634,2.10515,2.79363,0
3.81642,2.09533,2.80599,0
3.81651,2.06582,2.79179,0
3.8166,2.05184,2.79836,0
3.81669,2.03139,2.79596,0
3.81677,2.01332,2.79668,0
3.81686,1.9953,2.7973,0
3.81695,2.04136,2.88846,0
3.81703,2.02071,2.88587,0
3.81712,1.93856,2.79442,0
3.81721,1.92748,2.8045,0
3.8173,1.90284,2.7947,0
3.81738,1.88839,2.79966,0
3.81747,1.86949,2.7979,0
3.81756,1.85451,2.80186,0
3.81765,1.89106,2.88435,0
3.81773,1.82509,2.81038,0
3.81782,1.79766,2.79477,0
3.81791,1.84616,2.89789,0
3.81799,1.76413,2.79598,0
3.81808,1.8155,2.90541,0
3.81817,1.80649,2.91926,0
3.81826,1.79478,2.92882,0
3.81834,1.59834,2.63398,0
3.81843,1.72177,2.86551,0
3.81852,1.68522,2.8326,0
3.81861,1.51957,2.57972,0
3.81869,1.46145,2.50599,0
3.81878,1.4375,2.48982,0
3.81887,1.42613,2.4952,0
3.81895,1.40882,2.49009,0
3.81904,1.39746,2.49534,0
3.81913,1.38656,2.50141,0
3.81922,1.37034,2.49779,0
3.8193,1.36086,2.50639,0
3.81939,1.36269,2.53608,0
3.81948,1.36851,2.57379,0
3.81957,1.35494,2.57531,0
3.81965,1.35292,2.59894,0
3.81974,1.35485,2.6306,0
3.81983,1.31022,2.57144,0
3.81991,1.29853,2.57624,0
3.82,1.28014,2.56757,0
3.82009,1.27423,2.58389,0
3.82018,1.25199,2.56696,0
3.82026,1.24121,2.57329,0
3.82035,1.22954,2.57778,0
3.82044,1.21657,2.57951,0
3.82053,1.19643,2.56576,0
3.82061,1.19067,2.58276,0
3.8207,1.18022,2.58975,0
3.82079,1.16275,2.5812,0
3.82087,1.15106,2.58533,0
3.82096,1.13051,2.56928,0
3.82105,1.12009,2.57602,0
3.82114,1.10844,2.57997,0
3.82122,1.09288,2.57465,0
3.82131,1.08318,2.58309,0
3.8214,1.06998,2.58317,0
3.82149,1.05226,2.57208,0
3.82157,1.04403,2.58406,0
3.82166,1.03015,2.58209,0
3.82175,1.01814,2.5847,0
3.82183,1.00214,2.577,0
3.82192,0.984795,2.56548,0
3.82201,0.978552,2.58284,0
3.8221,0.965172,2.58147,0
3.82218,0.950784,2.57721,0
3.82227,0.94124,2.58603,0
3.82236,0.928933,2.58729,0
3.82245,0.916968,2.58944,0
3.82253,0.901045,2.5802,0
3.82262,0.890103,2.58505,0
3.82271,0.87528,2.57849,0
3.82279,0.864655,2.58418,0
3.82288,0.851179,2.58128,0
3.82297,0.839908,2.58497,0
3.82306,0.830146,2.59337,0
3.82314,0.815514,2.58648,0
3.82323,0.80511,2.59288,0
3.82332,0.789988,2.58394,0
3.82341,0.783318,2.60268,0
3.82349,0.761445,2.5706,0
3.82358,0.749942,2.57293,0
3.82367,0.740086,2.58099,0
3.82375,0.728818,2.58419,0
3.82384,0.719673,2.59506,0
3.82393,0.703872,2.58177,0
3.82402,0.695188,2.59448,0
3.8241,0.681824,2.58975,0
3.82419,0.669516,2.58883,0
3.82428,0.653537,2.57331,0
3.82437,0.64569,2.58972,0
3.82445,0.63272,2.58571,0
3.82454,0.621899,2.59039,0
3.82463,0.613111,2.60379,0
3.82471,0.597245,2.58695,0
3.8248,0.586835,2.59344,0
3.82489,0.592179,2.67115,0
3.82498,0.579033,2.66686,0
3.82506,0.568846,2.67621,0
3.82515,0.553091,2.65909,0
3.82524,0.54248,2.66638,0
3.82533,0.526549,2.64714,0
3.82541,0.516329,2.65628,0
3.8255,0.507159,2.67128,0
3.82559,0.493312,2.66167,0
3.82567,0.48027,2.65593,0
3.82576,0.470413,2.66784,0
3.82585,0.45826,2.66691,0
3.82594,0.446454,2.6679,0
3.82602,0.435291,2.67279,0
3.82611,0.422686,2.66873,0
3.8262,0.412254,2.67846,0
3.82629,0.400564,2.68023,0
3.82637,0.389439,2.68591,0
3.82646,0.377159,2.68363,0
3.82655,0.363828,2.67336,0
3.82663,0.351768,2.67194,0
3.82672,0.34099,2.6804,0
3.82681,0.328804,2.67789,0
3.8269,0.317234,2.68029,0
3.82698,0.306328,2.68861,0
3.82707,0.295356,2.69687,0
3.82716,0.281077,2.67427,0
3.82725,0.270408,2.68542,0
3.82733,0.256867,2.66766,0
3.82742,0.245499,2.67174,0
3.82751,0.234711,2.68275,0
3.82759,0.222837,2.68176,0
3.82768,0.211761,2.69068,0
3.82777,0.0478,0.643226,0
3.82786,0.0447139,0.639439,0
3.82794,0.0419888,0.640625,0
3.82803,0.0394374,0.644795,0
3.82812,0.0366803,0.645959,0
3.82821,0.0338614,0.646113,0
3.82829,0.0303702,0.632271,0
3.82838,0.0271749,0.622407,0
3.82847,0.0252048,0.641505,0
3.82855,0.0214981,0.615625,0
3.82864,0.0191171,0.625708,0
3.82873,0.0161774,0.617788,0
3.82882,0.0135471,0.620852,0
3.8289,0.0102795,0.58891,0
3.82899,0.00778833,0.594949,0
3.82908,0.00521849,0.597977,0
3.82916,0.00254819,0.583994,0
3.82925,2.19749e-08,0.604,0
3.82934,-0.0025656,0.587994,0
3.82943,-0.00531444,0.608977,0
3.82951,-0.00861293,0.657944,0
3.8296,-0.0113266,0.648901,0
3.82969,-0.013787,0.63185,0
3.82978,-0.01568,0.598795,0
3.82986,-0.0180177,0.589725,0
3.82995,-0.0212189,0.60763,0
3.83004,-0.0235559,0.599537,0
3.83012,-0.0253428,0.580447,0
3.83021,-0.0282111,0.587323,0
3.8303,-0.0315586,0.602174,0
3.83039,-0.034129,0.601032,0
3.83047,-0.037789,0.617845,0
3.83056,-0.0400921,0.611687,0
3.83065,-0.0420631,0.601531,0
3.83074,-0.0449097,0.604334,0
3.83082,-0.0482523,0.613104,0
3.83091,-0.0489396,0.58897,0
3.831,-0.0543852,0.621625,0
3.83108,-0.054901,0.597483,0
3.83117,-0.059041,0.613164,0
3.83126,-0.0620164,0.615886,0
3.83135,-0.0648076,0.616604,0
3.83143,-0.0671708,0.613333,0
3.83152,-0.06962,0.611047,0
3.83161,-0.0735784,0.621661,0
3.8317,-0.0756808,0.616371,0
3.83178,-0.0801363,0.629923,0
3.83187,-0.0824925,0.626593,0
3.83196,-0.0875182,0.643072,0
3.83204,-0.087679,0.623869,0
3.83213,-0.0939876,0.648222,0
3.83222,-0.0947458,0.633959,0
3.83231,-0.0978153,0.635516,0
3.83239,-0.101839,0.642985,0
3.83248,-0.104322,0.640561,0
3.83257,-0.108271,0.647003,0
3.83266,-0.110755,0.644554,0
3.83274,-0.111829,0.634216,0
3.83283,-0.115307,0.637658,0
3.83292,-0.119729,0.645998,0
3.833,-0.120495,0.634663,0
3.83309,-0.124407,0.640021,0
3.83318,-0.124663,0.626722,0
3.83327,-0.127396,0.626172,0
3.83335,-0.130942,0.629526,0
3.83344,-0.134519,0.632861,0
3.83353,-0.136642,0.629337,0
3.83362,-0.140469,0.633616,0
3.8337,-0.143012,0.632022,0
3.83379,-0.145318,0.629443,0
3.83388,-0.147605,0.626856,0
3.83396,-0.150105,0.625234,0
3.83405,-0.155922,0.6372,0
3.83414,-0.156282,0.626811,0
3.83423,-0.159261,0.627092,0
3.83431,-0.162246,0.62736,0
3.8344,-0.168546,0.640184,0
3.83449,-0.167456,0.624954,0
3.83458,-0.173338,0.635795,0
3.83466,-0.17905,0.645632,0
3.83475,-0.191637,0.679493,0
3.83484,-0.19901,0.694031,0
3.83492,-0.203995,0.699876,0
3.83501,-0.210455,0.710485,0
3.8351,-0.216724,0.720094,0
3.83519,-0.221325,0.723923,0
3.83527,-0.221517,0.7134,0
3.83536,-0.224026,0.710519,0
3.83545,-0.22499,0.702868,0
3.83554,-0.237634,0.731362,0
3.83562,-0.236439,0.717023,0
3.83571,-0.239248,0.715036,0
3.8358,-0.251366,0.740499,0
3.83588,-0.260129,0.755469,0
3.83597,-0.271335,0.776985,0
3.83606,-0.275724,0.778622,0
3.83615,-0.278781,0.77647,0
3.83623,-0.276694,0.760211,0
3.83632,-0.278278,0.754306,0
3.83641,-0.275263,0.736224,0
3.8365,-0.277764,0.733146,0
3.83658,-0.279169,0.727259,0
3.83667,-0.278715,0.716714,0
3.83676,-0.278907,0.708048,0
3.83684,-0.278659,0.698465,0
3.83693,-0.28133,0.696315,0
3.83702,-0.287773,0.703411,0
3.83711,-0.303851,0.73356,0
3.83719,-0.304728,0.726694,0
3.83728,-0.30438,0.717073,0
3.83737,-0.30869,0.718495,0
3.83746,-0.305043,0.701551,0
3.83754,-0.303268,0.68923,0
3.83763,-0.301392,0.676937,0
3.83772,-0.292021,0.648263,0
3.8378,-0.265404,0.582375,0
3.83789,-0.270036,0.585752,0
3.83798,-0.291607,0.625352,0
3.83807,-0.300731,0.637641,0
3.83815,-0.305663,0.640836,0
3.83824,-0.306284,0.634992,0
3.83833,-0.30949,0.634549,0
3.83842,-0.306948,0.62243,0
3.8385,-0.281997,0.565599,0
3.83859,-0.276811,0.549182,0
3.83868,-0.286014,0.561334,0
3.83876,-0.290292,0.563637,0
3.83885,-0.29044,0.55793,0
3.83894,-0.28775,0.546922,0
3.83903,-0.292481,0.550076,0
3.83911,-0.288725,0.537343,0
3.8392,-0.28725,0.529048,0
3.83929,-0.293403,0.534803,0
3.83938,-0.293795,0.53002,0
3.83946,-0.29757,0.53135,0
3.83955,-0.294962,0.521343,0
3.83964,-0.302196,0.528733,0
3.83972,-0.3045,0.527409,0
3.83981,-0.306798,0.526076,0
3.8399,-0.312136,0.529902,0
3.83999,-0.3124,0.525097,0
3.84007,-0.306963,0.510872,0
3.84016,-0.277025,0.456523,0
3.84025,-0.259159,0.42291,0
3.84034,-0.265212,0.428578,0
3.84042,-0.269199,0.430808,0
3.84051,-0.27161,0.430475,0
3.8406,-0.284231,0.446154,0
3.84068,-0.283471,0.440704,0
3.84077,-0.280489,0.431915,0
3.84086,-0.29224,0.445741,0
3.84095,-0.29915,0.451966,0
3.84103,-0.300563,0.449825,0
3.84112,-0.299168,0.443535,0
3.84121,-0.300538,0.441399,0
3.84129,-0.306426,0.445852,0
3.84138,-0.311788,0.449441,0
3.84147,-0.314893,0.449715,0
3.84156,-0.309927,0.438537,0
3.84164,-0.307773,0.431481,0
3.84173,-0.308484,0.428511,0
3.84182,-0.309175,0.425543,0
3.84191,-0.309255,0.421771,0
3.84199,-0.315851,0.426848,0
3.84208,-0.315317,0.422261,0
3.84217,-0.309935,0.411297,0
3.84225,-0.311121,0.409145,0
3.84234,-0.303163,0.39509,0
3.84243,-0.301823,0.38981,0
3.84252,-0.307215,0.393217,0
3.8426,-0.264353,0.33533,0
3.84269,-0.273906,0.344348,0
3.84304,-0.0954117,0.115744,0
3.84313,-0.0601073,0.0722711,0
3.84321,-0.072635,0.086563,0
3.8433,-0.0659046,0.0778497,0
3.84339,-0.0785832,0.0920091,0
3.84348,-0.0698453,0.0810595,0
3.84356,-0.0629817,0.0724521,0
3.84365,-0.0718687,0.0819505,0
3.84374,-0.0682499,0.0771424,0
3.84383,-0.0832352,0.0932572,0
3.84391,-0.0608909,0.0676262,0
3.844,-0.0537893,0.0592174,0
3.84409,-0.0614787,0.0670922,0
3.84417,-0.0543041,0.0587458,0
3.84426,-0.0518319,0.0555829,0
3.84435,-0.041111,0.0437023,0
3.84444,-0.042678,0.0449732,0
3.84452,-0.026969,0.0281722,0
3.84461,-0.0395955,0.0410024,0
3.8447,-0.0474498,0.0487085,0
3.84479,-0.0525682,0.0534938,0
3.84487,-0.0183044,0.0184648,0
